2577
3000 3 8577
2999 4 8576
2998 5 8575
2997 6 8574
2996 7 8573
2995 8 8572
2994 9 8571
2993 10 8570
2992 11 8569
2991 12 8568
2990 13 8567
2989 14 8566
2988 15 8565
2987 16 8564
2986 17 8563
2985 18 8562
2984 19 8561
2983 20 8560
2982 21 8559
2981 22 8558
2980 23 8557
2979 24 8556
2978 25 8555
2977 26 8554
2976 27 8553
2975 28 8552
2974 29 8551
2973 30 8550
2972 31 8549
2971 32 8548
2970 33 8547
2969 34 8546
2968 35 8545
2967 36 8544
2966 37 8543
2965 38 8542
2964 39 8541
2963 40 8540
2962 41 8539
2961 42 8538
2960 43 8537
2959 44 8536
2958 45 8535
2957 46 8534
2956 47 8533
2955 48 8532
2954 49 8531
2953 50 8530
2952 51 8529
2951 52 8528
2950 53 8527
2949 54 8526
2948 55 8525
2947 56 8524
2946 57 8523
2945 58 8522
2944 59 8521
2943 60 8520
2942 61 8519
2941 62 8518
2940 63 8517
2939 64 8516
2938 65 8515
2937 66 8514
2936 67 8513
2935 68 8512
2934 69 8511
2933 70 8510
2932 71 8509
2931 72 8508
2930 73 8507
2929 74 8506
2928 75 8505
2927 76 8504
2926 77 8503
2925 78 8502
2924 79 8501
2923 80 8500
2922 81 8499
2921 82 8498
2920 83 8497
2919 84 8496
2918 85 8495
2917 86 8494
2916 87 8493
2915 88 8492
2914 89 8491
2913 90 8490
2912 91 8489
2911 92 8488
2910 93 8487
2909 94 8486
2908 95 8485
2907 96 8484
2906 97 8483
2905 98 8482
2904 99 8481
2903 100 8480
2902 101 8479
2901 102 8478
2900 103 8477
2899 104 8476
2898 105 8475
2897 106 8474
2896 107 8473
2895 108 8472
2894 109 8471
2893 110 8470
2892 111 8469
2891 112 8468
2890 113 8467
2889 114 8466
2888 115 8465
2887 116 8464
2886 117 8463
2885 118 8462
2884 119 8461
2883 120 8460
2882 121 8459
2881 122 8458
2880 123 8457
2879 124 8456
2878 125 8455
2877 126 8454
2876 127 8453
2875 128 8452
2874 129 8451
2873 130 8450
2872 131 8449
2871 132 8448
2870 133 8447
2869 134 8446
2868 135 8445
2867 136 8444
2866 137 8443
2865 138 8442
2864 139 8441
2863 140 8440
2862 141 8439
2861 142 8438
2860 143 8437
2859 144 8436
2858 145 8435
2857 146 8434
2856 147 8433
2855 148 8432
2854 149 8431
2853 150 8430
2852 151 8429
2851 152 8428
2850 153 8427
2849 154 8426
2848 155 8425
2847 156 8424
2846 157 8423
2845 158 8422
2844 159 8421
2843 160 8420
2842 161 8419
2841 162 8418
2840 163 8417
2839 164 8416
2838 165 8415
2837 166 8414
2836 167 8413
2835 168 8412
2834 169 8411
2833 170 8410
2832 171 8409
2831 172 8408
2830 173 8407
2829 174 8406
2828 175 8405
2827 176 8404
2826 177 8403
2825 178 8402
2824 179 8401
2823 180 8400
2822 181 8399
2821 182 8398
2820 183 8397
2819 184 8396
2818 185 8395
2817 186 8394
2816 187 8393
2815 188 8392
2814 189 8391
2813 190 8390
2812 191 8389
2811 192 8388
2810 193 8387
2809 194 8386
2808 195 8385
2807 196 8384
2806 197 8383
2805 198 8382
2804 199 8381
2803 200 8380
2802 201 8379
2801 202 8378
2800 203 8377
2799 204 8376
2798 205 8375
2797 206 8374
2796 207 8373
2795 208 8372
2794 209 8371
2793 210 8370
2792 211 8369
2791 212 8368
2790 213 8367
2789 214 8366
2788 215 8365
2787 216 8364
2786 217 8363
2785 218 8362
2784 219 8361
2783 220 8360
2782 221 8359
2781 222 8358
2780 223 8357
2779 224 8356
2778 225 8355
2777 226 8354
2776 227 8353
2775 228 8352
2774 229 8351
2773 230 8350
2772 231 8349
2771 232 8348
2770 233 8347
2769 234 8346
2768 235 8345
2767 236 8344
2766 237 8343
2765 238 8342
2764 239 8341
2763 240 8340
2762 241 8339
2761 242 8338
2760 243 8337
2759 244 8336
2758 245 8335
2757 246 8334
2756 247 8333
2755 248 8332
2754 249 8331
2753 250 8330
2752 251 8329
2751 252 8328
2750 253 8327
2749 254 8326
2748 255 8325
2747 256 8324
2746 257 8323
2745 258 8322
2744 259 8321
2743 260 8320
2742 261 8319
2741 262 8318
2740 263 8317
2739 264 8316
2738 265 8315
2737 266 8314
2736 267 8313
2735 268 8312
2734 269 8311
2733 270 8310
2732 271 8309
2731 272 8308
2730 273 8307
2729 274 8306
2728 275 8305
2727 276 8304
2726 277 8303
2725 278 8302
2724 279 8301
2723 280 8300
2722 281 8299
2721 282 8298
2720 283 8297
2719 284 8296
2718 285 8295
2717 286 8294
2716 287 8293
2715 288 8292
2714 289 8291
2713 290 8290
2712 291 8289
2711 292 8288
2710 293 8287
2709 294 8286
2708 295 8285
2707 296 8284
2706 297 8283
2705 298 8282
2704 299 8281
2703 300 8280
2702 301 8279
2701 302 8278
2700 303 8277
2699 304 8276
2698 305 8275
2697 306 8274
2696 307 8273
2695 308 8272
2694 309 8271
2693 310 8270
2692 311 8269
2691 312 8268
2690 313 8267
2689 314 8266
2688 315 8265
2687 316 8264
2686 317 8263
2685 318 8262
2684 319 8261
2683 320 8260
2682 321 8259
2681 322 8258
2680 323 8257
2679 324 8256
2678 325 8255
2677 326 8254
2676 327 8253
2675 328 8252
2674 329 8251
2673 330 8250
2672 331 8249
2671 332 8248
2670 333 8247
2669 334 8246
2668 335 8245
2667 336 8244
2666 337 8243
2665 338 8242
2664 339 8241
2663 340 8240
2662 341 8239
2661 342 8238
2660 343 8237
2659 344 8236
2658 345 8235
2657 346 8234
2656 347 8233
2655 348 8232
2654 349 8231
2653 350 8230
2652 351 8229
2651 352 8228
2650 353 8227
2649 354 8226
2648 355 8225
2647 356 8224
2646 357 8223
2645 358 8222
2644 359 8221
2643 360 8220
2642 361 8219
2641 362 8218
2640 363 8217
2639 364 8216
2638 365 8215
2637 366 8214
2636 367 8213
2635 368 8212
2634 369 8211
2633 370 8210
2632 371 8209
2631 372 8208
2630 373 8207
2629 374 8206
2628 375 8205
2627 376 8204
2626 377 8203
2625 378 8202
2624 379 8201
2623 380 8200
2622 381 8199
2621 382 8198
2620 383 8197
2619 384 8196
2618 385 8195
2617 386 8194
2616 387 8193
2615 388 8192
2614 389 8191
2613 390 8190
2612 391 8189
2611 392 8188
2610 393 8187
2609 394 8186
2608 395 8185
2607 396 8184
2606 397 8183
2605 398 8182
2604 399 8181
2603 400 8180
2602 401 8179
2601 402 8178
2600 403 8177
2599 404 8176
2598 405 8175
2597 406 8174
2596 407 8173
2595 408 8172
2594 409 8171
2593 410 8170
2592 411 8169
2591 412 8168
2590 413 8167
2589 414 8166
2588 415 8165
2587 416 8164
2586 417 8163
2585 418 8162
2584 419 8161
2583 420 8160
2582 421 8159
2581 422 8158
2580 423 8157
2579 424 8156
2578 425 8155
2577 426 8154
2576 427 8153
2575 428 8152
2574 429 8151
2573 430 8150
2572 431 8149
2571 432 8148
2570 433 8147
2569 434 8146
2568 435 8145
2567 436 8144
2566 437 8143
2565 438 8142
2564 439 8141
2563 440 8140
2562 441 8139
2561 442 8138
2560 443 8137
2559 444 8136
2558 445 8135
2557 446 8134
2556 447 8133
2555 448 8132
2554 449 8131
2553 450 8130
2552 451 8129
2551 452 8128
2550 453 8127
2549 454 8126
2548 455 8125
2547 456 8124
2546 457 8123
2545 458 8122
2544 459 8121
2543 460 8120
2542 461 8119
2541 462 8118
2540 463 8117
2539 464 8116
2538 465 8115
2537 466 8114
2536 467 8113
2535 468 8112
2534 469 8111
2533 470 8110
2532 471 8109
2531 472 8108
2530 473 8107
2529 474 8106
2528 475 8105
2527 476 8104
2526 477 8103
2525 478 8102
2524 479 8101
2523 480 8100
2522 481 8099
2521 482 8098
2520 483 8097
2519 484 8096
2518 485 8095
2517 486 8094
2516 487 8093
2515 488 8092
2514 489 8091
2513 490 8090
2512 491 8089
2511 492 8088
2510 493 8087
2509 494 8086
2508 495 8085
2507 496 8084
2506 497 8083
2505 498 8082
2504 499 8081
2503 500 8080
2502 501 8079
2501 502 8078
2500 503 8077
2499 504 8076
2498 505 8075
2497 506 8074
2496 507 8073
2495 508 8072
2494 509 8071
2493 510 8070
2492 511 8069
2491 512 8068
2490 513 8067
2489 514 8066
2488 515 8065
2487 516 8064
2486 517 8063
2485 518 8062
2484 519 8061
2483 520 8060
2482 521 8059
2481 522 8058
2480 523 8057
2479 524 8056
2478 525 8055
2477 526 8054
2476 527 8053
2475 528 8052
2474 529 8051
2473 530 8050
2472 531 8049
2471 532 8048
2470 533 8047
2469 534 8046
2468 535 8045
2467 536 8044
2466 537 8043
2465 538 8042
2464 539 8041
2463 540 8040
2462 541 8039
2461 542 8038
2460 543 8037
2459 544 8036
2458 545 8035
2457 546 8034
2456 547 8033
2455 548 8032
2454 549 8031
2453 550 8030
2452 551 8029
2451 552 8028
2450 553 8027
2449 554 8026
2448 555 8025
2447 556 8024
2446 557 8023
2445 558 8022
2444 559 8021
2443 560 8020
2442 561 8019
2441 562 8018
2440 563 8017
2439 564 8016
2438 565 8015
2437 566 8014
2436 567 8013
2435 568 8012
2434 569 8011
2433 570 8010
2432 571 8009
2431 572 8008
2430 573 8007
2429 574 8006
2428 575 8005
2427 576 8004
2426 577 8003
2425 578 8002
2424 579 8001
2423 580 8000
2422 581 7999
2421 582 7998
2420 583 7997
2419 584 7996
2418 585 7995
2417 586 7994
2416 587 7993
2415 588 7992
2414 589 7991
2413 590 7990
2412 591 7989
2411 592 7988
2410 593 7987
2409 594 7986
2408 595 7985
2407 596 7984
2406 597 7983
2405 598 7982
2404 599 7981
2403 600 7980
2402 601 7979
2401 602 7978
2400 603 7977
2399 604 7976
2398 605 7975
2397 606 7974
2396 607 7973
2395 608 7972
2394 609 7971
2393 610 7970
2392 611 7969
2391 612 7968
2390 613 7967
2389 614 7966
2388 615 7965
2387 616 7964
2386 617 7963
2385 618 7962
2384 619 7961
2383 620 7960
2382 621 7959
2381 622 7958
2380 623 7957
2379 624 7956
2378 625 7955
2377 626 7954
2376 627 7953
2375 628 7952
2374 629 7951
2373 630 7950
2372 631 7949
2371 632 7948
2370 633 7947
2369 634 7946
2368 635 7945
2367 636 7944
2366 637 7943
2365 638 7942
2364 639 7941
2363 640 7940
2362 641 7939
2361 642 7938
2360 643 7937
2359 644 7936
2358 645 7935
2357 646 7934
2356 647 7933
2355 648 7932
2354 649 7931
2353 650 7930
2352 651 7929
2351 652 7928
2350 653 7927
2349 654 7926
2348 655 7925
2347 656 7924
2346 657 7923
2345 658 7922
2344 659 7921
2343 660 7920
2342 661 7919
2341 662 7918
2340 663 7917
2339 664 7916
2338 665 7915
2337 666 7914
2336 667 7913
2335 668 7912
2334 669 7911
2333 670 7910
2332 671 7909
2331 672 7908
2330 673 7907
2329 674 7906
2328 675 7905
2327 676 7904
2326 677 7903
2325 678 7902
2324 679 7901
2323 680 7900
2322 681 7899
2321 682 7898
2320 683 7897
2319 684 7896
2318 685 7895
2317 686 7894
2316 687 7893
2315 688 7892
2314 689 7891
2313 690 7890
2312 691 7889
2311 692 7888
2310 693 7887
2309 694 7886
2308 695 7885
2307 696 7884
2306 697 7883
2305 698 7882
2304 699 7881
2303 700 7880
2302 701 7879
2301 702 7878
2300 703 7877
2299 704 7876
2298 705 7875
2297 706 7874
2296 707 7873
2295 708 7872
2294 709 7871
2293 710 7870
2292 711 7869
2291 712 7868
2290 713 7867
2289 714 7866
2288 715 7865
2287 716 7864
2286 717 7863
2285 718 7862
2284 719 7861
2283 720 7860
2282 721 7859
2281 722 7858
2280 723 7857
2279 724 7856
2278 725 7855
2277 726 7854
2276 727 7853
2275 728 7852
2274 729 7851
2273 730 7850
2272 731 7849
2271 732 7848
2270 733 7847
2269 734 7846
2268 735 7845
2267 736 7844
2266 737 7843
2265 738 7842
2264 739 7841
2263 740 7840
2262 741 7839
2261 742 7838
2260 743 7837
2259 744 7836
2258 745 7835
2257 746 7834
2256 747 7833
2255 748 7832
2254 749 7831
2253 750 7830
2252 751 7829
2251 752 7828
2250 753 7827
2249 754 7826
2248 755 7825
2247 756 7824
2246 757 7823
2245 758 7822
2244 759 7821
2243 760 7820
2242 761 7819
2241 762 7818
2240 763 7817
2239 764 7816
2238 765 7815
2237 766 7814
2236 767 7813
2235 768 7812
2234 769 7811
2233 770 7810
2232 771 7809
2231 772 7808
2230 773 7807
2229 774 7806
2228 775 7805
2227 776 7804
2226 777 7803
2225 778 7802
2224 779 7801
2223 780 7800
2222 781 7799
2221 782 7798
2220 783 7797
2219 784 7796
2218 785 7795
2217 786 7794
2216 787 7793
2215 788 7792
2214 789 7791
2213 790 7790
2212 791 7789
2211 792 7788
2210 793 7787
2209 794 7786
2208 795 7785
2207 796 7784
2206 797 7783
2205 798 7782
2204 799 7781
2203 800 7780
2202 801 7779
2201 802 7778
2200 803 7777
2199 804 7776
2198 805 7775
2197 806 7774
2196 807 7773
2195 808 7772
2194 809 7771
2193 810 7770
2192 811 7769
2191 812 7768
2190 813 7767
2189 814 7766
2188 815 7765
2187 816 7764
2186 817 7763
2185 818 7762
2184 819 7761
2183 820 7760
2182 821 7759
2181 822 7758
2180 823 7757
2179 824 7756
2178 825 7755
2177 826 7754
2176 827 7753
2175 828 7752
2174 829 7751
2173 830 7750
2172 831 7749
2171 832 7748
2170 833 7747
2169 834 7746
2168 835 7745
2167 836 7744
2166 837 7743
2165 838 7742
2164 839 7741
2163 840 7740
2162 841 7739
2161 842 7738
2160 843 7737
2159 844 7736
2158 845 7735
2157 846 7734
2156 847 7733
2155 848 7732
2154 849 7731
2153 850 7730
2152 851 7729
2151 852 7728
2150 853 7727
2149 854 7726
2148 855 7725
2147 856 7724
2146 857 7723
2145 858 7722
2144 859 7721
2143 860 7720
2142 861 7719
2141 862 7718
2140 863 7717
2139 864 7716
2138 865 7715
2137 866 7714
2136 867 7713
2135 868 7712
2134 869 7711
2133 870 7710
2132 871 7709
2131 872 7708
2130 873 7707
2129 874 7706
2128 875 7705
2127 876 7704
2126 877 7703
2125 878 7702
2124 879 7701
2123 880 7700
2122 881 7699
2121 882 7698
2120 883 7697
2119 884 7696
2118 885 7695
2117 886 7694
2116 887 7693
2115 888 7692
2114 889 7691
2113 890 7690
2112 891 7689
2111 892 7688
2110 893 7687
2109 894 7686
2108 895 7685
2107 896 7684
2106 897 7683
2105 898 7682
2104 899 7681
2103 900 7680
2102 901 7679
2101 902 7678
2100 903 7677
2099 904 7676
2098 905 7675
2097 906 7674
2096 907 7673
2095 908 7672
2094 909 7671
2093 910 7670
2092 911 7669
2091 912 7668
2090 913 7667
2089 914 7666
2088 915 7665
2087 916 7664
2086 917 7663
2085 918 7662
2084 919 7661
2083 920 7660
2082 921 7659
2081 922 7658
2080 923 7657
2079 924 7656
2078 925 7655
2077 926 7654
2076 927 7653
2075 928 7652
2074 929 7651
2073 930 7650
2072 931 7649
2071 932 7648
2070 933 7647
2069 934 7646
2068 935 7645
2067 936 7644
2066 937 7643
2065 938 7642
2064 939 7641
2063 940 7640
2062 941 7639
2061 942 7638
2060 943 7637
2059 944 7636
2058 945 7635
2057 946 7634
2056 947 7633
2055 948 7632
2054 949 7631
2053 950 7630
2052 951 7629
2051 952 7628
2050 953 7627
2049 954 7626
2048 955 7625
2047 956 7624
2046 957 7623
2045 958 7622
2044 959 7621
2043 960 7620
2042 961 7619
2041 962 7618
2040 963 7617
2039 964 7616
2038 965 7615
2037 966 7614
2036 967 7613
2035 968 7612
2034 969 7611
2033 970 7610
2032 971 7609
2031 972 7608
2030 973 7607
2029 974 7606
2028 975 7605
2027 976 7604
2026 977 7603
2025 978 7602
2024 979 7601
2023 980 7600
2022 981 7599
2021 982 7598
2020 983 7597
2019 984 7596
2018 985 7595
2017 986 7594
2016 987 7593
2015 988 7592
2014 989 7591
2013 990 7590
2012 991 7589
2011 992 7588
2010 993 7587
2009 994 7586
2008 995 7585
2007 996 7584
2006 997 7583
2005 998 7582
2004 999 7581
2003 1000 7580
2002 1001 7579
2001 1002 7578
2000 1003 7577
1999 1004 7576
1998 1005 7575
1997 1006 7574
1996 1007 7573
1995 1008 7572
1994 1009 7571
1993 1010 7570
1992 1011 7569
1991 1012 7568
1990 1013 7567
1989 1014 7566
1988 1015 7565
1987 1016 7564
1986 1017 7563
1985 1018 7562
1984 1019 7561
1983 1020 7560
1982 1021 7559
1981 1022 7558
1980 1023 7557
1979 1024 7556
1978 1025 7555
1977 1026 7554
1976 1027 7553
1975 1028 7552
1974 1029 7551
1973 1030 7550
1972 1031 7549
1971 1032 7548
1970 1033 7547
1969 1034 7546
1968 1035 7545
1967 1036 7544
1966 1037 7543
1965 1038 7542
1964 1039 7541
1963 1040 7540
1962 1041 7539
1961 1042 7538
1960 1043 7537
1959 1044 7536
1958 1045 7535
1957 1046 7534
1956 1047 7533
1955 1048 7532
1954 1049 7531
1953 1050 7530
1952 1051 7529
1951 1052 7528
1950 1053 7527
1949 1054 7526
1948 1055 7525
1947 1056 7524
1946 1057 7523
1945 1058 7522
1944 1059 7521
1943 1060 7520
1942 1061 7519
1941 1062 7518
1940 1063 7517
1939 1064 7516
1938 1065 7515
1937 1066 7514
1936 1067 7513
1935 1068 7512
1934 1069 7511
1933 1070 7510
1932 1071 7509
1931 1072 7508
1930 1073 7507
1929 1074 7506
1928 1075 7505
1927 1076 7504
1926 1077 7503
1925 1078 7502
1924 1079 7501
1923 1080 7500
1922 1081 7499
1921 1082 7498
1920 1083 7497
1919 1084 7496
1918 1085 7495
1917 1086 7494
1916 1087 7493
1915 1088 7492
1914 1089 7491
1913 1090 7490
1912 1091 7489
1911 1092 7488
1910 1093 7487
1909 1094 7486
1908 1095 7485
1907 1096 7484
1906 1097 7483
1905 1098 7482
1904 1099 7481
1903 1100 7480
1902 1101 7479
1901 1102 7478
1900 1103 7477
1899 1104 7476
1898 1105 7475
1897 1106 7474
1896 1107 7473
1895 1108 7472
1894 1109 7471
1893 1110 7470
1892 1111 7469
1891 1112 7468
1890 1113 7467
1889 1114 7466
1888 1115 7465
1887 1116 7464
1886 1117 7463
1885 1118 7462
1884 1119 7461
1883 1120 7460
1882 1121 7459
1881 1122 7458
1880 1123 7457
1879 1124 7456
1878 1125 7455
1877 1126 7454
1876 1127 7453
1875 1128 7452
1874 1129 7451
1873 1130 7450
1872 1131 7449
1871 1132 7448
1870 1133 7447
1869 1134 7446
1868 1135 7445
1867 1136 7444
1866 1137 7443
1865 1138 7442
1864 1139 7441
1863 1140 7440
1862 1141 7439
1861 1142 7438
1860 1143 7437
1859 1144 7436
1858 1145 7435
1857 1146 7434
1856 1147 7433
1855 1148 7432
1854 1149 7431
1853 1150 7430
1852 1151 7429
1851 1152 7428
1850 1153 7427
1849 1154 7426
1848 1155 7425
1847 1156 7424
1846 1157 7423
1845 1158 7422
1844 1159 7421
1843 1160 7420
1842 1161 7419
1841 1162 7418
1840 1163 7417
1839 1164 7416
1838 1165 7415
1837 1166 7414
1836 1167 7413
1835 1168 7412
1834 1169 7411
1833 1170 7410
1832 1171 7409
1831 1172 7408
1830 1173 7407
1829 1174 7406
1828 1175 7405
1827 1176 7404
1826 1177 7403
1825 1178 7402
1824 1179 7401
1823 1180 7400
1822 1181 7399
1821 1182 7398
1820 1183 7397
1819 1184 7396
1818 1185 7395
1817 1186 7394
1816 1187 7393
1815 1188 7392
1814 1189 7391
1813 1190 7390
1812 1191 7389
1811 1192 7388
1810 1193 7387
1809 1194 7386
1808 1195 7385
1807 1196 7384
1806 1197 7383
1805 1198 7382
1804 1199 7381
1803 1200 7380
1802 1201 7379
1801 1202 7378
1800 1203 7377
1799 1204 7376
1798 1205 7375
1797 1206 7374
1796 1207 7373
1795 1208 7372
1794 1209 7371
1793 1210 7370
1792 1211 7369
1791 1212 7368
1790 1213 7367
1789 1214 7366
1788 1215 7365
1787 1216 7364
1786 1217 7363
1785 1218 7362
1784 1219 7361
1783 1220 7360
1782 1221 7359
1781 1222 7358
1780 1223 7357
1779 1224 7356
1778 1225 7355
1777 1226 7354
1776 1227 7353
1775 1228 7352
1774 1229 7351
1773 1230 7350
1772 1231 7349
1771 1232 7348
1770 1233 7347
1769 1234 7346
1768 1235 7345
1767 1236 7344
1766 1237 7343
1765 1238 7342
1764 1239 7341
1763 1240 7340
1762 1241 7339
1761 1242 7338
1760 1243 7337
1759 1244 7336
1758 1245 7335
1757 1246 7334
1756 1247 7333
1755 1248 7332
1754 1249 7331
1753 1250 7330
1752 1251 7329
1751 1252 7328
1750 1253 7327
1749 1254 7326
1748 1255 7325
1747 1256 7324
1746 1257 7323
1745 1258 7322
1744 1259 7321
1743 1260 7320
1742 1261 7319
1741 1262 7318
1740 1263 7317
1739 1264 7316
1738 1265 7315
1737 1266 7314
1736 1267 7313
1735 1268 7312
1734 1269 7311
1733 1270 7310
1732 1271 7309
1731 1272 7308
1730 1273 7307
1729 1274 7306
1728 1275 7305
1727 1276 7304
1726 1277 7303
1725 1278 7302
1724 1279 7301
1723 1280 7300
1722 1281 7299
1721 1282 7298
1720 1283 7297
1719 1284 7296
1718 1285 7295
1717 1286 7294
1716 1287 7293
1715 1288 7292
1714 1289 7291
1713 1290 7290
1712 1291 7289
1711 1292 7288
1710 1293 7287
1709 1294 7286
1708 1295 7285
1707 1296 7284
1706 1297 7283
1705 1298 7282
1704 1299 7281
1703 1300 7280
1702 1301 7279
1701 1302 7278
1700 1303 7277
1699 1304 7276
1698 1305 7275
1697 1306 7274
1696 1307 7273
1695 1308 7272
1694 1309 7271
1693 1310 7270
1692 1311 7269
1691 1312 7268
1690 1313 7267
1689 1314 7266
1688 1315 7265
1687 1316 7264
1686 1317 7263
1685 1318 7262
1684 1319 7261
1683 1320 7260
1682 1321 7259
1681 1322 7258
1680 1323 7257
1679 1324 7256
1678 1325 7255
1677 1326 7254
1676 1327 7253
1675 1328 7252
1674 1329 7251
1673 1330 7250
1672 1331 7249
1671 1332 7248
1670 1333 7247
1669 1334 7246
1668 1335 7245
1667 1336 7244
1666 1337 7243
1665 1338 7242
1664 1339 7241
1663 1340 7240
1662 1341 7239
1661 1342 7238
1660 1343 7237
1659 1344 7236
1658 1345 7235
1657 1346 7234
1656 1347 7233
1655 1348 7232
1654 1349 7231
1653 1350 7230
1652 1351 7229
1651 1352 7228
1650 1353 7227
1649 1354 7226
1648 1355 7225
1647 1356 7224
1646 1357 7223
1645 1358 7222
1644 1359 7221
1643 1360 7220
1642 1361 7219
1641 1362 7218
1640 1363 7217
1639 1364 7216
1638 1365 7215
1637 1366 7214
1636 1367 7213
1635 1368 7212
1634 1369 7211
1633 1370 7210
1632 1371 7209
1631 1372 7208
1630 1373 7207
1629 1374 7206
1628 1375 7205
1627 1376 7204
1626 1377 7203
1625 1378 7202
1624 1379 7201
1623 1380 7200
1622 1381 7199
1621 1382 7198
1620 1383 7197
1619 1384 7196
1618 1385 7195
1617 1386 7194
1616 1387 7193
1615 1388 7192
1614 1389 7191
1613 1390 7190
1612 1391 7189
1611 1392 7188
1610 1393 7187
1609 1394 7186
1608 1395 7185
1607 1396 7184
1606 1397 7183
1605 1398 7182
1604 1399 7181
1603 1400 7180
1602 1401 7179
1601 1402 7178
1600 1403 7177
1599 1404 7176
1598 1405 7175
1597 1406 7174
1596 1407 7173
1595 1408 7172
1594 1409 7171
1593 1410 7170
1592 1411 7169
1591 1412 7168
1590 1413 7167
1589 1414 7166
1588 1415 7165
1587 1416 7164
1586 1417 7163
1585 1418 7162
1584 1419 7161
1583 1420 7160
1582 1421 7159
1581 1422 7158
1580 1423 7157
1579 1424 7156
1578 1425 7155
1577 1426 7154
1576 1427 7153
1575 1428 7152
1574 1429 7151
1573 1430 7150
1572 1431 7149
1571 1432 7148
1570 1433 7147
1569 1434 7146
1568 1435 7145
1567 1436 7144
1566 1437 7143
1565 1438 7142
1564 1439 7141
1563 1440 7140
1562 1441 7139
1561 1442 7138
1560 1443 7137
1559 1444 7136
1558 1445 7135
1557 1446 7134
1556 1447 7133
1555 1448 7132
1554 1449 7131
1553 1450 7130
1552 1451 7129
1551 1452 7128
1550 1453 7127
1549 1454 7126
1548 1455 7125
1547 1456 7124
1546 1457 7123
1545 1458 7122
1544 1459 7121
1543 1460 7120
1542 1461 7119
1541 1462 7118
1540 1463 7117
1539 1464 7116
1538 1465 7115
1537 1466 7114
1536 1467 7113
1535 1468 7112
1534 1469 7111
1533 1470 7110
1532 1471 7109
1531 1472 7108
1530 1473 7107
1529 1474 7106
1528 1475 7105
1527 1476 7104
1526 1477 7103
1525 1478 7102
1524 1479 7101
1523 1480 7100
1522 1481 7099
1521 1482 7098
1520 1483 7097
1519 1484 7096
1518 1485 7095
1517 1486 7094
1516 1487 7093
1515 1488 7092
1514 1489 7091
1513 1490 7090
1512 1491 7089
1511 1492 7088
1510 1493 7087
1509 1494 7086
1508 1495 7085
1507 1496 7084
1506 1497 7083
1505 1498 7082
1504 1499 7081
1503 1500 7080
1502 1501 7079
1501 1502 7078
1500 1503 7077
1499 1504 7076
1498 1505 7075
1497 1506 7074
1496 1507 7073
1495 1508 7072
1494 1509 7071
1493 1510 7070
1492 1511 7069
1491 1512 7068
1490 1513 7067
1489 1514 7066
1488 1515 7065
1487 1516 7064
1486 1517 7063
1485 1518 7062
1484 1519 7061
1483 1520 7060
1482 1521 7059
1481 1522 7058
1480 1523 7057
1479 1524 7056
1478 1525 7055
1477 1526 7054
1476 1527 7053
1475 1528 7052
1474 1529 7051
1473 1530 7050
1472 1531 7049
1471 1532 7048
1470 1533 7047
1469 1534 7046
1468 1535 7045
1467 1536 7044
1466 1537 7043
1465 1538 7042
1464 1539 7041
1463 1540 7040
1462 1541 7039
1461 1542 7038
1460 1543 7037
1459 1544 7036
1458 1545 7035
1457 1546 7034
1456 1547 7033
1455 1548 7032
1454 1549 7031
1453 1550 7030
1452 1551 7029
1451 1552 7028
1450 1553 7027
1449 1554 7026
1448 1555 7025
1447 1556 7024
1446 1557 7023
1445 1558 7022
1444 1559 7021
1443 1560 7020
1442 1561 7019
1441 1562 7018
1440 1563 7017
1439 1564 7016
1438 1565 7015
1437 1566 7014
1436 1567 7013
1435 1568 7012
1434 1569 7011
1433 1570 7010
1432 1571 7009
1431 1572 7008
1430 1573 7007
1429 1574 7006
1428 1575 7005
1427 1576 7004
1426 1577 7003
1425 1578 7002
1424 1579 7001
1423 1580 7000
1422 1581 6999
1421 1582 6998
1420 1583 6997
1419 1584 6996
1418 1585 6995
1417 1586 6994
1416 1587 6993
1415 1588 6992
1414 1589 6991
1413 1590 6990
1412 1591 6989
1411 1592 6988
1410 1593 6987
1409 1594 6986
1408 1595 6985
1407 1596 6984
1406 1597 6983
1405 1598 6982
1404 1599 6981
1403 1600 6980
1402 1601 6979
1401 1602 6978
1400 1603 6977
1399 1604 6976
1398 1605 6975
1397 1606 6974
1396 1607 6973
1395 1608 6972
1394 1609 6971
1393 1610 6970
1392 1611 6969
1391 1612 6968
1390 1613 6967
1389 1614 6966
1388 1615 6965
1387 1616 6964
1386 1617 6963
1385 1618 6962
1384 1619 6961
1383 1620 6960
1382 1621 6959
1381 1622 6958
1380 1623 6957
1379 1624 6956
1378 1625 6955
1377 1626 6954
1376 1627 6953
1375 1628 6952
1374 1629 6951
1373 1630 6950
1372 1631 6949
1371 1632 6948
1370 1633 6947
1369 1634 6946
1368 1635 6945
1367 1636 6944
1366 1637 6943
1365 1638 6942
1364 1639 6941
1363 1640 6940
1362 1641 6939
1361 1642 6938
1360 1643 6937
1359 1644 6936
1358 1645 6935
1357 1646 6934
1356 1647 6933
1355 1648 6932
1354 1649 6931
1353 1650 6930
1352 1651 6929
1351 1652 6928
1350 1653 6927
1349 1654 6926
1348 1655 6925
1347 1656 6924
1346 1657 6923
1345 1658 6922
1344 1659 6921
1343 1660 6920
1342 1661 6919
1341 1662 6918
1340 1663 6917
1339 1664 6916
1338 1665 6915
1337 1666 6914
1336 1667 6913
1335 1668 6912
1334 1669 6911
1333 1670 6910
1332 1671 6909
1331 1672 6908
1330 1673 6907
1329 1674 6906
1328 1675 6905
1327 1676 6904
1326 1677 6903
1325 1678 6902
1324 1679 6901
1323 1680 6900
1322 1681 6899
1321 1682 6898
1320 1683 6897
1319 1684 6896
1318 1685 6895
1317 1686 6894
1316 1687 6893
1315 1688 6892
1314 1689 6891
1313 1690 6890
1312 1691 6889
1311 1692 6888
1310 1693 6887
1309 1694 6886
1308 1695 6885
1307 1696 6884
1306 1697 6883
1305 1698 6882
1304 1699 6881
1303 1700 6880
1302 1701 6879
1301 1702 6878
1300 1703 6877
1299 1704 6876
1298 1705 6875
1297 1706 6874
1296 1707 6873
1295 1708 6872
1294 1709 6871
1293 1710 6870
1292 1711 6869
1291 1712 6868
1290 1713 6867
1289 1714 6866
1288 1715 6865
1287 1716 6864
1286 1717 6863
1285 1718 6862
1284 1719 6861
1283 1720 6860
1282 1721 6859
1281 1722 6858
1280 1723 6857
1279 1724 6856
1278 1725 6855
1277 1726 6854
1276 1727 6853
1275 1728 6852
1274 1729 6851
1273 1730 6850
1272 1731 6849
1271 1732 6848
1270 1733 6847
1269 1734 6846
1268 1735 6845
1267 1736 6844
1266 1737 6843
1265 1738 6842
1264 1739 6841
1263 1740 6840
1262 1741 6839
1261 1742 6838
1260 1743 6837
1259 1744 6836
1258 1745 6835
1257 1746 6834
1256 1747 6833
1255 1748 6832
1254 1749 6831
1253 1750 6830
1252 1751 6829
1251 1752 6828
1250 1753 6827
1249 1754 6826
1248 1755 6825
1247 1756 6824
1246 1757 6823
1245 1758 6822
1244 1759 6821
1243 1760 6820
1242 1761 6819
1241 1762 6818
1240 1763 6817
1239 1764 6816
1238 1765 6815
1237 1766 6814
1236 1767 6813
1235 1768 6812
1234 1769 6811
1233 1770 6810
1232 1771 6809
1231 1772 6808
1230 1773 6807
1229 1774 6806
1228 1775 6805
1227 1776 6804
1226 1777 6803
1225 1778 6802
1224 1779 6801
1223 1780 6800
1222 1781 6799
1221 1782 6798
1220 1783 6797
1219 1784 6796
1218 1785 6795
1217 1786 6794
1216 1787 6793
1215 1788 6792
1214 1789 6791
1213 1790 6790
1212 1791 6789
1211 1792 6788
1210 1793 6787
1209 1794 6786
1208 1795 6785
1207 1796 6784
1206 1797 6783
1205 1798 6782
1204 1799 6781
1203 1800 6780
1202 1801 6779
1201 1802 6778
1200 1803 6777
1199 1804 6776
1198 1805 6775
1197 1806 6774
1196 1807 6773
1195 1808 6772
1194 1809 6771
1193 1810 6770
1192 1811 6769
1191 1812 6768
1190 1813 6767
1189 1814 6766
1188 1815 6765
1187 1816 6764
1186 1817 6763
1185 1818 6762
1184 1819 6761
1183 1820 6760
1182 1821 6759
1181 1822 6758
1180 1823 6757
1179 1824 6756
1178 1825 6755
1177 1826 6754
1176 1827 6753
1175 1828 6752
1174 1829 6751
1173 1830 6750
1172 1831 6749
1171 1832 6748
1170 1833 6747
1169 1834 6746
1168 1835 6745
1167 1836 6744
1166 1837 6743
1165 1838 6742
1164 1839 6741
1163 1840 6740
1162 1841 6739
1161 1842 6738
1160 1843 6737
1159 1844 6736
1158 1845 6735
1157 1846 6734
1156 1847 6733
1155 1848 6732
1154 1849 6731
1153 1850 6730
1152 1851 6729
1151 1852 6728
1150 1853 6727
1149 1854 6726
1148 1855 6725
1147 1856 6724
1146 1857 6723
1145 1858 6722
1144 1859 6721
1143 1860 6720
1142 1861 6719
1141 1862 6718
1140 1863 6717
1139 1864 6716
1138 1865 6715
1137 1866 6714
1136 1867 6713
1135 1868 6712
1134 1869 6711
1133 1870 6710
1132 1871 6709
1131 1872 6708
1130 1873 6707
1129 1874 6706
1128 1875 6705
1127 1876 6704
1126 1877 6703
1125 1878 6702
1124 1879 6701
1123 1880 6700
1122 1881 6699
1121 1882 6698
1120 1883 6697
1119 1884 6696
1118 1885 6695
1117 1886 6694
1116 1887 6693
1115 1888 6692
1114 1889 6691
1113 1890 6690
1112 1891 6689
1111 1892 6688
1110 1893 6687
1109 1894 6686
1108 1895 6685
1107 1896 6684
1106 1897 6683
1105 1898 6682
1104 1899 6681
1103 1900 6680
1102 1901 6679
1101 1902 6678
1100 1903 6677
1099 1904 6676
1098 1905 6675
1097 1906 6674
1096 1907 6673
1095 1908 6672
1094 1909 6671
1093 1910 6670
1092 1911 6669
1091 1912 6668
1090 1913 6667
1089 1914 6666
1088 1915 6665
1087 1916 6664
1086 1917 6663
1085 1918 6662
1084 1919 6661
1083 1920 6660
1082 1921 6659
1081 1922 6658
1080 1923 6657
1079 1924 6656
1078 1925 6655
1077 1926 6654
1076 1927 6653
1075 1928 6652
1074 1929 6651
1073 1930 6650
1072 1931 6649
1071 1932 6648
1070 1933 6647
1069 1934 6646
1068 1935 6645
1067 1936 6644
1066 1937 6643
1065 1938 6642
1064 1939 6641
1063 1940 6640
1062 1941 6639
1061 1942 6638
1060 1943 6637
1059 1944 6636
1058 1945 6635
1057 1946 6634
1056 1947 6633
1055 1948 6632
1054 1949 6631
1053 1950 6630
1052 1951 6629
1051 1952 6628
1050 1953 6627
1049 1954 6626
1048 1955 6625
1047 1956 6624
1046 1957 6623
1045 1958 6622
1044 1959 6621
1043 1960 6620
1042 1961 6619
1041 1962 6618
1040 1963 6617
1039 1964 6616
1038 1965 6615
1037 1966 6614
1036 1967 6613
1035 1968 6612
1034 1969 6611
1033 1970 6610
1032 1971 6609
1031 1972 6608
1030 1973 6607
1029 1974 6606
1028 1975 6605
1027 1976 6604
1026 1977 6603
1025 1978 6602
1024 1979 6601
1023 1980 6600
1022 1981 6599
1021 1982 6598
1020 1983 6597
1019 1984 6596
1018 1985 6595
1017 1986 6594
1016 1987 6593
1015 1988 6592
1014 1989 6591
1013 1990 6590
1012 1991 6589
1011 1992 6588
1010 1993 6587
1009 1994 6586
1008 1995 6585
1007 1996 6584
1006 1997 6583
1005 1998 6582
1004 1999 6581
1003 2000 6580
1002 2001 6579
1001 2002 6578
1000 2003 6577
999 2004 6576
998 2005 6575
997 2006 6574
996 2007 6573
995 2008 6572
994 2009 6571
993 2010 6570
992 2011 6569
991 2012 6568
990 2013 6567
989 2014 6566
988 2015 6565
987 2016 6564
986 2017 6563
985 2018 6562
984 2019 6561
983 2020 6560
982 2021 6559
981 2022 6558
980 2023 6557
979 2024 6556
978 2025 6555
977 2026 6554
976 2027 6553
975 2028 6552
974 2029 6551
973 2030 6550
972 2031 6549
971 2032 6548
970 2033 6547
969 2034 6546
968 2035 6545
967 2036 6544
966 2037 6543
965 2038 6542
964 2039 6541
963 2040 6540
962 2041 6539
961 2042 6538
960 2043 6537
959 2044 6536
958 2045 6535
957 2046 6534
956 2047 6533
955 2048 6532
954 2049 6531
953 2050 6530
952 2051 6529
951 2052 6528
950 2053 6527
949 2054 6526
948 2055 6525
947 2056 6524
946 2057 6523
945 2058 6522
944 2059 6521
943 2060 6520
942 2061 6519
941 2062 6518
940 2063 6517
939 2064 6516
938 2065 6515
937 2066 6514
936 2067 6513
935 2068 6512
934 2069 6511
933 2070 6510
932 2071 6509
931 2072 6508
930 2073 6507
929 2074 6506
928 2075 6505
927 2076 6504
926 2077 6503
925 2078 6502
924 2079 6501
923 2080 6500
922 2081 6499
921 2082 6498
920 2083 6497
919 2084 6496
918 2085 6495
917 2086 6494
916 2087 6493
915 2088 6492
914 2089 6491
913 2090 6490
912 2091 6489
911 2092 6488
910 2093 6487
909 2094 6486
908 2095 6485
907 2096 6484
906 2097 6483
905 2098 6482
904 2099 6481
903 2100 6480
902 2101 6479
901 2102 6478
900 2103 6477
899 2104 6476
898 2105 6475
897 2106 6474
896 2107 6473
895 2108 6472
894 2109 6471
893 2110 6470
892 2111 6469
891 2112 6468
890 2113 6467
889 2114 6466
888 2115 6465
887 2116 6464
886 2117 6463
885 2118 6462
884 2119 6461
883 2120 6460
882 2121 6459
881 2122 6458
880 2123 6457
879 2124 6456
878 2125 6455
877 2126 6454
876 2127 6453
875 2128 6452
874 2129 6451
873 2130 6450
872 2131 6449
871 2132 6448
870 2133 6447
869 2134 6446
868 2135 6445
867 2136 6444
866 2137 6443
865 2138 6442
864 2139 6441
863 2140 6440
862 2141 6439
861 2142 6438
860 2143 6437
859 2144 6436
858 2145 6435
857 2146 6434
856 2147 6433
855 2148 6432
854 2149 6431
853 2150 6430
852 2151 6429
851 2152 6428
850 2153 6427
849 2154 6426
848 2155 6425
847 2156 6424
846 2157 6423
845 2158 6422
844 2159 6421
843 2160 6420
842 2161 6419
841 2162 6418
840 2163 6417
839 2164 6416
838 2165 6415
837 2166 6414
836 2167 6413
835 2168 6412
834 2169 6411
833 2170 6410
832 2171 6409
831 2172 6408
830 2173 6407
829 2174 6406
828 2175 6405
827 2176 6404
826 2177 6403
825 2178 6402
824 2179 6401
823 2180 6400
822 2181 6399
821 2182 6398
820 2183 6397
819 2184 6396
818 2185 6395
817 2186 6394
816 2187 6393
815 2188 6392
814 2189 6391
813 2190 6390
812 2191 6389
811 2192 6388
810 2193 6387
809 2194 6386
808 2195 6385
807 2196 6384
806 2197 6383
805 2198 6382
804 2199 6381
803 2200 6380
802 2201 6379
801 2202 6378
800 2203 6377
799 2204 6376
798 2205 6375
797 2206 6374
796 2207 6373
795 2208 6372
794 2209 6371
793 2210 6370
792 2211 6369
791 2212 6368
790 2213 6367
789 2214 6366
788 2215 6365
787 2216 6364
786 2217 6363
785 2218 6362
784 2219 6361
783 2220 6360
782 2221 6359
781 2222 6358
780 2223 6357
779 2224 6356
778 2225 6355
777 2226 6354
776 2227 6353
775 2228 6352
774 2229 6351
773 2230 6350
772 2231 6349
771 2232 6348
770 2233 6347
769 2234 6346
768 2235 6345
767 2236 6344
766 2237 6343
765 2238 6342
764 2239 6341
763 2240 6340
762 2241 6339
761 2242 6338
760 2243 6337
759 2244 6336
758 2245 6335
757 2246 6334
756 2247 6333
755 2248 6332
754 2249 6331
753 2250 6330
752 2251 6329
751 2252 6328
750 2253 6327
749 2254 6326
748 2255 6325
747 2256 6324
746 2257 6323
745 2258 6322
744 2259 6321
743 2260 6320
742 2261 6319
741 2262 6318
740 2263 6317
739 2264 6316
738 2265 6315
737 2266 6314
736 2267 6313
735 2268 6312
734 2269 6311
733 2270 6310
732 2271 6309
731 2272 6308
730 2273 6307
729 2274 6306
728 2275 6305
727 2276 6304
726 2277 6303
725 2278 6302
724 2279 6301
723 2280 6300
722 2281 6299
721 2282 6298
720 2283 6297
719 2284 6296
718 2285 6295
717 2286 6294
716 2287 6293
715 2288 6292
714 2289 6291
713 2290 6290
712 2291 6289
711 2292 6288
710 2293 6287
709 2294 6286
708 2295 6285
707 2296 6284
706 2297 6283
705 2298 6282
704 2299 6281
703 2300 6280
702 2301 6279
701 2302 6278
700 2303 6277
699 2304 6276
698 2305 6275
697 2306 6274
696 2307 6273
695 2308 6272
694 2309 6271
693 2310 6270
692 2311 6269
691 2312 6268
690 2313 6267
689 2314 6266
688 2315 6265
687 2316 6264
686 2317 6263
685 2318 6262
684 2319 6261
683 2320 6260
682 2321 6259
681 2322 6258
680 2323 6257
679 2324 6256
678 2325 6255
677 2326 6254
676 2327 6253
675 2328 6252
674 2329 6251
673 2330 6250
672 2331 6249
671 2332 6248
670 2333 6247
669 2334 6246
668 2335 6245
667 2336 6244
666 2337 6243
665 2338 6242
664 2339 6241
663 2340 6240
662 2341 6239
661 2342 6238
660 2343 6237
659 2344 6236
658 2345 6235
657 2346 6234
656 2347 6233
655 2348 6232
654 2349 6231
653 2350 6230
652 2351 6229
651 2352 6228
650 2353 6227
649 2354 6226
648 2355 6225
647 2356 6224
646 2357 6223
645 2358 6222
644 2359 6221
643 2360 6220
642 2361 6219
641 2362 6218
640 2363 6217
639 2364 6216
638 2365 6215
637 2366 6214
636 2367 6213
635 2368 6212
634 2369 6211
633 2370 6210
632 2371 6209
631 2372 6208
630 2373 6207
629 2374 6206
628 2375 6205
627 2376 6204
626 2377 6203
625 2378 6202
624 2379 6201
623 2380 6200
622 2381 6199
621 2382 6198
620 2383 6197
619 2384 6196
618 2385 6195
617 2386 6194
616 2387 6193
615 2388 6192
614 2389 6191
613 2390 6190
612 2391 6189
611 2392 6188
610 2393 6187
609 2394 6186
608 2395 6185
607 2396 6184
606 2397 6183
605 2398 6182
604 2399 6181
603 2400 6180
602 2401 6179
601 2402 6178
600 2403 6177
599 2404 6176
598 2405 6175
597 2406 6174
596 2407 6173
595 2408 6172
594 2409 6171
593 2410 6170
592 2411 6169
591 2412 6168
590 2413 6167
589 2414 6166
588 2415 6165
587 2416 6164
586 2417 6163
585 2418 6162
584 2419 6161
583 2420 6160
582 2421 6159
581 2422 6158
580 2423 6157
579 2424 6156
578 2425 6155
577 2426 6154
576 2427 6153
575 2428 6152
574 2429 6151
573 2430 6150
572 2431 6149
571 2432 6148
570 2433 6147
569 2434 6146
568 2435 6145
567 2436 6144
566 2437 6143
565 2438 6142
564 2439 6141
563 2440 6140
562 2441 6139
561 2442 6138
560 2443 6137
559 2444 6136
558 2445 6135
557 2446 6134
556 2447 6133
555 2448 6132
554 2449 6131
553 2450 6130
552 2451 6129
551 2452 6128
550 2453 6127
549 2454 6126
548 2455 6125
547 2456 6124
546 2457 6123
545 2458 6122
544 2459 6121
543 2460 6120
542 2461 6119
541 2462 6118
540 2463 6117
539 2464 6116
538 2465 6115
537 2466 6114
536 2467 6113
535 2468 6112
534 2469 6111
533 2470 6110
532 2471 6109
531 2472 6108
530 2473 6107
529 2474 6106
528 2475 6105
527 2476 6104
526 2477 6103
525 2478 6102
524 2479 6101
523 2480 6100
522 2481 6099
521 2482 6098
520 2483 6097
519 2484 6096
518 2485 6095
517 2486 6094
516 2487 6093
515 2488 6092
514 2489 6091
513 2490 6090
512 2491 6089
511 2492 6088
510 2493 6087
509 2494 6086
508 2495 6085
507 2496 6084
506 2497 6083
505 2498 6082
504 2499 6081
503 2500 6080
502 2501 6079
501 2502 6078
500 2503 6077
499 2504 6076
498 2505 6075
497 2506 6074
496 2507 6073
495 2508 6072
494 2509 6071
493 2510 6070
492 2511 6069
491 2512 6068
490 2513 6067
489 2514 6066
488 2515 6065
487 2516 6064
486 2517 6063
485 2518 6062
484 2519 6061
483 2520 6060
482 2521 6059
481 2522 6058
480 2523 6057
479 2524 6056
478 2525 6055
477 2526 6054
476 2527 6053
475 2528 6052
474 2529 6051
473 2530 6050
472 2531 6049
471 2532 6048
470 2533 6047
469 2534 6046
468 2535 6045
467 2536 6044
466 2537 6043
465 2538 6042
464 2539 6041
463 2540 6040
462 2541 6039
461 2542 6038
460 2543 6037
459 2544 6036
458 2545 6035
457 2546 6034
456 2547 6033
455 2548 6032
454 2549 6031
453 2550 6030
452 2551 6029
451 2552 6028
450 2553 6027
449 2554 6026
448 2555 6025
447 2556 6024
446 2557 6023
445 2558 6022
444 2559 6021
443 2560 6020
442 2561 6019
441 2562 6018
440 2563 6017
439 2564 6016
438 2565 6015
437 2566 6014
436 2567 6013
435 2568 6012
434 2569 6011
433 2570 6010
432 2571 6009
431 2572 6008
430 2573 6007
429 2574 6006
428 2575 6005
427 2576 6004
426 2577 6003
425 2578 6002
424 2579 6001
