931
3000 3 6931
2999 4 6930
2998 5 6929
2997 6 6928
2996 7 6927
2995 8 6926
2994 9 6925
2993 10 6924
2992 11 6923
2991 12 6922
2990 13 6921
2989 14 6920
2988 15 6919
2987 16 6918
2986 17 6917
2985 18 6916
2984 19 6915
2983 20 6914
2982 21 6913
2981 22 6912
2980 23 6911
2979 24 6910
2978 25 6909
2977 26 6908
2976 27 6907
2975 28 6906
2974 29 6905
2973 30 6904
2972 31 6903
2971 32 6902
2970 33 6901
2969 34 6900
2968 35 6899
2967 36 6898
2966 37 6897
2965 38 6896
2964 39 6895
2963 40 6894
2962 41 6893
2961 42 6892
2960 43 6891
2959 44 6890
2958 45 6889
2957 46 6888
2956 47 6887
2955 48 6886
2954 49 6885
2953 50 6884
2952 51 6883
2951 52 6882
2950 53 6881
2949 54 6880
2948 55 6879
2947 56 6878
2946 57 6877
2945 58 6876
2944 59 6875
2943 60 6874
2942 61 6873
2941 62 6872
2940 63 6871
2939 64 6870
2938 65 6869
2937 66 6868
2936 67 6867
2935 68 6866
2934 69 6865
2933 70 6864
2932 71 6863
2931 72 6862
2930 73 6861
2929 74 6860
2928 75 6859
2927 76 6858
2926 77 6857
2925 78 6856
2924 79 6855
2923 80 6854
2922 81 6853
2921 82 6852
2920 83 6851
2919 84 6850
2918 85 6849
2917 86 6848
2916 87 6847
2915 88 6846
2914 89 6845
2913 90 6844
2912 91 6843
2911 92 6842
2910 93 6841
2909 94 6840
2908 95 6839
2907 96 6838
2906 97 6837
2905 98 6836
2904 99 6835
2903 100 6834
2902 101 6833
2901 102 6832
2900 103 6831
2899 104 6830
2898 105 6829
2897 106 6828
2896 107 6827
2895 108 6826
2894 109 6825
2893 110 6824
2892 111 6823
2891 112 6822
2890 113 6821
2889 114 6820
2888 115 6819
2887 116 6818
2886 117 6817
2885 118 6816
2884 119 6815
2883 120 6814
2882 121 6813
2881 122 6812
2880 123 6811
2879 124 6810
2878 125 6809
2877 126 6808
2876 127 6807
2875 128 6806
2874 129 6805
2873 130 6804
2872 131 6803
2871 132 6802
2870 133 6801
2869 134 6800
2868 135 6799
2867 136 6798
2866 137 6797
2865 138 6796
2864 139 6795
2863 140 6794
2862 141 6793
2861 142 6792
2860 143 6791
2859 144 6790
2858 145 6789
2857 146 6788
2856 147 6787
2855 148 6786
2854 149 6785
2853 150 6784
2852 151 6783
2851 152 6782
2850 153 6781
2849 154 6780
2848 155 6779
2847 156 6778
2846 157 6777
2845 158 6776
2844 159 6775
2843 160 6774
2842 161 6773
2841 162 6772
2840 163 6771
2839 164 6770
2838 165 6769
2837 166 6768
2836 167 6767
2835 168 6766
2834 169 6765
2833 170 6764
2832 171 6763
2831 172 6762
2830 173 6761
2829 174 6760
2828 175 6759
2827 176 6758
2826 177 6757
2825 178 6756
2824 179 6755
2823 180 6754
2822 181 6753
2821 182 6752
2820 183 6751
2819 184 6750
2818 185 6749
2817 186 6748
2816 187 6747
2815 188 6746
2814 189 6745
2813 190 6744
2812 191 6743
2811 192 6742
2810 193 6741
2809 194 6740
2808 195 6739
2807 196 6738
2806 197 6737
2805 198 6736
2804 199 6735
2803 200 6734
2802 201 6733
2801 202 6732
2800 203 6731
2799 204 6730
2798 205 6729
2797 206 6728
2796 207 6727
2795 208 6726
2794 209 6725
2793 210 6724
2792 211 6723
2791 212 6722
2790 213 6721
2789 214 6720
2788 215 6719
2787 216 6718
2786 217 6717
2785 218 6716
2784 219 6715
2783 220 6714
2782 221 6713
2781 222 6712
2780 223 6711
2779 224 6710
2778 225 6709
2777 226 6708
2776 227 6707
2775 228 6706
2774 229 6705
2773 230 6704
2772 231 6703
2771 232 6702
2770 233 6701
2769 234 6700
2768 235 6699
2767 236 6698
2766 237 6697
2765 238 6696
2764 239 6695
2763 240 6694
2762 241 6693
2761 242 6692
2760 243 6691
2759 244 6690
2758 245 6689
2757 246 6688
2756 247 6687
2755 248 6686
2754 249 6685
2753 250 6684
2752 251 6683
2751 252 6682
2750 253 6681
2749 254 6680
2748 255 6679
2747 256 6678
2746 257 6677
2745 258 6676
2744 259 6675
2743 260 6674
2742 261 6673
2741 262 6672
2740 263 6671
2739 264 6670
2738 265 6669
2737 266 6668
2736 267 6667
2735 268 6666
2734 269 6665
2733 270 6664
2732 271 6663
2731 272 6662
2730 273 6661
2729 274 6660
2728 275 6659
2727 276 6658
2726 277 6657
2725 278 6656
2724 279 6655
2723 280 6654
2722 281 6653
2721 282 6652
2720 283 6651
2719 284 6650
2718 285 6649
2717 286 6648
2716 287 6647
2715 288 6646
2714 289 6645
2713 290 6644
2712 291 6643
2711 292 6642
2710 293 6641
2709 294 6640
2708 295 6639
2707 296 6638
2706 297 6637
2705 298 6636
2704 299 6635
2703 300 6634
2702 301 6633
2701 302 6632
2700 303 6631
2699 304 6630
2698 305 6629
2697 306 6628
2696 307 6627
2695 308 6626
2694 309 6625
2693 310 6624
2692 311 6623
2691 312 6622
2690 313 6621
2689 314 6620
2688 315 6619
2687 316 6618
2686 317 6617
2685 318 6616
2684 319 6615
2683 320 6614
2682 321 6613
2681 322 6612
2680 323 6611
2679 324 6610
2678 325 6609
2677 326 6608
2676 327 6607
2675 328 6606
2674 329 6605
2673 330 6604
2672 331 6603
2671 332 6602
2670 333 6601
2669 334 6600
2668 335 6599
2667 336 6598
2666 337 6597
2665 338 6596
2664 339 6595
2663 340 6594
2662 341 6593
2661 342 6592
2660 343 6591
2659 344 6590
2658 345 6589
2657 346 6588
2656 347 6587
2655 348 6586
2654 349 6585
2653 350 6584
2652 351 6583
2651 352 6582
2650 353 6581
2649 354 6580
2648 355 6579
2647 356 6578
2646 357 6577
2645 358 6576
2644 359 6575
2643 360 6574
2642 361 6573
2641 362 6572
2640 363 6571
2639 364 6570
2638 365 6569
2637 366 6568
2636 367 6567
2635 368 6566
2634 369 6565
2633 370 6564
2632 371 6563
2631 372 6562
2630 373 6561
2629 374 6560
2628 375 6559
2627 376 6558
2626 377 6557
2625 378 6556
2624 379 6555
2623 380 6554
2622 381 6553
2621 382 6552
2620 383 6551
2619 384 6550
2618 385 6549
2617 386 6548
2616 387 6547
2615 388 6546
2614 389 6545
2613 390 6544
2612 391 6543
2611 392 6542
2610 393 6541
2609 394 6540
2608 395 6539
2607 396 6538
2606 397 6537
2605 398 6536
2604 399 6535
2603 400 6534
2602 401 6533
2601 402 6532
2600 403 6531
2599 404 6530
2598 405 6529
2597 406 6528
2596 407 6527
2595 408 6526
2594 409 6525
2593 410 6524
2592 411 6523
2591 412 6522
2590 413 6521
2589 414 6520
2588 415 6519
2587 416 6518
2586 417 6517
2585 418 6516
2584 419 6515
2583 420 6514
2582 421 6513
2581 422 6512
2580 423 6511
2579 424 6510
2578 425 6509
2577 426 6508
2576 427 6507
2575 428 6506
2574 429 6505
2573 430 6504
2572 431 6503
2571 432 6502
2570 433 6501
2569 434 6500
2568 435 6499
2567 436 6498
2566 437 6497
2565 438 6496
2564 439 6495
2563 440 6494
2562 441 6493
2561 442 6492
2560 443 6491
2559 444 6490
2558 445 6489
2557 446 6488
2556 447 6487
2555 448 6486
2554 449 6485
2553 450 6484
2552 451 6483
2551 452 6482
2550 453 6481
2549 454 6480
2548 455 6479
2547 456 6478
2546 457 6477
2545 458 6476
2544 459 6475
2543 460 6474
2542 461 6473
2541 462 6472
2540 463 6471
2539 464 6470
2538 465 6469
2537 466 6468
2536 467 6467
2535 468 6466
2534 469 6465
2533 470 6464
2532 471 6463
2531 472 6462
2530 473 6461
2529 474 6460
2528 475 6459
2527 476 6458
2526 477 6457
2525 478 6456
2524 479 6455
2523 480 6454
2522 481 6453
2521 482 6452
2520 483 6451
2519 484 6450
2518 485 6449
2517 486 6448
2516 487 6447
2515 488 6446
2514 489 6445
2513 490 6444
2512 491 6443
2511 492 6442
2510 493 6441
2509 494 6440
2508 495 6439
2507 496 6438
2506 497 6437
2505 498 6436
2504 499 6435
2503 500 6434
2502 501 6433
2501 502 6432
2500 503 6431
2499 504 6430
2498 505 6429
2497 506 6428
2496 507 6427
2495 508 6426
2494 509 6425
2493 510 6424
2492 511 6423
2491 512 6422
2490 513 6421
2489 514 6420
2488 515 6419
2487 516 6418
2486 517 6417
2485 518 6416
2484 519 6415
2483 520 6414
2482 521 6413
2481 522 6412
2480 523 6411
2479 524 6410
2478 525 6409
2477 526 6408
2476 527 6407
2475 528 6406
2474 529 6405
2473 530 6404
2472 531 6403
2471 532 6402
2470 533 6401
2469 534 6400
2468 535 6399
2467 536 6398
2466 537 6397
2465 538 6396
2464 539 6395
2463 540 6394
2462 541 6393
2461 542 6392
2460 543 6391
2459 544 6390
2458 545 6389
2457 546 6388
2456 547 6387
2455 548 6386
2454 549 6385
2453 550 6384
2452 551 6383
2451 552 6382
2450 553 6381
2449 554 6380
2448 555 6379
2447 556 6378
2446 557 6377
2445 558 6376
2444 559 6375
2443 560 6374
2442 561 6373
2441 562 6372
2440 563 6371
2439 564 6370
2438 565 6369
2437 566 6368
2436 567 6367
2435 568 6366
2434 569 6365
2433 570 6364
2432 571 6363
2431 572 6362
2430 573 6361
2429 574 6360
2428 575 6359
2427 576 6358
2426 577 6357
2425 578 6356
2424 579 6355
2423 580 6354
2422 581 6353
2421 582 6352
2420 583 6351
2419 584 6350
2418 585 6349
2417 586 6348
2416 587 6347
2415 588 6346
2414 589 6345
2413 590 6344
2412 591 6343
2411 592 6342
2410 593 6341
2409 594 6340
2408 595 6339
2407 596 6338
2406 597 6337
2405 598 6336
2404 599 6335
2403 600 6334
2402 601 6333
2401 602 6332
2400 603 6331
2399 604 6330
2398 605 6329
2397 606 6328
2396 607 6327
2395 608 6326
2394 609 6325
2393 610 6324
2392 611 6323
2391 612 6322
2390 613 6321
2389 614 6320
2388 615 6319
2387 616 6318
2386 617 6317
2385 618 6316
2384 619 6315
2383 620 6314
2382 621 6313
2381 622 6312
2380 623 6311
2379 624 6310
2378 625 6309
2377 626 6308
2376 627 6307
2375 628 6306
2374 629 6305
2373 630 6304
2372 631 6303
2371 632 6302
2370 633 6301
2369 634 6300
2368 635 6299
2367 636 6298
2366 637 6297
2365 638 6296
2364 639 6295
2363 640 6294
2362 641 6293
2361 642 6292
2360 643 6291
2359 644 6290
2358 645 6289
2357 646 6288
2356 647 6287
2355 648 6286
2354 649 6285
2353 650 6284
2352 651 6283
2351 652 6282
2350 653 6281
2349 654 6280
2348 655 6279
2347 656 6278
2346 657 6277
2345 658 6276
2344 659 6275
2343 660 6274
2342 661 6273
2341 662 6272
2340 663 6271
2339 664 6270
2338 665 6269
2337 666 6268
2336 667 6267
2335 668 6266
2334 669 6265
2333 670 6264
2332 671 6263
2331 672 6262
2330 673 6261
2329 674 6260
2328 675 6259
2327 676 6258
2326 677 6257
2325 678 6256
2324 679 6255
2323 680 6254
2322 681 6253
2321 682 6252
2320 683 6251
2319 684 6250
2318 685 6249
2317 686 6248
2316 687 6247
2315 688 6246
2314 689 6245
2313 690 6244
2312 691 6243
2311 692 6242
2310 693 6241
2309 694 6240
2308 695 6239
2307 696 6238
2306 697 6237
2305 698 6236
2304 699 6235
2303 700 6234
2302 701 6233
2301 702 6232
2300 703 6231
2299 704 6230
2298 705 6229
2297 706 6228
2296 707 6227
2295 708 6226
2294 709 6225
2293 710 6224
2292 711 6223
2291 712 6222
2290 713 6221
2289 714 6220
2288 715 6219
2287 716 6218
2286 717 6217
2285 718 6216
2284 719 6215
2283 720 6214
2282 721 6213
2281 722 6212
2280 723 6211
2279 724 6210
2278 725 6209
2277 726 6208
2276 727 6207
2275 728 6206
2274 729 6205
2273 730 6204
2272 731 6203
2271 732 6202
2270 733 6201
2269 734 6200
2268 735 6199
2267 736 6198
2266 737 6197
2265 738 6196
2264 739 6195
2263 740 6194
2262 741 6193
2261 742 6192
2260 743 6191
2259 744 6190
2258 745 6189
2257 746 6188
2256 747 6187
2255 748 6186
2254 749 6185
2253 750 6184
2252 751 6183
2251 752 6182
2250 753 6181
2249 754 6180
2248 755 6179
2247 756 6178
2246 757 6177
2245 758 6176
2244 759 6175
2243 760 6174
2242 761 6173
2241 762 6172
2240 763 6171
2239 764 6170
2238 765 6169
2237 766 6168
2236 767 6167
2235 768 6166
2234 769 6165
2233 770 6164
2232 771 6163
2231 772 6162
2230 773 6161
2229 774 6160
2228 775 6159
2227 776 6158
2226 777 6157
2225 778 6156
2224 779 6155
2223 780 6154
2222 781 6153
2221 782 6152
2220 783 6151
2219 784 6150
2218 785 6149
2217 786 6148
2216 787 6147
2215 788 6146
2214 789 6145
2213 790 6144
2212 791 6143
2211 792 6142
2210 793 6141
2209 794 6140
2208 795 6139
2207 796 6138
2206 797 6137
2205 798 6136
2204 799 6135
2203 800 6134
2202 801 6133
2201 802 6132
2200 803 6131
2199 804 6130
2198 805 6129
2197 806 6128
2196 807 6127
2195 808 6126
2194 809 6125
2193 810 6124
2192 811 6123
2191 812 6122
2190 813 6121
2189 814 6120
2188 815 6119
2187 816 6118
2186 817 6117
2185 818 6116
2184 819 6115
2183 820 6114
2182 821 6113
2181 822 6112
2180 823 6111
2179 824 6110
2178 825 6109
2177 826 6108
2176 827 6107
2175 828 6106
2174 829 6105
2173 830 6104
2172 831 6103
2171 832 6102
2170 833 6101
2169 834 6100
2168 835 6099
2167 836 6098
2166 837 6097
2165 838 6096
2164 839 6095
2163 840 6094
2162 841 6093
2161 842 6092
2160 843 6091
2159 844 6090
2158 845 6089
2157 846 6088
2156 847 6087
2155 848 6086
2154 849 6085
2153 850 6084
2152 851 6083
2151 852 6082
2150 853 6081
2149 854 6080
2148 855 6079
2147 856 6078
2146 857 6077
2145 858 6076
2144 859 6075
2143 860 6074
2142 861 6073
2141 862 6072
2140 863 6071
2139 864 6070
2138 865 6069
2137 866 6068
2136 867 6067
2135 868 6066
2134 869 6065
2133 870 6064
2132 871 6063
2131 872 6062
2130 873 6061
2129 874 6060
2128 875 6059
2127 876 6058
2126 877 6057
2125 878 6056
2124 879 6055
2123 880 6054
2122 881 6053
2121 882 6052
2120 883 6051
2119 884 6050
2118 885 6049
2117 886 6048
2116 887 6047
2115 888 6046
2114 889 6045
2113 890 6044
2112 891 6043
2111 892 6042
2110 893 6041
2109 894 6040
2108 895 6039
2107 896 6038
2106 897 6037
2105 898 6036
2104 899 6035
2103 900 6034
2102 901 6033
2101 902 6032
2100 903 6031
2099 904 6030
2098 905 6029
2097 906 6028
2096 907 6027
2095 908 6026
2094 909 6025
2093 910 6024
2092 911 6023
2091 912 6022
2090 913 6021
2089 914 6020
2088 915 6019
2087 916 6018
2086 917 6017
2085 918 6016
2084 919 6015
2083 920 6014
2082 921 6013
2081 922 6012
2080 923 6011
2079 924 6010
2078 925 6009
2077 926 6008
2076 927 6007
2075 928 6006
2074 929 6005
2073 930 6004
2072 931 6003
2071 932 6002
2070 933 6001
