2012
3000 3 8012
2999 4 8011
2998 5 8010
2997 6 8009
2996 7 8008
2995 8 8007
2994 9 8006
2993 10 8005
2992 11 8004
2991 12 8003
2990 13 8002
2989 14 8001
2988 15 8000
2987 16 7999
2986 17 7998
2985 18 7997
2984 19 7996
2983 20 7995
2982 21 7994
2981 22 7993
2980 23 7992
2979 24 7991
2978 25 7990
2977 26 7989
2976 27 7988
2975 28 7987
2974 29 7986
2973 30 7985
2972 31 7984
2971 32 7983
2970 33 7982
2969 34 7981
2968 35 7980
2967 36 7979
2966 37 7978
2965 38 7977
2964 39 7976
2963 40 7975
2962 41 7974
2961 42 7973
2960 43 7972
2959 44 7971
2958 45 7970
2957 46 7969
2956 47 7968
2955 48 7967
2954 49 7966
2953 50 7965
2952 51 7964
2951 52 7963
2950 53 7962
2949 54 7961
2948 55 7960
2947 56 7959
2946 57 7958
2945 58 7957
2944 59 7956
2943 60 7955
2942 61 7954
2941 62 7953
2940 63 7952
2939 64 7951
2938 65 7950
2937 66 7949
2936 67 7948
2935 68 7947
2934 69 7946
2933 70 7945
2932 71 7944
2931 72 7943
2930 73 7942
2929 74 7941
2928 75 7940
2927 76 7939
2926 77 7938
2925 78 7937
2924 79 7936
2923 80 7935
2922 81 7934
2921 82 7933
2920 83 7932
2919 84 7931
2918 85 7930
2917 86 7929
2916 87 7928
2915 88 7927
2914 89 7926
2913 90 7925
2912 91 7924
2911 92 7923
2910 93 7922
2909 94 7921
2908 95 7920
2907 96 7919
2906 97 7918
2905 98 7917
2904 99 7916
2903 100 7915
2902 101 7914
2901 102 7913
2900 103 7912
2899 104 7911
2898 105 7910
2897 106 7909
2896 107 7908
2895 108 7907
2894 109 7906
2893 110 7905
2892 111 7904
2891 112 7903
2890 113 7902
2889 114 7901
2888 115 7900
2887 116 7899
2886 117 7898
2885 118 7897
2884 119 7896
2883 120 7895
2882 121 7894
2881 122 7893
2880 123 7892
2879 124 7891
2878 125 7890
2877 126 7889
2876 127 7888
2875 128 7887
2874 129 7886
2873 130 7885
2872 131 7884
2871 132 7883
2870 133 7882
2869 134 7881
2868 135 7880
2867 136 7879
2866 137 7878
2865 138 7877
2864 139 7876
2863 140 7875
2862 141 7874
2861 142 7873
2860 143 7872
2859 144 7871
2858 145 7870
2857 146 7869
2856 147 7868
2855 148 7867
2854 149 7866
2853 150 7865
2852 151 7864
2851 152 7863
2850 153 7862
2849 154 7861
2848 155 7860
2847 156 7859
2846 157 7858
2845 158 7857
2844 159 7856
2843 160 7855
2842 161 7854
2841 162 7853
2840 163 7852
2839 164 7851
2838 165 7850
2837 166 7849
2836 167 7848
2835 168 7847
2834 169 7846
2833 170 7845
2832 171 7844
2831 172 7843
2830 173 7842
2829 174 7841
2828 175 7840
2827 176 7839
2826 177 7838
2825 178 7837
2824 179 7836
2823 180 7835
2822 181 7834
2821 182 7833
2820 183 7832
2819 184 7831
2818 185 7830
2817 186 7829
2816 187 7828
2815 188 7827
2814 189 7826
2813 190 7825
2812 191 7824
2811 192 7823
2810 193 7822
2809 194 7821
2808 195 7820
2807 196 7819
2806 197 7818
2805 198 7817
2804 199 7816
2803 200 7815
2802 201 7814
2801 202 7813
2800 203 7812
2799 204 7811
2798 205 7810
2797 206 7809
2796 207 7808
2795 208 7807
2794 209 7806
2793 210 7805
2792 211 7804
2791 212 7803
2790 213 7802
2789 214 7801
2788 215 7800
2787 216 7799
2786 217 7798
2785 218 7797
2784 219 7796
2783 220 7795
2782 221 7794
2781 222 7793
2780 223 7792
2779 224 7791
2778 225 7790
2777 226 7789
2776 227 7788
2775 228 7787
2774 229 7786
2773 230 7785
2772 231 7784
2771 232 7783
2770 233 7782
2769 234 7781
2768 235 7780
2767 236 7779
2766 237 7778
2765 238 7777
2764 239 7776
2763 240 7775
2762 241 7774
2761 242 7773
2760 243 7772
2759 244 7771
2758 245 7770
2757 246 7769
2756 247 7768
2755 248 7767
2754 249 7766
2753 250 7765
2752 251 7764
2751 252 7763
2750 253 7762
2749 254 7761
2748 255 7760
2747 256 7759
2746 257 7758
2745 258 7757
2744 259 7756
2743 260 7755
2742 261 7754
2741 262 7753
2740 263 7752
2739 264 7751
2738 265 7750
2737 266 7749
2736 267 7748
2735 268 7747
2734 269 7746
2733 270 7745
2732 271 7744
2731 272 7743
2730 273 7742
2729 274 7741
2728 275 7740
2727 276 7739
2726 277 7738
2725 278 7737
2724 279 7736
2723 280 7735
2722 281 7734
2721 282 7733
2720 283 7732
2719 284 7731
2718 285 7730
2717 286 7729
2716 287 7728
2715 288 7727
2714 289 7726
2713 290 7725
2712 291 7724
2711 292 7723
2710 293 7722
2709 294 7721
2708 295 7720
2707 296 7719
2706 297 7718
2705 298 7717
2704 299 7716
2703 300 7715
2702 301 7714
2701 302 7713
2700 303 7712
2699 304 7711
2698 305 7710
2697 306 7709
2696 307 7708
2695 308 7707
2694 309 7706
2693 310 7705
2692 311 7704
2691 312 7703
2690 313 7702
2689 314 7701
2688 315 7700
2687 316 7699
2686 317 7698
2685 318 7697
2684 319 7696
2683 320 7695
2682 321 7694
2681 322 7693
2680 323 7692
2679 324 7691
2678 325 7690
2677 326 7689
2676 327 7688
2675 328 7687
2674 329 7686
2673 330 7685
2672 331 7684
2671 332 7683
2670 333 7682
2669 334 7681
2668 335 7680
2667 336 7679
2666 337 7678
2665 338 7677
2664 339 7676
2663 340 7675
2662 341 7674
2661 342 7673
2660 343 7672
2659 344 7671
2658 345 7670
2657 346 7669
2656 347 7668
2655 348 7667
2654 349 7666
2653 350 7665
2652 351 7664
2651 352 7663
2650 353 7662
2649 354 7661
2648 355 7660
2647 356 7659
2646 357 7658
2645 358 7657
2644 359 7656
2643 360 7655
2642 361 7654
2641 362 7653
2640 363 7652
2639 364 7651
2638 365 7650
2637 366 7649
2636 367 7648
2635 368 7647
2634 369 7646
2633 370 7645
2632 371 7644
2631 372 7643
2630 373 7642
2629 374 7641
2628 375 7640
2627 376 7639
2626 377 7638
2625 378 7637
2624 379 7636
2623 380 7635
2622 381 7634
2621 382 7633
2620 383 7632
2619 384 7631
2618 385 7630
2617 386 7629
2616 387 7628
2615 388 7627
2614 389 7626
2613 390 7625
2612 391 7624
2611 392 7623
2610 393 7622
2609 394 7621
2608 395 7620
2607 396 7619
2606 397 7618
2605 398 7617
2604 399 7616
2603 400 7615
2602 401 7614
2601 402 7613
2600 403 7612
2599 404 7611
2598 405 7610
2597 406 7609
2596 407 7608
2595 408 7607
2594 409 7606
2593 410 7605
2592 411 7604
2591 412 7603
2590 413 7602
2589 414 7601
2588 415 7600
2587 416 7599
2586 417 7598
2585 418 7597
2584 419 7596
2583 420 7595
2582 421 7594
2581 422 7593
2580 423 7592
2579 424 7591
2578 425 7590
2577 426 7589
2576 427 7588
2575 428 7587
2574 429 7586
2573 430 7585
2572 431 7584
2571 432 7583
2570 433 7582
2569 434 7581
2568 435 7580
2567 436 7579
2566 437 7578
2565 438 7577
2564 439 7576
2563 440 7575
2562 441 7574
2561 442 7573
2560 443 7572
2559 444 7571
2558 445 7570
2557 446 7569
2556 447 7568
2555 448 7567
2554 449 7566
2553 450 7565
2552 451 7564
2551 452 7563
2550 453 7562
2549 454 7561
2548 455 7560
2547 456 7559
2546 457 7558
2545 458 7557
2544 459 7556
2543 460 7555
2542 461 7554
2541 462 7553
2540 463 7552
2539 464 7551
2538 465 7550
2537 466 7549
2536 467 7548
2535 468 7547
2534 469 7546
2533 470 7545
2532 471 7544
2531 472 7543
2530 473 7542
2529 474 7541
2528 475 7540
2527 476 7539
2526 477 7538
2525 478 7537
2524 479 7536
2523 480 7535
2522 481 7534
2521 482 7533
2520 483 7532
2519 484 7531
2518 485 7530
2517 486 7529
2516 487 7528
2515 488 7527
2514 489 7526
2513 490 7525
2512 491 7524
2511 492 7523
2510 493 7522
2509 494 7521
2508 495 7520
2507 496 7519
2506 497 7518
2505 498 7517
2504 499 7516
2503 500 7515
2502 501 7514
2501 502 7513
2500 503 7512
2499 504 7511
2498 505 7510
2497 506 7509
2496 507 7508
2495 508 7507
2494 509 7506
2493 510 7505
2492 511 7504
2491 512 7503
2490 513 7502
2489 514 7501
2488 515 7500
2487 516 7499
2486 517 7498
2485 518 7497
2484 519 7496
2483 520 7495
2482 521 7494
2481 522 7493
2480 523 7492
2479 524 7491
2478 525 7490
2477 526 7489
2476 527 7488
2475 528 7487
2474 529 7486
2473 530 7485
2472 531 7484
2471 532 7483
2470 533 7482
2469 534 7481
2468 535 7480
2467 536 7479
2466 537 7478
2465 538 7477
2464 539 7476
2463 540 7475
2462 541 7474
2461 542 7473
2460 543 7472
2459 544 7471
2458 545 7470
2457 546 7469
2456 547 7468
2455 548 7467
2454 549 7466
2453 550 7465
2452 551 7464
2451 552 7463
2450 553 7462
2449 554 7461
2448 555 7460
2447 556 7459
2446 557 7458
2445 558 7457
2444 559 7456
2443 560 7455
2442 561 7454
2441 562 7453
2440 563 7452
2439 564 7451
2438 565 7450
2437 566 7449
2436 567 7448
2435 568 7447
2434 569 7446
2433 570 7445
2432 571 7444
2431 572 7443
2430 573 7442
2429 574 7441
2428 575 7440
2427 576 7439
2426 577 7438
2425 578 7437
2424 579 7436
2423 580 7435
2422 581 7434
2421 582 7433
2420 583 7432
2419 584 7431
2418 585 7430
2417 586 7429
2416 587 7428
2415 588 7427
2414 589 7426
2413 590 7425
2412 591 7424
2411 592 7423
2410 593 7422
2409 594 7421
2408 595 7420
2407 596 7419
2406 597 7418
2405 598 7417
2404 599 7416
2403 600 7415
2402 601 7414
2401 602 7413
2400 603 7412
2399 604 7411
2398 605 7410
2397 606 7409
2396 607 7408
2395 608 7407
2394 609 7406
2393 610 7405
2392 611 7404
2391 612 7403
2390 613 7402
2389 614 7401
2388 615 7400
2387 616 7399
2386 617 7398
2385 618 7397
2384 619 7396
2383 620 7395
2382 621 7394
2381 622 7393
2380 623 7392
2379 624 7391
2378 625 7390
2377 626 7389
2376 627 7388
2375 628 7387
2374 629 7386
2373 630 7385
2372 631 7384
2371 632 7383
2370 633 7382
2369 634 7381
2368 635 7380
2367 636 7379
2366 637 7378
2365 638 7377
2364 639 7376
2363 640 7375
2362 641 7374
2361 642 7373
2360 643 7372
2359 644 7371
2358 645 7370
2357 646 7369
2356 647 7368
2355 648 7367
2354 649 7366
2353 650 7365
2352 651 7364
2351 652 7363
2350 653 7362
2349 654 7361
2348 655 7360
2347 656 7359
2346 657 7358
2345 658 7357
2344 659 7356
2343 660 7355
2342 661 7354
2341 662 7353
2340 663 7352
2339 664 7351
2338 665 7350
2337 666 7349
2336 667 7348
2335 668 7347
2334 669 7346
2333 670 7345
2332 671 7344
2331 672 7343
2330 673 7342
2329 674 7341
2328 675 7340
2327 676 7339
2326 677 7338
2325 678 7337
2324 679 7336
2323 680 7335
2322 681 7334
2321 682 7333
2320 683 7332
2319 684 7331
2318 685 7330
2317 686 7329
2316 687 7328
2315 688 7327
2314 689 7326
2313 690 7325
2312 691 7324
2311 692 7323
2310 693 7322
2309 694 7321
2308 695 7320
2307 696 7319
2306 697 7318
2305 698 7317
2304 699 7316
2303 700 7315
2302 701 7314
2301 702 7313
2300 703 7312
2299 704 7311
2298 705 7310
2297 706 7309
2296 707 7308
2295 708 7307
2294 709 7306
2293 710 7305
2292 711 7304
2291 712 7303
2290 713 7302
2289 714 7301
2288 715 7300
2287 716 7299
2286 717 7298
2285 718 7297
2284 719 7296
2283 720 7295
2282 721 7294
2281 722 7293
2280 723 7292
2279 724 7291
2278 725 7290
2277 726 7289
2276 727 7288
2275 728 7287
2274 729 7286
2273 730 7285
2272 731 7284
2271 732 7283
2270 733 7282
2269 734 7281
2268 735 7280
2267 736 7279
2266 737 7278
2265 738 7277
2264 739 7276
2263 740 7275
2262 741 7274
2261 742 7273
2260 743 7272
2259 744 7271
2258 745 7270
2257 746 7269
2256 747 7268
2255 748 7267
2254 749 7266
2253 750 7265
2252 751 7264
2251 752 7263
2250 753 7262
2249 754 7261
2248 755 7260
2247 756 7259
2246 757 7258
2245 758 7257
2244 759 7256
2243 760 7255
2242 761 7254
2241 762 7253
2240 763 7252
2239 764 7251
2238 765 7250
2237 766 7249
2236 767 7248
2235 768 7247
2234 769 7246
2233 770 7245
2232 771 7244
2231 772 7243
2230 773 7242
2229 774 7241
2228 775 7240
2227 776 7239
2226 777 7238
2225 778 7237
2224 779 7236
2223 780 7235
2222 781 7234
2221 782 7233
2220 783 7232
2219 784 7231
2218 785 7230
2217 786 7229
2216 787 7228
2215 788 7227
2214 789 7226
2213 790 7225
2212 791 7224
2211 792 7223
2210 793 7222
2209 794 7221
2208 795 7220
2207 796 7219
2206 797 7218
2205 798 7217
2204 799 7216
2203 800 7215
2202 801 7214
2201 802 7213
2200 803 7212
2199 804 7211
2198 805 7210
2197 806 7209
2196 807 7208
2195 808 7207
2194 809 7206
2193 810 7205
2192 811 7204
2191 812 7203
2190 813 7202
2189 814 7201
2188 815 7200
2187 816 7199
2186 817 7198
2185 818 7197
2184 819 7196
2183 820 7195
2182 821 7194
2181 822 7193
2180 823 7192
2179 824 7191
2178 825 7190
2177 826 7189
2176 827 7188
2175 828 7187
2174 829 7186
2173 830 7185
2172 831 7184
2171 832 7183
2170 833 7182
2169 834 7181
2168 835 7180
2167 836 7179
2166 837 7178
2165 838 7177
2164 839 7176
2163 840 7175
2162 841 7174
2161 842 7173
2160 843 7172
2159 844 7171
2158 845 7170
2157 846 7169
2156 847 7168
2155 848 7167
2154 849 7166
2153 850 7165
2152 851 7164
2151 852 7163
2150 853 7162
2149 854 7161
2148 855 7160
2147 856 7159
2146 857 7158
2145 858 7157
2144 859 7156
2143 860 7155
2142 861 7154
2141 862 7153
2140 863 7152
2139 864 7151
2138 865 7150
2137 866 7149
2136 867 7148
2135 868 7147
2134 869 7146
2133 870 7145
2132 871 7144
2131 872 7143
2130 873 7142
2129 874 7141
2128 875 7140
2127 876 7139
2126 877 7138
2125 878 7137
2124 879 7136
2123 880 7135
2122 881 7134
2121 882 7133
2120 883 7132
2119 884 7131
2118 885 7130
2117 886 7129
2116 887 7128
2115 888 7127
2114 889 7126
2113 890 7125
2112 891 7124
2111 892 7123
2110 893 7122
2109 894 7121
2108 895 7120
2107 896 7119
2106 897 7118
2105 898 7117
2104 899 7116
2103 900 7115
2102 901 7114
2101 902 7113
2100 903 7112
2099 904 7111
2098 905 7110
2097 906 7109
2096 907 7108
2095 908 7107
2094 909 7106
2093 910 7105
2092 911 7104
2091 912 7103
2090 913 7102
2089 914 7101
2088 915 7100
2087 916 7099
2086 917 7098
2085 918 7097
2084 919 7096
2083 920 7095
2082 921 7094
2081 922 7093
2080 923 7092
2079 924 7091
2078 925 7090
2077 926 7089
2076 927 7088
2075 928 7087
2074 929 7086
2073 930 7085
2072 931 7084
2071 932 7083
2070 933 7082
2069 934 7081
2068 935 7080
2067 936 7079
2066 937 7078
2065 938 7077
2064 939 7076
2063 940 7075
2062 941 7074
2061 942 7073
2060 943 7072
2059 944 7071
2058 945 7070
2057 946 7069
2056 947 7068
2055 948 7067
2054 949 7066
2053 950 7065
2052 951 7064
2051 952 7063
2050 953 7062
2049 954 7061
2048 955 7060
2047 956 7059
2046 957 7058
2045 958 7057
2044 959 7056
2043 960 7055
2042 961 7054
2041 962 7053
2040 963 7052
2039 964 7051
2038 965 7050
2037 966 7049
2036 967 7048
2035 968 7047
2034 969 7046
2033 970 7045
2032 971 7044
2031 972 7043
2030 973 7042
2029 974 7041
2028 975 7040
2027 976 7039
2026 977 7038
2025 978 7037
2024 979 7036
2023 980 7035
2022 981 7034
2021 982 7033
2020 983 7032
2019 984 7031
2018 985 7030
2017 986 7029
2016 987 7028
2015 988 7027
2014 989 7026
2013 990 7025
2012 991 7024
2011 992 7023
2010 993 7022
2009 994 7021
2008 995 7020
2007 996 7019
2006 997 7018
2005 998 7017
2004 999 7016
2003 1000 7015
2002 1001 7014
2001 1002 7013
2000 1003 7012
1999 1004 7011
1998 1005 7010
1997 1006 7009
1996 1007 7008
1995 1008 7007
1994 1009 7006
1993 1010 7005
1992 1011 7004
1991 1012 7003
1990 1013 7002
1989 1014 7001
1988 1015 7000
1987 1016 6999
1986 1017 6998
1985 1018 6997
1984 1019 6996
1983 1020 6995
1982 1021 6994
1981 1022 6993
1980 1023 6992
1979 1024 6991
1978 1025 6990
1977 1026 6989
1976 1027 6988
1975 1028 6987
1974 1029 6986
1973 1030 6985
1972 1031 6984
1971 1032 6983
1970 1033 6982
1969 1034 6981
1968 1035 6980
1967 1036 6979
1966 1037 6978
1965 1038 6977
1964 1039 6976
1963 1040 6975
1962 1041 6974
1961 1042 6973
1960 1043 6972
1959 1044 6971
1958 1045 6970
1957 1046 6969
1956 1047 6968
1955 1048 6967
1954 1049 6966
1953 1050 6965
1952 1051 6964
1951 1052 6963
1950 1053 6962
1949 1054 6961
1948 1055 6960
1947 1056 6959
1946 1057 6958
1945 1058 6957
1944 1059 6956
1943 1060 6955
1942 1061 6954
1941 1062 6953
1940 1063 6952
1939 1064 6951
1938 1065 6950
1937 1066 6949
1936 1067 6948
1935 1068 6947
1934 1069 6946
1933 1070 6945
1932 1071 6944
1931 1072 6943
1930 1073 6942
1929 1074 6941
1928 1075 6940
1927 1076 6939
1926 1077 6938
1925 1078 6937
1924 1079 6936
1923 1080 6935
1922 1081 6934
1921 1082 6933
1920 1083 6932
1919 1084 6931
1918 1085 6930
1917 1086 6929
1916 1087 6928
1915 1088 6927
1914 1089 6926
1913 1090 6925
1912 1091 6924
1911 1092 6923
1910 1093 6922
1909 1094 6921
1908 1095 6920
1907 1096 6919
1906 1097 6918
1905 1098 6917
1904 1099 6916
1903 1100 6915
1902 1101 6914
1901 1102 6913
1900 1103 6912
1899 1104 6911
1898 1105 6910
1897 1106 6909
1896 1107 6908
1895 1108 6907
1894 1109 6906
1893 1110 6905
1892 1111 6904
1891 1112 6903
1890 1113 6902
1889 1114 6901
1888 1115 6900
1887 1116 6899
1886 1117 6898
1885 1118 6897
1884 1119 6896
1883 1120 6895
1882 1121 6894
1881 1122 6893
1880 1123 6892
1879 1124 6891
1878 1125 6890
1877 1126 6889
1876 1127 6888
1875 1128 6887
1874 1129 6886
1873 1130 6885
1872 1131 6884
1871 1132 6883
1870 1133 6882
1869 1134 6881
1868 1135 6880
1867 1136 6879
1866 1137 6878
1865 1138 6877
1864 1139 6876
1863 1140 6875
1862 1141 6874
1861 1142 6873
1860 1143 6872
1859 1144 6871
1858 1145 6870
1857 1146 6869
1856 1147 6868
1855 1148 6867
1854 1149 6866
1853 1150 6865
1852 1151 6864
1851 1152 6863
1850 1153 6862
1849 1154 6861
1848 1155 6860
1847 1156 6859
1846 1157 6858
1845 1158 6857
1844 1159 6856
1843 1160 6855
1842 1161 6854
1841 1162 6853
1840 1163 6852
1839 1164 6851
1838 1165 6850
1837 1166 6849
1836 1167 6848
1835 1168 6847
1834 1169 6846
1833 1170 6845
1832 1171 6844
1831 1172 6843
1830 1173 6842
1829 1174 6841
1828 1175 6840
1827 1176 6839
1826 1177 6838
1825 1178 6837
1824 1179 6836
1823 1180 6835
1822 1181 6834
1821 1182 6833
1820 1183 6832
1819 1184 6831
1818 1185 6830
1817 1186 6829
1816 1187 6828
1815 1188 6827
1814 1189 6826
1813 1190 6825
1812 1191 6824
1811 1192 6823
1810 1193 6822
1809 1194 6821
1808 1195 6820
1807 1196 6819
1806 1197 6818
1805 1198 6817
1804 1199 6816
1803 1200 6815
1802 1201 6814
1801 1202 6813
1800 1203 6812
1799 1204 6811
1798 1205 6810
1797 1206 6809
1796 1207 6808
1795 1208 6807
1794 1209 6806
1793 1210 6805
1792 1211 6804
1791 1212 6803
1790 1213 6802
1789 1214 6801
1788 1215 6800
1787 1216 6799
1786 1217 6798
1785 1218 6797
1784 1219 6796
1783 1220 6795
1782 1221 6794
1781 1222 6793
1780 1223 6792
1779 1224 6791
1778 1225 6790
1777 1226 6789
1776 1227 6788
1775 1228 6787
1774 1229 6786
1773 1230 6785
1772 1231 6784
1771 1232 6783
1770 1233 6782
1769 1234 6781
1768 1235 6780
1767 1236 6779
1766 1237 6778
1765 1238 6777
1764 1239 6776
1763 1240 6775
1762 1241 6774
1761 1242 6773
1760 1243 6772
1759 1244 6771
1758 1245 6770
1757 1246 6769
1756 1247 6768
1755 1248 6767
1754 1249 6766
1753 1250 6765
1752 1251 6764
1751 1252 6763
1750 1253 6762
1749 1254 6761
1748 1255 6760
1747 1256 6759
1746 1257 6758
1745 1258 6757
1744 1259 6756
1743 1260 6755
1742 1261 6754
1741 1262 6753
1740 1263 6752
1739 1264 6751
1738 1265 6750
1737 1266 6749
1736 1267 6748
1735 1268 6747
1734 1269 6746
1733 1270 6745
1732 1271 6744
1731 1272 6743
1730 1273 6742
1729 1274 6741
1728 1275 6740
1727 1276 6739
1726 1277 6738
1725 1278 6737
1724 1279 6736
1723 1280 6735
1722 1281 6734
1721 1282 6733
1720 1283 6732
1719 1284 6731
1718 1285 6730
1717 1286 6729
1716 1287 6728
1715 1288 6727
1714 1289 6726
1713 1290 6725
1712 1291 6724
1711 1292 6723
1710 1293 6722
1709 1294 6721
1708 1295 6720
1707 1296 6719
1706 1297 6718
1705 1298 6717
1704 1299 6716
1703 1300 6715
1702 1301 6714
1701 1302 6713
1700 1303 6712
1699 1304 6711
1698 1305 6710
1697 1306 6709
1696 1307 6708
1695 1308 6707
1694 1309 6706
1693 1310 6705
1692 1311 6704
1691 1312 6703
1690 1313 6702
1689 1314 6701
1688 1315 6700
1687 1316 6699
1686 1317 6698
1685 1318 6697
1684 1319 6696
1683 1320 6695
1682 1321 6694
1681 1322 6693
1680 1323 6692
1679 1324 6691
1678 1325 6690
1677 1326 6689
1676 1327 6688
1675 1328 6687
1674 1329 6686
1673 1330 6685
1672 1331 6684
1671 1332 6683
1670 1333 6682
1669 1334 6681
1668 1335 6680
1667 1336 6679
1666 1337 6678
1665 1338 6677
1664 1339 6676
1663 1340 6675
1662 1341 6674
1661 1342 6673
1660 1343 6672
1659 1344 6671
1658 1345 6670
1657 1346 6669
1656 1347 6668
1655 1348 6667
1654 1349 6666
1653 1350 6665
1652 1351 6664
1651 1352 6663
1650 1353 6662
1649 1354 6661
1648 1355 6660
1647 1356 6659
1646 1357 6658
1645 1358 6657
1644 1359 6656
1643 1360 6655
1642 1361 6654
1641 1362 6653
1640 1363 6652
1639 1364 6651
1638 1365 6650
1637 1366 6649
1636 1367 6648
1635 1368 6647
1634 1369 6646
1633 1370 6645
1632 1371 6644
1631 1372 6643
1630 1373 6642
1629 1374 6641
1628 1375 6640
1627 1376 6639
1626 1377 6638
1625 1378 6637
1624 1379 6636
1623 1380 6635
1622 1381 6634
1621 1382 6633
1620 1383 6632
1619 1384 6631
1618 1385 6630
1617 1386 6629
1616 1387 6628
1615 1388 6627
1614 1389 6626
1613 1390 6625
1612 1391 6624
1611 1392 6623
1610 1393 6622
1609 1394 6621
1608 1395 6620
1607 1396 6619
1606 1397 6618
1605 1398 6617
1604 1399 6616
1603 1400 6615
1602 1401 6614
1601 1402 6613
1600 1403 6612
1599 1404 6611
1598 1405 6610
1597 1406 6609
1596 1407 6608
1595 1408 6607
1594 1409 6606
1593 1410 6605
1592 1411 6604
1591 1412 6603
1590 1413 6602
1589 1414 6601
1588 1415 6600
1587 1416 6599
1586 1417 6598
1585 1418 6597
1584 1419 6596
1583 1420 6595
1582 1421 6594
1581 1422 6593
1580 1423 6592
1579 1424 6591
1578 1425 6590
1577 1426 6589
1576 1427 6588
1575 1428 6587
1574 1429 6586
1573 1430 6585
1572 1431 6584
1571 1432 6583
1570 1433 6582
1569 1434 6581
1568 1435 6580
1567 1436 6579
1566 1437 6578
1565 1438 6577
1564 1439 6576
1563 1440 6575
1562 1441 6574
1561 1442 6573
1560 1443 6572
1559 1444 6571
1558 1445 6570
1557 1446 6569
1556 1447 6568
1555 1448 6567
1554 1449 6566
1553 1450 6565
1552 1451 6564
1551 1452 6563
1550 1453 6562
1549 1454 6561
1548 1455 6560
1547 1456 6559
1546 1457 6558
1545 1458 6557
1544 1459 6556
1543 1460 6555
1542 1461 6554
1541 1462 6553
1540 1463 6552
1539 1464 6551
1538 1465 6550
1537 1466 6549
1536 1467 6548
1535 1468 6547
1534 1469 6546
1533 1470 6545
1532 1471 6544
1531 1472 6543
1530 1473 6542
1529 1474 6541
1528 1475 6540
1527 1476 6539
1526 1477 6538
1525 1478 6537
1524 1479 6536
1523 1480 6535
1522 1481 6534
1521 1482 6533
1520 1483 6532
1519 1484 6531
1518 1485 6530
1517 1486 6529
1516 1487 6528
1515 1488 6527
1514 1489 6526
1513 1490 6525
1512 1491 6524
1511 1492 6523
1510 1493 6522
1509 1494 6521
1508 1495 6520
1507 1496 6519
1506 1497 6518
1505 1498 6517
1504 1499 6516
1503 1500 6515
1502 1501 6514
1501 1502 6513
1500 1503 6512
1499 1504 6511
1498 1505 6510
1497 1506 6509
1496 1507 6508
1495 1508 6507
1494 1509 6506
1493 1510 6505
1492 1511 6504
1491 1512 6503
1490 1513 6502
1489 1514 6501
1488 1515 6500
1487 1516 6499
1486 1517 6498
1485 1518 6497
1484 1519 6496
1483 1520 6495
1482 1521 6494
1481 1522 6493
1480 1523 6492
1479 1524 6491
1478 1525 6490
1477 1526 6489
1476 1527 6488
1475 1528 6487
1474 1529 6486
1473 1530 6485
1472 1531 6484
1471 1532 6483
1470 1533 6482
1469 1534 6481
1468 1535 6480
1467 1536 6479
1466 1537 6478
1465 1538 6477
1464 1539 6476
1463 1540 6475
1462 1541 6474
1461 1542 6473
1460 1543 6472
1459 1544 6471
1458 1545 6470
1457 1546 6469
1456 1547 6468
1455 1548 6467
1454 1549 6466
1453 1550 6465
1452 1551 6464
1451 1552 6463
1450 1553 6462
1449 1554 6461
1448 1555 6460
1447 1556 6459
1446 1557 6458
1445 1558 6457
1444 1559 6456
1443 1560 6455
1442 1561 6454
1441 1562 6453
1440 1563 6452
1439 1564 6451
1438 1565 6450
1437 1566 6449
1436 1567 6448
1435 1568 6447
1434 1569 6446
1433 1570 6445
1432 1571 6444
1431 1572 6443
1430 1573 6442
1429 1574 6441
1428 1575 6440
1427 1576 6439
1426 1577 6438
1425 1578 6437
1424 1579 6436
1423 1580 6435
1422 1581 6434
1421 1582 6433
1420 1583 6432
1419 1584 6431
1418 1585 6430
1417 1586 6429
1416 1587 6428
1415 1588 6427
1414 1589 6426
1413 1590 6425
1412 1591 6424
1411 1592 6423
1410 1593 6422
1409 1594 6421
1408 1595 6420
1407 1596 6419
1406 1597 6418
1405 1598 6417
1404 1599 6416
1403 1600 6415
1402 1601 6414
1401 1602 6413
1400 1603 6412
1399 1604 6411
1398 1605 6410
1397 1606 6409
1396 1607 6408
1395 1608 6407
1394 1609 6406
1393 1610 6405
1392 1611 6404
1391 1612 6403
1390 1613 6402
1389 1614 6401
1388 1615 6400
1387 1616 6399
1386 1617 6398
1385 1618 6397
1384 1619 6396
1383 1620 6395
1382 1621 6394
1381 1622 6393
1380 1623 6392
1379 1624 6391
1378 1625 6390
1377 1626 6389
1376 1627 6388
1375 1628 6387
1374 1629 6386
1373 1630 6385
1372 1631 6384
1371 1632 6383
1370 1633 6382
1369 1634 6381
1368 1635 6380
1367 1636 6379
1366 1637 6378
1365 1638 6377
1364 1639 6376
1363 1640 6375
1362 1641 6374
1361 1642 6373
1360 1643 6372
1359 1644 6371
1358 1645 6370
1357 1646 6369
1356 1647 6368
1355 1648 6367
1354 1649 6366
1353 1650 6365
1352 1651 6364
1351 1652 6363
1350 1653 6362
1349 1654 6361
1348 1655 6360
1347 1656 6359
1346 1657 6358
1345 1658 6357
1344 1659 6356
1343 1660 6355
1342 1661 6354
1341 1662 6353
1340 1663 6352
1339 1664 6351
1338 1665 6350
1337 1666 6349
1336 1667 6348
1335 1668 6347
1334 1669 6346
1333 1670 6345
1332 1671 6344
1331 1672 6343
1330 1673 6342
1329 1674 6341
1328 1675 6340
1327 1676 6339
1326 1677 6338
1325 1678 6337
1324 1679 6336
1323 1680 6335
1322 1681 6334
1321 1682 6333
1320 1683 6332
1319 1684 6331
1318 1685 6330
1317 1686 6329
1316 1687 6328
1315 1688 6327
1314 1689 6326
1313 1690 6325
1312 1691 6324
1311 1692 6323
1310 1693 6322
1309 1694 6321
1308 1695 6320
1307 1696 6319
1306 1697 6318
1305 1698 6317
1304 1699 6316
1303 1700 6315
1302 1701 6314
1301 1702 6313
1300 1703 6312
1299 1704 6311
1298 1705 6310
1297 1706 6309
1296 1707 6308
1295 1708 6307
1294 1709 6306
1293 1710 6305
1292 1711 6304
1291 1712 6303
1290 1713 6302
1289 1714 6301
1288 1715 6300
1287 1716 6299
1286 1717 6298
1285 1718 6297
1284 1719 6296
1283 1720 6295
1282 1721 6294
1281 1722 6293
1280 1723 6292
1279 1724 6291
1278 1725 6290
1277 1726 6289
1276 1727 6288
1275 1728 6287
1274 1729 6286
1273 1730 6285
1272 1731 6284
1271 1732 6283
1270 1733 6282
1269 1734 6281
1268 1735 6280
1267 1736 6279
1266 1737 6278
1265 1738 6277
1264 1739 6276
1263 1740 6275
1262 1741 6274
1261 1742 6273
1260 1743 6272
1259 1744 6271
1258 1745 6270
1257 1746 6269
1256 1747 6268
1255 1748 6267
1254 1749 6266
1253 1750 6265
1252 1751 6264
1251 1752 6263
1250 1753 6262
1249 1754 6261
1248 1755 6260
1247 1756 6259
1246 1757 6258
1245 1758 6257
1244 1759 6256
1243 1760 6255
1242 1761 6254
1241 1762 6253
1240 1763 6252
1239 1764 6251
1238 1765 6250
1237 1766 6249
1236 1767 6248
1235 1768 6247
1234 1769 6246
1233 1770 6245
1232 1771 6244
1231 1772 6243
1230 1773 6242
1229 1774 6241
1228 1775 6240
1227 1776 6239
1226 1777 6238
1225 1778 6237
1224 1779 6236
1223 1780 6235
1222 1781 6234
1221 1782 6233
1220 1783 6232
1219 1784 6231
1218 1785 6230
1217 1786 6229
1216 1787 6228
1215 1788 6227
1214 1789 6226
1213 1790 6225
1212 1791 6224
1211 1792 6223
1210 1793 6222
1209 1794 6221
1208 1795 6220
1207 1796 6219
1206 1797 6218
1205 1798 6217
1204 1799 6216
1203 1800 6215
1202 1801 6214
1201 1802 6213
1200 1803 6212
1199 1804 6211
1198 1805 6210
1197 1806 6209
1196 1807 6208
1195 1808 6207
1194 1809 6206
1193 1810 6205
1192 1811 6204
1191 1812 6203
1190 1813 6202
1189 1814 6201
1188 1815 6200
1187 1816 6199
1186 1817 6198
1185 1818 6197
1184 1819 6196
1183 1820 6195
1182 1821 6194
1181 1822 6193
1180 1823 6192
1179 1824 6191
1178 1825 6190
1177 1826 6189
1176 1827 6188
1175 1828 6187
1174 1829 6186
1173 1830 6185
1172 1831 6184
1171 1832 6183
1170 1833 6182
1169 1834 6181
1168 1835 6180
1167 1836 6179
1166 1837 6178
1165 1838 6177
1164 1839 6176
1163 1840 6175
1162 1841 6174
1161 1842 6173
1160 1843 6172
1159 1844 6171
1158 1845 6170
1157 1846 6169
1156 1847 6168
1155 1848 6167
1154 1849 6166
1153 1850 6165
1152 1851 6164
1151 1852 6163
1150 1853 6162
1149 1854 6161
1148 1855 6160
1147 1856 6159
1146 1857 6158
1145 1858 6157
1144 1859 6156
1143 1860 6155
1142 1861 6154
1141 1862 6153
1140 1863 6152
1139 1864 6151
1138 1865 6150
1137 1866 6149
1136 1867 6148
1135 1868 6147
1134 1869 6146
1133 1870 6145
1132 1871 6144
1131 1872 6143
1130 1873 6142
1129 1874 6141
1128 1875 6140
1127 1876 6139
1126 1877 6138
1125 1878 6137
1124 1879 6136
1123 1880 6135
1122 1881 6134
1121 1882 6133
1120 1883 6132
1119 1884 6131
1118 1885 6130
1117 1886 6129
1116 1887 6128
1115 1888 6127
1114 1889 6126
1113 1890 6125
1112 1891 6124
1111 1892 6123
1110 1893 6122
1109 1894 6121
1108 1895 6120
1107 1896 6119
1106 1897 6118
1105 1898 6117
1104 1899 6116
1103 1900 6115
1102 1901 6114
1101 1902 6113
1100 1903 6112
1099 1904 6111
1098 1905 6110
1097 1906 6109
1096 1907 6108
1095 1908 6107
1094 1909 6106
1093 1910 6105
1092 1911 6104
1091 1912 6103
1090 1913 6102
1089 1914 6101
1088 1915 6100
1087 1916 6099
1086 1917 6098
1085 1918 6097
1084 1919 6096
1083 1920 6095
1082 1921 6094
1081 1922 6093
1080 1923 6092
1079 1924 6091
1078 1925 6090
1077 1926 6089
1076 1927 6088
1075 1928 6087
1074 1929 6086
1073 1930 6085
1072 1931 6084
1071 1932 6083
1070 1933 6082
1069 1934 6081
1068 1935 6080
1067 1936 6079
1066 1937 6078
1065 1938 6077
1064 1939 6076
1063 1940 6075
1062 1941 6074
1061 1942 6073
1060 1943 6072
1059 1944 6071
1058 1945 6070
1057 1946 6069
1056 1947 6068
1055 1948 6067
1054 1949 6066
1053 1950 6065
1052 1951 6064
1051 1952 6063
1050 1953 6062
1049 1954 6061
1048 1955 6060
1047 1956 6059
1046 1957 6058
1045 1958 6057
1044 1959 6056
1043 1960 6055
1042 1961 6054
1041 1962 6053
1040 1963 6052
1039 1964 6051
1038 1965 6050
1037 1966 6049
1036 1967 6048
1035 1968 6047
1034 1969 6046
1033 1970 6045
1032 1971 6044
1031 1972 6043
1030 1973 6042
1029 1974 6041
1028 1975 6040
1027 1976 6039
1026 1977 6038
1025 1978 6037
1024 1979 6036
1023 1980 6035
1022 1981 6034
1021 1982 6033
1020 1983 6032
1019 1984 6031
1018 1985 6030
1017 1986 6029
1016 1987 6028
1015 1988 6027
1014 1989 6026
1013 1990 6025
1012 1991 6024
1011 1992 6023
1010 1993 6022
1009 1994 6021
1008 1995 6020
1007 1996 6019
1006 1997 6018
1005 1998 6017
1004 1999 6016
1003 2000 6015
1002 2001 6014
1001 2002 6013
1000 2003 6012
999 2004 6011
998 2005 6010
997 2006 6009
996 2007 6008
995 2008 6007
994 2009 6006
993 2010 6005
992 2011 6004
991 2012 6003
990 2013 6002
989 2014 6001
