985
3000 3 6985
2999 4 6984
2998 5 6983
2997 6 6982
2996 7 6981
2995 8 6980
2994 9 6979
2993 10 6978
2992 11 6977
2991 12 6976
2990 13 6975
2989 14 6974
2988 15 6973
2987 16 6972
2986 17 6971
2985 18 6970
2984 19 6969
2983 20 6968
2982 21 6967
2981 22 6966
2980 23 6965
2979 24 6964
2978 25 6963
2977 26 6962
2976 27 6961
2975 28 6960
2974 29 6959
2973 30 6958
2972 31 6957
2971 32 6956
2970 33 6955
2969 34 6954
2968 35 6953
2967 36 6952
2966 37 6951
2965 38 6950
2964 39 6949
2963 40 6948
2962 41 6947
2961 42 6946
2960 43 6945
2959 44 6944
2958 45 6943
2957 46 6942
2956 47 6941
2955 48 6940
2954 49 6939
2953 50 6938
2952 51 6937
2951 52 6936
2950 53 6935
2949 54 6934
2948 55 6933
2947 56 6932
2946 57 6931
2945 58 6930
2944 59 6929
2943 60 6928
2942 61 6927
2941 62 6926
2940 63 6925
2939 64 6924
2938 65 6923
2937 66 6922
2936 67 6921
2935 68 6920
2934 69 6919
2933 70 6918
2932 71 6917
2931 72 6916
2930 73 6915
2929 74 6914
2928 75 6913
2927 76 6912
2926 77 6911
2925 78 6910
2924 79 6909
2923 80 6908
2922 81 6907
2921 82 6906
2920 83 6905
2919 84 6904
2918 85 6903
2917 86 6902
2916 87 6901
2915 88 6900
2914 89 6899
2913 90 6898
2912 91 6897
2911 92 6896
2910 93 6895
2909 94 6894
2908 95 6893
2907 96 6892
2906 97 6891
2905 98 6890
2904 99 6889
2903 100 6888
2902 101 6887
2901 102 6886
2900 103 6885
2899 104 6884
2898 105 6883
2897 106 6882
2896 107 6881
2895 108 6880
2894 109 6879
2893 110 6878
2892 111 6877
2891 112 6876
2890 113 6875
2889 114 6874
2888 115 6873
2887 116 6872
2886 117 6871
2885 118 6870
2884 119 6869
2883 120 6868
2882 121 6867
2881 122 6866
2880 123 6865
2879 124 6864
2878 125 6863
2877 126 6862
2876 127 6861
2875 128 6860
2874 129 6859
2873 130 6858
2872 131 6857
2871 132 6856
2870 133 6855
2869 134 6854
2868 135 6853
2867 136 6852
2866 137 6851
2865 138 6850
2864 139 6849
2863 140 6848
2862 141 6847
2861 142 6846
2860 143 6845
2859 144 6844
2858 145 6843
2857 146 6842
2856 147 6841
2855 148 6840
2854 149 6839
2853 150 6838
2852 151 6837
2851 152 6836
2850 153 6835
2849 154 6834
2848 155 6833
2847 156 6832
2846 157 6831
2845 158 6830
2844 159 6829
2843 160 6828
2842 161 6827
2841 162 6826
2840 163 6825
2839 164 6824
2838 165 6823
2837 166 6822
2836 167 6821
2835 168 6820
2834 169 6819
2833 170 6818
2832 171 6817
2831 172 6816
2830 173 6815
2829 174 6814
2828 175 6813
2827 176 6812
2826 177 6811
2825 178 6810
2824 179 6809
2823 180 6808
2822 181 6807
2821 182 6806
2820 183 6805
2819 184 6804
2818 185 6803
2817 186 6802
2816 187 6801
2815 188 6800
2814 189 6799
2813 190 6798
2812 191 6797
2811 192 6796
2810 193 6795
2809 194 6794
2808 195 6793
2807 196 6792
2806 197 6791
2805 198 6790
2804 199 6789
2803 200 6788
2802 201 6787
2801 202 6786
2800 203 6785
2799 204 6784
2798 205 6783
2797 206 6782
2796 207 6781
2795 208 6780
2794 209 6779
2793 210 6778
2792 211 6777
2791 212 6776
2790 213 6775
2789 214 6774
2788 215 6773
2787 216 6772
2786 217 6771
2785 218 6770
2784 219 6769
2783 220 6768
2782 221 6767
2781 222 6766
2780 223 6765
2779 224 6764
2778 225 6763
2777 226 6762
2776 227 6761
2775 228 6760
2774 229 6759
2773 230 6758
2772 231 6757
2771 232 6756
2770 233 6755
2769 234 6754
2768 235 6753
2767 236 6752
2766 237 6751
2765 238 6750
2764 239 6749
2763 240 6748
2762 241 6747
2761 242 6746
2760 243 6745
2759 244 6744
2758 245 6743
2757 246 6742
2756 247 6741
2755 248 6740
2754 249 6739
2753 250 6738
2752 251 6737
2751 252 6736
2750 253 6735
2749 254 6734
2748 255 6733
2747 256 6732
2746 257 6731
2745 258 6730
2744 259 6729
2743 260 6728
2742 261 6727
2741 262 6726
2740 263 6725
2739 264 6724
2738 265 6723
2737 266 6722
2736 267 6721
2735 268 6720
2734 269 6719
2733 270 6718
2732 271 6717
2731 272 6716
2730 273 6715
2729 274 6714
2728 275 6713
2727 276 6712
2726 277 6711
2725 278 6710
2724 279 6709
2723 280 6708
2722 281 6707
2721 282 6706
2720 283 6705
2719 284 6704
2718 285 6703
2717 286 6702
2716 287 6701
2715 288 6700
2714 289 6699
2713 290 6698
2712 291 6697
2711 292 6696
2710 293 6695
2709 294 6694
2708 295 6693
2707 296 6692
2706 297 6691
2705 298 6690
2704 299 6689
2703 300 6688
2702 301 6687
2701 302 6686
2700 303 6685
2699 304 6684
2698 305 6683
2697 306 6682
2696 307 6681
2695 308 6680
2694 309 6679
2693 310 6678
2692 311 6677
2691 312 6676
2690 313 6675
2689 314 6674
2688 315 6673
2687 316 6672
2686 317 6671
2685 318 6670
2684 319 6669
2683 320 6668
2682 321 6667
2681 322 6666
2680 323 6665
2679 324 6664
2678 325 6663
2677 326 6662
2676 327 6661
2675 328 6660
2674 329 6659
2673 330 6658
2672 331 6657
2671 332 6656
2670 333 6655
2669 334 6654
2668 335 6653
2667 336 6652
2666 337 6651
2665 338 6650
2664 339 6649
2663 340 6648
2662 341 6647
2661 342 6646
2660 343 6645
2659 344 6644
2658 345 6643
2657 346 6642
2656 347 6641
2655 348 6640
2654 349 6639
2653 350 6638
2652 351 6637
2651 352 6636
2650 353 6635
2649 354 6634
2648 355 6633
2647 356 6632
2646 357 6631
2645 358 6630
2644 359 6629
2643 360 6628
2642 361 6627
2641 362 6626
2640 363 6625
2639 364 6624
2638 365 6623
2637 366 6622
2636 367 6621
2635 368 6620
2634 369 6619
2633 370 6618
2632 371 6617
2631 372 6616
2630 373 6615
2629 374 6614
2628 375 6613
2627 376 6612
2626 377 6611
2625 378 6610
2624 379 6609
2623 380 6608
2622 381 6607
2621 382 6606
2620 383 6605
2619 384 6604
2618 385 6603
2617 386 6602
2616 387 6601
2615 388 6600
2614 389 6599
2613 390 6598
2612 391 6597
2611 392 6596
2610 393 6595
2609 394 6594
2608 395 6593
2607 396 6592
2606 397 6591
2605 398 6590
2604 399 6589
2603 400 6588
2602 401 6587
2601 402 6586
2600 403 6585
2599 404 6584
2598 405 6583
2597 406 6582
2596 407 6581
2595 408 6580
2594 409 6579
2593 410 6578
2592 411 6577
2591 412 6576
2590 413 6575
2589 414 6574
2588 415 6573
2587 416 6572
2586 417 6571
2585 418 6570
2584 419 6569
2583 420 6568
2582 421 6567
2581 422 6566
2580 423 6565
2579 424 6564
2578 425 6563
2577 426 6562
2576 427 6561
2575 428 6560
2574 429 6559
2573 430 6558
2572 431 6557
2571 432 6556
2570 433 6555
2569 434 6554
2568 435 6553
2567 436 6552
2566 437 6551
2565 438 6550
2564 439 6549
2563 440 6548
2562 441 6547
2561 442 6546
2560 443 6545
2559 444 6544
2558 445 6543
2557 446 6542
2556 447 6541
2555 448 6540
2554 449 6539
2553 450 6538
2552 451 6537
2551 452 6536
2550 453 6535
2549 454 6534
2548 455 6533
2547 456 6532
2546 457 6531
2545 458 6530
2544 459 6529
2543 460 6528
2542 461 6527
2541 462 6526
2540 463 6525
2539 464 6524
2538 465 6523
2537 466 6522
2536 467 6521
2535 468 6520
2534 469 6519
2533 470 6518
2532 471 6517
2531 472 6516
2530 473 6515
2529 474 6514
2528 475 6513
2527 476 6512
2526 477 6511
2525 478 6510
2524 479 6509
2523 480 6508
2522 481 6507
2521 482 6506
2520 483 6505
2519 484 6504
2518 485 6503
2517 486 6502
2516 487 6501
2515 488 6500
2514 489 6499
2513 490 6498
2512 491 6497
2511 492 6496
2510 493 6495
2509 494 6494
2508 495 6493
2507 496 6492
2506 497 6491
2505 498 6490
2504 499 6489
2503 500 6488
2502 501 6487
2501 502 6486
2500 503 6485
2499 504 6484
2498 505 6483
2497 506 6482
2496 507 6481
2495 508 6480
2494 509 6479
2493 510 6478
2492 511 6477
2491 512 6476
2490 513 6475
2489 514 6474
2488 515 6473
2487 516 6472
2486 517 6471
2485 518 6470
2484 519 6469
2483 520 6468
2482 521 6467
2481 522 6466
2480 523 6465
2479 524 6464
2478 525 6463
2477 526 6462
2476 527 6461
2475 528 6460
2474 529 6459
2473 530 6458
2472 531 6457
2471 532 6456
2470 533 6455
2469 534 6454
2468 535 6453
2467 536 6452
2466 537 6451
2465 538 6450
2464 539 6449
2463 540 6448
2462 541 6447
2461 542 6446
2460 543 6445
2459 544 6444
2458 545 6443
2457 546 6442
2456 547 6441
2455 548 6440
2454 549 6439
2453 550 6438
2452 551 6437
2451 552 6436
2450 553 6435
2449 554 6434
2448 555 6433
2447 556 6432
2446 557 6431
2445 558 6430
2444 559 6429
2443 560 6428
2442 561 6427
2441 562 6426
2440 563 6425
2439 564 6424
2438 565 6423
2437 566 6422
2436 567 6421
2435 568 6420
2434 569 6419
2433 570 6418
2432 571 6417
2431 572 6416
2430 573 6415
2429 574 6414
2428 575 6413
2427 576 6412
2426 577 6411
2425 578 6410
2424 579 6409
2423 580 6408
2422 581 6407
2421 582 6406
2420 583 6405
2419 584 6404
2418 585 6403
2417 586 6402
2416 587 6401
2415 588 6400
2414 589 6399
2413 590 6398
2412 591 6397
2411 592 6396
2410 593 6395
2409 594 6394
2408 595 6393
2407 596 6392
2406 597 6391
2405 598 6390
2404 599 6389
2403 600 6388
2402 601 6387
2401 602 6386
2400 603 6385
2399 604 6384
2398 605 6383
2397 606 6382
2396 607 6381
2395 608 6380
2394 609 6379
2393 610 6378
2392 611 6377
2391 612 6376
2390 613 6375
2389 614 6374
2388 615 6373
2387 616 6372
2386 617 6371
2385 618 6370
2384 619 6369
2383 620 6368
2382 621 6367
2381 622 6366
2380 623 6365
2379 624 6364
2378 625 6363
2377 626 6362
2376 627 6361
2375 628 6360
2374 629 6359
2373 630 6358
2372 631 6357
2371 632 6356
2370 633 6355
2369 634 6354
2368 635 6353
2367 636 6352
2366 637 6351
2365 638 6350
2364 639 6349
2363 640 6348
2362 641 6347
2361 642 6346
2360 643 6345
2359 644 6344
2358 645 6343
2357 646 6342
2356 647 6341
2355 648 6340
2354 649 6339
2353 650 6338
2352 651 6337
2351 652 6336
2350 653 6335
2349 654 6334
2348 655 6333
2347 656 6332
2346 657 6331
2345 658 6330
2344 659 6329
2343 660 6328
2342 661 6327
2341 662 6326
2340 663 6325
2339 664 6324
2338 665 6323
2337 666 6322
2336 667 6321
2335 668 6320
2334 669 6319
2333 670 6318
2332 671 6317
2331 672 6316
2330 673 6315
2329 674 6314
2328 675 6313
2327 676 6312
2326 677 6311
2325 678 6310
2324 679 6309
2323 680 6308
2322 681 6307
2321 682 6306
2320 683 6305
2319 684 6304
2318 685 6303
2317 686 6302
2316 687 6301
2315 688 6300
2314 689 6299
2313 690 6298
2312 691 6297
2311 692 6296
2310 693 6295
2309 694 6294
2308 695 6293
2307 696 6292
2306 697 6291
2305 698 6290
2304 699 6289
2303 700 6288
2302 701 6287
2301 702 6286
2300 703 6285
2299 704 6284
2298 705 6283
2297 706 6282
2296 707 6281
2295 708 6280
2294 709 6279
2293 710 6278
2292 711 6277
2291 712 6276
2290 713 6275
2289 714 6274
2288 715 6273
2287 716 6272
2286 717 6271
2285 718 6270
2284 719 6269
2283 720 6268
2282 721 6267
2281 722 6266
2280 723 6265
2279 724 6264
2278 725 6263
2277 726 6262
2276 727 6261
2275 728 6260
2274 729 6259
2273 730 6258
2272 731 6257
2271 732 6256
2270 733 6255
2269 734 6254
2268 735 6253
2267 736 6252
2266 737 6251
2265 738 6250
2264 739 6249
2263 740 6248
2262 741 6247
2261 742 6246
2260 743 6245
2259 744 6244
2258 745 6243
2257 746 6242
2256 747 6241
2255 748 6240
2254 749 6239
2253 750 6238
2252 751 6237
2251 752 6236
2250 753 6235
2249 754 6234
2248 755 6233
2247 756 6232
2246 757 6231
2245 758 6230
2244 759 6229
2243 760 6228
2242 761 6227
2241 762 6226
2240 763 6225
2239 764 6224
2238 765 6223
2237 766 6222
2236 767 6221
2235 768 6220
2234 769 6219
2233 770 6218
2232 771 6217
2231 772 6216
2230 773 6215
2229 774 6214
2228 775 6213
2227 776 6212
2226 777 6211
2225 778 6210
2224 779 6209
2223 780 6208
2222 781 6207
2221 782 6206
2220 783 6205
2219 784 6204
2218 785 6203
2217 786 6202
2216 787 6201
2215 788 6200
2214 789 6199
2213 790 6198
2212 791 6197
2211 792 6196
2210 793 6195
2209 794 6194
2208 795 6193
2207 796 6192
2206 797 6191
2205 798 6190
2204 799 6189
2203 800 6188
2202 801 6187
2201 802 6186
2200 803 6185
2199 804 6184
2198 805 6183
2197 806 6182
2196 807 6181
2195 808 6180
2194 809 6179
2193 810 6178
2192 811 6177
2191 812 6176
2190 813 6175
2189 814 6174
2188 815 6173
2187 816 6172
2186 817 6171
2185 818 6170
2184 819 6169
2183 820 6168
2182 821 6167
2181 822 6166
2180 823 6165
2179 824 6164
2178 825 6163
2177 826 6162
2176 827 6161
2175 828 6160
2174 829 6159
2173 830 6158
2172 831 6157
2171 832 6156
2170 833 6155
2169 834 6154
2168 835 6153
2167 836 6152
2166 837 6151
2165 838 6150
2164 839 6149
2163 840 6148
2162 841 6147
2161 842 6146
2160 843 6145
2159 844 6144
2158 845 6143
2157 846 6142
2156 847 6141
2155 848 6140
2154 849 6139
2153 850 6138
2152 851 6137
2151 852 6136
2150 853 6135
2149 854 6134
2148 855 6133
2147 856 6132
2146 857 6131
2145 858 6130
2144 859 6129
2143 860 6128
2142 861 6127
2141 862 6126
2140 863 6125
2139 864 6124
2138 865 6123
2137 866 6122
2136 867 6121
2135 868 6120
2134 869 6119
2133 870 6118
2132 871 6117
2131 872 6116
2130 873 6115
2129 874 6114
2128 875 6113
2127 876 6112
2126 877 6111
2125 878 6110
2124 879 6109
2123 880 6108
2122 881 6107
2121 882 6106
2120 883 6105
2119 884 6104
2118 885 6103
2117 886 6102
2116 887 6101
2115 888 6100
2114 889 6099
2113 890 6098
2112 891 6097
2111 892 6096
2110 893 6095
2109 894 6094
2108 895 6093
2107 896 6092
2106 897 6091
2105 898 6090
2104 899 6089
2103 900 6088
2102 901 6087
2101 902 6086
2100 903 6085
2099 904 6084
2098 905 6083
2097 906 6082
2096 907 6081
2095 908 6080
2094 909 6079
2093 910 6078
2092 911 6077
2091 912 6076
2090 913 6075
2089 914 6074
2088 915 6073
2087 916 6072
2086 917 6071
2085 918 6070
2084 919 6069
2083 920 6068
2082 921 6067
2081 922 6066
2080 923 6065
2079 924 6064
2078 925 6063
2077 926 6062
2076 927 6061
2075 928 6060
2074 929 6059
2073 930 6058
2072 931 6057
2071 932 6056
2070 933 6055
2069 934 6054
2068 935 6053
2067 936 6052
2066 937 6051
2065 938 6050
2064 939 6049
2063 940 6048
2062 941 6047
2061 942 6046
2060 943 6045
2059 944 6044
2058 945 6043
2057 946 6042
2056 947 6041
2055 948 6040
2054 949 6039
2053 950 6038
2052 951 6037
2051 952 6036
2050 953 6035
2049 954 6034
2048 955 6033
2047 956 6032
2046 957 6031
2045 958 6030
2044 959 6029
2043 960 6028
2042 961 6027
2041 962 6026
2040 963 6025
2039 964 6024
2038 965 6023
2037 966 6022
2036 967 6021
2035 968 6020
2034 969 6019
2033 970 6018
2032 971 6017
2031 972 6016
2030 973 6015
2029 974 6014
2028 975 6013
2027 976 6012
2026 977 6011
2025 978 6010
2024 979 6009
2023 980 6008
2022 981 6007
2021 982 6006
2020 983 6005
2019 984 6004
2018 985 6003
2017 986 6002
2016 987 6001
