1804
3000 3 7804
2999 4 7803
2998 5 7802
2997 6 7801
2996 7 7800
2995 8 7799
2994 9 7798
2993 10 7797
2992 11 7796
2991 12 7795
2990 13 7794
2989 14 7793
2988 15 7792
2987 16 7791
2986 17 7790
2985 18 7789
2984 19 7788
2983 20 7787
2982 21 7786
2981 22 7785
2980 23 7784
2979 24 7783
2978 25 7782
2977 26 7781
2976 27 7780
2975 28 7779
2974 29 7778
2973 30 7777
2972 31 7776
2971 32 7775
2970 33 7774
2969 34 7773
2968 35 7772
2967 36 7771
2966 37 7770
2965 38 7769
2964 39 7768
2963 40 7767
2962 41 7766
2961 42 7765
2960 43 7764
2959 44 7763
2958 45 7762
2957 46 7761
2956 47 7760
2955 48 7759
2954 49 7758
2953 50 7757
2952 51 7756
2951 52 7755
2950 53 7754
2949 54 7753
2948 55 7752
2947 56 7751
2946 57 7750
2945 58 7749
2944 59 7748
2943 60 7747
2942 61 7746
2941 62 7745
2940 63 7744
2939 64 7743
2938 65 7742
2937 66 7741
2936 67 7740
2935 68 7739
2934 69 7738
2933 70 7737
2932 71 7736
2931 72 7735
2930 73 7734
2929 74 7733
2928 75 7732
2927 76 7731
2926 77 7730
2925 78 7729
2924 79 7728
2923 80 7727
2922 81 7726
2921 82 7725
2920 83 7724
2919 84 7723
2918 85 7722
2917 86 7721
2916 87 7720
2915 88 7719
2914 89 7718
2913 90 7717
2912 91 7716
2911 92 7715
2910 93 7714
2909 94 7713
2908 95 7712
2907 96 7711
2906 97 7710
2905 98 7709
2904 99 7708
2903 100 7707
2902 101 7706
2901 102 7705
2900 103 7704
2899 104 7703
2898 105 7702
2897 106 7701
2896 107 7700
2895 108 7699
2894 109 7698
2893 110 7697
2892 111 7696
2891 112 7695
2890 113 7694
2889 114 7693
2888 115 7692
2887 116 7691
2886 117 7690
2885 118 7689
2884 119 7688
2883 120 7687
2882 121 7686
2881 122 7685
2880 123 7684
2879 124 7683
2878 125 7682
2877 126 7681
2876 127 7680
2875 128 7679
2874 129 7678
2873 130 7677
2872 131 7676
2871 132 7675
2870 133 7674
2869 134 7673
2868 135 7672
2867 136 7671
2866 137 7670
2865 138 7669
2864 139 7668
2863 140 7667
2862 141 7666
2861 142 7665
2860 143 7664
2859 144 7663
2858 145 7662
2857 146 7661
2856 147 7660
2855 148 7659
2854 149 7658
2853 150 7657
2852 151 7656
2851 152 7655
2850 153 7654
2849 154 7653
2848 155 7652
2847 156 7651
2846 157 7650
2845 158 7649
2844 159 7648
2843 160 7647
2842 161 7646
2841 162 7645
2840 163 7644
2839 164 7643
2838 165 7642
2837 166 7641
2836 167 7640
2835 168 7639
2834 169 7638
2833 170 7637
2832 171 7636
2831 172 7635
2830 173 7634
2829 174 7633
2828 175 7632
2827 176 7631
2826 177 7630
2825 178 7629
2824 179 7628
2823 180 7627
2822 181 7626
2821 182 7625
2820 183 7624
2819 184 7623
2818 185 7622
2817 186 7621
2816 187 7620
2815 188 7619
2814 189 7618
2813 190 7617
2812 191 7616
2811 192 7615
2810 193 7614
2809 194 7613
2808 195 7612
2807 196 7611
2806 197 7610
2805 198 7609
2804 199 7608
2803 200 7607
2802 201 7606
2801 202 7605
2800 203 7604
2799 204 7603
2798 205 7602
2797 206 7601
2796 207 7600
2795 208 7599
2794 209 7598
2793 210 7597
2792 211 7596
2791 212 7595
2790 213 7594
2789 214 7593
2788 215 7592
2787 216 7591
2786 217 7590
2785 218 7589
2784 219 7588
2783 220 7587
2782 221 7586
2781 222 7585
2780 223 7584
2779 224 7583
2778 225 7582
2777 226 7581
2776 227 7580
2775 228 7579
2774 229 7578
2773 230 7577
2772 231 7576
2771 232 7575
2770 233 7574
2769 234 7573
2768 235 7572
2767 236 7571
2766 237 7570
2765 238 7569
2764 239 7568
2763 240 7567
2762 241 7566
2761 242 7565
2760 243 7564
2759 244 7563
2758 245 7562
2757 246 7561
2756 247 7560
2755 248 7559
2754 249 7558
2753 250 7557
2752 251 7556
2751 252 7555
2750 253 7554
2749 254 7553
2748 255 7552
2747 256 7551
2746 257 7550
2745 258 7549
2744 259 7548
2743 260 7547
2742 261 7546
2741 262 7545
2740 263 7544
2739 264 7543
2738 265 7542
2737 266 7541
2736 267 7540
2735 268 7539
2734 269 7538
2733 270 7537
2732 271 7536
2731 272 7535
2730 273 7534
2729 274 7533
2728 275 7532
2727 276 7531
2726 277 7530
2725 278 7529
2724 279 7528
2723 280 7527
2722 281 7526
2721 282 7525
2720 283 7524
2719 284 7523
2718 285 7522
2717 286 7521
2716 287 7520
2715 288 7519
2714 289 7518
2713 290 7517
2712 291 7516
2711 292 7515
2710 293 7514
2709 294 7513
2708 295 7512
2707 296 7511
2706 297 7510
2705 298 7509
2704 299 7508
2703 300 7507
2702 301 7506
2701 302 7505
2700 303 7504
2699 304 7503
2698 305 7502
2697 306 7501
2696 307 7500
2695 308 7499
2694 309 7498
2693 310 7497
2692 311 7496
2691 312 7495
2690 313 7494
2689 314 7493
2688 315 7492
2687 316 7491
2686 317 7490
2685 318 7489
2684 319 7488
2683 320 7487
2682 321 7486
2681 322 7485
2680 323 7484
2679 324 7483
2678 325 7482
2677 326 7481
2676 327 7480
2675 328 7479
2674 329 7478
2673 330 7477
2672 331 7476
2671 332 7475
2670 333 7474
2669 334 7473
2668 335 7472
2667 336 7471
2666 337 7470
2665 338 7469
2664 339 7468
2663 340 7467
2662 341 7466
2661 342 7465
2660 343 7464
2659 344 7463
2658 345 7462
2657 346 7461
2656 347 7460
2655 348 7459
2654 349 7458
2653 350 7457
2652 351 7456
2651 352 7455
2650 353 7454
2649 354 7453
2648 355 7452
2647 356 7451
2646 357 7450
2645 358 7449
2644 359 7448
2643 360 7447
2642 361 7446
2641 362 7445
2640 363 7444
2639 364 7443
2638 365 7442
2637 366 7441
2636 367 7440
2635 368 7439
2634 369 7438
2633 370 7437
2632 371 7436
2631 372 7435
2630 373 7434
2629 374 7433
2628 375 7432
2627 376 7431
2626 377 7430
2625 378 7429
2624 379 7428
2623 380 7427
2622 381 7426
2621 382 7425
2620 383 7424
2619 384 7423
2618 385 7422
2617 386 7421
2616 387 7420
2615 388 7419
2614 389 7418
2613 390 7417
2612 391 7416
2611 392 7415
2610 393 7414
2609 394 7413
2608 395 7412
2607 396 7411
2606 397 7410
2605 398 7409
2604 399 7408
2603 400 7407
2602 401 7406
2601 402 7405
2600 403 7404
2599 404 7403
2598 405 7402
2597 406 7401
2596 407 7400
2595 408 7399
2594 409 7398
2593 410 7397
2592 411 7396
2591 412 7395
2590 413 7394
2589 414 7393
2588 415 7392
2587 416 7391
2586 417 7390
2585 418 7389
2584 419 7388
2583 420 7387
2582 421 7386
2581 422 7385
2580 423 7384
2579 424 7383
2578 425 7382
2577 426 7381
2576 427 7380
2575 428 7379
2574 429 7378
2573 430 7377
2572 431 7376
2571 432 7375
2570 433 7374
2569 434 7373
2568 435 7372
2567 436 7371
2566 437 7370
2565 438 7369
2564 439 7368
2563 440 7367
2562 441 7366
2561 442 7365
2560 443 7364
2559 444 7363
2558 445 7362
2557 446 7361
2556 447 7360
2555 448 7359
2554 449 7358
2553 450 7357
2552 451 7356
2551 452 7355
2550 453 7354
2549 454 7353
2548 455 7352
2547 456 7351
2546 457 7350
2545 458 7349
2544 459 7348
2543 460 7347
2542 461 7346
2541 462 7345
2540 463 7344
2539 464 7343
2538 465 7342
2537 466 7341
2536 467 7340
2535 468 7339
2534 469 7338
2533 470 7337
2532 471 7336
2531 472 7335
2530 473 7334
2529 474 7333
2528 475 7332
2527 476 7331
2526 477 7330
2525 478 7329
2524 479 7328
2523 480 7327
2522 481 7326
2521 482 7325
2520 483 7324
2519 484 7323
2518 485 7322
2517 486 7321
2516 487 7320
2515 488 7319
2514 489 7318
2513 490 7317
2512 491 7316
2511 492 7315
2510 493 7314
2509 494 7313
2508 495 7312
2507 496 7311
2506 497 7310
2505 498 7309
2504 499 7308
2503 500 7307
2502 501 7306
2501 502 7305
2500 503 7304
2499 504 7303
2498 505 7302
2497 506 7301
2496 507 7300
2495 508 7299
2494 509 7298
2493 510 7297
2492 511 7296
2491 512 7295
2490 513 7294
2489 514 7293
2488 515 7292
2487 516 7291
2486 517 7290
2485 518 7289
2484 519 7288
2483 520 7287
2482 521 7286
2481 522 7285
2480 523 7284
2479 524 7283
2478 525 7282
2477 526 7281
2476 527 7280
2475 528 7279
2474 529 7278
2473 530 7277
2472 531 7276
2471 532 7275
2470 533 7274
2469 534 7273
2468 535 7272
2467 536 7271
2466 537 7270
2465 538 7269
2464 539 7268
2463 540 7267
2462 541 7266
2461 542 7265
2460 543 7264
2459 544 7263
2458 545 7262
2457 546 7261
2456 547 7260
2455 548 7259
2454 549 7258
2453 550 7257
2452 551 7256
2451 552 7255
2450 553 7254
2449 554 7253
2448 555 7252
2447 556 7251
2446 557 7250
2445 558 7249
2444 559 7248
2443 560 7247
2442 561 7246
2441 562 7245
2440 563 7244
2439 564 7243
2438 565 7242
2437 566 7241
2436 567 7240
2435 568 7239
2434 569 7238
2433 570 7237
2432 571 7236
2431 572 7235
2430 573 7234
2429 574 7233
2428 575 7232
2427 576 7231
2426 577 7230
2425 578 7229
2424 579 7228
2423 580 7227
2422 581 7226
2421 582 7225
2420 583 7224
2419 584 7223
2418 585 7222
2417 586 7221
2416 587 7220
2415 588 7219
2414 589 7218
2413 590 7217
2412 591 7216
2411 592 7215
2410 593 7214
2409 594 7213
2408 595 7212
2407 596 7211
2406 597 7210
2405 598 7209
2404 599 7208
2403 600 7207
2402 601 7206
2401 602 7205
2400 603 7204
2399 604 7203
2398 605 7202
2397 606 7201
2396 607 7200
2395 608 7199
2394 609 7198
2393 610 7197
2392 611 7196
2391 612 7195
2390 613 7194
2389 614 7193
2388 615 7192
2387 616 7191
2386 617 7190
2385 618 7189
2384 619 7188
2383 620 7187
2382 621 7186
2381 622 7185
2380 623 7184
2379 624 7183
2378 625 7182
2377 626 7181
2376 627 7180
2375 628 7179
2374 629 7178
2373 630 7177
2372 631 7176
2371 632 7175
2370 633 7174
2369 634 7173
2368 635 7172
2367 636 7171
2366 637 7170
2365 638 7169
2364 639 7168
2363 640 7167
2362 641 7166
2361 642 7165
2360 643 7164
2359 644 7163
2358 645 7162
2357 646 7161
2356 647 7160
2355 648 7159
2354 649 7158
2353 650 7157
2352 651 7156
2351 652 7155
2350 653 7154
2349 654 7153
2348 655 7152
2347 656 7151
2346 657 7150
2345 658 7149
2344 659 7148
2343 660 7147
2342 661 7146
2341 662 7145
2340 663 7144
2339 664 7143
2338 665 7142
2337 666 7141
2336 667 7140
2335 668 7139
2334 669 7138
2333 670 7137
2332 671 7136
2331 672 7135
2330 673 7134
2329 674 7133
2328 675 7132
2327 676 7131
2326 677 7130
2325 678 7129
2324 679 7128
2323 680 7127
2322 681 7126
2321 682 7125
2320 683 7124
2319 684 7123
2318 685 7122
2317 686 7121
2316 687 7120
2315 688 7119
2314 689 7118
2313 690 7117
2312 691 7116
2311 692 7115
2310 693 7114
2309 694 7113
2308 695 7112
2307 696 7111
2306 697 7110
2305 698 7109
2304 699 7108
2303 700 7107
2302 701 7106
2301 702 7105
2300 703 7104
2299 704 7103
2298 705 7102
2297 706 7101
2296 707 7100
2295 708 7099
2294 709 7098
2293 710 7097
2292 711 7096
2291 712 7095
2290 713 7094
2289 714 7093
2288 715 7092
2287 716 7091
2286 717 7090
2285 718 7089
2284 719 7088
2283 720 7087
2282 721 7086
2281 722 7085
2280 723 7084
2279 724 7083
2278 725 7082
2277 726 7081
2276 727 7080
2275 728 7079
2274 729 7078
2273 730 7077
2272 731 7076
2271 732 7075
2270 733 7074
2269 734 7073
2268 735 7072
2267 736 7071
2266 737 7070
2265 738 7069
2264 739 7068
2263 740 7067
2262 741 7066
2261 742 7065
2260 743 7064
2259 744 7063
2258 745 7062
2257 746 7061
2256 747 7060
2255 748 7059
2254 749 7058
2253 750 7057
2252 751 7056
2251 752 7055
2250 753 7054
2249 754 7053
2248 755 7052
2247 756 7051
2246 757 7050
2245 758 7049
2244 759 7048
2243 760 7047
2242 761 7046
2241 762 7045
2240 763 7044
2239 764 7043
2238 765 7042
2237 766 7041
2236 767 7040
2235 768 7039
2234 769 7038
2233 770 7037
2232 771 7036
2231 772 7035
2230 773 7034
2229 774 7033
2228 775 7032
2227 776 7031
2226 777 7030
2225 778 7029
2224 779 7028
2223 780 7027
2222 781 7026
2221 782 7025
2220 783 7024
2219 784 7023
2218 785 7022
2217 786 7021
2216 787 7020
2215 788 7019
2214 789 7018
2213 790 7017
2212 791 7016
2211 792 7015
2210 793 7014
2209 794 7013
2208 795 7012
2207 796 7011
2206 797 7010
2205 798 7009
2204 799 7008
2203 800 7007
2202 801 7006
2201 802 7005
2200 803 7004
2199 804 7003
2198 805 7002
2197 806 7001
2196 807 7000
2195 808 6999
2194 809 6998
2193 810 6997
2192 811 6996
2191 812 6995
2190 813 6994
2189 814 6993
2188 815 6992
2187 816 6991
2186 817 6990
2185 818 6989
2184 819 6988
2183 820 6987
2182 821 6986
2181 822 6985
2180 823 6984
2179 824 6983
2178 825 6982
2177 826 6981
2176 827 6980
2175 828 6979
2174 829 6978
2173 830 6977
2172 831 6976
2171 832 6975
2170 833 6974
2169 834 6973
2168 835 6972
2167 836 6971
2166 837 6970
2165 838 6969
2164 839 6968
2163 840 6967
2162 841 6966
2161 842 6965
2160 843 6964
2159 844 6963
2158 845 6962
2157 846 6961
2156 847 6960
2155 848 6959
2154 849 6958
2153 850 6957
2152 851 6956
2151 852 6955
2150 853 6954
2149 854 6953
2148 855 6952
2147 856 6951
2146 857 6950
2145 858 6949
2144 859 6948
2143 860 6947
2142 861 6946
2141 862 6945
2140 863 6944
2139 864 6943
2138 865 6942
2137 866 6941
2136 867 6940
2135 868 6939
2134 869 6938
2133 870 6937
2132 871 6936
2131 872 6935
2130 873 6934
2129 874 6933
2128 875 6932
2127 876 6931
2126 877 6930
2125 878 6929
2124 879 6928
2123 880 6927
2122 881 6926
2121 882 6925
2120 883 6924
2119 884 6923
2118 885 6922
2117 886 6921
2116 887 6920
2115 888 6919
2114 889 6918
2113 890 6917
2112 891 6916
2111 892 6915
2110 893 6914
2109 894 6913
2108 895 6912
2107 896 6911
2106 897 6910
2105 898 6909
2104 899 6908
2103 900 6907
2102 901 6906
2101 902 6905
2100 903 6904
2099 904 6903
2098 905 6902
2097 906 6901
2096 907 6900
2095 908 6899
2094 909 6898
2093 910 6897
2092 911 6896
2091 912 6895
2090 913 6894
2089 914 6893
2088 915 6892
2087 916 6891
2086 917 6890
2085 918 6889
2084 919 6888
2083 920 6887
2082 921 6886
2081 922 6885
2080 923 6884
2079 924 6883
2078 925 6882
2077 926 6881
2076 927 6880
2075 928 6879
2074 929 6878
2073 930 6877
2072 931 6876
2071 932 6875
2070 933 6874
2069 934 6873
2068 935 6872
2067 936 6871
2066 937 6870
2065 938 6869
2064 939 6868
2063 940 6867
2062 941 6866
2061 942 6865
2060 943 6864
2059 944 6863
2058 945 6862
2057 946 6861
2056 947 6860
2055 948 6859
2054 949 6858
2053 950 6857
2052 951 6856
2051 952 6855
2050 953 6854
2049 954 6853
2048 955 6852
2047 956 6851
2046 957 6850
2045 958 6849
2044 959 6848
2043 960 6847
2042 961 6846
2041 962 6845
2040 963 6844
2039 964 6843
2038 965 6842
2037 966 6841
2036 967 6840
2035 968 6839
2034 969 6838
2033 970 6837
2032 971 6836
2031 972 6835
2030 973 6834
2029 974 6833
2028 975 6832
2027 976 6831
2026 977 6830
2025 978 6829
2024 979 6828
2023 980 6827
2022 981 6826
2021 982 6825
2020 983 6824
2019 984 6823
2018 985 6822
2017 986 6821
2016 987 6820
2015 988 6819
2014 989 6818
2013 990 6817
2012 991 6816
2011 992 6815
2010 993 6814
2009 994 6813
2008 995 6812
2007 996 6811
2006 997 6810
2005 998 6809
2004 999 6808
2003 1000 6807
2002 1001 6806
2001 1002 6805
2000 1003 6804
1999 1004 6803
1998 1005 6802
1997 1006 6801
1996 1007 6800
1995 1008 6799
1994 1009 6798
1993 1010 6797
1992 1011 6796
1991 1012 6795
1990 1013 6794
1989 1014 6793
1988 1015 6792
1987 1016 6791
1986 1017 6790
1985 1018 6789
1984 1019 6788
1983 1020 6787
1982 1021 6786
1981 1022 6785
1980 1023 6784
1979 1024 6783
1978 1025 6782
1977 1026 6781
1976 1027 6780
1975 1028 6779
1974 1029 6778
1973 1030 6777
1972 1031 6776
1971 1032 6775
1970 1033 6774
1969 1034 6773
1968 1035 6772
1967 1036 6771
1966 1037 6770
1965 1038 6769
1964 1039 6768
1963 1040 6767
1962 1041 6766
1961 1042 6765
1960 1043 6764
1959 1044 6763
1958 1045 6762
1957 1046 6761
1956 1047 6760
1955 1048 6759
1954 1049 6758
1953 1050 6757
1952 1051 6756
1951 1052 6755
1950 1053 6754
1949 1054 6753
1948 1055 6752
1947 1056 6751
1946 1057 6750
1945 1058 6749
1944 1059 6748
1943 1060 6747
1942 1061 6746
1941 1062 6745
1940 1063 6744
1939 1064 6743
1938 1065 6742
1937 1066 6741
1936 1067 6740
1935 1068 6739
1934 1069 6738
1933 1070 6737
1932 1071 6736
1931 1072 6735
1930 1073 6734
1929 1074 6733
1928 1075 6732
1927 1076 6731
1926 1077 6730
1925 1078 6729
1924 1079 6728
1923 1080 6727
1922 1081 6726
1921 1082 6725
1920 1083 6724
1919 1084 6723
1918 1085 6722
1917 1086 6721
1916 1087 6720
1915 1088 6719
1914 1089 6718
1913 1090 6717
1912 1091 6716
1911 1092 6715
1910 1093 6714
1909 1094 6713
1908 1095 6712
1907 1096 6711
1906 1097 6710
1905 1098 6709
1904 1099 6708
1903 1100 6707
1902 1101 6706
1901 1102 6705
1900 1103 6704
1899 1104 6703
1898 1105 6702
1897 1106 6701
1896 1107 6700
1895 1108 6699
1894 1109 6698
1893 1110 6697
1892 1111 6696
1891 1112 6695
1890 1113 6694
1889 1114 6693
1888 1115 6692
1887 1116 6691
1886 1117 6690
1885 1118 6689
1884 1119 6688
1883 1120 6687
1882 1121 6686
1881 1122 6685
1880 1123 6684
1879 1124 6683
1878 1125 6682
1877 1126 6681
1876 1127 6680
1875 1128 6679
1874 1129 6678
1873 1130 6677
1872 1131 6676
1871 1132 6675
1870 1133 6674
1869 1134 6673
1868 1135 6672
1867 1136 6671
1866 1137 6670
1865 1138 6669
1864 1139 6668
1863 1140 6667
1862 1141 6666
1861 1142 6665
1860 1143 6664
1859 1144 6663
1858 1145 6662
1857 1146 6661
1856 1147 6660
1855 1148 6659
1854 1149 6658
1853 1150 6657
1852 1151 6656
1851 1152 6655
1850 1153 6654
1849 1154 6653
1848 1155 6652
1847 1156 6651
1846 1157 6650
1845 1158 6649
1844 1159 6648
1843 1160 6647
1842 1161 6646
1841 1162 6645
1840 1163 6644
1839 1164 6643
1838 1165 6642
1837 1166 6641
1836 1167 6640
1835 1168 6639
1834 1169 6638
1833 1170 6637
1832 1171 6636
1831 1172 6635
1830 1173 6634
1829 1174 6633
1828 1175 6632
1827 1176 6631
1826 1177 6630
1825 1178 6629
1824 1179 6628
1823 1180 6627
1822 1181 6626
1821 1182 6625
1820 1183 6624
1819 1184 6623
1818 1185 6622
1817 1186 6621
1816 1187 6620
1815 1188 6619
1814 1189 6618
1813 1190 6617
1812 1191 6616
1811 1192 6615
1810 1193 6614
1809 1194 6613
1808 1195 6612
1807 1196 6611
1806 1197 6610
1805 1198 6609
1804 1199 6608
1803 1200 6607
1802 1201 6606
1801 1202 6605
1800 1203 6604
1799 1204 6603
1798 1205 6602
1797 1206 6601
1796 1207 6600
1795 1208 6599
1794 1209 6598
1793 1210 6597
1792 1211 6596
1791 1212 6595
1790 1213 6594
1789 1214 6593
1788 1215 6592
1787 1216 6591
1786 1217 6590
1785 1218 6589
1784 1219 6588
1783 1220 6587
1782 1221 6586
1781 1222 6585
1780 1223 6584
1779 1224 6583
1778 1225 6582
1777 1226 6581
1776 1227 6580
1775 1228 6579
1774 1229 6578
1773 1230 6577
1772 1231 6576
1771 1232 6575
1770 1233 6574
1769 1234 6573
1768 1235 6572
1767 1236 6571
1766 1237 6570
1765 1238 6569
1764 1239 6568
1763 1240 6567
1762 1241 6566
1761 1242 6565
1760 1243 6564
1759 1244 6563
1758 1245 6562
1757 1246 6561
1756 1247 6560
1755 1248 6559
1754 1249 6558
1753 1250 6557
1752 1251 6556
1751 1252 6555
1750 1253 6554
1749 1254 6553
1748 1255 6552
1747 1256 6551
1746 1257 6550
1745 1258 6549
1744 1259 6548
1743 1260 6547
1742 1261 6546
1741 1262 6545
1740 1263 6544
1739 1264 6543
1738 1265 6542
1737 1266 6541
1736 1267 6540
1735 1268 6539
1734 1269 6538
1733 1270 6537
1732 1271 6536
1731 1272 6535
1730 1273 6534
1729 1274 6533
1728 1275 6532
1727 1276 6531
1726 1277 6530
1725 1278 6529
1724 1279 6528
1723 1280 6527
1722 1281 6526
1721 1282 6525
1720 1283 6524
1719 1284 6523
1718 1285 6522
1717 1286 6521
1716 1287 6520
1715 1288 6519
1714 1289 6518
1713 1290 6517
1712 1291 6516
1711 1292 6515
1710 1293 6514
1709 1294 6513
1708 1295 6512
1707 1296 6511
1706 1297 6510
1705 1298 6509
1704 1299 6508
1703 1300 6507
1702 1301 6506
1701 1302 6505
1700 1303 6504
1699 1304 6503
1698 1305 6502
1697 1306 6501
1696 1307 6500
1695 1308 6499
1694 1309 6498
1693 1310 6497
1692 1311 6496
1691 1312 6495
1690 1313 6494
1689 1314 6493
1688 1315 6492
1687 1316 6491
1686 1317 6490
1685 1318 6489
1684 1319 6488
1683 1320 6487
1682 1321 6486
1681 1322 6485
1680 1323 6484
1679 1324 6483
1678 1325 6482
1677 1326 6481
1676 1327 6480
1675 1328 6479
1674 1329 6478
1673 1330 6477
1672 1331 6476
1671 1332 6475
1670 1333 6474
1669 1334 6473
1668 1335 6472
1667 1336 6471
1666 1337 6470
1665 1338 6469
1664 1339 6468
1663 1340 6467
1662 1341 6466
1661 1342 6465
1660 1343 6464
1659 1344 6463
1658 1345 6462
1657 1346 6461
1656 1347 6460
1655 1348 6459
1654 1349 6458
1653 1350 6457
1652 1351 6456
1651 1352 6455
1650 1353 6454
1649 1354 6453
1648 1355 6452
1647 1356 6451
1646 1357 6450
1645 1358 6449
1644 1359 6448
1643 1360 6447
1642 1361 6446
1641 1362 6445
1640 1363 6444
1639 1364 6443
1638 1365 6442
1637 1366 6441
1636 1367 6440
1635 1368 6439
1634 1369 6438
1633 1370 6437
1632 1371 6436
1631 1372 6435
1630 1373 6434
1629 1374 6433
1628 1375 6432
1627 1376 6431
1626 1377 6430
1625 1378 6429
1624 1379 6428
1623 1380 6427
1622 1381 6426
1621 1382 6425
1620 1383 6424
1619 1384 6423
1618 1385 6422
1617 1386 6421
1616 1387 6420
1615 1388 6419
1614 1389 6418
1613 1390 6417
1612 1391 6416
1611 1392 6415
1610 1393 6414
1609 1394 6413
1608 1395 6412
1607 1396 6411
1606 1397 6410
1605 1398 6409
1604 1399 6408
1603 1400 6407
1602 1401 6406
1601 1402 6405
1600 1403 6404
1599 1404 6403
1598 1405 6402
1597 1406 6401
1596 1407 6400
1595 1408 6399
1594 1409 6398
1593 1410 6397
1592 1411 6396
1591 1412 6395
1590 1413 6394
1589 1414 6393
1588 1415 6392
1587 1416 6391
1586 1417 6390
1585 1418 6389
1584 1419 6388
1583 1420 6387
1582 1421 6386
1581 1422 6385
1580 1423 6384
1579 1424 6383
1578 1425 6382
1577 1426 6381
1576 1427 6380
1575 1428 6379
1574 1429 6378
1573 1430 6377
1572 1431 6376
1571 1432 6375
1570 1433 6374
1569 1434 6373
1568 1435 6372
1567 1436 6371
1566 1437 6370
1565 1438 6369
1564 1439 6368
1563 1440 6367
1562 1441 6366
1561 1442 6365
1560 1443 6364
1559 1444 6363
1558 1445 6362
1557 1446 6361
1556 1447 6360
1555 1448 6359
1554 1449 6358
1553 1450 6357
1552 1451 6356
1551 1452 6355
1550 1453 6354
1549 1454 6353
1548 1455 6352
1547 1456 6351
1546 1457 6350
1545 1458 6349
1544 1459 6348
1543 1460 6347
1542 1461 6346
1541 1462 6345
1540 1463 6344
1539 1464 6343
1538 1465 6342
1537 1466 6341
1536 1467 6340
1535 1468 6339
1534 1469 6338
1533 1470 6337
1532 1471 6336
1531 1472 6335
1530 1473 6334
1529 1474 6333
1528 1475 6332
1527 1476 6331
1526 1477 6330
1525 1478 6329
1524 1479 6328
1523 1480 6327
1522 1481 6326
1521 1482 6325
1520 1483 6324
1519 1484 6323
1518 1485 6322
1517 1486 6321
1516 1487 6320
1515 1488 6319
1514 1489 6318
1513 1490 6317
1512 1491 6316
1511 1492 6315
1510 1493 6314
1509 1494 6313
1508 1495 6312
1507 1496 6311
1506 1497 6310
1505 1498 6309
1504 1499 6308
1503 1500 6307
1502 1501 6306
1501 1502 6305
1500 1503 6304
1499 1504 6303
1498 1505 6302
1497 1506 6301
1496 1507 6300
1495 1508 6299
1494 1509 6298
1493 1510 6297
1492 1511 6296
1491 1512 6295
1490 1513 6294
1489 1514 6293
1488 1515 6292
1487 1516 6291
1486 1517 6290
1485 1518 6289
1484 1519 6288
1483 1520 6287
1482 1521 6286
1481 1522 6285
1480 1523 6284
1479 1524 6283
1478 1525 6282
1477 1526 6281
1476 1527 6280
1475 1528 6279
1474 1529 6278
1473 1530 6277
1472 1531 6276
1471 1532 6275
1470 1533 6274
1469 1534 6273
1468 1535 6272
1467 1536 6271
1466 1537 6270
1465 1538 6269
1464 1539 6268
1463 1540 6267
1462 1541 6266
1461 1542 6265
1460 1543 6264
1459 1544 6263
1458 1545 6262
1457 1546 6261
1456 1547 6260
1455 1548 6259
1454 1549 6258
1453 1550 6257
1452 1551 6256
1451 1552 6255
1450 1553 6254
1449 1554 6253
1448 1555 6252
1447 1556 6251
1446 1557 6250
1445 1558 6249
1444 1559 6248
1443 1560 6247
1442 1561 6246
1441 1562 6245
1440 1563 6244
1439 1564 6243
1438 1565 6242
1437 1566 6241
1436 1567 6240
1435 1568 6239
1434 1569 6238
1433 1570 6237
1432 1571 6236
1431 1572 6235
1430 1573 6234
1429 1574 6233
1428 1575 6232
1427 1576 6231
1426 1577 6230
1425 1578 6229
1424 1579 6228
1423 1580 6227
1422 1581 6226
1421 1582 6225
1420 1583 6224
1419 1584 6223
1418 1585 6222
1417 1586 6221
1416 1587 6220
1415 1588 6219
1414 1589 6218
1413 1590 6217
1412 1591 6216
1411 1592 6215
1410 1593 6214
1409 1594 6213
1408 1595 6212
1407 1596 6211
1406 1597 6210
1405 1598 6209
1404 1599 6208
1403 1600 6207
1402 1601 6206
1401 1602 6205
1400 1603 6204
1399 1604 6203
1398 1605 6202
1397 1606 6201
1396 1607 6200
1395 1608 6199
1394 1609 6198
1393 1610 6197
1392 1611 6196
1391 1612 6195
1390 1613 6194
1389 1614 6193
1388 1615 6192
1387 1616 6191
1386 1617 6190
1385 1618 6189
1384 1619 6188
1383 1620 6187
1382 1621 6186
1381 1622 6185
1380 1623 6184
1379 1624 6183
1378 1625 6182
1377 1626 6181
1376 1627 6180
1375 1628 6179
1374 1629 6178
1373 1630 6177
1372 1631 6176
1371 1632 6175
1370 1633 6174
1369 1634 6173
1368 1635 6172
1367 1636 6171
1366 1637 6170
1365 1638 6169
1364 1639 6168
1363 1640 6167
1362 1641 6166
1361 1642 6165
1360 1643 6164
1359 1644 6163
1358 1645 6162
1357 1646 6161
1356 1647 6160
1355 1648 6159
1354 1649 6158
1353 1650 6157
1352 1651 6156
1351 1652 6155
1350 1653 6154
1349 1654 6153
1348 1655 6152
1347 1656 6151
1346 1657 6150
1345 1658 6149
1344 1659 6148
1343 1660 6147
1342 1661 6146
1341 1662 6145
1340 1663 6144
1339 1664 6143
1338 1665 6142
1337 1666 6141
1336 1667 6140
1335 1668 6139
1334 1669 6138
1333 1670 6137
1332 1671 6136
1331 1672 6135
1330 1673 6134
1329 1674 6133
1328 1675 6132
1327 1676 6131
1326 1677 6130
1325 1678 6129
1324 1679 6128
1323 1680 6127
1322 1681 6126
1321 1682 6125
1320 1683 6124
1319 1684 6123
1318 1685 6122
1317 1686 6121
1316 1687 6120
1315 1688 6119
1314 1689 6118
1313 1690 6117
1312 1691 6116
1311 1692 6115
1310 1693 6114
1309 1694 6113
1308 1695 6112
1307 1696 6111
1306 1697 6110
1305 1698 6109
1304 1699 6108
1303 1700 6107
1302 1701 6106
1301 1702 6105
1300 1703 6104
1299 1704 6103
1298 1705 6102
1297 1706 6101
1296 1707 6100
1295 1708 6099
1294 1709 6098
1293 1710 6097
1292 1711 6096
1291 1712 6095
1290 1713 6094
1289 1714 6093
1288 1715 6092
1287 1716 6091
1286 1717 6090
1285 1718 6089
1284 1719 6088
1283 1720 6087
1282 1721 6086
1281 1722 6085
1280 1723 6084
1279 1724 6083
1278 1725 6082
1277 1726 6081
1276 1727 6080
1275 1728 6079
1274 1729 6078
1273 1730 6077
1272 1731 6076
1271 1732 6075
1270 1733 6074
1269 1734 6073
1268 1735 6072
1267 1736 6071
1266 1737 6070
1265 1738 6069
1264 1739 6068
1263 1740 6067
1262 1741 6066
1261 1742 6065
1260 1743 6064
1259 1744 6063
1258 1745 6062
1257 1746 6061
1256 1747 6060
1255 1748 6059
1254 1749 6058
1253 1750 6057
1252 1751 6056
1251 1752 6055
1250 1753 6054
1249 1754 6053
1248 1755 6052
1247 1756 6051
1246 1757 6050
1245 1758 6049
1244 1759 6048
1243 1760 6047
1242 1761 6046
1241 1762 6045
1240 1763 6044
1239 1764 6043
1238 1765 6042
1237 1766 6041
1236 1767 6040
1235 1768 6039
1234 1769 6038
1233 1770 6037
1232 1771 6036
1231 1772 6035
1230 1773 6034
1229 1774 6033
1228 1775 6032
1227 1776 6031
1226 1777 6030
1225 1778 6029
1224 1779 6028
1223 1780 6027
1222 1781 6026
1221 1782 6025
1220 1783 6024
1219 1784 6023
1218 1785 6022
1217 1786 6021
1216 1787 6020
1215 1788 6019
1214 1789 6018
1213 1790 6017
1212 1791 6016
1211 1792 6015
1210 1793 6014
1209 1794 6013
1208 1795 6012
1207 1796 6011
1206 1797 6010
1205 1798 6009
1204 1799 6008
1203 1800 6007
1202 1801 6006
1201 1802 6005
1200 1803 6004
1199 1804 6003
1198 1805 6002
1197 1806 6001
