2784
3000 3 8784
2999 4 8783
2998 5 8782
2997 6 8781
2996 7 8780
2995 8 8779
2994 9 8778
2993 10 8777
2992 11 8776
2991 12 8775
2990 13 8774
2989 14 8773
2988 15 8772
2987 16 8771
2986 17 8770
2985 18 8769
2984 19 8768
2983 20 8767
2982 21 8766
2981 22 8765
2980 23 8764
2979 24 8763
2978 25 8762
2977 26 8761
2976 27 8760
2975 28 8759
2974 29 8758
2973 30 8757
2972 31 8756
2971 32 8755
2970 33 8754
2969 34 8753
2968 35 8752
2967 36 8751
2966 37 8750
2965 38 8749
2964 39 8748
2963 40 8747
2962 41 8746
2961 42 8745
2960 43 8744
2959 44 8743
2958 45 8742
2957 46 8741
2956 47 8740
2955 48 8739
2954 49 8738
2953 50 8737
2952 51 8736
2951 52 8735
2950 53 8734
2949 54 8733
2948 55 8732
2947 56 8731
2946 57 8730
2945 58 8729
2944 59 8728
2943 60 8727
2942 61 8726
2941 62 8725
2940 63 8724
2939 64 8723
2938 65 8722
2937 66 8721
2936 67 8720
2935 68 8719
2934 69 8718
2933 70 8717
2932 71 8716
2931 72 8715
2930 73 8714
2929 74 8713
2928 75 8712
2927 76 8711
2926 77 8710
2925 78 8709
2924 79 8708
2923 80 8707
2922 81 8706
2921 82 8705
2920 83 8704
2919 84 8703
2918 85 8702
2917 86 8701
2916 87 8700
2915 88 8699
2914 89 8698
2913 90 8697
2912 91 8696
2911 92 8695
2910 93 8694
2909 94 8693
2908 95 8692
2907 96 8691
2906 97 8690
2905 98 8689
2904 99 8688
2903 100 8687
2902 101 8686
2901 102 8685
2900 103 8684
2899 104 8683
2898 105 8682
2897 106 8681
2896 107 8680
2895 108 8679
2894 109 8678
2893 110 8677
2892 111 8676
2891 112 8675
2890 113 8674
2889 114 8673
2888 115 8672
2887 116 8671
2886 117 8670
2885 118 8669
2884 119 8668
2883 120 8667
2882 121 8666
2881 122 8665
2880 123 8664
2879 124 8663
2878 125 8662
2877 126 8661
2876 127 8660
2875 128 8659
2874 129 8658
2873 130 8657
2872 131 8656
2871 132 8655
2870 133 8654
2869 134 8653
2868 135 8652
2867 136 8651
2866 137 8650
2865 138 8649
2864 139 8648
2863 140 8647
2862 141 8646
2861 142 8645
2860 143 8644
2859 144 8643
2858 145 8642
2857 146 8641
2856 147 8640
2855 148 8639
2854 149 8638
2853 150 8637
2852 151 8636
2851 152 8635
2850 153 8634
2849 154 8633
2848 155 8632
2847 156 8631
2846 157 8630
2845 158 8629
2844 159 8628
2843 160 8627
2842 161 8626
2841 162 8625
2840 163 8624
2839 164 8623
2838 165 8622
2837 166 8621
2836 167 8620
2835 168 8619
2834 169 8618
2833 170 8617
2832 171 8616
2831 172 8615
2830 173 8614
2829 174 8613
2828 175 8612
2827 176 8611
2826 177 8610
2825 178 8609
2824 179 8608
2823 180 8607
2822 181 8606
2821 182 8605
2820 183 8604
2819 184 8603
2818 185 8602
2817 186 8601
2816 187 8600
2815 188 8599
2814 189 8598
2813 190 8597
2812 191 8596
2811 192 8595
2810 193 8594
2809 194 8593
2808 195 8592
2807 196 8591
2806 197 8590
2805 198 8589
2804 199 8588
2803 200 8587
2802 201 8586
2801 202 8585
2800 203 8584
2799 204 8583
2798 205 8582
2797 206 8581
2796 207 8580
2795 208 8579
2794 209 8578
2793 210 8577
2792 211 8576
2791 212 8575
2790 213 8574
2789 214 8573
2788 215 8572
2787 216 8571
2786 217 8570
2785 218 8569
2784 219 8568
2783 220 8567
2782 221 8566
2781 222 8565
2780 223 8564
2779 224 8563
2778 225 8562
2777 226 8561
2776 227 8560
2775 228 8559
2774 229 8558
2773 230 8557
2772 231 8556
2771 232 8555
2770 233 8554
2769 234 8553
2768 235 8552
2767 236 8551
2766 237 8550
2765 238 8549
2764 239 8548
2763 240 8547
2762 241 8546
2761 242 8545
2760 243 8544
2759 244 8543
2758 245 8542
2757 246 8541
2756 247 8540
2755 248 8539
2754 249 8538
2753 250 8537
2752 251 8536
2751 252 8535
2750 253 8534
2749 254 8533
2748 255 8532
2747 256 8531
2746 257 8530
2745 258 8529
2744 259 8528
2743 260 8527
2742 261 8526
2741 262 8525
2740 263 8524
2739 264 8523
2738 265 8522
2737 266 8521
2736 267 8520
2735 268 8519
2734 269 8518
2733 270 8517
2732 271 8516
2731 272 8515
2730 273 8514
2729 274 8513
2728 275 8512
2727 276 8511
2726 277 8510
2725 278 8509
2724 279 8508
2723 280 8507
2722 281 8506
2721 282 8505
2720 283 8504
2719 284 8503
2718 285 8502
2717 286 8501
2716 287 8500
2715 288 8499
2714 289 8498
2713 290 8497
2712 291 8496
2711 292 8495
2710 293 8494
2709 294 8493
2708 295 8492
2707 296 8491
2706 297 8490
2705 298 8489
2704 299 8488
2703 300 8487
2702 301 8486
2701 302 8485
2700 303 8484
2699 304 8483
2698 305 8482
2697 306 8481
2696 307 8480
2695 308 8479
2694 309 8478
2693 310 8477
2692 311 8476
2691 312 8475
2690 313 8474
2689 314 8473
2688 315 8472
2687 316 8471
2686 317 8470
2685 318 8469
2684 319 8468
2683 320 8467
2682 321 8466
2681 322 8465
2680 323 8464
2679 324 8463
2678 325 8462
2677 326 8461
2676 327 8460
2675 328 8459
2674 329 8458
2673 330 8457
2672 331 8456
2671 332 8455
2670 333 8454
2669 334 8453
2668 335 8452
2667 336 8451
2666 337 8450
2665 338 8449
2664 339 8448
2663 340 8447
2662 341 8446
2661 342 8445
2660 343 8444
2659 344 8443
2658 345 8442
2657 346 8441
2656 347 8440
2655 348 8439
2654 349 8438
2653 350 8437
2652 351 8436
2651 352 8435
2650 353 8434
2649 354 8433
2648 355 8432
2647 356 8431
2646 357 8430
2645 358 8429
2644 359 8428
2643 360 8427
2642 361 8426
2641 362 8425
2640 363 8424
2639 364 8423
2638 365 8422
2637 366 8421
2636 367 8420
2635 368 8419
2634 369 8418
2633 370 8417
2632 371 8416
2631 372 8415
2630 373 8414
2629 374 8413
2628 375 8412
2627 376 8411
2626 377 8410
2625 378 8409
2624 379 8408
2623 380 8407
2622 381 8406
2621 382 8405
2620 383 8404
2619 384 8403
2618 385 8402
2617 386 8401
2616 387 8400
2615 388 8399
2614 389 8398
2613 390 8397
2612 391 8396
2611 392 8395
2610 393 8394
2609 394 8393
2608 395 8392
2607 396 8391
2606 397 8390
2605 398 8389
2604 399 8388
2603 400 8387
2602 401 8386
2601 402 8385
2600 403 8384
2599 404 8383
2598 405 8382
2597 406 8381
2596 407 8380
2595 408 8379
2594 409 8378
2593 410 8377
2592 411 8376
2591 412 8375
2590 413 8374
2589 414 8373
2588 415 8372
2587 416 8371
2586 417 8370
2585 418 8369
2584 419 8368
2583 420 8367
2582 421 8366
2581 422 8365
2580 423 8364
2579 424 8363
2578 425 8362
2577 426 8361
2576 427 8360
2575 428 8359
2574 429 8358
2573 430 8357
2572 431 8356
2571 432 8355
2570 433 8354
2569 434 8353
2568 435 8352
2567 436 8351
2566 437 8350
2565 438 8349
2564 439 8348
2563 440 8347
2562 441 8346
2561 442 8345
2560 443 8344
2559 444 8343
2558 445 8342
2557 446 8341
2556 447 8340
2555 448 8339
2554 449 8338
2553 450 8337
2552 451 8336
2551 452 8335
2550 453 8334
2549 454 8333
2548 455 8332
2547 456 8331
2546 457 8330
2545 458 8329
2544 459 8328
2543 460 8327
2542 461 8326
2541 462 8325
2540 463 8324
2539 464 8323
2538 465 8322
2537 466 8321
2536 467 8320
2535 468 8319
2534 469 8318
2533 470 8317
2532 471 8316
2531 472 8315
2530 473 8314
2529 474 8313
2528 475 8312
2527 476 8311
2526 477 8310
2525 478 8309
2524 479 8308
2523 480 8307
2522 481 8306
2521 482 8305
2520 483 8304
2519 484 8303
2518 485 8302
2517 486 8301
2516 487 8300
2515 488 8299
2514 489 8298
2513 490 8297
2512 491 8296
2511 492 8295
2510 493 8294
2509 494 8293
2508 495 8292
2507 496 8291
2506 497 8290
2505 498 8289
2504 499 8288
2503 500 8287
2502 501 8286
2501 502 8285
2500 503 8284
2499 504 8283
2498 505 8282
2497 506 8281
2496 507 8280
2495 508 8279
2494 509 8278
2493 510 8277
2492 511 8276
2491 512 8275
2490 513 8274
2489 514 8273
2488 515 8272
2487 516 8271
2486 517 8270
2485 518 8269
2484 519 8268
2483 520 8267
2482 521 8266
2481 522 8265
2480 523 8264
2479 524 8263
2478 525 8262
2477 526 8261
2476 527 8260
2475 528 8259
2474 529 8258
2473 530 8257
2472 531 8256
2471 532 8255
2470 533 8254
2469 534 8253
2468 535 8252
2467 536 8251
2466 537 8250
2465 538 8249
2464 539 8248
2463 540 8247
2462 541 8246
2461 542 8245
2460 543 8244
2459 544 8243
2458 545 8242
2457 546 8241
2456 547 8240
2455 548 8239
2454 549 8238
2453 550 8237
2452 551 8236
2451 552 8235
2450 553 8234
2449 554 8233
2448 555 8232
2447 556 8231
2446 557 8230
2445 558 8229
2444 559 8228
2443 560 8227
2442 561 8226
2441 562 8225
2440 563 8224
2439 564 8223
2438 565 8222
2437 566 8221
2436 567 8220
2435 568 8219
2434 569 8218
2433 570 8217
2432 571 8216
2431 572 8215
2430 573 8214
2429 574 8213
2428 575 8212
2427 576 8211
2426 577 8210
2425 578 8209
2424 579 8208
2423 580 8207
2422 581 8206
2421 582 8205
2420 583 8204
2419 584 8203
2418 585 8202
2417 586 8201
2416 587 8200
2415 588 8199
2414 589 8198
2413 590 8197
2412 591 8196
2411 592 8195
2410 593 8194
2409 594 8193
2408 595 8192
2407 596 8191
2406 597 8190
2405 598 8189
2404 599 8188
2403 600 8187
2402 601 8186
2401 602 8185
2400 603 8184
2399 604 8183
2398 605 8182
2397 606 8181
2396 607 8180
2395 608 8179
2394 609 8178
2393 610 8177
2392 611 8176
2391 612 8175
2390 613 8174
2389 614 8173
2388 615 8172
2387 616 8171
2386 617 8170
2385 618 8169
2384 619 8168
2383 620 8167
2382 621 8166
2381 622 8165
2380 623 8164
2379 624 8163
2378 625 8162
2377 626 8161
2376 627 8160
2375 628 8159
2374 629 8158
2373 630 8157
2372 631 8156
2371 632 8155
2370 633 8154
2369 634 8153
2368 635 8152
2367 636 8151
2366 637 8150
2365 638 8149
2364 639 8148
2363 640 8147
2362 641 8146
2361 642 8145
2360 643 8144
2359 644 8143
2358 645 8142
2357 646 8141
2356 647 8140
2355 648 8139
2354 649 8138
2353 650 8137
2352 651 8136
2351 652 8135
2350 653 8134
2349 654 8133
2348 655 8132
2347 656 8131
2346 657 8130
2345 658 8129
2344 659 8128
2343 660 8127
2342 661 8126
2341 662 8125
2340 663 8124
2339 664 8123
2338 665 8122
2337 666 8121
2336 667 8120
2335 668 8119
2334 669 8118
2333 670 8117
2332 671 8116
2331 672 8115
2330 673 8114
2329 674 8113
2328 675 8112
2327 676 8111
2326 677 8110
2325 678 8109
2324 679 8108
2323 680 8107
2322 681 8106
2321 682 8105
2320 683 8104
2319 684 8103
2318 685 8102
2317 686 8101
2316 687 8100
2315 688 8099
2314 689 8098
2313 690 8097
2312 691 8096
2311 692 8095
2310 693 8094
2309 694 8093
2308 695 8092
2307 696 8091
2306 697 8090
2305 698 8089
2304 699 8088
2303 700 8087
2302 701 8086
2301 702 8085
2300 703 8084
2299 704 8083
2298 705 8082
2297 706 8081
2296 707 8080
2295 708 8079
2294 709 8078
2293 710 8077
2292 711 8076
2291 712 8075
2290 713 8074
2289 714 8073
2288 715 8072
2287 716 8071
2286 717 8070
2285 718 8069
2284 719 8068
2283 720 8067
2282 721 8066
2281 722 8065
2280 723 8064
2279 724 8063
2278 725 8062
2277 726 8061
2276 727 8060
2275 728 8059
2274 729 8058
2273 730 8057
2272 731 8056
2271 732 8055
2270 733 8054
2269 734 8053
2268 735 8052
2267 736 8051
2266 737 8050
2265 738 8049
2264 739 8048
2263 740 8047
2262 741 8046
2261 742 8045
2260 743 8044
2259 744 8043
2258 745 8042
2257 746 8041
2256 747 8040
2255 748 8039
2254 749 8038
2253 750 8037
2252 751 8036
2251 752 8035
2250 753 8034
2249 754 8033
2248 755 8032
2247 756 8031
2246 757 8030
2245 758 8029
2244 759 8028
2243 760 8027
2242 761 8026
2241 762 8025
2240 763 8024
2239 764 8023
2238 765 8022
2237 766 8021
2236 767 8020
2235 768 8019
2234 769 8018
2233 770 8017
2232 771 8016
2231 772 8015
2230 773 8014
2229 774 8013
2228 775 8012
2227 776 8011
2226 777 8010
2225 778 8009
2224 779 8008
2223 780 8007
2222 781 8006
2221 782 8005
2220 783 8004
2219 784 8003
2218 785 8002
2217 786 8001
2216 787 8000
2215 788 7999
2214 789 7998
2213 790 7997
2212 791 7996
2211 792 7995
2210 793 7994
2209 794 7993
2208 795 7992
2207 796 7991
2206 797 7990
2205 798 7989
2204 799 7988
2203 800 7987
2202 801 7986
2201 802 7985
2200 803 7984
2199 804 7983
2198 805 7982
2197 806 7981
2196 807 7980
2195 808 7979
2194 809 7978
2193 810 7977
2192 811 7976
2191 812 7975
2190 813 7974
2189 814 7973
2188 815 7972
2187 816 7971
2186 817 7970
2185 818 7969
2184 819 7968
2183 820 7967
2182 821 7966
2181 822 7965
2180 823 7964
2179 824 7963
2178 825 7962
2177 826 7961
2176 827 7960
2175 828 7959
2174 829 7958
2173 830 7957
2172 831 7956
2171 832 7955
2170 833 7954
2169 834 7953
2168 835 7952
2167 836 7951
2166 837 7950
2165 838 7949
2164 839 7948
2163 840 7947
2162 841 7946
2161 842 7945
2160 843 7944
2159 844 7943
2158 845 7942
2157 846 7941
2156 847 7940
2155 848 7939
2154 849 7938
2153 850 7937
2152 851 7936
2151 852 7935
2150 853 7934
2149 854 7933
2148 855 7932
2147 856 7931
2146 857 7930
2145 858 7929
2144 859 7928
2143 860 7927
2142 861 7926
2141 862 7925
2140 863 7924
2139 864 7923
2138 865 7922
2137 866 7921
2136 867 7920
2135 868 7919
2134 869 7918
2133 870 7917
2132 871 7916
2131 872 7915
2130 873 7914
2129 874 7913
2128 875 7912
2127 876 7911
2126 877 7910
2125 878 7909
2124 879 7908
2123 880 7907
2122 881 7906
2121 882 7905
2120 883 7904
2119 884 7903
2118 885 7902
2117 886 7901
2116 887 7900
2115 888 7899
2114 889 7898
2113 890 7897
2112 891 7896
2111 892 7895
2110 893 7894
2109 894 7893
2108 895 7892
2107 896 7891
2106 897 7890
2105 898 7889
2104 899 7888
2103 900 7887
2102 901 7886
2101 902 7885
2100 903 7884
2099 904 7883
2098 905 7882
2097 906 7881
2096 907 7880
2095 908 7879
2094 909 7878
2093 910 7877
2092 911 7876
2091 912 7875
2090 913 7874
2089 914 7873
2088 915 7872
2087 916 7871
2086 917 7870
2085 918 7869
2084 919 7868
2083 920 7867
2082 921 7866
2081 922 7865
2080 923 7864
2079 924 7863
2078 925 7862
2077 926 7861
2076 927 7860
2075 928 7859
2074 929 7858
2073 930 7857
2072 931 7856
2071 932 7855
2070 933 7854
2069 934 7853
2068 935 7852
2067 936 7851
2066 937 7850
2065 938 7849
2064 939 7848
2063 940 7847
2062 941 7846
2061 942 7845
2060 943 7844
2059 944 7843
2058 945 7842
2057 946 7841
2056 947 7840
2055 948 7839
2054 949 7838
2053 950 7837
2052 951 7836
2051 952 7835
2050 953 7834
2049 954 7833
2048 955 7832
2047 956 7831
2046 957 7830
2045 958 7829
2044 959 7828
2043 960 7827
2042 961 7826
2041 962 7825
2040 963 7824
2039 964 7823
2038 965 7822
2037 966 7821
2036 967 7820
2035 968 7819
2034 969 7818
2033 970 7817
2032 971 7816
2031 972 7815
2030 973 7814
2029 974 7813
2028 975 7812
2027 976 7811
2026 977 7810
2025 978 7809
2024 979 7808
2023 980 7807
2022 981 7806
2021 982 7805
2020 983 7804
2019 984 7803
2018 985 7802
2017 986 7801
2016 987 7800
2015 988 7799
2014 989 7798
2013 990 7797
2012 991 7796
2011 992 7795
2010 993 7794
2009 994 7793
2008 995 7792
2007 996 7791
2006 997 7790
2005 998 7789
2004 999 7788
2003 1000 7787
2002 1001 7786
2001 1002 7785
2000 1003 7784
1999 1004 7783
1998 1005 7782
1997 1006 7781
1996 1007 7780
1995 1008 7779
1994 1009 7778
1993 1010 7777
1992 1011 7776
1991 1012 7775
1990 1013 7774
1989 1014 7773
1988 1015 7772
1987 1016 7771
1986 1017 7770
1985 1018 7769
1984 1019 7768
1983 1020 7767
1982 1021 7766
1981 1022 7765
1980 1023 7764
1979 1024 7763
1978 1025 7762
1977 1026 7761
1976 1027 7760
1975 1028 7759
1974 1029 7758
1973 1030 7757
1972 1031 7756
1971 1032 7755
1970 1033 7754
1969 1034 7753
1968 1035 7752
1967 1036 7751
1966 1037 7750
1965 1038 7749
1964 1039 7748
1963 1040 7747
1962 1041 7746
1961 1042 7745
1960 1043 7744
1959 1044 7743
1958 1045 7742
1957 1046 7741
1956 1047 7740
1955 1048 7739
1954 1049 7738
1953 1050 7737
1952 1051 7736
1951 1052 7735
1950 1053 7734
1949 1054 7733
1948 1055 7732
1947 1056 7731
1946 1057 7730
1945 1058 7729
1944 1059 7728
1943 1060 7727
1942 1061 7726
1941 1062 7725
1940 1063 7724
1939 1064 7723
1938 1065 7722
1937 1066 7721
1936 1067 7720
1935 1068 7719
1934 1069 7718
1933 1070 7717
1932 1071 7716
1931 1072 7715
1930 1073 7714
1929 1074 7713
1928 1075 7712
1927 1076 7711
1926 1077 7710
1925 1078 7709
1924 1079 7708
1923 1080 7707
1922 1081 7706
1921 1082 7705
1920 1083 7704
1919 1084 7703
1918 1085 7702
1917 1086 7701
1916 1087 7700
1915 1088 7699
1914 1089 7698
1913 1090 7697
1912 1091 7696
1911 1092 7695
1910 1093 7694
1909 1094 7693
1908 1095 7692
1907 1096 7691
1906 1097 7690
1905 1098 7689
1904 1099 7688
1903 1100 7687
1902 1101 7686
1901 1102 7685
1900 1103 7684
1899 1104 7683
1898 1105 7682
1897 1106 7681
1896 1107 7680
1895 1108 7679
1894 1109 7678
1893 1110 7677
1892 1111 7676
1891 1112 7675
1890 1113 7674
1889 1114 7673
1888 1115 7672
1887 1116 7671
1886 1117 7670
1885 1118 7669
1884 1119 7668
1883 1120 7667
1882 1121 7666
1881 1122 7665
1880 1123 7664
1879 1124 7663
1878 1125 7662
1877 1126 7661
1876 1127 7660
1875 1128 7659
1874 1129 7658
1873 1130 7657
1872 1131 7656
1871 1132 7655
1870 1133 7654
1869 1134 7653
1868 1135 7652
1867 1136 7651
1866 1137 7650
1865 1138 7649
1864 1139 7648
1863 1140 7647
1862 1141 7646
1861 1142 7645
1860 1143 7644
1859 1144 7643
1858 1145 7642
1857 1146 7641
1856 1147 7640
1855 1148 7639
1854 1149 7638
1853 1150 7637
1852 1151 7636
1851 1152 7635
1850 1153 7634
1849 1154 7633
1848 1155 7632
1847 1156 7631
1846 1157 7630
1845 1158 7629
1844 1159 7628
1843 1160 7627
1842 1161 7626
1841 1162 7625
1840 1163 7624
1839 1164 7623
1838 1165 7622
1837 1166 7621
1836 1167 7620
1835 1168 7619
1834 1169 7618
1833 1170 7617
1832 1171 7616
1831 1172 7615
1830 1173 7614
1829 1174 7613
1828 1175 7612
1827 1176 7611
1826 1177 7610
1825 1178 7609
1824 1179 7608
1823 1180 7607
1822 1181 7606
1821 1182 7605
1820 1183 7604
1819 1184 7603
1818 1185 7602
1817 1186 7601
1816 1187 7600
1815 1188 7599
1814 1189 7598
1813 1190 7597
1812 1191 7596
1811 1192 7595
1810 1193 7594
1809 1194 7593
1808 1195 7592
1807 1196 7591
1806 1197 7590
1805 1198 7589
1804 1199 7588
1803 1200 7587
1802 1201 7586
1801 1202 7585
1800 1203 7584
1799 1204 7583
1798 1205 7582
1797 1206 7581
1796 1207 7580
1795 1208 7579
1794 1209 7578
1793 1210 7577
1792 1211 7576
1791 1212 7575
1790 1213 7574
1789 1214 7573
1788 1215 7572
1787 1216 7571
1786 1217 7570
1785 1218 7569
1784 1219 7568
1783 1220 7567
1782 1221 7566
1781 1222 7565
1780 1223 7564
1779 1224 7563
1778 1225 7562
1777 1226 7561
1776 1227 7560
1775 1228 7559
1774 1229 7558
1773 1230 7557
1772 1231 7556
1771 1232 7555
1770 1233 7554
1769 1234 7553
1768 1235 7552
1767 1236 7551
1766 1237 7550
1765 1238 7549
1764 1239 7548
1763 1240 7547
1762 1241 7546
1761 1242 7545
1760 1243 7544
1759 1244 7543
1758 1245 7542
1757 1246 7541
1756 1247 7540
1755 1248 7539
1754 1249 7538
1753 1250 7537
1752 1251 7536
1751 1252 7535
1750 1253 7534
1749 1254 7533
1748 1255 7532
1747 1256 7531
1746 1257 7530
1745 1258 7529
1744 1259 7528
1743 1260 7527
1742 1261 7526
1741 1262 7525
1740 1263 7524
1739 1264 7523
1738 1265 7522
1737 1266 7521
1736 1267 7520
1735 1268 7519
1734 1269 7518
1733 1270 7517
1732 1271 7516
1731 1272 7515
1730 1273 7514
1729 1274 7513
1728 1275 7512
1727 1276 7511
1726 1277 7510
1725 1278 7509
1724 1279 7508
1723 1280 7507
1722 1281 7506
1721 1282 7505
1720 1283 7504
1719 1284 7503
1718 1285 7502
1717 1286 7501
1716 1287 7500
1715 1288 7499
1714 1289 7498
1713 1290 7497
1712 1291 7496
1711 1292 7495
1710 1293 7494
1709 1294 7493
1708 1295 7492
1707 1296 7491
1706 1297 7490
1705 1298 7489
1704 1299 7488
1703 1300 7487
1702 1301 7486
1701 1302 7485
1700 1303 7484
1699 1304 7483
1698 1305 7482
1697 1306 7481
1696 1307 7480
1695 1308 7479
1694 1309 7478
1693 1310 7477
1692 1311 7476
1691 1312 7475
1690 1313 7474
1689 1314 7473
1688 1315 7472
1687 1316 7471
1686 1317 7470
1685 1318 7469
1684 1319 7468
1683 1320 7467
1682 1321 7466
1681 1322 7465
1680 1323 7464
1679 1324 7463
1678 1325 7462
1677 1326 7461
1676 1327 7460
1675 1328 7459
1674 1329 7458
1673 1330 7457
1672 1331 7456
1671 1332 7455
1670 1333 7454
1669 1334 7453
1668 1335 7452
1667 1336 7451
1666 1337 7450
1665 1338 7449
1664 1339 7448
1663 1340 7447
1662 1341 7446
1661 1342 7445
1660 1343 7444
1659 1344 7443
1658 1345 7442
1657 1346 7441
1656 1347 7440
1655 1348 7439
1654 1349 7438
1653 1350 7437
1652 1351 7436
1651 1352 7435
1650 1353 7434
1649 1354 7433
1648 1355 7432
1647 1356 7431
1646 1357 7430
1645 1358 7429
1644 1359 7428
1643 1360 7427
1642 1361 7426
1641 1362 7425
1640 1363 7424
1639 1364 7423
1638 1365 7422
1637 1366 7421
1636 1367 7420
1635 1368 7419
1634 1369 7418
1633 1370 7417
1632 1371 7416
1631 1372 7415
1630 1373 7414
1629 1374 7413
1628 1375 7412
1627 1376 7411
1626 1377 7410
1625 1378 7409
1624 1379 7408
1623 1380 7407
1622 1381 7406
1621 1382 7405
1620 1383 7404
1619 1384 7403
1618 1385 7402
1617 1386 7401
1616 1387 7400
1615 1388 7399
1614 1389 7398
1613 1390 7397
1612 1391 7396
1611 1392 7395
1610 1393 7394
1609 1394 7393
1608 1395 7392
1607 1396 7391
1606 1397 7390
1605 1398 7389
1604 1399 7388
1603 1400 7387
1602 1401 7386
1601 1402 7385
1600 1403 7384
1599 1404 7383
1598 1405 7382
1597 1406 7381
1596 1407 7380
1595 1408 7379
1594 1409 7378
1593 1410 7377
1592 1411 7376
1591 1412 7375
1590 1413 7374
1589 1414 7373
1588 1415 7372
1587 1416 7371
1586 1417 7370
1585 1418 7369
1584 1419 7368
1583 1420 7367
1582 1421 7366
1581 1422 7365
1580 1423 7364
1579 1424 7363
1578 1425 7362
1577 1426 7361
1576 1427 7360
1575 1428 7359
1574 1429 7358
1573 1430 7357
1572 1431 7356
1571 1432 7355
1570 1433 7354
1569 1434 7353
1568 1435 7352
1567 1436 7351
1566 1437 7350
1565 1438 7349
1564 1439 7348
1563 1440 7347
1562 1441 7346
1561 1442 7345
1560 1443 7344
1559 1444 7343
1558 1445 7342
1557 1446 7341
1556 1447 7340
1555 1448 7339
1554 1449 7338
1553 1450 7337
1552 1451 7336
1551 1452 7335
1550 1453 7334
1549 1454 7333
1548 1455 7332
1547 1456 7331
1546 1457 7330
1545 1458 7329
1544 1459 7328
1543 1460 7327
1542 1461 7326
1541 1462 7325
1540 1463 7324
1539 1464 7323
1538 1465 7322
1537 1466 7321
1536 1467 7320
1535 1468 7319
1534 1469 7318
1533 1470 7317
1532 1471 7316
1531 1472 7315
1530 1473 7314
1529 1474 7313
1528 1475 7312
1527 1476 7311
1526 1477 7310
1525 1478 7309
1524 1479 7308
1523 1480 7307
1522 1481 7306
1521 1482 7305
1520 1483 7304
1519 1484 7303
1518 1485 7302
1517 1486 7301
1516 1487 7300
1515 1488 7299
1514 1489 7298
1513 1490 7297
1512 1491 7296
1511 1492 7295
1510 1493 7294
1509 1494 7293
1508 1495 7292
1507 1496 7291
1506 1497 7290
1505 1498 7289
1504 1499 7288
1503 1500 7287
1502 1501 7286
1501 1502 7285
1500 1503 7284
1499 1504 7283
1498 1505 7282
1497 1506 7281
1496 1507 7280
1495 1508 7279
1494 1509 7278
1493 1510 7277
1492 1511 7276
1491 1512 7275
1490 1513 7274
1489 1514 7273
1488 1515 7272
1487 1516 7271
1486 1517 7270
1485 1518 7269
1484 1519 7268
1483 1520 7267
1482 1521 7266
1481 1522 7265
1480 1523 7264
1479 1524 7263
1478 1525 7262
1477 1526 7261
1476 1527 7260
1475 1528 7259
1474 1529 7258
1473 1530 7257
1472 1531 7256
1471 1532 7255
1470 1533 7254
1469 1534 7253
1468 1535 7252
1467 1536 7251
1466 1537 7250
1465 1538 7249
1464 1539 7248
1463 1540 7247
1462 1541 7246
1461 1542 7245
1460 1543 7244
1459 1544 7243
1458 1545 7242
1457 1546 7241
1456 1547 7240
1455 1548 7239
1454 1549 7238
1453 1550 7237
1452 1551 7236
1451 1552 7235
1450 1553 7234
1449 1554 7233
1448 1555 7232
1447 1556 7231
1446 1557 7230
1445 1558 7229
1444 1559 7228
1443 1560 7227
1442 1561 7226
1441 1562 7225
1440 1563 7224
1439 1564 7223
1438 1565 7222
1437 1566 7221
1436 1567 7220
1435 1568 7219
1434 1569 7218
1433 1570 7217
1432 1571 7216
1431 1572 7215
1430 1573 7214
1429 1574 7213
1428 1575 7212
1427 1576 7211
1426 1577 7210
1425 1578 7209
1424 1579 7208
1423 1580 7207
1422 1581 7206
1421 1582 7205
1420 1583 7204
1419 1584 7203
1418 1585 7202
1417 1586 7201
1416 1587 7200
1415 1588 7199
1414 1589 7198
1413 1590 7197
1412 1591 7196
1411 1592 7195
1410 1593 7194
1409 1594 7193
1408 1595 7192
1407 1596 7191
1406 1597 7190
1405 1598 7189
1404 1599 7188
1403 1600 7187
1402 1601 7186
1401 1602 7185
1400 1603 7184
1399 1604 7183
1398 1605 7182
1397 1606 7181
1396 1607 7180
1395 1608 7179
1394 1609 7178
1393 1610 7177
1392 1611 7176
1391 1612 7175
1390 1613 7174
1389 1614 7173
1388 1615 7172
1387 1616 7171
1386 1617 7170
1385 1618 7169
1384 1619 7168
1383 1620 7167
1382 1621 7166
1381 1622 7165
1380 1623 7164
1379 1624 7163
1378 1625 7162
1377 1626 7161
1376 1627 7160
1375 1628 7159
1374 1629 7158
1373 1630 7157
1372 1631 7156
1371 1632 7155
1370 1633 7154
1369 1634 7153
1368 1635 7152
1367 1636 7151
1366 1637 7150
1365 1638 7149
1364 1639 7148
1363 1640 7147
1362 1641 7146
1361 1642 7145
1360 1643 7144
1359 1644 7143
1358 1645 7142
1357 1646 7141
1356 1647 7140
1355 1648 7139
1354 1649 7138
1353 1650 7137
1352 1651 7136
1351 1652 7135
1350 1653 7134
1349 1654 7133
1348 1655 7132
1347 1656 7131
1346 1657 7130
1345 1658 7129
1344 1659 7128
1343 1660 7127
1342 1661 7126
1341 1662 7125
1340 1663 7124
1339 1664 7123
1338 1665 7122
1337 1666 7121
1336 1667 7120
1335 1668 7119
1334 1669 7118
1333 1670 7117
1332 1671 7116
1331 1672 7115
1330 1673 7114
1329 1674 7113
1328 1675 7112
1327 1676 7111
1326 1677 7110
1325 1678 7109
1324 1679 7108
1323 1680 7107
1322 1681 7106
1321 1682 7105
1320 1683 7104
1319 1684 7103
1318 1685 7102
1317 1686 7101
1316 1687 7100
1315 1688 7099
1314 1689 7098
1313 1690 7097
1312 1691 7096
1311 1692 7095
1310 1693 7094
1309 1694 7093
1308 1695 7092
1307 1696 7091
1306 1697 7090
1305 1698 7089
1304 1699 7088
1303 1700 7087
1302 1701 7086
1301 1702 7085
1300 1703 7084
1299 1704 7083
1298 1705 7082
1297 1706 7081
1296 1707 7080
1295 1708 7079
1294 1709 7078
1293 1710 7077
1292 1711 7076
1291 1712 7075
1290 1713 7074
1289 1714 7073
1288 1715 7072
1287 1716 7071
1286 1717 7070
1285 1718 7069
1284 1719 7068
1283 1720 7067
1282 1721 7066
1281 1722 7065
1280 1723 7064
1279 1724 7063
1278 1725 7062
1277 1726 7061
1276 1727 7060
1275 1728 7059
1274 1729 7058
1273 1730 7057
1272 1731 7056
1271 1732 7055
1270 1733 7054
1269 1734 7053
1268 1735 7052
1267 1736 7051
1266 1737 7050
1265 1738 7049
1264 1739 7048
1263 1740 7047
1262 1741 7046
1261 1742 7045
1260 1743 7044
1259 1744 7043
1258 1745 7042
1257 1746 7041
1256 1747 7040
1255 1748 7039
1254 1749 7038
1253 1750 7037
1252 1751 7036
1251 1752 7035
1250 1753 7034
1249 1754 7033
1248 1755 7032
1247 1756 7031
1246 1757 7030
1245 1758 7029
1244 1759 7028
1243 1760 7027
1242 1761 7026
1241 1762 7025
1240 1763 7024
1239 1764 7023
1238 1765 7022
1237 1766 7021
1236 1767 7020
1235 1768 7019
1234 1769 7018
1233 1770 7017
1232 1771 7016
1231 1772 7015
1230 1773 7014
1229 1774 7013
1228 1775 7012
1227 1776 7011
1226 1777 7010
1225 1778 7009
1224 1779 7008
1223 1780 7007
1222 1781 7006
1221 1782 7005
1220 1783 7004
1219 1784 7003
1218 1785 7002
1217 1786 7001
1216 1787 7000
1215 1788 6999
1214 1789 6998
1213 1790 6997
1212 1791 6996
1211 1792 6995
1210 1793 6994
1209 1794 6993
1208 1795 6992
1207 1796 6991
1206 1797 6990
1205 1798 6989
1204 1799 6988
1203 1800 6987
1202 1801 6986
1201 1802 6985
1200 1803 6984
1199 1804 6983
1198 1805 6982
1197 1806 6981
1196 1807 6980
1195 1808 6979
1194 1809 6978
1193 1810 6977
1192 1811 6976
1191 1812 6975
1190 1813 6974
1189 1814 6973
1188 1815 6972
1187 1816 6971
1186 1817 6970
1185 1818 6969
1184 1819 6968
1183 1820 6967
1182 1821 6966
1181 1822 6965
1180 1823 6964
1179 1824 6963
1178 1825 6962
1177 1826 6961
1176 1827 6960
1175 1828 6959
1174 1829 6958
1173 1830 6957
1172 1831 6956
1171 1832 6955
1170 1833 6954
1169 1834 6953
1168 1835 6952
1167 1836 6951
1166 1837 6950
1165 1838 6949
1164 1839 6948
1163 1840 6947
1162 1841 6946
1161 1842 6945
1160 1843 6944
1159 1844 6943
1158 1845 6942
1157 1846 6941
1156 1847 6940
1155 1848 6939
1154 1849 6938
1153 1850 6937
1152 1851 6936
1151 1852 6935
1150 1853 6934
1149 1854 6933
1148 1855 6932
1147 1856 6931
1146 1857 6930
1145 1858 6929
1144 1859 6928
1143 1860 6927
1142 1861 6926
1141 1862 6925
1140 1863 6924
1139 1864 6923
1138 1865 6922
1137 1866 6921
1136 1867 6920
1135 1868 6919
1134 1869 6918
1133 1870 6917
1132 1871 6916
1131 1872 6915
1130 1873 6914
1129 1874 6913
1128 1875 6912
1127 1876 6911
1126 1877 6910
1125 1878 6909
1124 1879 6908
1123 1880 6907
1122 1881 6906
1121 1882 6905
1120 1883 6904
1119 1884 6903
1118 1885 6902
1117 1886 6901
1116 1887 6900
1115 1888 6899
1114 1889 6898
1113 1890 6897
1112 1891 6896
1111 1892 6895
1110 1893 6894
1109 1894 6893
1108 1895 6892
1107 1896 6891
1106 1897 6890
1105 1898 6889
1104 1899 6888
1103 1900 6887
1102 1901 6886
1101 1902 6885
1100 1903 6884
1099 1904 6883
1098 1905 6882
1097 1906 6881
1096 1907 6880
1095 1908 6879
1094 1909 6878
1093 1910 6877
1092 1911 6876
1091 1912 6875
1090 1913 6874
1089 1914 6873
1088 1915 6872
1087 1916 6871
1086 1917 6870
1085 1918 6869
1084 1919 6868
1083 1920 6867
1082 1921 6866
1081 1922 6865
1080 1923 6864
1079 1924 6863
1078 1925 6862
1077 1926 6861
1076 1927 6860
1075 1928 6859
1074 1929 6858
1073 1930 6857
1072 1931 6856
1071 1932 6855
1070 1933 6854
1069 1934 6853
1068 1935 6852
1067 1936 6851
1066 1937 6850
1065 1938 6849
1064 1939 6848
1063 1940 6847
1062 1941 6846
1061 1942 6845
1060 1943 6844
1059 1944 6843
1058 1945 6842
1057 1946 6841
1056 1947 6840
1055 1948 6839
1054 1949 6838
1053 1950 6837
1052 1951 6836
1051 1952 6835
1050 1953 6834
1049 1954 6833
1048 1955 6832
1047 1956 6831
1046 1957 6830
1045 1958 6829
1044 1959 6828
1043 1960 6827
1042 1961 6826
1041 1962 6825
1040 1963 6824
1039 1964 6823
1038 1965 6822
1037 1966 6821
1036 1967 6820
1035 1968 6819
1034 1969 6818
1033 1970 6817
1032 1971 6816
1031 1972 6815
1030 1973 6814
1029 1974 6813
1028 1975 6812
1027 1976 6811
1026 1977 6810
1025 1978 6809
1024 1979 6808
1023 1980 6807
1022 1981 6806
1021 1982 6805
1020 1983 6804
1019 1984 6803
1018 1985 6802
1017 1986 6801
1016 1987 6800
1015 1988 6799
1014 1989 6798
1013 1990 6797
1012 1991 6796
1011 1992 6795
1010 1993 6794
1009 1994 6793
1008 1995 6792
1007 1996 6791
1006 1997 6790
1005 1998 6789
1004 1999 6788
1003 2000 6787
1002 2001 6786
1001 2002 6785
1000 2003 6784
999 2004 6783
998 2005 6782
997 2006 6781
996 2007 6780
995 2008 6779
994 2009 6778
993 2010 6777
992 2011 6776
991 2012 6775
990 2013 6774
989 2014 6773
988 2015 6772
987 2016 6771
986 2017 6770
985 2018 6769
984 2019 6768
983 2020 6767
982 2021 6766
981 2022 6765
980 2023 6764
979 2024 6763
978 2025 6762
977 2026 6761
976 2027 6760
975 2028 6759
974 2029 6758
973 2030 6757
972 2031 6756
971 2032 6755
970 2033 6754
969 2034 6753
968 2035 6752
967 2036 6751
966 2037 6750
965 2038 6749
964 2039 6748
963 2040 6747
962 2041 6746
961 2042 6745
960 2043 6744
959 2044 6743
958 2045 6742
957 2046 6741
956 2047 6740
955 2048 6739
954 2049 6738
953 2050 6737
952 2051 6736
951 2052 6735
950 2053 6734
949 2054 6733
948 2055 6732
947 2056 6731
946 2057 6730
945 2058 6729
944 2059 6728
943 2060 6727
942 2061 6726
941 2062 6725
940 2063 6724
939 2064 6723
938 2065 6722
937 2066 6721
936 2067 6720
935 2068 6719
934 2069 6718
933 2070 6717
932 2071 6716
931 2072 6715
930 2073 6714
929 2074 6713
928 2075 6712
927 2076 6711
926 2077 6710
925 2078 6709
924 2079 6708
923 2080 6707
922 2081 6706
921 2082 6705
920 2083 6704
919 2084 6703
918 2085 6702
917 2086 6701
916 2087 6700
915 2088 6699
914 2089 6698
913 2090 6697
912 2091 6696
911 2092 6695
910 2093 6694
909 2094 6693
908 2095 6692
907 2096 6691
906 2097 6690
905 2098 6689
904 2099 6688
903 2100 6687
902 2101 6686
901 2102 6685
900 2103 6684
899 2104 6683
898 2105 6682
897 2106 6681
896 2107 6680
895 2108 6679
894 2109 6678
893 2110 6677
892 2111 6676
891 2112 6675
890 2113 6674
889 2114 6673
888 2115 6672
887 2116 6671
886 2117 6670
885 2118 6669
884 2119 6668
883 2120 6667
882 2121 6666
881 2122 6665
880 2123 6664
879 2124 6663
878 2125 6662
877 2126 6661
876 2127 6660
875 2128 6659
874 2129 6658
873 2130 6657
872 2131 6656
871 2132 6655
870 2133 6654
869 2134 6653
868 2135 6652
867 2136 6651
866 2137 6650
865 2138 6649
864 2139 6648
863 2140 6647
862 2141 6646
861 2142 6645
860 2143 6644
859 2144 6643
858 2145 6642
857 2146 6641
856 2147 6640
855 2148 6639
854 2149 6638
853 2150 6637
852 2151 6636
851 2152 6635
850 2153 6634
849 2154 6633
848 2155 6632
847 2156 6631
846 2157 6630
845 2158 6629
844 2159 6628
843 2160 6627
842 2161 6626
841 2162 6625
840 2163 6624
839 2164 6623
838 2165 6622
837 2166 6621
836 2167 6620
835 2168 6619
834 2169 6618
833 2170 6617
832 2171 6616
831 2172 6615
830 2173 6614
829 2174 6613
828 2175 6612
827 2176 6611
826 2177 6610
825 2178 6609
824 2179 6608
823 2180 6607
822 2181 6606
821 2182 6605
820 2183 6604
819 2184 6603
818 2185 6602
817 2186 6601
816 2187 6600
815 2188 6599
814 2189 6598
813 2190 6597
812 2191 6596
811 2192 6595
810 2193 6594
809 2194 6593
808 2195 6592
807 2196 6591
806 2197 6590
805 2198 6589
804 2199 6588
803 2200 6587
802 2201 6586
801 2202 6585
800 2203 6584
799 2204 6583
798 2205 6582
797 2206 6581
796 2207 6580
795 2208 6579
794 2209 6578
793 2210 6577
792 2211 6576
791 2212 6575
790 2213 6574
789 2214 6573
788 2215 6572
787 2216 6571
786 2217 6570
785 2218 6569
784 2219 6568
783 2220 6567
782 2221 6566
781 2222 6565
780 2223 6564
779 2224 6563
778 2225 6562
777 2226 6561
776 2227 6560
775 2228 6559
774 2229 6558
773 2230 6557
772 2231 6556
771 2232 6555
770 2233 6554
769 2234 6553
768 2235 6552
767 2236 6551
766 2237 6550
765 2238 6549
764 2239 6548
763 2240 6547
762 2241 6546
761 2242 6545
760 2243 6544
759 2244 6543
758 2245 6542
757 2246 6541
756 2247 6540
755 2248 6539
754 2249 6538
753 2250 6537
752 2251 6536
751 2252 6535
750 2253 6534
749 2254 6533
748 2255 6532
747 2256 6531
746 2257 6530
745 2258 6529
744 2259 6528
743 2260 6527
742 2261 6526
741 2262 6525
740 2263 6524
739 2264 6523
738 2265 6522
737 2266 6521
736 2267 6520
735 2268 6519
734 2269 6518
733 2270 6517
732 2271 6516
731 2272 6515
730 2273 6514
729 2274 6513
728 2275 6512
727 2276 6511
726 2277 6510
725 2278 6509
724 2279 6508
723 2280 6507
722 2281 6506
721 2282 6505
720 2283 6504
719 2284 6503
718 2285 6502
717 2286 6501
716 2287 6500
715 2288 6499
714 2289 6498
713 2290 6497
712 2291 6496
711 2292 6495
710 2293 6494
709 2294 6493
708 2295 6492
707 2296 6491
706 2297 6490
705 2298 6489
704 2299 6488
703 2300 6487
702 2301 6486
701 2302 6485
700 2303 6484
699 2304 6483
698 2305 6482
697 2306 6481
696 2307 6480
695 2308 6479
694 2309 6478
693 2310 6477
692 2311 6476
691 2312 6475
690 2313 6474
689 2314 6473
688 2315 6472
687 2316 6471
686 2317 6470
685 2318 6469
684 2319 6468
683 2320 6467
682 2321 6466
681 2322 6465
680 2323 6464
679 2324 6463
678 2325 6462
677 2326 6461
676 2327 6460
675 2328 6459
674 2329 6458
673 2330 6457
672 2331 6456
671 2332 6455
670 2333 6454
669 2334 6453
668 2335 6452
667 2336 6451
666 2337 6450
665 2338 6449
664 2339 6448
663 2340 6447
662 2341 6446
661 2342 6445
660 2343 6444
659 2344 6443
658 2345 6442
657 2346 6441
656 2347 6440
655 2348 6439
654 2349 6438
653 2350 6437
652 2351 6436
651 2352 6435
650 2353 6434
649 2354 6433
648 2355 6432
647 2356 6431
646 2357 6430
645 2358 6429
644 2359 6428
643 2360 6427
642 2361 6426
641 2362 6425
640 2363 6424
639 2364 6423
638 2365 6422
637 2366 6421
636 2367 6420
635 2368 6419
634 2369 6418
633 2370 6417
632 2371 6416
631 2372 6415
630 2373 6414
629 2374 6413
628 2375 6412
627 2376 6411
626 2377 6410
625 2378 6409
624 2379 6408
623 2380 6407
622 2381 6406
621 2382 6405
620 2383 6404
619 2384 6403
618 2385 6402
617 2386 6401
616 2387 6400
615 2388 6399
614 2389 6398
613 2390 6397
612 2391 6396
611 2392 6395
610 2393 6394
609 2394 6393
608 2395 6392
607 2396 6391
606 2397 6390
605 2398 6389
604 2399 6388
603 2400 6387
602 2401 6386
601 2402 6385
600 2403 6384
599 2404 6383
598 2405 6382
597 2406 6381
596 2407 6380
595 2408 6379
594 2409 6378
593 2410 6377
592 2411 6376
591 2412 6375
590 2413 6374
589 2414 6373
588 2415 6372
587 2416 6371
586 2417 6370
585 2418 6369
584 2419 6368
583 2420 6367
582 2421 6366
581 2422 6365
580 2423 6364
579 2424 6363
578 2425 6362
577 2426 6361
576 2427 6360
575 2428 6359
574 2429 6358
573 2430 6357
572 2431 6356
571 2432 6355
570 2433 6354
569 2434 6353
568 2435 6352
567 2436 6351
566 2437 6350
565 2438 6349
564 2439 6348
563 2440 6347
562 2441 6346
561 2442 6345
560 2443 6344
559 2444 6343
558 2445 6342
557 2446 6341
556 2447 6340
555 2448 6339
554 2449 6338
553 2450 6337
552 2451 6336
551 2452 6335
550 2453 6334
549 2454 6333
548 2455 6332
547 2456 6331
546 2457 6330
545 2458 6329
544 2459 6328
543 2460 6327
542 2461 6326
541 2462 6325
540 2463 6324
539 2464 6323
538 2465 6322
537 2466 6321
536 2467 6320
535 2468 6319
534 2469 6318
533 2470 6317
532 2471 6316
531 2472 6315
530 2473 6314
529 2474 6313
528 2475 6312
527 2476 6311
526 2477 6310
525 2478 6309
524 2479 6308
523 2480 6307
522 2481 6306
521 2482 6305
520 2483 6304
519 2484 6303
518 2485 6302
517 2486 6301
516 2487 6300
515 2488 6299
514 2489 6298
513 2490 6297
512 2491 6296
511 2492 6295
510 2493 6294
509 2494 6293
508 2495 6292
507 2496 6291
506 2497 6290
505 2498 6289
504 2499 6288
503 2500 6287
502 2501 6286
501 2502 6285
500 2503 6284
499 2504 6283
498 2505 6282
497 2506 6281
496 2507 6280
495 2508 6279
494 2509 6278
493 2510 6277
492 2511 6276
491 2512 6275
490 2513 6274
489 2514 6273
488 2515 6272
487 2516 6271
486 2517 6270
485 2518 6269
484 2519 6268
483 2520 6267
482 2521 6266
481 2522 6265
480 2523 6264
479 2524 6263
478 2525 6262
477 2526 6261
476 2527 6260
475 2528 6259
474 2529 6258
473 2530 6257
472 2531 6256
471 2532 6255
470 2533 6254
469 2534 6253
468 2535 6252
467 2536 6251
466 2537 6250
465 2538 6249
464 2539 6248
463 2540 6247
462 2541 6246
461 2542 6245
460 2543 6244
459 2544 6243
458 2545 6242
457 2546 6241
456 2547 6240
455 2548 6239
454 2549 6238
453 2550 6237
452 2551 6236
451 2552 6235
450 2553 6234
449 2554 6233
448 2555 6232
447 2556 6231
446 2557 6230
445 2558 6229
444 2559 6228
443 2560 6227
442 2561 6226
441 2562 6225
440 2563 6224
439 2564 6223
438 2565 6222
437 2566 6221
436 2567 6220
435 2568 6219
434 2569 6218
433 2570 6217
432 2571 6216
431 2572 6215
430 2573 6214
429 2574 6213
428 2575 6212
427 2576 6211
426 2577 6210
425 2578 6209
424 2579 6208
423 2580 6207
422 2581 6206
421 2582 6205
420 2583 6204
419 2584 6203
418 2585 6202
417 2586 6201
416 2587 6200
415 2588 6199
414 2589 6198
413 2590 6197
412 2591 6196
411 2592 6195
410 2593 6194
409 2594 6193
408 2595 6192
407 2596 6191
406 2597 6190
405 2598 6189
404 2599 6188
403 2600 6187
402 2601 6186
401 2602 6185
400 2603 6184
399 2604 6183
398 2605 6182
397 2606 6181
396 2607 6180
395 2608 6179
394 2609 6178
393 2610 6177
392 2611 6176
391 2612 6175
390 2613 6174
389 2614 6173
388 2615 6172
387 2616 6171
386 2617 6170
385 2618 6169
384 2619 6168
383 2620 6167
382 2621 6166
381 2622 6165
380 2623 6164
379 2624 6163
378 2625 6162
377 2626 6161
376 2627 6160
375 2628 6159
374 2629 6158
373 2630 6157
372 2631 6156
371 2632 6155
370 2633 6154
369 2634 6153
368 2635 6152
367 2636 6151
366 2637 6150
365 2638 6149
364 2639 6148
363 2640 6147
362 2641 6146
361 2642 6145
360 2643 6144
359 2644 6143
358 2645 6142
357 2646 6141
356 2647 6140
355 2648 6139
354 2649 6138
353 2650 6137
352 2651 6136
351 2652 6135
350 2653 6134
349 2654 6133
348 2655 6132
347 2656 6131
346 2657 6130
345 2658 6129
344 2659 6128
343 2660 6127
342 2661 6126
341 2662 6125
340 2663 6124
339 2664 6123
338 2665 6122
337 2666 6121
336 2667 6120
335 2668 6119
334 2669 6118
333 2670 6117
332 2671 6116
331 2672 6115
330 2673 6114
329 2674 6113
328 2675 6112
327 2676 6111
326 2677 6110
325 2678 6109
324 2679 6108
323 2680 6107
322 2681 6106
321 2682 6105
320 2683 6104
319 2684 6103
318 2685 6102
317 2686 6101
316 2687 6100
315 2688 6099
314 2689 6098
313 2690 6097
312 2691 6096
311 2692 6095
310 2693 6094
309 2694 6093
308 2695 6092
307 2696 6091
306 2697 6090
305 2698 6089
304 2699 6088
303 2700 6087
302 2701 6086
301 2702 6085
300 2703 6084
299 2704 6083
298 2705 6082
297 2706 6081
296 2707 6080
295 2708 6079
294 2709 6078
293 2710 6077
292 2711 6076
291 2712 6075
290 2713 6074
289 2714 6073
288 2715 6072
287 2716 6071
286 2717 6070
285 2718 6069
284 2719 6068
283 2720 6067
282 2721 6066
281 2722 6065
280 2723 6064
279 2724 6063
278 2725 6062
277 2726 6061
276 2727 6060
275 2728 6059
274 2729 6058
273 2730 6057
272 2731 6056
271 2732 6055
270 2733 6054
269 2734 6053
268 2735 6052
267 2736 6051
266 2737 6050
265 2738 6049
264 2739 6048
263 2740 6047
262 2741 6046
261 2742 6045
260 2743 6044
259 2744 6043
258 2745 6042
257 2746 6041
256 2747 6040
255 2748 6039
254 2749 6038
253 2750 6037
252 2751 6036
251 2752 6035
250 2753 6034
249 2754 6033
248 2755 6032
247 2756 6031
246 2757 6030
245 2758 6029
244 2759 6028
243 2760 6027
242 2761 6026
241 2762 6025
240 2763 6024
239 2764 6023
238 2765 6022
237 2766 6021
236 2767 6020
235 2768 6019
234 2769 6018
233 2770 6017
232 2771 6016
231 2772 6015
230 2773 6014
229 2774 6013
228 2775 6012
227 2776 6011
226 2777 6010
225 2778 6009
224 2779 6008
223 2780 6007
222 2781 6006
221 2782 6005
220 2783 6004
219 2784 6003
218 2785 6002
217 2786 6001
