546
3000 3 6546
2999 4 6545
2998 5 6544
2997 6 6543
2996 7 6542
2995 8 6541
2994 9 6540
2993 10 6539
2992 11 6538
2991 12 6537
2990 13 6536
2989 14 6535
2988 15 6534
2987 16 6533
2986 17 6532
2985 18 6531
2984 19 6530
2983 20 6529
2982 21 6528
2981 22 6527
2980 23 6526
2979 24 6525
2978 25 6524
2977 26 6523
2976 27 6522
2975 28 6521
2974 29 6520
2973 30 6519
2972 31 6518
2971 32 6517
2970 33 6516
2969 34 6515
2968 35 6514
2967 36 6513
2966 37 6512
2965 38 6511
2964 39 6510
2963 40 6509
2962 41 6508
2961 42 6507
2960 43 6506
2959 44 6505
2958 45 6504
2957 46 6503
2956 47 6502
2955 48 6501
2954 49 6500
2953 50 6499
2952 51 6498
2951 52 6497
2950 53 6496
2949 54 6495
2948 55 6494
2947 56 6493
2946 57 6492
2945 58 6491
2944 59 6490
2943 60 6489
2942 61 6488
2941 62 6487
2940 63 6486
2939 64 6485
2938 65 6484
2937 66 6483
2936 67 6482
2935 68 6481
2934 69 6480
2933 70 6479
2932 71 6478
2931 72 6477
2930 73 6476
2929 74 6475
2928 75 6474
2927 76 6473
2926 77 6472
2925 78 6471
2924 79 6470
2923 80 6469
2922 81 6468
2921 82 6467
2920 83 6466
2919 84 6465
2918 85 6464
2917 86 6463
2916 87 6462
2915 88 6461
2914 89 6460
2913 90 6459
2912 91 6458
2911 92 6457
2910 93 6456
2909 94 6455
2908 95 6454
2907 96 6453
2906 97 6452
2905 98 6451
2904 99 6450
2903 100 6449
2902 101 6448
2901 102 6447
2900 103 6446
2899 104 6445
2898 105 6444
2897 106 6443
2896 107 6442
2895 108 6441
2894 109 6440
2893 110 6439
2892 111 6438
2891 112 6437
2890 113 6436
2889 114 6435
2888 115 6434
2887 116 6433
2886 117 6432
2885 118 6431
2884 119 6430
2883 120 6429
2882 121 6428
2881 122 6427
2880 123 6426
2879 124 6425
2878 125 6424
2877 126 6423
2876 127 6422
2875 128 6421
2874 129 6420
2873 130 6419
2872 131 6418
2871 132 6417
2870 133 6416
2869 134 6415
2868 135 6414
2867 136 6413
2866 137 6412
2865 138 6411
2864 139 6410
2863 140 6409
2862 141 6408
2861 142 6407
2860 143 6406
2859 144 6405
2858 145 6404
2857 146 6403
2856 147 6402
2855 148 6401
2854 149 6400
2853 150 6399
2852 151 6398
2851 152 6397
2850 153 6396
2849 154 6395
2848 155 6394
2847 156 6393
2846 157 6392
2845 158 6391
2844 159 6390
2843 160 6389
2842 161 6388
2841 162 6387
2840 163 6386
2839 164 6385
2838 165 6384
2837 166 6383
2836 167 6382
2835 168 6381
2834 169 6380
2833 170 6379
2832 171 6378
2831 172 6377
2830 173 6376
2829 174 6375
2828 175 6374
2827 176 6373
2826 177 6372
2825 178 6371
2824 179 6370
2823 180 6369
2822 181 6368
2821 182 6367
2820 183 6366
2819 184 6365
2818 185 6364
2817 186 6363
2816 187 6362
2815 188 6361
2814 189 6360
2813 190 6359
2812 191 6358
2811 192 6357
2810 193 6356
2809 194 6355
2808 195 6354
2807 196 6353
2806 197 6352
2805 198 6351
2804 199 6350
2803 200 6349
2802 201 6348
2801 202 6347
2800 203 6346
2799 204 6345
2798 205 6344
2797 206 6343
2796 207 6342
2795 208 6341
2794 209 6340
2793 210 6339
2792 211 6338
2791 212 6337
2790 213 6336
2789 214 6335
2788 215 6334
2787 216 6333
2786 217 6332
2785 218 6331
2784 219 6330
2783 220 6329
2782 221 6328
2781 222 6327
2780 223 6326
2779 224 6325
2778 225 6324
2777 226 6323
2776 227 6322
2775 228 6321
2774 229 6320
2773 230 6319
2772 231 6318
2771 232 6317
2770 233 6316
2769 234 6315
2768 235 6314
2767 236 6313
2766 237 6312
2765 238 6311
2764 239 6310
2763 240 6309
2762 241 6308
2761 242 6307
2760 243 6306
2759 244 6305
2758 245 6304
2757 246 6303
2756 247 6302
2755 248 6301
2754 249 6300
2753 250 6299
2752 251 6298
2751 252 6297
2750 253 6296
2749 254 6295
2748 255 6294
2747 256 6293
2746 257 6292
2745 258 6291
2744 259 6290
2743 260 6289
2742 261 6288
2741 262 6287
2740 263 6286
2739 264 6285
2738 265 6284
2737 266 6283
2736 267 6282
2735 268 6281
2734 269 6280
2733 270 6279
2732 271 6278
2731 272 6277
2730 273 6276
2729 274 6275
2728 275 6274
2727 276 6273
2726 277 6272
2725 278 6271
2724 279 6270
2723 280 6269
2722 281 6268
2721 282 6267
2720 283 6266
2719 284 6265
2718 285 6264
2717 286 6263
2716 287 6262
2715 288 6261
2714 289 6260
2713 290 6259
2712 291 6258
2711 292 6257
2710 293 6256
2709 294 6255
2708 295 6254
2707 296 6253
2706 297 6252
2705 298 6251
2704 299 6250
2703 300 6249
2702 301 6248
2701 302 6247
2700 303 6246
2699 304 6245
2698 305 6244
2697 306 6243
2696 307 6242
2695 308 6241
2694 309 6240
2693 310 6239
2692 311 6238
2691 312 6237
2690 313 6236
2689 314 6235
2688 315 6234
2687 316 6233
2686 317 6232
2685 318 6231
2684 319 6230
2683 320 6229
2682 321 6228
2681 322 6227
2680 323 6226
2679 324 6225
2678 325 6224
2677 326 6223
2676 327 6222
2675 328 6221
2674 329 6220
2673 330 6219
2672 331 6218
2671 332 6217
2670 333 6216
2669 334 6215
2668 335 6214
2667 336 6213
2666 337 6212
2665 338 6211
2664 339 6210
2663 340 6209
2662 341 6208
2661 342 6207
2660 343 6206
2659 344 6205
2658 345 6204
2657 346 6203
2656 347 6202
2655 348 6201
2654 349 6200
2653 350 6199
2652 351 6198
2651 352 6197
2650 353 6196
2649 354 6195
2648 355 6194
2647 356 6193
2646 357 6192
2645 358 6191
2644 359 6190
2643 360 6189
2642 361 6188
2641 362 6187
2640 363 6186
2639 364 6185
2638 365 6184
2637 366 6183
2636 367 6182
2635 368 6181
2634 369 6180
2633 370 6179
2632 371 6178
2631 372 6177
2630 373 6176
2629 374 6175
2628 375 6174
2627 376 6173
2626 377 6172
2625 378 6171
2624 379 6170
2623 380 6169
2622 381 6168
2621 382 6167
2620 383 6166
2619 384 6165
2618 385 6164
2617 386 6163
2616 387 6162
2615 388 6161
2614 389 6160
2613 390 6159
2612 391 6158
2611 392 6157
2610 393 6156
2609 394 6155
2608 395 6154
2607 396 6153
2606 397 6152
2605 398 6151
2604 399 6150
2603 400 6149
2602 401 6148
2601 402 6147
2600 403 6146
2599 404 6145
2598 405 6144
2597 406 6143
2596 407 6142
2595 408 6141
2594 409 6140
2593 410 6139
2592 411 6138
2591 412 6137
2590 413 6136
2589 414 6135
2588 415 6134
2587 416 6133
2586 417 6132
2585 418 6131
2584 419 6130
2583 420 6129
2582 421 6128
2581 422 6127
2580 423 6126
2579 424 6125
2578 425 6124
2577 426 6123
2576 427 6122
2575 428 6121
2574 429 6120
2573 430 6119
2572 431 6118
2571 432 6117
2570 433 6116
2569 434 6115
2568 435 6114
2567 436 6113
2566 437 6112
2565 438 6111
2564 439 6110
2563 440 6109
2562 441 6108
2561 442 6107
2560 443 6106
2559 444 6105
2558 445 6104
2557 446 6103
2556 447 6102
2555 448 6101
2554 449 6100
2553 450 6099
2552 451 6098
2551 452 6097
2550 453 6096
2549 454 6095
2548 455 6094
2547 456 6093
2546 457 6092
2545 458 6091
2544 459 6090
2543 460 6089
2542 461 6088
2541 462 6087
2540 463 6086
2539 464 6085
2538 465 6084
2537 466 6083
2536 467 6082
2535 468 6081
2534 469 6080
2533 470 6079
2532 471 6078
2531 472 6077
2530 473 6076
2529 474 6075
2528 475 6074
2527 476 6073
2526 477 6072
2525 478 6071
2524 479 6070
2523 480 6069
2522 481 6068
2521 482 6067
2520 483 6066
2519 484 6065
2518 485 6064
2517 486 6063
2516 487 6062
2515 488 6061
2514 489 6060
2513 490 6059
2512 491 6058
2511 492 6057
2510 493 6056
2509 494 6055
2508 495 6054
2507 496 6053
2506 497 6052
2505 498 6051
2504 499 6050
2503 500 6049
2502 501 6048
2501 502 6047
2500 503 6046
2499 504 6045
2498 505 6044
2497 506 6043
2496 507 6042
2495 508 6041
2494 509 6040
2493 510 6039
2492 511 6038
2491 512 6037
2490 513 6036
2489 514 6035
2488 515 6034
2487 516 6033
2486 517 6032
2485 518 6031
2484 519 6030
2483 520 6029
2482 521 6028
2481 522 6027
2480 523 6026
2479 524 6025
2478 525 6024
2477 526 6023
2476 527 6022
2475 528 6021
2474 529 6020
2473 530 6019
2472 531 6018
2471 532 6017
2470 533 6016
2469 534 6015
2468 535 6014
2467 536 6013
2466 537 6012
2465 538 6011
2464 539 6010
2463 540 6009
2462 541 6008
2461 542 6007
2460 543 6006
2459 544 6005
2458 545 6004
2457 546 6003
2456 547 6002
2455 548 6001
