2463
3000 3 8463
2999 4 8462
2998 5 8461
2997 6 8460
2996 7 8459
2995 8 8458
2994 9 8457
2993 10 8456
2992 11 8455
2991 12 8454
2990 13 8453
2989 14 8452
2988 15 8451
2987 16 8450
2986 17 8449
2985 18 8448
2984 19 8447
2983 20 8446
2982 21 8445
2981 22 8444
2980 23 8443
2979 24 8442
2978 25 8441
2977 26 8440
2976 27 8439
2975 28 8438
2974 29 8437
2973 30 8436
2972 31 8435
2971 32 8434
2970 33 8433
2969 34 8432
2968 35 8431
2967 36 8430
2966 37 8429
2965 38 8428
2964 39 8427
2963 40 8426
2962 41 8425
2961 42 8424
2960 43 8423
2959 44 8422
2958 45 8421
2957 46 8420
2956 47 8419
2955 48 8418
2954 49 8417
2953 50 8416
2952 51 8415
2951 52 8414
2950 53 8413
2949 54 8412
2948 55 8411
2947 56 8410
2946 57 8409
2945 58 8408
2944 59 8407
2943 60 8406
2942 61 8405
2941 62 8404
2940 63 8403
2939 64 8402
2938 65 8401
2937 66 8400
2936 67 8399
2935 68 8398
2934 69 8397
2933 70 8396
2932 71 8395
2931 72 8394
2930 73 8393
2929 74 8392
2928 75 8391
2927 76 8390
2926 77 8389
2925 78 8388
2924 79 8387
2923 80 8386
2922 81 8385
2921 82 8384
2920 83 8383
2919 84 8382
2918 85 8381
2917 86 8380
2916 87 8379
2915 88 8378
2914 89 8377
2913 90 8376
2912 91 8375
2911 92 8374
2910 93 8373
2909 94 8372
2908 95 8371
2907 96 8370
2906 97 8369
2905 98 8368
2904 99 8367
2903 100 8366
2902 101 8365
2901 102 8364
2900 103 8363
2899 104 8362
2898 105 8361
2897 106 8360
2896 107 8359
2895 108 8358
2894 109 8357
2893 110 8356
2892 111 8355
2891 112 8354
2890 113 8353
2889 114 8352
2888 115 8351
2887 116 8350
2886 117 8349
2885 118 8348
2884 119 8347
2883 120 8346
2882 121 8345
2881 122 8344
2880 123 8343
2879 124 8342
2878 125 8341
2877 126 8340
2876 127 8339
2875 128 8338
2874 129 8337
2873 130 8336
2872 131 8335
2871 132 8334
2870 133 8333
2869 134 8332
2868 135 8331
2867 136 8330
2866 137 8329
2865 138 8328
2864 139 8327
2863 140 8326
2862 141 8325
2861 142 8324
2860 143 8323
2859 144 8322
2858 145 8321
2857 146 8320
2856 147 8319
2855 148 8318
2854 149 8317
2853 150 8316
2852 151 8315
2851 152 8314
2850 153 8313
2849 154 8312
2848 155 8311
2847 156 8310
2846 157 8309
2845 158 8308
2844 159 8307
2843 160 8306
2842 161 8305
2841 162 8304
2840 163 8303
2839 164 8302
2838 165 8301
2837 166 8300
2836 167 8299
2835 168 8298
2834 169 8297
2833 170 8296
2832 171 8295
2831 172 8294
2830 173 8293
2829 174 8292
2828 175 8291
2827 176 8290
2826 177 8289
2825 178 8288
2824 179 8287
2823 180 8286
2822 181 8285
2821 182 8284
2820 183 8283
2819 184 8282
2818 185 8281
2817 186 8280
2816 187 8279
2815 188 8278
2814 189 8277
2813 190 8276
2812 191 8275
2811 192 8274
2810 193 8273
2809 194 8272
2808 195 8271
2807 196 8270
2806 197 8269
2805 198 8268
2804 199 8267
2803 200 8266
2802 201 8265
2801 202 8264
2800 203 8263
2799 204 8262
2798 205 8261
2797 206 8260
2796 207 8259
2795 208 8258
2794 209 8257
2793 210 8256
2792 211 8255
2791 212 8254
2790 213 8253
2789 214 8252
2788 215 8251
2787 216 8250
2786 217 8249
2785 218 8248
2784 219 8247
2783 220 8246
2782 221 8245
2781 222 8244
2780 223 8243
2779 224 8242
2778 225 8241
2777 226 8240
2776 227 8239
2775 228 8238
2774 229 8237
2773 230 8236
2772 231 8235
2771 232 8234
2770 233 8233
2769 234 8232
2768 235 8231
2767 236 8230
2766 237 8229
2765 238 8228
2764 239 8227
2763 240 8226
2762 241 8225
2761 242 8224
2760 243 8223
2759 244 8222
2758 245 8221
2757 246 8220
2756 247 8219
2755 248 8218
2754 249 8217
2753 250 8216
2752 251 8215
2751 252 8214
2750 253 8213
2749 254 8212
2748 255 8211
2747 256 8210
2746 257 8209
2745 258 8208
2744 259 8207
2743 260 8206
2742 261 8205
2741 262 8204
2740 263 8203
2739 264 8202
2738 265 8201
2737 266 8200
2736 267 8199
2735 268 8198
2734 269 8197
2733 270 8196
2732 271 8195
2731 272 8194
2730 273 8193
2729 274 8192
2728 275 8191
2727 276 8190
2726 277 8189
2725 278 8188
2724 279 8187
2723 280 8186
2722 281 8185
2721 282 8184
2720 283 8183
2719 284 8182
2718 285 8181
2717 286 8180
2716 287 8179
2715 288 8178
2714 289 8177
2713 290 8176
2712 291 8175
2711 292 8174
2710 293 8173
2709 294 8172
2708 295 8171
2707 296 8170
2706 297 8169
2705 298 8168
2704 299 8167
2703 300 8166
2702 301 8165
2701 302 8164
2700 303 8163
2699 304 8162
2698 305 8161
2697 306 8160
2696 307 8159
2695 308 8158
2694 309 8157
2693 310 8156
2692 311 8155
2691 312 8154
2690 313 8153
2689 314 8152
2688 315 8151
2687 316 8150
2686 317 8149
2685 318 8148
2684 319 8147
2683 320 8146
2682 321 8145
2681 322 8144
2680 323 8143
2679 324 8142
2678 325 8141
2677 326 8140
2676 327 8139
2675 328 8138
2674 329 8137
2673 330 8136
2672 331 8135
2671 332 8134
2670 333 8133
2669 334 8132
2668 335 8131
2667 336 8130
2666 337 8129
2665 338 8128
2664 339 8127
2663 340 8126
2662 341 8125
2661 342 8124
2660 343 8123
2659 344 8122
2658 345 8121
2657 346 8120
2656 347 8119
2655 348 8118
2654 349 8117
2653 350 8116
2652 351 8115
2651 352 8114
2650 353 8113
2649 354 8112
2648 355 8111
2647 356 8110
2646 357 8109
2645 358 8108
2644 359 8107
2643 360 8106
2642 361 8105
2641 362 8104
2640 363 8103
2639 364 8102
2638 365 8101
2637 366 8100
2636 367 8099
2635 368 8098
2634 369 8097
2633 370 8096
2632 371 8095
2631 372 8094
2630 373 8093
2629 374 8092
2628 375 8091
2627 376 8090
2626 377 8089
2625 378 8088
2624 379 8087
2623 380 8086
2622 381 8085
2621 382 8084
2620 383 8083
2619 384 8082
2618 385 8081
2617 386 8080
2616 387 8079
2615 388 8078
2614 389 8077
2613 390 8076
2612 391 8075
2611 392 8074
2610 393 8073
2609 394 8072
2608 395 8071
2607 396 8070
2606 397 8069
2605 398 8068
2604 399 8067
2603 400 8066
2602 401 8065
2601 402 8064
2600 403 8063
2599 404 8062
2598 405 8061
2597 406 8060
2596 407 8059
2595 408 8058
2594 409 8057
2593 410 8056
2592 411 8055
2591 412 8054
2590 413 8053
2589 414 8052
2588 415 8051
2587 416 8050
2586 417 8049
2585 418 8048
2584 419 8047
2583 420 8046
2582 421 8045
2581 422 8044
2580 423 8043
2579 424 8042
2578 425 8041
2577 426 8040
2576 427 8039
2575 428 8038
2574 429 8037
2573 430 8036
2572 431 8035
2571 432 8034
2570 433 8033
2569 434 8032
2568 435 8031
2567 436 8030
2566 437 8029
2565 438 8028
2564 439 8027
2563 440 8026
2562 441 8025
2561 442 8024
2560 443 8023
2559 444 8022
2558 445 8021
2557 446 8020
2556 447 8019
2555 448 8018
2554 449 8017
2553 450 8016
2552 451 8015
2551 452 8014
2550 453 8013
2549 454 8012
2548 455 8011
2547 456 8010
2546 457 8009
2545 458 8008
2544 459 8007
2543 460 8006
2542 461 8005
2541 462 8004
2540 463 8003
2539 464 8002
2538 465 8001
2537 466 8000
2536 467 7999
2535 468 7998
2534 469 7997
2533 470 7996
2532 471 7995
2531 472 7994
2530 473 7993
2529 474 7992
2528 475 7991
2527 476 7990
2526 477 7989
2525 478 7988
2524 479 7987
2523 480 7986
2522 481 7985
2521 482 7984
2520 483 7983
2519 484 7982
2518 485 7981
2517 486 7980
2516 487 7979
2515 488 7978
2514 489 7977
2513 490 7976
2512 491 7975
2511 492 7974
2510 493 7973
2509 494 7972
2508 495 7971
2507 496 7970
2506 497 7969
2505 498 7968
2504 499 7967
2503 500 7966
2502 501 7965
2501 502 7964
2500 503 7963
2499 504 7962
2498 505 7961
2497 506 7960
2496 507 7959
2495 508 7958
2494 509 7957
2493 510 7956
2492 511 7955
2491 512 7954
2490 513 7953
2489 514 7952
2488 515 7951
2487 516 7950
2486 517 7949
2485 518 7948
2484 519 7947
2483 520 7946
2482 521 7945
2481 522 7944
2480 523 7943
2479 524 7942
2478 525 7941
2477 526 7940
2476 527 7939
2475 528 7938
2474 529 7937
2473 530 7936
2472 531 7935
2471 532 7934
2470 533 7933
2469 534 7932
2468 535 7931
2467 536 7930
2466 537 7929
2465 538 7928
2464 539 7927
2463 540 7926
2462 541 7925
2461 542 7924
2460 543 7923
2459 544 7922
2458 545 7921
2457 546 7920
2456 547 7919
2455 548 7918
2454 549 7917
2453 550 7916
2452 551 7915
2451 552 7914
2450 553 7913
2449 554 7912
2448 555 7911
2447 556 7910
2446 557 7909
2445 558 7908
2444 559 7907
2443 560 7906
2442 561 7905
2441 562 7904
2440 563 7903
2439 564 7902
2438 565 7901
2437 566 7900
2436 567 7899
2435 568 7898
2434 569 7897
2433 570 7896
2432 571 7895
2431 572 7894
2430 573 7893
2429 574 7892
2428 575 7891
2427 576 7890
2426 577 7889
2425 578 7888
2424 579 7887
2423 580 7886
2422 581 7885
2421 582 7884
2420 583 7883
2419 584 7882
2418 585 7881
2417 586 7880
2416 587 7879
2415 588 7878
2414 589 7877
2413 590 7876
2412 591 7875
2411 592 7874
2410 593 7873
2409 594 7872
2408 595 7871
2407 596 7870
2406 597 7869
2405 598 7868
2404 599 7867
2403 600 7866
2402 601 7865
2401 602 7864
2400 603 7863
2399 604 7862
2398 605 7861
2397 606 7860
2396 607 7859
2395 608 7858
2394 609 7857
2393 610 7856
2392 611 7855
2391 612 7854
2390 613 7853
2389 614 7852
2388 615 7851
2387 616 7850
2386 617 7849
2385 618 7848
2384 619 7847
2383 620 7846
2382 621 7845
2381 622 7844
2380 623 7843
2379 624 7842
2378 625 7841
2377 626 7840
2376 627 7839
2375 628 7838
2374 629 7837
2373 630 7836
2372 631 7835
2371 632 7834
2370 633 7833
2369 634 7832
2368 635 7831
2367 636 7830
2366 637 7829
2365 638 7828
2364 639 7827
2363 640 7826
2362 641 7825
2361 642 7824
2360 643 7823
2359 644 7822
2358 645 7821
2357 646 7820
2356 647 7819
2355 648 7818
2354 649 7817
2353 650 7816
2352 651 7815
2351 652 7814
2350 653 7813
2349 654 7812
2348 655 7811
2347 656 7810
2346 657 7809
2345 658 7808
2344 659 7807
2343 660 7806
2342 661 7805
2341 662 7804
2340 663 7803
2339 664 7802
2338 665 7801
2337 666 7800
2336 667 7799
2335 668 7798
2334 669 7797
2333 670 7796
2332 671 7795
2331 672 7794
2330 673 7793
2329 674 7792
2328 675 7791
2327 676 7790
2326 677 7789
2325 678 7788
2324 679 7787
2323 680 7786
2322 681 7785
2321 682 7784
2320 683 7783
2319 684 7782
2318 685 7781
2317 686 7780
2316 687 7779
2315 688 7778
2314 689 7777
2313 690 7776
2312 691 7775
2311 692 7774
2310 693 7773
2309 694 7772
2308 695 7771
2307 696 7770
2306 697 7769
2305 698 7768
2304 699 7767
2303 700 7766
2302 701 7765
2301 702 7764
2300 703 7763
2299 704 7762
2298 705 7761
2297 706 7760
2296 707 7759
2295 708 7758
2294 709 7757
2293 710 7756
2292 711 7755
2291 712 7754
2290 713 7753
2289 714 7752
2288 715 7751
2287 716 7750
2286 717 7749
2285 718 7748
2284 719 7747
2283 720 7746
2282 721 7745
2281 722 7744
2280 723 7743
2279 724 7742
2278 725 7741
2277 726 7740
2276 727 7739
2275 728 7738
2274 729 7737
2273 730 7736
2272 731 7735
2271 732 7734
2270 733 7733
2269 734 7732
2268 735 7731
2267 736 7730
2266 737 7729
2265 738 7728
2264 739 7727
2263 740 7726
2262 741 7725
2261 742 7724
2260 743 7723
2259 744 7722
2258 745 7721
2257 746 7720
2256 747 7719
2255 748 7718
2254 749 7717
2253 750 7716
2252 751 7715
2251 752 7714
2250 753 7713
2249 754 7712
2248 755 7711
2247 756 7710
2246 757 7709
2245 758 7708
2244 759 7707
2243 760 7706
2242 761 7705
2241 762 7704
2240 763 7703
2239 764 7702
2238 765 7701
2237 766 7700
2236 767 7699
2235 768 7698
2234 769 7697
2233 770 7696
2232 771 7695
2231 772 7694
2230 773 7693
2229 774 7692
2228 775 7691
2227 776 7690
2226 777 7689
2225 778 7688
2224 779 7687
2223 780 7686
2222 781 7685
2221 782 7684
2220 783 7683
2219 784 7682
2218 785 7681
2217 786 7680
2216 787 7679
2215 788 7678
2214 789 7677
2213 790 7676
2212 791 7675
2211 792 7674
2210 793 7673
2209 794 7672
2208 795 7671
2207 796 7670
2206 797 7669
2205 798 7668
2204 799 7667
2203 800 7666
2202 801 7665
2201 802 7664
2200 803 7663
2199 804 7662
2198 805 7661
2197 806 7660
2196 807 7659
2195 808 7658
2194 809 7657
2193 810 7656
2192 811 7655
2191 812 7654
2190 813 7653
2189 814 7652
2188 815 7651
2187 816 7650
2186 817 7649
2185 818 7648
2184 819 7647
2183 820 7646
2182 821 7645
2181 822 7644
2180 823 7643
2179 824 7642
2178 825 7641
2177 826 7640
2176 827 7639
2175 828 7638
2174 829 7637
2173 830 7636
2172 831 7635
2171 832 7634
2170 833 7633
2169 834 7632
2168 835 7631
2167 836 7630
2166 837 7629
2165 838 7628
2164 839 7627
2163 840 7626
2162 841 7625
2161 842 7624
2160 843 7623
2159 844 7622
2158 845 7621
2157 846 7620
2156 847 7619
2155 848 7618
2154 849 7617
2153 850 7616
2152 851 7615
2151 852 7614
2150 853 7613
2149 854 7612
2148 855 7611
2147 856 7610
2146 857 7609
2145 858 7608
2144 859 7607
2143 860 7606
2142 861 7605
2141 862 7604
2140 863 7603
2139 864 7602
2138 865 7601
2137 866 7600
2136 867 7599
2135 868 7598
2134 869 7597
2133 870 7596
2132 871 7595
2131 872 7594
2130 873 7593
2129 874 7592
2128 875 7591
2127 876 7590
2126 877 7589
2125 878 7588
2124 879 7587
2123 880 7586
2122 881 7585
2121 882 7584
2120 883 7583
2119 884 7582
2118 885 7581
2117 886 7580
2116 887 7579
2115 888 7578
2114 889 7577
2113 890 7576
2112 891 7575
2111 892 7574
2110 893 7573
2109 894 7572
2108 895 7571
2107 896 7570
2106 897 7569
2105 898 7568
2104 899 7567
2103 900 7566
2102 901 7565
2101 902 7564
2100 903 7563
2099 904 7562
2098 905 7561
2097 906 7560
2096 907 7559
2095 908 7558
2094 909 7557
2093 910 7556
2092 911 7555
2091 912 7554
2090 913 7553
2089 914 7552
2088 915 7551
2087 916 7550
2086 917 7549
2085 918 7548
2084 919 7547
2083 920 7546
2082 921 7545
2081 922 7544
2080 923 7543
2079 924 7542
2078 925 7541
2077 926 7540
2076 927 7539
2075 928 7538
2074 929 7537
2073 930 7536
2072 931 7535
2071 932 7534
2070 933 7533
2069 934 7532
2068 935 7531
2067 936 7530
2066 937 7529
2065 938 7528
2064 939 7527
2063 940 7526
2062 941 7525
2061 942 7524
2060 943 7523
2059 944 7522
2058 945 7521
2057 946 7520
2056 947 7519
2055 948 7518
2054 949 7517
2053 950 7516
2052 951 7515
2051 952 7514
2050 953 7513
2049 954 7512
2048 955 7511
2047 956 7510
2046 957 7509
2045 958 7508
2044 959 7507
2043 960 7506
2042 961 7505
2041 962 7504
2040 963 7503
2039 964 7502
2038 965 7501
2037 966 7500
2036 967 7499
2035 968 7498
2034 969 7497
2033 970 7496
2032 971 7495
2031 972 7494
2030 973 7493
2029 974 7492
2028 975 7491
2027 976 7490
2026 977 7489
2025 978 7488
2024 979 7487
2023 980 7486
2022 981 7485
2021 982 7484
2020 983 7483
2019 984 7482
2018 985 7481
2017 986 7480
2016 987 7479
2015 988 7478
2014 989 7477
2013 990 7476
2012 991 7475
2011 992 7474
2010 993 7473
2009 994 7472
2008 995 7471
2007 996 7470
2006 997 7469
2005 998 7468
2004 999 7467
2003 1000 7466
2002 1001 7465
2001 1002 7464
2000 1003 7463
1999 1004 7462
1998 1005 7461
1997 1006 7460
1996 1007 7459
1995 1008 7458
1994 1009 7457
1993 1010 7456
1992 1011 7455
1991 1012 7454
1990 1013 7453
1989 1014 7452
1988 1015 7451
1987 1016 7450
1986 1017 7449
1985 1018 7448
1984 1019 7447
1983 1020 7446
1982 1021 7445
1981 1022 7444
1980 1023 7443
1979 1024 7442
1978 1025 7441
1977 1026 7440
1976 1027 7439
1975 1028 7438
1974 1029 7437
1973 1030 7436
1972 1031 7435
1971 1032 7434
1970 1033 7433
1969 1034 7432
1968 1035 7431
1967 1036 7430
1966 1037 7429
1965 1038 7428
1964 1039 7427
1963 1040 7426
1962 1041 7425
1961 1042 7424
1960 1043 7423
1959 1044 7422
1958 1045 7421
1957 1046 7420
1956 1047 7419
1955 1048 7418
1954 1049 7417
1953 1050 7416
1952 1051 7415
1951 1052 7414
1950 1053 7413
1949 1054 7412
1948 1055 7411
1947 1056 7410
1946 1057 7409
1945 1058 7408
1944 1059 7407
1943 1060 7406
1942 1061 7405
1941 1062 7404
1940 1063 7403
1939 1064 7402
1938 1065 7401
1937 1066 7400
1936 1067 7399
1935 1068 7398
1934 1069 7397
1933 1070 7396
1932 1071 7395
1931 1072 7394
1930 1073 7393
1929 1074 7392
1928 1075 7391
1927 1076 7390
1926 1077 7389
1925 1078 7388
1924 1079 7387
1923 1080 7386
1922 1081 7385
1921 1082 7384
1920 1083 7383
1919 1084 7382
1918 1085 7381
1917 1086 7380
1916 1087 7379
1915 1088 7378
1914 1089 7377
1913 1090 7376
1912 1091 7375
1911 1092 7374
1910 1093 7373
1909 1094 7372
1908 1095 7371
1907 1096 7370
1906 1097 7369
1905 1098 7368
1904 1099 7367
1903 1100 7366
1902 1101 7365
1901 1102 7364
1900 1103 7363
1899 1104 7362
1898 1105 7361
1897 1106 7360
1896 1107 7359
1895 1108 7358
1894 1109 7357
1893 1110 7356
1892 1111 7355
1891 1112 7354
1890 1113 7353
1889 1114 7352
1888 1115 7351
1887 1116 7350
1886 1117 7349
1885 1118 7348
1884 1119 7347
1883 1120 7346
1882 1121 7345
1881 1122 7344
1880 1123 7343
1879 1124 7342
1878 1125 7341
1877 1126 7340
1876 1127 7339
1875 1128 7338
1874 1129 7337
1873 1130 7336
1872 1131 7335
1871 1132 7334
1870 1133 7333
1869 1134 7332
1868 1135 7331
1867 1136 7330
1866 1137 7329
1865 1138 7328
1864 1139 7327
1863 1140 7326
1862 1141 7325
1861 1142 7324
1860 1143 7323
1859 1144 7322
1858 1145 7321
1857 1146 7320
1856 1147 7319
1855 1148 7318
1854 1149 7317
1853 1150 7316
1852 1151 7315
1851 1152 7314
1850 1153 7313
1849 1154 7312
1848 1155 7311
1847 1156 7310
1846 1157 7309
1845 1158 7308
1844 1159 7307
1843 1160 7306
1842 1161 7305
1841 1162 7304
1840 1163 7303
1839 1164 7302
1838 1165 7301
1837 1166 7300
1836 1167 7299
1835 1168 7298
1834 1169 7297
1833 1170 7296
1832 1171 7295
1831 1172 7294
1830 1173 7293
1829 1174 7292
1828 1175 7291
1827 1176 7290
1826 1177 7289
1825 1178 7288
1824 1179 7287
1823 1180 7286
1822 1181 7285
1821 1182 7284
1820 1183 7283
1819 1184 7282
1818 1185 7281
1817 1186 7280
1816 1187 7279
1815 1188 7278
1814 1189 7277
1813 1190 7276
1812 1191 7275
1811 1192 7274
1810 1193 7273
1809 1194 7272
1808 1195 7271
1807 1196 7270
1806 1197 7269
1805 1198 7268
1804 1199 7267
1803 1200 7266
1802 1201 7265
1801 1202 7264
1800 1203 7263
1799 1204 7262
1798 1205 7261
1797 1206 7260
1796 1207 7259
1795 1208 7258
1794 1209 7257
1793 1210 7256
1792 1211 7255
1791 1212 7254
1790 1213 7253
1789 1214 7252
1788 1215 7251
1787 1216 7250
1786 1217 7249
1785 1218 7248
1784 1219 7247
1783 1220 7246
1782 1221 7245
1781 1222 7244
1780 1223 7243
1779 1224 7242
1778 1225 7241
1777 1226 7240
1776 1227 7239
1775 1228 7238
1774 1229 7237
1773 1230 7236
1772 1231 7235
1771 1232 7234
1770 1233 7233
1769 1234 7232
1768 1235 7231
1767 1236 7230
1766 1237 7229
1765 1238 7228
1764 1239 7227
1763 1240 7226
1762 1241 7225
1761 1242 7224
1760 1243 7223
1759 1244 7222
1758 1245 7221
1757 1246 7220
1756 1247 7219
1755 1248 7218
1754 1249 7217
1753 1250 7216
1752 1251 7215
1751 1252 7214
1750 1253 7213
1749 1254 7212
1748 1255 7211
1747 1256 7210
1746 1257 7209
1745 1258 7208
1744 1259 7207
1743 1260 7206
1742 1261 7205
1741 1262 7204
1740 1263 7203
1739 1264 7202
1738 1265 7201
1737 1266 7200
1736 1267 7199
1735 1268 7198
1734 1269 7197
1733 1270 7196
1732 1271 7195
1731 1272 7194
1730 1273 7193
1729 1274 7192
1728 1275 7191
1727 1276 7190
1726 1277 7189
1725 1278 7188
1724 1279 7187
1723 1280 7186
1722 1281 7185
1721 1282 7184
1720 1283 7183
1719 1284 7182
1718 1285 7181
1717 1286 7180
1716 1287 7179
1715 1288 7178
1714 1289 7177
1713 1290 7176
1712 1291 7175
1711 1292 7174
1710 1293 7173
1709 1294 7172
1708 1295 7171
1707 1296 7170
1706 1297 7169
1705 1298 7168
1704 1299 7167
1703 1300 7166
1702 1301 7165
1701 1302 7164
1700 1303 7163
1699 1304 7162
1698 1305 7161
1697 1306 7160
1696 1307 7159
1695 1308 7158
1694 1309 7157
1693 1310 7156
1692 1311 7155
1691 1312 7154
1690 1313 7153
1689 1314 7152
1688 1315 7151
1687 1316 7150
1686 1317 7149
1685 1318 7148
1684 1319 7147
1683 1320 7146
1682 1321 7145
1681 1322 7144
1680 1323 7143
1679 1324 7142
1678 1325 7141
1677 1326 7140
1676 1327 7139
1675 1328 7138
1674 1329 7137
1673 1330 7136
1672 1331 7135
1671 1332 7134
1670 1333 7133
1669 1334 7132
1668 1335 7131
1667 1336 7130
1666 1337 7129
1665 1338 7128
1664 1339 7127
1663 1340 7126
1662 1341 7125
1661 1342 7124
1660 1343 7123
1659 1344 7122
1658 1345 7121
1657 1346 7120
1656 1347 7119
1655 1348 7118
1654 1349 7117
1653 1350 7116
1652 1351 7115
1651 1352 7114
1650 1353 7113
1649 1354 7112
1648 1355 7111
1647 1356 7110
1646 1357 7109
1645 1358 7108
1644 1359 7107
1643 1360 7106
1642 1361 7105
1641 1362 7104
1640 1363 7103
1639 1364 7102
1638 1365 7101
1637 1366 7100
1636 1367 7099
1635 1368 7098
1634 1369 7097
1633 1370 7096
1632 1371 7095
1631 1372 7094
1630 1373 7093
1629 1374 7092
1628 1375 7091
1627 1376 7090
1626 1377 7089
1625 1378 7088
1624 1379 7087
1623 1380 7086
1622 1381 7085
1621 1382 7084
1620 1383 7083
1619 1384 7082
1618 1385 7081
1617 1386 7080
1616 1387 7079
1615 1388 7078
1614 1389 7077
1613 1390 7076
1612 1391 7075
1611 1392 7074
1610 1393 7073
1609 1394 7072
1608 1395 7071
1607 1396 7070
1606 1397 7069
1605 1398 7068
1604 1399 7067
1603 1400 7066
1602 1401 7065
1601 1402 7064
1600 1403 7063
1599 1404 7062
1598 1405 7061
1597 1406 7060
1596 1407 7059
1595 1408 7058
1594 1409 7057
1593 1410 7056
1592 1411 7055
1591 1412 7054
1590 1413 7053
1589 1414 7052
1588 1415 7051
1587 1416 7050
1586 1417 7049
1585 1418 7048
1584 1419 7047
1583 1420 7046
1582 1421 7045
1581 1422 7044
1580 1423 7043
1579 1424 7042
1578 1425 7041
1577 1426 7040
1576 1427 7039
1575 1428 7038
1574 1429 7037
1573 1430 7036
1572 1431 7035
1571 1432 7034
1570 1433 7033
1569 1434 7032
1568 1435 7031
1567 1436 7030
1566 1437 7029
1565 1438 7028
1564 1439 7027
1563 1440 7026
1562 1441 7025
1561 1442 7024
1560 1443 7023
1559 1444 7022
1558 1445 7021
1557 1446 7020
1556 1447 7019
1555 1448 7018
1554 1449 7017
1553 1450 7016
1552 1451 7015
1551 1452 7014
1550 1453 7013
1549 1454 7012
1548 1455 7011
1547 1456 7010
1546 1457 7009
1545 1458 7008
1544 1459 7007
1543 1460 7006
1542 1461 7005
1541 1462 7004
1540 1463 7003
1539 1464 7002
1538 1465 7001
1537 1466 7000
1536 1467 6999
1535 1468 6998
1534 1469 6997
1533 1470 6996
1532 1471 6995
1531 1472 6994
1530 1473 6993
1529 1474 6992
1528 1475 6991
1527 1476 6990
1526 1477 6989
1525 1478 6988
1524 1479 6987
1523 1480 6986
1522 1481 6985
1521 1482 6984
1520 1483 6983
1519 1484 6982
1518 1485 6981
1517 1486 6980
1516 1487 6979
1515 1488 6978
1514 1489 6977
1513 1490 6976
1512 1491 6975
1511 1492 6974
1510 1493 6973
1509 1494 6972
1508 1495 6971
1507 1496 6970
1506 1497 6969
1505 1498 6968
1504 1499 6967
1503 1500 6966
1502 1501 6965
1501 1502 6964
1500 1503 6963
1499 1504 6962
1498 1505 6961
1497 1506 6960
1496 1507 6959
1495 1508 6958
1494 1509 6957
1493 1510 6956
1492 1511 6955
1491 1512 6954
1490 1513 6953
1489 1514 6952
1488 1515 6951
1487 1516 6950
1486 1517 6949
1485 1518 6948
1484 1519 6947
1483 1520 6946
1482 1521 6945
1481 1522 6944
1480 1523 6943
1479 1524 6942
1478 1525 6941
1477 1526 6940
1476 1527 6939
1475 1528 6938
1474 1529 6937
1473 1530 6936
1472 1531 6935
1471 1532 6934
1470 1533 6933
1469 1534 6932
1468 1535 6931
1467 1536 6930
1466 1537 6929
1465 1538 6928
1464 1539 6927
1463 1540 6926
1462 1541 6925
1461 1542 6924
1460 1543 6923
1459 1544 6922
1458 1545 6921
1457 1546 6920
1456 1547 6919
1455 1548 6918
1454 1549 6917
1453 1550 6916
1452 1551 6915
1451 1552 6914
1450 1553 6913
1449 1554 6912
1448 1555 6911
1447 1556 6910
1446 1557 6909
1445 1558 6908
1444 1559 6907
1443 1560 6906
1442 1561 6905
1441 1562 6904
1440 1563 6903
1439 1564 6902
1438 1565 6901
1437 1566 6900
1436 1567 6899
1435 1568 6898
1434 1569 6897
1433 1570 6896
1432 1571 6895
1431 1572 6894
1430 1573 6893
1429 1574 6892
1428 1575 6891
1427 1576 6890
1426 1577 6889
1425 1578 6888
1424 1579 6887
1423 1580 6886
1422 1581 6885
1421 1582 6884
1420 1583 6883
1419 1584 6882
1418 1585 6881
1417 1586 6880
1416 1587 6879
1415 1588 6878
1414 1589 6877
1413 1590 6876
1412 1591 6875
1411 1592 6874
1410 1593 6873
1409 1594 6872
1408 1595 6871
1407 1596 6870
1406 1597 6869
1405 1598 6868
1404 1599 6867
1403 1600 6866
1402 1601 6865
1401 1602 6864
1400 1603 6863
1399 1604 6862
1398 1605 6861
1397 1606 6860
1396 1607 6859
1395 1608 6858
1394 1609 6857
1393 1610 6856
1392 1611 6855
1391 1612 6854
1390 1613 6853
1389 1614 6852
1388 1615 6851
1387 1616 6850
1386 1617 6849
1385 1618 6848
1384 1619 6847
1383 1620 6846
1382 1621 6845
1381 1622 6844
1380 1623 6843
1379 1624 6842
1378 1625 6841
1377 1626 6840
1376 1627 6839
1375 1628 6838
1374 1629 6837
1373 1630 6836
1372 1631 6835
1371 1632 6834
1370 1633 6833
1369 1634 6832
1368 1635 6831
1367 1636 6830
1366 1637 6829
1365 1638 6828
1364 1639 6827
1363 1640 6826
1362 1641 6825
1361 1642 6824
1360 1643 6823
1359 1644 6822
1358 1645 6821
1357 1646 6820
1356 1647 6819
1355 1648 6818
1354 1649 6817
1353 1650 6816
1352 1651 6815
1351 1652 6814
1350 1653 6813
1349 1654 6812
1348 1655 6811
1347 1656 6810
1346 1657 6809
1345 1658 6808
1344 1659 6807
1343 1660 6806
1342 1661 6805
1341 1662 6804
1340 1663 6803
1339 1664 6802
1338 1665 6801
1337 1666 6800
1336 1667 6799
1335 1668 6798
1334 1669 6797
1333 1670 6796
1332 1671 6795
1331 1672 6794
1330 1673 6793
1329 1674 6792
1328 1675 6791
1327 1676 6790
1326 1677 6789
1325 1678 6788
1324 1679 6787
1323 1680 6786
1322 1681 6785
1321 1682 6784
1320 1683 6783
1319 1684 6782
1318 1685 6781
1317 1686 6780
1316 1687 6779
1315 1688 6778
1314 1689 6777
1313 1690 6776
1312 1691 6775
1311 1692 6774
1310 1693 6773
1309 1694 6772
1308 1695 6771
1307 1696 6770
1306 1697 6769
1305 1698 6768
1304 1699 6767
1303 1700 6766
1302 1701 6765
1301 1702 6764
1300 1703 6763
1299 1704 6762
1298 1705 6761
1297 1706 6760
1296 1707 6759
1295 1708 6758
1294 1709 6757
1293 1710 6756
1292 1711 6755
1291 1712 6754
1290 1713 6753
1289 1714 6752
1288 1715 6751
1287 1716 6750
1286 1717 6749
1285 1718 6748
1284 1719 6747
1283 1720 6746
1282 1721 6745
1281 1722 6744
1280 1723 6743
1279 1724 6742
1278 1725 6741
1277 1726 6740
1276 1727 6739
1275 1728 6738
1274 1729 6737
1273 1730 6736
1272 1731 6735
1271 1732 6734
1270 1733 6733
1269 1734 6732
1268 1735 6731
1267 1736 6730
1266 1737 6729
1265 1738 6728
1264 1739 6727
1263 1740 6726
1262 1741 6725
1261 1742 6724
1260 1743 6723
1259 1744 6722
1258 1745 6721
1257 1746 6720
1256 1747 6719
1255 1748 6718
1254 1749 6717
1253 1750 6716
1252 1751 6715
1251 1752 6714
1250 1753 6713
1249 1754 6712
1248 1755 6711
1247 1756 6710
1246 1757 6709
1245 1758 6708
1244 1759 6707
1243 1760 6706
1242 1761 6705
1241 1762 6704
1240 1763 6703
1239 1764 6702
1238 1765 6701
1237 1766 6700
1236 1767 6699
1235 1768 6698
1234 1769 6697
1233 1770 6696
1232 1771 6695
1231 1772 6694
1230 1773 6693
1229 1774 6692
1228 1775 6691
1227 1776 6690
1226 1777 6689
1225 1778 6688
1224 1779 6687
1223 1780 6686
1222 1781 6685
1221 1782 6684
1220 1783 6683
1219 1784 6682
1218 1785 6681
1217 1786 6680
1216 1787 6679
1215 1788 6678
1214 1789 6677
1213 1790 6676
1212 1791 6675
1211 1792 6674
1210 1793 6673
1209 1794 6672
1208 1795 6671
1207 1796 6670
1206 1797 6669
1205 1798 6668
1204 1799 6667
1203 1800 6666
1202 1801 6665
1201 1802 6664
1200 1803 6663
1199 1804 6662
1198 1805 6661
1197 1806 6660
1196 1807 6659
1195 1808 6658
1194 1809 6657
1193 1810 6656
1192 1811 6655
1191 1812 6654
1190 1813 6653
1189 1814 6652
1188 1815 6651
1187 1816 6650
1186 1817 6649
1185 1818 6648
1184 1819 6647
1183 1820 6646
1182 1821 6645
1181 1822 6644
1180 1823 6643
1179 1824 6642
1178 1825 6641
1177 1826 6640
1176 1827 6639
1175 1828 6638
1174 1829 6637
1173 1830 6636
1172 1831 6635
1171 1832 6634
1170 1833 6633
1169 1834 6632
1168 1835 6631
1167 1836 6630
1166 1837 6629
1165 1838 6628
1164 1839 6627
1163 1840 6626
1162 1841 6625
1161 1842 6624
1160 1843 6623
1159 1844 6622
1158 1845 6621
1157 1846 6620
1156 1847 6619
1155 1848 6618
1154 1849 6617
1153 1850 6616
1152 1851 6615
1151 1852 6614
1150 1853 6613
1149 1854 6612
1148 1855 6611
1147 1856 6610
1146 1857 6609
1145 1858 6608
1144 1859 6607
1143 1860 6606
1142 1861 6605
1141 1862 6604
1140 1863 6603
1139 1864 6602
1138 1865 6601
1137 1866 6600
1136 1867 6599
1135 1868 6598
1134 1869 6597
1133 1870 6596
1132 1871 6595
1131 1872 6594
1130 1873 6593
1129 1874 6592
1128 1875 6591
1127 1876 6590
1126 1877 6589
1125 1878 6588
1124 1879 6587
1123 1880 6586
1122 1881 6585
1121 1882 6584
1120 1883 6583
1119 1884 6582
1118 1885 6581
1117 1886 6580
1116 1887 6579
1115 1888 6578
1114 1889 6577
1113 1890 6576
1112 1891 6575
1111 1892 6574
1110 1893 6573
1109 1894 6572
1108 1895 6571
1107 1896 6570
1106 1897 6569
1105 1898 6568
1104 1899 6567
1103 1900 6566
1102 1901 6565
1101 1902 6564
1100 1903 6563
1099 1904 6562
1098 1905 6561
1097 1906 6560
1096 1907 6559
1095 1908 6558
1094 1909 6557
1093 1910 6556
1092 1911 6555
1091 1912 6554
1090 1913 6553
1089 1914 6552
1088 1915 6551
1087 1916 6550
1086 1917 6549
1085 1918 6548
1084 1919 6547
1083 1920 6546
1082 1921 6545
1081 1922 6544
1080 1923 6543
1079 1924 6542
1078 1925 6541
1077 1926 6540
1076 1927 6539
1075 1928 6538
1074 1929 6537
1073 1930 6536
1072 1931 6535
1071 1932 6534
1070 1933 6533
1069 1934 6532
1068 1935 6531
1067 1936 6530
1066 1937 6529
1065 1938 6528
1064 1939 6527
1063 1940 6526
1062 1941 6525
1061 1942 6524
1060 1943 6523
1059 1944 6522
1058 1945 6521
1057 1946 6520
1056 1947 6519
1055 1948 6518
1054 1949 6517
1053 1950 6516
1052 1951 6515
1051 1952 6514
1050 1953 6513
1049 1954 6512
1048 1955 6511
1047 1956 6510
1046 1957 6509
1045 1958 6508
1044 1959 6507
1043 1960 6506
1042 1961 6505
1041 1962 6504
1040 1963 6503
1039 1964 6502
1038 1965 6501
1037 1966 6500
1036 1967 6499
1035 1968 6498
1034 1969 6497
1033 1970 6496
1032 1971 6495
1031 1972 6494
1030 1973 6493
1029 1974 6492
1028 1975 6491
1027 1976 6490
1026 1977 6489
1025 1978 6488
1024 1979 6487
1023 1980 6486
1022 1981 6485
1021 1982 6484
1020 1983 6483
1019 1984 6482
1018 1985 6481
1017 1986 6480
1016 1987 6479
1015 1988 6478
1014 1989 6477
1013 1990 6476
1012 1991 6475
1011 1992 6474
1010 1993 6473
1009 1994 6472
1008 1995 6471
1007 1996 6470
1006 1997 6469
1005 1998 6468
1004 1999 6467
1003 2000 6466
1002 2001 6465
1001 2002 6464
1000 2003 6463
999 2004 6462
998 2005 6461
997 2006 6460
996 2007 6459
995 2008 6458
994 2009 6457
993 2010 6456
992 2011 6455
991 2012 6454
990 2013 6453
989 2014 6452
988 2015 6451
987 2016 6450
986 2017 6449
985 2018 6448
984 2019 6447
983 2020 6446
982 2021 6445
981 2022 6444
980 2023 6443
979 2024 6442
978 2025 6441
977 2026 6440
976 2027 6439
975 2028 6438
974 2029 6437
973 2030 6436
972 2031 6435
971 2032 6434
970 2033 6433
969 2034 6432
968 2035 6431
967 2036 6430
966 2037 6429
965 2038 6428
964 2039 6427
963 2040 6426
962 2041 6425
961 2042 6424
960 2043 6423
959 2044 6422
958 2045 6421
957 2046 6420
956 2047 6419
955 2048 6418
954 2049 6417
953 2050 6416
952 2051 6415
951 2052 6414
950 2053 6413
949 2054 6412
948 2055 6411
947 2056 6410
946 2057 6409
945 2058 6408
944 2059 6407
943 2060 6406
942 2061 6405
941 2062 6404
940 2063 6403
939 2064 6402
938 2065 6401
937 2066 6400
936 2067 6399
935 2068 6398
934 2069 6397
933 2070 6396
932 2071 6395
931 2072 6394
930 2073 6393
929 2074 6392
928 2075 6391
927 2076 6390
926 2077 6389
925 2078 6388
924 2079 6387
923 2080 6386
922 2081 6385
921 2082 6384
920 2083 6383
919 2084 6382
918 2085 6381
917 2086 6380
916 2087 6379
915 2088 6378
914 2089 6377
913 2090 6376
912 2091 6375
911 2092 6374
910 2093 6373
909 2094 6372
908 2095 6371
907 2096 6370
906 2097 6369
905 2098 6368
904 2099 6367
903 2100 6366
902 2101 6365
901 2102 6364
900 2103 6363
899 2104 6362
898 2105 6361
897 2106 6360
896 2107 6359
895 2108 6358
894 2109 6357
893 2110 6356
892 2111 6355
891 2112 6354
890 2113 6353
889 2114 6352
888 2115 6351
887 2116 6350
886 2117 6349
885 2118 6348
884 2119 6347
883 2120 6346
882 2121 6345
881 2122 6344
880 2123 6343
879 2124 6342
878 2125 6341
877 2126 6340
876 2127 6339
875 2128 6338
874 2129 6337
873 2130 6336
872 2131 6335
871 2132 6334
870 2133 6333
869 2134 6332
868 2135 6331
867 2136 6330
866 2137 6329
865 2138 6328
864 2139 6327
863 2140 6326
862 2141 6325
861 2142 6324
860 2143 6323
859 2144 6322
858 2145 6321
857 2146 6320
856 2147 6319
855 2148 6318
854 2149 6317
853 2150 6316
852 2151 6315
851 2152 6314
850 2153 6313
849 2154 6312
848 2155 6311
847 2156 6310
846 2157 6309
845 2158 6308
844 2159 6307
843 2160 6306
842 2161 6305
841 2162 6304
840 2163 6303
839 2164 6302
838 2165 6301
837 2166 6300
836 2167 6299
835 2168 6298
834 2169 6297
833 2170 6296
832 2171 6295
831 2172 6294
830 2173 6293
829 2174 6292
828 2175 6291
827 2176 6290
826 2177 6289
825 2178 6288
824 2179 6287
823 2180 6286
822 2181 6285
821 2182 6284
820 2183 6283
819 2184 6282
818 2185 6281
817 2186 6280
816 2187 6279
815 2188 6278
814 2189 6277
813 2190 6276
812 2191 6275
811 2192 6274
810 2193 6273
809 2194 6272
808 2195 6271
807 2196 6270
806 2197 6269
805 2198 6268
804 2199 6267
803 2200 6266
802 2201 6265
801 2202 6264
800 2203 6263
799 2204 6262
798 2205 6261
797 2206 6260
796 2207 6259
795 2208 6258
794 2209 6257
793 2210 6256
792 2211 6255
791 2212 6254
790 2213 6253
789 2214 6252
788 2215 6251
787 2216 6250
786 2217 6249
785 2218 6248
784 2219 6247
783 2220 6246
782 2221 6245
781 2222 6244
780 2223 6243
779 2224 6242
778 2225 6241
777 2226 6240
776 2227 6239
775 2228 6238
774 2229 6237
773 2230 6236
772 2231 6235
771 2232 6234
770 2233 6233
769 2234 6232
768 2235 6231
767 2236 6230
766 2237 6229
765 2238 6228
764 2239 6227
763 2240 6226
762 2241 6225
761 2242 6224
760 2243 6223
759 2244 6222
758 2245 6221
757 2246 6220
756 2247 6219
755 2248 6218
754 2249 6217
753 2250 6216
752 2251 6215
751 2252 6214
750 2253 6213
749 2254 6212
748 2255 6211
747 2256 6210
746 2257 6209
745 2258 6208
744 2259 6207
743 2260 6206
742 2261 6205
741 2262 6204
740 2263 6203
739 2264 6202
738 2265 6201
737 2266 6200
736 2267 6199
735 2268 6198
734 2269 6197
733 2270 6196
732 2271 6195
731 2272 6194
730 2273 6193
729 2274 6192
728 2275 6191
727 2276 6190
726 2277 6189
725 2278 6188
724 2279 6187
723 2280 6186
722 2281 6185
721 2282 6184
720 2283 6183
719 2284 6182
718 2285 6181
717 2286 6180
716 2287 6179
715 2288 6178
714 2289 6177
713 2290 6176
712 2291 6175
711 2292 6174
710 2293 6173
709 2294 6172
708 2295 6171
707 2296 6170
706 2297 6169
705 2298 6168
704 2299 6167
703 2300 6166
702 2301 6165
701 2302 6164
700 2303 6163
699 2304 6162
698 2305 6161
697 2306 6160
696 2307 6159
695 2308 6158
694 2309 6157
693 2310 6156
692 2311 6155
691 2312 6154
690 2313 6153
689 2314 6152
688 2315 6151
687 2316 6150
686 2317 6149
685 2318 6148
684 2319 6147
683 2320 6146
682 2321 6145
681 2322 6144
680 2323 6143
679 2324 6142
678 2325 6141
677 2326 6140
676 2327 6139
675 2328 6138
674 2329 6137
673 2330 6136
672 2331 6135
671 2332 6134
670 2333 6133
669 2334 6132
668 2335 6131
667 2336 6130
666 2337 6129
665 2338 6128
664 2339 6127
663 2340 6126
662 2341 6125
661 2342 6124
660 2343 6123
659 2344 6122
658 2345 6121
657 2346 6120
656 2347 6119
655 2348 6118
654 2349 6117
653 2350 6116
652 2351 6115
651 2352 6114
650 2353 6113
649 2354 6112
648 2355 6111
647 2356 6110
646 2357 6109
645 2358 6108
644 2359 6107
643 2360 6106
642 2361 6105
641 2362 6104
640 2363 6103
639 2364 6102
638 2365 6101
637 2366 6100
636 2367 6099
635 2368 6098
634 2369 6097
633 2370 6096
632 2371 6095
631 2372 6094
630 2373 6093
629 2374 6092
628 2375 6091
627 2376 6090
626 2377 6089
625 2378 6088
624 2379 6087
623 2380 6086
622 2381 6085
621 2382 6084
620 2383 6083
619 2384 6082
618 2385 6081
617 2386 6080
616 2387 6079
615 2388 6078
614 2389 6077
613 2390 6076
612 2391 6075
611 2392 6074
610 2393 6073
609 2394 6072
608 2395 6071
607 2396 6070
606 2397 6069
605 2398 6068
604 2399 6067
603 2400 6066
602 2401 6065
601 2402 6064
600 2403 6063
599 2404 6062
598 2405 6061
597 2406 6060
596 2407 6059
595 2408 6058
594 2409 6057
593 2410 6056
592 2411 6055
591 2412 6054
590 2413 6053
589 2414 6052
588 2415 6051
587 2416 6050
586 2417 6049
585 2418 6048
584 2419 6047
583 2420 6046
582 2421 6045
581 2422 6044
580 2423 6043
579 2424 6042
578 2425 6041
577 2426 6040
576 2427 6039
575 2428 6038
574 2429 6037
573 2430 6036
572 2431 6035
571 2432 6034
570 2433 6033
569 2434 6032
568 2435 6031
567 2436 6030
566 2437 6029
565 2438 6028
564 2439 6027
563 2440 6026
562 2441 6025
561 2442 6024
560 2443 6023
559 2444 6022
558 2445 6021
557 2446 6020
556 2447 6019
555 2448 6018
554 2449 6017
553 2450 6016
552 2451 6015
551 2452 6014
550 2453 6013
549 2454 6012
548 2455 6011
547 2456 6010
546 2457 6009
545 2458 6008
544 2459 6007
543 2460 6006
542 2461 6005
541 2462 6004
540 2463 6003
539 2464 6002
538 2465 6001
