1596
3000 3 7596
2999 4 7595
2998 5 7594
2997 6 7593
2996 7 7592
2995 8 7591
2994 9 7590
2993 10 7589
2992 11 7588
2991 12 7587
2990 13 7586
2989 14 7585
2988 15 7584
2987 16 7583
2986 17 7582
2985 18 7581
2984 19 7580
2983 20 7579
2982 21 7578
2981 22 7577
2980 23 7576
2979 24 7575
2978 25 7574
2977 26 7573
2976 27 7572
2975 28 7571
2974 29 7570
2973 30 7569
2972 31 7568
2971 32 7567
2970 33 7566
2969 34 7565
2968 35 7564
2967 36 7563
2966 37 7562
2965 38 7561
2964 39 7560
2963 40 7559
2962 41 7558
2961 42 7557
2960 43 7556
2959 44 7555
2958 45 7554
2957 46 7553
2956 47 7552
2955 48 7551
2954 49 7550
2953 50 7549
2952 51 7548
2951 52 7547
2950 53 7546
2949 54 7545
2948 55 7544
2947 56 7543
2946 57 7542
2945 58 7541
2944 59 7540
2943 60 7539
2942 61 7538
2941 62 7537
2940 63 7536
2939 64 7535
2938 65 7534
2937 66 7533
2936 67 7532
2935 68 7531
2934 69 7530
2933 70 7529
2932 71 7528
2931 72 7527
2930 73 7526
2929 74 7525
2928 75 7524
2927 76 7523
2926 77 7522
2925 78 7521
2924 79 7520
2923 80 7519
2922 81 7518
2921 82 7517
2920 83 7516
2919 84 7515
2918 85 7514
2917 86 7513
2916 87 7512
2915 88 7511
2914 89 7510
2913 90 7509
2912 91 7508
2911 92 7507
2910 93 7506
2909 94 7505
2908 95 7504
2907 96 7503
2906 97 7502
2905 98 7501
2904 99 7500
2903 100 7499
2902 101 7498
2901 102 7497
2900 103 7496
2899 104 7495
2898 105 7494
2897 106 7493
2896 107 7492
2895 108 7491
2894 109 7490
2893 110 7489
2892 111 7488
2891 112 7487
2890 113 7486
2889 114 7485
2888 115 7484
2887 116 7483
2886 117 7482
2885 118 7481
2884 119 7480
2883 120 7479
2882 121 7478
2881 122 7477
2880 123 7476
2879 124 7475
2878 125 7474
2877 126 7473
2876 127 7472
2875 128 7471
2874 129 7470
2873 130 7469
2872 131 7468
2871 132 7467
2870 133 7466
2869 134 7465
2868 135 7464
2867 136 7463
2866 137 7462
2865 138 7461
2864 139 7460
2863 140 7459
2862 141 7458
2861 142 7457
2860 143 7456
2859 144 7455
2858 145 7454
2857 146 7453
2856 147 7452
2855 148 7451
2854 149 7450
2853 150 7449
2852 151 7448
2851 152 7447
2850 153 7446
2849 154 7445
2848 155 7444
2847 156 7443
2846 157 7442
2845 158 7441
2844 159 7440
2843 160 7439
2842 161 7438
2841 162 7437
2840 163 7436
2839 164 7435
2838 165 7434
2837 166 7433
2836 167 7432
2835 168 7431
2834 169 7430
2833 170 7429
2832 171 7428
2831 172 7427
2830 173 7426
2829 174 7425
2828 175 7424
2827 176 7423
2826 177 7422
2825 178 7421
2824 179 7420
2823 180 7419
2822 181 7418
2821 182 7417
2820 183 7416
2819 184 7415
2818 185 7414
2817 186 7413
2816 187 7412
2815 188 7411
2814 189 7410
2813 190 7409
2812 191 7408
2811 192 7407
2810 193 7406
2809 194 7405
2808 195 7404
2807 196 7403
2806 197 7402
2805 198 7401
2804 199 7400
2803 200 7399
2802 201 7398
2801 202 7397
2800 203 7396
2799 204 7395
2798 205 7394
2797 206 7393
2796 207 7392
2795 208 7391
2794 209 7390
2793 210 7389
2792 211 7388
2791 212 7387
2790 213 7386
2789 214 7385
2788 215 7384
2787 216 7383
2786 217 7382
2785 218 7381
2784 219 7380
2783 220 7379
2782 221 7378
2781 222 7377
2780 223 7376
2779 224 7375
2778 225 7374
2777 226 7373
2776 227 7372
2775 228 7371
2774 229 7370
2773 230 7369
2772 231 7368
2771 232 7367
2770 233 7366
2769 234 7365
2768 235 7364
2767 236 7363
2766 237 7362
2765 238 7361
2764 239 7360
2763 240 7359
2762 241 7358
2761 242 7357
2760 243 7356
2759 244 7355
2758 245 7354
2757 246 7353
2756 247 7352
2755 248 7351
2754 249 7350
2753 250 7349
2752 251 7348
2751 252 7347
2750 253 7346
2749 254 7345
2748 255 7344
2747 256 7343
2746 257 7342
2745 258 7341
2744 259 7340
2743 260 7339
2742 261 7338
2741 262 7337
2740 263 7336
2739 264 7335
2738 265 7334
2737 266 7333
2736 267 7332
2735 268 7331
2734 269 7330
2733 270 7329
2732 271 7328
2731 272 7327
2730 273 7326
2729 274 7325
2728 275 7324
2727 276 7323
2726 277 7322
2725 278 7321
2724 279 7320
2723 280 7319
2722 281 7318
2721 282 7317
2720 283 7316
2719 284 7315
2718 285 7314
2717 286 7313
2716 287 7312
2715 288 7311
2714 289 7310
2713 290 7309
2712 291 7308
2711 292 7307
2710 293 7306
2709 294 7305
2708 295 7304
2707 296 7303
2706 297 7302
2705 298 7301
2704 299 7300
2703 300 7299
2702 301 7298
2701 302 7297
2700 303 7296
2699 304 7295
2698 305 7294
2697 306 7293
2696 307 7292
2695 308 7291
2694 309 7290
2693 310 7289
2692 311 7288
2691 312 7287
2690 313 7286
2689 314 7285
2688 315 7284
2687 316 7283
2686 317 7282
2685 318 7281
2684 319 7280
2683 320 7279
2682 321 7278
2681 322 7277
2680 323 7276
2679 324 7275
2678 325 7274
2677 326 7273
2676 327 7272
2675 328 7271
2674 329 7270
2673 330 7269
2672 331 7268
2671 332 7267
2670 333 7266
2669 334 7265
2668 335 7264
2667 336 7263
2666 337 7262
2665 338 7261
2664 339 7260
2663 340 7259
2662 341 7258
2661 342 7257
2660 343 7256
2659 344 7255
2658 345 7254
2657 346 7253
2656 347 7252
2655 348 7251
2654 349 7250
2653 350 7249
2652 351 7248
2651 352 7247
2650 353 7246
2649 354 7245
2648 355 7244
2647 356 7243
2646 357 7242
2645 358 7241
2644 359 7240
2643 360 7239
2642 361 7238
2641 362 7237
2640 363 7236
2639 364 7235
2638 365 7234
2637 366 7233
2636 367 7232
2635 368 7231
2634 369 7230
2633 370 7229
2632 371 7228
2631 372 7227
2630 373 7226
2629 374 7225
2628 375 7224
2627 376 7223
2626 377 7222
2625 378 7221
2624 379 7220
2623 380 7219
2622 381 7218
2621 382 7217
2620 383 7216
2619 384 7215
2618 385 7214
2617 386 7213
2616 387 7212
2615 388 7211
2614 389 7210
2613 390 7209
2612 391 7208
2611 392 7207
2610 393 7206
2609 394 7205
2608 395 7204
2607 396 7203
2606 397 7202
2605 398 7201
2604 399 7200
2603 400 7199
2602 401 7198
2601 402 7197
2600 403 7196
2599 404 7195
2598 405 7194
2597 406 7193
2596 407 7192
2595 408 7191
2594 409 7190
2593 410 7189
2592 411 7188
2591 412 7187
2590 413 7186
2589 414 7185
2588 415 7184
2587 416 7183
2586 417 7182
2585 418 7181
2584 419 7180
2583 420 7179
2582 421 7178
2581 422 7177
2580 423 7176
2579 424 7175
2578 425 7174
2577 426 7173
2576 427 7172
2575 428 7171
2574 429 7170
2573 430 7169
2572 431 7168
2571 432 7167
2570 433 7166
2569 434 7165
2568 435 7164
2567 436 7163
2566 437 7162
2565 438 7161
2564 439 7160
2563 440 7159
2562 441 7158
2561 442 7157
2560 443 7156
2559 444 7155
2558 445 7154
2557 446 7153
2556 447 7152
2555 448 7151
2554 449 7150
2553 450 7149
2552 451 7148
2551 452 7147
2550 453 7146
2549 454 7145
2548 455 7144
2547 456 7143
2546 457 7142
2545 458 7141
2544 459 7140
2543 460 7139
2542 461 7138
2541 462 7137
2540 463 7136
2539 464 7135
2538 465 7134
2537 466 7133
2536 467 7132
2535 468 7131
2534 469 7130
2533 470 7129
2532 471 7128
2531 472 7127
2530 473 7126
2529 474 7125
2528 475 7124
2527 476 7123
2526 477 7122
2525 478 7121
2524 479 7120
2523 480 7119
2522 481 7118
2521 482 7117
2520 483 7116
2519 484 7115
2518 485 7114
2517 486 7113
2516 487 7112
2515 488 7111
2514 489 7110
2513 490 7109
2512 491 7108
2511 492 7107
2510 493 7106
2509 494 7105
2508 495 7104
2507 496 7103
2506 497 7102
2505 498 7101
2504 499 7100
2503 500 7099
2502 501 7098
2501 502 7097
2500 503 7096
2499 504 7095
2498 505 7094
2497 506 7093
2496 507 7092
2495 508 7091
2494 509 7090
2493 510 7089
2492 511 7088
2491 512 7087
2490 513 7086
2489 514 7085
2488 515 7084
2487 516 7083
2486 517 7082
2485 518 7081
2484 519 7080
2483 520 7079
2482 521 7078
2481 522 7077
2480 523 7076
2479 524 7075
2478 525 7074
2477 526 7073
2476 527 7072
2475 528 7071
2474 529 7070
2473 530 7069
2472 531 7068
2471 532 7067
2470 533 7066
2469 534 7065
2468 535 7064
2467 536 7063
2466 537 7062
2465 538 7061
2464 539 7060
2463 540 7059
2462 541 7058
2461 542 7057
2460 543 7056
2459 544 7055
2458 545 7054
2457 546 7053
2456 547 7052
2455 548 7051
2454 549 7050
2453 550 7049
2452 551 7048
2451 552 7047
2450 553 7046
2449 554 7045
2448 555 7044
2447 556 7043
2446 557 7042
2445 558 7041
2444 559 7040
2443 560 7039
2442 561 7038
2441 562 7037
2440 563 7036
2439 564 7035
2438 565 7034
2437 566 7033
2436 567 7032
2435 568 7031
2434 569 7030
2433 570 7029
2432 571 7028
2431 572 7027
2430 573 7026
2429 574 7025
2428 575 7024
2427 576 7023
2426 577 7022
2425 578 7021
2424 579 7020
2423 580 7019
2422 581 7018
2421 582 7017
2420 583 7016
2419 584 7015
2418 585 7014
2417 586 7013
2416 587 7012
2415 588 7011
2414 589 7010
2413 590 7009
2412 591 7008
2411 592 7007
2410 593 7006
2409 594 7005
2408 595 7004
2407 596 7003
2406 597 7002
2405 598 7001
2404 599 7000
2403 600 6999
2402 601 6998
2401 602 6997
2400 603 6996
2399 604 6995
2398 605 6994
2397 606 6993
2396 607 6992
2395 608 6991
2394 609 6990
2393 610 6989
2392 611 6988
2391 612 6987
2390 613 6986
2389 614 6985
2388 615 6984
2387 616 6983
2386 617 6982
2385 618 6981
2384 619 6980
2383 620 6979
2382 621 6978
2381 622 6977
2380 623 6976
2379 624 6975
2378 625 6974
2377 626 6973
2376 627 6972
2375 628 6971
2374 629 6970
2373 630 6969
2372 631 6968
2371 632 6967
2370 633 6966
2369 634 6965
2368 635 6964
2367 636 6963
2366 637 6962
2365 638 6961
2364 639 6960
2363 640 6959
2362 641 6958
2361 642 6957
2360 643 6956
2359 644 6955
2358 645 6954
2357 646 6953
2356 647 6952
2355 648 6951
2354 649 6950
2353 650 6949
2352 651 6948
2351 652 6947
2350 653 6946
2349 654 6945
2348 655 6944
2347 656 6943
2346 657 6942
2345 658 6941
2344 659 6940
2343 660 6939
2342 661 6938
2341 662 6937
2340 663 6936
2339 664 6935
2338 665 6934
2337 666 6933
2336 667 6932
2335 668 6931
2334 669 6930
2333 670 6929
2332 671 6928
2331 672 6927
2330 673 6926
2329 674 6925
2328 675 6924
2327 676 6923
2326 677 6922
2325 678 6921
2324 679 6920
2323 680 6919
2322 681 6918
2321 682 6917
2320 683 6916
2319 684 6915
2318 685 6914
2317 686 6913
2316 687 6912
2315 688 6911
2314 689 6910
2313 690 6909
2312 691 6908
2311 692 6907
2310 693 6906
2309 694 6905
2308 695 6904
2307 696 6903
2306 697 6902
2305 698 6901
2304 699 6900
2303 700 6899
2302 701 6898
2301 702 6897
2300 703 6896
2299 704 6895
2298 705 6894
2297 706 6893
2296 707 6892
2295 708 6891
2294 709 6890
2293 710 6889
2292 711 6888
2291 712 6887
2290 713 6886
2289 714 6885
2288 715 6884
2287 716 6883
2286 717 6882
2285 718 6881
2284 719 6880
2283 720 6879
2282 721 6878
2281 722 6877
2280 723 6876
2279 724 6875
2278 725 6874
2277 726 6873
2276 727 6872
2275 728 6871
2274 729 6870
2273 730 6869
2272 731 6868
2271 732 6867
2270 733 6866
2269 734 6865
2268 735 6864
2267 736 6863
2266 737 6862
2265 738 6861
2264 739 6860
2263 740 6859
2262 741 6858
2261 742 6857
2260 743 6856
2259 744 6855
2258 745 6854
2257 746 6853
2256 747 6852
2255 748 6851
2254 749 6850
2253 750 6849
2252 751 6848
2251 752 6847
2250 753 6846
2249 754 6845
2248 755 6844
2247 756 6843
2246 757 6842
2245 758 6841
2244 759 6840
2243 760 6839
2242 761 6838
2241 762 6837
2240 763 6836
2239 764 6835
2238 765 6834
2237 766 6833
2236 767 6832
2235 768 6831
2234 769 6830
2233 770 6829
2232 771 6828
2231 772 6827
2230 773 6826
2229 774 6825
2228 775 6824
2227 776 6823
2226 777 6822
2225 778 6821
2224 779 6820
2223 780 6819
2222 781 6818
2221 782 6817
2220 783 6816
2219 784 6815
2218 785 6814
2217 786 6813
2216 787 6812
2215 788 6811
2214 789 6810
2213 790 6809
2212 791 6808
2211 792 6807
2210 793 6806
2209 794 6805
2208 795 6804
2207 796 6803
2206 797 6802
2205 798 6801
2204 799 6800
2203 800 6799
2202 801 6798
2201 802 6797
2200 803 6796
2199 804 6795
2198 805 6794
2197 806 6793
2196 807 6792
2195 808 6791
2194 809 6790
2193 810 6789
2192 811 6788
2191 812 6787
2190 813 6786
2189 814 6785
2188 815 6784
2187 816 6783
2186 817 6782
2185 818 6781
2184 819 6780
2183 820 6779
2182 821 6778
2181 822 6777
2180 823 6776
2179 824 6775
2178 825 6774
2177 826 6773
2176 827 6772
2175 828 6771
2174 829 6770
2173 830 6769
2172 831 6768
2171 832 6767
2170 833 6766
2169 834 6765
2168 835 6764
2167 836 6763
2166 837 6762
2165 838 6761
2164 839 6760
2163 840 6759
2162 841 6758
2161 842 6757
2160 843 6756
2159 844 6755
2158 845 6754
2157 846 6753
2156 847 6752
2155 848 6751
2154 849 6750
2153 850 6749
2152 851 6748
2151 852 6747
2150 853 6746
2149 854 6745
2148 855 6744
2147 856 6743
2146 857 6742
2145 858 6741
2144 859 6740
2143 860 6739
2142 861 6738
2141 862 6737
2140 863 6736
2139 864 6735
2138 865 6734
2137 866 6733
2136 867 6732
2135 868 6731
2134 869 6730
2133 870 6729
2132 871 6728
2131 872 6727
2130 873 6726
2129 874 6725
2128 875 6724
2127 876 6723
2126 877 6722
2125 878 6721
2124 879 6720
2123 880 6719
2122 881 6718
2121 882 6717
2120 883 6716
2119 884 6715
2118 885 6714
2117 886 6713
2116 887 6712
2115 888 6711
2114 889 6710
2113 890 6709
2112 891 6708
2111 892 6707
2110 893 6706
2109 894 6705
2108 895 6704
2107 896 6703
2106 897 6702
2105 898 6701
2104 899 6700
2103 900 6699
2102 901 6698
2101 902 6697
2100 903 6696
2099 904 6695
2098 905 6694
2097 906 6693
2096 907 6692
2095 908 6691
2094 909 6690
2093 910 6689
2092 911 6688
2091 912 6687
2090 913 6686
2089 914 6685
2088 915 6684
2087 916 6683
2086 917 6682
2085 918 6681
2084 919 6680
2083 920 6679
2082 921 6678
2081 922 6677
2080 923 6676
2079 924 6675
2078 925 6674
2077 926 6673
2076 927 6672
2075 928 6671
2074 929 6670
2073 930 6669
2072 931 6668
2071 932 6667
2070 933 6666
2069 934 6665
2068 935 6664
2067 936 6663
2066 937 6662
2065 938 6661
2064 939 6660
2063 940 6659
2062 941 6658
2061 942 6657
2060 943 6656
2059 944 6655
2058 945 6654
2057 946 6653
2056 947 6652
2055 948 6651
2054 949 6650
2053 950 6649
2052 951 6648
2051 952 6647
2050 953 6646
2049 954 6645
2048 955 6644
2047 956 6643
2046 957 6642
2045 958 6641
2044 959 6640
2043 960 6639
2042 961 6638
2041 962 6637
2040 963 6636
2039 964 6635
2038 965 6634
2037 966 6633
2036 967 6632
2035 968 6631
2034 969 6630
2033 970 6629
2032 971 6628
2031 972 6627
2030 973 6626
2029 974 6625
2028 975 6624
2027 976 6623
2026 977 6622
2025 978 6621
2024 979 6620
2023 980 6619
2022 981 6618
2021 982 6617
2020 983 6616
2019 984 6615
2018 985 6614
2017 986 6613
2016 987 6612
2015 988 6611
2014 989 6610
2013 990 6609
2012 991 6608
2011 992 6607
2010 993 6606
2009 994 6605
2008 995 6604
2007 996 6603
2006 997 6602
2005 998 6601
2004 999 6600
2003 1000 6599
2002 1001 6598
2001 1002 6597
2000 1003 6596
1999 1004 6595
1998 1005 6594
1997 1006 6593
1996 1007 6592
1995 1008 6591
1994 1009 6590
1993 1010 6589
1992 1011 6588
1991 1012 6587
1990 1013 6586
1989 1014 6585
1988 1015 6584
1987 1016 6583
1986 1017 6582
1985 1018 6581
1984 1019 6580
1983 1020 6579
1982 1021 6578
1981 1022 6577
1980 1023 6576
1979 1024 6575
1978 1025 6574
1977 1026 6573
1976 1027 6572
1975 1028 6571
1974 1029 6570
1973 1030 6569
1972 1031 6568
1971 1032 6567
1970 1033 6566
1969 1034 6565
1968 1035 6564
1967 1036 6563
1966 1037 6562
1965 1038 6561
1964 1039 6560
1963 1040 6559
1962 1041 6558
1961 1042 6557
1960 1043 6556
1959 1044 6555
1958 1045 6554
1957 1046 6553
1956 1047 6552
1955 1048 6551
1954 1049 6550
1953 1050 6549
1952 1051 6548
1951 1052 6547
1950 1053 6546
1949 1054 6545
1948 1055 6544
1947 1056 6543
1946 1057 6542
1945 1058 6541
1944 1059 6540
1943 1060 6539
1942 1061 6538
1941 1062 6537
1940 1063 6536
1939 1064 6535
1938 1065 6534
1937 1066 6533
1936 1067 6532
1935 1068 6531
1934 1069 6530
1933 1070 6529
1932 1071 6528
1931 1072 6527
1930 1073 6526
1929 1074 6525
1928 1075 6524
1927 1076 6523
1926 1077 6522
1925 1078 6521
1924 1079 6520
1923 1080 6519
1922 1081 6518
1921 1082 6517
1920 1083 6516
1919 1084 6515
1918 1085 6514
1917 1086 6513
1916 1087 6512
1915 1088 6511
1914 1089 6510
1913 1090 6509
1912 1091 6508
1911 1092 6507
1910 1093 6506
1909 1094 6505
1908 1095 6504
1907 1096 6503
1906 1097 6502
1905 1098 6501
1904 1099 6500
1903 1100 6499
1902 1101 6498
1901 1102 6497
1900 1103 6496
1899 1104 6495
1898 1105 6494
1897 1106 6493
1896 1107 6492
1895 1108 6491
1894 1109 6490
1893 1110 6489
1892 1111 6488
1891 1112 6487
1890 1113 6486
1889 1114 6485
1888 1115 6484
1887 1116 6483
1886 1117 6482
1885 1118 6481
1884 1119 6480
1883 1120 6479
1882 1121 6478
1881 1122 6477
1880 1123 6476
1879 1124 6475
1878 1125 6474
1877 1126 6473
1876 1127 6472
1875 1128 6471
1874 1129 6470
1873 1130 6469
1872 1131 6468
1871 1132 6467
1870 1133 6466
1869 1134 6465
1868 1135 6464
1867 1136 6463
1866 1137 6462
1865 1138 6461
1864 1139 6460
1863 1140 6459
1862 1141 6458
1861 1142 6457
1860 1143 6456
1859 1144 6455
1858 1145 6454
1857 1146 6453
1856 1147 6452
1855 1148 6451
1854 1149 6450
1853 1150 6449
1852 1151 6448
1851 1152 6447
1850 1153 6446
1849 1154 6445
1848 1155 6444
1847 1156 6443
1846 1157 6442
1845 1158 6441
1844 1159 6440
1843 1160 6439
1842 1161 6438
1841 1162 6437
1840 1163 6436
1839 1164 6435
1838 1165 6434
1837 1166 6433
1836 1167 6432
1835 1168 6431
1834 1169 6430
1833 1170 6429
1832 1171 6428
1831 1172 6427
1830 1173 6426
1829 1174 6425
1828 1175 6424
1827 1176 6423
1826 1177 6422
1825 1178 6421
1824 1179 6420
1823 1180 6419
1822 1181 6418
1821 1182 6417
1820 1183 6416
1819 1184 6415
1818 1185 6414
1817 1186 6413
1816 1187 6412
1815 1188 6411
1814 1189 6410
1813 1190 6409
1812 1191 6408
1811 1192 6407
1810 1193 6406
1809 1194 6405
1808 1195 6404
1807 1196 6403
1806 1197 6402
1805 1198 6401
1804 1199 6400
1803 1200 6399
1802 1201 6398
1801 1202 6397
1800 1203 6396
1799 1204 6395
1798 1205 6394
1797 1206 6393
1796 1207 6392
1795 1208 6391
1794 1209 6390
1793 1210 6389
1792 1211 6388
1791 1212 6387
1790 1213 6386
1789 1214 6385
1788 1215 6384
1787 1216 6383
1786 1217 6382
1785 1218 6381
1784 1219 6380
1783 1220 6379
1782 1221 6378
1781 1222 6377
1780 1223 6376
1779 1224 6375
1778 1225 6374
1777 1226 6373
1776 1227 6372
1775 1228 6371
1774 1229 6370
1773 1230 6369
1772 1231 6368
1771 1232 6367
1770 1233 6366
1769 1234 6365
1768 1235 6364
1767 1236 6363
1766 1237 6362
1765 1238 6361
1764 1239 6360
1763 1240 6359
1762 1241 6358
1761 1242 6357
1760 1243 6356
1759 1244 6355
1758 1245 6354
1757 1246 6353
1756 1247 6352
1755 1248 6351
1754 1249 6350
1753 1250 6349
1752 1251 6348
1751 1252 6347
1750 1253 6346
1749 1254 6345
1748 1255 6344
1747 1256 6343
1746 1257 6342
1745 1258 6341
1744 1259 6340
1743 1260 6339
1742 1261 6338
1741 1262 6337
1740 1263 6336
1739 1264 6335
1738 1265 6334
1737 1266 6333
1736 1267 6332
1735 1268 6331
1734 1269 6330
1733 1270 6329
1732 1271 6328
1731 1272 6327
1730 1273 6326
1729 1274 6325
1728 1275 6324
1727 1276 6323
1726 1277 6322
1725 1278 6321
1724 1279 6320
1723 1280 6319
1722 1281 6318
1721 1282 6317
1720 1283 6316
1719 1284 6315
1718 1285 6314
1717 1286 6313
1716 1287 6312
1715 1288 6311
1714 1289 6310
1713 1290 6309
1712 1291 6308
1711 1292 6307
1710 1293 6306
1709 1294 6305
1708 1295 6304
1707 1296 6303
1706 1297 6302
1705 1298 6301
1704 1299 6300
1703 1300 6299
1702 1301 6298
1701 1302 6297
1700 1303 6296
1699 1304 6295
1698 1305 6294
1697 1306 6293
1696 1307 6292
1695 1308 6291
1694 1309 6290
1693 1310 6289
1692 1311 6288
1691 1312 6287
1690 1313 6286
1689 1314 6285
1688 1315 6284
1687 1316 6283
1686 1317 6282
1685 1318 6281
1684 1319 6280
1683 1320 6279
1682 1321 6278
1681 1322 6277
1680 1323 6276
1679 1324 6275
1678 1325 6274
1677 1326 6273
1676 1327 6272
1675 1328 6271
1674 1329 6270
1673 1330 6269
1672 1331 6268
1671 1332 6267
1670 1333 6266
1669 1334 6265
1668 1335 6264
1667 1336 6263
1666 1337 6262
1665 1338 6261
1664 1339 6260
1663 1340 6259
1662 1341 6258
1661 1342 6257
1660 1343 6256
1659 1344 6255
1658 1345 6254
1657 1346 6253
1656 1347 6252
1655 1348 6251
1654 1349 6250
1653 1350 6249
1652 1351 6248
1651 1352 6247
1650 1353 6246
1649 1354 6245
1648 1355 6244
1647 1356 6243
1646 1357 6242
1645 1358 6241
1644 1359 6240
1643 1360 6239
1642 1361 6238
1641 1362 6237
1640 1363 6236
1639 1364 6235
1638 1365 6234
1637 1366 6233
1636 1367 6232
1635 1368 6231
1634 1369 6230
1633 1370 6229
1632 1371 6228
1631 1372 6227
1630 1373 6226
1629 1374 6225
1628 1375 6224
1627 1376 6223
1626 1377 6222
1625 1378 6221
1624 1379 6220
1623 1380 6219
1622 1381 6218
1621 1382 6217
1620 1383 6216
1619 1384 6215
1618 1385 6214
1617 1386 6213
1616 1387 6212
1615 1388 6211
1614 1389 6210
1613 1390 6209
1612 1391 6208
1611 1392 6207
1610 1393 6206
1609 1394 6205
1608 1395 6204
1607 1396 6203
1606 1397 6202
1605 1398 6201
1604 1399 6200
1603 1400 6199
1602 1401 6198
1601 1402 6197
1600 1403 6196
1599 1404 6195
1598 1405 6194
1597 1406 6193
1596 1407 6192
1595 1408 6191
1594 1409 6190
1593 1410 6189
1592 1411 6188
1591 1412 6187
1590 1413 6186
1589 1414 6185
1588 1415 6184
1587 1416 6183
1586 1417 6182
1585 1418 6181
1584 1419 6180
1583 1420 6179
1582 1421 6178
1581 1422 6177
1580 1423 6176
1579 1424 6175
1578 1425 6174
1577 1426 6173
1576 1427 6172
1575 1428 6171
1574 1429 6170
1573 1430 6169
1572 1431 6168
1571 1432 6167
1570 1433 6166
1569 1434 6165
1568 1435 6164
1567 1436 6163
1566 1437 6162
1565 1438 6161
1564 1439 6160
1563 1440 6159
1562 1441 6158
1561 1442 6157
1560 1443 6156
1559 1444 6155
1558 1445 6154
1557 1446 6153
1556 1447 6152
1555 1448 6151
1554 1449 6150
1553 1450 6149
1552 1451 6148
1551 1452 6147
1550 1453 6146
1549 1454 6145
1548 1455 6144
1547 1456 6143
1546 1457 6142
1545 1458 6141
1544 1459 6140
1543 1460 6139
1542 1461 6138
1541 1462 6137
1540 1463 6136
1539 1464 6135
1538 1465 6134
1537 1466 6133
1536 1467 6132
1535 1468 6131
1534 1469 6130
1533 1470 6129
1532 1471 6128
1531 1472 6127
1530 1473 6126
1529 1474 6125
1528 1475 6124
1527 1476 6123
1526 1477 6122
1525 1478 6121
1524 1479 6120
1523 1480 6119
1522 1481 6118
1521 1482 6117
1520 1483 6116
1519 1484 6115
1518 1485 6114
1517 1486 6113
1516 1487 6112
1515 1488 6111
1514 1489 6110
1513 1490 6109
1512 1491 6108
1511 1492 6107
1510 1493 6106
1509 1494 6105
1508 1495 6104
1507 1496 6103
1506 1497 6102
1505 1498 6101
1504 1499 6100
1503 1500 6099
1502 1501 6098
1501 1502 6097
1500 1503 6096
1499 1504 6095
1498 1505 6094
1497 1506 6093
1496 1507 6092
1495 1508 6091
1494 1509 6090
1493 1510 6089
1492 1511 6088
1491 1512 6087
1490 1513 6086
1489 1514 6085
1488 1515 6084
1487 1516 6083
1486 1517 6082
1485 1518 6081
1484 1519 6080
1483 1520 6079
1482 1521 6078
1481 1522 6077
1480 1523 6076
1479 1524 6075
1478 1525 6074
1477 1526 6073
1476 1527 6072
1475 1528 6071
1474 1529 6070
1473 1530 6069
1472 1531 6068
1471 1532 6067
1470 1533 6066
1469 1534 6065
1468 1535 6064
1467 1536 6063
1466 1537 6062
1465 1538 6061
1464 1539 6060
1463 1540 6059
1462 1541 6058
1461 1542 6057
1460 1543 6056
1459 1544 6055
1458 1545 6054
1457 1546 6053
1456 1547 6052
1455 1548 6051
1454 1549 6050
1453 1550 6049
1452 1551 6048
1451 1552 6047
1450 1553 6046
1449 1554 6045
1448 1555 6044
1447 1556 6043
1446 1557 6042
1445 1558 6041
1444 1559 6040
1443 1560 6039
1442 1561 6038
1441 1562 6037
1440 1563 6036
1439 1564 6035
1438 1565 6034
1437 1566 6033
1436 1567 6032
1435 1568 6031
1434 1569 6030
1433 1570 6029
1432 1571 6028
1431 1572 6027
1430 1573 6026
1429 1574 6025
1428 1575 6024
1427 1576 6023
1426 1577 6022
1425 1578 6021
1424 1579 6020
1423 1580 6019
1422 1581 6018
1421 1582 6017
1420 1583 6016
1419 1584 6015
1418 1585 6014
1417 1586 6013
1416 1587 6012
1415 1588 6011
1414 1589 6010
1413 1590 6009
1412 1591 6008
1411 1592 6007
1410 1593 6006
1409 1594 6005
1408 1595 6004
1407 1596 6003
1406 1597 6002
1405 1598 6001
