431
3000 3 6431
2999 4 6430
2998 5 6429
2997 6 6428
2996 7 6427
2995 8 6426
2994 9 6425
2993 10 6424
2992 11 6423
2991 12 6422
2990 13 6421
2989 14 6420
2988 15 6419
2987 16 6418
2986 17 6417
2985 18 6416
2984 19 6415
2983 20 6414
2982 21 6413
2981 22 6412
2980 23 6411
2979 24 6410
2978 25 6409
2977 26 6408
2976 27 6407
2975 28 6406
2974 29 6405
2973 30 6404
2972 31 6403
2971 32 6402
2970 33 6401
2969 34 6400
2968 35 6399
2967 36 6398
2966 37 6397
2965 38 6396
2964 39 6395
2963 40 6394
2962 41 6393
2961 42 6392
2960 43 6391
2959 44 6390
2958 45 6389
2957 46 6388
2956 47 6387
2955 48 6386
2954 49 6385
2953 50 6384
2952 51 6383
2951 52 6382
2950 53 6381
2949 54 6380
2948 55 6379
2947 56 6378
2946 57 6377
2945 58 6376
2944 59 6375
2943 60 6374
2942 61 6373
2941 62 6372
2940 63 6371
2939 64 6370
2938 65 6369
2937 66 6368
2936 67 6367
2935 68 6366
2934 69 6365
2933 70 6364
2932 71 6363
2931 72 6362
2930 73 6361
2929 74 6360
2928 75 6359
2927 76 6358
2926 77 6357
2925 78 6356
2924 79 6355
2923 80 6354
2922 81 6353
2921 82 6352
2920 83 6351
2919 84 6350
2918 85 6349
2917 86 6348
2916 87 6347
2915 88 6346
2914 89 6345
2913 90 6344
2912 91 6343
2911 92 6342
2910 93 6341
2909 94 6340
2908 95 6339
2907 96 6338
2906 97 6337
2905 98 6336
2904 99 6335
2903 100 6334
2902 101 6333
2901 102 6332
2900 103 6331
2899 104 6330
2898 105 6329
2897 106 6328
2896 107 6327
2895 108 6326
2894 109 6325
2893 110 6324
2892 111 6323
2891 112 6322
2890 113 6321
2889 114 6320
2888 115 6319
2887 116 6318
2886 117 6317
2885 118 6316
2884 119 6315
2883 120 6314
2882 121 6313
2881 122 6312
2880 123 6311
2879 124 6310
2878 125 6309
2877 126 6308
2876 127 6307
2875 128 6306
2874 129 6305
2873 130 6304
2872 131 6303
2871 132 6302
2870 133 6301
2869 134 6300
2868 135 6299
2867 136 6298
2866 137 6297
2865 138 6296
2864 139 6295
2863 140 6294
2862 141 6293
2861 142 6292
2860 143 6291
2859 144 6290
2858 145 6289
2857 146 6288
2856 147 6287
2855 148 6286
2854 149 6285
2853 150 6284
2852 151 6283
2851 152 6282
2850 153 6281
2849 154 6280
2848 155 6279
2847 156 6278
2846 157 6277
2845 158 6276
2844 159 6275
2843 160 6274
2842 161 6273
2841 162 6272
2840 163 6271
2839 164 6270
2838 165 6269
2837 166 6268
2836 167 6267
2835 168 6266
2834 169 6265
2833 170 6264
2832 171 6263
2831 172 6262
2830 173 6261
2829 174 6260
2828 175 6259
2827 176 6258
2826 177 6257
2825 178 6256
2824 179 6255
2823 180 6254
2822 181 6253
2821 182 6252
2820 183 6251
2819 184 6250
2818 185 6249
2817 186 6248
2816 187 6247
2815 188 6246
2814 189 6245
2813 190 6244
2812 191 6243
2811 192 6242
2810 193 6241
2809 194 6240
2808 195 6239
2807 196 6238
2806 197 6237
2805 198 6236
2804 199 6235
2803 200 6234
2802 201 6233
2801 202 6232
2800 203 6231
2799 204 6230
2798 205 6229
2797 206 6228
2796 207 6227
2795 208 6226
2794 209 6225
2793 210 6224
2792 211 6223
2791 212 6222
2790 213 6221
2789 214 6220
2788 215 6219
2787 216 6218
2786 217 6217
2785 218 6216
2784 219 6215
2783 220 6214
2782 221 6213
2781 222 6212
2780 223 6211
2779 224 6210
2778 225 6209
2777 226 6208
2776 227 6207
2775 228 6206
2774 229 6205
2773 230 6204
2772 231 6203
2771 232 6202
2770 233 6201
2769 234 6200
2768 235 6199
2767 236 6198
2766 237 6197
2765 238 6196
2764 239 6195
2763 240 6194
2762 241 6193
2761 242 6192
2760 243 6191
2759 244 6190
2758 245 6189
2757 246 6188
2756 247 6187
2755 248 6186
2754 249 6185
2753 250 6184
2752 251 6183
2751 252 6182
2750 253 6181
2749 254 6180
2748 255 6179
2747 256 6178
2746 257 6177
2745 258 6176
2744 259 6175
2743 260 6174
2742 261 6173
2741 262 6172
2740 263 6171
2739 264 6170
2738 265 6169
2737 266 6168
2736 267 6167
2735 268 6166
2734 269 6165
2733 270 6164
2732 271 6163
2731 272 6162
2730 273 6161
2729 274 6160
2728 275 6159
2727 276 6158
2726 277 6157
2725 278 6156
2724 279 6155
2723 280 6154
2722 281 6153
2721 282 6152
2720 283 6151
2719 284 6150
2718 285 6149
2717 286 6148
2716 287 6147
2715 288 6146
2714 289 6145
2713 290 6144
2712 291 6143
2711 292 6142
2710 293 6141
2709 294 6140
2708 295 6139
2707 296 6138
2706 297 6137
2705 298 6136
2704 299 6135
2703 300 6134
2702 301 6133
2701 302 6132
2700 303 6131
2699 304 6130
2698 305 6129
2697 306 6128
2696 307 6127
2695 308 6126
2694 309 6125
2693 310 6124
2692 311 6123
2691 312 6122
2690 313 6121
2689 314 6120
2688 315 6119
2687 316 6118
2686 317 6117
2685 318 6116
2684 319 6115
2683 320 6114
2682 321 6113
2681 322 6112
2680 323 6111
2679 324 6110
2678 325 6109
2677 326 6108
2676 327 6107
2675 328 6106
2674 329 6105
2673 330 6104
2672 331 6103
2671 332 6102
2670 333 6101
2669 334 6100
2668 335 6099
2667 336 6098
2666 337 6097
2665 338 6096
2664 339 6095
2663 340 6094
2662 341 6093
2661 342 6092
2660 343 6091
2659 344 6090
2658 345 6089
2657 346 6088
2656 347 6087
2655 348 6086
2654 349 6085
2653 350 6084
2652 351 6083
2651 352 6082
2650 353 6081
2649 354 6080
2648 355 6079
2647 356 6078
2646 357 6077
2645 358 6076
2644 359 6075
2643 360 6074
2642 361 6073
2641 362 6072
2640 363 6071
2639 364 6070
2638 365 6069
2637 366 6068
2636 367 6067
2635 368 6066
2634 369 6065
2633 370 6064
2632 371 6063
2631 372 6062
2630 373 6061
2629 374 6060
2628 375 6059
2627 376 6058
2626 377 6057
2625 378 6056
2624 379 6055
2623 380 6054
2622 381 6053
2621 382 6052
2620 383 6051
2619 384 6050
2618 385 6049
2617 386 6048
2616 387 6047
2615 388 6046
2614 389 6045
2613 390 6044
2612 391 6043
2611 392 6042
2610 393 6041
2609 394 6040
2608 395 6039
2607 396 6038
2606 397 6037
2605 398 6036
2604 399 6035
2603 400 6034
2602 401 6033
2601 402 6032
2600 403 6031
2599 404 6030
2598 405 6029
2597 406 6028
2596 407 6027
2595 408 6026
2594 409 6025
2593 410 6024
2592 411 6023
2591 412 6022
2590 413 6021
2589 414 6020
2588 415 6019
2587 416 6018
2586 417 6017
2585 418 6016
2584 419 6015
2583 420 6014
2582 421 6013
2581 422 6012
2580 423 6011
2579 424 6010
2578 425 6009
2577 426 6008
2576 427 6007
2575 428 6006
2574 429 6005
2573 430 6004
2572 431 6003
2571 432 6002
2570 433 6001
