1261
3000 3 7261
2999 4 7260
2998 5 7259
2997 6 7258
2996 7 7257
2995 8 7256
2994 9 7255
2993 10 7254
2992 11 7253
2991 12 7252
2990 13 7251
2989 14 7250
2988 15 7249
2987 16 7248
2986 17 7247
2985 18 7246
2984 19 7245
2983 20 7244
2982 21 7243
2981 22 7242
2980 23 7241
2979 24 7240
2978 25 7239
2977 26 7238
2976 27 7237
2975 28 7236
2974 29 7235
2973 30 7234
2972 31 7233
2971 32 7232
2970 33 7231
2969 34 7230
2968 35 7229
2967 36 7228
2966 37 7227
2965 38 7226
2964 39 7225
2963 40 7224
2962 41 7223
2961 42 7222
2960 43 7221
2959 44 7220
2958 45 7219
2957 46 7218
2956 47 7217
2955 48 7216
2954 49 7215
2953 50 7214
2952 51 7213
2951 52 7212
2950 53 7211
2949 54 7210
2948 55 7209
2947 56 7208
2946 57 7207
2945 58 7206
2944 59 7205
2943 60 7204
2942 61 7203
2941 62 7202
2940 63 7201
2939 64 7200
2938 65 7199
2937 66 7198
2936 67 7197
2935 68 7196
2934 69 7195
2933 70 7194
2932 71 7193
2931 72 7192
2930 73 7191
2929 74 7190
2928 75 7189
2927 76 7188
2926 77 7187
2925 78 7186
2924 79 7185
2923 80 7184
2922 81 7183
2921 82 7182
2920 83 7181
2919 84 7180
2918 85 7179
2917 86 7178
2916 87 7177
2915 88 7176
2914 89 7175
2913 90 7174
2912 91 7173
2911 92 7172
2910 93 7171
2909 94 7170
2908 95 7169
2907 96 7168
2906 97 7167
2905 98 7166
2904 99 7165
2903 100 7164
2902 101 7163
2901 102 7162
2900 103 7161
2899 104 7160
2898 105 7159
2897 106 7158
2896 107 7157
2895 108 7156
2894 109 7155
2893 110 7154
2892 111 7153
2891 112 7152
2890 113 7151
2889 114 7150
2888 115 7149
2887 116 7148
2886 117 7147
2885 118 7146
2884 119 7145
2883 120 7144
2882 121 7143
2881 122 7142
2880 123 7141
2879 124 7140
2878 125 7139
2877 126 7138
2876 127 7137
2875 128 7136
2874 129 7135
2873 130 7134
2872 131 7133
2871 132 7132
2870 133 7131
2869 134 7130
2868 135 7129
2867 136 7128
2866 137 7127
2865 138 7126
2864 139 7125
2863 140 7124
2862 141 7123
2861 142 7122
2860 143 7121
2859 144 7120
2858 145 7119
2857 146 7118
2856 147 7117
2855 148 7116
2854 149 7115
2853 150 7114
2852 151 7113
2851 152 7112
2850 153 7111
2849 154 7110
2848 155 7109
2847 156 7108
2846 157 7107
2845 158 7106
2844 159 7105
2843 160 7104
2842 161 7103
2841 162 7102
2840 163 7101
2839 164 7100
2838 165 7099
2837 166 7098
2836 167 7097
2835 168 7096
2834 169 7095
2833 170 7094
2832 171 7093
2831 172 7092
2830 173 7091
2829 174 7090
2828 175 7089
2827 176 7088
2826 177 7087
2825 178 7086
2824 179 7085
2823 180 7084
2822 181 7083
2821 182 7082
2820 183 7081
2819 184 7080
2818 185 7079
2817 186 7078
2816 187 7077
2815 188 7076
2814 189 7075
2813 190 7074
2812 191 7073
2811 192 7072
2810 193 7071
2809 194 7070
2808 195 7069
2807 196 7068
2806 197 7067
2805 198 7066
2804 199 7065
2803 200 7064
2802 201 7063
2801 202 7062
2800 203 7061
2799 204 7060
2798 205 7059
2797 206 7058
2796 207 7057
2795 208 7056
2794 209 7055
2793 210 7054
2792 211 7053
2791 212 7052
2790 213 7051
2789 214 7050
2788 215 7049
2787 216 7048
2786 217 7047
2785 218 7046
2784 219 7045
2783 220 7044
2782 221 7043
2781 222 7042
2780 223 7041
2779 224 7040
2778 225 7039
2777 226 7038
2776 227 7037
2775 228 7036
2774 229 7035
2773 230 7034
2772 231 7033
2771 232 7032
2770 233 7031
2769 234 7030
2768 235 7029
2767 236 7028
2766 237 7027
2765 238 7026
2764 239 7025
2763 240 7024
2762 241 7023
2761 242 7022
2760 243 7021
2759 244 7020
2758 245 7019
2757 246 7018
2756 247 7017
2755 248 7016
2754 249 7015
2753 250 7014
2752 251 7013
2751 252 7012
2750 253 7011
2749 254 7010
2748 255 7009
2747 256 7008
2746 257 7007
2745 258 7006
2744 259 7005
2743 260 7004
2742 261 7003
2741 262 7002
2740 263 7001
2739 264 7000
2738 265 6999
2737 266 6998
2736 267 6997
2735 268 6996
2734 269 6995
2733 270 6994
2732 271 6993
2731 272 6992
2730 273 6991
2729 274 6990
2728 275 6989
2727 276 6988
2726 277 6987
2725 278 6986
2724 279 6985
2723 280 6984
2722 281 6983
2721 282 6982
2720 283 6981
2719 284 6980
2718 285 6979
2717 286 6978
2716 287 6977
2715 288 6976
2714 289 6975
2713 290 6974
2712 291 6973
2711 292 6972
2710 293 6971
2709 294 6970
2708 295 6969
2707 296 6968
2706 297 6967
2705 298 6966
2704 299 6965
2703 300 6964
2702 301 6963
2701 302 6962
2700 303 6961
2699 304 6960
2698 305 6959
2697 306 6958
2696 307 6957
2695 308 6956
2694 309 6955
2693 310 6954
2692 311 6953
2691 312 6952
2690 313 6951
2689 314 6950
2688 315 6949
2687 316 6948
2686 317 6947
2685 318 6946
2684 319 6945
2683 320 6944
2682 321 6943
2681 322 6942
2680 323 6941
2679 324 6940
2678 325 6939
2677 326 6938
2676 327 6937
2675 328 6936
2674 329 6935
2673 330 6934
2672 331 6933
2671 332 6932
2670 333 6931
2669 334 6930
2668 335 6929
2667 336 6928
2666 337 6927
2665 338 6926
2664 339 6925
2663 340 6924
2662 341 6923
2661 342 6922
2660 343 6921
2659 344 6920
2658 345 6919
2657 346 6918
2656 347 6917
2655 348 6916
2654 349 6915
2653 350 6914
2652 351 6913
2651 352 6912
2650 353 6911
2649 354 6910
2648 355 6909
2647 356 6908
2646 357 6907
2645 358 6906
2644 359 6905
2643 360 6904
2642 361 6903
2641 362 6902
2640 363 6901
2639 364 6900
2638 365 6899
2637 366 6898
2636 367 6897
2635 368 6896
2634 369 6895
2633 370 6894
2632 371 6893
2631 372 6892
2630 373 6891
2629 374 6890
2628 375 6889
2627 376 6888
2626 377 6887
2625 378 6886
2624 379 6885
2623 380 6884
2622 381 6883
2621 382 6882
2620 383 6881
2619 384 6880
2618 385 6879
2617 386 6878
2616 387 6877
2615 388 6876
2614 389 6875
2613 390 6874
2612 391 6873
2611 392 6872
2610 393 6871
2609 394 6870
2608 395 6869
2607 396 6868
2606 397 6867
2605 398 6866
2604 399 6865
2603 400 6864
2602 401 6863
2601 402 6862
2600 403 6861
2599 404 6860
2598 405 6859
2597 406 6858
2596 407 6857
2595 408 6856
2594 409 6855
2593 410 6854
2592 411 6853
2591 412 6852
2590 413 6851
2589 414 6850
2588 415 6849
2587 416 6848
2586 417 6847
2585 418 6846
2584 419 6845
2583 420 6844
2582 421 6843
2581 422 6842
2580 423 6841
2579 424 6840
2578 425 6839
2577 426 6838
2576 427 6837
2575 428 6836
2574 429 6835
2573 430 6834
2572 431 6833
2571 432 6832
2570 433 6831
2569 434 6830
2568 435 6829
2567 436 6828
2566 437 6827
2565 438 6826
2564 439 6825
2563 440 6824
2562 441 6823
2561 442 6822
2560 443 6821
2559 444 6820
2558 445 6819
2557 446 6818
2556 447 6817
2555 448 6816
2554 449 6815
2553 450 6814
2552 451 6813
2551 452 6812
2550 453 6811
2549 454 6810
2548 455 6809
2547 456 6808
2546 457 6807
2545 458 6806
2544 459 6805
2543 460 6804
2542 461 6803
2541 462 6802
2540 463 6801
2539 464 6800
2538 465 6799
2537 466 6798
2536 467 6797
2535 468 6796
2534 469 6795
2533 470 6794
2532 471 6793
2531 472 6792
2530 473 6791
2529 474 6790
2528 475 6789
2527 476 6788
2526 477 6787
2525 478 6786
2524 479 6785
2523 480 6784
2522 481 6783
2521 482 6782
2520 483 6781
2519 484 6780
2518 485 6779
2517 486 6778
2516 487 6777
2515 488 6776
2514 489 6775
2513 490 6774
2512 491 6773
2511 492 6772
2510 493 6771
2509 494 6770
2508 495 6769
2507 496 6768
2506 497 6767
2505 498 6766
2504 499 6765
2503 500 6764
2502 501 6763
2501 502 6762
2500 503 6761
2499 504 6760
2498 505 6759
2497 506 6758
2496 507 6757
2495 508 6756
2494 509 6755
2493 510 6754
2492 511 6753
2491 512 6752
2490 513 6751
2489 514 6750
2488 515 6749
2487 516 6748
2486 517 6747
2485 518 6746
2484 519 6745
2483 520 6744
2482 521 6743
2481 522 6742
2480 523 6741
2479 524 6740
2478 525 6739
2477 526 6738
2476 527 6737
2475 528 6736
2474 529 6735
2473 530 6734
2472 531 6733
2471 532 6732
2470 533 6731
2469 534 6730
2468 535 6729
2467 536 6728
2466 537 6727
2465 538 6726
2464 539 6725
2463 540 6724
2462 541 6723
2461 542 6722
2460 543 6721
2459 544 6720
2458 545 6719
2457 546 6718
2456 547 6717
2455 548 6716
2454 549 6715
2453 550 6714
2452 551 6713
2451 552 6712
2450 553 6711
2449 554 6710
2448 555 6709
2447 556 6708
2446 557 6707
2445 558 6706
2444 559 6705
2443 560 6704
2442 561 6703
2441 562 6702
2440 563 6701
2439 564 6700
2438 565 6699
2437 566 6698
2436 567 6697
2435 568 6696
2434 569 6695
2433 570 6694
2432 571 6693
2431 572 6692
2430 573 6691
2429 574 6690
2428 575 6689
2427 576 6688
2426 577 6687
2425 578 6686
2424 579 6685
2423 580 6684
2422 581 6683
2421 582 6682
2420 583 6681
2419 584 6680
2418 585 6679
2417 586 6678
2416 587 6677
2415 588 6676
2414 589 6675
2413 590 6674
2412 591 6673
2411 592 6672
2410 593 6671
2409 594 6670
2408 595 6669
2407 596 6668
2406 597 6667
2405 598 6666
2404 599 6665
2403 600 6664
2402 601 6663
2401 602 6662
2400 603 6661
2399 604 6660
2398 605 6659
2397 606 6658
2396 607 6657
2395 608 6656
2394 609 6655
2393 610 6654
2392 611 6653
2391 612 6652
2390 613 6651
2389 614 6650
2388 615 6649
2387 616 6648
2386 617 6647
2385 618 6646
2384 619 6645
2383 620 6644
2382 621 6643
2381 622 6642
2380 623 6641
2379 624 6640
2378 625 6639
2377 626 6638
2376 627 6637
2375 628 6636
2374 629 6635
2373 630 6634
2372 631 6633
2371 632 6632
2370 633 6631
2369 634 6630
2368 635 6629
2367 636 6628
2366 637 6627
2365 638 6626
2364 639 6625
2363 640 6624
2362 641 6623
2361 642 6622
2360 643 6621
2359 644 6620
2358 645 6619
2357 646 6618
2356 647 6617
2355 648 6616
2354 649 6615
2353 650 6614
2352 651 6613
2351 652 6612
2350 653 6611
2349 654 6610
2348 655 6609
2347 656 6608
2346 657 6607
2345 658 6606
2344 659 6605
2343 660 6604
2342 661 6603
2341 662 6602
2340 663 6601
2339 664 6600
2338 665 6599
2337 666 6598
2336 667 6597
2335 668 6596
2334 669 6595
2333 670 6594
2332 671 6593
2331 672 6592
2330 673 6591
2329 674 6590
2328 675 6589
2327 676 6588
2326 677 6587
2325 678 6586
2324 679 6585
2323 680 6584
2322 681 6583
2321 682 6582
2320 683 6581
2319 684 6580
2318 685 6579
2317 686 6578
2316 687 6577
2315 688 6576
2314 689 6575
2313 690 6574
2312 691 6573
2311 692 6572
2310 693 6571
2309 694 6570
2308 695 6569
2307 696 6568
2306 697 6567
2305 698 6566
2304 699 6565
2303 700 6564
2302 701 6563
2301 702 6562
2300 703 6561
2299 704 6560
2298 705 6559
2297 706 6558
2296 707 6557
2295 708 6556
2294 709 6555
2293 710 6554
2292 711 6553
2291 712 6552
2290 713 6551
2289 714 6550
2288 715 6549
2287 716 6548
2286 717 6547
2285 718 6546
2284 719 6545
2283 720 6544
2282 721 6543
2281 722 6542
2280 723 6541
2279 724 6540
2278 725 6539
2277 726 6538
2276 727 6537
2275 728 6536
2274 729 6535
2273 730 6534
2272 731 6533
2271 732 6532
2270 733 6531
2269 734 6530
2268 735 6529
2267 736 6528
2266 737 6527
2265 738 6526
2264 739 6525
2263 740 6524
2262 741 6523
2261 742 6522
2260 743 6521
2259 744 6520
2258 745 6519
2257 746 6518
2256 747 6517
2255 748 6516
2254 749 6515
2253 750 6514
2252 751 6513
2251 752 6512
2250 753 6511
2249 754 6510
2248 755 6509
2247 756 6508
2246 757 6507
2245 758 6506
2244 759 6505
2243 760 6504
2242 761 6503
2241 762 6502
2240 763 6501
2239 764 6500
2238 765 6499
2237 766 6498
2236 767 6497
2235 768 6496
2234 769 6495
2233 770 6494
2232 771 6493
2231 772 6492
2230 773 6491
2229 774 6490
2228 775 6489
2227 776 6488
2226 777 6487
2225 778 6486
2224 779 6485
2223 780 6484
2222 781 6483
2221 782 6482
2220 783 6481
2219 784 6480
2218 785 6479
2217 786 6478
2216 787 6477
2215 788 6476
2214 789 6475
2213 790 6474
2212 791 6473
2211 792 6472
2210 793 6471
2209 794 6470
2208 795 6469
2207 796 6468
2206 797 6467
2205 798 6466
2204 799 6465
2203 800 6464
2202 801 6463
2201 802 6462
2200 803 6461
2199 804 6460
2198 805 6459
2197 806 6458
2196 807 6457
2195 808 6456
2194 809 6455
2193 810 6454
2192 811 6453
2191 812 6452
2190 813 6451
2189 814 6450
2188 815 6449
2187 816 6448
2186 817 6447
2185 818 6446
2184 819 6445
2183 820 6444
2182 821 6443
2181 822 6442
2180 823 6441
2179 824 6440
2178 825 6439
2177 826 6438
2176 827 6437
2175 828 6436
2174 829 6435
2173 830 6434
2172 831 6433
2171 832 6432
2170 833 6431
2169 834 6430
2168 835 6429
2167 836 6428
2166 837 6427
2165 838 6426
2164 839 6425
2163 840 6424
2162 841 6423
2161 842 6422
2160 843 6421
2159 844 6420
2158 845 6419
2157 846 6418
2156 847 6417
2155 848 6416
2154 849 6415
2153 850 6414
2152 851 6413
2151 852 6412
2150 853 6411
2149 854 6410
2148 855 6409
2147 856 6408
2146 857 6407
2145 858 6406
2144 859 6405
2143 860 6404
2142 861 6403
2141 862 6402
2140 863 6401
2139 864 6400
2138 865 6399
2137 866 6398
2136 867 6397
2135 868 6396
2134 869 6395
2133 870 6394
2132 871 6393
2131 872 6392
2130 873 6391
2129 874 6390
2128 875 6389
2127 876 6388
2126 877 6387
2125 878 6386
2124 879 6385
2123 880 6384
2122 881 6383
2121 882 6382
2120 883 6381
2119 884 6380
2118 885 6379
2117 886 6378
2116 887 6377
2115 888 6376
2114 889 6375
2113 890 6374
2112 891 6373
2111 892 6372
2110 893 6371
2109 894 6370
2108 895 6369
2107 896 6368
2106 897 6367
2105 898 6366
2104 899 6365
2103 900 6364
2102 901 6363
2101 902 6362
2100 903 6361
2099 904 6360
2098 905 6359
2097 906 6358
2096 907 6357
2095 908 6356
2094 909 6355
2093 910 6354
2092 911 6353
2091 912 6352
2090 913 6351
2089 914 6350
2088 915 6349
2087 916 6348
2086 917 6347
2085 918 6346
2084 919 6345
2083 920 6344
2082 921 6343
2081 922 6342
2080 923 6341
2079 924 6340
2078 925 6339
2077 926 6338
2076 927 6337
2075 928 6336
2074 929 6335
2073 930 6334
2072 931 6333
2071 932 6332
2070 933 6331
2069 934 6330
2068 935 6329
2067 936 6328
2066 937 6327
2065 938 6326
2064 939 6325
2063 940 6324
2062 941 6323
2061 942 6322
2060 943 6321
2059 944 6320
2058 945 6319
2057 946 6318
2056 947 6317
2055 948 6316
2054 949 6315
2053 950 6314
2052 951 6313
2051 952 6312
2050 953 6311
2049 954 6310
2048 955 6309
2047 956 6308
2046 957 6307
2045 958 6306
2044 959 6305
2043 960 6304
2042 961 6303
2041 962 6302
2040 963 6301
2039 964 6300
2038 965 6299
2037 966 6298
2036 967 6297
2035 968 6296
2034 969 6295
2033 970 6294
2032 971 6293
2031 972 6292
2030 973 6291
2029 974 6290
2028 975 6289
2027 976 6288
2026 977 6287
2025 978 6286
2024 979 6285
2023 980 6284
2022 981 6283
2021 982 6282
2020 983 6281
2019 984 6280
2018 985 6279
2017 986 6278
2016 987 6277
2015 988 6276
2014 989 6275
2013 990 6274
2012 991 6273
2011 992 6272
2010 993 6271
2009 994 6270
2008 995 6269
2007 996 6268
2006 997 6267
2005 998 6266
2004 999 6265
2003 1000 6264
2002 1001 6263
2001 1002 6262
2000 1003 6261
1999 1004 6260
1998 1005 6259
1997 1006 6258
1996 1007 6257
1995 1008 6256
1994 1009 6255
1993 1010 6254
1992 1011 6253
1991 1012 6252
1990 1013 6251
1989 1014 6250
1988 1015 6249
1987 1016 6248
1986 1017 6247
1985 1018 6246
1984 1019 6245
1983 1020 6244
1982 1021 6243
1981 1022 6242
1980 1023 6241
1979 1024 6240
1978 1025 6239
1977 1026 6238
1976 1027 6237
1975 1028 6236
1974 1029 6235
1973 1030 6234
1972 1031 6233
1971 1032 6232
1970 1033 6231
1969 1034 6230
1968 1035 6229
1967 1036 6228
1966 1037 6227
1965 1038 6226
1964 1039 6225
1963 1040 6224
1962 1041 6223
1961 1042 6222
1960 1043 6221
1959 1044 6220
1958 1045 6219
1957 1046 6218
1956 1047 6217
1955 1048 6216
1954 1049 6215
1953 1050 6214
1952 1051 6213
1951 1052 6212
1950 1053 6211
1949 1054 6210
1948 1055 6209
1947 1056 6208
1946 1057 6207
1945 1058 6206
1944 1059 6205
1943 1060 6204
1942 1061 6203
1941 1062 6202
1940 1063 6201
1939 1064 6200
1938 1065 6199
1937 1066 6198
1936 1067 6197
1935 1068 6196
1934 1069 6195
1933 1070 6194
1932 1071 6193
1931 1072 6192
1930 1073 6191
1929 1074 6190
1928 1075 6189
1927 1076 6188
1926 1077 6187
1925 1078 6186
1924 1079 6185
1923 1080 6184
1922 1081 6183
1921 1082 6182
1920 1083 6181
1919 1084 6180
1918 1085 6179
1917 1086 6178
1916 1087 6177
1915 1088 6176
1914 1089 6175
1913 1090 6174
1912 1091 6173
1911 1092 6172
1910 1093 6171
1909 1094 6170
1908 1095 6169
1907 1096 6168
1906 1097 6167
1905 1098 6166
1904 1099 6165
1903 1100 6164
1902 1101 6163
1901 1102 6162
1900 1103 6161
1899 1104 6160
1898 1105 6159
1897 1106 6158
1896 1107 6157
1895 1108 6156
1894 1109 6155
1893 1110 6154
1892 1111 6153
1891 1112 6152
1890 1113 6151
1889 1114 6150
1888 1115 6149
1887 1116 6148
1886 1117 6147
1885 1118 6146
1884 1119 6145
1883 1120 6144
1882 1121 6143
1881 1122 6142
1880 1123 6141
1879 1124 6140
1878 1125 6139
1877 1126 6138
1876 1127 6137
1875 1128 6136
1874 1129 6135
1873 1130 6134
1872 1131 6133
1871 1132 6132
1870 1133 6131
1869 1134 6130
1868 1135 6129
1867 1136 6128
1866 1137 6127
1865 1138 6126
1864 1139 6125
1863 1140 6124
1862 1141 6123
1861 1142 6122
1860 1143 6121
1859 1144 6120
1858 1145 6119
1857 1146 6118
1856 1147 6117
1855 1148 6116
1854 1149 6115
1853 1150 6114
1852 1151 6113
1851 1152 6112
1850 1153 6111
1849 1154 6110
1848 1155 6109
1847 1156 6108
1846 1157 6107
1845 1158 6106
1844 1159 6105
1843 1160 6104
1842 1161 6103
1841 1162 6102
1840 1163 6101
1839 1164 6100
1838 1165 6099
1837 1166 6098
1836 1167 6097
1835 1168 6096
1834 1169 6095
1833 1170 6094
1832 1171 6093
1831 1172 6092
1830 1173 6091
1829 1174 6090
1828 1175 6089
1827 1176 6088
1826 1177 6087
1825 1178 6086
1824 1179 6085
1823 1180 6084
1822 1181 6083
1821 1182 6082
1820 1183 6081
1819 1184 6080
1818 1185 6079
1817 1186 6078
1816 1187 6077
1815 1188 6076
1814 1189 6075
1813 1190 6074
1812 1191 6073
1811 1192 6072
1810 1193 6071
1809 1194 6070
1808 1195 6069
1807 1196 6068
1806 1197 6067
1805 1198 6066
1804 1199 6065
1803 1200 6064
1802 1201 6063
1801 1202 6062
1800 1203 6061
1799 1204 6060
1798 1205 6059
1797 1206 6058
1796 1207 6057
1795 1208 6056
1794 1209 6055
1793 1210 6054
1792 1211 6053
1791 1212 6052
1790 1213 6051
1789 1214 6050
1788 1215 6049
1787 1216 6048
1786 1217 6047
1785 1218 6046
1784 1219 6045
1783 1220 6044
1782 1221 6043
1781 1222 6042
1780 1223 6041
1779 1224 6040
1778 1225 6039
1777 1226 6038
1776 1227 6037
1775 1228 6036
1774 1229 6035
1773 1230 6034
1772 1231 6033
1771 1232 6032
1770 1233 6031
1769 1234 6030
1768 1235 6029
1767 1236 6028
1766 1237 6027
1765 1238 6026
1764 1239 6025
1763 1240 6024
1762 1241 6023
1761 1242 6022
1760 1243 6021
1759 1244 6020
1758 1245 6019
1757 1246 6018
1756 1247 6017
1755 1248 6016
1754 1249 6015
1753 1250 6014
1752 1251 6013
1751 1252 6012
1750 1253 6011
1749 1254 6010
1748 1255 6009
1747 1256 6008
1746 1257 6007
1745 1258 6006
1744 1259 6005
1743 1260 6004
1742 1261 6003
1741 1262 6002
1740 1263 6001
