2935
3000 3 8935
2999 4 8934
2998 5 8933
2997 6 8932
2996 7 8931
2995 8 8930
2994 9 8929
2993 10 8928
2992 11 8927
2991 12 8926
2990 13 8925
2989 14 8924
2988 15 8923
2987 16 8922
2986 17 8921
2985 18 8920
2984 19 8919
2983 20 8918
2982 21 8917
2981 22 8916
2980 23 8915
2979 24 8914
2978 25 8913
2977 26 8912
2976 27 8911
2975 28 8910
2974 29 8909
2973 30 8908
2972 31 8907
2971 32 8906
2970 33 8905
2969 34 8904
2968 35 8903
2967 36 8902
2966 37 8901
2965 38 8900
2964 39 8899
2963 40 8898
2962 41 8897
2961 42 8896
2960 43 8895
2959 44 8894
2958 45 8893
2957 46 8892
2956 47 8891
2955 48 8890
2954 49 8889
2953 50 8888
2952 51 8887
2951 52 8886
2950 53 8885
2949 54 8884
2948 55 8883
2947 56 8882
2946 57 8881
2945 58 8880
2944 59 8879
2943 60 8878
2942 61 8877
2941 62 8876
2940 63 8875
2939 64 8874
2938 65 8873
2937 66 8872
2936 67 8871
2935 68 8870
2934 69 8869
2933 70 8868
2932 71 8867
2931 72 8866
2930 73 8865
2929 74 8864
2928 75 8863
2927 76 8862
2926 77 8861
2925 78 8860
2924 79 8859
2923 80 8858
2922 81 8857
2921 82 8856
2920 83 8855
2919 84 8854
2918 85 8853
2917 86 8852
2916 87 8851
2915 88 8850
2914 89 8849
2913 90 8848
2912 91 8847
2911 92 8846
2910 93 8845
2909 94 8844
2908 95 8843
2907 96 8842
2906 97 8841
2905 98 8840
2904 99 8839
2903 100 8838
2902 101 8837
2901 102 8836
2900 103 8835
2899 104 8834
2898 105 8833
2897 106 8832
2896 107 8831
2895 108 8830
2894 109 8829
2893 110 8828
2892 111 8827
2891 112 8826
2890 113 8825
2889 114 8824
2888 115 8823
2887 116 8822
2886 117 8821
2885 118 8820
2884 119 8819
2883 120 8818
2882 121 8817
2881 122 8816
2880 123 8815
2879 124 8814
2878 125 8813
2877 126 8812
2876 127 8811
2875 128 8810
2874 129 8809
2873 130 8808
2872 131 8807
2871 132 8806
2870 133 8805
2869 134 8804
2868 135 8803
2867 136 8802
2866 137 8801
2865 138 8800
2864 139 8799
2863 140 8798
2862 141 8797
2861 142 8796
2860 143 8795
2859 144 8794
2858 145 8793
2857 146 8792
2856 147 8791
2855 148 8790
2854 149 8789
2853 150 8788
2852 151 8787
2851 152 8786
2850 153 8785
2849 154 8784
2848 155 8783
2847 156 8782
2846 157 8781
2845 158 8780
2844 159 8779
2843 160 8778
2842 161 8777
2841 162 8776
2840 163 8775
2839 164 8774
2838 165 8773
2837 166 8772
2836 167 8771
2835 168 8770
2834 169 8769
2833 170 8768
2832 171 8767
2831 172 8766
2830 173 8765
2829 174 8764
2828 175 8763
2827 176 8762
2826 177 8761
2825 178 8760
2824 179 8759
2823 180 8758
2822 181 8757
2821 182 8756
2820 183 8755
2819 184 8754
2818 185 8753
2817 186 8752
2816 187 8751
2815 188 8750
2814 189 8749
2813 190 8748
2812 191 8747
2811 192 8746
2810 193 8745
2809 194 8744
2808 195 8743
2807 196 8742
2806 197 8741
2805 198 8740
2804 199 8739
2803 200 8738
2802 201 8737
2801 202 8736
2800 203 8735
2799 204 8734
2798 205 8733
2797 206 8732
2796 207 8731
2795 208 8730
2794 209 8729
2793 210 8728
2792 211 8727
2791 212 8726
2790 213 8725
2789 214 8724
2788 215 8723
2787 216 8722
2786 217 8721
2785 218 8720
2784 219 8719
2783 220 8718
2782 221 8717
2781 222 8716
2780 223 8715
2779 224 8714
2778 225 8713
2777 226 8712
2776 227 8711
2775 228 8710
2774 229 8709
2773 230 8708
2772 231 8707
2771 232 8706
2770 233 8705
2769 234 8704
2768 235 8703
2767 236 8702
2766 237 8701
2765 238 8700
2764 239 8699
2763 240 8698
2762 241 8697
2761 242 8696
2760 243 8695
2759 244 8694
2758 245 8693
2757 246 8692
2756 247 8691
2755 248 8690
2754 249 8689
2753 250 8688
2752 251 8687
2751 252 8686
2750 253 8685
2749 254 8684
2748 255 8683
2747 256 8682
2746 257 8681
2745 258 8680
2744 259 8679
2743 260 8678
2742 261 8677
2741 262 8676
2740 263 8675
2739 264 8674
2738 265 8673
2737 266 8672
2736 267 8671
2735 268 8670
2734 269 8669
2733 270 8668
2732 271 8667
2731 272 8666
2730 273 8665
2729 274 8664
2728 275 8663
2727 276 8662
2726 277 8661
2725 278 8660
2724 279 8659
2723 280 8658
2722 281 8657
2721 282 8656
2720 283 8655
2719 284 8654
2718 285 8653
2717 286 8652
2716 287 8651
2715 288 8650
2714 289 8649
2713 290 8648
2712 291 8647
2711 292 8646
2710 293 8645
2709 294 8644
2708 295 8643
2707 296 8642
2706 297 8641
2705 298 8640
2704 299 8639
2703 300 8638
2702 301 8637
2701 302 8636
2700 303 8635
2699 304 8634
2698 305 8633
2697 306 8632
2696 307 8631
2695 308 8630
2694 309 8629
2693 310 8628
2692 311 8627
2691 312 8626
2690 313 8625
2689 314 8624
2688 315 8623
2687 316 8622
2686 317 8621
2685 318 8620
2684 319 8619
2683 320 8618
2682 321 8617
2681 322 8616
2680 323 8615
2679 324 8614
2678 325 8613
2677 326 8612
2676 327 8611
2675 328 8610
2674 329 8609
2673 330 8608
2672 331 8607
2671 332 8606
2670 333 8605
2669 334 8604
2668 335 8603
2667 336 8602
2666 337 8601
2665 338 8600
2664 339 8599
2663 340 8598
2662 341 8597
2661 342 8596
2660 343 8595
2659 344 8594
2658 345 8593
2657 346 8592
2656 347 8591
2655 348 8590
2654 349 8589
2653 350 8588
2652 351 8587
2651 352 8586
2650 353 8585
2649 354 8584
2648 355 8583
2647 356 8582
2646 357 8581
2645 358 8580
2644 359 8579
2643 360 8578
2642 361 8577
2641 362 8576
2640 363 8575
2639 364 8574
2638 365 8573
2637 366 8572
2636 367 8571
2635 368 8570
2634 369 8569
2633 370 8568
2632 371 8567
2631 372 8566
2630 373 8565
2629 374 8564
2628 375 8563
2627 376 8562
2626 377 8561
2625 378 8560
2624 379 8559
2623 380 8558
2622 381 8557
2621 382 8556
2620 383 8555
2619 384 8554
2618 385 8553
2617 386 8552
2616 387 8551
2615 388 8550
2614 389 8549
2613 390 8548
2612 391 8547
2611 392 8546
2610 393 8545
2609 394 8544
2608 395 8543
2607 396 8542
2606 397 8541
2605 398 8540
2604 399 8539
2603 400 8538
2602 401 8537
2601 402 8536
2600 403 8535
2599 404 8534
2598 405 8533
2597 406 8532
2596 407 8531
2595 408 8530
2594 409 8529
2593 410 8528
2592 411 8527
2591 412 8526
2590 413 8525
2589 414 8524
2588 415 8523
2587 416 8522
2586 417 8521
2585 418 8520
2584 419 8519
2583 420 8518
2582 421 8517
2581 422 8516
2580 423 8515
2579 424 8514
2578 425 8513
2577 426 8512
2576 427 8511
2575 428 8510
2574 429 8509
2573 430 8508
2572 431 8507
2571 432 8506
2570 433 8505
2569 434 8504
2568 435 8503
2567 436 8502
2566 437 8501
2565 438 8500
2564 439 8499
2563 440 8498
2562 441 8497
2561 442 8496
2560 443 8495
2559 444 8494
2558 445 8493
2557 446 8492
2556 447 8491
2555 448 8490
2554 449 8489
2553 450 8488
2552 451 8487
2551 452 8486
2550 453 8485
2549 454 8484
2548 455 8483
2547 456 8482
2546 457 8481
2545 458 8480
2544 459 8479
2543 460 8478
2542 461 8477
2541 462 8476
2540 463 8475
2539 464 8474
2538 465 8473
2537 466 8472
2536 467 8471
2535 468 8470
2534 469 8469
2533 470 8468
2532 471 8467
2531 472 8466
2530 473 8465
2529 474 8464
2528 475 8463
2527 476 8462
2526 477 8461
2525 478 8460
2524 479 8459
2523 480 8458
2522 481 8457
2521 482 8456
2520 483 8455
2519 484 8454
2518 485 8453
2517 486 8452
2516 487 8451
2515 488 8450
2514 489 8449
2513 490 8448
2512 491 8447
2511 492 8446
2510 493 8445
2509 494 8444
2508 495 8443
2507 496 8442
2506 497 8441
2505 498 8440
2504 499 8439
2503 500 8438
2502 501 8437
2501 502 8436
2500 503 8435
2499 504 8434
2498 505 8433
2497 506 8432
2496 507 8431
2495 508 8430
2494 509 8429
2493 510 8428
2492 511 8427
2491 512 8426
2490 513 8425
2489 514 8424
2488 515 8423
2487 516 8422
2486 517 8421
2485 518 8420
2484 519 8419
2483 520 8418
2482 521 8417
2481 522 8416
2480 523 8415
2479 524 8414
2478 525 8413
2477 526 8412
2476 527 8411
2475 528 8410
2474 529 8409
2473 530 8408
2472 531 8407
2471 532 8406
2470 533 8405
2469 534 8404
2468 535 8403
2467 536 8402
2466 537 8401
2465 538 8400
2464 539 8399
2463 540 8398
2462 541 8397
2461 542 8396
2460 543 8395
2459 544 8394
2458 545 8393
2457 546 8392
2456 547 8391
2455 548 8390
2454 549 8389
2453 550 8388
2452 551 8387
2451 552 8386
2450 553 8385
2449 554 8384
2448 555 8383
2447 556 8382
2446 557 8381
2445 558 8380
2444 559 8379
2443 560 8378
2442 561 8377
2441 562 8376
2440 563 8375
2439 564 8374
2438 565 8373
2437 566 8372
2436 567 8371
2435 568 8370
2434 569 8369
2433 570 8368
2432 571 8367
2431 572 8366
2430 573 8365
2429 574 8364
2428 575 8363
2427 576 8362
2426 577 8361
2425 578 8360
2424 579 8359
2423 580 8358
2422 581 8357
2421 582 8356
2420 583 8355
2419 584 8354
2418 585 8353
2417 586 8352
2416 587 8351
2415 588 8350
2414 589 8349
2413 590 8348
2412 591 8347
2411 592 8346
2410 593 8345
2409 594 8344
2408 595 8343
2407 596 8342
2406 597 8341
2405 598 8340
2404 599 8339
2403 600 8338
2402 601 8337
2401 602 8336
2400 603 8335
2399 604 8334
2398 605 8333
2397 606 8332
2396 607 8331
2395 608 8330
2394 609 8329
2393 610 8328
2392 611 8327
2391 612 8326
2390 613 8325
2389 614 8324
2388 615 8323
2387 616 8322
2386 617 8321
2385 618 8320
2384 619 8319
2383 620 8318
2382 621 8317
2381 622 8316
2380 623 8315
2379 624 8314
2378 625 8313
2377 626 8312
2376 627 8311
2375 628 8310
2374 629 8309
2373 630 8308
2372 631 8307
2371 632 8306
2370 633 8305
2369 634 8304
2368 635 8303
2367 636 8302
2366 637 8301
2365 638 8300
2364 639 8299
2363 640 8298
2362 641 8297
2361 642 8296
2360 643 8295
2359 644 8294
2358 645 8293
2357 646 8292
2356 647 8291
2355 648 8290
2354 649 8289
2353 650 8288
2352 651 8287
2351 652 8286
2350 653 8285
2349 654 8284
2348 655 8283
2347 656 8282
2346 657 8281
2345 658 8280
2344 659 8279
2343 660 8278
2342 661 8277
2341 662 8276
2340 663 8275
2339 664 8274
2338 665 8273
2337 666 8272
2336 667 8271
2335 668 8270
2334 669 8269
2333 670 8268
2332 671 8267
2331 672 8266
2330 673 8265
2329 674 8264
2328 675 8263
2327 676 8262
2326 677 8261
2325 678 8260
2324 679 8259
2323 680 8258
2322 681 8257
2321 682 8256
2320 683 8255
2319 684 8254
2318 685 8253
2317 686 8252
2316 687 8251
2315 688 8250
2314 689 8249
2313 690 8248
2312 691 8247
2311 692 8246
2310 693 8245
2309 694 8244
2308 695 8243
2307 696 8242
2306 697 8241
2305 698 8240
2304 699 8239
2303 700 8238
2302 701 8237
2301 702 8236
2300 703 8235
2299 704 8234
2298 705 8233
2297 706 8232
2296 707 8231
2295 708 8230
2294 709 8229
2293 710 8228
2292 711 8227
2291 712 8226
2290 713 8225
2289 714 8224
2288 715 8223
2287 716 8222
2286 717 8221
2285 718 8220
2284 719 8219
2283 720 8218
2282 721 8217
2281 722 8216
2280 723 8215
2279 724 8214
2278 725 8213
2277 726 8212
2276 727 8211
2275 728 8210
2274 729 8209
2273 730 8208
2272 731 8207
2271 732 8206
2270 733 8205
2269 734 8204
2268 735 8203
2267 736 8202
2266 737 8201
2265 738 8200
2264 739 8199
2263 740 8198
2262 741 8197
2261 742 8196
2260 743 8195
2259 744 8194
2258 745 8193
2257 746 8192
2256 747 8191
2255 748 8190
2254 749 8189
2253 750 8188
2252 751 8187
2251 752 8186
2250 753 8185
2249 754 8184
2248 755 8183
2247 756 8182
2246 757 8181
2245 758 8180
2244 759 8179
2243 760 8178
2242 761 8177
2241 762 8176
2240 763 8175
2239 764 8174
2238 765 8173
2237 766 8172
2236 767 8171
2235 768 8170
2234 769 8169
2233 770 8168
2232 771 8167
2231 772 8166
2230 773 8165
2229 774 8164
2228 775 8163
2227 776 8162
2226 777 8161
2225 778 8160
2224 779 8159
2223 780 8158
2222 781 8157
2221 782 8156
2220 783 8155
2219 784 8154
2218 785 8153
2217 786 8152
2216 787 8151
2215 788 8150
2214 789 8149
2213 790 8148
2212 791 8147
2211 792 8146
2210 793 8145
2209 794 8144
2208 795 8143
2207 796 8142
2206 797 8141
2205 798 8140
2204 799 8139
2203 800 8138
2202 801 8137
2201 802 8136
2200 803 8135
2199 804 8134
2198 805 8133
2197 806 8132
2196 807 8131
2195 808 8130
2194 809 8129
2193 810 8128
2192 811 8127
2191 812 8126
2190 813 8125
2189 814 8124
2188 815 8123
2187 816 8122
2186 817 8121
2185 818 8120
2184 819 8119
2183 820 8118
2182 821 8117
2181 822 8116
2180 823 8115
2179 824 8114
2178 825 8113
2177 826 8112
2176 827 8111
2175 828 8110
2174 829 8109
2173 830 8108
2172 831 8107
2171 832 8106
2170 833 8105
2169 834 8104
2168 835 8103
2167 836 8102
2166 837 8101
2165 838 8100
2164 839 8099
2163 840 8098
2162 841 8097
2161 842 8096
2160 843 8095
2159 844 8094
2158 845 8093
2157 846 8092
2156 847 8091
2155 848 8090
2154 849 8089
2153 850 8088
2152 851 8087
2151 852 8086
2150 853 8085
2149 854 8084
2148 855 8083
2147 856 8082
2146 857 8081
2145 858 8080
2144 859 8079
2143 860 8078
2142 861 8077
2141 862 8076
2140 863 8075
2139 864 8074
2138 865 8073
2137 866 8072
2136 867 8071
2135 868 8070
2134 869 8069
2133 870 8068
2132 871 8067
2131 872 8066
2130 873 8065
2129 874 8064
2128 875 8063
2127 876 8062
2126 877 8061
2125 878 8060
2124 879 8059
2123 880 8058
2122 881 8057
2121 882 8056
2120 883 8055
2119 884 8054
2118 885 8053
2117 886 8052
2116 887 8051
2115 888 8050
2114 889 8049
2113 890 8048
2112 891 8047
2111 892 8046
2110 893 8045
2109 894 8044
2108 895 8043
2107 896 8042
2106 897 8041
2105 898 8040
2104 899 8039
2103 900 8038
2102 901 8037
2101 902 8036
2100 903 8035
2099 904 8034
2098 905 8033
2097 906 8032
2096 907 8031
2095 908 8030
2094 909 8029
2093 910 8028
2092 911 8027
2091 912 8026
2090 913 8025
2089 914 8024
2088 915 8023
2087 916 8022
2086 917 8021
2085 918 8020
2084 919 8019
2083 920 8018
2082 921 8017
2081 922 8016
2080 923 8015
2079 924 8014
2078 925 8013
2077 926 8012
2076 927 8011
2075 928 8010
2074 929 8009
2073 930 8008
2072 931 8007
2071 932 8006
2070 933 8005
2069 934 8004
2068 935 8003
2067 936 8002
2066 937 8001
2065 938 8000
2064 939 7999
2063 940 7998
2062 941 7997
2061 942 7996
2060 943 7995
2059 944 7994
2058 945 7993
2057 946 7992
2056 947 7991
2055 948 7990
2054 949 7989
2053 950 7988
2052 951 7987
2051 952 7986
2050 953 7985
2049 954 7984
2048 955 7983
2047 956 7982
2046 957 7981
2045 958 7980
2044 959 7979
2043 960 7978
2042 961 7977
2041 962 7976
2040 963 7975
2039 964 7974
2038 965 7973
2037 966 7972
2036 967 7971
2035 968 7970
2034 969 7969
2033 970 7968
2032 971 7967
2031 972 7966
2030 973 7965
2029 974 7964
2028 975 7963
2027 976 7962
2026 977 7961
2025 978 7960
2024 979 7959
2023 980 7958
2022 981 7957
2021 982 7956
2020 983 7955
2019 984 7954
2018 985 7953
2017 986 7952
2016 987 7951
2015 988 7950
2014 989 7949
2013 990 7948
2012 991 7947
2011 992 7946
2010 993 7945
2009 994 7944
2008 995 7943
2007 996 7942
2006 997 7941
2005 998 7940
2004 999 7939
2003 1000 7938
2002 1001 7937
2001 1002 7936
2000 1003 7935
1999 1004 7934
1998 1005 7933
1997 1006 7932
1996 1007 7931
1995 1008 7930
1994 1009 7929
1993 1010 7928
1992 1011 7927
1991 1012 7926
1990 1013 7925
1989 1014 7924
1988 1015 7923
1987 1016 7922
1986 1017 7921
1985 1018 7920
1984 1019 7919
1983 1020 7918
1982 1021 7917
1981 1022 7916
1980 1023 7915
1979 1024 7914
1978 1025 7913
1977 1026 7912
1976 1027 7911
1975 1028 7910
1974 1029 7909
1973 1030 7908
1972 1031 7907
1971 1032 7906
1970 1033 7905
1969 1034 7904
1968 1035 7903
1967 1036 7902
1966 1037 7901
1965 1038 7900
1964 1039 7899
1963 1040 7898
1962 1041 7897
1961 1042 7896
1960 1043 7895
1959 1044 7894
1958 1045 7893
1957 1046 7892
1956 1047 7891
1955 1048 7890
1954 1049 7889
1953 1050 7888
1952 1051 7887
1951 1052 7886
1950 1053 7885
1949 1054 7884
1948 1055 7883
1947 1056 7882
1946 1057 7881
1945 1058 7880
1944 1059 7879
1943 1060 7878
1942 1061 7877
1941 1062 7876
1940 1063 7875
1939 1064 7874
1938 1065 7873
1937 1066 7872
1936 1067 7871
1935 1068 7870
1934 1069 7869
1933 1070 7868
1932 1071 7867
1931 1072 7866
1930 1073 7865
1929 1074 7864
1928 1075 7863
1927 1076 7862
1926 1077 7861
1925 1078 7860
1924 1079 7859
1923 1080 7858
1922 1081 7857
1921 1082 7856
1920 1083 7855
1919 1084 7854
1918 1085 7853
1917 1086 7852
1916 1087 7851
1915 1088 7850
1914 1089 7849
1913 1090 7848
1912 1091 7847
1911 1092 7846
1910 1093 7845
1909 1094 7844
1908 1095 7843
1907 1096 7842
1906 1097 7841
1905 1098 7840
1904 1099 7839
1903 1100 7838
1902 1101 7837
1901 1102 7836
1900 1103 7835
1899 1104 7834
1898 1105 7833
1897 1106 7832
1896 1107 7831
1895 1108 7830
1894 1109 7829
1893 1110 7828
1892 1111 7827
1891 1112 7826
1890 1113 7825
1889 1114 7824
1888 1115 7823
1887 1116 7822
1886 1117 7821
1885 1118 7820
1884 1119 7819
1883 1120 7818
1882 1121 7817
1881 1122 7816
1880 1123 7815
1879 1124 7814
1878 1125 7813
1877 1126 7812
1876 1127 7811
1875 1128 7810
1874 1129 7809
1873 1130 7808
1872 1131 7807
1871 1132 7806
1870 1133 7805
1869 1134 7804
1868 1135 7803
1867 1136 7802
1866 1137 7801
1865 1138 7800
1864 1139 7799
1863 1140 7798
1862 1141 7797
1861 1142 7796
1860 1143 7795
1859 1144 7794
1858 1145 7793
1857 1146 7792
1856 1147 7791
1855 1148 7790
1854 1149 7789
1853 1150 7788
1852 1151 7787
1851 1152 7786
1850 1153 7785
1849 1154 7784
1848 1155 7783
1847 1156 7782
1846 1157 7781
1845 1158 7780
1844 1159 7779
1843 1160 7778
1842 1161 7777
1841 1162 7776
1840 1163 7775
1839 1164 7774
1838 1165 7773
1837 1166 7772
1836 1167 7771
1835 1168 7770
1834 1169 7769
1833 1170 7768
1832 1171 7767
1831 1172 7766
1830 1173 7765
1829 1174 7764
1828 1175 7763
1827 1176 7762
1826 1177 7761
1825 1178 7760
1824 1179 7759
1823 1180 7758
1822 1181 7757
1821 1182 7756
1820 1183 7755
1819 1184 7754
1818 1185 7753
1817 1186 7752
1816 1187 7751
1815 1188 7750
1814 1189 7749
1813 1190 7748
1812 1191 7747
1811 1192 7746
1810 1193 7745
1809 1194 7744
1808 1195 7743
1807 1196 7742
1806 1197 7741
1805 1198 7740
1804 1199 7739
1803 1200 7738
1802 1201 7737
1801 1202 7736
1800 1203 7735
1799 1204 7734
1798 1205 7733
1797 1206 7732
1796 1207 7731
1795 1208 7730
1794 1209 7729
1793 1210 7728
1792 1211 7727
1791 1212 7726
1790 1213 7725
1789 1214 7724
1788 1215 7723
1787 1216 7722
1786 1217 7721
1785 1218 7720
1784 1219 7719
1783 1220 7718
1782 1221 7717
1781 1222 7716
1780 1223 7715
1779 1224 7714
1778 1225 7713
1777 1226 7712
1776 1227 7711
1775 1228 7710
1774 1229 7709
1773 1230 7708
1772 1231 7707
1771 1232 7706
1770 1233 7705
1769 1234 7704
1768 1235 7703
1767 1236 7702
1766 1237 7701
1765 1238 7700
1764 1239 7699
1763 1240 7698
1762 1241 7697
1761 1242 7696
1760 1243 7695
1759 1244 7694
1758 1245 7693
1757 1246 7692
1756 1247 7691
1755 1248 7690
1754 1249 7689
1753 1250 7688
1752 1251 7687
1751 1252 7686
1750 1253 7685
1749 1254 7684
1748 1255 7683
1747 1256 7682
1746 1257 7681
1745 1258 7680
1744 1259 7679
1743 1260 7678
1742 1261 7677
1741 1262 7676
1740 1263 7675
1739 1264 7674
1738 1265 7673
1737 1266 7672
1736 1267 7671
1735 1268 7670
1734 1269 7669
1733 1270 7668
1732 1271 7667
1731 1272 7666
1730 1273 7665
1729 1274 7664
1728 1275 7663
1727 1276 7662
1726 1277 7661
1725 1278 7660
1724 1279 7659
1723 1280 7658
1722 1281 7657
1721 1282 7656
1720 1283 7655
1719 1284 7654
1718 1285 7653
1717 1286 7652
1716 1287 7651
1715 1288 7650
1714 1289 7649
1713 1290 7648
1712 1291 7647
1711 1292 7646
1710 1293 7645
1709 1294 7644
1708 1295 7643
1707 1296 7642
1706 1297 7641
1705 1298 7640
1704 1299 7639
1703 1300 7638
1702 1301 7637
1701 1302 7636
1700 1303 7635
1699 1304 7634
1698 1305 7633
1697 1306 7632
1696 1307 7631
1695 1308 7630
1694 1309 7629
1693 1310 7628
1692 1311 7627
1691 1312 7626
1690 1313 7625
1689 1314 7624
1688 1315 7623
1687 1316 7622
1686 1317 7621
1685 1318 7620
1684 1319 7619
1683 1320 7618
1682 1321 7617
1681 1322 7616
1680 1323 7615
1679 1324 7614
1678 1325 7613
1677 1326 7612
1676 1327 7611
1675 1328 7610
1674 1329 7609
1673 1330 7608
1672 1331 7607
1671 1332 7606
1670 1333 7605
1669 1334 7604
1668 1335 7603
1667 1336 7602
1666 1337 7601
1665 1338 7600
1664 1339 7599
1663 1340 7598
1662 1341 7597
1661 1342 7596
1660 1343 7595
1659 1344 7594
1658 1345 7593
1657 1346 7592
1656 1347 7591
1655 1348 7590
1654 1349 7589
1653 1350 7588
1652 1351 7587
1651 1352 7586
1650 1353 7585
1649 1354 7584
1648 1355 7583
1647 1356 7582
1646 1357 7581
1645 1358 7580
1644 1359 7579
1643 1360 7578
1642 1361 7577
1641 1362 7576
1640 1363 7575
1639 1364 7574
1638 1365 7573
1637 1366 7572
1636 1367 7571
1635 1368 7570
1634 1369 7569
1633 1370 7568
1632 1371 7567
1631 1372 7566
1630 1373 7565
1629 1374 7564
1628 1375 7563
1627 1376 7562
1626 1377 7561
1625 1378 7560
1624 1379 7559
1623 1380 7558
1622 1381 7557
1621 1382 7556
1620 1383 7555
1619 1384 7554
1618 1385 7553
1617 1386 7552
1616 1387 7551
1615 1388 7550
1614 1389 7549
1613 1390 7548
1612 1391 7547
1611 1392 7546
1610 1393 7545
1609 1394 7544
1608 1395 7543
1607 1396 7542
1606 1397 7541
1605 1398 7540
1604 1399 7539
1603 1400 7538
1602 1401 7537
1601 1402 7536
1600 1403 7535
1599 1404 7534
1598 1405 7533
1597 1406 7532
1596 1407 7531
1595 1408 7530
1594 1409 7529
1593 1410 7528
1592 1411 7527
1591 1412 7526
1590 1413 7525
1589 1414 7524
1588 1415 7523
1587 1416 7522
1586 1417 7521
1585 1418 7520
1584 1419 7519
1583 1420 7518
1582 1421 7517
1581 1422 7516
1580 1423 7515
1579 1424 7514
1578 1425 7513
1577 1426 7512
1576 1427 7511
1575 1428 7510
1574 1429 7509
1573 1430 7508
1572 1431 7507
1571 1432 7506
1570 1433 7505
1569 1434 7504
1568 1435 7503
1567 1436 7502
1566 1437 7501
1565 1438 7500
1564 1439 7499
1563 1440 7498
1562 1441 7497
1561 1442 7496
1560 1443 7495
1559 1444 7494
1558 1445 7493
1557 1446 7492
1556 1447 7491
1555 1448 7490
1554 1449 7489
1553 1450 7488
1552 1451 7487
1551 1452 7486
1550 1453 7485
1549 1454 7484
1548 1455 7483
1547 1456 7482
1546 1457 7481
1545 1458 7480
1544 1459 7479
1543 1460 7478
1542 1461 7477
1541 1462 7476
1540 1463 7475
1539 1464 7474
1538 1465 7473
1537 1466 7472
1536 1467 7471
1535 1468 7470
1534 1469 7469
1533 1470 7468
1532 1471 7467
1531 1472 7466
1530 1473 7465
1529 1474 7464
1528 1475 7463
1527 1476 7462
1526 1477 7461
1525 1478 7460
1524 1479 7459
1523 1480 7458
1522 1481 7457
1521 1482 7456
1520 1483 7455
1519 1484 7454
1518 1485 7453
1517 1486 7452
1516 1487 7451
1515 1488 7450
1514 1489 7449
1513 1490 7448
1512 1491 7447
1511 1492 7446
1510 1493 7445
1509 1494 7444
1508 1495 7443
1507 1496 7442
1506 1497 7441
1505 1498 7440
1504 1499 7439
1503 1500 7438
1502 1501 7437
1501 1502 7436
1500 1503 7435
1499 1504 7434
1498 1505 7433
1497 1506 7432
1496 1507 7431
1495 1508 7430
1494 1509 7429
1493 1510 7428
1492 1511 7427
1491 1512 7426
1490 1513 7425
1489 1514 7424
1488 1515 7423
1487 1516 7422
1486 1517 7421
1485 1518 7420
1484 1519 7419
1483 1520 7418
1482 1521 7417
1481 1522 7416
1480 1523 7415
1479 1524 7414
1478 1525 7413
1477 1526 7412
1476 1527 7411
1475 1528 7410
1474 1529 7409
1473 1530 7408
1472 1531 7407
1471 1532 7406
1470 1533 7405
1469 1534 7404
1468 1535 7403
1467 1536 7402
1466 1537 7401
1465 1538 7400
1464 1539 7399
1463 1540 7398
1462 1541 7397
1461 1542 7396
1460 1543 7395
1459 1544 7394
1458 1545 7393
1457 1546 7392
1456 1547 7391
1455 1548 7390
1454 1549 7389
1453 1550 7388
1452 1551 7387
1451 1552 7386
1450 1553 7385
1449 1554 7384
1448 1555 7383
1447 1556 7382
1446 1557 7381
1445 1558 7380
1444 1559 7379
1443 1560 7378
1442 1561 7377
1441 1562 7376
1440 1563 7375
1439 1564 7374
1438 1565 7373
1437 1566 7372
1436 1567 7371
1435 1568 7370
1434 1569 7369
1433 1570 7368
1432 1571 7367
1431 1572 7366
1430 1573 7365
1429 1574 7364
1428 1575 7363
1427 1576 7362
1426 1577 7361
1425 1578 7360
1424 1579 7359
1423 1580 7358
1422 1581 7357
1421 1582 7356
1420 1583 7355
1419 1584 7354
1418 1585 7353
1417 1586 7352
1416 1587 7351
1415 1588 7350
1414 1589 7349
1413 1590 7348
1412 1591 7347
1411 1592 7346
1410 1593 7345
1409 1594 7344
1408 1595 7343
1407 1596 7342
1406 1597 7341
1405 1598 7340
1404 1599 7339
1403 1600 7338
1402 1601 7337
1401 1602 7336
1400 1603 7335
1399 1604 7334
1398 1605 7333
1397 1606 7332
1396 1607 7331
1395 1608 7330
1394 1609 7329
1393 1610 7328
1392 1611 7327
1391 1612 7326
1390 1613 7325
1389 1614 7324
1388 1615 7323
1387 1616 7322
1386 1617 7321
1385 1618 7320
1384 1619 7319
1383 1620 7318
1382 1621 7317
1381 1622 7316
1380 1623 7315
1379 1624 7314
1378 1625 7313
1377 1626 7312
1376 1627 7311
1375 1628 7310
1374 1629 7309
1373 1630 7308
1372 1631 7307
1371 1632 7306
1370 1633 7305
1369 1634 7304
1368 1635 7303
1367 1636 7302
1366 1637 7301
1365 1638 7300
1364 1639 7299
1363 1640 7298
1362 1641 7297
1361 1642 7296
1360 1643 7295
1359 1644 7294
1358 1645 7293
1357 1646 7292
1356 1647 7291
1355 1648 7290
1354 1649 7289
1353 1650 7288
1352 1651 7287
1351 1652 7286
1350 1653 7285
1349 1654 7284
1348 1655 7283
1347 1656 7282
1346 1657 7281
1345 1658 7280
1344 1659 7279
1343 1660 7278
1342 1661 7277
1341 1662 7276
1340 1663 7275
1339 1664 7274
1338 1665 7273
1337 1666 7272
1336 1667 7271
1335 1668 7270
1334 1669 7269
1333 1670 7268
1332 1671 7267
1331 1672 7266
1330 1673 7265
1329 1674 7264
1328 1675 7263
1327 1676 7262
1326 1677 7261
1325 1678 7260
1324 1679 7259
1323 1680 7258
1322 1681 7257
1321 1682 7256
1320 1683 7255
1319 1684 7254
1318 1685 7253
1317 1686 7252
1316 1687 7251
1315 1688 7250
1314 1689 7249
1313 1690 7248
1312 1691 7247
1311 1692 7246
1310 1693 7245
1309 1694 7244
1308 1695 7243
1307 1696 7242
1306 1697 7241
1305 1698 7240
1304 1699 7239
1303 1700 7238
1302 1701 7237
1301 1702 7236
1300 1703 7235
1299 1704 7234
1298 1705 7233
1297 1706 7232
1296 1707 7231
1295 1708 7230
1294 1709 7229
1293 1710 7228
1292 1711 7227
1291 1712 7226
1290 1713 7225
1289 1714 7224
1288 1715 7223
1287 1716 7222
1286 1717 7221
1285 1718 7220
1284 1719 7219
1283 1720 7218
1282 1721 7217
1281 1722 7216
1280 1723 7215
1279 1724 7214
1278 1725 7213
1277 1726 7212
1276 1727 7211
1275 1728 7210
1274 1729 7209
1273 1730 7208
1272 1731 7207
1271 1732 7206
1270 1733 7205
1269 1734 7204
1268 1735 7203
1267 1736 7202
1266 1737 7201
1265 1738 7200
1264 1739 7199
1263 1740 7198
1262 1741 7197
1261 1742 7196
1260 1743 7195
1259 1744 7194
1258 1745 7193
1257 1746 7192
1256 1747 7191
1255 1748 7190
1254 1749 7189
1253 1750 7188
1252 1751 7187
1251 1752 7186
1250 1753 7185
1249 1754 7184
1248 1755 7183
1247 1756 7182
1246 1757 7181
1245 1758 7180
1244 1759 7179
1243 1760 7178
1242 1761 7177
1241 1762 7176
1240 1763 7175
1239 1764 7174
1238 1765 7173
1237 1766 7172
1236 1767 7171
1235 1768 7170
1234 1769 7169
1233 1770 7168
1232 1771 7167
1231 1772 7166
1230 1773 7165
1229 1774 7164
1228 1775 7163
1227 1776 7162
1226 1777 7161
1225 1778 7160
1224 1779 7159
1223 1780 7158
1222 1781 7157
1221 1782 7156
1220 1783 7155
1219 1784 7154
1218 1785 7153
1217 1786 7152
1216 1787 7151
1215 1788 7150
1214 1789 7149
1213 1790 7148
1212 1791 7147
1211 1792 7146
1210 1793 7145
1209 1794 7144
1208 1795 7143
1207 1796 7142
1206 1797 7141
1205 1798 7140
1204 1799 7139
1203 1800 7138
1202 1801 7137
1201 1802 7136
1200 1803 7135
1199 1804 7134
1198 1805 7133
1197 1806 7132
1196 1807 7131
1195 1808 7130
1194 1809 7129
1193 1810 7128
1192 1811 7127
1191 1812 7126
1190 1813 7125
1189 1814 7124
1188 1815 7123
1187 1816 7122
1186 1817 7121
1185 1818 7120
1184 1819 7119
1183 1820 7118
1182 1821 7117
1181 1822 7116
1180 1823 7115
1179 1824 7114
1178 1825 7113
1177 1826 7112
1176 1827 7111
1175 1828 7110
1174 1829 7109
1173 1830 7108
1172 1831 7107
1171 1832 7106
1170 1833 7105
1169 1834 7104
1168 1835 7103
1167 1836 7102
1166 1837 7101
1165 1838 7100
1164 1839 7099
1163 1840 7098
1162 1841 7097
1161 1842 7096
1160 1843 7095
1159 1844 7094
1158 1845 7093
1157 1846 7092
1156 1847 7091
1155 1848 7090
1154 1849 7089
1153 1850 7088
1152 1851 7087
1151 1852 7086
1150 1853 7085
1149 1854 7084
1148 1855 7083
1147 1856 7082
1146 1857 7081
1145 1858 7080
1144 1859 7079
1143 1860 7078
1142 1861 7077
1141 1862 7076
1140 1863 7075
1139 1864 7074
1138 1865 7073
1137 1866 7072
1136 1867 7071
1135 1868 7070
1134 1869 7069
1133 1870 7068
1132 1871 7067
1131 1872 7066
1130 1873 7065
1129 1874 7064
1128 1875 7063
1127 1876 7062
1126 1877 7061
1125 1878 7060
1124 1879 7059
1123 1880 7058
1122 1881 7057
1121 1882 7056
1120 1883 7055
1119 1884 7054
1118 1885 7053
1117 1886 7052
1116 1887 7051
1115 1888 7050
1114 1889 7049
1113 1890 7048
1112 1891 7047
1111 1892 7046
1110 1893 7045
1109 1894 7044
1108 1895 7043
1107 1896 7042
1106 1897 7041
1105 1898 7040
1104 1899 7039
1103 1900 7038
1102 1901 7037
1101 1902 7036
1100 1903 7035
1099 1904 7034
1098 1905 7033
1097 1906 7032
1096 1907 7031
1095 1908 7030
1094 1909 7029
1093 1910 7028
1092 1911 7027
1091 1912 7026
1090 1913 7025
1089 1914 7024
1088 1915 7023
1087 1916 7022
1086 1917 7021
1085 1918 7020
1084 1919 7019
1083 1920 7018
1082 1921 7017
1081 1922 7016
1080 1923 7015
1079 1924 7014
1078 1925 7013
1077 1926 7012
1076 1927 7011
1075 1928 7010
1074 1929 7009
1073 1930 7008
1072 1931 7007
1071 1932 7006
1070 1933 7005
1069 1934 7004
1068 1935 7003
1067 1936 7002
1066 1937 7001
1065 1938 7000
1064 1939 6999
1063 1940 6998
1062 1941 6997
1061 1942 6996
1060 1943 6995
1059 1944 6994
1058 1945 6993
1057 1946 6992
1056 1947 6991
1055 1948 6990
1054 1949 6989
1053 1950 6988
1052 1951 6987
1051 1952 6986
1050 1953 6985
1049 1954 6984
1048 1955 6983
1047 1956 6982
1046 1957 6981
1045 1958 6980
1044 1959 6979
1043 1960 6978
1042 1961 6977
1041 1962 6976
1040 1963 6975
1039 1964 6974
1038 1965 6973
1037 1966 6972
1036 1967 6971
1035 1968 6970
1034 1969 6969
1033 1970 6968
1032 1971 6967
1031 1972 6966
1030 1973 6965
1029 1974 6964
1028 1975 6963
1027 1976 6962
1026 1977 6961
1025 1978 6960
1024 1979 6959
1023 1980 6958
1022 1981 6957
1021 1982 6956
1020 1983 6955
1019 1984 6954
1018 1985 6953
1017 1986 6952
1016 1987 6951
1015 1988 6950
1014 1989 6949
1013 1990 6948
1012 1991 6947
1011 1992 6946
1010 1993 6945
1009 1994 6944
1008 1995 6943
1007 1996 6942
1006 1997 6941
1005 1998 6940
1004 1999 6939
1003 2000 6938
1002 2001 6937
1001 2002 6936
1000 2003 6935
999 2004 6934
998 2005 6933
997 2006 6932
996 2007 6931
995 2008 6930
994 2009 6929
993 2010 6928
992 2011 6927
991 2012 6926
990 2013 6925
989 2014 6924
988 2015 6923
987 2016 6922
986 2017 6921
985 2018 6920
984 2019 6919
983 2020 6918
982 2021 6917
981 2022 6916
980 2023 6915
979 2024 6914
978 2025 6913
977 2026 6912
976 2027 6911
975 2028 6910
974 2029 6909
973 2030 6908
972 2031 6907
971 2032 6906
970 2033 6905
969 2034 6904
968 2035 6903
967 2036 6902
966 2037 6901
965 2038 6900
964 2039 6899
963 2040 6898
962 2041 6897
961 2042 6896
960 2043 6895
959 2044 6894
958 2045 6893
957 2046 6892
956 2047 6891
955 2048 6890
954 2049 6889
953 2050 6888
952 2051 6887
951 2052 6886
950 2053 6885
949 2054 6884
948 2055 6883
947 2056 6882
946 2057 6881
945 2058 6880
944 2059 6879
943 2060 6878
942 2061 6877
941 2062 6876
940 2063 6875
939 2064 6874
938 2065 6873
937 2066 6872
936 2067 6871
935 2068 6870
934 2069 6869
933 2070 6868
932 2071 6867
931 2072 6866
930 2073 6865
929 2074 6864
928 2075 6863
927 2076 6862
926 2077 6861
925 2078 6860
924 2079 6859
923 2080 6858
922 2081 6857
921 2082 6856
920 2083 6855
919 2084 6854
918 2085 6853
917 2086 6852
916 2087 6851
915 2088 6850
914 2089 6849
913 2090 6848
912 2091 6847
911 2092 6846
910 2093 6845
909 2094 6844
908 2095 6843
907 2096 6842
906 2097 6841
905 2098 6840
904 2099 6839
903 2100 6838
902 2101 6837
901 2102 6836
900 2103 6835
899 2104 6834
898 2105 6833
897 2106 6832
896 2107 6831
895 2108 6830
894 2109 6829
893 2110 6828
892 2111 6827
891 2112 6826
890 2113 6825
889 2114 6824
888 2115 6823
887 2116 6822
886 2117 6821
885 2118 6820
884 2119 6819
883 2120 6818
882 2121 6817
881 2122 6816
880 2123 6815
879 2124 6814
878 2125 6813
877 2126 6812
876 2127 6811
875 2128 6810
874 2129 6809
873 2130 6808
872 2131 6807
871 2132 6806
870 2133 6805
869 2134 6804
868 2135 6803
867 2136 6802
866 2137 6801
865 2138 6800
864 2139 6799
863 2140 6798
862 2141 6797
861 2142 6796
860 2143 6795
859 2144 6794
858 2145 6793
857 2146 6792
856 2147 6791
855 2148 6790
854 2149 6789
853 2150 6788
852 2151 6787
851 2152 6786
850 2153 6785
849 2154 6784
848 2155 6783
847 2156 6782
846 2157 6781
845 2158 6780
844 2159 6779
843 2160 6778
842 2161 6777
841 2162 6776
840 2163 6775
839 2164 6774
838 2165 6773
837 2166 6772
836 2167 6771
835 2168 6770
834 2169 6769
833 2170 6768
832 2171 6767
831 2172 6766
830 2173 6765
829 2174 6764
828 2175 6763
827 2176 6762
826 2177 6761
825 2178 6760
824 2179 6759
823 2180 6758
822 2181 6757
821 2182 6756
820 2183 6755
819 2184 6754
818 2185 6753
817 2186 6752
816 2187 6751
815 2188 6750
814 2189 6749
813 2190 6748
812 2191 6747
811 2192 6746
810 2193 6745
809 2194 6744
808 2195 6743
807 2196 6742
806 2197 6741
805 2198 6740
804 2199 6739
803 2200 6738
802 2201 6737
801 2202 6736
800 2203 6735
799 2204 6734
798 2205 6733
797 2206 6732
796 2207 6731
795 2208 6730
794 2209 6729
793 2210 6728
792 2211 6727
791 2212 6726
790 2213 6725
789 2214 6724
788 2215 6723
787 2216 6722
786 2217 6721
785 2218 6720
784 2219 6719
783 2220 6718
782 2221 6717
781 2222 6716
780 2223 6715
779 2224 6714
778 2225 6713
777 2226 6712
776 2227 6711
775 2228 6710
774 2229 6709
773 2230 6708
772 2231 6707
771 2232 6706
770 2233 6705
769 2234 6704
768 2235 6703
767 2236 6702
766 2237 6701
765 2238 6700
764 2239 6699
763 2240 6698
762 2241 6697
761 2242 6696
760 2243 6695
759 2244 6694
758 2245 6693
757 2246 6692
756 2247 6691
755 2248 6690
754 2249 6689
753 2250 6688
752 2251 6687
751 2252 6686
750 2253 6685
749 2254 6684
748 2255 6683
747 2256 6682
746 2257 6681
745 2258 6680
744 2259 6679
743 2260 6678
742 2261 6677
741 2262 6676
740 2263 6675
739 2264 6674
738 2265 6673
737 2266 6672
736 2267 6671
735 2268 6670
734 2269 6669
733 2270 6668
732 2271 6667
731 2272 6666
730 2273 6665
729 2274 6664
728 2275 6663
727 2276 6662
726 2277 6661
725 2278 6660
724 2279 6659
723 2280 6658
722 2281 6657
721 2282 6656
720 2283 6655
719 2284 6654
718 2285 6653
717 2286 6652
716 2287 6651
715 2288 6650
714 2289 6649
713 2290 6648
712 2291 6647
711 2292 6646
710 2293 6645
709 2294 6644
708 2295 6643
707 2296 6642
706 2297 6641
705 2298 6640
704 2299 6639
703 2300 6638
702 2301 6637
701 2302 6636
700 2303 6635
699 2304 6634
698 2305 6633
697 2306 6632
696 2307 6631
695 2308 6630
694 2309 6629
693 2310 6628
692 2311 6627
691 2312 6626
690 2313 6625
689 2314 6624
688 2315 6623
687 2316 6622
686 2317 6621
685 2318 6620
684 2319 6619
683 2320 6618
682 2321 6617
681 2322 6616
680 2323 6615
679 2324 6614
678 2325 6613
677 2326 6612
676 2327 6611
675 2328 6610
674 2329 6609
673 2330 6608
672 2331 6607
671 2332 6606
670 2333 6605
669 2334 6604
668 2335 6603
667 2336 6602
666 2337 6601
665 2338 6600
664 2339 6599
663 2340 6598
662 2341 6597
661 2342 6596
660 2343 6595
659 2344 6594
658 2345 6593
657 2346 6592
656 2347 6591
655 2348 6590
654 2349 6589
653 2350 6588
652 2351 6587
651 2352 6586
650 2353 6585
649 2354 6584
648 2355 6583
647 2356 6582
646 2357 6581
645 2358 6580
644 2359 6579
643 2360 6578
642 2361 6577
641 2362 6576
640 2363 6575
639 2364 6574
638 2365 6573
637 2366 6572
636 2367 6571
635 2368 6570
634 2369 6569
633 2370 6568
632 2371 6567
631 2372 6566
630 2373 6565
629 2374 6564
628 2375 6563
627 2376 6562
626 2377 6561
625 2378 6560
624 2379 6559
623 2380 6558
622 2381 6557
621 2382 6556
620 2383 6555
619 2384 6554
618 2385 6553
617 2386 6552
616 2387 6551
615 2388 6550
614 2389 6549
613 2390 6548
612 2391 6547
611 2392 6546
610 2393 6545
609 2394 6544
608 2395 6543
607 2396 6542
606 2397 6541
605 2398 6540
604 2399 6539
603 2400 6538
602 2401 6537
601 2402 6536
600 2403 6535
599 2404 6534
598 2405 6533
597 2406 6532
596 2407 6531
595 2408 6530
594 2409 6529
593 2410 6528
592 2411 6527
591 2412 6526
590 2413 6525
589 2414 6524
588 2415 6523
587 2416 6522
586 2417 6521
585 2418 6520
584 2419 6519
583 2420 6518
582 2421 6517
581 2422 6516
580 2423 6515
579 2424 6514
578 2425 6513
577 2426 6512
576 2427 6511
575 2428 6510
574 2429 6509
573 2430 6508
572 2431 6507
571 2432 6506
570 2433 6505
569 2434 6504
568 2435 6503
567 2436 6502
566 2437 6501
565 2438 6500
564 2439 6499
563 2440 6498
562 2441 6497
561 2442 6496
560 2443 6495
559 2444 6494
558 2445 6493
557 2446 6492
556 2447 6491
555 2448 6490
554 2449 6489
553 2450 6488
552 2451 6487
551 2452 6486
550 2453 6485
549 2454 6484
548 2455 6483
547 2456 6482
546 2457 6481
545 2458 6480
544 2459 6479
543 2460 6478
542 2461 6477
541 2462 6476
540 2463 6475
539 2464 6474
538 2465 6473
537 2466 6472
536 2467 6471
535 2468 6470
534 2469 6469
533 2470 6468
532 2471 6467
531 2472 6466
530 2473 6465
529 2474 6464
528 2475 6463
527 2476 6462
526 2477 6461
525 2478 6460
524 2479 6459
523 2480 6458
522 2481 6457
521 2482 6456
520 2483 6455
519 2484 6454
518 2485 6453
517 2486 6452
516 2487 6451
515 2488 6450
514 2489 6449
513 2490 6448
512 2491 6447
511 2492 6446
510 2493 6445
509 2494 6444
508 2495 6443
507 2496 6442
506 2497 6441
505 2498 6440
504 2499 6439
503 2500 6438
502 2501 6437
501 2502 6436
500 2503 6435
499 2504 6434
498 2505 6433
497 2506 6432
496 2507 6431
495 2508 6430
494 2509 6429
493 2510 6428
492 2511 6427
491 2512 6426
490 2513 6425
489 2514 6424
488 2515 6423
487 2516 6422
486 2517 6421
485 2518 6420
484 2519 6419
483 2520 6418
482 2521 6417
481 2522 6416
480 2523 6415
479 2524 6414
478 2525 6413
477 2526 6412
476 2527 6411
475 2528 6410
474 2529 6409
473 2530 6408
472 2531 6407
471 2532 6406
470 2533 6405
469 2534 6404
468 2535 6403
467 2536 6402
466 2537 6401
465 2538 6400
464 2539 6399
463 2540 6398
462 2541 6397
461 2542 6396
460 2543 6395
459 2544 6394
458 2545 6393
457 2546 6392
456 2547 6391
455 2548 6390
454 2549 6389
453 2550 6388
452 2551 6387
451 2552 6386
450 2553 6385
449 2554 6384
448 2555 6383
447 2556 6382
446 2557 6381
445 2558 6380
444 2559 6379
443 2560 6378
442 2561 6377
441 2562 6376
440 2563 6375
439 2564 6374
438 2565 6373
437 2566 6372
436 2567 6371
435 2568 6370
434 2569 6369
433 2570 6368
432 2571 6367
431 2572 6366
430 2573 6365
429 2574 6364
428 2575 6363
427 2576 6362
426 2577 6361
425 2578 6360
424 2579 6359
423 2580 6358
422 2581 6357
421 2582 6356
420 2583 6355
419 2584 6354
418 2585 6353
417 2586 6352
416 2587 6351
415 2588 6350
414 2589 6349
413 2590 6348
412 2591 6347
411 2592 6346
410 2593 6345
409 2594 6344
408 2595 6343
407 2596 6342
406 2597 6341
405 2598 6340
404 2599 6339
403 2600 6338
402 2601 6337
401 2602 6336
400 2603 6335
399 2604 6334
398 2605 6333
397 2606 6332
396 2607 6331
395 2608 6330
394 2609 6329
393 2610 6328
392 2611 6327
391 2612 6326
390 2613 6325
389 2614 6324
388 2615 6323
387 2616 6322
386 2617 6321
385 2618 6320
384 2619 6319
383 2620 6318
382 2621 6317
381 2622 6316
380 2623 6315
379 2624 6314
378 2625 6313
377 2626 6312
376 2627 6311
375 2628 6310
374 2629 6309
373 2630 6308
372 2631 6307
371 2632 6306
370 2633 6305
369 2634 6304
368 2635 6303
367 2636 6302
366 2637 6301
365 2638 6300
364 2639 6299
363 2640 6298
362 2641 6297
361 2642 6296
360 2643 6295
359 2644 6294
358 2645 6293
357 2646 6292
356 2647 6291
355 2648 6290
354 2649 6289
353 2650 6288
352 2651 6287
351 2652 6286
350 2653 6285
349 2654 6284
348 2655 6283
347 2656 6282
346 2657 6281
345 2658 6280
344 2659 6279
343 2660 6278
342 2661 6277
341 2662 6276
340 2663 6275
339 2664 6274
338 2665 6273
337 2666 6272
336 2667 6271
335 2668 6270
334 2669 6269
333 2670 6268
332 2671 6267
331 2672 6266
330 2673 6265
329 2674 6264
328 2675 6263
327 2676 6262
326 2677 6261
325 2678 6260
324 2679 6259
323 2680 6258
322 2681 6257
321 2682 6256
320 2683 6255
319 2684 6254
318 2685 6253
317 2686 6252
316 2687 6251
315 2688 6250
314 2689 6249
313 2690 6248
312 2691 6247
311 2692 6246
310 2693 6245
309 2694 6244
308 2695 6243
307 2696 6242
306 2697 6241
305 2698 6240
304 2699 6239
303 2700 6238
302 2701 6237
301 2702 6236
300 2703 6235
299 2704 6234
298 2705 6233
297 2706 6232
296 2707 6231
295 2708 6230
294 2709 6229
293 2710 6228
292 2711 6227
291 2712 6226
290 2713 6225
289 2714 6224
288 2715 6223
287 2716 6222
286 2717 6221
285 2718 6220
284 2719 6219
283 2720 6218
282 2721 6217
281 2722 6216
280 2723 6215
279 2724 6214
278 2725 6213
277 2726 6212
276 2727 6211
275 2728 6210
274 2729 6209
273 2730 6208
272 2731 6207
271 2732 6206
270 2733 6205
269 2734 6204
268 2735 6203
267 2736 6202
266 2737 6201
265 2738 6200
264 2739 6199
263 2740 6198
262 2741 6197
261 2742 6196
260 2743 6195
259 2744 6194
258 2745 6193
257 2746 6192
256 2747 6191
255 2748 6190
254 2749 6189
253 2750 6188
252 2751 6187
251 2752 6186
250 2753 6185
249 2754 6184
248 2755 6183
247 2756 6182
246 2757 6181
245 2758 6180
244 2759 6179
243 2760 6178
242 2761 6177
241 2762 6176
240 2763 6175
239 2764 6174
238 2765 6173
237 2766 6172
236 2767 6171
235 2768 6170
234 2769 6169
233 2770 6168
232 2771 6167
231 2772 6166
230 2773 6165
229 2774 6164
228 2775 6163
227 2776 6162
226 2777 6161
225 2778 6160
224 2779 6159
223 2780 6158
222 2781 6157
221 2782 6156
220 2783 6155
219 2784 6154
218 2785 6153
217 2786 6152
216 2787 6151
215 2788 6150
214 2789 6149
213 2790 6148
212 2791 6147
211 2792 6146
210 2793 6145
209 2794 6144
208 2795 6143
207 2796 6142
206 2797 6141
205 2798 6140
204 2799 6139
203 2800 6138
202 2801 6137
201 2802 6136
200 2803 6135
199 2804 6134
198 2805 6133
197 2806 6132
196 2807 6131
195 2808 6130
194 2809 6129
193 2810 6128
192 2811 6127
191 2812 6126
190 2813 6125
189 2814 6124
188 2815 6123
187 2816 6122
186 2817 6121
185 2818 6120
184 2819 6119
183 2820 6118
182 2821 6117
181 2822 6116
180 2823 6115
179 2824 6114
178 2825 6113
177 2826 6112
176 2827 6111
175 2828 6110
174 2829 6109
173 2830 6108
172 2831 6107
171 2832 6106
170 2833 6105
169 2834 6104
168 2835 6103
167 2836 6102
166 2837 6101
165 2838 6100
164 2839 6099
163 2840 6098
162 2841 6097
161 2842 6096
160 2843 6095
159 2844 6094
158 2845 6093
157 2846 6092
156 2847 6091
155 2848 6090
154 2849 6089
153 2850 6088
152 2851 6087
151 2852 6086
150 2853 6085
149 2854 6084
148 2855 6083
147 2856 6082
146 2857 6081
145 2858 6080
144 2859 6079
143 2860 6078
142 2861 6077
141 2862 6076
140 2863 6075
139 2864 6074
138 2865 6073
137 2866 6072
136 2867 6071
135 2868 6070
134 2869 6069
133 2870 6068
132 2871 6067
131 2872 6066
130 2873 6065
129 2874 6064
128 2875 6063
127 2876 6062
126 2877 6061
125 2878 6060
124 2879 6059
123 2880 6058
122 2881 6057
121 2882 6056
120 2883 6055
119 2884 6054
118 2885 6053
117 2886 6052
116 2887 6051
115 2888 6050
114 2889 6049
113 2890 6048
112 2891 6047
111 2892 6046
110 2893 6045
109 2894 6044
108 2895 6043
107 2896 6042
106 2897 6041
105 2898 6040
104 2899 6039
103 2900 6038
102 2901 6037
101 2902 6036
100 2903 6035
99 2904 6034
98 2905 6033
97 2906 6032
96 2907 6031
95 2908 6030
94 2909 6029
93 2910 6028
92 2911 6027
91 2912 6026
90 2913 6025
89 2914 6024
88 2915 6023
87 2916 6022
86 2917 6021
85 2918 6020
84 2919 6019
83 2920 6018
82 2921 6017
81 2922 6016
80 2923 6015
79 2924 6014
78 2925 6013
77 2926 6012
76 2927 6011
75 2928 6010
74 2929 6009
73 2930 6008
72 2931 6007
71 2932 6006
70 2933 6005
69 2934 6004
68 2935 6003
67 2936 6002
66 2937 6001
