202
3000 3 6202
2999 4 6201
2998 5 6200
2997 6 6199
2996 7 6198
2995 8 6197
2994 9 6196
2993 10 6195
2992 11 6194
2991 12 6193
2990 13 6192
2989 14 6191
2988 15 6190
2987 16 6189
2986 17 6188
2985 18 6187
2984 19 6186
2983 20 6185
2982 21 6184
2981 22 6183
2980 23 6182
2979 24 6181
2978 25 6180
2977 26 6179
2976 27 6178
2975 28 6177
2974 29 6176
2973 30 6175
2972 31 6174
2971 32 6173
2970 33 6172
2969 34 6171
2968 35 6170
2967 36 6169
2966 37 6168
2965 38 6167
2964 39 6166
2963 40 6165
2962 41 6164
2961 42 6163
2960 43 6162
2959 44 6161
2958 45 6160
2957 46 6159
2956 47 6158
2955 48 6157
2954 49 6156
2953 50 6155
2952 51 6154
2951 52 6153
2950 53 6152
2949 54 6151
2948 55 6150
2947 56 6149
2946 57 6148
2945 58 6147
2944 59 6146
2943 60 6145
2942 61 6144
2941 62 6143
2940 63 6142
2939 64 6141
2938 65 6140
2937 66 6139
2936 67 6138
2935 68 6137
2934 69 6136
2933 70 6135
2932 71 6134
2931 72 6133
2930 73 6132
2929 74 6131
2928 75 6130
2927 76 6129
2926 77 6128
2925 78 6127
2924 79 6126
2923 80 6125
2922 81 6124
2921 82 6123
2920 83 6122
2919 84 6121
2918 85 6120
2917 86 6119
2916 87 6118
2915 88 6117
2914 89 6116
2913 90 6115
2912 91 6114
2911 92 6113
2910 93 6112
2909 94 6111
2908 95 6110
2907 96 6109
2906 97 6108
2905 98 6107
2904 99 6106
2903 100 6105
2902 101 6104
2901 102 6103
2900 103 6102
2899 104 6101
2898 105 6100
2897 106 6099
2896 107 6098
2895 108 6097
2894 109 6096
2893 110 6095
2892 111 6094
2891 112 6093
2890 113 6092
2889 114 6091
2888 115 6090
2887 116 6089
2886 117 6088
2885 118 6087
2884 119 6086
2883 120 6085
2882 121 6084
2881 122 6083
2880 123 6082
2879 124 6081
2878 125 6080
2877 126 6079
2876 127 6078
2875 128 6077
2874 129 6076
2873 130 6075
2872 131 6074
2871 132 6073
2870 133 6072
2869 134 6071
2868 135 6070
2867 136 6069
2866 137 6068
2865 138 6067
2864 139 6066
2863 140 6065
2862 141 6064
2861 142 6063
2860 143 6062
2859 144 6061
2858 145 6060
2857 146 6059
2856 147 6058
2855 148 6057
2854 149 6056
2853 150 6055
2852 151 6054
2851 152 6053
2850 153 6052
2849 154 6051
2848 155 6050
2847 156 6049
2846 157 6048
2845 158 6047
2844 159 6046
2843 160 6045
2842 161 6044
2841 162 6043
2840 163 6042
2839 164 6041
2838 165 6040
2837 166 6039
2836 167 6038
2835 168 6037
2834 169 6036
2833 170 6035
2832 171 6034
2831 172 6033
2830 173 6032
2829 174 6031
2828 175 6030
2827 176 6029
2826 177 6028
2825 178 6027
2824 179 6026
2823 180 6025
2822 181 6024
2821 182 6023
2820 183 6022
2819 184 6021
2818 185 6020
2817 186 6019
2816 187 6018
2815 188 6017
2814 189 6016
2813 190 6015
2812 191 6014
2811 192 6013
2810 193 6012
2809 194 6011
2808 195 6010
2807 196 6009
2806 197 6008
2805 198 6007
2804 199 6006
2803 200 6005
2802 201 6004
2801 202 6003
2800 203 6002
2799 204 6001
