2227
3000 3 8227
2999 4 8226
2998 5 8225
2997 6 8224
2996 7 8223
2995 8 8222
2994 9 8221
2993 10 8220
2992 11 8219
2991 12 8218
2990 13 8217
2989 14 8216
2988 15 8215
2987 16 8214
2986 17 8213
2985 18 8212
2984 19 8211
2983 20 8210
2982 21 8209
2981 22 8208
2980 23 8207
2979 24 8206
2978 25 8205
2977 26 8204
2976 27 8203
2975 28 8202
2974 29 8201
2973 30 8200
2972 31 8199
2971 32 8198
2970 33 8197
2969 34 8196
2968 35 8195
2967 36 8194
2966 37 8193
2965 38 8192
2964 39 8191
2963 40 8190
2962 41 8189
2961 42 8188
2960 43 8187
2959 44 8186
2958 45 8185
2957 46 8184
2956 47 8183
2955 48 8182
2954 49 8181
2953 50 8180
2952 51 8179
2951 52 8178
2950 53 8177
2949 54 8176
2948 55 8175
2947 56 8174
2946 57 8173
2945 58 8172
2944 59 8171
2943 60 8170
2942 61 8169
2941 62 8168
2940 63 8167
2939 64 8166
2938 65 8165
2937 66 8164
2936 67 8163
2935 68 8162
2934 69 8161
2933 70 8160
2932 71 8159
2931 72 8158
2930 73 8157
2929 74 8156
2928 75 8155
2927 76 8154
2926 77 8153
2925 78 8152
2924 79 8151
2923 80 8150
2922 81 8149
2921 82 8148
2920 83 8147
2919 84 8146
2918 85 8145
2917 86 8144
2916 87 8143
2915 88 8142
2914 89 8141
2913 90 8140
2912 91 8139
2911 92 8138
2910 93 8137
2909 94 8136
2908 95 8135
2907 96 8134
2906 97 8133
2905 98 8132
2904 99 8131
2903 100 8130
2902 101 8129
2901 102 8128
2900 103 8127
2899 104 8126
2898 105 8125
2897 106 8124
2896 107 8123
2895 108 8122
2894 109 8121
2893 110 8120
2892 111 8119
2891 112 8118
2890 113 8117
2889 114 8116
2888 115 8115
2887 116 8114
2886 117 8113
2885 118 8112
2884 119 8111
2883 120 8110
2882 121 8109
2881 122 8108
2880 123 8107
2879 124 8106
2878 125 8105
2877 126 8104
2876 127 8103
2875 128 8102
2874 129 8101
2873 130 8100
2872 131 8099
2871 132 8098
2870 133 8097
2869 134 8096
2868 135 8095
2867 136 8094
2866 137 8093
2865 138 8092
2864 139 8091
2863 140 8090
2862 141 8089
2861 142 8088
2860 143 8087
2859 144 8086
2858 145 8085
2857 146 8084
2856 147 8083
2855 148 8082
2854 149 8081
2853 150 8080
2852 151 8079
2851 152 8078
2850 153 8077
2849 154 8076
2848 155 8075
2847 156 8074
2846 157 8073
2845 158 8072
2844 159 8071
2843 160 8070
2842 161 8069
2841 162 8068
2840 163 8067
2839 164 8066
2838 165 8065
2837 166 8064
2836 167 8063
2835 168 8062
2834 169 8061
2833 170 8060
2832 171 8059
2831 172 8058
2830 173 8057
2829 174 8056
2828 175 8055
2827 176 8054
2826 177 8053
2825 178 8052
2824 179 8051
2823 180 8050
2822 181 8049
2821 182 8048
2820 183 8047
2819 184 8046
2818 185 8045
2817 186 8044
2816 187 8043
2815 188 8042
2814 189 8041
2813 190 8040
2812 191 8039
2811 192 8038
2810 193 8037
2809 194 8036
2808 195 8035
2807 196 8034
2806 197 8033
2805 198 8032
2804 199 8031
2803 200 8030
2802 201 8029
2801 202 8028
2800 203 8027
2799 204 8026
2798 205 8025
2797 206 8024
2796 207 8023
2795 208 8022
2794 209 8021
2793 210 8020
2792 211 8019
2791 212 8018
2790 213 8017
2789 214 8016
2788 215 8015
2787 216 8014
2786 217 8013
2785 218 8012
2784 219 8011
2783 220 8010
2782 221 8009
2781 222 8008
2780 223 8007
2779 224 8006
2778 225 8005
2777 226 8004
2776 227 8003
2775 228 8002
2774 229 8001
2773 230 8000
2772 231 7999
2771 232 7998
2770 233 7997
2769 234 7996
2768 235 7995
2767 236 7994
2766 237 7993
2765 238 7992
2764 239 7991
2763 240 7990
2762 241 7989
2761 242 7988
2760 243 7987
2759 244 7986
2758 245 7985
2757 246 7984
2756 247 7983
2755 248 7982
2754 249 7981
2753 250 7980
2752 251 7979
2751 252 7978
2750 253 7977
2749 254 7976
2748 255 7975
2747 256 7974
2746 257 7973
2745 258 7972
2744 259 7971
2743 260 7970
2742 261 7969
2741 262 7968
2740 263 7967
2739 264 7966
2738 265 7965
2737 266 7964
2736 267 7963
2735 268 7962
2734 269 7961
2733 270 7960
2732 271 7959
2731 272 7958
2730 273 7957
2729 274 7956
2728 275 7955
2727 276 7954
2726 277 7953
2725 278 7952
2724 279 7951
2723 280 7950
2722 281 7949
2721 282 7948
2720 283 7947
2719 284 7946
2718 285 7945
2717 286 7944
2716 287 7943
2715 288 7942
2714 289 7941
2713 290 7940
2712 291 7939
2711 292 7938
2710 293 7937
2709 294 7936
2708 295 7935
2707 296 7934
2706 297 7933
2705 298 7932
2704 299 7931
2703 300 7930
2702 301 7929
2701 302 7928
2700 303 7927
2699 304 7926
2698 305 7925
2697 306 7924
2696 307 7923
2695 308 7922
2694 309 7921
2693 310 7920
2692 311 7919
2691 312 7918
2690 313 7917
2689 314 7916
2688 315 7915
2687 316 7914
2686 317 7913
2685 318 7912
2684 319 7911
2683 320 7910
2682 321 7909
2681 322 7908
2680 323 7907
2679 324 7906
2678 325 7905
2677 326 7904
2676 327 7903
2675 328 7902
2674 329 7901
2673 330 7900
2672 331 7899
2671 332 7898
2670 333 7897
2669 334 7896
2668 335 7895
2667 336 7894
2666 337 7893
2665 338 7892
2664 339 7891
2663 340 7890
2662 341 7889
2661 342 7888
2660 343 7887
2659 344 7886
2658 345 7885
2657 346 7884
2656 347 7883
2655 348 7882
2654 349 7881
2653 350 7880
2652 351 7879
2651 352 7878
2650 353 7877
2649 354 7876
2648 355 7875
2647 356 7874
2646 357 7873
2645 358 7872
2644 359 7871
2643 360 7870
2642 361 7869
2641 362 7868
2640 363 7867
2639 364 7866
2638 365 7865
2637 366 7864
2636 367 7863
2635 368 7862
2634 369 7861
2633 370 7860
2632 371 7859
2631 372 7858
2630 373 7857
2629 374 7856
2628 375 7855
2627 376 7854
2626 377 7853
2625 378 7852
2624 379 7851
2623 380 7850
2622 381 7849
2621 382 7848
2620 383 7847
2619 384 7846
2618 385 7845
2617 386 7844
2616 387 7843
2615 388 7842
2614 389 7841
2613 390 7840
2612 391 7839
2611 392 7838
2610 393 7837
2609 394 7836
2608 395 7835
2607 396 7834
2606 397 7833
2605 398 7832
2604 399 7831
2603 400 7830
2602 401 7829
2601 402 7828
2600 403 7827
2599 404 7826
2598 405 7825
2597 406 7824
2596 407 7823
2595 408 7822
2594 409 7821
2593 410 7820
2592 411 7819
2591 412 7818
2590 413 7817
2589 414 7816
2588 415 7815
2587 416 7814
2586 417 7813
2585 418 7812
2584 419 7811
2583 420 7810
2582 421 7809
2581 422 7808
2580 423 7807
2579 424 7806
2578 425 7805
2577 426 7804
2576 427 7803
2575 428 7802
2574 429 7801
2573 430 7800
2572 431 7799
2571 432 7798
2570 433 7797
2569 434 7796
2568 435 7795
2567 436 7794
2566 437 7793
2565 438 7792
2564 439 7791
2563 440 7790
2562 441 7789
2561 442 7788
2560 443 7787
2559 444 7786
2558 445 7785
2557 446 7784
2556 447 7783
2555 448 7782
2554 449 7781
2553 450 7780
2552 451 7779
2551 452 7778
2550 453 7777
2549 454 7776
2548 455 7775
2547 456 7774
2546 457 7773
2545 458 7772
2544 459 7771
2543 460 7770
2542 461 7769
2541 462 7768
2540 463 7767
2539 464 7766
2538 465 7765
2537 466 7764
2536 467 7763
2535 468 7762
2534 469 7761
2533 470 7760
2532 471 7759
2531 472 7758
2530 473 7757
2529 474 7756
2528 475 7755
2527 476 7754
2526 477 7753
2525 478 7752
2524 479 7751
2523 480 7750
2522 481 7749
2521 482 7748
2520 483 7747
2519 484 7746
2518 485 7745
2517 486 7744
2516 487 7743
2515 488 7742
2514 489 7741
2513 490 7740
2512 491 7739
2511 492 7738
2510 493 7737
2509 494 7736
2508 495 7735
2507 496 7734
2506 497 7733
2505 498 7732
2504 499 7731
2503 500 7730
2502 501 7729
2501 502 7728
2500 503 7727
2499 504 7726
2498 505 7725
2497 506 7724
2496 507 7723
2495 508 7722
2494 509 7721
2493 510 7720
2492 511 7719
2491 512 7718
2490 513 7717
2489 514 7716
2488 515 7715
2487 516 7714
2486 517 7713
2485 518 7712
2484 519 7711
2483 520 7710
2482 521 7709
2481 522 7708
2480 523 7707
2479 524 7706
2478 525 7705
2477 526 7704
2476 527 7703
2475 528 7702
2474 529 7701
2473 530 7700
2472 531 7699
2471 532 7698
2470 533 7697
2469 534 7696
2468 535 7695
2467 536 7694
2466 537 7693
2465 538 7692
2464 539 7691
2463 540 7690
2462 541 7689
2461 542 7688
2460 543 7687
2459 544 7686
2458 545 7685
2457 546 7684
2456 547 7683
2455 548 7682
2454 549 7681
2453 550 7680
2452 551 7679
2451 552 7678
2450 553 7677
2449 554 7676
2448 555 7675
2447 556 7674
2446 557 7673
2445 558 7672
2444 559 7671
2443 560 7670
2442 561 7669
2441 562 7668
2440 563 7667
2439 564 7666
2438 565 7665
2437 566 7664
2436 567 7663
2435 568 7662
2434 569 7661
2433 570 7660
2432 571 7659
2431 572 7658
2430 573 7657
2429 574 7656
2428 575 7655
2427 576 7654
2426 577 7653
2425 578 7652
2424 579 7651
2423 580 7650
2422 581 7649
2421 582 7648
2420 583 7647
2419 584 7646
2418 585 7645
2417 586 7644
2416 587 7643
2415 588 7642
2414 589 7641
2413 590 7640
2412 591 7639
2411 592 7638
2410 593 7637
2409 594 7636
2408 595 7635
2407 596 7634
2406 597 7633
2405 598 7632
2404 599 7631
2403 600 7630
2402 601 7629
2401 602 7628
2400 603 7627
2399 604 7626
2398 605 7625
2397 606 7624
2396 607 7623
2395 608 7622
2394 609 7621
2393 610 7620
2392 611 7619
2391 612 7618
2390 613 7617
2389 614 7616
2388 615 7615
2387 616 7614
2386 617 7613
2385 618 7612
2384 619 7611
2383 620 7610
2382 621 7609
2381 622 7608
2380 623 7607
2379 624 7606
2378 625 7605
2377 626 7604
2376 627 7603
2375 628 7602
2374 629 7601
2373 630 7600
2372 631 7599
2371 632 7598
2370 633 7597
2369 634 7596
2368 635 7595
2367 636 7594
2366 637 7593
2365 638 7592
2364 639 7591
2363 640 7590
2362 641 7589
2361 642 7588
2360 643 7587
2359 644 7586
2358 645 7585
2357 646 7584
2356 647 7583
2355 648 7582
2354 649 7581
2353 650 7580
2352 651 7579
2351 652 7578
2350 653 7577
2349 654 7576
2348 655 7575
2347 656 7574
2346 657 7573
2345 658 7572
2344 659 7571
2343 660 7570
2342 661 7569
2341 662 7568
2340 663 7567
2339 664 7566
2338 665 7565
2337 666 7564
2336 667 7563
2335 668 7562
2334 669 7561
2333 670 7560
2332 671 7559
2331 672 7558
2330 673 7557
2329 674 7556
2328 675 7555
2327 676 7554
2326 677 7553
2325 678 7552
2324 679 7551
2323 680 7550
2322 681 7549
2321 682 7548
2320 683 7547
2319 684 7546
2318 685 7545
2317 686 7544
2316 687 7543
2315 688 7542
2314 689 7541
2313 690 7540
2312 691 7539
2311 692 7538
2310 693 7537
2309 694 7536
2308 695 7535
2307 696 7534
2306 697 7533
2305 698 7532
2304 699 7531
2303 700 7530
2302 701 7529
2301 702 7528
2300 703 7527
2299 704 7526
2298 705 7525
2297 706 7524
2296 707 7523
2295 708 7522
2294 709 7521
2293 710 7520
2292 711 7519
2291 712 7518
2290 713 7517
2289 714 7516
2288 715 7515
2287 716 7514
2286 717 7513
2285 718 7512
2284 719 7511
2283 720 7510
2282 721 7509
2281 722 7508
2280 723 7507
2279 724 7506
2278 725 7505
2277 726 7504
2276 727 7503
2275 728 7502
2274 729 7501
2273 730 7500
2272 731 7499
2271 732 7498
2270 733 7497
2269 734 7496
2268 735 7495
2267 736 7494
2266 737 7493
2265 738 7492
2264 739 7491
2263 740 7490
2262 741 7489
2261 742 7488
2260 743 7487
2259 744 7486
2258 745 7485
2257 746 7484
2256 747 7483
2255 748 7482
2254 749 7481
2253 750 7480
2252 751 7479
2251 752 7478
2250 753 7477
2249 754 7476
2248 755 7475
2247 756 7474
2246 757 7473
2245 758 7472
2244 759 7471
2243 760 7470
2242 761 7469
2241 762 7468
2240 763 7467
2239 764 7466
2238 765 7465
2237 766 7464
2236 767 7463
2235 768 7462
2234 769 7461
2233 770 7460
2232 771 7459
2231 772 7458
2230 773 7457
2229 774 7456
2228 775 7455
2227 776 7454
2226 777 7453
2225 778 7452
2224 779 7451
2223 780 7450
2222 781 7449
2221 782 7448
2220 783 7447
2219 784 7446
2218 785 7445
2217 786 7444
2216 787 7443
2215 788 7442
2214 789 7441
2213 790 7440
2212 791 7439
2211 792 7438
2210 793 7437
2209 794 7436
2208 795 7435
2207 796 7434
2206 797 7433
2205 798 7432
2204 799 7431
2203 800 7430
2202 801 7429
2201 802 7428
2200 803 7427
2199 804 7426
2198 805 7425
2197 806 7424
2196 807 7423
2195 808 7422
2194 809 7421
2193 810 7420
2192 811 7419
2191 812 7418
2190 813 7417
2189 814 7416
2188 815 7415
2187 816 7414
2186 817 7413
2185 818 7412
2184 819 7411
2183 820 7410
2182 821 7409
2181 822 7408
2180 823 7407
2179 824 7406
2178 825 7405
2177 826 7404
2176 827 7403
2175 828 7402
2174 829 7401
2173 830 7400
2172 831 7399
2171 832 7398
2170 833 7397
2169 834 7396
2168 835 7395
2167 836 7394
2166 837 7393
2165 838 7392
2164 839 7391
2163 840 7390
2162 841 7389
2161 842 7388
2160 843 7387
2159 844 7386
2158 845 7385
2157 846 7384
2156 847 7383
2155 848 7382
2154 849 7381
2153 850 7380
2152 851 7379
2151 852 7378
2150 853 7377
2149 854 7376
2148 855 7375
2147 856 7374
2146 857 7373
2145 858 7372
2144 859 7371
2143 860 7370
2142 861 7369
2141 862 7368
2140 863 7367
2139 864 7366
2138 865 7365
2137 866 7364
2136 867 7363
2135 868 7362
2134 869 7361
2133 870 7360
2132 871 7359
2131 872 7358
2130 873 7357
2129 874 7356
2128 875 7355
2127 876 7354
2126 877 7353
2125 878 7352
2124 879 7351
2123 880 7350
2122 881 7349
2121 882 7348
2120 883 7347
2119 884 7346
2118 885 7345
2117 886 7344
2116 887 7343
2115 888 7342
2114 889 7341
2113 890 7340
2112 891 7339
2111 892 7338
2110 893 7337
2109 894 7336
2108 895 7335
2107 896 7334
2106 897 7333
2105 898 7332
2104 899 7331
2103 900 7330
2102 901 7329
2101 902 7328
2100 903 7327
2099 904 7326
2098 905 7325
2097 906 7324
2096 907 7323
2095 908 7322
2094 909 7321
2093 910 7320
2092 911 7319
2091 912 7318
2090 913 7317
2089 914 7316
2088 915 7315
2087 916 7314
2086 917 7313
2085 918 7312
2084 919 7311
2083 920 7310
2082 921 7309
2081 922 7308
2080 923 7307
2079 924 7306
2078 925 7305
2077 926 7304
2076 927 7303
2075 928 7302
2074 929 7301
2073 930 7300
2072 931 7299
2071 932 7298
2070 933 7297
2069 934 7296
2068 935 7295
2067 936 7294
2066 937 7293
2065 938 7292
2064 939 7291
2063 940 7290
2062 941 7289
2061 942 7288
2060 943 7287
2059 944 7286
2058 945 7285
2057 946 7284
2056 947 7283
2055 948 7282
2054 949 7281
2053 950 7280
2052 951 7279
2051 952 7278
2050 953 7277
2049 954 7276
2048 955 7275
2047 956 7274
2046 957 7273
2045 958 7272
2044 959 7271
2043 960 7270
2042 961 7269
2041 962 7268
2040 963 7267
2039 964 7266
2038 965 7265
2037 966 7264
2036 967 7263
2035 968 7262
2034 969 7261
2033 970 7260
2032 971 7259
2031 972 7258
2030 973 7257
2029 974 7256
2028 975 7255
2027 976 7254
2026 977 7253
2025 978 7252
2024 979 7251
2023 980 7250
2022 981 7249
2021 982 7248
2020 983 7247
2019 984 7246
2018 985 7245
2017 986 7244
2016 987 7243
2015 988 7242
2014 989 7241
2013 990 7240
2012 991 7239
2011 992 7238
2010 993 7237
2009 994 7236
2008 995 7235
2007 996 7234
2006 997 7233
2005 998 7232
2004 999 7231
2003 1000 7230
2002 1001 7229
2001 1002 7228
2000 1003 7227
1999 1004 7226
1998 1005 7225
1997 1006 7224
1996 1007 7223
1995 1008 7222
1994 1009 7221
1993 1010 7220
1992 1011 7219
1991 1012 7218
1990 1013 7217
1989 1014 7216
1988 1015 7215
1987 1016 7214
1986 1017 7213
1985 1018 7212
1984 1019 7211
1983 1020 7210
1982 1021 7209
1981 1022 7208
1980 1023 7207
1979 1024 7206
1978 1025 7205
1977 1026 7204
1976 1027 7203
1975 1028 7202
1974 1029 7201
1973 1030 7200
1972 1031 7199
1971 1032 7198
1970 1033 7197
1969 1034 7196
1968 1035 7195
1967 1036 7194
1966 1037 7193
1965 1038 7192
1964 1039 7191
1963 1040 7190
1962 1041 7189
1961 1042 7188
1960 1043 7187
1959 1044 7186
1958 1045 7185
1957 1046 7184
1956 1047 7183
1955 1048 7182
1954 1049 7181
1953 1050 7180
1952 1051 7179
1951 1052 7178
1950 1053 7177
1949 1054 7176
1948 1055 7175
1947 1056 7174
1946 1057 7173
1945 1058 7172
1944 1059 7171
1943 1060 7170
1942 1061 7169
1941 1062 7168
1940 1063 7167
1939 1064 7166
1938 1065 7165
1937 1066 7164
1936 1067 7163
1935 1068 7162
1934 1069 7161
1933 1070 7160
1932 1071 7159
1931 1072 7158
1930 1073 7157
1929 1074 7156
1928 1075 7155
1927 1076 7154
1926 1077 7153
1925 1078 7152
1924 1079 7151
1923 1080 7150
1922 1081 7149
1921 1082 7148
1920 1083 7147
1919 1084 7146
1918 1085 7145
1917 1086 7144
1916 1087 7143
1915 1088 7142
1914 1089 7141
1913 1090 7140
1912 1091 7139
1911 1092 7138
1910 1093 7137
1909 1094 7136
1908 1095 7135
1907 1096 7134
1906 1097 7133
1905 1098 7132
1904 1099 7131
1903 1100 7130
1902 1101 7129
1901 1102 7128
1900 1103 7127
1899 1104 7126
1898 1105 7125
1897 1106 7124
1896 1107 7123
1895 1108 7122
1894 1109 7121
1893 1110 7120
1892 1111 7119
1891 1112 7118
1890 1113 7117
1889 1114 7116
1888 1115 7115
1887 1116 7114
1886 1117 7113
1885 1118 7112
1884 1119 7111
1883 1120 7110
1882 1121 7109
1881 1122 7108
1880 1123 7107
1879 1124 7106
1878 1125 7105
1877 1126 7104
1876 1127 7103
1875 1128 7102
1874 1129 7101
1873 1130 7100
1872 1131 7099
1871 1132 7098
1870 1133 7097
1869 1134 7096
1868 1135 7095
1867 1136 7094
1866 1137 7093
1865 1138 7092
1864 1139 7091
1863 1140 7090
1862 1141 7089
1861 1142 7088
1860 1143 7087
1859 1144 7086
1858 1145 7085
1857 1146 7084
1856 1147 7083
1855 1148 7082
1854 1149 7081
1853 1150 7080
1852 1151 7079
1851 1152 7078
1850 1153 7077
1849 1154 7076
1848 1155 7075
1847 1156 7074
1846 1157 7073
1845 1158 7072
1844 1159 7071
1843 1160 7070
1842 1161 7069
1841 1162 7068
1840 1163 7067
1839 1164 7066
1838 1165 7065
1837 1166 7064
1836 1167 7063
1835 1168 7062
1834 1169 7061
1833 1170 7060
1832 1171 7059
1831 1172 7058
1830 1173 7057
1829 1174 7056
1828 1175 7055
1827 1176 7054
1826 1177 7053
1825 1178 7052
1824 1179 7051
1823 1180 7050
1822 1181 7049
1821 1182 7048
1820 1183 7047
1819 1184 7046
1818 1185 7045
1817 1186 7044
1816 1187 7043
1815 1188 7042
1814 1189 7041
1813 1190 7040
1812 1191 7039
1811 1192 7038
1810 1193 7037
1809 1194 7036
1808 1195 7035
1807 1196 7034
1806 1197 7033
1805 1198 7032
1804 1199 7031
1803 1200 7030
1802 1201 7029
1801 1202 7028
1800 1203 7027
1799 1204 7026
1798 1205 7025
1797 1206 7024
1796 1207 7023
1795 1208 7022
1794 1209 7021
1793 1210 7020
1792 1211 7019
1791 1212 7018
1790 1213 7017
1789 1214 7016
1788 1215 7015
1787 1216 7014
1786 1217 7013
1785 1218 7012
1784 1219 7011
1783 1220 7010
1782 1221 7009
1781 1222 7008
1780 1223 7007
1779 1224 7006
1778 1225 7005
1777 1226 7004
1776 1227 7003
1775 1228 7002
1774 1229 7001
1773 1230 7000
1772 1231 6999
1771 1232 6998
1770 1233 6997
1769 1234 6996
1768 1235 6995
1767 1236 6994
1766 1237 6993
1765 1238 6992
1764 1239 6991
1763 1240 6990
1762 1241 6989
1761 1242 6988
1760 1243 6987
1759 1244 6986
1758 1245 6985
1757 1246 6984
1756 1247 6983
1755 1248 6982
1754 1249 6981
1753 1250 6980
1752 1251 6979
1751 1252 6978
1750 1253 6977
1749 1254 6976
1748 1255 6975
1747 1256 6974
1746 1257 6973
1745 1258 6972
1744 1259 6971
1743 1260 6970
1742 1261 6969
1741 1262 6968
1740 1263 6967
1739 1264 6966
1738 1265 6965
1737 1266 6964
1736 1267 6963
1735 1268 6962
1734 1269 6961
1733 1270 6960
1732 1271 6959
1731 1272 6958
1730 1273 6957
1729 1274 6956
1728 1275 6955
1727 1276 6954
1726 1277 6953
1725 1278 6952
1724 1279 6951
1723 1280 6950
1722 1281 6949
1721 1282 6948
1720 1283 6947
1719 1284 6946
1718 1285 6945
1717 1286 6944
1716 1287 6943
1715 1288 6942
1714 1289 6941
1713 1290 6940
1712 1291 6939
1711 1292 6938
1710 1293 6937
1709 1294 6936
1708 1295 6935
1707 1296 6934
1706 1297 6933
1705 1298 6932
1704 1299 6931
1703 1300 6930
1702 1301 6929
1701 1302 6928
1700 1303 6927
1699 1304 6926
1698 1305 6925
1697 1306 6924
1696 1307 6923
1695 1308 6922
1694 1309 6921
1693 1310 6920
1692 1311 6919
1691 1312 6918
1690 1313 6917
1689 1314 6916
1688 1315 6915
1687 1316 6914
1686 1317 6913
1685 1318 6912
1684 1319 6911
1683 1320 6910
1682 1321 6909
1681 1322 6908
1680 1323 6907
1679 1324 6906
1678 1325 6905
1677 1326 6904
1676 1327 6903
1675 1328 6902
1674 1329 6901
1673 1330 6900
1672 1331 6899
1671 1332 6898
1670 1333 6897
1669 1334 6896
1668 1335 6895
1667 1336 6894
1666 1337 6893
1665 1338 6892
1664 1339 6891
1663 1340 6890
1662 1341 6889
1661 1342 6888
1660 1343 6887
1659 1344 6886
1658 1345 6885
1657 1346 6884
1656 1347 6883
1655 1348 6882
1654 1349 6881
1653 1350 6880
1652 1351 6879
1651 1352 6878
1650 1353 6877
1649 1354 6876
1648 1355 6875
1647 1356 6874
1646 1357 6873
1645 1358 6872
1644 1359 6871
1643 1360 6870
1642 1361 6869
1641 1362 6868
1640 1363 6867
1639 1364 6866
1638 1365 6865
1637 1366 6864
1636 1367 6863
1635 1368 6862
1634 1369 6861
1633 1370 6860
1632 1371 6859
1631 1372 6858
1630 1373 6857
1629 1374 6856
1628 1375 6855
1627 1376 6854
1626 1377 6853
1625 1378 6852
1624 1379 6851
1623 1380 6850
1622 1381 6849
1621 1382 6848
1620 1383 6847
1619 1384 6846
1618 1385 6845
1617 1386 6844
1616 1387 6843
1615 1388 6842
1614 1389 6841
1613 1390 6840
1612 1391 6839
1611 1392 6838
1610 1393 6837
1609 1394 6836
1608 1395 6835
1607 1396 6834
1606 1397 6833
1605 1398 6832
1604 1399 6831
1603 1400 6830
1602 1401 6829
1601 1402 6828
1600 1403 6827
1599 1404 6826
1598 1405 6825
1597 1406 6824
1596 1407 6823
1595 1408 6822
1594 1409 6821
1593 1410 6820
1592 1411 6819
1591 1412 6818
1590 1413 6817
1589 1414 6816
1588 1415 6815
1587 1416 6814
1586 1417 6813
1585 1418 6812
1584 1419 6811
1583 1420 6810
1582 1421 6809
1581 1422 6808
1580 1423 6807
1579 1424 6806
1578 1425 6805
1577 1426 6804
1576 1427 6803
1575 1428 6802
1574 1429 6801
1573 1430 6800
1572 1431 6799
1571 1432 6798
1570 1433 6797
1569 1434 6796
1568 1435 6795
1567 1436 6794
1566 1437 6793
1565 1438 6792
1564 1439 6791
1563 1440 6790
1562 1441 6789
1561 1442 6788
1560 1443 6787
1559 1444 6786
1558 1445 6785
1557 1446 6784
1556 1447 6783
1555 1448 6782
1554 1449 6781
1553 1450 6780
1552 1451 6779
1551 1452 6778
1550 1453 6777
1549 1454 6776
1548 1455 6775
1547 1456 6774
1546 1457 6773
1545 1458 6772
1544 1459 6771
1543 1460 6770
1542 1461 6769
1541 1462 6768
1540 1463 6767
1539 1464 6766
1538 1465 6765
1537 1466 6764
1536 1467 6763
1535 1468 6762
1534 1469 6761
1533 1470 6760
1532 1471 6759
1531 1472 6758
1530 1473 6757
1529 1474 6756
1528 1475 6755
1527 1476 6754
1526 1477 6753
1525 1478 6752
1524 1479 6751
1523 1480 6750
1522 1481 6749
1521 1482 6748
1520 1483 6747
1519 1484 6746
1518 1485 6745
1517 1486 6744
1516 1487 6743
1515 1488 6742
1514 1489 6741
1513 1490 6740
1512 1491 6739
1511 1492 6738
1510 1493 6737
1509 1494 6736
1508 1495 6735
1507 1496 6734
1506 1497 6733
1505 1498 6732
1504 1499 6731
1503 1500 6730
1502 1501 6729
1501 1502 6728
1500 1503 6727
1499 1504 6726
1498 1505 6725
1497 1506 6724
1496 1507 6723
1495 1508 6722
1494 1509 6721
1493 1510 6720
1492 1511 6719
1491 1512 6718
1490 1513 6717
1489 1514 6716
1488 1515 6715
1487 1516 6714
1486 1517 6713
1485 1518 6712
1484 1519 6711
1483 1520 6710
1482 1521 6709
1481 1522 6708
1480 1523 6707
1479 1524 6706
1478 1525 6705
1477 1526 6704
1476 1527 6703
1475 1528 6702
1474 1529 6701
1473 1530 6700
1472 1531 6699
1471 1532 6698
1470 1533 6697
1469 1534 6696
1468 1535 6695
1467 1536 6694
1466 1537 6693
1465 1538 6692
1464 1539 6691
1463 1540 6690
1462 1541 6689
1461 1542 6688
1460 1543 6687
1459 1544 6686
1458 1545 6685
1457 1546 6684
1456 1547 6683
1455 1548 6682
1454 1549 6681
1453 1550 6680
1452 1551 6679
1451 1552 6678
1450 1553 6677
1449 1554 6676
1448 1555 6675
1447 1556 6674
1446 1557 6673
1445 1558 6672
1444 1559 6671
1443 1560 6670
1442 1561 6669
1441 1562 6668
1440 1563 6667
1439 1564 6666
1438 1565 6665
1437 1566 6664
1436 1567 6663
1435 1568 6662
1434 1569 6661
1433 1570 6660
1432 1571 6659
1431 1572 6658
1430 1573 6657
1429 1574 6656
1428 1575 6655
1427 1576 6654
1426 1577 6653
1425 1578 6652
1424 1579 6651
1423 1580 6650
1422 1581 6649
1421 1582 6648
1420 1583 6647
1419 1584 6646
1418 1585 6645
1417 1586 6644
1416 1587 6643
1415 1588 6642
1414 1589 6641
1413 1590 6640
1412 1591 6639
1411 1592 6638
1410 1593 6637
1409 1594 6636
1408 1595 6635
1407 1596 6634
1406 1597 6633
1405 1598 6632
1404 1599 6631
1403 1600 6630
1402 1601 6629
1401 1602 6628
1400 1603 6627
1399 1604 6626
1398 1605 6625
1397 1606 6624
1396 1607 6623
1395 1608 6622
1394 1609 6621
1393 1610 6620
1392 1611 6619
1391 1612 6618
1390 1613 6617
1389 1614 6616
1388 1615 6615
1387 1616 6614
1386 1617 6613
1385 1618 6612
1384 1619 6611
1383 1620 6610
1382 1621 6609
1381 1622 6608
1380 1623 6607
1379 1624 6606
1378 1625 6605
1377 1626 6604
1376 1627 6603
1375 1628 6602
1374 1629 6601
1373 1630 6600
1372 1631 6599
1371 1632 6598
1370 1633 6597
1369 1634 6596
1368 1635 6595
1367 1636 6594
1366 1637 6593
1365 1638 6592
1364 1639 6591
1363 1640 6590
1362 1641 6589
1361 1642 6588
1360 1643 6587
1359 1644 6586
1358 1645 6585
1357 1646 6584
1356 1647 6583
1355 1648 6582
1354 1649 6581
1353 1650 6580
1352 1651 6579
1351 1652 6578
1350 1653 6577
1349 1654 6576
1348 1655 6575
1347 1656 6574
1346 1657 6573
1345 1658 6572
1344 1659 6571
1343 1660 6570
1342 1661 6569
1341 1662 6568
1340 1663 6567
1339 1664 6566
1338 1665 6565
1337 1666 6564
1336 1667 6563
1335 1668 6562
1334 1669 6561
1333 1670 6560
1332 1671 6559
1331 1672 6558
1330 1673 6557
1329 1674 6556
1328 1675 6555
1327 1676 6554
1326 1677 6553
1325 1678 6552
1324 1679 6551
1323 1680 6550
1322 1681 6549
1321 1682 6548
1320 1683 6547
1319 1684 6546
1318 1685 6545
1317 1686 6544
1316 1687 6543
1315 1688 6542
1314 1689 6541
1313 1690 6540
1312 1691 6539
1311 1692 6538
1310 1693 6537
1309 1694 6536
1308 1695 6535
1307 1696 6534
1306 1697 6533
1305 1698 6532
1304 1699 6531
1303 1700 6530
1302 1701 6529
1301 1702 6528
1300 1703 6527
1299 1704 6526
1298 1705 6525
1297 1706 6524
1296 1707 6523
1295 1708 6522
1294 1709 6521
1293 1710 6520
1292 1711 6519
1291 1712 6518
1290 1713 6517
1289 1714 6516
1288 1715 6515
1287 1716 6514
1286 1717 6513
1285 1718 6512
1284 1719 6511
1283 1720 6510
1282 1721 6509
1281 1722 6508
1280 1723 6507
1279 1724 6506
1278 1725 6505
1277 1726 6504
1276 1727 6503
1275 1728 6502
1274 1729 6501
1273 1730 6500
1272 1731 6499
1271 1732 6498
1270 1733 6497
1269 1734 6496
1268 1735 6495
1267 1736 6494
1266 1737 6493
1265 1738 6492
1264 1739 6491
1263 1740 6490
1262 1741 6489
1261 1742 6488
1260 1743 6487
1259 1744 6486
1258 1745 6485
1257 1746 6484
1256 1747 6483
1255 1748 6482
1254 1749 6481
1253 1750 6480
1252 1751 6479
1251 1752 6478
1250 1753 6477
1249 1754 6476
1248 1755 6475
1247 1756 6474
1246 1757 6473
1245 1758 6472
1244 1759 6471
1243 1760 6470
1242 1761 6469
1241 1762 6468
1240 1763 6467
1239 1764 6466
1238 1765 6465
1237 1766 6464
1236 1767 6463
1235 1768 6462
1234 1769 6461
1233 1770 6460
1232 1771 6459
1231 1772 6458
1230 1773 6457
1229 1774 6456
1228 1775 6455
1227 1776 6454
1226 1777 6453
1225 1778 6452
1224 1779 6451
1223 1780 6450
1222 1781 6449
1221 1782 6448
1220 1783 6447
1219 1784 6446
1218 1785 6445
1217 1786 6444
1216 1787 6443
1215 1788 6442
1214 1789 6441
1213 1790 6440
1212 1791 6439
1211 1792 6438
1210 1793 6437
1209 1794 6436
1208 1795 6435
1207 1796 6434
1206 1797 6433
1205 1798 6432
1204 1799 6431
1203 1800 6430
1202 1801 6429
1201 1802 6428
1200 1803 6427
1199 1804 6426
1198 1805 6425
1197 1806 6424
1196 1807 6423
1195 1808 6422
1194 1809 6421
1193 1810 6420
1192 1811 6419
1191 1812 6418
1190 1813 6417
1189 1814 6416
1188 1815 6415
1187 1816 6414
1186 1817 6413
1185 1818 6412
1184 1819 6411
1183 1820 6410
1182 1821 6409
1181 1822 6408
1180 1823 6407
1179 1824 6406
1178 1825 6405
1177 1826 6404
1176 1827 6403
1175 1828 6402
1174 1829 6401
1173 1830 6400
1172 1831 6399
1171 1832 6398
1170 1833 6397
1169 1834 6396
1168 1835 6395
1167 1836 6394
1166 1837 6393
1165 1838 6392
1164 1839 6391
1163 1840 6390
1162 1841 6389
1161 1842 6388
1160 1843 6387
1159 1844 6386
1158 1845 6385
1157 1846 6384
1156 1847 6383
1155 1848 6382
1154 1849 6381
1153 1850 6380
1152 1851 6379
1151 1852 6378
1150 1853 6377
1149 1854 6376
1148 1855 6375
1147 1856 6374
1146 1857 6373
1145 1858 6372
1144 1859 6371
1143 1860 6370
1142 1861 6369
1141 1862 6368
1140 1863 6367
1139 1864 6366
1138 1865 6365
1137 1866 6364
1136 1867 6363
1135 1868 6362
1134 1869 6361
1133 1870 6360
1132 1871 6359
1131 1872 6358
1130 1873 6357
1129 1874 6356
1128 1875 6355
1127 1876 6354
1126 1877 6353
1125 1878 6352
1124 1879 6351
1123 1880 6350
1122 1881 6349
1121 1882 6348
1120 1883 6347
1119 1884 6346
1118 1885 6345
1117 1886 6344
1116 1887 6343
1115 1888 6342
1114 1889 6341
1113 1890 6340
1112 1891 6339
1111 1892 6338
1110 1893 6337
1109 1894 6336
1108 1895 6335
1107 1896 6334
1106 1897 6333
1105 1898 6332
1104 1899 6331
1103 1900 6330
1102 1901 6329
1101 1902 6328
1100 1903 6327
1099 1904 6326
1098 1905 6325
1097 1906 6324
1096 1907 6323
1095 1908 6322
1094 1909 6321
1093 1910 6320
1092 1911 6319
1091 1912 6318
1090 1913 6317
1089 1914 6316
1088 1915 6315
1087 1916 6314
1086 1917 6313
1085 1918 6312
1084 1919 6311
1083 1920 6310
1082 1921 6309
1081 1922 6308
1080 1923 6307
1079 1924 6306
1078 1925 6305
1077 1926 6304
1076 1927 6303
1075 1928 6302
1074 1929 6301
1073 1930 6300
1072 1931 6299
1071 1932 6298
1070 1933 6297
1069 1934 6296
1068 1935 6295
1067 1936 6294
1066 1937 6293
1065 1938 6292
1064 1939 6291
1063 1940 6290
1062 1941 6289
1061 1942 6288
1060 1943 6287
1059 1944 6286
1058 1945 6285
1057 1946 6284
1056 1947 6283
1055 1948 6282
1054 1949 6281
1053 1950 6280
1052 1951 6279
1051 1952 6278
1050 1953 6277
1049 1954 6276
1048 1955 6275
1047 1956 6274
1046 1957 6273
1045 1958 6272
1044 1959 6271
1043 1960 6270
1042 1961 6269
1041 1962 6268
1040 1963 6267
1039 1964 6266
1038 1965 6265
1037 1966 6264
1036 1967 6263
1035 1968 6262
1034 1969 6261
1033 1970 6260
1032 1971 6259
1031 1972 6258
1030 1973 6257
1029 1974 6256
1028 1975 6255
1027 1976 6254
1026 1977 6253
1025 1978 6252
1024 1979 6251
1023 1980 6250
1022 1981 6249
1021 1982 6248
1020 1983 6247
1019 1984 6246
1018 1985 6245
1017 1986 6244
1016 1987 6243
1015 1988 6242
1014 1989 6241
1013 1990 6240
1012 1991 6239
1011 1992 6238
1010 1993 6237
1009 1994 6236
1008 1995 6235
1007 1996 6234
1006 1997 6233
1005 1998 6232
1004 1999 6231
1003 2000 6230
1002 2001 6229
1001 2002 6228
1000 2003 6227
999 2004 6226
998 2005 6225
997 2006 6224
996 2007 6223
995 2008 6222
994 2009 6221
993 2010 6220
992 2011 6219
991 2012 6218
990 2013 6217
989 2014 6216
988 2015 6215
987 2016 6214
986 2017 6213
985 2018 6212
984 2019 6211
983 2020 6210
982 2021 6209
981 2022 6208
980 2023 6207
979 2024 6206
978 2025 6205
977 2026 6204
976 2027 6203
975 2028 6202
974 2029 6201
973 2030 6200
972 2031 6199
971 2032 6198
970 2033 6197
969 2034 6196
968 2035 6195
967 2036 6194
966 2037 6193
965 2038 6192
964 2039 6191
963 2040 6190
962 2041 6189
961 2042 6188
960 2043 6187
959 2044 6186
958 2045 6185
957 2046 6184
956 2047 6183
955 2048 6182
954 2049 6181
953 2050 6180
952 2051 6179
951 2052 6178
950 2053 6177
949 2054 6176
948 2055 6175
947 2056 6174
946 2057 6173
945 2058 6172
944 2059 6171
943 2060 6170
942 2061 6169
941 2062 6168
940 2063 6167
939 2064 6166
938 2065 6165
937 2066 6164
936 2067 6163
935 2068 6162
934 2069 6161
933 2070 6160
932 2071 6159
931 2072 6158
930 2073 6157
929 2074 6156
928 2075 6155
927 2076 6154
926 2077 6153
925 2078 6152
924 2079 6151
923 2080 6150
922 2081 6149
921 2082 6148
920 2083 6147
919 2084 6146
918 2085 6145
917 2086 6144
916 2087 6143
915 2088 6142
914 2089 6141
913 2090 6140
912 2091 6139
911 2092 6138
910 2093 6137
909 2094 6136
908 2095 6135
907 2096 6134
906 2097 6133
905 2098 6132
904 2099 6131
903 2100 6130
902 2101 6129
901 2102 6128
900 2103 6127
899 2104 6126
898 2105 6125
897 2106 6124
896 2107 6123
895 2108 6122
894 2109 6121
893 2110 6120
892 2111 6119
891 2112 6118
890 2113 6117
889 2114 6116
888 2115 6115
887 2116 6114
886 2117 6113
885 2118 6112
884 2119 6111
883 2120 6110
882 2121 6109
881 2122 6108
880 2123 6107
879 2124 6106
878 2125 6105
877 2126 6104
876 2127 6103
875 2128 6102
874 2129 6101
873 2130 6100
872 2131 6099
871 2132 6098
870 2133 6097
869 2134 6096
868 2135 6095
867 2136 6094
866 2137 6093
865 2138 6092
864 2139 6091
863 2140 6090
862 2141 6089
861 2142 6088
860 2143 6087
859 2144 6086
858 2145 6085
857 2146 6084
856 2147 6083
855 2148 6082
854 2149 6081
853 2150 6080
852 2151 6079
851 2152 6078
850 2153 6077
849 2154 6076
848 2155 6075
847 2156 6074
846 2157 6073
845 2158 6072
844 2159 6071
843 2160 6070
842 2161 6069
841 2162 6068
840 2163 6067
839 2164 6066
838 2165 6065
837 2166 6064
836 2167 6063
835 2168 6062
834 2169 6061
833 2170 6060
832 2171 6059
831 2172 6058
830 2173 6057
829 2174 6056
828 2175 6055
827 2176 6054
826 2177 6053
825 2178 6052
824 2179 6051
823 2180 6050
822 2181 6049
821 2182 6048
820 2183 6047
819 2184 6046
818 2185 6045
817 2186 6044
816 2187 6043
815 2188 6042
814 2189 6041
813 2190 6040
812 2191 6039
811 2192 6038
810 2193 6037
809 2194 6036
808 2195 6035
807 2196 6034
806 2197 6033
805 2198 6032
804 2199 6031
803 2200 6030
802 2201 6029
801 2202 6028
800 2203 6027
799 2204 6026
798 2205 6025
797 2206 6024
796 2207 6023
795 2208 6022
794 2209 6021
793 2210 6020
792 2211 6019
791 2212 6018
790 2213 6017
789 2214 6016
788 2215 6015
787 2216 6014
786 2217 6013
785 2218 6012
784 2219 6011
783 2220 6010
782 2221 6009
781 2222 6008
780 2223 6007
779 2224 6006
778 2225 6005
777 2226 6004
776 2227 6003
775 2228 6002
774 2229 6001
