1811
3000 3 7811
2999 4 7810
2998 5 7809
2997 6 7808
2996 7 7807
2995 8 7806
2994 9 7805
2993 10 7804
2992 11 7803
2991 12 7802
2990 13 7801
2989 14 7800
2988 15 7799
2987 16 7798
2986 17 7797
2985 18 7796
2984 19 7795
2983 20 7794
2982 21 7793
2981 22 7792
2980 23 7791
2979 24 7790
2978 25 7789
2977 26 7788
2976 27 7787
2975 28 7786
2974 29 7785
2973 30 7784
2972 31 7783
2971 32 7782
2970 33 7781
2969 34 7780
2968 35 7779
2967 36 7778
2966 37 7777
2965 38 7776
2964 39 7775
2963 40 7774
2962 41 7773
2961 42 7772
2960 43 7771
2959 44 7770
2958 45 7769
2957 46 7768
2956 47 7767
2955 48 7766
2954 49 7765
2953 50 7764
2952 51 7763
2951 52 7762
2950 53 7761
2949 54 7760
2948 55 7759
2947 56 7758
2946 57 7757
2945 58 7756
2944 59 7755
2943 60 7754
2942 61 7753
2941 62 7752
2940 63 7751
2939 64 7750
2938 65 7749
2937 66 7748
2936 67 7747
2935 68 7746
2934 69 7745
2933 70 7744
2932 71 7743
2931 72 7742
2930 73 7741
2929 74 7740
2928 75 7739
2927 76 7738
2926 77 7737
2925 78 7736
2924 79 7735
2923 80 7734
2922 81 7733
2921 82 7732
2920 83 7731
2919 84 7730
2918 85 7729
2917 86 7728
2916 87 7727
2915 88 7726
2914 89 7725
2913 90 7724
2912 91 7723
2911 92 7722
2910 93 7721
2909 94 7720
2908 95 7719
2907 96 7718
2906 97 7717
2905 98 7716
2904 99 7715
2903 100 7714
2902 101 7713
2901 102 7712
2900 103 7711
2899 104 7710
2898 105 7709
2897 106 7708
2896 107 7707
2895 108 7706
2894 109 7705
2893 110 7704
2892 111 7703
2891 112 7702
2890 113 7701
2889 114 7700
2888 115 7699
2887 116 7698
2886 117 7697
2885 118 7696
2884 119 7695
2883 120 7694
2882 121 7693
2881 122 7692
2880 123 7691
2879 124 7690
2878 125 7689
2877 126 7688
2876 127 7687
2875 128 7686
2874 129 7685
2873 130 7684
2872 131 7683
2871 132 7682
2870 133 7681
2869 134 7680
2868 135 7679
2867 136 7678
2866 137 7677
2865 138 7676
2864 139 7675
2863 140 7674
2862 141 7673
2861 142 7672
2860 143 7671
2859 144 7670
2858 145 7669
2857 146 7668
2856 147 7667
2855 148 7666
2854 149 7665
2853 150 7664
2852 151 7663
2851 152 7662
2850 153 7661
2849 154 7660
2848 155 7659
2847 156 7658
2846 157 7657
2845 158 7656
2844 159 7655
2843 160 7654
2842 161 7653
2841 162 7652
2840 163 7651
2839 164 7650
2838 165 7649
2837 166 7648
2836 167 7647
2835 168 7646
2834 169 7645
2833 170 7644
2832 171 7643
2831 172 7642
2830 173 7641
2829 174 7640
2828 175 7639
2827 176 7638
2826 177 7637
2825 178 7636
2824 179 7635
2823 180 7634
2822 181 7633
2821 182 7632
2820 183 7631
2819 184 7630
2818 185 7629
2817 186 7628
2816 187 7627
2815 188 7626
2814 189 7625
2813 190 7624
2812 191 7623
2811 192 7622
2810 193 7621
2809 194 7620
2808 195 7619
2807 196 7618
2806 197 7617
2805 198 7616
2804 199 7615
2803 200 7614
2802 201 7613
2801 202 7612
2800 203 7611
2799 204 7610
2798 205 7609
2797 206 7608
2796 207 7607
2795 208 7606
2794 209 7605
2793 210 7604
2792 211 7603
2791 212 7602
2790 213 7601
2789 214 7600
2788 215 7599
2787 216 7598
2786 217 7597
2785 218 7596
2784 219 7595
2783 220 7594
2782 221 7593
2781 222 7592
2780 223 7591
2779 224 7590
2778 225 7589
2777 226 7588
2776 227 7587
2775 228 7586
2774 229 7585
2773 230 7584
2772 231 7583
2771 232 7582
2770 233 7581
2769 234 7580
2768 235 7579
2767 236 7578
2766 237 7577
2765 238 7576
2764 239 7575
2763 240 7574
2762 241 7573
2761 242 7572
2760 243 7571
2759 244 7570
2758 245 7569
2757 246 7568
2756 247 7567
2755 248 7566
2754 249 7565
2753 250 7564
2752 251 7563
2751 252 7562
2750 253 7561
2749 254 7560
2748 255 7559
2747 256 7558
2746 257 7557
2745 258 7556
2744 259 7555
2743 260 7554
2742 261 7553
2741 262 7552
2740 263 7551
2739 264 7550
2738 265 7549
2737 266 7548
2736 267 7547
2735 268 7546
2734 269 7545
2733 270 7544
2732 271 7543
2731 272 7542
2730 273 7541
2729 274 7540
2728 275 7539
2727 276 7538
2726 277 7537
2725 278 7536
2724 279 7535
2723 280 7534
2722 281 7533
2721 282 7532
2720 283 7531
2719 284 7530
2718 285 7529
2717 286 7528
2716 287 7527
2715 288 7526
2714 289 7525
2713 290 7524
2712 291 7523
2711 292 7522
2710 293 7521
2709 294 7520
2708 295 7519
2707 296 7518
2706 297 7517
2705 298 7516
2704 299 7515
2703 300 7514
2702 301 7513
2701 302 7512
2700 303 7511
2699 304 7510
2698 305 7509
2697 306 7508
2696 307 7507
2695 308 7506
2694 309 7505
2693 310 7504
2692 311 7503
2691 312 7502
2690 313 7501
2689 314 7500
2688 315 7499
2687 316 7498
2686 317 7497
2685 318 7496
2684 319 7495
2683 320 7494
2682 321 7493
2681 322 7492
2680 323 7491
2679 324 7490
2678 325 7489
2677 326 7488
2676 327 7487
2675 328 7486
2674 329 7485
2673 330 7484
2672 331 7483
2671 332 7482
2670 333 7481
2669 334 7480
2668 335 7479
2667 336 7478
2666 337 7477
2665 338 7476
2664 339 7475
2663 340 7474
2662 341 7473
2661 342 7472
2660 343 7471
2659 344 7470
2658 345 7469
2657 346 7468
2656 347 7467
2655 348 7466
2654 349 7465
2653 350 7464
2652 351 7463
2651 352 7462
2650 353 7461
2649 354 7460
2648 355 7459
2647 356 7458
2646 357 7457
2645 358 7456
2644 359 7455
2643 360 7454
2642 361 7453
2641 362 7452
2640 363 7451
2639 364 7450
2638 365 7449
2637 366 7448
2636 367 7447
2635 368 7446
2634 369 7445
2633 370 7444
2632 371 7443
2631 372 7442
2630 373 7441
2629 374 7440
2628 375 7439
2627 376 7438
2626 377 7437
2625 378 7436
2624 379 7435
2623 380 7434
2622 381 7433
2621 382 7432
2620 383 7431
2619 384 7430
2618 385 7429
2617 386 7428
2616 387 7427
2615 388 7426
2614 389 7425
2613 390 7424
2612 391 7423
2611 392 7422
2610 393 7421
2609 394 7420
2608 395 7419
2607 396 7418
2606 397 7417
2605 398 7416
2604 399 7415
2603 400 7414
2602 401 7413
2601 402 7412
2600 403 7411
2599 404 7410
2598 405 7409
2597 406 7408
2596 407 7407
2595 408 7406
2594 409 7405
2593 410 7404
2592 411 7403
2591 412 7402
2590 413 7401
2589 414 7400
2588 415 7399
2587 416 7398
2586 417 7397
2585 418 7396
2584 419 7395
2583 420 7394
2582 421 7393
2581 422 7392
2580 423 7391
2579 424 7390
2578 425 7389
2577 426 7388
2576 427 7387
2575 428 7386
2574 429 7385
2573 430 7384
2572 431 7383
2571 432 7382
2570 433 7381
2569 434 7380
2568 435 7379
2567 436 7378
2566 437 7377
2565 438 7376
2564 439 7375
2563 440 7374
2562 441 7373
2561 442 7372
2560 443 7371
2559 444 7370
2558 445 7369
2557 446 7368
2556 447 7367
2555 448 7366
2554 449 7365
2553 450 7364
2552 451 7363
2551 452 7362
2550 453 7361
2549 454 7360
2548 455 7359
2547 456 7358
2546 457 7357
2545 458 7356
2544 459 7355
2543 460 7354
2542 461 7353
2541 462 7352
2540 463 7351
2539 464 7350
2538 465 7349
2537 466 7348
2536 467 7347
2535 468 7346
2534 469 7345
2533 470 7344
2532 471 7343
2531 472 7342
2530 473 7341
2529 474 7340
2528 475 7339
2527 476 7338
2526 477 7337
2525 478 7336
2524 479 7335
2523 480 7334
2522 481 7333
2521 482 7332
2520 483 7331
2519 484 7330
2518 485 7329
2517 486 7328
2516 487 7327
2515 488 7326
2514 489 7325
2513 490 7324
2512 491 7323
2511 492 7322
2510 493 7321
2509 494 7320
2508 495 7319
2507 496 7318
2506 497 7317
2505 498 7316
2504 499 7315
2503 500 7314
2502 501 7313
2501 502 7312
2500 503 7311
2499 504 7310
2498 505 7309
2497 506 7308
2496 507 7307
2495 508 7306
2494 509 7305
2493 510 7304
2492 511 7303
2491 512 7302
2490 513 7301
2489 514 7300
2488 515 7299
2487 516 7298
2486 517 7297
2485 518 7296
2484 519 7295
2483 520 7294
2482 521 7293
2481 522 7292
2480 523 7291
2479 524 7290
2478 525 7289
2477 526 7288
2476 527 7287
2475 528 7286
2474 529 7285
2473 530 7284
2472 531 7283
2471 532 7282
2470 533 7281
2469 534 7280
2468 535 7279
2467 536 7278
2466 537 7277
2465 538 7276
2464 539 7275
2463 540 7274
2462 541 7273
2461 542 7272
2460 543 7271
2459 544 7270
2458 545 7269
2457 546 7268
2456 547 7267
2455 548 7266
2454 549 7265
2453 550 7264
2452 551 7263
2451 552 7262
2450 553 7261
2449 554 7260
2448 555 7259
2447 556 7258
2446 557 7257
2445 558 7256
2444 559 7255
2443 560 7254
2442 561 7253
2441 562 7252
2440 563 7251
2439 564 7250
2438 565 7249
2437 566 7248
2436 567 7247
2435 568 7246
2434 569 7245
2433 570 7244
2432 571 7243
2431 572 7242
2430 573 7241
2429 574 7240
2428 575 7239
2427 576 7238
2426 577 7237
2425 578 7236
2424 579 7235
2423 580 7234
2422 581 7233
2421 582 7232
2420 583 7231
2419 584 7230
2418 585 7229
2417 586 7228
2416 587 7227
2415 588 7226
2414 589 7225
2413 590 7224
2412 591 7223
2411 592 7222
2410 593 7221
2409 594 7220
2408 595 7219
2407 596 7218
2406 597 7217
2405 598 7216
2404 599 7215
2403 600 7214
2402 601 7213
2401 602 7212
2400 603 7211
2399 604 7210
2398 605 7209
2397 606 7208
2396 607 7207
2395 608 7206
2394 609 7205
2393 610 7204
2392 611 7203
2391 612 7202
2390 613 7201
2389 614 7200
2388 615 7199
2387 616 7198
2386 617 7197
2385 618 7196
2384 619 7195
2383 620 7194
2382 621 7193
2381 622 7192
2380 623 7191
2379 624 7190
2378 625 7189
2377 626 7188
2376 627 7187
2375 628 7186
2374 629 7185
2373 630 7184
2372 631 7183
2371 632 7182
2370 633 7181
2369 634 7180
2368 635 7179
2367 636 7178
2366 637 7177
2365 638 7176
2364 639 7175
2363 640 7174
2362 641 7173
2361 642 7172
2360 643 7171
2359 644 7170
2358 645 7169
2357 646 7168
2356 647 7167
2355 648 7166
2354 649 7165
2353 650 7164
2352 651 7163
2351 652 7162
2350 653 7161
2349 654 7160
2348 655 7159
2347 656 7158
2346 657 7157
2345 658 7156
2344 659 7155
2343 660 7154
2342 661 7153
2341 662 7152
2340 663 7151
2339 664 7150
2338 665 7149
2337 666 7148
2336 667 7147
2335 668 7146
2334 669 7145
2333 670 7144
2332 671 7143
2331 672 7142
2330 673 7141
2329 674 7140
2328 675 7139
2327 676 7138
2326 677 7137
2325 678 7136
2324 679 7135
2323 680 7134
2322 681 7133
2321 682 7132
2320 683 7131
2319 684 7130
2318 685 7129
2317 686 7128
2316 687 7127
2315 688 7126
2314 689 7125
2313 690 7124
2312 691 7123
2311 692 7122
2310 693 7121
2309 694 7120
2308 695 7119
2307 696 7118
2306 697 7117
2305 698 7116
2304 699 7115
2303 700 7114
2302 701 7113
2301 702 7112
2300 703 7111
2299 704 7110
2298 705 7109
2297 706 7108
2296 707 7107
2295 708 7106
2294 709 7105
2293 710 7104
2292 711 7103
2291 712 7102
2290 713 7101
2289 714 7100
2288 715 7099
2287 716 7098
2286 717 7097
2285 718 7096
2284 719 7095
2283 720 7094
2282 721 7093
2281 722 7092
2280 723 7091
2279 724 7090
2278 725 7089
2277 726 7088
2276 727 7087
2275 728 7086
2274 729 7085
2273 730 7084
2272 731 7083
2271 732 7082
2270 733 7081
2269 734 7080
2268 735 7079
2267 736 7078
2266 737 7077
2265 738 7076
2264 739 7075
2263 740 7074
2262 741 7073
2261 742 7072
2260 743 7071
2259 744 7070
2258 745 7069
2257 746 7068
2256 747 7067
2255 748 7066
2254 749 7065
2253 750 7064
2252 751 7063
2251 752 7062
2250 753 7061
2249 754 7060
2248 755 7059
2247 756 7058
2246 757 7057
2245 758 7056
2244 759 7055
2243 760 7054
2242 761 7053
2241 762 7052
2240 763 7051
2239 764 7050
2238 765 7049
2237 766 7048
2236 767 7047
2235 768 7046
2234 769 7045
2233 770 7044
2232 771 7043
2231 772 7042
2230 773 7041
2229 774 7040
2228 775 7039
2227 776 7038
2226 777 7037
2225 778 7036
2224 779 7035
2223 780 7034
2222 781 7033
2221 782 7032
2220 783 7031
2219 784 7030
2218 785 7029
2217 786 7028
2216 787 7027
2215 788 7026
2214 789 7025
2213 790 7024
2212 791 7023
2211 792 7022
2210 793 7021
2209 794 7020
2208 795 7019
2207 796 7018
2206 797 7017
2205 798 7016
2204 799 7015
2203 800 7014
2202 801 7013
2201 802 7012
2200 803 7011
2199 804 7010
2198 805 7009
2197 806 7008
2196 807 7007
2195 808 7006
2194 809 7005
2193 810 7004
2192 811 7003
2191 812 7002
2190 813 7001
2189 814 7000
2188 815 6999
2187 816 6998
2186 817 6997
2185 818 6996
2184 819 6995
2183 820 6994
2182 821 6993
2181 822 6992
2180 823 6991
2179 824 6990
2178 825 6989
2177 826 6988
2176 827 6987
2175 828 6986
2174 829 6985
2173 830 6984
2172 831 6983
2171 832 6982
2170 833 6981
2169 834 6980
2168 835 6979
2167 836 6978
2166 837 6977
2165 838 6976
2164 839 6975
2163 840 6974
2162 841 6973
2161 842 6972
2160 843 6971
2159 844 6970
2158 845 6969
2157 846 6968
2156 847 6967
2155 848 6966
2154 849 6965
2153 850 6964
2152 851 6963
2151 852 6962
2150 853 6961
2149 854 6960
2148 855 6959
2147 856 6958
2146 857 6957
2145 858 6956
2144 859 6955
2143 860 6954
2142 861 6953
2141 862 6952
2140 863 6951
2139 864 6950
2138 865 6949
2137 866 6948
2136 867 6947
2135 868 6946
2134 869 6945
2133 870 6944
2132 871 6943
2131 872 6942
2130 873 6941
2129 874 6940
2128 875 6939
2127 876 6938
2126 877 6937
2125 878 6936
2124 879 6935
2123 880 6934
2122 881 6933
2121 882 6932
2120 883 6931
2119 884 6930
2118 885 6929
2117 886 6928
2116 887 6927
2115 888 6926
2114 889 6925
2113 890 6924
2112 891 6923
2111 892 6922
2110 893 6921
2109 894 6920
2108 895 6919
2107 896 6918
2106 897 6917
2105 898 6916
2104 899 6915
2103 900 6914
2102 901 6913
2101 902 6912
2100 903 6911
2099 904 6910
2098 905 6909
2097 906 6908
2096 907 6907
2095 908 6906
2094 909 6905
2093 910 6904
2092 911 6903
2091 912 6902
2090 913 6901
2089 914 6900
2088 915 6899
2087 916 6898
2086 917 6897
2085 918 6896
2084 919 6895
2083 920 6894
2082 921 6893
2081 922 6892
2080 923 6891
2079 924 6890
2078 925 6889
2077 926 6888
2076 927 6887
2075 928 6886
2074 929 6885
2073 930 6884
2072 931 6883
2071 932 6882
2070 933 6881
2069 934 6880
2068 935 6879
2067 936 6878
2066 937 6877
2065 938 6876
2064 939 6875
2063 940 6874
2062 941 6873
2061 942 6872
2060 943 6871
2059 944 6870
2058 945 6869
2057 946 6868
2056 947 6867
2055 948 6866
2054 949 6865
2053 950 6864
2052 951 6863
2051 952 6862
2050 953 6861
2049 954 6860
2048 955 6859
2047 956 6858
2046 957 6857
2045 958 6856
2044 959 6855
2043 960 6854
2042 961 6853
2041 962 6852
2040 963 6851
2039 964 6850
2038 965 6849
2037 966 6848
2036 967 6847
2035 968 6846
2034 969 6845
2033 970 6844
2032 971 6843
2031 972 6842
2030 973 6841
2029 974 6840
2028 975 6839
2027 976 6838
2026 977 6837
2025 978 6836
2024 979 6835
2023 980 6834
2022 981 6833
2021 982 6832
2020 983 6831
2019 984 6830
2018 985 6829
2017 986 6828
2016 987 6827
2015 988 6826
2014 989 6825
2013 990 6824
2012 991 6823
2011 992 6822
2010 993 6821
2009 994 6820
2008 995 6819
2007 996 6818
2006 997 6817
2005 998 6816
2004 999 6815
2003 1000 6814
2002 1001 6813
2001 1002 6812
2000 1003 6811
1999 1004 6810
1998 1005 6809
1997 1006 6808
1996 1007 6807
1995 1008 6806
1994 1009 6805
1993 1010 6804
1992 1011 6803
1991 1012 6802
1990 1013 6801
1989 1014 6800
1988 1015 6799
1987 1016 6798
1986 1017 6797
1985 1018 6796
1984 1019 6795
1983 1020 6794
1982 1021 6793
1981 1022 6792
1980 1023 6791
1979 1024 6790
1978 1025 6789
1977 1026 6788
1976 1027 6787
1975 1028 6786
1974 1029 6785
1973 1030 6784
1972 1031 6783
1971 1032 6782
1970 1033 6781
1969 1034 6780
1968 1035 6779
1967 1036 6778
1966 1037 6777
1965 1038 6776
1964 1039 6775
1963 1040 6774
1962 1041 6773
1961 1042 6772
1960 1043 6771
1959 1044 6770
1958 1045 6769
1957 1046 6768
1956 1047 6767
1955 1048 6766
1954 1049 6765
1953 1050 6764
1952 1051 6763
1951 1052 6762
1950 1053 6761
1949 1054 6760
1948 1055 6759
1947 1056 6758
1946 1057 6757
1945 1058 6756
1944 1059 6755
1943 1060 6754
1942 1061 6753
1941 1062 6752
1940 1063 6751
1939 1064 6750
1938 1065 6749
1937 1066 6748
1936 1067 6747
1935 1068 6746
1934 1069 6745
1933 1070 6744
1932 1071 6743
1931 1072 6742
1930 1073 6741
1929 1074 6740
1928 1075 6739
1927 1076 6738
1926 1077 6737
1925 1078 6736
1924 1079 6735
1923 1080 6734
1922 1081 6733
1921 1082 6732
1920 1083 6731
1919 1084 6730
1918 1085 6729
1917 1086 6728
1916 1087 6727
1915 1088 6726
1914 1089 6725
1913 1090 6724
1912 1091 6723
1911 1092 6722
1910 1093 6721
1909 1094 6720
1908 1095 6719
1907 1096 6718
1906 1097 6717
1905 1098 6716
1904 1099 6715
1903 1100 6714
1902 1101 6713
1901 1102 6712
1900 1103 6711
1899 1104 6710
1898 1105 6709
1897 1106 6708
1896 1107 6707
1895 1108 6706
1894 1109 6705
1893 1110 6704
1892 1111 6703
1891 1112 6702
1890 1113 6701
1889 1114 6700
1888 1115 6699
1887 1116 6698
1886 1117 6697
1885 1118 6696
1884 1119 6695
1883 1120 6694
1882 1121 6693
1881 1122 6692
1880 1123 6691
1879 1124 6690
1878 1125 6689
1877 1126 6688
1876 1127 6687
1875 1128 6686
1874 1129 6685
1873 1130 6684
1872 1131 6683
1871 1132 6682
1870 1133 6681
1869 1134 6680
1868 1135 6679
1867 1136 6678
1866 1137 6677
1865 1138 6676
1864 1139 6675
1863 1140 6674
1862 1141 6673
1861 1142 6672
1860 1143 6671
1859 1144 6670
1858 1145 6669
1857 1146 6668
1856 1147 6667
1855 1148 6666
1854 1149 6665
1853 1150 6664
1852 1151 6663
1851 1152 6662
1850 1153 6661
1849 1154 6660
1848 1155 6659
1847 1156 6658
1846 1157 6657
1845 1158 6656
1844 1159 6655
1843 1160 6654
1842 1161 6653
1841 1162 6652
1840 1163 6651
1839 1164 6650
1838 1165 6649
1837 1166 6648
1836 1167 6647
1835 1168 6646
1834 1169 6645
1833 1170 6644
1832 1171 6643
1831 1172 6642
1830 1173 6641
1829 1174 6640
1828 1175 6639
1827 1176 6638
1826 1177 6637
1825 1178 6636
1824 1179 6635
1823 1180 6634
1822 1181 6633
1821 1182 6632
1820 1183 6631
1819 1184 6630
1818 1185 6629
1817 1186 6628
1816 1187 6627
1815 1188 6626
1814 1189 6625
1813 1190 6624
1812 1191 6623
1811 1192 6622
1810 1193 6621
1809 1194 6620
1808 1195 6619
1807 1196 6618
1806 1197 6617
1805 1198 6616
1804 1199 6615
1803 1200 6614
1802 1201 6613
1801 1202 6612
1800 1203 6611
1799 1204 6610
1798 1205 6609
1797 1206 6608
1796 1207 6607
1795 1208 6606
1794 1209 6605
1793 1210 6604
1792 1211 6603
1791 1212 6602
1790 1213 6601
1789 1214 6600
1788 1215 6599
1787 1216 6598
1786 1217 6597
1785 1218 6596
1784 1219 6595
1783 1220 6594
1782 1221 6593
1781 1222 6592
1780 1223 6591
1779 1224 6590
1778 1225 6589
1777 1226 6588
1776 1227 6587
1775 1228 6586
1774 1229 6585
1773 1230 6584
1772 1231 6583
1771 1232 6582
1770 1233 6581
1769 1234 6580
1768 1235 6579
1767 1236 6578
1766 1237 6577
1765 1238 6576
1764 1239 6575
1763 1240 6574
1762 1241 6573
1761 1242 6572
1760 1243 6571
1759 1244 6570
1758 1245 6569
1757 1246 6568
1756 1247 6567
1755 1248 6566
1754 1249 6565
1753 1250 6564
1752 1251 6563
1751 1252 6562
1750 1253 6561
1749 1254 6560
1748 1255 6559
1747 1256 6558
1746 1257 6557
1745 1258 6556
1744 1259 6555
1743 1260 6554
1742 1261 6553
1741 1262 6552
1740 1263 6551
1739 1264 6550
1738 1265 6549
1737 1266 6548
1736 1267 6547
1735 1268 6546
1734 1269 6545
1733 1270 6544
1732 1271 6543
1731 1272 6542
1730 1273 6541
1729 1274 6540
1728 1275 6539
1727 1276 6538
1726 1277 6537
1725 1278 6536
1724 1279 6535
1723 1280 6534
1722 1281 6533
1721 1282 6532
1720 1283 6531
1719 1284 6530
1718 1285 6529
1717 1286 6528
1716 1287 6527
1715 1288 6526
1714 1289 6525
1713 1290 6524
1712 1291 6523
1711 1292 6522
1710 1293 6521
1709 1294 6520
1708 1295 6519
1707 1296 6518
1706 1297 6517
1705 1298 6516
1704 1299 6515
1703 1300 6514
1702 1301 6513
1701 1302 6512
1700 1303 6511
1699 1304 6510
1698 1305 6509
1697 1306 6508
1696 1307 6507
1695 1308 6506
1694 1309 6505
1693 1310 6504
1692 1311 6503
1691 1312 6502
1690 1313 6501
1689 1314 6500
1688 1315 6499
1687 1316 6498
1686 1317 6497
1685 1318 6496
1684 1319 6495
1683 1320 6494
1682 1321 6493
1681 1322 6492
1680 1323 6491
1679 1324 6490
1678 1325 6489
1677 1326 6488
1676 1327 6487
1675 1328 6486
1674 1329 6485
1673 1330 6484
1672 1331 6483
1671 1332 6482
1670 1333 6481
1669 1334 6480
1668 1335 6479
1667 1336 6478
1666 1337 6477
1665 1338 6476
1664 1339 6475
1663 1340 6474
1662 1341 6473
1661 1342 6472
1660 1343 6471
1659 1344 6470
1658 1345 6469
1657 1346 6468
1656 1347 6467
1655 1348 6466
1654 1349 6465
1653 1350 6464
1652 1351 6463
1651 1352 6462
1650 1353 6461
1649 1354 6460
1648 1355 6459
1647 1356 6458
1646 1357 6457
1645 1358 6456
1644 1359 6455
1643 1360 6454
1642 1361 6453
1641 1362 6452
1640 1363 6451
1639 1364 6450
1638 1365 6449
1637 1366 6448
1636 1367 6447
1635 1368 6446
1634 1369 6445
1633 1370 6444
1632 1371 6443
1631 1372 6442
1630 1373 6441
1629 1374 6440
1628 1375 6439
1627 1376 6438
1626 1377 6437
1625 1378 6436
1624 1379 6435
1623 1380 6434
1622 1381 6433
1621 1382 6432
1620 1383 6431
1619 1384 6430
1618 1385 6429
1617 1386 6428
1616 1387 6427
1615 1388 6426
1614 1389 6425
1613 1390 6424
1612 1391 6423
1611 1392 6422
1610 1393 6421
1609 1394 6420
1608 1395 6419
1607 1396 6418
1606 1397 6417
1605 1398 6416
1604 1399 6415
1603 1400 6414
1602 1401 6413
1601 1402 6412
1600 1403 6411
1599 1404 6410
1598 1405 6409
1597 1406 6408
1596 1407 6407
1595 1408 6406
1594 1409 6405
1593 1410 6404
1592 1411 6403
1591 1412 6402
1590 1413 6401
1589 1414 6400
1588 1415 6399
1587 1416 6398
1586 1417 6397
1585 1418 6396
1584 1419 6395
1583 1420 6394
1582 1421 6393
1581 1422 6392
1580 1423 6391
1579 1424 6390
1578 1425 6389
1577 1426 6388
1576 1427 6387
1575 1428 6386
1574 1429 6385
1573 1430 6384
1572 1431 6383
1571 1432 6382
1570 1433 6381
1569 1434 6380
1568 1435 6379
1567 1436 6378
1566 1437 6377
1565 1438 6376
1564 1439 6375
1563 1440 6374
1562 1441 6373
1561 1442 6372
1560 1443 6371
1559 1444 6370
1558 1445 6369
1557 1446 6368
1556 1447 6367
1555 1448 6366
1554 1449 6365
1553 1450 6364
1552 1451 6363
1551 1452 6362
1550 1453 6361
1549 1454 6360
1548 1455 6359
1547 1456 6358
1546 1457 6357
1545 1458 6356
1544 1459 6355
1543 1460 6354
1542 1461 6353
1541 1462 6352
1540 1463 6351
1539 1464 6350
1538 1465 6349
1537 1466 6348
1536 1467 6347
1535 1468 6346
1534 1469 6345
1533 1470 6344
1532 1471 6343
1531 1472 6342
1530 1473 6341
1529 1474 6340
1528 1475 6339
1527 1476 6338
1526 1477 6337
1525 1478 6336
1524 1479 6335
1523 1480 6334
1522 1481 6333
1521 1482 6332
1520 1483 6331
1519 1484 6330
1518 1485 6329
1517 1486 6328
1516 1487 6327
1515 1488 6326
1514 1489 6325
1513 1490 6324
1512 1491 6323
1511 1492 6322
1510 1493 6321
1509 1494 6320
1508 1495 6319
1507 1496 6318
1506 1497 6317
1505 1498 6316
1504 1499 6315
1503 1500 6314
1502 1501 6313
1501 1502 6312
1500 1503 6311
1499 1504 6310
1498 1505 6309
1497 1506 6308
1496 1507 6307
1495 1508 6306
1494 1509 6305
1493 1510 6304
1492 1511 6303
1491 1512 6302
1490 1513 6301
1489 1514 6300
1488 1515 6299
1487 1516 6298
1486 1517 6297
1485 1518 6296
1484 1519 6295
1483 1520 6294
1482 1521 6293
1481 1522 6292
1480 1523 6291
1479 1524 6290
1478 1525 6289
1477 1526 6288
1476 1527 6287
1475 1528 6286
1474 1529 6285
1473 1530 6284
1472 1531 6283
1471 1532 6282
1470 1533 6281
1469 1534 6280
1468 1535 6279
1467 1536 6278
1466 1537 6277
1465 1538 6276
1464 1539 6275
1463 1540 6274
1462 1541 6273
1461 1542 6272
1460 1543 6271
1459 1544 6270
1458 1545 6269
1457 1546 6268
1456 1547 6267
1455 1548 6266
1454 1549 6265
1453 1550 6264
1452 1551 6263
1451 1552 6262
1450 1553 6261
1449 1554 6260
1448 1555 6259
1447 1556 6258
1446 1557 6257
1445 1558 6256
1444 1559 6255
1443 1560 6254
1442 1561 6253
1441 1562 6252
1440 1563 6251
1439 1564 6250
1438 1565 6249
1437 1566 6248
1436 1567 6247
1435 1568 6246
1434 1569 6245
1433 1570 6244
1432 1571 6243
1431 1572 6242
1430 1573 6241
1429 1574 6240
1428 1575 6239
1427 1576 6238
1426 1577 6237
1425 1578 6236
1424 1579 6235
1423 1580 6234
1422 1581 6233
1421 1582 6232
1420 1583 6231
1419 1584 6230
1418 1585 6229
1417 1586 6228
1416 1587 6227
1415 1588 6226
1414 1589 6225
1413 1590 6224
1412 1591 6223
1411 1592 6222
1410 1593 6221
1409 1594 6220
1408 1595 6219
1407 1596 6218
1406 1597 6217
1405 1598 6216
1404 1599 6215
1403 1600 6214
1402 1601 6213
1401 1602 6212
1400 1603 6211
1399 1604 6210
1398 1605 6209
1397 1606 6208
1396 1607 6207
1395 1608 6206
1394 1609 6205
1393 1610 6204
1392 1611 6203
1391 1612 6202
1390 1613 6201
1389 1614 6200
1388 1615 6199
1387 1616 6198
1386 1617 6197
1385 1618 6196
1384 1619 6195
1383 1620 6194
1382 1621 6193
1381 1622 6192
1380 1623 6191
1379 1624 6190
1378 1625 6189
1377 1626 6188
1376 1627 6187
1375 1628 6186
1374 1629 6185
1373 1630 6184
1372 1631 6183
1371 1632 6182
1370 1633 6181
1369 1634 6180
1368 1635 6179
1367 1636 6178
1366 1637 6177
1365 1638 6176
1364 1639 6175
1363 1640 6174
1362 1641 6173
1361 1642 6172
1360 1643 6171
1359 1644 6170
1358 1645 6169
1357 1646 6168
1356 1647 6167
1355 1648 6166
1354 1649 6165
1353 1650 6164
1352 1651 6163
1351 1652 6162
1350 1653 6161
1349 1654 6160
1348 1655 6159
1347 1656 6158
1346 1657 6157
1345 1658 6156
1344 1659 6155
1343 1660 6154
1342 1661 6153
1341 1662 6152
1340 1663 6151
1339 1664 6150
1338 1665 6149
1337 1666 6148
1336 1667 6147
1335 1668 6146
1334 1669 6145
1333 1670 6144
1332 1671 6143
1331 1672 6142
1330 1673 6141
1329 1674 6140
1328 1675 6139
1327 1676 6138
1326 1677 6137
1325 1678 6136
1324 1679 6135
1323 1680 6134
1322 1681 6133
1321 1682 6132
1320 1683 6131
1319 1684 6130
1318 1685 6129
1317 1686 6128
1316 1687 6127
1315 1688 6126
1314 1689 6125
1313 1690 6124
1312 1691 6123
1311 1692 6122
1310 1693 6121
1309 1694 6120
1308 1695 6119
1307 1696 6118
1306 1697 6117
1305 1698 6116
1304 1699 6115
1303 1700 6114
1302 1701 6113
1301 1702 6112
1300 1703 6111
1299 1704 6110
1298 1705 6109
1297 1706 6108
1296 1707 6107
1295 1708 6106
1294 1709 6105
1293 1710 6104
1292 1711 6103
1291 1712 6102
1290 1713 6101
1289 1714 6100
1288 1715 6099
1287 1716 6098
1286 1717 6097
1285 1718 6096
1284 1719 6095
1283 1720 6094
1282 1721 6093
1281 1722 6092
1280 1723 6091
1279 1724 6090
1278 1725 6089
1277 1726 6088
1276 1727 6087
1275 1728 6086
1274 1729 6085
1273 1730 6084
1272 1731 6083
1271 1732 6082
1270 1733 6081
1269 1734 6080
1268 1735 6079
1267 1736 6078
1266 1737 6077
1265 1738 6076
1264 1739 6075
1263 1740 6074
1262 1741 6073
1261 1742 6072
1260 1743 6071
1259 1744 6070
1258 1745 6069
1257 1746 6068
1256 1747 6067
1255 1748 6066
1254 1749 6065
1253 1750 6064
1252 1751 6063
1251 1752 6062
1250 1753 6061
1249 1754 6060
1248 1755 6059
1247 1756 6058
1246 1757 6057
1245 1758 6056
1244 1759 6055
1243 1760 6054
1242 1761 6053
1241 1762 6052
1240 1763 6051
1239 1764 6050
1238 1765 6049
1237 1766 6048
1236 1767 6047
1235 1768 6046
1234 1769 6045
1233 1770 6044
1232 1771 6043
1231 1772 6042
1230 1773 6041
1229 1774 6040
1228 1775 6039
1227 1776 6038
1226 1777 6037
1225 1778 6036
1224 1779 6035
1223 1780 6034
1222 1781 6033
1221 1782 6032
1220 1783 6031
1219 1784 6030
1218 1785 6029
1217 1786 6028
1216 1787 6027
1215 1788 6026
1214 1789 6025
1213 1790 6024
1212 1791 6023
1211 1792 6022
1210 1793 6021
1209 1794 6020
1208 1795 6019
1207 1796 6018
1206 1797 6017
1205 1798 6016
1204 1799 6015
1203 1800 6014
1202 1801 6013
1201 1802 6012
1200 1803 6011
1199 1804 6010
1198 1805 6009
1197 1806 6008
1196 1807 6007
1195 1808 6006
1194 1809 6005
1193 1810 6004
1192 1811 6003
1191 1812 6002
1190 1813 6001
