2501
3000 3 8501
2999 4 8500
2998 5 8499
2997 6 8498
2996 7 8497
2995 8 8496
2994 9 8495
2993 10 8494
2992 11 8493
2991 12 8492
2990 13 8491
2989 14 8490
2988 15 8489
2987 16 8488
2986 17 8487
2985 18 8486
2984 19 8485
2983 20 8484
2982 21 8483
2981 22 8482
2980 23 8481
2979 24 8480
2978 25 8479
2977 26 8478
2976 27 8477
2975 28 8476
2974 29 8475
2973 30 8474
2972 31 8473
2971 32 8472
2970 33 8471
2969 34 8470
2968 35 8469
2967 36 8468
2966 37 8467
2965 38 8466
2964 39 8465
2963 40 8464
2962 41 8463
2961 42 8462
2960 43 8461
2959 44 8460
2958 45 8459
2957 46 8458
2956 47 8457
2955 48 8456
2954 49 8455
2953 50 8454
2952 51 8453
2951 52 8452
2950 53 8451
2949 54 8450
2948 55 8449
2947 56 8448
2946 57 8447
2945 58 8446
2944 59 8445
2943 60 8444
2942 61 8443
2941 62 8442
2940 63 8441
2939 64 8440
2938 65 8439
2937 66 8438
2936 67 8437
2935 68 8436
2934 69 8435
2933 70 8434
2932 71 8433
2931 72 8432
2930 73 8431
2929 74 8430
2928 75 8429
2927 76 8428
2926 77 8427
2925 78 8426
2924 79 8425
2923 80 8424
2922 81 8423
2921 82 8422
2920 83 8421
2919 84 8420
2918 85 8419
2917 86 8418
2916 87 8417
2915 88 8416
2914 89 8415
2913 90 8414
2912 91 8413
2911 92 8412
2910 93 8411
2909 94 8410
2908 95 8409
2907 96 8408
2906 97 8407
2905 98 8406
2904 99 8405
2903 100 8404
2902 101 8403
2901 102 8402
2900 103 8401
2899 104 8400
2898 105 8399
2897 106 8398
2896 107 8397
2895 108 8396
2894 109 8395
2893 110 8394
2892 111 8393
2891 112 8392
2890 113 8391
2889 114 8390
2888 115 8389
2887 116 8388
2886 117 8387
2885 118 8386
2884 119 8385
2883 120 8384
2882 121 8383
2881 122 8382
2880 123 8381
2879 124 8380
2878 125 8379
2877 126 8378
2876 127 8377
2875 128 8376
2874 129 8375
2873 130 8374
2872 131 8373
2871 132 8372
2870 133 8371
2869 134 8370
2868 135 8369
2867 136 8368
2866 137 8367
2865 138 8366
2864 139 8365
2863 140 8364
2862 141 8363
2861 142 8362
2860 143 8361
2859 144 8360
2858 145 8359
2857 146 8358
2856 147 8357
2855 148 8356
2854 149 8355
2853 150 8354
2852 151 8353
2851 152 8352
2850 153 8351
2849 154 8350
2848 155 8349
2847 156 8348
2846 157 8347
2845 158 8346
2844 159 8345
2843 160 8344
2842 161 8343
2841 162 8342
2840 163 8341
2839 164 8340
2838 165 8339
2837 166 8338
2836 167 8337
2835 168 8336
2834 169 8335
2833 170 8334
2832 171 8333
2831 172 8332
2830 173 8331
2829 174 8330
2828 175 8329
2827 176 8328
2826 177 8327
2825 178 8326
2824 179 8325
2823 180 8324
2822 181 8323
2821 182 8322
2820 183 8321
2819 184 8320
2818 185 8319
2817 186 8318
2816 187 8317
2815 188 8316
2814 189 8315
2813 190 8314
2812 191 8313
2811 192 8312
2810 193 8311
2809 194 8310
2808 195 8309
2807 196 8308
2806 197 8307
2805 198 8306
2804 199 8305
2803 200 8304
2802 201 8303
2801 202 8302
2800 203 8301
2799 204 8300
2798 205 8299
2797 206 8298
2796 207 8297
2795 208 8296
2794 209 8295
2793 210 8294
2792 211 8293
2791 212 8292
2790 213 8291
2789 214 8290
2788 215 8289
2787 216 8288
2786 217 8287
2785 218 8286
2784 219 8285
2783 220 8284
2782 221 8283
2781 222 8282
2780 223 8281
2779 224 8280
2778 225 8279
2777 226 8278
2776 227 8277
2775 228 8276
2774 229 8275
2773 230 8274
2772 231 8273
2771 232 8272
2770 233 8271
2769 234 8270
2768 235 8269
2767 236 8268
2766 237 8267
2765 238 8266
2764 239 8265
2763 240 8264
2762 241 8263
2761 242 8262
2760 243 8261
2759 244 8260
2758 245 8259
2757 246 8258
2756 247 8257
2755 248 8256
2754 249 8255
2753 250 8254
2752 251 8253
2751 252 8252
2750 253 8251
2749 254 8250
2748 255 8249
2747 256 8248
2746 257 8247
2745 258 8246
2744 259 8245
2743 260 8244
2742 261 8243
2741 262 8242
2740 263 8241
2739 264 8240
2738 265 8239
2737 266 8238
2736 267 8237
2735 268 8236
2734 269 8235
2733 270 8234
2732 271 8233
2731 272 8232
2730 273 8231
2729 274 8230
2728 275 8229
2727 276 8228
2726 277 8227
2725 278 8226
2724 279 8225
2723 280 8224
2722 281 8223
2721 282 8222
2720 283 8221
2719 284 8220
2718 285 8219
2717 286 8218
2716 287 8217
2715 288 8216
2714 289 8215
2713 290 8214
2712 291 8213
2711 292 8212
2710 293 8211
2709 294 8210
2708 295 8209
2707 296 8208
2706 297 8207
2705 298 8206
2704 299 8205
2703 300 8204
2702 301 8203
2701 302 8202
2700 303 8201
2699 304 8200
2698 305 8199
2697 306 8198
2696 307 8197
2695 308 8196
2694 309 8195
2693 310 8194
2692 311 8193
2691 312 8192
2690 313 8191
2689 314 8190
2688 315 8189
2687 316 8188
2686 317 8187
2685 318 8186
2684 319 8185
2683 320 8184
2682 321 8183
2681 322 8182
2680 323 8181
2679 324 8180
2678 325 8179
2677 326 8178
2676 327 8177
2675 328 8176
2674 329 8175
2673 330 8174
2672 331 8173
2671 332 8172
2670 333 8171
2669 334 8170
2668 335 8169
2667 336 8168
2666 337 8167
2665 338 8166
2664 339 8165
2663 340 8164
2662 341 8163
2661 342 8162
2660 343 8161
2659 344 8160
2658 345 8159
2657 346 8158
2656 347 8157
2655 348 8156
2654 349 8155
2653 350 8154
2652 351 8153
2651 352 8152
2650 353 8151
2649 354 8150
2648 355 8149
2647 356 8148
2646 357 8147
2645 358 8146
2644 359 8145
2643 360 8144
2642 361 8143
2641 362 8142
2640 363 8141
2639 364 8140
2638 365 8139
2637 366 8138
2636 367 8137
2635 368 8136
2634 369 8135
2633 370 8134
2632 371 8133
2631 372 8132
2630 373 8131
2629 374 8130
2628 375 8129
2627 376 8128
2626 377 8127
2625 378 8126
2624 379 8125
2623 380 8124
2622 381 8123
2621 382 8122
2620 383 8121
2619 384 8120
2618 385 8119
2617 386 8118
2616 387 8117
2615 388 8116
2614 389 8115
2613 390 8114
2612 391 8113
2611 392 8112
2610 393 8111
2609 394 8110
2608 395 8109
2607 396 8108
2606 397 8107
2605 398 8106
2604 399 8105
2603 400 8104
2602 401 8103
2601 402 8102
2600 403 8101
2599 404 8100
2598 405 8099
2597 406 8098
2596 407 8097
2595 408 8096
2594 409 8095
2593 410 8094
2592 411 8093
2591 412 8092
2590 413 8091
2589 414 8090
2588 415 8089
2587 416 8088
2586 417 8087
2585 418 8086
2584 419 8085
2583 420 8084
2582 421 8083
2581 422 8082
2580 423 8081
2579 424 8080
2578 425 8079
2577 426 8078
2576 427 8077
2575 428 8076
2574 429 8075
2573 430 8074
2572 431 8073
2571 432 8072
2570 433 8071
2569 434 8070
2568 435 8069
2567 436 8068
2566 437 8067
2565 438 8066
2564 439 8065
2563 440 8064
2562 441 8063
2561 442 8062
2560 443 8061
2559 444 8060
2558 445 8059
2557 446 8058
2556 447 8057
2555 448 8056
2554 449 8055
2553 450 8054
2552 451 8053
2551 452 8052
2550 453 8051
2549 454 8050
2548 455 8049
2547 456 8048
2546 457 8047
2545 458 8046
2544 459 8045
2543 460 8044
2542 461 8043
2541 462 8042
2540 463 8041
2539 464 8040
2538 465 8039
2537 466 8038
2536 467 8037
2535 468 8036
2534 469 8035
2533 470 8034
2532 471 8033
2531 472 8032
2530 473 8031
2529 474 8030
2528 475 8029
2527 476 8028
2526 477 8027
2525 478 8026
2524 479 8025
2523 480 8024
2522 481 8023
2521 482 8022
2520 483 8021
2519 484 8020
2518 485 8019
2517 486 8018
2516 487 8017
2515 488 8016
2514 489 8015
2513 490 8014
2512 491 8013
2511 492 8012
2510 493 8011
2509 494 8010
2508 495 8009
2507 496 8008
2506 497 8007
2505 498 8006
2504 499 8005
2503 500 8004
2502 501 8003
2501 502 8002
2500 503 8001
2499 504 8000
2498 505 7999
2497 506 7998
2496 507 7997
2495 508 7996
2494 509 7995
2493 510 7994
2492 511 7993
2491 512 7992
2490 513 7991
2489 514 7990
2488 515 7989
2487 516 7988
2486 517 7987
2485 518 7986
2484 519 7985
2483 520 7984
2482 521 7983
2481 522 7982
2480 523 7981
2479 524 7980
2478 525 7979
2477 526 7978
2476 527 7977
2475 528 7976
2474 529 7975
2473 530 7974
2472 531 7973
2471 532 7972
2470 533 7971
2469 534 7970
2468 535 7969
2467 536 7968
2466 537 7967
2465 538 7966
2464 539 7965
2463 540 7964
2462 541 7963
2461 542 7962
2460 543 7961
2459 544 7960
2458 545 7959
2457 546 7958
2456 547 7957
2455 548 7956
2454 549 7955
2453 550 7954
2452 551 7953
2451 552 7952
2450 553 7951
2449 554 7950
2448 555 7949
2447 556 7948
2446 557 7947
2445 558 7946
2444 559 7945
2443 560 7944
2442 561 7943
2441 562 7942
2440 563 7941
2439 564 7940
2438 565 7939
2437 566 7938
2436 567 7937
2435 568 7936
2434 569 7935
2433 570 7934
2432 571 7933
2431 572 7932
2430 573 7931
2429 574 7930
2428 575 7929
2427 576 7928
2426 577 7927
2425 578 7926
2424 579 7925
2423 580 7924
2422 581 7923
2421 582 7922
2420 583 7921
2419 584 7920
2418 585 7919
2417 586 7918
2416 587 7917
2415 588 7916
2414 589 7915
2413 590 7914
2412 591 7913
2411 592 7912
2410 593 7911
2409 594 7910
2408 595 7909
2407 596 7908
2406 597 7907
2405 598 7906
2404 599 7905
2403 600 7904
2402 601 7903
2401 602 7902
2400 603 7901
2399 604 7900
2398 605 7899
2397 606 7898
2396 607 7897
2395 608 7896
2394 609 7895
2393 610 7894
2392 611 7893
2391 612 7892
2390 613 7891
2389 614 7890
2388 615 7889
2387 616 7888
2386 617 7887
2385 618 7886
2384 619 7885
2383 620 7884
2382 621 7883
2381 622 7882
2380 623 7881
2379 624 7880
2378 625 7879
2377 626 7878
2376 627 7877
2375 628 7876
2374 629 7875
2373 630 7874
2372 631 7873
2371 632 7872
2370 633 7871
2369 634 7870
2368 635 7869
2367 636 7868
2366 637 7867
2365 638 7866
2364 639 7865
2363 640 7864
2362 641 7863
2361 642 7862
2360 643 7861
2359 644 7860
2358 645 7859
2357 646 7858
2356 647 7857
2355 648 7856
2354 649 7855
2353 650 7854
2352 651 7853
2351 652 7852
2350 653 7851
2349 654 7850
2348 655 7849
2347 656 7848
2346 657 7847
2345 658 7846
2344 659 7845
2343 660 7844
2342 661 7843
2341 662 7842
2340 663 7841
2339 664 7840
2338 665 7839
2337 666 7838
2336 667 7837
2335 668 7836
2334 669 7835
2333 670 7834
2332 671 7833
2331 672 7832
2330 673 7831
2329 674 7830
2328 675 7829
2327 676 7828
2326 677 7827
2325 678 7826
2324 679 7825
2323 680 7824
2322 681 7823
2321 682 7822
2320 683 7821
2319 684 7820
2318 685 7819
2317 686 7818
2316 687 7817
2315 688 7816
2314 689 7815
2313 690 7814
2312 691 7813
2311 692 7812
2310 693 7811
2309 694 7810
2308 695 7809
2307 696 7808
2306 697 7807
2305 698 7806
2304 699 7805
2303 700 7804
2302 701 7803
2301 702 7802
2300 703 7801
2299 704 7800
2298 705 7799
2297 706 7798
2296 707 7797
2295 708 7796
2294 709 7795
2293 710 7794
2292 711 7793
2291 712 7792
2290 713 7791
2289 714 7790
2288 715 7789
2287 716 7788
2286 717 7787
2285 718 7786
2284 719 7785
2283 720 7784
2282 721 7783
2281 722 7782
2280 723 7781
2279 724 7780
2278 725 7779
2277 726 7778
2276 727 7777
2275 728 7776
2274 729 7775
2273 730 7774
2272 731 7773
2271 732 7772
2270 733 7771
2269 734 7770
2268 735 7769
2267 736 7768
2266 737 7767
2265 738 7766
2264 739 7765
2263 740 7764
2262 741 7763
2261 742 7762
2260 743 7761
2259 744 7760
2258 745 7759
2257 746 7758
2256 747 7757
2255 748 7756
2254 749 7755
2253 750 7754
2252 751 7753
2251 752 7752
2250 753 7751
2249 754 7750
2248 755 7749
2247 756 7748
2246 757 7747
2245 758 7746
2244 759 7745
2243 760 7744
2242 761 7743
2241 762 7742
2240 763 7741
2239 764 7740
2238 765 7739
2237 766 7738
2236 767 7737
2235 768 7736
2234 769 7735
2233 770 7734
2232 771 7733
2231 772 7732
2230 773 7731
2229 774 7730
2228 775 7729
2227 776 7728
2226 777 7727
2225 778 7726
2224 779 7725
2223 780 7724
2222 781 7723
2221 782 7722
2220 783 7721
2219 784 7720
2218 785 7719
2217 786 7718
2216 787 7717
2215 788 7716
2214 789 7715
2213 790 7714
2212 791 7713
2211 792 7712
2210 793 7711
2209 794 7710
2208 795 7709
2207 796 7708
2206 797 7707
2205 798 7706
2204 799 7705
2203 800 7704
2202 801 7703
2201 802 7702
2200 803 7701
2199 804 7700
2198 805 7699
2197 806 7698
2196 807 7697
2195 808 7696
2194 809 7695
2193 810 7694
2192 811 7693
2191 812 7692
2190 813 7691
2189 814 7690
2188 815 7689
2187 816 7688
2186 817 7687
2185 818 7686
2184 819 7685
2183 820 7684
2182 821 7683
2181 822 7682
2180 823 7681
2179 824 7680
2178 825 7679
2177 826 7678
2176 827 7677
2175 828 7676
2174 829 7675
2173 830 7674
2172 831 7673
2171 832 7672
2170 833 7671
2169 834 7670
2168 835 7669
2167 836 7668
2166 837 7667
2165 838 7666
2164 839 7665
2163 840 7664
2162 841 7663
2161 842 7662
2160 843 7661
2159 844 7660
2158 845 7659
2157 846 7658
2156 847 7657
2155 848 7656
2154 849 7655
2153 850 7654
2152 851 7653
2151 852 7652
2150 853 7651
2149 854 7650
2148 855 7649
2147 856 7648
2146 857 7647
2145 858 7646
2144 859 7645
2143 860 7644
2142 861 7643
2141 862 7642
2140 863 7641
2139 864 7640
2138 865 7639
2137 866 7638
2136 867 7637
2135 868 7636
2134 869 7635
2133 870 7634
2132 871 7633
2131 872 7632
2130 873 7631
2129 874 7630
2128 875 7629
2127 876 7628
2126 877 7627
2125 878 7626
2124 879 7625
2123 880 7624
2122 881 7623
2121 882 7622
2120 883 7621
2119 884 7620
2118 885 7619
2117 886 7618
2116 887 7617
2115 888 7616
2114 889 7615
2113 890 7614
2112 891 7613
2111 892 7612
2110 893 7611
2109 894 7610
2108 895 7609
2107 896 7608
2106 897 7607
2105 898 7606
2104 899 7605
2103 900 7604
2102 901 7603
2101 902 7602
2100 903 7601
2099 904 7600
2098 905 7599
2097 906 7598
2096 907 7597
2095 908 7596
2094 909 7595
2093 910 7594
2092 911 7593
2091 912 7592
2090 913 7591
2089 914 7590
2088 915 7589
2087 916 7588
2086 917 7587
2085 918 7586
2084 919 7585
2083 920 7584
2082 921 7583
2081 922 7582
2080 923 7581
2079 924 7580
2078 925 7579
2077 926 7578
2076 927 7577
2075 928 7576
2074 929 7575
2073 930 7574
2072 931 7573
2071 932 7572
2070 933 7571
2069 934 7570
2068 935 7569
2067 936 7568
2066 937 7567
2065 938 7566
2064 939 7565
2063 940 7564
2062 941 7563
2061 942 7562
2060 943 7561
2059 944 7560
2058 945 7559
2057 946 7558
2056 947 7557
2055 948 7556
2054 949 7555
2053 950 7554
2052 951 7553
2051 952 7552
2050 953 7551
2049 954 7550
2048 955 7549
2047 956 7548
2046 957 7547
2045 958 7546
2044 959 7545
2043 960 7544
2042 961 7543
2041 962 7542
2040 963 7541
2039 964 7540
2038 965 7539
2037 966 7538
2036 967 7537
2035 968 7536
2034 969 7535
2033 970 7534
2032 971 7533
2031 972 7532
2030 973 7531
2029 974 7530
2028 975 7529
2027 976 7528
2026 977 7527
2025 978 7526
2024 979 7525
2023 980 7524
2022 981 7523
2021 982 7522
2020 983 7521
2019 984 7520
2018 985 7519
2017 986 7518
2016 987 7517
2015 988 7516
2014 989 7515
2013 990 7514
2012 991 7513
2011 992 7512
2010 993 7511
2009 994 7510
2008 995 7509
2007 996 7508
2006 997 7507
2005 998 7506
2004 999 7505
2003 1000 7504
2002 1001 7503
2001 1002 7502
2000 1003 7501
1999 1004 7500
1998 1005 7499
1997 1006 7498
1996 1007 7497
1995 1008 7496
1994 1009 7495
1993 1010 7494
1992 1011 7493
1991 1012 7492
1990 1013 7491
1989 1014 7490
1988 1015 7489
1987 1016 7488
1986 1017 7487
1985 1018 7486
1984 1019 7485
1983 1020 7484
1982 1021 7483
1981 1022 7482
1980 1023 7481
1979 1024 7480
1978 1025 7479
1977 1026 7478
1976 1027 7477
1975 1028 7476
1974 1029 7475
1973 1030 7474
1972 1031 7473
1971 1032 7472
1970 1033 7471
1969 1034 7470
1968 1035 7469
1967 1036 7468
1966 1037 7467
1965 1038 7466
1964 1039 7465
1963 1040 7464
1962 1041 7463
1961 1042 7462
1960 1043 7461
1959 1044 7460
1958 1045 7459
1957 1046 7458
1956 1047 7457
1955 1048 7456
1954 1049 7455
1953 1050 7454
1952 1051 7453
1951 1052 7452
1950 1053 7451
1949 1054 7450
1948 1055 7449
1947 1056 7448
1946 1057 7447
1945 1058 7446
1944 1059 7445
1943 1060 7444
1942 1061 7443
1941 1062 7442
1940 1063 7441
1939 1064 7440
1938 1065 7439
1937 1066 7438
1936 1067 7437
1935 1068 7436
1934 1069 7435
1933 1070 7434
1932 1071 7433
1931 1072 7432
1930 1073 7431
1929 1074 7430
1928 1075 7429
1927 1076 7428
1926 1077 7427
1925 1078 7426
1924 1079 7425
1923 1080 7424
1922 1081 7423
1921 1082 7422
1920 1083 7421
1919 1084 7420
1918 1085 7419
1917 1086 7418
1916 1087 7417
1915 1088 7416
1914 1089 7415
1913 1090 7414
1912 1091 7413
1911 1092 7412
1910 1093 7411
1909 1094 7410
1908 1095 7409
1907 1096 7408
1906 1097 7407
1905 1098 7406
1904 1099 7405
1903 1100 7404
1902 1101 7403
1901 1102 7402
1900 1103 7401
1899 1104 7400
1898 1105 7399
1897 1106 7398
1896 1107 7397
1895 1108 7396
1894 1109 7395
1893 1110 7394
1892 1111 7393
1891 1112 7392
1890 1113 7391
1889 1114 7390
1888 1115 7389
1887 1116 7388
1886 1117 7387
1885 1118 7386
1884 1119 7385
1883 1120 7384
1882 1121 7383
1881 1122 7382
1880 1123 7381
1879 1124 7380
1878 1125 7379
1877 1126 7378
1876 1127 7377
1875 1128 7376
1874 1129 7375
1873 1130 7374
1872 1131 7373
1871 1132 7372
1870 1133 7371
1869 1134 7370
1868 1135 7369
1867 1136 7368
1866 1137 7367
1865 1138 7366
1864 1139 7365
1863 1140 7364
1862 1141 7363
1861 1142 7362
1860 1143 7361
1859 1144 7360
1858 1145 7359
1857 1146 7358
1856 1147 7357
1855 1148 7356
1854 1149 7355
1853 1150 7354
1852 1151 7353
1851 1152 7352
1850 1153 7351
1849 1154 7350
1848 1155 7349
1847 1156 7348
1846 1157 7347
1845 1158 7346
1844 1159 7345
1843 1160 7344
1842 1161 7343
1841 1162 7342
1840 1163 7341
1839 1164 7340
1838 1165 7339
1837 1166 7338
1836 1167 7337
1835 1168 7336
1834 1169 7335
1833 1170 7334
1832 1171 7333
1831 1172 7332
1830 1173 7331
1829 1174 7330
1828 1175 7329
1827 1176 7328
1826 1177 7327
1825 1178 7326
1824 1179 7325
1823 1180 7324
1822 1181 7323
1821 1182 7322
1820 1183 7321
1819 1184 7320
1818 1185 7319
1817 1186 7318
1816 1187 7317
1815 1188 7316
1814 1189 7315
1813 1190 7314
1812 1191 7313
1811 1192 7312
1810 1193 7311
1809 1194 7310
1808 1195 7309
1807 1196 7308
1806 1197 7307
1805 1198 7306
1804 1199 7305
1803 1200 7304
1802 1201 7303
1801 1202 7302
1800 1203 7301
1799 1204 7300
1798 1205 7299
1797 1206 7298
1796 1207 7297
1795 1208 7296
1794 1209 7295
1793 1210 7294
1792 1211 7293
1791 1212 7292
1790 1213 7291
1789 1214 7290
1788 1215 7289
1787 1216 7288
1786 1217 7287
1785 1218 7286
1784 1219 7285
1783 1220 7284
1782 1221 7283
1781 1222 7282
1780 1223 7281
1779 1224 7280
1778 1225 7279
1777 1226 7278
1776 1227 7277
1775 1228 7276
1774 1229 7275
1773 1230 7274
1772 1231 7273
1771 1232 7272
1770 1233 7271
1769 1234 7270
1768 1235 7269
1767 1236 7268
1766 1237 7267
1765 1238 7266
1764 1239 7265
1763 1240 7264
1762 1241 7263
1761 1242 7262
1760 1243 7261
1759 1244 7260
1758 1245 7259
1757 1246 7258
1756 1247 7257
1755 1248 7256
1754 1249 7255
1753 1250 7254
1752 1251 7253
1751 1252 7252
1750 1253 7251
1749 1254 7250
1748 1255 7249
1747 1256 7248
1746 1257 7247
1745 1258 7246
1744 1259 7245
1743 1260 7244
1742 1261 7243
1741 1262 7242
1740 1263 7241
1739 1264 7240
1738 1265 7239
1737 1266 7238
1736 1267 7237
1735 1268 7236
1734 1269 7235
1733 1270 7234
1732 1271 7233
1731 1272 7232
1730 1273 7231
1729 1274 7230
1728 1275 7229
1727 1276 7228
1726 1277 7227
1725 1278 7226
1724 1279 7225
1723 1280 7224
1722 1281 7223
1721 1282 7222
1720 1283 7221
1719 1284 7220
1718 1285 7219
1717 1286 7218
1716 1287 7217
1715 1288 7216
1714 1289 7215
1713 1290 7214
1712 1291 7213
1711 1292 7212
1710 1293 7211
1709 1294 7210
1708 1295 7209
1707 1296 7208
1706 1297 7207
1705 1298 7206
1704 1299 7205
1703 1300 7204
1702 1301 7203
1701 1302 7202
1700 1303 7201
1699 1304 7200
1698 1305 7199
1697 1306 7198
1696 1307 7197
1695 1308 7196
1694 1309 7195
1693 1310 7194
1692 1311 7193
1691 1312 7192
1690 1313 7191
1689 1314 7190
1688 1315 7189
1687 1316 7188
1686 1317 7187
1685 1318 7186
1684 1319 7185
1683 1320 7184
1682 1321 7183
1681 1322 7182
1680 1323 7181
1679 1324 7180
1678 1325 7179
1677 1326 7178
1676 1327 7177
1675 1328 7176
1674 1329 7175
1673 1330 7174
1672 1331 7173
1671 1332 7172
1670 1333 7171
1669 1334 7170
1668 1335 7169
1667 1336 7168
1666 1337 7167
1665 1338 7166
1664 1339 7165
1663 1340 7164
1662 1341 7163
1661 1342 7162
1660 1343 7161
1659 1344 7160
1658 1345 7159
1657 1346 7158
1656 1347 7157
1655 1348 7156
1654 1349 7155
1653 1350 7154
1652 1351 7153
1651 1352 7152
1650 1353 7151
1649 1354 7150
1648 1355 7149
1647 1356 7148
1646 1357 7147
1645 1358 7146
1644 1359 7145
1643 1360 7144
1642 1361 7143
1641 1362 7142
1640 1363 7141
1639 1364 7140
1638 1365 7139
1637 1366 7138
1636 1367 7137
1635 1368 7136
1634 1369 7135
1633 1370 7134
1632 1371 7133
1631 1372 7132
1630 1373 7131
1629 1374 7130
1628 1375 7129
1627 1376 7128
1626 1377 7127
1625 1378 7126
1624 1379 7125
1623 1380 7124
1622 1381 7123
1621 1382 7122
1620 1383 7121
1619 1384 7120
1618 1385 7119
1617 1386 7118
1616 1387 7117
1615 1388 7116
1614 1389 7115
1613 1390 7114
1612 1391 7113
1611 1392 7112
1610 1393 7111
1609 1394 7110
1608 1395 7109
1607 1396 7108
1606 1397 7107
1605 1398 7106
1604 1399 7105
1603 1400 7104
1602 1401 7103
1601 1402 7102
1600 1403 7101
1599 1404 7100
1598 1405 7099
1597 1406 7098
1596 1407 7097
1595 1408 7096
1594 1409 7095
1593 1410 7094
1592 1411 7093
1591 1412 7092
1590 1413 7091
1589 1414 7090
1588 1415 7089
1587 1416 7088
1586 1417 7087
1585 1418 7086
1584 1419 7085
1583 1420 7084
1582 1421 7083
1581 1422 7082
1580 1423 7081
1579 1424 7080
1578 1425 7079
1577 1426 7078
1576 1427 7077
1575 1428 7076
1574 1429 7075
1573 1430 7074
1572 1431 7073
1571 1432 7072
1570 1433 7071
1569 1434 7070
1568 1435 7069
1567 1436 7068
1566 1437 7067
1565 1438 7066
1564 1439 7065
1563 1440 7064
1562 1441 7063
1561 1442 7062
1560 1443 7061
1559 1444 7060
1558 1445 7059
1557 1446 7058
1556 1447 7057
1555 1448 7056
1554 1449 7055
1553 1450 7054
1552 1451 7053
1551 1452 7052
1550 1453 7051
1549 1454 7050
1548 1455 7049
1547 1456 7048
1546 1457 7047
1545 1458 7046
1544 1459 7045
1543 1460 7044
1542 1461 7043
1541 1462 7042
1540 1463 7041
1539 1464 7040
1538 1465 7039
1537 1466 7038
1536 1467 7037
1535 1468 7036
1534 1469 7035
1533 1470 7034
1532 1471 7033
1531 1472 7032
1530 1473 7031
1529 1474 7030
1528 1475 7029
1527 1476 7028
1526 1477 7027
1525 1478 7026
1524 1479 7025
1523 1480 7024
1522 1481 7023
1521 1482 7022
1520 1483 7021
1519 1484 7020
1518 1485 7019
1517 1486 7018
1516 1487 7017
1515 1488 7016
1514 1489 7015
1513 1490 7014
1512 1491 7013
1511 1492 7012
1510 1493 7011
1509 1494 7010
1508 1495 7009
1507 1496 7008
1506 1497 7007
1505 1498 7006
1504 1499 7005
1503 1500 7004
1502 1501 7003
1501 1502 7002
1500 1503 7001
1499 1504 7000
1498 1505 6999
1497 1506 6998
1496 1507 6997
1495 1508 6996
1494 1509 6995
1493 1510 6994
1492 1511 6993
1491 1512 6992
1490 1513 6991
1489 1514 6990
1488 1515 6989
1487 1516 6988
1486 1517 6987
1485 1518 6986
1484 1519 6985
1483 1520 6984
1482 1521 6983
1481 1522 6982
1480 1523 6981
1479 1524 6980
1478 1525 6979
1477 1526 6978
1476 1527 6977
1475 1528 6976
1474 1529 6975
1473 1530 6974
1472 1531 6973
1471 1532 6972
1470 1533 6971
1469 1534 6970
1468 1535 6969
1467 1536 6968
1466 1537 6967
1465 1538 6966
1464 1539 6965
1463 1540 6964
1462 1541 6963
1461 1542 6962
1460 1543 6961
1459 1544 6960
1458 1545 6959
1457 1546 6958
1456 1547 6957
1455 1548 6956
1454 1549 6955
1453 1550 6954
1452 1551 6953
1451 1552 6952
1450 1553 6951
1449 1554 6950
1448 1555 6949
1447 1556 6948
1446 1557 6947
1445 1558 6946
1444 1559 6945
1443 1560 6944
1442 1561 6943
1441 1562 6942
1440 1563 6941
1439 1564 6940
1438 1565 6939
1437 1566 6938
1436 1567 6937
1435 1568 6936
1434 1569 6935
1433 1570 6934
1432 1571 6933
1431 1572 6932
1430 1573 6931
1429 1574 6930
1428 1575 6929
1427 1576 6928
1426 1577 6927
1425 1578 6926
1424 1579 6925
1423 1580 6924
1422 1581 6923
1421 1582 6922
1420 1583 6921
1419 1584 6920
1418 1585 6919
1417 1586 6918
1416 1587 6917
1415 1588 6916
1414 1589 6915
1413 1590 6914
1412 1591 6913
1411 1592 6912
1410 1593 6911
1409 1594 6910
1408 1595 6909
1407 1596 6908
1406 1597 6907
1405 1598 6906
1404 1599 6905
1403 1600 6904
1402 1601 6903
1401 1602 6902
1400 1603 6901
1399 1604 6900
1398 1605 6899
1397 1606 6898
1396 1607 6897
1395 1608 6896
1394 1609 6895
1393 1610 6894
1392 1611 6893
1391 1612 6892
1390 1613 6891
1389 1614 6890
1388 1615 6889
1387 1616 6888
1386 1617 6887
1385 1618 6886
1384 1619 6885
1383 1620 6884
1382 1621 6883
1381 1622 6882
1380 1623 6881
1379 1624 6880
1378 1625 6879
1377 1626 6878
1376 1627 6877
1375 1628 6876
1374 1629 6875
1373 1630 6874
1372 1631 6873
1371 1632 6872
1370 1633 6871
1369 1634 6870
1368 1635 6869
1367 1636 6868
1366 1637 6867
1365 1638 6866
1364 1639 6865
1363 1640 6864
1362 1641 6863
1361 1642 6862
1360 1643 6861
1359 1644 6860
1358 1645 6859
1357 1646 6858
1356 1647 6857
1355 1648 6856
1354 1649 6855
1353 1650 6854
1352 1651 6853
1351 1652 6852
1350 1653 6851
1349 1654 6850
1348 1655 6849
1347 1656 6848
1346 1657 6847
1345 1658 6846
1344 1659 6845
1343 1660 6844
1342 1661 6843
1341 1662 6842
1340 1663 6841
1339 1664 6840
1338 1665 6839
1337 1666 6838
1336 1667 6837
1335 1668 6836
1334 1669 6835
1333 1670 6834
1332 1671 6833
1331 1672 6832
1330 1673 6831
1329 1674 6830
1328 1675 6829
1327 1676 6828
1326 1677 6827
1325 1678 6826
1324 1679 6825
1323 1680 6824
1322 1681 6823
1321 1682 6822
1320 1683 6821
1319 1684 6820
1318 1685 6819
1317 1686 6818
1316 1687 6817
1315 1688 6816
1314 1689 6815
1313 1690 6814
1312 1691 6813
1311 1692 6812
1310 1693 6811
1309 1694 6810
1308 1695 6809
1307 1696 6808
1306 1697 6807
1305 1698 6806
1304 1699 6805
1303 1700 6804
1302 1701 6803
1301 1702 6802
1300 1703 6801
1299 1704 6800
1298 1705 6799
1297 1706 6798
1296 1707 6797
1295 1708 6796
1294 1709 6795
1293 1710 6794
1292 1711 6793
1291 1712 6792
1290 1713 6791
1289 1714 6790
1288 1715 6789
1287 1716 6788
1286 1717 6787
1285 1718 6786
1284 1719 6785
1283 1720 6784
1282 1721 6783
1281 1722 6782
1280 1723 6781
1279 1724 6780
1278 1725 6779
1277 1726 6778
1276 1727 6777
1275 1728 6776
1274 1729 6775
1273 1730 6774
1272 1731 6773
1271 1732 6772
1270 1733 6771
1269 1734 6770
1268 1735 6769
1267 1736 6768
1266 1737 6767
1265 1738 6766
1264 1739 6765
1263 1740 6764
1262 1741 6763
1261 1742 6762
1260 1743 6761
1259 1744 6760
1258 1745 6759
1257 1746 6758
1256 1747 6757
1255 1748 6756
1254 1749 6755
1253 1750 6754
1252 1751 6753
1251 1752 6752
1250 1753 6751
1249 1754 6750
1248 1755 6749
1247 1756 6748
1246 1757 6747
1245 1758 6746
1244 1759 6745
1243 1760 6744
1242 1761 6743
1241 1762 6742
1240 1763 6741
1239 1764 6740
1238 1765 6739
1237 1766 6738
1236 1767 6737
1235 1768 6736
1234 1769 6735
1233 1770 6734
1232 1771 6733
1231 1772 6732
1230 1773 6731
1229 1774 6730
1228 1775 6729
1227 1776 6728
1226 1777 6727
1225 1778 6726
1224 1779 6725
1223 1780 6724
1222 1781 6723
1221 1782 6722
1220 1783 6721
1219 1784 6720
1218 1785 6719
1217 1786 6718
1216 1787 6717
1215 1788 6716
1214 1789 6715
1213 1790 6714
1212 1791 6713
1211 1792 6712
1210 1793 6711
1209 1794 6710
1208 1795 6709
1207 1796 6708
1206 1797 6707
1205 1798 6706
1204 1799 6705
1203 1800 6704
1202 1801 6703
1201 1802 6702
1200 1803 6701
1199 1804 6700
1198 1805 6699
1197 1806 6698
1196 1807 6697
1195 1808 6696
1194 1809 6695
1193 1810 6694
1192 1811 6693
1191 1812 6692
1190 1813 6691
1189 1814 6690
1188 1815 6689
1187 1816 6688
1186 1817 6687
1185 1818 6686
1184 1819 6685
1183 1820 6684
1182 1821 6683
1181 1822 6682
1180 1823 6681
1179 1824 6680
1178 1825 6679
1177 1826 6678
1176 1827 6677
1175 1828 6676
1174 1829 6675
1173 1830 6674
1172 1831 6673
1171 1832 6672
1170 1833 6671
1169 1834 6670
1168 1835 6669
1167 1836 6668
1166 1837 6667
1165 1838 6666
1164 1839 6665
1163 1840 6664
1162 1841 6663
1161 1842 6662
1160 1843 6661
1159 1844 6660
1158 1845 6659
1157 1846 6658
1156 1847 6657
1155 1848 6656
1154 1849 6655
1153 1850 6654
1152 1851 6653
1151 1852 6652
1150 1853 6651
1149 1854 6650
1148 1855 6649
1147 1856 6648
1146 1857 6647
1145 1858 6646
1144 1859 6645
1143 1860 6644
1142 1861 6643
1141 1862 6642
1140 1863 6641
1139 1864 6640
1138 1865 6639
1137 1866 6638
1136 1867 6637
1135 1868 6636
1134 1869 6635
1133 1870 6634
1132 1871 6633
1131 1872 6632
1130 1873 6631
1129 1874 6630
1128 1875 6629
1127 1876 6628
1126 1877 6627
1125 1878 6626
1124 1879 6625
1123 1880 6624
1122 1881 6623
1121 1882 6622
1120 1883 6621
1119 1884 6620
1118 1885 6619
1117 1886 6618
1116 1887 6617
1115 1888 6616
1114 1889 6615
1113 1890 6614
1112 1891 6613
1111 1892 6612
1110 1893 6611
1109 1894 6610
1108 1895 6609
1107 1896 6608
1106 1897 6607
1105 1898 6606
1104 1899 6605
1103 1900 6604
1102 1901 6603
1101 1902 6602
1100 1903 6601
1099 1904 6600
1098 1905 6599
1097 1906 6598
1096 1907 6597
1095 1908 6596
1094 1909 6595
1093 1910 6594
1092 1911 6593
1091 1912 6592
1090 1913 6591
1089 1914 6590
1088 1915 6589
1087 1916 6588
1086 1917 6587
1085 1918 6586
1084 1919 6585
1083 1920 6584
1082 1921 6583
1081 1922 6582
1080 1923 6581
1079 1924 6580
1078 1925 6579
1077 1926 6578
1076 1927 6577
1075 1928 6576
1074 1929 6575
1073 1930 6574
1072 1931 6573
1071 1932 6572
1070 1933 6571
1069 1934 6570
1068 1935 6569
1067 1936 6568
1066 1937 6567
1065 1938 6566
1064 1939 6565
1063 1940 6564
1062 1941 6563
1061 1942 6562
1060 1943 6561
1059 1944 6560
1058 1945 6559
1057 1946 6558
1056 1947 6557
1055 1948 6556
1054 1949 6555
1053 1950 6554
1052 1951 6553
1051 1952 6552
1050 1953 6551
1049 1954 6550
1048 1955 6549
1047 1956 6548
1046 1957 6547
1045 1958 6546
1044 1959 6545
1043 1960 6544
1042 1961 6543
1041 1962 6542
1040 1963 6541
1039 1964 6540
1038 1965 6539
1037 1966 6538
1036 1967 6537
1035 1968 6536
1034 1969 6535
1033 1970 6534
1032 1971 6533
1031 1972 6532
1030 1973 6531
1029 1974 6530
1028 1975 6529
1027 1976 6528
1026 1977 6527
1025 1978 6526
1024 1979 6525
1023 1980 6524
1022 1981 6523
1021 1982 6522
1020 1983 6521
1019 1984 6520
1018 1985 6519
1017 1986 6518
1016 1987 6517
1015 1988 6516
1014 1989 6515
1013 1990 6514
1012 1991 6513
1011 1992 6512
1010 1993 6511
1009 1994 6510
1008 1995 6509
1007 1996 6508
1006 1997 6507
1005 1998 6506
1004 1999 6505
1003 2000 6504
1002 2001 6503
1001 2002 6502
1000 2003 6501
999 2004 6500
998 2005 6499
997 2006 6498
996 2007 6497
995 2008 6496
994 2009 6495
993 2010 6494
992 2011 6493
991 2012 6492
990 2013 6491
989 2014 6490
988 2015 6489
987 2016 6488
986 2017 6487
985 2018 6486
984 2019 6485
983 2020 6484
982 2021 6483
981 2022 6482
980 2023 6481
979 2024 6480
978 2025 6479
977 2026 6478
976 2027 6477
975 2028 6476
974 2029 6475
973 2030 6474
972 2031 6473
971 2032 6472
970 2033 6471
969 2034 6470
968 2035 6469
967 2036 6468
966 2037 6467
965 2038 6466
964 2039 6465
963 2040 6464
962 2041 6463
961 2042 6462
960 2043 6461
959 2044 6460
958 2045 6459
957 2046 6458
956 2047 6457
955 2048 6456
954 2049 6455
953 2050 6454
952 2051 6453
951 2052 6452
950 2053 6451
949 2054 6450
948 2055 6449
947 2056 6448
946 2057 6447
945 2058 6446
944 2059 6445
943 2060 6444
942 2061 6443
941 2062 6442
940 2063 6441
939 2064 6440
938 2065 6439
937 2066 6438
936 2067 6437
935 2068 6436
934 2069 6435
933 2070 6434
932 2071 6433
931 2072 6432
930 2073 6431
929 2074 6430
928 2075 6429
927 2076 6428
926 2077 6427
925 2078 6426
924 2079 6425
923 2080 6424
922 2081 6423
921 2082 6422
920 2083 6421
919 2084 6420
918 2085 6419
917 2086 6418
916 2087 6417
915 2088 6416
914 2089 6415
913 2090 6414
912 2091 6413
911 2092 6412
910 2093 6411
909 2094 6410
908 2095 6409
907 2096 6408
906 2097 6407
905 2098 6406
904 2099 6405
903 2100 6404
902 2101 6403
901 2102 6402
900 2103 6401
899 2104 6400
898 2105 6399
897 2106 6398
896 2107 6397
895 2108 6396
894 2109 6395
893 2110 6394
892 2111 6393
891 2112 6392
890 2113 6391
889 2114 6390
888 2115 6389
887 2116 6388
886 2117 6387
885 2118 6386
884 2119 6385
883 2120 6384
882 2121 6383
881 2122 6382
880 2123 6381
879 2124 6380
878 2125 6379
877 2126 6378
876 2127 6377
875 2128 6376
874 2129 6375
873 2130 6374
872 2131 6373
871 2132 6372
870 2133 6371
869 2134 6370
868 2135 6369
867 2136 6368
866 2137 6367
865 2138 6366
864 2139 6365
863 2140 6364
862 2141 6363
861 2142 6362
860 2143 6361
859 2144 6360
858 2145 6359
857 2146 6358
856 2147 6357
855 2148 6356
854 2149 6355
853 2150 6354
852 2151 6353
851 2152 6352
850 2153 6351
849 2154 6350
848 2155 6349
847 2156 6348
846 2157 6347
845 2158 6346
844 2159 6345
843 2160 6344
842 2161 6343
841 2162 6342
840 2163 6341
839 2164 6340
838 2165 6339
837 2166 6338
836 2167 6337
835 2168 6336
834 2169 6335
833 2170 6334
832 2171 6333
831 2172 6332
830 2173 6331
829 2174 6330
828 2175 6329
827 2176 6328
826 2177 6327
825 2178 6326
824 2179 6325
823 2180 6324
822 2181 6323
821 2182 6322
820 2183 6321
819 2184 6320
818 2185 6319
817 2186 6318
816 2187 6317
815 2188 6316
814 2189 6315
813 2190 6314
812 2191 6313
811 2192 6312
810 2193 6311
809 2194 6310
808 2195 6309
807 2196 6308
806 2197 6307
805 2198 6306
804 2199 6305
803 2200 6304
802 2201 6303
801 2202 6302
800 2203 6301
799 2204 6300
798 2205 6299
797 2206 6298
796 2207 6297
795 2208 6296
794 2209 6295
793 2210 6294
792 2211 6293
791 2212 6292
790 2213 6291
789 2214 6290
788 2215 6289
787 2216 6288
786 2217 6287
785 2218 6286
784 2219 6285
783 2220 6284
782 2221 6283
781 2222 6282
780 2223 6281
779 2224 6280
778 2225 6279
777 2226 6278
776 2227 6277
775 2228 6276
774 2229 6275
773 2230 6274
772 2231 6273
771 2232 6272
770 2233 6271
769 2234 6270
768 2235 6269
767 2236 6268
766 2237 6267
765 2238 6266
764 2239 6265
763 2240 6264
762 2241 6263
761 2242 6262
760 2243 6261
759 2244 6260
758 2245 6259
757 2246 6258
756 2247 6257
755 2248 6256
754 2249 6255
753 2250 6254
752 2251 6253
751 2252 6252
750 2253 6251
749 2254 6250
748 2255 6249
747 2256 6248
746 2257 6247
745 2258 6246
744 2259 6245
743 2260 6244
742 2261 6243
741 2262 6242
740 2263 6241
739 2264 6240
738 2265 6239
737 2266 6238
736 2267 6237
735 2268 6236
734 2269 6235
733 2270 6234
732 2271 6233
731 2272 6232
730 2273 6231
729 2274 6230
728 2275 6229
727 2276 6228
726 2277 6227
725 2278 6226
724 2279 6225
723 2280 6224
722 2281 6223
721 2282 6222
720 2283 6221
719 2284 6220
718 2285 6219
717 2286 6218
716 2287 6217
715 2288 6216
714 2289 6215
713 2290 6214
712 2291 6213
711 2292 6212
710 2293 6211
709 2294 6210
708 2295 6209
707 2296 6208
706 2297 6207
705 2298 6206
704 2299 6205
703 2300 6204
702 2301 6203
701 2302 6202
700 2303 6201
699 2304 6200
698 2305 6199
697 2306 6198
696 2307 6197
695 2308 6196
694 2309 6195
693 2310 6194
692 2311 6193
691 2312 6192
690 2313 6191
689 2314 6190
688 2315 6189
687 2316 6188
686 2317 6187
685 2318 6186
684 2319 6185
683 2320 6184
682 2321 6183
681 2322 6182
680 2323 6181
679 2324 6180
678 2325 6179
677 2326 6178
676 2327 6177
675 2328 6176
674 2329 6175
673 2330 6174
672 2331 6173
671 2332 6172
670 2333 6171
669 2334 6170
668 2335 6169
667 2336 6168
666 2337 6167
665 2338 6166
664 2339 6165
663 2340 6164
662 2341 6163
661 2342 6162
660 2343 6161
659 2344 6160
658 2345 6159
657 2346 6158
656 2347 6157
655 2348 6156
654 2349 6155
653 2350 6154
652 2351 6153
651 2352 6152
650 2353 6151
649 2354 6150
648 2355 6149
647 2356 6148
646 2357 6147
645 2358 6146
644 2359 6145
643 2360 6144
642 2361 6143
641 2362 6142
640 2363 6141
639 2364 6140
638 2365 6139
637 2366 6138
636 2367 6137
635 2368 6136
634 2369 6135
633 2370 6134
632 2371 6133
631 2372 6132
630 2373 6131
629 2374 6130
628 2375 6129
627 2376 6128
626 2377 6127
625 2378 6126
624 2379 6125
623 2380 6124
622 2381 6123
621 2382 6122
620 2383 6121
619 2384 6120
618 2385 6119
617 2386 6118
616 2387 6117
615 2388 6116
614 2389 6115
613 2390 6114
612 2391 6113
611 2392 6112
610 2393 6111
609 2394 6110
608 2395 6109
607 2396 6108
606 2397 6107
605 2398 6106
604 2399 6105
603 2400 6104
602 2401 6103
601 2402 6102
600 2403 6101
599 2404 6100
598 2405 6099
597 2406 6098
596 2407 6097
595 2408 6096
594 2409 6095
593 2410 6094
592 2411 6093
591 2412 6092
590 2413 6091
589 2414 6090
588 2415 6089
587 2416 6088
586 2417 6087
585 2418 6086
584 2419 6085
583 2420 6084
582 2421 6083
581 2422 6082
580 2423 6081
579 2424 6080
578 2425 6079
577 2426 6078
576 2427 6077
575 2428 6076
574 2429 6075
573 2430 6074
572 2431 6073
571 2432 6072
570 2433 6071
569 2434 6070
568 2435 6069
567 2436 6068
566 2437 6067
565 2438 6066
564 2439 6065
563 2440 6064
562 2441 6063
561 2442 6062
560 2443 6061
559 2444 6060
558 2445 6059
557 2446 6058
556 2447 6057
555 2448 6056
554 2449 6055
553 2450 6054
552 2451 6053
551 2452 6052
550 2453 6051
549 2454 6050
548 2455 6049
547 2456 6048
546 2457 6047
545 2458 6046
544 2459 6045
543 2460 6044
542 2461 6043
541 2462 6042
540 2463 6041
539 2464 6040
538 2465 6039
537 2466 6038
536 2467 6037
535 2468 6036
534 2469 6035
533 2470 6034
532 2471 6033
531 2472 6032
530 2473 6031
529 2474 6030
528 2475 6029
527 2476 6028
526 2477 6027
525 2478 6026
524 2479 6025
523 2480 6024
522 2481 6023
521 2482 6022
520 2483 6021
519 2484 6020
518 2485 6019
517 2486 6018
516 2487 6017
515 2488 6016
514 2489 6015
513 2490 6014
512 2491 6013
511 2492 6012
510 2493 6011
509 2494 6010
508 2495 6009
507 2496 6008
506 2497 6007
505 2498 6006
504 2499 6005
503 2500 6004
502 2501 6003
501 2502 6002
500 2503 6001
