769
3000 3 6769
2999 4 6768
2998 5 6767
2997 6 6766
2996 7 6765
2995 8 6764
2994 9 6763
2993 10 6762
2992 11 6761
2991 12 6760
2990 13 6759
2989 14 6758
2988 15 6757
2987 16 6756
2986 17 6755
2985 18 6754
2984 19 6753
2983 20 6752
2982 21 6751
2981 22 6750
2980 23 6749
2979 24 6748
2978 25 6747
2977 26 6746
2976 27 6745
2975 28 6744
2974 29 6743
2973 30 6742
2972 31 6741
2971 32 6740
2970 33 6739
2969 34 6738
2968 35 6737
2967 36 6736
2966 37 6735
2965 38 6734
2964 39 6733
2963 40 6732
2962 41 6731
2961 42 6730
2960 43 6729
2959 44 6728
2958 45 6727
2957 46 6726
2956 47 6725
2955 48 6724
2954 49 6723
2953 50 6722
2952 51 6721
2951 52 6720
2950 53 6719
2949 54 6718
2948 55 6717
2947 56 6716
2946 57 6715
2945 58 6714
2944 59 6713
2943 60 6712
2942 61 6711
2941 62 6710
2940 63 6709
2939 64 6708
2938 65 6707
2937 66 6706
2936 67 6705
2935 68 6704
2934 69 6703
2933 70 6702
2932 71 6701
2931 72 6700
2930 73 6699
2929 74 6698
2928 75 6697
2927 76 6696
2926 77 6695
2925 78 6694
2924 79 6693
2923 80 6692
2922 81 6691
2921 82 6690
2920 83 6689
2919 84 6688
2918 85 6687
2917 86 6686
2916 87 6685
2915 88 6684
2914 89 6683
2913 90 6682
2912 91 6681
2911 92 6680
2910 93 6679
2909 94 6678
2908 95 6677
2907 96 6676
2906 97 6675
2905 98 6674
2904 99 6673
2903 100 6672
2902 101 6671
2901 102 6670
2900 103 6669
2899 104 6668
2898 105 6667
2897 106 6666
2896 107 6665
2895 108 6664
2894 109 6663
2893 110 6662
2892 111 6661
2891 112 6660
2890 113 6659
2889 114 6658
2888 115 6657
2887 116 6656
2886 117 6655
2885 118 6654
2884 119 6653
2883 120 6652
2882 121 6651
2881 122 6650
2880 123 6649
2879 124 6648
2878 125 6647
2877 126 6646
2876 127 6645
2875 128 6644
2874 129 6643
2873 130 6642
2872 131 6641
2871 132 6640
2870 133 6639
2869 134 6638
2868 135 6637
2867 136 6636
2866 137 6635
2865 138 6634
2864 139 6633
2863 140 6632
2862 141 6631
2861 142 6630
2860 143 6629
2859 144 6628
2858 145 6627
2857 146 6626
2856 147 6625
2855 148 6624
2854 149 6623
2853 150 6622
2852 151 6621
2851 152 6620
2850 153 6619
2849 154 6618
2848 155 6617
2847 156 6616
2846 157 6615
2845 158 6614
2844 159 6613
2843 160 6612
2842 161 6611
2841 162 6610
2840 163 6609
2839 164 6608
2838 165 6607
2837 166 6606
2836 167 6605
2835 168 6604
2834 169 6603
2833 170 6602
2832 171 6601
2831 172 6600
2830 173 6599
2829 174 6598
2828 175 6597
2827 176 6596
2826 177 6595
2825 178 6594
2824 179 6593
2823 180 6592
2822 181 6591
2821 182 6590
2820 183 6589
2819 184 6588
2818 185 6587
2817 186 6586
2816 187 6585
2815 188 6584
2814 189 6583
2813 190 6582
2812 191 6581
2811 192 6580
2810 193 6579
2809 194 6578
2808 195 6577
2807 196 6576
2806 197 6575
2805 198 6574
2804 199 6573
2803 200 6572
2802 201 6571
2801 202 6570
2800 203 6569
2799 204 6568
2798 205 6567
2797 206 6566
2796 207 6565
2795 208 6564
2794 209 6563
2793 210 6562
2792 211 6561
2791 212 6560
2790 213 6559
2789 214 6558
2788 215 6557
2787 216 6556
2786 217 6555
2785 218 6554
2784 219 6553
2783 220 6552
2782 221 6551
2781 222 6550
2780 223 6549
2779 224 6548
2778 225 6547
2777 226 6546
2776 227 6545
2775 228 6544
2774 229 6543
2773 230 6542
2772 231 6541
2771 232 6540
2770 233 6539
2769 234 6538
2768 235 6537
2767 236 6536
2766 237 6535
2765 238 6534
2764 239 6533
2763 240 6532
2762 241 6531
2761 242 6530
2760 243 6529
2759 244 6528
2758 245 6527
2757 246 6526
2756 247 6525
2755 248 6524
2754 249 6523
2753 250 6522
2752 251 6521
2751 252 6520
2750 253 6519
2749 254 6518
2748 255 6517
2747 256 6516
2746 257 6515
2745 258 6514
2744 259 6513
2743 260 6512
2742 261 6511
2741 262 6510
2740 263 6509
2739 264 6508
2738 265 6507
2737 266 6506
2736 267 6505
2735 268 6504
2734 269 6503
2733 270 6502
2732 271 6501
2731 272 6500
2730 273 6499
2729 274 6498
2728 275 6497
2727 276 6496
2726 277 6495
2725 278 6494
2724 279 6493
2723 280 6492
2722 281 6491
2721 282 6490
2720 283 6489
2719 284 6488
2718 285 6487
2717 286 6486
2716 287 6485
2715 288 6484
2714 289 6483
2713 290 6482
2712 291 6481
2711 292 6480
2710 293 6479
2709 294 6478
2708 295 6477
2707 296 6476
2706 297 6475
2705 298 6474
2704 299 6473
2703 300 6472
2702 301 6471
2701 302 6470
2700 303 6469
2699 304 6468
2698 305 6467
2697 306 6466
2696 307 6465
2695 308 6464
2694 309 6463
2693 310 6462
2692 311 6461
2691 312 6460
2690 313 6459
2689 314 6458
2688 315 6457
2687 316 6456
2686 317 6455
2685 318 6454
2684 319 6453
2683 320 6452
2682 321 6451
2681 322 6450
2680 323 6449
2679 324 6448
2678 325 6447
2677 326 6446
2676 327 6445
2675 328 6444
2674 329 6443
2673 330 6442
2672 331 6441
2671 332 6440
2670 333 6439
2669 334 6438
2668 335 6437
2667 336 6436
2666 337 6435
2665 338 6434
2664 339 6433
2663 340 6432
2662 341 6431
2661 342 6430
2660 343 6429
2659 344 6428
2658 345 6427
2657 346 6426
2656 347 6425
2655 348 6424
2654 349 6423
2653 350 6422
2652 351 6421
2651 352 6420
2650 353 6419
2649 354 6418
2648 355 6417
2647 356 6416
2646 357 6415
2645 358 6414
2644 359 6413
2643 360 6412
2642 361 6411
2641 362 6410
2640 363 6409
2639 364 6408
2638 365 6407
2637 366 6406
2636 367 6405
2635 368 6404
2634 369 6403
2633 370 6402
2632 371 6401
2631 372 6400
2630 373 6399
2629 374 6398
2628 375 6397
2627 376 6396
2626 377 6395
2625 378 6394
2624 379 6393
2623 380 6392
2622 381 6391
2621 382 6390
2620 383 6389
2619 384 6388
2618 385 6387
2617 386 6386
2616 387 6385
2615 388 6384
2614 389 6383
2613 390 6382
2612 391 6381
2611 392 6380
2610 393 6379
2609 394 6378
2608 395 6377
2607 396 6376
2606 397 6375
2605 398 6374
2604 399 6373
2603 400 6372
2602 401 6371
2601 402 6370
2600 403 6369
2599 404 6368
2598 405 6367
2597 406 6366
2596 407 6365
2595 408 6364
2594 409 6363
2593 410 6362
2592 411 6361
2591 412 6360
2590 413 6359
2589 414 6358
2588 415 6357
2587 416 6356
2586 417 6355
2585 418 6354
2584 419 6353
2583 420 6352
2582 421 6351
2581 422 6350
2580 423 6349
2579 424 6348
2578 425 6347
2577 426 6346
2576 427 6345
2575 428 6344
2574 429 6343
2573 430 6342
2572 431 6341
2571 432 6340
2570 433 6339
2569 434 6338
2568 435 6337
2567 436 6336
2566 437 6335
2565 438 6334
2564 439 6333
2563 440 6332
2562 441 6331
2561 442 6330
2560 443 6329
2559 444 6328
2558 445 6327
2557 446 6326
2556 447 6325
2555 448 6324
2554 449 6323
2553 450 6322
2552 451 6321
2551 452 6320
2550 453 6319
2549 454 6318
2548 455 6317
2547 456 6316
2546 457 6315
2545 458 6314
2544 459 6313
2543 460 6312
2542 461 6311
2541 462 6310
2540 463 6309
2539 464 6308
2538 465 6307
2537 466 6306
2536 467 6305
2535 468 6304
2534 469 6303
2533 470 6302
2532 471 6301
2531 472 6300
2530 473 6299
2529 474 6298
2528 475 6297
2527 476 6296
2526 477 6295
2525 478 6294
2524 479 6293
2523 480 6292
2522 481 6291
2521 482 6290
2520 483 6289
2519 484 6288
2518 485 6287
2517 486 6286
2516 487 6285
2515 488 6284
2514 489 6283
2513 490 6282
2512 491 6281
2511 492 6280
2510 493 6279
2509 494 6278
2508 495 6277
2507 496 6276
2506 497 6275
2505 498 6274
2504 499 6273
2503 500 6272
2502 501 6271
2501 502 6270
2500 503 6269
2499 504 6268
2498 505 6267
2497 506 6266
2496 507 6265
2495 508 6264
2494 509 6263
2493 510 6262
2492 511 6261
2491 512 6260
2490 513 6259
2489 514 6258
2488 515 6257
2487 516 6256
2486 517 6255
2485 518 6254
2484 519 6253
2483 520 6252
2482 521 6251
2481 522 6250
2480 523 6249
2479 524 6248
2478 525 6247
2477 526 6246
2476 527 6245
2475 528 6244
2474 529 6243
2473 530 6242
2472 531 6241
2471 532 6240
2470 533 6239
2469 534 6238
2468 535 6237
2467 536 6236
2466 537 6235
2465 538 6234
2464 539 6233
2463 540 6232
2462 541 6231
2461 542 6230
2460 543 6229
2459 544 6228
2458 545 6227
2457 546 6226
2456 547 6225
2455 548 6224
2454 549 6223
2453 550 6222
2452 551 6221
2451 552 6220
2450 553 6219
2449 554 6218
2448 555 6217
2447 556 6216
2446 557 6215
2445 558 6214
2444 559 6213
2443 560 6212
2442 561 6211
2441 562 6210
2440 563 6209
2439 564 6208
2438 565 6207
2437 566 6206
2436 567 6205
2435 568 6204
2434 569 6203
2433 570 6202
2432 571 6201
2431 572 6200
2430 573 6199
2429 574 6198
2428 575 6197
2427 576 6196
2426 577 6195
2425 578 6194
2424 579 6193
2423 580 6192
2422 581 6191
2421 582 6190
2420 583 6189
2419 584 6188
2418 585 6187
2417 586 6186
2416 587 6185
2415 588 6184
2414 589 6183
2413 590 6182
2412 591 6181
2411 592 6180
2410 593 6179
2409 594 6178
2408 595 6177
2407 596 6176
2406 597 6175
2405 598 6174
2404 599 6173
2403 600 6172
2402 601 6171
2401 602 6170
2400 603 6169
2399 604 6168
2398 605 6167
2397 606 6166
2396 607 6165
2395 608 6164
2394 609 6163
2393 610 6162
2392 611 6161
2391 612 6160
2390 613 6159
2389 614 6158
2388 615 6157
2387 616 6156
2386 617 6155
2385 618 6154
2384 619 6153
2383 620 6152
2382 621 6151
2381 622 6150
2380 623 6149
2379 624 6148
2378 625 6147
2377 626 6146
2376 627 6145
2375 628 6144
2374 629 6143
2373 630 6142
2372 631 6141
2371 632 6140
2370 633 6139
2369 634 6138
2368 635 6137
2367 636 6136
2366 637 6135
2365 638 6134
2364 639 6133
2363 640 6132
2362 641 6131
2361 642 6130
2360 643 6129
2359 644 6128
2358 645 6127
2357 646 6126
2356 647 6125
2355 648 6124
2354 649 6123
2353 650 6122
2352 651 6121
2351 652 6120
2350 653 6119
2349 654 6118
2348 655 6117
2347 656 6116
2346 657 6115
2345 658 6114
2344 659 6113
2343 660 6112
2342 661 6111
2341 662 6110
2340 663 6109
2339 664 6108
2338 665 6107
2337 666 6106
2336 667 6105
2335 668 6104
2334 669 6103
2333 670 6102
2332 671 6101
2331 672 6100
2330 673 6099
2329 674 6098
2328 675 6097
2327 676 6096
2326 677 6095
2325 678 6094
2324 679 6093
2323 680 6092
2322 681 6091
2321 682 6090
2320 683 6089
2319 684 6088
2318 685 6087
2317 686 6086
2316 687 6085
2315 688 6084
2314 689 6083
2313 690 6082
2312 691 6081
2311 692 6080
2310 693 6079
2309 694 6078
2308 695 6077
2307 696 6076
2306 697 6075
2305 698 6074
2304 699 6073
2303 700 6072
2302 701 6071
2301 702 6070
2300 703 6069
2299 704 6068
2298 705 6067
2297 706 6066
2296 707 6065
2295 708 6064
2294 709 6063
2293 710 6062
2292 711 6061
2291 712 6060
2290 713 6059
2289 714 6058
2288 715 6057
2287 716 6056
2286 717 6055
2285 718 6054
2284 719 6053
2283 720 6052
2282 721 6051
2281 722 6050
2280 723 6049
2279 724 6048
2278 725 6047
2277 726 6046
2276 727 6045
2275 728 6044
2274 729 6043
2273 730 6042
2272 731 6041
2271 732 6040
2270 733 6039
2269 734 6038
2268 735 6037
2267 736 6036
2266 737 6035
2265 738 6034
2264 739 6033
2263 740 6032
2262 741 6031
2261 742 6030
2260 743 6029
2259 744 6028
2258 745 6027
2257 746 6026
2256 747 6025
2255 748 6024
2254 749 6023
2253 750 6022
2252 751 6021
2251 752 6020
2250 753 6019
2249 754 6018
2248 755 6017
2247 756 6016
2246 757 6015
2245 758 6014
2244 759 6013
2243 760 6012
2242 761 6011
2241 762 6010
2240 763 6009
2239 764 6008
2238 765 6007
2237 766 6006
2236 767 6005
2235 768 6004
2234 769 6003
2233 770 6002
2232 771 6001
