2464
3000 3 8464
2999 4 8463
2998 5 8462
2997 6 8461
2996 7 8460
2995 8 8459
2994 9 8458
2993 10 8457
2992 11 8456
2991 12 8455
2990 13 8454
2989 14 8453
2988 15 8452
2987 16 8451
2986 17 8450
2985 18 8449
2984 19 8448
2983 20 8447
2982 21 8446
2981 22 8445
2980 23 8444
2979 24 8443
2978 25 8442
2977 26 8441
2976 27 8440
2975 28 8439
2974 29 8438
2973 30 8437
2972 31 8436
2971 32 8435
2970 33 8434
2969 34 8433
2968 35 8432
2967 36 8431
2966 37 8430
2965 38 8429
2964 39 8428
2963 40 8427
2962 41 8426
2961 42 8425
2960 43 8424
2959 44 8423
2958 45 8422
2957 46 8421
2956 47 8420
2955 48 8419
2954 49 8418
2953 50 8417
2952 51 8416
2951 52 8415
2950 53 8414
2949 54 8413
2948 55 8412
2947 56 8411
2946 57 8410
2945 58 8409
2944 59 8408
2943 60 8407
2942 61 8406
2941 62 8405
2940 63 8404
2939 64 8403
2938 65 8402
2937 66 8401
2936 67 8400
2935 68 8399
2934 69 8398
2933 70 8397
2932 71 8396
2931 72 8395
2930 73 8394
2929 74 8393
2928 75 8392
2927 76 8391
2926 77 8390
2925 78 8389
2924 79 8388
2923 80 8387
2922 81 8386
2921 82 8385
2920 83 8384
2919 84 8383
2918 85 8382
2917 86 8381
2916 87 8380
2915 88 8379
2914 89 8378
2913 90 8377
2912 91 8376
2911 92 8375
2910 93 8374
2909 94 8373
2908 95 8372
2907 96 8371
2906 97 8370
2905 98 8369
2904 99 8368
2903 100 8367
2902 101 8366
2901 102 8365
2900 103 8364
2899 104 8363
2898 105 8362
2897 106 8361
2896 107 8360
2895 108 8359
2894 109 8358
2893 110 8357
2892 111 8356
2891 112 8355
2890 113 8354
2889 114 8353
2888 115 8352
2887 116 8351
2886 117 8350
2885 118 8349
2884 119 8348
2883 120 8347
2882 121 8346
2881 122 8345
2880 123 8344
2879 124 8343
2878 125 8342
2877 126 8341
2876 127 8340
2875 128 8339
2874 129 8338
2873 130 8337
2872 131 8336
2871 132 8335
2870 133 8334
2869 134 8333
2868 135 8332
2867 136 8331
2866 137 8330
2865 138 8329
2864 139 8328
2863 140 8327
2862 141 8326
2861 142 8325
2860 143 8324
2859 144 8323
2858 145 8322
2857 146 8321
2856 147 8320
2855 148 8319
2854 149 8318
2853 150 8317
2852 151 8316
2851 152 8315
2850 153 8314
2849 154 8313
2848 155 8312
2847 156 8311
2846 157 8310
2845 158 8309
2844 159 8308
2843 160 8307
2842 161 8306
2841 162 8305
2840 163 8304
2839 164 8303
2838 165 8302
2837 166 8301
2836 167 8300
2835 168 8299
2834 169 8298
2833 170 8297
2832 171 8296
2831 172 8295
2830 173 8294
2829 174 8293
2828 175 8292
2827 176 8291
2826 177 8290
2825 178 8289
2824 179 8288
2823 180 8287
2822 181 8286
2821 182 8285
2820 183 8284
2819 184 8283
2818 185 8282
2817 186 8281
2816 187 8280
2815 188 8279
2814 189 8278
2813 190 8277
2812 191 8276
2811 192 8275
2810 193 8274
2809 194 8273
2808 195 8272
2807 196 8271
2806 197 8270
2805 198 8269
2804 199 8268
2803 200 8267
2802 201 8266
2801 202 8265
2800 203 8264
2799 204 8263
2798 205 8262
2797 206 8261
2796 207 8260
2795 208 8259
2794 209 8258
2793 210 8257
2792 211 8256
2791 212 8255
2790 213 8254
2789 214 8253
2788 215 8252
2787 216 8251
2786 217 8250
2785 218 8249
2784 219 8248
2783 220 8247
2782 221 8246
2781 222 8245
2780 223 8244
2779 224 8243
2778 225 8242
2777 226 8241
2776 227 8240
2775 228 8239
2774 229 8238
2773 230 8237
2772 231 8236
2771 232 8235
2770 233 8234
2769 234 8233
2768 235 8232
2767 236 8231
2766 237 8230
2765 238 8229
2764 239 8228
2763 240 8227
2762 241 8226
2761 242 8225
2760 243 8224
2759 244 8223
2758 245 8222
2757 246 8221
2756 247 8220
2755 248 8219
2754 249 8218
2753 250 8217
2752 251 8216
2751 252 8215
2750 253 8214
2749 254 8213
2748 255 8212
2747 256 8211
2746 257 8210
2745 258 8209
2744 259 8208
2743 260 8207
2742 261 8206
2741 262 8205
2740 263 8204
2739 264 8203
2738 265 8202
2737 266 8201
2736 267 8200
2735 268 8199
2734 269 8198
2733 270 8197
2732 271 8196
2731 272 8195
2730 273 8194
2729 274 8193
2728 275 8192
2727 276 8191
2726 277 8190
2725 278 8189
2724 279 8188
2723 280 8187
2722 281 8186
2721 282 8185
2720 283 8184
2719 284 8183
2718 285 8182
2717 286 8181
2716 287 8180
2715 288 8179
2714 289 8178
2713 290 8177
2712 291 8176
2711 292 8175
2710 293 8174
2709 294 8173
2708 295 8172
2707 296 8171
2706 297 8170
2705 298 8169
2704 299 8168
2703 300 8167
2702 301 8166
2701 302 8165
2700 303 8164
2699 304 8163
2698 305 8162
2697 306 8161
2696 307 8160
2695 308 8159
2694 309 8158
2693 310 8157
2692 311 8156
2691 312 8155
2690 313 8154
2689 314 8153
2688 315 8152
2687 316 8151
2686 317 8150
2685 318 8149
2684 319 8148
2683 320 8147
2682 321 8146
2681 322 8145
2680 323 8144
2679 324 8143
2678 325 8142
2677 326 8141
2676 327 8140
2675 328 8139
2674 329 8138
2673 330 8137
2672 331 8136
2671 332 8135
2670 333 8134
2669 334 8133
2668 335 8132
2667 336 8131
2666 337 8130
2665 338 8129
2664 339 8128
2663 340 8127
2662 341 8126
2661 342 8125
2660 343 8124
2659 344 8123
2658 345 8122
2657 346 8121
2656 347 8120
2655 348 8119
2654 349 8118
2653 350 8117
2652 351 8116
2651 352 8115
2650 353 8114
2649 354 8113
2648 355 8112
2647 356 8111
2646 357 8110
2645 358 8109
2644 359 8108
2643 360 8107
2642 361 8106
2641 362 8105
2640 363 8104
2639 364 8103
2638 365 8102
2637 366 8101
2636 367 8100
2635 368 8099
2634 369 8098
2633 370 8097
2632 371 8096
2631 372 8095
2630 373 8094
2629 374 8093
2628 375 8092
2627 376 8091
2626 377 8090
2625 378 8089
2624 379 8088
2623 380 8087
2622 381 8086
2621 382 8085
2620 383 8084
2619 384 8083
2618 385 8082
2617 386 8081
2616 387 8080
2615 388 8079
2614 389 8078
2613 390 8077
2612 391 8076
2611 392 8075
2610 393 8074
2609 394 8073
2608 395 8072
2607 396 8071
2606 397 8070
2605 398 8069
2604 399 8068
2603 400 8067
2602 401 8066
2601 402 8065
2600 403 8064
2599 404 8063
2598 405 8062
2597 406 8061
2596 407 8060
2595 408 8059
2594 409 8058
2593 410 8057
2592 411 8056
2591 412 8055
2590 413 8054
2589 414 8053
2588 415 8052
2587 416 8051
2586 417 8050
2585 418 8049
2584 419 8048
2583 420 8047
2582 421 8046
2581 422 8045
2580 423 8044
2579 424 8043
2578 425 8042
2577 426 8041
2576 427 8040
2575 428 8039
2574 429 8038
2573 430 8037
2572 431 8036
2571 432 8035
2570 433 8034
2569 434 8033
2568 435 8032
2567 436 8031
2566 437 8030
2565 438 8029
2564 439 8028
2563 440 8027
2562 441 8026
2561 442 8025
2560 443 8024
2559 444 8023
2558 445 8022
2557 446 8021
2556 447 8020
2555 448 8019
2554 449 8018
2553 450 8017
2552 451 8016
2551 452 8015
2550 453 8014
2549 454 8013
2548 455 8012
2547 456 8011
2546 457 8010
2545 458 8009
2544 459 8008
2543 460 8007
2542 461 8006
2541 462 8005
2540 463 8004
2539 464 8003
2538 465 8002
2537 466 8001
2536 467 8000
2535 468 7999
2534 469 7998
2533 470 7997
2532 471 7996
2531 472 7995
2530 473 7994
2529 474 7993
2528 475 7992
2527 476 7991
2526 477 7990
2525 478 7989
2524 479 7988
2523 480 7987
2522 481 7986
2521 482 7985
2520 483 7984
2519 484 7983
2518 485 7982
2517 486 7981
2516 487 7980
2515 488 7979
2514 489 7978
2513 490 7977
2512 491 7976
2511 492 7975
2510 493 7974
2509 494 7973
2508 495 7972
2507 496 7971
2506 497 7970
2505 498 7969
2504 499 7968
2503 500 7967
2502 501 7966
2501 502 7965
2500 503 7964
2499 504 7963
2498 505 7962
2497 506 7961
2496 507 7960
2495 508 7959
2494 509 7958
2493 510 7957
2492 511 7956
2491 512 7955
2490 513 7954
2489 514 7953
2488 515 7952
2487 516 7951
2486 517 7950
2485 518 7949
2484 519 7948
2483 520 7947
2482 521 7946
2481 522 7945
2480 523 7944
2479 524 7943
2478 525 7942
2477 526 7941
2476 527 7940
2475 528 7939
2474 529 7938
2473 530 7937
2472 531 7936
2471 532 7935
2470 533 7934
2469 534 7933
2468 535 7932
2467 536 7931
2466 537 7930
2465 538 7929
2464 539 7928
2463 540 7927
2462 541 7926
2461 542 7925
2460 543 7924
2459 544 7923
2458 545 7922
2457 546 7921
2456 547 7920
2455 548 7919
2454 549 7918
2453 550 7917
2452 551 7916
2451 552 7915
2450 553 7914
2449 554 7913
2448 555 7912
2447 556 7911
2446 557 7910
2445 558 7909
2444 559 7908
2443 560 7907
2442 561 7906
2441 562 7905
2440 563 7904
2439 564 7903
2438 565 7902
2437 566 7901
2436 567 7900
2435 568 7899
2434 569 7898
2433 570 7897
2432 571 7896
2431 572 7895
2430 573 7894
2429 574 7893
2428 575 7892
2427 576 7891
2426 577 7890
2425 578 7889
2424 579 7888
2423 580 7887
2422 581 7886
2421 582 7885
2420 583 7884
2419 584 7883
2418 585 7882
2417 586 7881
2416 587 7880
2415 588 7879
2414 589 7878
2413 590 7877
2412 591 7876
2411 592 7875
2410 593 7874
2409 594 7873
2408 595 7872
2407 596 7871
2406 597 7870
2405 598 7869
2404 599 7868
2403 600 7867
2402 601 7866
2401 602 7865
2400 603 7864
2399 604 7863
2398 605 7862
2397 606 7861
2396 607 7860
2395 608 7859
2394 609 7858
2393 610 7857
2392 611 7856
2391 612 7855
2390 613 7854
2389 614 7853
2388 615 7852
2387 616 7851
2386 617 7850
2385 618 7849
2384 619 7848
2383 620 7847
2382 621 7846
2381 622 7845
2380 623 7844
2379 624 7843
2378 625 7842
2377 626 7841
2376 627 7840
2375 628 7839
2374 629 7838
2373 630 7837
2372 631 7836
2371 632 7835
2370 633 7834
2369 634 7833
2368 635 7832
2367 636 7831
2366 637 7830
2365 638 7829
2364 639 7828
2363 640 7827
2362 641 7826
2361 642 7825
2360 643 7824
2359 644 7823
2358 645 7822
2357 646 7821
2356 647 7820
2355 648 7819
2354 649 7818
2353 650 7817
2352 651 7816
2351 652 7815
2350 653 7814
2349 654 7813
2348 655 7812
2347 656 7811
2346 657 7810
2345 658 7809
2344 659 7808
2343 660 7807
2342 661 7806
2341 662 7805
2340 663 7804
2339 664 7803
2338 665 7802
2337 666 7801
2336 667 7800
2335 668 7799
2334 669 7798
2333 670 7797
2332 671 7796
2331 672 7795
2330 673 7794
2329 674 7793
2328 675 7792
2327 676 7791
2326 677 7790
2325 678 7789
2324 679 7788
2323 680 7787
2322 681 7786
2321 682 7785
2320 683 7784
2319 684 7783
2318 685 7782
2317 686 7781
2316 687 7780
2315 688 7779
2314 689 7778
2313 690 7777
2312 691 7776
2311 692 7775
2310 693 7774
2309 694 7773
2308 695 7772
2307 696 7771
2306 697 7770
2305 698 7769
2304 699 7768
2303 700 7767
2302 701 7766
2301 702 7765
2300 703 7764
2299 704 7763
2298 705 7762
2297 706 7761
2296 707 7760
2295 708 7759
2294 709 7758
2293 710 7757
2292 711 7756
2291 712 7755
2290 713 7754
2289 714 7753
2288 715 7752
2287 716 7751
2286 717 7750
2285 718 7749
2284 719 7748
2283 720 7747
2282 721 7746
2281 722 7745
2280 723 7744
2279 724 7743
2278 725 7742
2277 726 7741
2276 727 7740
2275 728 7739
2274 729 7738
2273 730 7737
2272 731 7736
2271 732 7735
2270 733 7734
2269 734 7733
2268 735 7732
2267 736 7731
2266 737 7730
2265 738 7729
2264 739 7728
2263 740 7727
2262 741 7726
2261 742 7725
2260 743 7724
2259 744 7723
2258 745 7722
2257 746 7721
2256 747 7720
2255 748 7719
2254 749 7718
2253 750 7717
2252 751 7716
2251 752 7715
2250 753 7714
2249 754 7713
2248 755 7712
2247 756 7711
2246 757 7710
2245 758 7709
2244 759 7708
2243 760 7707
2242 761 7706
2241 762 7705
2240 763 7704
2239 764 7703
2238 765 7702
2237 766 7701
2236 767 7700
2235 768 7699
2234 769 7698
2233 770 7697
2232 771 7696
2231 772 7695
2230 773 7694
2229 774 7693
2228 775 7692
2227 776 7691
2226 777 7690
2225 778 7689
2224 779 7688
2223 780 7687
2222 781 7686
2221 782 7685
2220 783 7684
2219 784 7683
2218 785 7682
2217 786 7681
2216 787 7680
2215 788 7679
2214 789 7678
2213 790 7677
2212 791 7676
2211 792 7675
2210 793 7674
2209 794 7673
2208 795 7672
2207 796 7671
2206 797 7670
2205 798 7669
2204 799 7668
2203 800 7667
2202 801 7666
2201 802 7665
2200 803 7664
2199 804 7663
2198 805 7662
2197 806 7661
2196 807 7660
2195 808 7659
2194 809 7658
2193 810 7657
2192 811 7656
2191 812 7655
2190 813 7654
2189 814 7653
2188 815 7652
2187 816 7651
2186 817 7650
2185 818 7649
2184 819 7648
2183 820 7647
2182 821 7646
2181 822 7645
2180 823 7644
2179 824 7643
2178 825 7642
2177 826 7641
2176 827 7640
2175 828 7639
2174 829 7638
2173 830 7637
2172 831 7636
2171 832 7635
2170 833 7634
2169 834 7633
2168 835 7632
2167 836 7631
2166 837 7630
2165 838 7629
2164 839 7628
2163 840 7627
2162 841 7626
2161 842 7625
2160 843 7624
2159 844 7623
2158 845 7622
2157 846 7621
2156 847 7620
2155 848 7619
2154 849 7618
2153 850 7617
2152 851 7616
2151 852 7615
2150 853 7614
2149 854 7613
2148 855 7612
2147 856 7611
2146 857 7610
2145 858 7609
2144 859 7608
2143 860 7607
2142 861 7606
2141 862 7605
2140 863 7604
2139 864 7603
2138 865 7602
2137 866 7601
2136 867 7600
2135 868 7599
2134 869 7598
2133 870 7597
2132 871 7596
2131 872 7595
2130 873 7594
2129 874 7593
2128 875 7592
2127 876 7591
2126 877 7590
2125 878 7589
2124 879 7588
2123 880 7587
2122 881 7586
2121 882 7585
2120 883 7584
2119 884 7583
2118 885 7582
2117 886 7581
2116 887 7580
2115 888 7579
2114 889 7578
2113 890 7577
2112 891 7576
2111 892 7575
2110 893 7574
2109 894 7573
2108 895 7572
2107 896 7571
2106 897 7570
2105 898 7569
2104 899 7568
2103 900 7567
2102 901 7566
2101 902 7565
2100 903 7564
2099 904 7563
2098 905 7562
2097 906 7561
2096 907 7560
2095 908 7559
2094 909 7558
2093 910 7557
2092 911 7556
2091 912 7555
2090 913 7554
2089 914 7553
2088 915 7552
2087 916 7551
2086 917 7550
2085 918 7549
2084 919 7548
2083 920 7547
2082 921 7546
2081 922 7545
2080 923 7544
2079 924 7543
2078 925 7542
2077 926 7541
2076 927 7540
2075 928 7539
2074 929 7538
2073 930 7537
2072 931 7536
2071 932 7535
2070 933 7534
2069 934 7533
2068 935 7532
2067 936 7531
2066 937 7530
2065 938 7529
2064 939 7528
2063 940 7527
2062 941 7526
2061 942 7525
2060 943 7524
2059 944 7523
2058 945 7522
2057 946 7521
2056 947 7520
2055 948 7519
2054 949 7518
2053 950 7517
2052 951 7516
2051 952 7515
2050 953 7514
2049 954 7513
2048 955 7512
2047 956 7511
2046 957 7510
2045 958 7509
2044 959 7508
2043 960 7507
2042 961 7506
2041 962 7505
2040 963 7504
2039 964 7503
2038 965 7502
2037 966 7501
2036 967 7500
2035 968 7499
2034 969 7498
2033 970 7497
2032 971 7496
2031 972 7495
2030 973 7494
2029 974 7493
2028 975 7492
2027 976 7491
2026 977 7490
2025 978 7489
2024 979 7488
2023 980 7487
2022 981 7486
2021 982 7485
2020 983 7484
2019 984 7483
2018 985 7482
2017 986 7481
2016 987 7480
2015 988 7479
2014 989 7478
2013 990 7477
2012 991 7476
2011 992 7475
2010 993 7474
2009 994 7473
2008 995 7472
2007 996 7471
2006 997 7470
2005 998 7469
2004 999 7468
2003 1000 7467
2002 1001 7466
2001 1002 7465
2000 1003 7464
1999 1004 7463
1998 1005 7462
1997 1006 7461
1996 1007 7460
1995 1008 7459
1994 1009 7458
1993 1010 7457
1992 1011 7456
1991 1012 7455
1990 1013 7454
1989 1014 7453
1988 1015 7452
1987 1016 7451
1986 1017 7450
1985 1018 7449
1984 1019 7448
1983 1020 7447
1982 1021 7446
1981 1022 7445
1980 1023 7444
1979 1024 7443
1978 1025 7442
1977 1026 7441
1976 1027 7440
1975 1028 7439
1974 1029 7438
1973 1030 7437
1972 1031 7436
1971 1032 7435
1970 1033 7434
1969 1034 7433
1968 1035 7432
1967 1036 7431
1966 1037 7430
1965 1038 7429
1964 1039 7428
1963 1040 7427
1962 1041 7426
1961 1042 7425
1960 1043 7424
1959 1044 7423
1958 1045 7422
1957 1046 7421
1956 1047 7420
1955 1048 7419
1954 1049 7418
1953 1050 7417
1952 1051 7416
1951 1052 7415
1950 1053 7414
1949 1054 7413
1948 1055 7412
1947 1056 7411
1946 1057 7410
1945 1058 7409
1944 1059 7408
1943 1060 7407
1942 1061 7406
1941 1062 7405
1940 1063 7404
1939 1064 7403
1938 1065 7402
1937 1066 7401
1936 1067 7400
1935 1068 7399
1934 1069 7398
1933 1070 7397
1932 1071 7396
1931 1072 7395
1930 1073 7394
1929 1074 7393
1928 1075 7392
1927 1076 7391
1926 1077 7390
1925 1078 7389
1924 1079 7388
1923 1080 7387
1922 1081 7386
1921 1082 7385
1920 1083 7384
1919 1084 7383
1918 1085 7382
1917 1086 7381
1916 1087 7380
1915 1088 7379
1914 1089 7378
1913 1090 7377
1912 1091 7376
1911 1092 7375
1910 1093 7374
1909 1094 7373
1908 1095 7372
1907 1096 7371
1906 1097 7370
1905 1098 7369
1904 1099 7368
1903 1100 7367
1902 1101 7366
1901 1102 7365
1900 1103 7364
1899 1104 7363
1898 1105 7362
1897 1106 7361
1896 1107 7360
1895 1108 7359
1894 1109 7358
1893 1110 7357
1892 1111 7356
1891 1112 7355
1890 1113 7354
1889 1114 7353
1888 1115 7352
1887 1116 7351
1886 1117 7350
1885 1118 7349
1884 1119 7348
1883 1120 7347
1882 1121 7346
1881 1122 7345
1880 1123 7344
1879 1124 7343
1878 1125 7342
1877 1126 7341
1876 1127 7340
1875 1128 7339
1874 1129 7338
1873 1130 7337
1872 1131 7336
1871 1132 7335
1870 1133 7334
1869 1134 7333
1868 1135 7332
1867 1136 7331
1866 1137 7330
1865 1138 7329
1864 1139 7328
1863 1140 7327
1862 1141 7326
1861 1142 7325
1860 1143 7324
1859 1144 7323
1858 1145 7322
1857 1146 7321
1856 1147 7320
1855 1148 7319
1854 1149 7318
1853 1150 7317
1852 1151 7316
1851 1152 7315
1850 1153 7314
1849 1154 7313
1848 1155 7312
1847 1156 7311
1846 1157 7310
1845 1158 7309
1844 1159 7308
1843 1160 7307
1842 1161 7306
1841 1162 7305
1840 1163 7304
1839 1164 7303
1838 1165 7302
1837 1166 7301
1836 1167 7300
1835 1168 7299
1834 1169 7298
1833 1170 7297
1832 1171 7296
1831 1172 7295
1830 1173 7294
1829 1174 7293
1828 1175 7292
1827 1176 7291
1826 1177 7290
1825 1178 7289
1824 1179 7288
1823 1180 7287
1822 1181 7286
1821 1182 7285
1820 1183 7284
1819 1184 7283
1818 1185 7282
1817 1186 7281
1816 1187 7280
1815 1188 7279
1814 1189 7278
1813 1190 7277
1812 1191 7276
1811 1192 7275
1810 1193 7274
1809 1194 7273
1808 1195 7272
1807 1196 7271
1806 1197 7270
1805 1198 7269
1804 1199 7268
1803 1200 7267
1802 1201 7266
1801 1202 7265
1800 1203 7264
1799 1204 7263
1798 1205 7262
1797 1206 7261
1796 1207 7260
1795 1208 7259
1794 1209 7258
1793 1210 7257
1792 1211 7256
1791 1212 7255
1790 1213 7254
1789 1214 7253
1788 1215 7252
1787 1216 7251
1786 1217 7250
1785 1218 7249
1784 1219 7248
1783 1220 7247
1782 1221 7246
1781 1222 7245
1780 1223 7244
1779 1224 7243
1778 1225 7242
1777 1226 7241
1776 1227 7240
1775 1228 7239
1774 1229 7238
1773 1230 7237
1772 1231 7236
1771 1232 7235
1770 1233 7234
1769 1234 7233
1768 1235 7232
1767 1236 7231
1766 1237 7230
1765 1238 7229
1764 1239 7228
1763 1240 7227
1762 1241 7226
1761 1242 7225
1760 1243 7224
1759 1244 7223
1758 1245 7222
1757 1246 7221
1756 1247 7220
1755 1248 7219
1754 1249 7218
1753 1250 7217
1752 1251 7216
1751 1252 7215
1750 1253 7214
1749 1254 7213
1748 1255 7212
1747 1256 7211
1746 1257 7210
1745 1258 7209
1744 1259 7208
1743 1260 7207
1742 1261 7206
1741 1262 7205
1740 1263 7204
1739 1264 7203
1738 1265 7202
1737 1266 7201
1736 1267 7200
1735 1268 7199
1734 1269 7198
1733 1270 7197
1732 1271 7196
1731 1272 7195
1730 1273 7194
1729 1274 7193
1728 1275 7192
1727 1276 7191
1726 1277 7190
1725 1278 7189
1724 1279 7188
1723 1280 7187
1722 1281 7186
1721 1282 7185
1720 1283 7184
1719 1284 7183
1718 1285 7182
1717 1286 7181
1716 1287 7180
1715 1288 7179
1714 1289 7178
1713 1290 7177
1712 1291 7176
1711 1292 7175
1710 1293 7174
1709 1294 7173
1708 1295 7172
1707 1296 7171
1706 1297 7170
1705 1298 7169
1704 1299 7168
1703 1300 7167
1702 1301 7166
1701 1302 7165
1700 1303 7164
1699 1304 7163
1698 1305 7162
1697 1306 7161
1696 1307 7160
1695 1308 7159
1694 1309 7158
1693 1310 7157
1692 1311 7156
1691 1312 7155
1690 1313 7154
1689 1314 7153
1688 1315 7152
1687 1316 7151
1686 1317 7150
1685 1318 7149
1684 1319 7148
1683 1320 7147
1682 1321 7146
1681 1322 7145
1680 1323 7144
1679 1324 7143
1678 1325 7142
1677 1326 7141
1676 1327 7140
1675 1328 7139
1674 1329 7138
1673 1330 7137
1672 1331 7136
1671 1332 7135
1670 1333 7134
1669 1334 7133
1668 1335 7132
1667 1336 7131
1666 1337 7130
1665 1338 7129
1664 1339 7128
1663 1340 7127
1662 1341 7126
1661 1342 7125
1660 1343 7124
1659 1344 7123
1658 1345 7122
1657 1346 7121
1656 1347 7120
1655 1348 7119
1654 1349 7118
1653 1350 7117
1652 1351 7116
1651 1352 7115
1650 1353 7114
1649 1354 7113
1648 1355 7112
1647 1356 7111
1646 1357 7110
1645 1358 7109
1644 1359 7108
1643 1360 7107
1642 1361 7106
1641 1362 7105
1640 1363 7104
1639 1364 7103
1638 1365 7102
1637 1366 7101
1636 1367 7100
1635 1368 7099
1634 1369 7098
1633 1370 7097
1632 1371 7096
1631 1372 7095
1630 1373 7094
1629 1374 7093
1628 1375 7092
1627 1376 7091
1626 1377 7090
1625 1378 7089
1624 1379 7088
1623 1380 7087
1622 1381 7086
1621 1382 7085
1620 1383 7084
1619 1384 7083
1618 1385 7082
1617 1386 7081
1616 1387 7080
1615 1388 7079
1614 1389 7078
1613 1390 7077
1612 1391 7076
1611 1392 7075
1610 1393 7074
1609 1394 7073
1608 1395 7072
1607 1396 7071
1606 1397 7070
1605 1398 7069
1604 1399 7068
1603 1400 7067
1602 1401 7066
1601 1402 7065
1600 1403 7064
1599 1404 7063
1598 1405 7062
1597 1406 7061
1596 1407 7060
1595 1408 7059
1594 1409 7058
1593 1410 7057
1592 1411 7056
1591 1412 7055
1590 1413 7054
1589 1414 7053
1588 1415 7052
1587 1416 7051
1586 1417 7050
1585 1418 7049
1584 1419 7048
1583 1420 7047
1582 1421 7046
1581 1422 7045
1580 1423 7044
1579 1424 7043
1578 1425 7042
1577 1426 7041
1576 1427 7040
1575 1428 7039
1574 1429 7038
1573 1430 7037
1572 1431 7036
1571 1432 7035
1570 1433 7034
1569 1434 7033
1568 1435 7032
1567 1436 7031
1566 1437 7030
1565 1438 7029
1564 1439 7028
1563 1440 7027
1562 1441 7026
1561 1442 7025
1560 1443 7024
1559 1444 7023
1558 1445 7022
1557 1446 7021
1556 1447 7020
1555 1448 7019
1554 1449 7018
1553 1450 7017
1552 1451 7016
1551 1452 7015
1550 1453 7014
1549 1454 7013
1548 1455 7012
1547 1456 7011
1546 1457 7010
1545 1458 7009
1544 1459 7008
1543 1460 7007
1542 1461 7006
1541 1462 7005
1540 1463 7004
1539 1464 7003
1538 1465 7002
1537 1466 7001
1536 1467 7000
1535 1468 6999
1534 1469 6998
1533 1470 6997
1532 1471 6996
1531 1472 6995
1530 1473 6994
1529 1474 6993
1528 1475 6992
1527 1476 6991
1526 1477 6990
1525 1478 6989
1524 1479 6988
1523 1480 6987
1522 1481 6986
1521 1482 6985
1520 1483 6984
1519 1484 6983
1518 1485 6982
1517 1486 6981
1516 1487 6980
1515 1488 6979
1514 1489 6978
1513 1490 6977
1512 1491 6976
1511 1492 6975
1510 1493 6974
1509 1494 6973
1508 1495 6972
1507 1496 6971
1506 1497 6970
1505 1498 6969
1504 1499 6968
1503 1500 6967
1502 1501 6966
1501 1502 6965
1500 1503 6964
1499 1504 6963
1498 1505 6962
1497 1506 6961
1496 1507 6960
1495 1508 6959
1494 1509 6958
1493 1510 6957
1492 1511 6956
1491 1512 6955
1490 1513 6954
1489 1514 6953
1488 1515 6952
1487 1516 6951
1486 1517 6950
1485 1518 6949
1484 1519 6948
1483 1520 6947
1482 1521 6946
1481 1522 6945
1480 1523 6944
1479 1524 6943
1478 1525 6942
1477 1526 6941
1476 1527 6940
1475 1528 6939
1474 1529 6938
1473 1530 6937
1472 1531 6936
1471 1532 6935
1470 1533 6934
1469 1534 6933
1468 1535 6932
1467 1536 6931
1466 1537 6930
1465 1538 6929
1464 1539 6928
1463 1540 6927
1462 1541 6926
1461 1542 6925
1460 1543 6924
1459 1544 6923
1458 1545 6922
1457 1546 6921
1456 1547 6920
1455 1548 6919
1454 1549 6918
1453 1550 6917
1452 1551 6916
1451 1552 6915
1450 1553 6914
1449 1554 6913
1448 1555 6912
1447 1556 6911
1446 1557 6910
1445 1558 6909
1444 1559 6908
1443 1560 6907
1442 1561 6906
1441 1562 6905
1440 1563 6904
1439 1564 6903
1438 1565 6902
1437 1566 6901
1436 1567 6900
1435 1568 6899
1434 1569 6898
1433 1570 6897
1432 1571 6896
1431 1572 6895
1430 1573 6894
1429 1574 6893
1428 1575 6892
1427 1576 6891
1426 1577 6890
1425 1578 6889
1424 1579 6888
1423 1580 6887
1422 1581 6886
1421 1582 6885
1420 1583 6884
1419 1584 6883
1418 1585 6882
1417 1586 6881
1416 1587 6880
1415 1588 6879
1414 1589 6878
1413 1590 6877
1412 1591 6876
1411 1592 6875
1410 1593 6874
1409 1594 6873
1408 1595 6872
1407 1596 6871
1406 1597 6870
1405 1598 6869
1404 1599 6868
1403 1600 6867
1402 1601 6866
1401 1602 6865
1400 1603 6864
1399 1604 6863
1398 1605 6862
1397 1606 6861
1396 1607 6860
1395 1608 6859
1394 1609 6858
1393 1610 6857
1392 1611 6856
1391 1612 6855
1390 1613 6854
1389 1614 6853
1388 1615 6852
1387 1616 6851
1386 1617 6850
1385 1618 6849
1384 1619 6848
1383 1620 6847
1382 1621 6846
1381 1622 6845
1380 1623 6844
1379 1624 6843
1378 1625 6842
1377 1626 6841
1376 1627 6840
1375 1628 6839
1374 1629 6838
1373 1630 6837
1372 1631 6836
1371 1632 6835
1370 1633 6834
1369 1634 6833
1368 1635 6832
1367 1636 6831
1366 1637 6830
1365 1638 6829
1364 1639 6828
1363 1640 6827
1362 1641 6826
1361 1642 6825
1360 1643 6824
1359 1644 6823
1358 1645 6822
1357 1646 6821
1356 1647 6820
1355 1648 6819
1354 1649 6818
1353 1650 6817
1352 1651 6816
1351 1652 6815
1350 1653 6814
1349 1654 6813
1348 1655 6812
1347 1656 6811
1346 1657 6810
1345 1658 6809
1344 1659 6808
1343 1660 6807
1342 1661 6806
1341 1662 6805
1340 1663 6804
1339 1664 6803
1338 1665 6802
1337 1666 6801
1336 1667 6800
1335 1668 6799
1334 1669 6798
1333 1670 6797
1332 1671 6796
1331 1672 6795
1330 1673 6794
1329 1674 6793
1328 1675 6792
1327 1676 6791
1326 1677 6790
1325 1678 6789
1324 1679 6788
1323 1680 6787
1322 1681 6786
1321 1682 6785
1320 1683 6784
1319 1684 6783
1318 1685 6782
1317 1686 6781
1316 1687 6780
1315 1688 6779
1314 1689 6778
1313 1690 6777
1312 1691 6776
1311 1692 6775
1310 1693 6774
1309 1694 6773
1308 1695 6772
1307 1696 6771
1306 1697 6770
1305 1698 6769
1304 1699 6768
1303 1700 6767
1302 1701 6766
1301 1702 6765
1300 1703 6764
1299 1704 6763
1298 1705 6762
1297 1706 6761
1296 1707 6760
1295 1708 6759
1294 1709 6758
1293 1710 6757
1292 1711 6756
1291 1712 6755
1290 1713 6754
1289 1714 6753
1288 1715 6752
1287 1716 6751
1286 1717 6750
1285 1718 6749
1284 1719 6748
1283 1720 6747
1282 1721 6746
1281 1722 6745
1280 1723 6744
1279 1724 6743
1278 1725 6742
1277 1726 6741
1276 1727 6740
1275 1728 6739
1274 1729 6738
1273 1730 6737
1272 1731 6736
1271 1732 6735
1270 1733 6734
1269 1734 6733
1268 1735 6732
1267 1736 6731
1266 1737 6730
1265 1738 6729
1264 1739 6728
1263 1740 6727
1262 1741 6726
1261 1742 6725
1260 1743 6724
1259 1744 6723
1258 1745 6722
1257 1746 6721
1256 1747 6720
1255 1748 6719
1254 1749 6718
1253 1750 6717
1252 1751 6716
1251 1752 6715
1250 1753 6714
1249 1754 6713
1248 1755 6712
1247 1756 6711
1246 1757 6710
1245 1758 6709
1244 1759 6708
1243 1760 6707
1242 1761 6706
1241 1762 6705
1240 1763 6704
1239 1764 6703
1238 1765 6702
1237 1766 6701
1236 1767 6700
1235 1768 6699
1234 1769 6698
1233 1770 6697
1232 1771 6696
1231 1772 6695
1230 1773 6694
1229 1774 6693
1228 1775 6692
1227 1776 6691
1226 1777 6690
1225 1778 6689
1224 1779 6688
1223 1780 6687
1222 1781 6686
1221 1782 6685
1220 1783 6684
1219 1784 6683
1218 1785 6682
1217 1786 6681
1216 1787 6680
1215 1788 6679
1214 1789 6678
1213 1790 6677
1212 1791 6676
1211 1792 6675
1210 1793 6674
1209 1794 6673
1208 1795 6672
1207 1796 6671
1206 1797 6670
1205 1798 6669
1204 1799 6668
1203 1800 6667
1202 1801 6666
1201 1802 6665
1200 1803 6664
1199 1804 6663
1198 1805 6662
1197 1806 6661
1196 1807 6660
1195 1808 6659
1194 1809 6658
1193 1810 6657
1192 1811 6656
1191 1812 6655
1190 1813 6654
1189 1814 6653
1188 1815 6652
1187 1816 6651
1186 1817 6650
1185 1818 6649
1184 1819 6648
1183 1820 6647
1182 1821 6646
1181 1822 6645
1180 1823 6644
1179 1824 6643
1178 1825 6642
1177 1826 6641
1176 1827 6640
1175 1828 6639
1174 1829 6638
1173 1830 6637
1172 1831 6636
1171 1832 6635
1170 1833 6634
1169 1834 6633
1168 1835 6632
1167 1836 6631
1166 1837 6630
1165 1838 6629
1164 1839 6628
1163 1840 6627
1162 1841 6626
1161 1842 6625
1160 1843 6624
1159 1844 6623
1158 1845 6622
1157 1846 6621
1156 1847 6620
1155 1848 6619
1154 1849 6618
1153 1850 6617
1152 1851 6616
1151 1852 6615
1150 1853 6614
1149 1854 6613
1148 1855 6612
1147 1856 6611
1146 1857 6610
1145 1858 6609
1144 1859 6608
1143 1860 6607
1142 1861 6606
1141 1862 6605
1140 1863 6604
1139 1864 6603
1138 1865 6602
1137 1866 6601
1136 1867 6600
1135 1868 6599
1134 1869 6598
1133 1870 6597
1132 1871 6596
1131 1872 6595
1130 1873 6594
1129 1874 6593
1128 1875 6592
1127 1876 6591
1126 1877 6590
1125 1878 6589
1124 1879 6588
1123 1880 6587
1122 1881 6586
1121 1882 6585
1120 1883 6584
1119 1884 6583
1118 1885 6582
1117 1886 6581
1116 1887 6580
1115 1888 6579
1114 1889 6578
1113 1890 6577
1112 1891 6576
1111 1892 6575
1110 1893 6574
1109 1894 6573
1108 1895 6572
1107 1896 6571
1106 1897 6570
1105 1898 6569
1104 1899 6568
1103 1900 6567
1102 1901 6566
1101 1902 6565
1100 1903 6564
1099 1904 6563
1098 1905 6562
1097 1906 6561
1096 1907 6560
1095 1908 6559
1094 1909 6558
1093 1910 6557
1092 1911 6556
1091 1912 6555
1090 1913 6554
1089 1914 6553
1088 1915 6552
1087 1916 6551
1086 1917 6550
1085 1918 6549
1084 1919 6548
1083 1920 6547
1082 1921 6546
1081 1922 6545
1080 1923 6544
1079 1924 6543
1078 1925 6542
1077 1926 6541
1076 1927 6540
1075 1928 6539
1074 1929 6538
1073 1930 6537
1072 1931 6536
1071 1932 6535
1070 1933 6534
1069 1934 6533
1068 1935 6532
1067 1936 6531
1066 1937 6530
1065 1938 6529
1064 1939 6528
1063 1940 6527
1062 1941 6526
1061 1942 6525
1060 1943 6524
1059 1944 6523
1058 1945 6522
1057 1946 6521
1056 1947 6520
1055 1948 6519
1054 1949 6518
1053 1950 6517
1052 1951 6516
1051 1952 6515
1050 1953 6514
1049 1954 6513
1048 1955 6512
1047 1956 6511
1046 1957 6510
1045 1958 6509
1044 1959 6508
1043 1960 6507
1042 1961 6506
1041 1962 6505
1040 1963 6504
1039 1964 6503
1038 1965 6502
1037 1966 6501
1036 1967 6500
1035 1968 6499
1034 1969 6498
1033 1970 6497
1032 1971 6496
1031 1972 6495
1030 1973 6494
1029 1974 6493
1028 1975 6492
1027 1976 6491
1026 1977 6490
1025 1978 6489
1024 1979 6488
1023 1980 6487
1022 1981 6486
1021 1982 6485
1020 1983 6484
1019 1984 6483
1018 1985 6482
1017 1986 6481
1016 1987 6480
1015 1988 6479
1014 1989 6478
1013 1990 6477
1012 1991 6476
1011 1992 6475
1010 1993 6474
1009 1994 6473
1008 1995 6472
1007 1996 6471
1006 1997 6470
1005 1998 6469
1004 1999 6468
1003 2000 6467
1002 2001 6466
1001 2002 6465
1000 2003 6464
999 2004 6463
998 2005 6462
997 2006 6461
996 2007 6460
995 2008 6459
994 2009 6458
993 2010 6457
992 2011 6456
991 2012 6455
990 2013 6454
989 2014 6453
988 2015 6452
987 2016 6451
986 2017 6450
985 2018 6449
984 2019 6448
983 2020 6447
982 2021 6446
981 2022 6445
980 2023 6444
979 2024 6443
978 2025 6442
977 2026 6441
976 2027 6440
975 2028 6439
974 2029 6438
973 2030 6437
972 2031 6436
971 2032 6435
970 2033 6434
969 2034 6433
968 2035 6432
967 2036 6431
966 2037 6430
965 2038 6429
964 2039 6428
963 2040 6427
962 2041 6426
961 2042 6425
960 2043 6424
959 2044 6423
958 2045 6422
957 2046 6421
956 2047 6420
955 2048 6419
954 2049 6418
953 2050 6417
952 2051 6416
951 2052 6415
950 2053 6414
949 2054 6413
948 2055 6412
947 2056 6411
946 2057 6410
945 2058 6409
944 2059 6408
943 2060 6407
942 2061 6406
941 2062 6405
940 2063 6404
939 2064 6403
938 2065 6402
937 2066 6401
936 2067 6400
935 2068 6399
934 2069 6398
933 2070 6397
932 2071 6396
931 2072 6395
930 2073 6394
929 2074 6393
928 2075 6392
927 2076 6391
926 2077 6390
925 2078 6389
924 2079 6388
923 2080 6387
922 2081 6386
921 2082 6385
920 2083 6384
919 2084 6383
918 2085 6382
917 2086 6381
916 2087 6380
915 2088 6379
914 2089 6378
913 2090 6377
912 2091 6376
911 2092 6375
910 2093 6374
909 2094 6373
908 2095 6372
907 2096 6371
906 2097 6370
905 2098 6369
904 2099 6368
903 2100 6367
902 2101 6366
901 2102 6365
900 2103 6364
899 2104 6363
898 2105 6362
897 2106 6361
896 2107 6360
895 2108 6359
894 2109 6358
893 2110 6357
892 2111 6356
891 2112 6355
890 2113 6354
889 2114 6353
888 2115 6352
887 2116 6351
886 2117 6350
885 2118 6349
884 2119 6348
883 2120 6347
882 2121 6346
881 2122 6345
880 2123 6344
879 2124 6343
878 2125 6342
877 2126 6341
876 2127 6340
875 2128 6339
874 2129 6338
873 2130 6337
872 2131 6336
871 2132 6335
870 2133 6334
869 2134 6333
868 2135 6332
867 2136 6331
866 2137 6330
865 2138 6329
864 2139 6328
863 2140 6327
862 2141 6326
861 2142 6325
860 2143 6324
859 2144 6323
858 2145 6322
857 2146 6321
856 2147 6320
855 2148 6319
854 2149 6318
853 2150 6317
852 2151 6316
851 2152 6315
850 2153 6314
849 2154 6313
848 2155 6312
847 2156 6311
846 2157 6310
845 2158 6309
844 2159 6308
843 2160 6307
842 2161 6306
841 2162 6305
840 2163 6304
839 2164 6303
838 2165 6302
837 2166 6301
836 2167 6300
835 2168 6299
834 2169 6298
833 2170 6297
832 2171 6296
831 2172 6295
830 2173 6294
829 2174 6293
828 2175 6292
827 2176 6291
826 2177 6290
825 2178 6289
824 2179 6288
823 2180 6287
822 2181 6286
821 2182 6285
820 2183 6284
819 2184 6283
818 2185 6282
817 2186 6281
816 2187 6280
815 2188 6279
814 2189 6278
813 2190 6277
812 2191 6276
811 2192 6275
810 2193 6274
809 2194 6273
808 2195 6272
807 2196 6271
806 2197 6270
805 2198 6269
804 2199 6268
803 2200 6267
802 2201 6266
801 2202 6265
800 2203 6264
799 2204 6263
798 2205 6262
797 2206 6261
796 2207 6260
795 2208 6259
794 2209 6258
793 2210 6257
792 2211 6256
791 2212 6255
790 2213 6254
789 2214 6253
788 2215 6252
787 2216 6251
786 2217 6250
785 2218 6249
784 2219 6248
783 2220 6247
782 2221 6246
781 2222 6245
780 2223 6244
779 2224 6243
778 2225 6242
777 2226 6241
776 2227 6240
775 2228 6239
774 2229 6238
773 2230 6237
772 2231 6236
771 2232 6235
770 2233 6234
769 2234 6233
768 2235 6232
767 2236 6231
766 2237 6230
765 2238 6229
764 2239 6228
763 2240 6227
762 2241 6226
761 2242 6225
760 2243 6224
759 2244 6223
758 2245 6222
757 2246 6221
756 2247 6220
755 2248 6219
754 2249 6218
753 2250 6217
752 2251 6216
751 2252 6215
750 2253 6214
749 2254 6213
748 2255 6212
747 2256 6211
746 2257 6210
745 2258 6209
744 2259 6208
743 2260 6207
742 2261 6206
741 2262 6205
740 2263 6204
739 2264 6203
738 2265 6202
737 2266 6201
736 2267 6200
735 2268 6199
734 2269 6198
733 2270 6197
732 2271 6196
731 2272 6195
730 2273 6194
729 2274 6193
728 2275 6192
727 2276 6191
726 2277 6190
725 2278 6189
724 2279 6188
723 2280 6187
722 2281 6186
721 2282 6185
720 2283 6184
719 2284 6183
718 2285 6182
717 2286 6181
716 2287 6180
715 2288 6179
714 2289 6178
713 2290 6177
712 2291 6176
711 2292 6175
710 2293 6174
709 2294 6173
708 2295 6172
707 2296 6171
706 2297 6170
705 2298 6169
704 2299 6168
703 2300 6167
702 2301 6166
701 2302 6165
700 2303 6164
699 2304 6163
698 2305 6162
697 2306 6161
696 2307 6160
695 2308 6159
694 2309 6158
693 2310 6157
692 2311 6156
691 2312 6155
690 2313 6154
689 2314 6153
688 2315 6152
687 2316 6151
686 2317 6150
685 2318 6149
684 2319 6148
683 2320 6147
682 2321 6146
681 2322 6145
680 2323 6144
679 2324 6143
678 2325 6142
677 2326 6141
676 2327 6140
675 2328 6139
674 2329 6138
673 2330 6137
672 2331 6136
671 2332 6135
670 2333 6134
669 2334 6133
668 2335 6132
667 2336 6131
666 2337 6130
665 2338 6129
664 2339 6128
663 2340 6127
662 2341 6126
661 2342 6125
660 2343 6124
659 2344 6123
658 2345 6122
657 2346 6121
656 2347 6120
655 2348 6119
654 2349 6118
653 2350 6117
652 2351 6116
651 2352 6115
650 2353 6114
649 2354 6113
648 2355 6112
647 2356 6111
646 2357 6110
645 2358 6109
644 2359 6108
643 2360 6107
642 2361 6106
641 2362 6105
640 2363 6104
639 2364 6103
638 2365 6102
637 2366 6101
636 2367 6100
635 2368 6099
634 2369 6098
633 2370 6097
632 2371 6096
631 2372 6095
630 2373 6094
629 2374 6093
628 2375 6092
627 2376 6091
626 2377 6090
625 2378 6089
624 2379 6088
623 2380 6087
622 2381 6086
621 2382 6085
620 2383 6084
619 2384 6083
618 2385 6082
617 2386 6081
616 2387 6080
615 2388 6079
614 2389 6078
613 2390 6077
612 2391 6076
611 2392 6075
610 2393 6074
609 2394 6073
608 2395 6072
607 2396 6071
606 2397 6070
605 2398 6069
604 2399 6068
603 2400 6067
602 2401 6066
601 2402 6065
600 2403 6064
599 2404 6063
598 2405 6062
597 2406 6061
596 2407 6060
595 2408 6059
594 2409 6058
593 2410 6057
592 2411 6056
591 2412 6055
590 2413 6054
589 2414 6053
588 2415 6052
587 2416 6051
586 2417 6050
585 2418 6049
584 2419 6048
583 2420 6047
582 2421 6046
581 2422 6045
580 2423 6044
579 2424 6043
578 2425 6042
577 2426 6041
576 2427 6040
575 2428 6039
574 2429 6038
573 2430 6037
572 2431 6036
571 2432 6035
570 2433 6034
569 2434 6033
568 2435 6032
567 2436 6031
566 2437 6030
565 2438 6029
564 2439 6028
563 2440 6027
562 2441 6026
561 2442 6025
560 2443 6024
559 2444 6023
558 2445 6022
557 2446 6021
556 2447 6020
555 2448 6019
554 2449 6018
553 2450 6017
552 2451 6016
551 2452 6015
550 2453 6014
549 2454 6013
548 2455 6012
547 2456 6011
546 2457 6010
545 2458 6009
544 2459 6008
543 2460 6007
542 2461 6006
541 2462 6005
540 2463 6004
539 2464 6003
538 2465 6002
537 2466 6001
