2730
3000 3 8730
2999 4 8729
2998 5 8728
2997 6 8727
2996 7 8726
2995 8 8725
2994 9 8724
2993 10 8723
2992 11 8722
2991 12 8721
2990 13 8720
2989 14 8719
2988 15 8718
2987 16 8717
2986 17 8716
2985 18 8715
2984 19 8714
2983 20 8713
2982 21 8712
2981 22 8711
2980 23 8710
2979 24 8709
2978 25 8708
2977 26 8707
2976 27 8706
2975 28 8705
2974 29 8704
2973 30 8703
2972 31 8702
2971 32 8701
2970 33 8700
2969 34 8699
2968 35 8698
2967 36 8697
2966 37 8696
2965 38 8695
2964 39 8694
2963 40 8693
2962 41 8692
2961 42 8691
2960 43 8690
2959 44 8689
2958 45 8688
2957 46 8687
2956 47 8686
2955 48 8685
2954 49 8684
2953 50 8683
2952 51 8682
2951 52 8681
2950 53 8680
2949 54 8679
2948 55 8678
2947 56 8677
2946 57 8676
2945 58 8675
2944 59 8674
2943 60 8673
2942 61 8672
2941 62 8671
2940 63 8670
2939 64 8669
2938 65 8668
2937 66 8667
2936 67 8666
2935 68 8665
2934 69 8664
2933 70 8663
2932 71 8662
2931 72 8661
2930 73 8660
2929 74 8659
2928 75 8658
2927 76 8657
2926 77 8656
2925 78 8655
2924 79 8654
2923 80 8653
2922 81 8652
2921 82 8651
2920 83 8650
2919 84 8649
2918 85 8648
2917 86 8647
2916 87 8646
2915 88 8645
2914 89 8644
2913 90 8643
2912 91 8642
2911 92 8641
2910 93 8640
2909 94 8639
2908 95 8638
2907 96 8637
2906 97 8636
2905 98 8635
2904 99 8634
2903 100 8633
2902 101 8632
2901 102 8631
2900 103 8630
2899 104 8629
2898 105 8628
2897 106 8627
2896 107 8626
2895 108 8625
2894 109 8624
2893 110 8623
2892 111 8622
2891 112 8621
2890 113 8620
2889 114 8619
2888 115 8618
2887 116 8617
2886 117 8616
2885 118 8615
2884 119 8614
2883 120 8613
2882 121 8612
2881 122 8611
2880 123 8610
2879 124 8609
2878 125 8608
2877 126 8607
2876 127 8606
2875 128 8605
2874 129 8604
2873 130 8603
2872 131 8602
2871 132 8601
2870 133 8600
2869 134 8599
2868 135 8598
2867 136 8597
2866 137 8596
2865 138 8595
2864 139 8594
2863 140 8593
2862 141 8592
2861 142 8591
2860 143 8590
2859 144 8589
2858 145 8588
2857 146 8587
2856 147 8586
2855 148 8585
2854 149 8584
2853 150 8583
2852 151 8582
2851 152 8581
2850 153 8580
2849 154 8579
2848 155 8578
2847 156 8577
2846 157 8576
2845 158 8575
2844 159 8574
2843 160 8573
2842 161 8572
2841 162 8571
2840 163 8570
2839 164 8569
2838 165 8568
2837 166 8567
2836 167 8566
2835 168 8565
2834 169 8564
2833 170 8563
2832 171 8562
2831 172 8561
2830 173 8560
2829 174 8559
2828 175 8558
2827 176 8557
2826 177 8556
2825 178 8555
2824 179 8554
2823 180 8553
2822 181 8552
2821 182 8551
2820 183 8550
2819 184 8549
2818 185 8548
2817 186 8547
2816 187 8546
2815 188 8545
2814 189 8544
2813 190 8543
2812 191 8542
2811 192 8541
2810 193 8540
2809 194 8539
2808 195 8538
2807 196 8537
2806 197 8536
2805 198 8535
2804 199 8534
2803 200 8533
2802 201 8532
2801 202 8531
2800 203 8530
2799 204 8529
2798 205 8528
2797 206 8527
2796 207 8526
2795 208 8525
2794 209 8524
2793 210 8523
2792 211 8522
2791 212 8521
2790 213 8520
2789 214 8519
2788 215 8518
2787 216 8517
2786 217 8516
2785 218 8515
2784 219 8514
2783 220 8513
2782 221 8512
2781 222 8511
2780 223 8510
2779 224 8509
2778 225 8508
2777 226 8507
2776 227 8506
2775 228 8505
2774 229 8504
2773 230 8503
2772 231 8502
2771 232 8501
2770 233 8500
2769 234 8499
2768 235 8498
2767 236 8497
2766 237 8496
2765 238 8495
2764 239 8494
2763 240 8493
2762 241 8492
2761 242 8491
2760 243 8490
2759 244 8489
2758 245 8488
2757 246 8487
2756 247 8486
2755 248 8485
2754 249 8484
2753 250 8483
2752 251 8482
2751 252 8481
2750 253 8480
2749 254 8479
2748 255 8478
2747 256 8477
2746 257 8476
2745 258 8475
2744 259 8474
2743 260 8473
2742 261 8472
2741 262 8471
2740 263 8470
2739 264 8469
2738 265 8468
2737 266 8467
2736 267 8466
2735 268 8465
2734 269 8464
2733 270 8463
2732 271 8462
2731 272 8461
2730 273 8460
2729 274 8459
2728 275 8458
2727 276 8457
2726 277 8456
2725 278 8455
2724 279 8454
2723 280 8453
2722 281 8452
2721 282 8451
2720 283 8450
2719 284 8449
2718 285 8448
2717 286 8447
2716 287 8446
2715 288 8445
2714 289 8444
2713 290 8443
2712 291 8442
2711 292 8441
2710 293 8440
2709 294 8439
2708 295 8438
2707 296 8437
2706 297 8436
2705 298 8435
2704 299 8434
2703 300 8433
2702 301 8432
2701 302 8431
2700 303 8430
2699 304 8429
2698 305 8428
2697 306 8427
2696 307 8426
2695 308 8425
2694 309 8424
2693 310 8423
2692 311 8422
2691 312 8421
2690 313 8420
2689 314 8419
2688 315 8418
2687 316 8417
2686 317 8416
2685 318 8415
2684 319 8414
2683 320 8413
2682 321 8412
2681 322 8411
2680 323 8410
2679 324 8409
2678 325 8408
2677 326 8407
2676 327 8406
2675 328 8405
2674 329 8404
2673 330 8403
2672 331 8402
2671 332 8401
2670 333 8400
2669 334 8399
2668 335 8398
2667 336 8397
2666 337 8396
2665 338 8395
2664 339 8394
2663 340 8393
2662 341 8392
2661 342 8391
2660 343 8390
2659 344 8389
2658 345 8388
2657 346 8387
2656 347 8386
2655 348 8385
2654 349 8384
2653 350 8383
2652 351 8382
2651 352 8381
2650 353 8380
2649 354 8379
2648 355 8378
2647 356 8377
2646 357 8376
2645 358 8375
2644 359 8374
2643 360 8373
2642 361 8372
2641 362 8371
2640 363 8370
2639 364 8369
2638 365 8368
2637 366 8367
2636 367 8366
2635 368 8365
2634 369 8364
2633 370 8363
2632 371 8362
2631 372 8361
2630 373 8360
2629 374 8359
2628 375 8358
2627 376 8357
2626 377 8356
2625 378 8355
2624 379 8354
2623 380 8353
2622 381 8352
2621 382 8351
2620 383 8350
2619 384 8349
2618 385 8348
2617 386 8347
2616 387 8346
2615 388 8345
2614 389 8344
2613 390 8343
2612 391 8342
2611 392 8341
2610 393 8340
2609 394 8339
2608 395 8338
2607 396 8337
2606 397 8336
2605 398 8335
2604 399 8334
2603 400 8333
2602 401 8332
2601 402 8331
2600 403 8330
2599 404 8329
2598 405 8328
2597 406 8327
2596 407 8326
2595 408 8325
2594 409 8324
2593 410 8323
2592 411 8322
2591 412 8321
2590 413 8320
2589 414 8319
2588 415 8318
2587 416 8317
2586 417 8316
2585 418 8315
2584 419 8314
2583 420 8313
2582 421 8312
2581 422 8311
2580 423 8310
2579 424 8309
2578 425 8308
2577 426 8307
2576 427 8306
2575 428 8305
2574 429 8304
2573 430 8303
2572 431 8302
2571 432 8301
2570 433 8300
2569 434 8299
2568 435 8298
2567 436 8297
2566 437 8296
2565 438 8295
2564 439 8294
2563 440 8293
2562 441 8292
2561 442 8291
2560 443 8290
2559 444 8289
2558 445 8288
2557 446 8287
2556 447 8286
2555 448 8285
2554 449 8284
2553 450 8283
2552 451 8282
2551 452 8281
2550 453 8280
2549 454 8279
2548 455 8278
2547 456 8277
2546 457 8276
2545 458 8275
2544 459 8274
2543 460 8273
2542 461 8272
2541 462 8271
2540 463 8270
2539 464 8269
2538 465 8268
2537 466 8267
2536 467 8266
2535 468 8265
2534 469 8264
2533 470 8263
2532 471 8262
2531 472 8261
2530 473 8260
2529 474 8259
2528 475 8258
2527 476 8257
2526 477 8256
2525 478 8255
2524 479 8254
2523 480 8253
2522 481 8252
2521 482 8251
2520 483 8250
2519 484 8249
2518 485 8248
2517 486 8247
2516 487 8246
2515 488 8245
2514 489 8244
2513 490 8243
2512 491 8242
2511 492 8241
2510 493 8240
2509 494 8239
2508 495 8238
2507 496 8237
2506 497 8236
2505 498 8235
2504 499 8234
2503 500 8233
2502 501 8232
2501 502 8231
2500 503 8230
2499 504 8229
2498 505 8228
2497 506 8227
2496 507 8226
2495 508 8225
2494 509 8224
2493 510 8223
2492 511 8222
2491 512 8221
2490 513 8220
2489 514 8219
2488 515 8218
2487 516 8217
2486 517 8216
2485 518 8215
2484 519 8214
2483 520 8213
2482 521 8212
2481 522 8211
2480 523 8210
2479 524 8209
2478 525 8208
2477 526 8207
2476 527 8206
2475 528 8205
2474 529 8204
2473 530 8203
2472 531 8202
2471 532 8201
2470 533 8200
2469 534 8199
2468 535 8198
2467 536 8197
2466 537 8196
2465 538 8195
2464 539 8194
2463 540 8193
2462 541 8192
2461 542 8191
2460 543 8190
2459 544 8189
2458 545 8188
2457 546 8187
2456 547 8186
2455 548 8185
2454 549 8184
2453 550 8183
2452 551 8182
2451 552 8181
2450 553 8180
2449 554 8179
2448 555 8178
2447 556 8177
2446 557 8176
2445 558 8175
2444 559 8174
2443 560 8173
2442 561 8172
2441 562 8171
2440 563 8170
2439 564 8169
2438 565 8168
2437 566 8167
2436 567 8166
2435 568 8165
2434 569 8164
2433 570 8163
2432 571 8162
2431 572 8161
2430 573 8160
2429 574 8159
2428 575 8158
2427 576 8157
2426 577 8156
2425 578 8155
2424 579 8154
2423 580 8153
2422 581 8152
2421 582 8151
2420 583 8150
2419 584 8149
2418 585 8148
2417 586 8147
2416 587 8146
2415 588 8145
2414 589 8144
2413 590 8143
2412 591 8142
2411 592 8141
2410 593 8140
2409 594 8139
2408 595 8138
2407 596 8137
2406 597 8136
2405 598 8135
2404 599 8134
2403 600 8133
2402 601 8132
2401 602 8131
2400 603 8130
2399 604 8129
2398 605 8128
2397 606 8127
2396 607 8126
2395 608 8125
2394 609 8124
2393 610 8123
2392 611 8122
2391 612 8121
2390 613 8120
2389 614 8119
2388 615 8118
2387 616 8117
2386 617 8116
2385 618 8115
2384 619 8114
2383 620 8113
2382 621 8112
2381 622 8111
2380 623 8110
2379 624 8109
2378 625 8108
2377 626 8107
2376 627 8106
2375 628 8105
2374 629 8104
2373 630 8103
2372 631 8102
2371 632 8101
2370 633 8100
2369 634 8099
2368 635 8098
2367 636 8097
2366 637 8096
2365 638 8095
2364 639 8094
2363 640 8093
2362 641 8092
2361 642 8091
2360 643 8090
2359 644 8089
2358 645 8088
2357 646 8087
2356 647 8086
2355 648 8085
2354 649 8084
2353 650 8083
2352 651 8082
2351 652 8081
2350 653 8080
2349 654 8079
2348 655 8078
2347 656 8077
2346 657 8076
2345 658 8075
2344 659 8074
2343 660 8073
2342 661 8072
2341 662 8071
2340 663 8070
2339 664 8069
2338 665 8068
2337 666 8067
2336 667 8066
2335 668 8065
2334 669 8064
2333 670 8063
2332 671 8062
2331 672 8061
2330 673 8060
2329 674 8059
2328 675 8058
2327 676 8057
2326 677 8056
2325 678 8055
2324 679 8054
2323 680 8053
2322 681 8052
2321 682 8051
2320 683 8050
2319 684 8049
2318 685 8048
2317 686 8047
2316 687 8046
2315 688 8045
2314 689 8044
2313 690 8043
2312 691 8042
2311 692 8041
2310 693 8040
2309 694 8039
2308 695 8038
2307 696 8037
2306 697 8036
2305 698 8035
2304 699 8034
2303 700 8033
2302 701 8032
2301 702 8031
2300 703 8030
2299 704 8029
2298 705 8028
2297 706 8027
2296 707 8026
2295 708 8025
2294 709 8024
2293 710 8023
2292 711 8022
2291 712 8021
2290 713 8020
2289 714 8019
2288 715 8018
2287 716 8017
2286 717 8016
2285 718 8015
2284 719 8014
2283 720 8013
2282 721 8012
2281 722 8011
2280 723 8010
2279 724 8009
2278 725 8008
2277 726 8007
2276 727 8006
2275 728 8005
2274 729 8004
2273 730 8003
2272 731 8002
2271 732 8001
2270 733 8000
2269 734 7999
2268 735 7998
2267 736 7997
2266 737 7996
2265 738 7995
2264 739 7994
2263 740 7993
2262 741 7992
2261 742 7991
2260 743 7990
2259 744 7989
2258 745 7988
2257 746 7987
2256 747 7986
2255 748 7985
2254 749 7984
2253 750 7983
2252 751 7982
2251 752 7981
2250 753 7980
2249 754 7979
2248 755 7978
2247 756 7977
2246 757 7976
2245 758 7975
2244 759 7974
2243 760 7973
2242 761 7972
2241 762 7971
2240 763 7970
2239 764 7969
2238 765 7968
2237 766 7967
2236 767 7966
2235 768 7965
2234 769 7964
2233 770 7963
2232 771 7962
2231 772 7961
2230 773 7960
2229 774 7959
2228 775 7958
2227 776 7957
2226 777 7956
2225 778 7955
2224 779 7954
2223 780 7953
2222 781 7952
2221 782 7951
2220 783 7950
2219 784 7949
2218 785 7948
2217 786 7947
2216 787 7946
2215 788 7945
2214 789 7944
2213 790 7943
2212 791 7942
2211 792 7941
2210 793 7940
2209 794 7939
2208 795 7938
2207 796 7937
2206 797 7936
2205 798 7935
2204 799 7934
2203 800 7933
2202 801 7932
2201 802 7931
2200 803 7930
2199 804 7929
2198 805 7928
2197 806 7927
2196 807 7926
2195 808 7925
2194 809 7924
2193 810 7923
2192 811 7922
2191 812 7921
2190 813 7920
2189 814 7919
2188 815 7918
2187 816 7917
2186 817 7916
2185 818 7915
2184 819 7914
2183 820 7913
2182 821 7912
2181 822 7911
2180 823 7910
2179 824 7909
2178 825 7908
2177 826 7907
2176 827 7906
2175 828 7905
2174 829 7904
2173 830 7903
2172 831 7902
2171 832 7901
2170 833 7900
2169 834 7899
2168 835 7898
2167 836 7897
2166 837 7896
2165 838 7895
2164 839 7894
2163 840 7893
2162 841 7892
2161 842 7891
2160 843 7890
2159 844 7889
2158 845 7888
2157 846 7887
2156 847 7886
2155 848 7885
2154 849 7884
2153 850 7883
2152 851 7882
2151 852 7881
2150 853 7880
2149 854 7879
2148 855 7878
2147 856 7877
2146 857 7876
2145 858 7875
2144 859 7874
2143 860 7873
2142 861 7872
2141 862 7871
2140 863 7870
2139 864 7869
2138 865 7868
2137 866 7867
2136 867 7866
2135 868 7865
2134 869 7864
2133 870 7863
2132 871 7862
2131 872 7861
2130 873 7860
2129 874 7859
2128 875 7858
2127 876 7857
2126 877 7856
2125 878 7855
2124 879 7854
2123 880 7853
2122 881 7852
2121 882 7851
2120 883 7850
2119 884 7849
2118 885 7848
2117 886 7847
2116 887 7846
2115 888 7845
2114 889 7844
2113 890 7843
2112 891 7842
2111 892 7841
2110 893 7840
2109 894 7839
2108 895 7838
2107 896 7837
2106 897 7836
2105 898 7835
2104 899 7834
2103 900 7833
2102 901 7832
2101 902 7831
2100 903 7830
2099 904 7829
2098 905 7828
2097 906 7827
2096 907 7826
2095 908 7825
2094 909 7824
2093 910 7823
2092 911 7822
2091 912 7821
2090 913 7820
2089 914 7819
2088 915 7818
2087 916 7817
2086 917 7816
2085 918 7815
2084 919 7814
2083 920 7813
2082 921 7812
2081 922 7811
2080 923 7810
2079 924 7809
2078 925 7808
2077 926 7807
2076 927 7806
2075 928 7805
2074 929 7804
2073 930 7803
2072 931 7802
2071 932 7801
2070 933 7800
2069 934 7799
2068 935 7798
2067 936 7797
2066 937 7796
2065 938 7795
2064 939 7794
2063 940 7793
2062 941 7792
2061 942 7791
2060 943 7790
2059 944 7789
2058 945 7788
2057 946 7787
2056 947 7786
2055 948 7785
2054 949 7784
2053 950 7783
2052 951 7782
2051 952 7781
2050 953 7780
2049 954 7779
2048 955 7778
2047 956 7777
2046 957 7776
2045 958 7775
2044 959 7774
2043 960 7773
2042 961 7772
2041 962 7771
2040 963 7770
2039 964 7769
2038 965 7768
2037 966 7767
2036 967 7766
2035 968 7765
2034 969 7764
2033 970 7763
2032 971 7762
2031 972 7761
2030 973 7760
2029 974 7759
2028 975 7758
2027 976 7757
2026 977 7756
2025 978 7755
2024 979 7754
2023 980 7753
2022 981 7752
2021 982 7751
2020 983 7750
2019 984 7749
2018 985 7748
2017 986 7747
2016 987 7746
2015 988 7745
2014 989 7744
2013 990 7743
2012 991 7742
2011 992 7741
2010 993 7740
2009 994 7739
2008 995 7738
2007 996 7737
2006 997 7736
2005 998 7735
2004 999 7734
2003 1000 7733
2002 1001 7732
2001 1002 7731
2000 1003 7730
1999 1004 7729
1998 1005 7728
1997 1006 7727
1996 1007 7726
1995 1008 7725
1994 1009 7724
1993 1010 7723
1992 1011 7722
1991 1012 7721
1990 1013 7720
1989 1014 7719
1988 1015 7718
1987 1016 7717
1986 1017 7716
1985 1018 7715
1984 1019 7714
1983 1020 7713
1982 1021 7712
1981 1022 7711
1980 1023 7710
1979 1024 7709
1978 1025 7708
1977 1026 7707
1976 1027 7706
1975 1028 7705
1974 1029 7704
1973 1030 7703
1972 1031 7702
1971 1032 7701
1970 1033 7700
1969 1034 7699
1968 1035 7698
1967 1036 7697
1966 1037 7696
1965 1038 7695
1964 1039 7694
1963 1040 7693
1962 1041 7692
1961 1042 7691
1960 1043 7690
1959 1044 7689
1958 1045 7688
1957 1046 7687
1956 1047 7686
1955 1048 7685
1954 1049 7684
1953 1050 7683
1952 1051 7682
1951 1052 7681
1950 1053 7680
1949 1054 7679
1948 1055 7678
1947 1056 7677
1946 1057 7676
1945 1058 7675
1944 1059 7674
1943 1060 7673
1942 1061 7672
1941 1062 7671
1940 1063 7670
1939 1064 7669
1938 1065 7668
1937 1066 7667
1936 1067 7666
1935 1068 7665
1934 1069 7664
1933 1070 7663
1932 1071 7662
1931 1072 7661
1930 1073 7660
1929 1074 7659
1928 1075 7658
1927 1076 7657
1926 1077 7656
1925 1078 7655
1924 1079 7654
1923 1080 7653
1922 1081 7652
1921 1082 7651
1920 1083 7650
1919 1084 7649
1918 1085 7648
1917 1086 7647
1916 1087 7646
1915 1088 7645
1914 1089 7644
1913 1090 7643
1912 1091 7642
1911 1092 7641
1910 1093 7640
1909 1094 7639
1908 1095 7638
1907 1096 7637
1906 1097 7636
1905 1098 7635
1904 1099 7634
1903 1100 7633
1902 1101 7632
1901 1102 7631
1900 1103 7630
1899 1104 7629
1898 1105 7628
1897 1106 7627
1896 1107 7626
1895 1108 7625
1894 1109 7624
1893 1110 7623
1892 1111 7622
1891 1112 7621
1890 1113 7620
1889 1114 7619
1888 1115 7618
1887 1116 7617
1886 1117 7616
1885 1118 7615
1884 1119 7614
1883 1120 7613
1882 1121 7612
1881 1122 7611
1880 1123 7610
1879 1124 7609
1878 1125 7608
1877 1126 7607
1876 1127 7606
1875 1128 7605
1874 1129 7604
1873 1130 7603
1872 1131 7602
1871 1132 7601
1870 1133 7600
1869 1134 7599
1868 1135 7598
1867 1136 7597
1866 1137 7596
1865 1138 7595
1864 1139 7594
1863 1140 7593
1862 1141 7592
1861 1142 7591
1860 1143 7590
1859 1144 7589
1858 1145 7588
1857 1146 7587
1856 1147 7586
1855 1148 7585
1854 1149 7584
1853 1150 7583
1852 1151 7582
1851 1152 7581
1850 1153 7580
1849 1154 7579
1848 1155 7578
1847 1156 7577
1846 1157 7576
1845 1158 7575
1844 1159 7574
1843 1160 7573
1842 1161 7572
1841 1162 7571
1840 1163 7570
1839 1164 7569
1838 1165 7568
1837 1166 7567
1836 1167 7566
1835 1168 7565
1834 1169 7564
1833 1170 7563
1832 1171 7562
1831 1172 7561
1830 1173 7560
1829 1174 7559
1828 1175 7558
1827 1176 7557
1826 1177 7556
1825 1178 7555
1824 1179 7554
1823 1180 7553
1822 1181 7552
1821 1182 7551
1820 1183 7550
1819 1184 7549
1818 1185 7548
1817 1186 7547
1816 1187 7546
1815 1188 7545
1814 1189 7544
1813 1190 7543
1812 1191 7542
1811 1192 7541
1810 1193 7540
1809 1194 7539
1808 1195 7538
1807 1196 7537
1806 1197 7536
1805 1198 7535
1804 1199 7534
1803 1200 7533
1802 1201 7532
1801 1202 7531
1800 1203 7530
1799 1204 7529
1798 1205 7528
1797 1206 7527
1796 1207 7526
1795 1208 7525
1794 1209 7524
1793 1210 7523
1792 1211 7522
1791 1212 7521
1790 1213 7520
1789 1214 7519
1788 1215 7518
1787 1216 7517
1786 1217 7516
1785 1218 7515
1784 1219 7514
1783 1220 7513
1782 1221 7512
1781 1222 7511
1780 1223 7510
1779 1224 7509
1778 1225 7508
1777 1226 7507
1776 1227 7506
1775 1228 7505
1774 1229 7504
1773 1230 7503
1772 1231 7502
1771 1232 7501
1770 1233 7500
1769 1234 7499
1768 1235 7498
1767 1236 7497
1766 1237 7496
1765 1238 7495
1764 1239 7494
1763 1240 7493
1762 1241 7492
1761 1242 7491
1760 1243 7490
1759 1244 7489
1758 1245 7488
1757 1246 7487
1756 1247 7486
1755 1248 7485
1754 1249 7484
1753 1250 7483
1752 1251 7482
1751 1252 7481
1750 1253 7480
1749 1254 7479
1748 1255 7478
1747 1256 7477
1746 1257 7476
1745 1258 7475
1744 1259 7474
1743 1260 7473
1742 1261 7472
1741 1262 7471
1740 1263 7470
1739 1264 7469
1738 1265 7468
1737 1266 7467
1736 1267 7466
1735 1268 7465
1734 1269 7464
1733 1270 7463
1732 1271 7462
1731 1272 7461
1730 1273 7460
1729 1274 7459
1728 1275 7458
1727 1276 7457
1726 1277 7456
1725 1278 7455
1724 1279 7454
1723 1280 7453
1722 1281 7452
1721 1282 7451
1720 1283 7450
1719 1284 7449
1718 1285 7448
1717 1286 7447
1716 1287 7446
1715 1288 7445
1714 1289 7444
1713 1290 7443
1712 1291 7442
1711 1292 7441
1710 1293 7440
1709 1294 7439
1708 1295 7438
1707 1296 7437
1706 1297 7436
1705 1298 7435
1704 1299 7434
1703 1300 7433
1702 1301 7432
1701 1302 7431
1700 1303 7430
1699 1304 7429
1698 1305 7428
1697 1306 7427
1696 1307 7426
1695 1308 7425
1694 1309 7424
1693 1310 7423
1692 1311 7422
1691 1312 7421
1690 1313 7420
1689 1314 7419
1688 1315 7418
1687 1316 7417
1686 1317 7416
1685 1318 7415
1684 1319 7414
1683 1320 7413
1682 1321 7412
1681 1322 7411
1680 1323 7410
1679 1324 7409
1678 1325 7408
1677 1326 7407
1676 1327 7406
1675 1328 7405
1674 1329 7404
1673 1330 7403
1672 1331 7402
1671 1332 7401
1670 1333 7400
1669 1334 7399
1668 1335 7398
1667 1336 7397
1666 1337 7396
1665 1338 7395
1664 1339 7394
1663 1340 7393
1662 1341 7392
1661 1342 7391
1660 1343 7390
1659 1344 7389
1658 1345 7388
1657 1346 7387
1656 1347 7386
1655 1348 7385
1654 1349 7384
1653 1350 7383
1652 1351 7382
1651 1352 7381
1650 1353 7380
1649 1354 7379
1648 1355 7378
1647 1356 7377
1646 1357 7376
1645 1358 7375
1644 1359 7374
1643 1360 7373
1642 1361 7372
1641 1362 7371
1640 1363 7370
1639 1364 7369
1638 1365 7368
1637 1366 7367
1636 1367 7366
1635 1368 7365
1634 1369 7364
1633 1370 7363
1632 1371 7362
1631 1372 7361
1630 1373 7360
1629 1374 7359
1628 1375 7358
1627 1376 7357
1626 1377 7356
1625 1378 7355
1624 1379 7354
1623 1380 7353
1622 1381 7352
1621 1382 7351
1620 1383 7350
1619 1384 7349
1618 1385 7348
1617 1386 7347
1616 1387 7346
1615 1388 7345
1614 1389 7344
1613 1390 7343
1612 1391 7342
1611 1392 7341
1610 1393 7340
1609 1394 7339
1608 1395 7338
1607 1396 7337
1606 1397 7336
1605 1398 7335
1604 1399 7334
1603 1400 7333
1602 1401 7332
1601 1402 7331
1600 1403 7330
1599 1404 7329
1598 1405 7328
1597 1406 7327
1596 1407 7326
1595 1408 7325
1594 1409 7324
1593 1410 7323
1592 1411 7322
1591 1412 7321
1590 1413 7320
1589 1414 7319
1588 1415 7318
1587 1416 7317
1586 1417 7316
1585 1418 7315
1584 1419 7314
1583 1420 7313
1582 1421 7312
1581 1422 7311
1580 1423 7310
1579 1424 7309
1578 1425 7308
1577 1426 7307
1576 1427 7306
1575 1428 7305
1574 1429 7304
1573 1430 7303
1572 1431 7302
1571 1432 7301
1570 1433 7300
1569 1434 7299
1568 1435 7298
1567 1436 7297
1566 1437 7296
1565 1438 7295
1564 1439 7294
1563 1440 7293
1562 1441 7292
1561 1442 7291
1560 1443 7290
1559 1444 7289
1558 1445 7288
1557 1446 7287
1556 1447 7286
1555 1448 7285
1554 1449 7284
1553 1450 7283
1552 1451 7282
1551 1452 7281
1550 1453 7280
1549 1454 7279
1548 1455 7278
1547 1456 7277
1546 1457 7276
1545 1458 7275
1544 1459 7274
1543 1460 7273
1542 1461 7272
1541 1462 7271
1540 1463 7270
1539 1464 7269
1538 1465 7268
1537 1466 7267
1536 1467 7266
1535 1468 7265
1534 1469 7264
1533 1470 7263
1532 1471 7262
1531 1472 7261
1530 1473 7260
1529 1474 7259
1528 1475 7258
1527 1476 7257
1526 1477 7256
1525 1478 7255
1524 1479 7254
1523 1480 7253
1522 1481 7252
1521 1482 7251
1520 1483 7250
1519 1484 7249
1518 1485 7248
1517 1486 7247
1516 1487 7246
1515 1488 7245
1514 1489 7244
1513 1490 7243
1512 1491 7242
1511 1492 7241
1510 1493 7240
1509 1494 7239
1508 1495 7238
1507 1496 7237
1506 1497 7236
1505 1498 7235
1504 1499 7234
1503 1500 7233
1502 1501 7232
1501 1502 7231
1500 1503 7230
1499 1504 7229
1498 1505 7228
1497 1506 7227
1496 1507 7226
1495 1508 7225
1494 1509 7224
1493 1510 7223
1492 1511 7222
1491 1512 7221
1490 1513 7220
1489 1514 7219
1488 1515 7218
1487 1516 7217
1486 1517 7216
1485 1518 7215
1484 1519 7214
1483 1520 7213
1482 1521 7212
1481 1522 7211
1480 1523 7210
1479 1524 7209
1478 1525 7208
1477 1526 7207
1476 1527 7206
1475 1528 7205
1474 1529 7204
1473 1530 7203
1472 1531 7202
1471 1532 7201
1470 1533 7200
1469 1534 7199
1468 1535 7198
1467 1536 7197
1466 1537 7196
1465 1538 7195
1464 1539 7194
1463 1540 7193
1462 1541 7192
1461 1542 7191
1460 1543 7190
1459 1544 7189
1458 1545 7188
1457 1546 7187
1456 1547 7186
1455 1548 7185
1454 1549 7184
1453 1550 7183
1452 1551 7182
1451 1552 7181
1450 1553 7180
1449 1554 7179
1448 1555 7178
1447 1556 7177
1446 1557 7176
1445 1558 7175
1444 1559 7174
1443 1560 7173
1442 1561 7172
1441 1562 7171
1440 1563 7170
1439 1564 7169
1438 1565 7168
1437 1566 7167
1436 1567 7166
1435 1568 7165
1434 1569 7164
1433 1570 7163
1432 1571 7162
1431 1572 7161
1430 1573 7160
1429 1574 7159
1428 1575 7158
1427 1576 7157
1426 1577 7156
1425 1578 7155
1424 1579 7154
1423 1580 7153
1422 1581 7152
1421 1582 7151
1420 1583 7150
1419 1584 7149
1418 1585 7148
1417 1586 7147
1416 1587 7146
1415 1588 7145
1414 1589 7144
1413 1590 7143
1412 1591 7142
1411 1592 7141
1410 1593 7140
1409 1594 7139
1408 1595 7138
1407 1596 7137
1406 1597 7136
1405 1598 7135
1404 1599 7134
1403 1600 7133
1402 1601 7132
1401 1602 7131
1400 1603 7130
1399 1604 7129
1398 1605 7128
1397 1606 7127
1396 1607 7126
1395 1608 7125
1394 1609 7124
1393 1610 7123
1392 1611 7122
1391 1612 7121
1390 1613 7120
1389 1614 7119
1388 1615 7118
1387 1616 7117
1386 1617 7116
1385 1618 7115
1384 1619 7114
1383 1620 7113
1382 1621 7112
1381 1622 7111
1380 1623 7110
1379 1624 7109
1378 1625 7108
1377 1626 7107
1376 1627 7106
1375 1628 7105
1374 1629 7104
1373 1630 7103
1372 1631 7102
1371 1632 7101
1370 1633 7100
1369 1634 7099
1368 1635 7098
1367 1636 7097
1366 1637 7096
1365 1638 7095
1364 1639 7094
1363 1640 7093
1362 1641 7092
1361 1642 7091
1360 1643 7090
1359 1644 7089
1358 1645 7088
1357 1646 7087
1356 1647 7086
1355 1648 7085
1354 1649 7084
1353 1650 7083
1352 1651 7082
1351 1652 7081
1350 1653 7080
1349 1654 7079
1348 1655 7078
1347 1656 7077
1346 1657 7076
1345 1658 7075
1344 1659 7074
1343 1660 7073
1342 1661 7072
1341 1662 7071
1340 1663 7070
1339 1664 7069
1338 1665 7068
1337 1666 7067
1336 1667 7066
1335 1668 7065
1334 1669 7064
1333 1670 7063
1332 1671 7062
1331 1672 7061
1330 1673 7060
1329 1674 7059
1328 1675 7058
1327 1676 7057
1326 1677 7056
1325 1678 7055
1324 1679 7054
1323 1680 7053
1322 1681 7052
1321 1682 7051
1320 1683 7050
1319 1684 7049
1318 1685 7048
1317 1686 7047
1316 1687 7046
1315 1688 7045
1314 1689 7044
1313 1690 7043
1312 1691 7042
1311 1692 7041
1310 1693 7040
1309 1694 7039
1308 1695 7038
1307 1696 7037
1306 1697 7036
1305 1698 7035
1304 1699 7034
1303 1700 7033
1302 1701 7032
1301 1702 7031
1300 1703 7030
1299 1704 7029
1298 1705 7028
1297 1706 7027
1296 1707 7026
1295 1708 7025
1294 1709 7024
1293 1710 7023
1292 1711 7022
1291 1712 7021
1290 1713 7020
1289 1714 7019
1288 1715 7018
1287 1716 7017
1286 1717 7016
1285 1718 7015
1284 1719 7014
1283 1720 7013
1282 1721 7012
1281 1722 7011
1280 1723 7010
1279 1724 7009
1278 1725 7008
1277 1726 7007
1276 1727 7006
1275 1728 7005
1274 1729 7004
1273 1730 7003
1272 1731 7002
1271 1732 7001
1270 1733 7000
1269 1734 6999
1268 1735 6998
1267 1736 6997
1266 1737 6996
1265 1738 6995
1264 1739 6994
1263 1740 6993
1262 1741 6992
1261 1742 6991
1260 1743 6990
1259 1744 6989
1258 1745 6988
1257 1746 6987
1256 1747 6986
1255 1748 6985
1254 1749 6984
1253 1750 6983
1252 1751 6982
1251 1752 6981
1250 1753 6980
1249 1754 6979
1248 1755 6978
1247 1756 6977
1246 1757 6976
1245 1758 6975
1244 1759 6974
1243 1760 6973
1242 1761 6972
1241 1762 6971
1240 1763 6970
1239 1764 6969
1238 1765 6968
1237 1766 6967
1236 1767 6966
1235 1768 6965
1234 1769 6964
1233 1770 6963
1232 1771 6962
1231 1772 6961
1230 1773 6960
1229 1774 6959
1228 1775 6958
1227 1776 6957
1226 1777 6956
1225 1778 6955
1224 1779 6954
1223 1780 6953
1222 1781 6952
1221 1782 6951
1220 1783 6950
1219 1784 6949
1218 1785 6948
1217 1786 6947
1216 1787 6946
1215 1788 6945
1214 1789 6944
1213 1790 6943
1212 1791 6942
1211 1792 6941
1210 1793 6940
1209 1794 6939
1208 1795 6938
1207 1796 6937
1206 1797 6936
1205 1798 6935
1204 1799 6934
1203 1800 6933
1202 1801 6932
1201 1802 6931
1200 1803 6930
1199 1804 6929
1198 1805 6928
1197 1806 6927
1196 1807 6926
1195 1808 6925
1194 1809 6924
1193 1810 6923
1192 1811 6922
1191 1812 6921
1190 1813 6920
1189 1814 6919
1188 1815 6918
1187 1816 6917
1186 1817 6916
1185 1818 6915
1184 1819 6914
1183 1820 6913
1182 1821 6912
1181 1822 6911
1180 1823 6910
1179 1824 6909
1178 1825 6908
1177 1826 6907
1176 1827 6906
1175 1828 6905
1174 1829 6904
1173 1830 6903
1172 1831 6902
1171 1832 6901
1170 1833 6900
1169 1834 6899
1168 1835 6898
1167 1836 6897
1166 1837 6896
1165 1838 6895
1164 1839 6894
1163 1840 6893
1162 1841 6892
1161 1842 6891
1160 1843 6890
1159 1844 6889
1158 1845 6888
1157 1846 6887
1156 1847 6886
1155 1848 6885
1154 1849 6884
1153 1850 6883
1152 1851 6882
1151 1852 6881
1150 1853 6880
1149 1854 6879
1148 1855 6878
1147 1856 6877
1146 1857 6876
1145 1858 6875
1144 1859 6874
1143 1860 6873
1142 1861 6872
1141 1862 6871
1140 1863 6870
1139 1864 6869
1138 1865 6868
1137 1866 6867
1136 1867 6866
1135 1868 6865
1134 1869 6864
1133 1870 6863
1132 1871 6862
1131 1872 6861
1130 1873 6860
1129 1874 6859
1128 1875 6858
1127 1876 6857
1126 1877 6856
1125 1878 6855
1124 1879 6854
1123 1880 6853
1122 1881 6852
1121 1882 6851
1120 1883 6850
1119 1884 6849
1118 1885 6848
1117 1886 6847
1116 1887 6846
1115 1888 6845
1114 1889 6844
1113 1890 6843
1112 1891 6842
1111 1892 6841
1110 1893 6840
1109 1894 6839
1108 1895 6838
1107 1896 6837
1106 1897 6836
1105 1898 6835
1104 1899 6834
1103 1900 6833
1102 1901 6832
1101 1902 6831
1100 1903 6830
1099 1904 6829
1098 1905 6828
1097 1906 6827
1096 1907 6826
1095 1908 6825
1094 1909 6824
1093 1910 6823
1092 1911 6822
1091 1912 6821
1090 1913 6820
1089 1914 6819
1088 1915 6818
1087 1916 6817
1086 1917 6816
1085 1918 6815
1084 1919 6814
1083 1920 6813
1082 1921 6812
1081 1922 6811
1080 1923 6810
1079 1924 6809
1078 1925 6808
1077 1926 6807
1076 1927 6806
1075 1928 6805
1074 1929 6804
1073 1930 6803
1072 1931 6802
1071 1932 6801
1070 1933 6800
1069 1934 6799
1068 1935 6798
1067 1936 6797
1066 1937 6796
1065 1938 6795
1064 1939 6794
1063 1940 6793
1062 1941 6792
1061 1942 6791
1060 1943 6790
1059 1944 6789
1058 1945 6788
1057 1946 6787
1056 1947 6786
1055 1948 6785
1054 1949 6784
1053 1950 6783
1052 1951 6782
1051 1952 6781
1050 1953 6780
1049 1954 6779
1048 1955 6778
1047 1956 6777
1046 1957 6776
1045 1958 6775
1044 1959 6774
1043 1960 6773
1042 1961 6772
1041 1962 6771
1040 1963 6770
1039 1964 6769
1038 1965 6768
1037 1966 6767
1036 1967 6766
1035 1968 6765
1034 1969 6764
1033 1970 6763
1032 1971 6762
1031 1972 6761
1030 1973 6760
1029 1974 6759
1028 1975 6758
1027 1976 6757
1026 1977 6756
1025 1978 6755
1024 1979 6754
1023 1980 6753
1022 1981 6752
1021 1982 6751
1020 1983 6750
1019 1984 6749
1018 1985 6748
1017 1986 6747
1016 1987 6746
1015 1988 6745
1014 1989 6744
1013 1990 6743
1012 1991 6742
1011 1992 6741
1010 1993 6740
1009 1994 6739
1008 1995 6738
1007 1996 6737
1006 1997 6736
1005 1998 6735
1004 1999 6734
1003 2000 6733
1002 2001 6732
1001 2002 6731
1000 2003 6730
999 2004 6729
998 2005 6728
997 2006 6727
996 2007 6726
995 2008 6725
994 2009 6724
993 2010 6723
992 2011 6722
991 2012 6721
990 2013 6720
989 2014 6719
988 2015 6718
987 2016 6717
986 2017 6716
985 2018 6715
984 2019 6714
983 2020 6713
982 2021 6712
981 2022 6711
980 2023 6710
979 2024 6709
978 2025 6708
977 2026 6707
976 2027 6706
975 2028 6705
974 2029 6704
973 2030 6703
972 2031 6702
971 2032 6701
970 2033 6700
969 2034 6699
968 2035 6698
967 2036 6697
966 2037 6696
965 2038 6695
964 2039 6694
963 2040 6693
962 2041 6692
961 2042 6691
960 2043 6690
959 2044 6689
958 2045 6688
957 2046 6687
956 2047 6686
955 2048 6685
954 2049 6684
953 2050 6683
952 2051 6682
951 2052 6681
950 2053 6680
949 2054 6679
948 2055 6678
947 2056 6677
946 2057 6676
945 2058 6675
944 2059 6674
943 2060 6673
942 2061 6672
941 2062 6671
940 2063 6670
939 2064 6669
938 2065 6668
937 2066 6667
936 2067 6666
935 2068 6665
934 2069 6664
933 2070 6663
932 2071 6662
931 2072 6661
930 2073 6660
929 2074 6659
928 2075 6658
927 2076 6657
926 2077 6656
925 2078 6655
924 2079 6654
923 2080 6653
922 2081 6652
921 2082 6651
920 2083 6650
919 2084 6649
918 2085 6648
917 2086 6647
916 2087 6646
915 2088 6645
914 2089 6644
913 2090 6643
912 2091 6642
911 2092 6641
910 2093 6640
909 2094 6639
908 2095 6638
907 2096 6637
906 2097 6636
905 2098 6635
904 2099 6634
903 2100 6633
902 2101 6632
901 2102 6631
900 2103 6630
899 2104 6629
898 2105 6628
897 2106 6627
896 2107 6626
895 2108 6625
894 2109 6624
893 2110 6623
892 2111 6622
891 2112 6621
890 2113 6620
889 2114 6619
888 2115 6618
887 2116 6617
886 2117 6616
885 2118 6615
884 2119 6614
883 2120 6613
882 2121 6612
881 2122 6611
880 2123 6610
879 2124 6609
878 2125 6608
877 2126 6607
876 2127 6606
875 2128 6605
874 2129 6604
873 2130 6603
872 2131 6602
871 2132 6601
870 2133 6600
869 2134 6599
868 2135 6598
867 2136 6597
866 2137 6596
865 2138 6595
864 2139 6594
863 2140 6593
862 2141 6592
861 2142 6591
860 2143 6590
859 2144 6589
858 2145 6588
857 2146 6587
856 2147 6586
855 2148 6585
854 2149 6584
853 2150 6583
852 2151 6582
851 2152 6581
850 2153 6580
849 2154 6579
848 2155 6578
847 2156 6577
846 2157 6576
845 2158 6575
844 2159 6574
843 2160 6573
842 2161 6572
841 2162 6571
840 2163 6570
839 2164 6569
838 2165 6568
837 2166 6567
836 2167 6566
835 2168 6565
834 2169 6564
833 2170 6563
832 2171 6562
831 2172 6561
830 2173 6560
829 2174 6559
828 2175 6558
827 2176 6557
826 2177 6556
825 2178 6555
824 2179 6554
823 2180 6553
822 2181 6552
821 2182 6551
820 2183 6550
819 2184 6549
818 2185 6548
817 2186 6547
816 2187 6546
815 2188 6545
814 2189 6544
813 2190 6543
812 2191 6542
811 2192 6541
810 2193 6540
809 2194 6539
808 2195 6538
807 2196 6537
806 2197 6536
805 2198 6535
804 2199 6534
803 2200 6533
802 2201 6532
801 2202 6531
800 2203 6530
799 2204 6529
798 2205 6528
797 2206 6527
796 2207 6526
795 2208 6525
794 2209 6524
793 2210 6523
792 2211 6522
791 2212 6521
790 2213 6520
789 2214 6519
788 2215 6518
787 2216 6517
786 2217 6516
785 2218 6515
784 2219 6514
783 2220 6513
782 2221 6512
781 2222 6511
780 2223 6510
779 2224 6509
778 2225 6508
777 2226 6507
776 2227 6506
775 2228 6505
774 2229 6504
773 2230 6503
772 2231 6502
771 2232 6501
770 2233 6500
769 2234 6499
768 2235 6498
767 2236 6497
766 2237 6496
765 2238 6495
764 2239 6494
763 2240 6493
762 2241 6492
761 2242 6491
760 2243 6490
759 2244 6489
758 2245 6488
757 2246 6487
756 2247 6486
755 2248 6485
754 2249 6484
753 2250 6483
752 2251 6482
751 2252 6481
750 2253 6480
749 2254 6479
748 2255 6478
747 2256 6477
746 2257 6476
745 2258 6475
744 2259 6474
743 2260 6473
742 2261 6472
741 2262 6471
740 2263 6470
739 2264 6469
738 2265 6468
737 2266 6467
736 2267 6466
735 2268 6465
734 2269 6464
733 2270 6463
732 2271 6462
731 2272 6461
730 2273 6460
729 2274 6459
728 2275 6458
727 2276 6457
726 2277 6456
725 2278 6455
724 2279 6454
723 2280 6453
722 2281 6452
721 2282 6451
720 2283 6450
719 2284 6449
718 2285 6448
717 2286 6447
716 2287 6446
715 2288 6445
714 2289 6444
713 2290 6443
712 2291 6442
711 2292 6441
710 2293 6440
709 2294 6439
708 2295 6438
707 2296 6437
706 2297 6436
705 2298 6435
704 2299 6434
703 2300 6433
702 2301 6432
701 2302 6431
700 2303 6430
699 2304 6429
698 2305 6428
697 2306 6427
696 2307 6426
695 2308 6425
694 2309 6424
693 2310 6423
692 2311 6422
691 2312 6421
690 2313 6420
689 2314 6419
688 2315 6418
687 2316 6417
686 2317 6416
685 2318 6415
684 2319 6414
683 2320 6413
682 2321 6412
681 2322 6411
680 2323 6410
679 2324 6409
678 2325 6408
677 2326 6407
676 2327 6406
675 2328 6405
674 2329 6404
673 2330 6403
672 2331 6402
671 2332 6401
670 2333 6400
669 2334 6399
668 2335 6398
667 2336 6397
666 2337 6396
665 2338 6395
664 2339 6394
663 2340 6393
662 2341 6392
661 2342 6391
660 2343 6390
659 2344 6389
658 2345 6388
657 2346 6387
656 2347 6386
655 2348 6385
654 2349 6384
653 2350 6383
652 2351 6382
651 2352 6381
650 2353 6380
649 2354 6379
648 2355 6378
647 2356 6377
646 2357 6376
645 2358 6375
644 2359 6374
643 2360 6373
642 2361 6372
641 2362 6371
640 2363 6370
639 2364 6369
638 2365 6368
637 2366 6367
636 2367 6366
635 2368 6365
634 2369 6364
633 2370 6363
632 2371 6362
631 2372 6361
630 2373 6360
629 2374 6359
628 2375 6358
627 2376 6357
626 2377 6356
625 2378 6355
624 2379 6354
623 2380 6353
622 2381 6352
621 2382 6351
620 2383 6350
619 2384 6349
618 2385 6348
617 2386 6347
616 2387 6346
615 2388 6345
614 2389 6344
613 2390 6343
612 2391 6342
611 2392 6341
610 2393 6340
609 2394 6339
608 2395 6338
607 2396 6337
606 2397 6336
605 2398 6335
604 2399 6334
603 2400 6333
602 2401 6332
601 2402 6331
600 2403 6330
599 2404 6329
598 2405 6328
597 2406 6327
596 2407 6326
595 2408 6325
594 2409 6324
593 2410 6323
592 2411 6322
591 2412 6321
590 2413 6320
589 2414 6319
588 2415 6318
587 2416 6317
586 2417 6316
585 2418 6315
584 2419 6314
583 2420 6313
582 2421 6312
581 2422 6311
580 2423 6310
579 2424 6309
578 2425 6308
577 2426 6307
576 2427 6306
575 2428 6305
574 2429 6304
573 2430 6303
572 2431 6302
571 2432 6301
570 2433 6300
569 2434 6299
568 2435 6298
567 2436 6297
566 2437 6296
565 2438 6295
564 2439 6294
563 2440 6293
562 2441 6292
561 2442 6291
560 2443 6290
559 2444 6289
558 2445 6288
557 2446 6287
556 2447 6286
555 2448 6285
554 2449 6284
553 2450 6283
552 2451 6282
551 2452 6281
550 2453 6280
549 2454 6279
548 2455 6278
547 2456 6277
546 2457 6276
545 2458 6275
544 2459 6274
543 2460 6273
542 2461 6272
541 2462 6271
540 2463 6270
539 2464 6269
538 2465 6268
537 2466 6267
536 2467 6266
535 2468 6265
534 2469 6264
533 2470 6263
532 2471 6262
531 2472 6261
530 2473 6260
529 2474 6259
528 2475 6258
527 2476 6257
526 2477 6256
525 2478 6255
524 2479 6254
523 2480 6253
522 2481 6252
521 2482 6251
520 2483 6250
519 2484 6249
518 2485 6248
517 2486 6247
516 2487 6246
515 2488 6245
514 2489 6244
513 2490 6243
512 2491 6242
511 2492 6241
510 2493 6240
509 2494 6239
508 2495 6238
507 2496 6237
506 2497 6236
505 2498 6235
504 2499 6234
503 2500 6233
502 2501 6232
501 2502 6231
500 2503 6230
499 2504 6229
498 2505 6228
497 2506 6227
496 2507 6226
495 2508 6225
494 2509 6224
493 2510 6223
492 2511 6222
491 2512 6221
490 2513 6220
489 2514 6219
488 2515 6218
487 2516 6217
486 2517 6216
485 2518 6215
484 2519 6214
483 2520 6213
482 2521 6212
481 2522 6211
480 2523 6210
479 2524 6209
478 2525 6208
477 2526 6207
476 2527 6206
475 2528 6205
474 2529 6204
473 2530 6203
472 2531 6202
471 2532 6201
470 2533 6200
469 2534 6199
468 2535 6198
467 2536 6197
466 2537 6196
465 2538 6195
464 2539 6194
463 2540 6193
462 2541 6192
461 2542 6191
460 2543 6190
459 2544 6189
458 2545 6188
457 2546 6187
456 2547 6186
455 2548 6185
454 2549 6184
453 2550 6183
452 2551 6182
451 2552 6181
450 2553 6180
449 2554 6179
448 2555 6178
447 2556 6177
446 2557 6176
445 2558 6175
444 2559 6174
443 2560 6173
442 2561 6172
441 2562 6171
440 2563 6170
439 2564 6169
438 2565 6168
437 2566 6167
436 2567 6166
435 2568 6165
434 2569 6164
433 2570 6163
432 2571 6162
431 2572 6161
430 2573 6160
429 2574 6159
428 2575 6158
427 2576 6157
426 2577 6156
425 2578 6155
424 2579 6154
423 2580 6153
422 2581 6152
421 2582 6151
420 2583 6150
419 2584 6149
418 2585 6148
417 2586 6147
416 2587 6146
415 2588 6145
414 2589 6144
413 2590 6143
412 2591 6142
411 2592 6141
410 2593 6140
409 2594 6139
408 2595 6138
407 2596 6137
406 2597 6136
405 2598 6135
404 2599 6134
403 2600 6133
402 2601 6132
401 2602 6131
400 2603 6130
399 2604 6129
398 2605 6128
397 2606 6127
396 2607 6126
395 2608 6125
394 2609 6124
393 2610 6123
392 2611 6122
391 2612 6121
390 2613 6120
389 2614 6119
388 2615 6118
387 2616 6117
386 2617 6116
385 2618 6115
384 2619 6114
383 2620 6113
382 2621 6112
381 2622 6111
380 2623 6110
379 2624 6109
378 2625 6108
377 2626 6107
376 2627 6106
375 2628 6105
374 2629 6104
373 2630 6103
372 2631 6102
371 2632 6101
370 2633 6100
369 2634 6099
368 2635 6098
367 2636 6097
366 2637 6096
365 2638 6095
364 2639 6094
363 2640 6093
362 2641 6092
361 2642 6091
360 2643 6090
359 2644 6089
358 2645 6088
357 2646 6087
356 2647 6086
355 2648 6085
354 2649 6084
353 2650 6083
352 2651 6082
351 2652 6081
350 2653 6080
349 2654 6079
348 2655 6078
347 2656 6077
346 2657 6076
345 2658 6075
344 2659 6074
343 2660 6073
342 2661 6072
341 2662 6071
340 2663 6070
339 2664 6069
338 2665 6068
337 2666 6067
336 2667 6066
335 2668 6065
334 2669 6064
333 2670 6063
332 2671 6062
331 2672 6061
330 2673 6060
329 2674 6059
328 2675 6058
327 2676 6057
326 2677 6056
325 2678 6055
324 2679 6054
323 2680 6053
322 2681 6052
321 2682 6051
320 2683 6050
319 2684 6049
318 2685 6048
317 2686 6047
316 2687 6046
315 2688 6045
314 2689 6044
313 2690 6043
312 2691 6042
311 2692 6041
310 2693 6040
309 2694 6039
308 2695 6038
307 2696 6037
306 2697 6036
305 2698 6035
304 2699 6034
303 2700 6033
302 2701 6032
301 2702 6031
300 2703 6030
299 2704 6029
298 2705 6028
297 2706 6027
296 2707 6026
295 2708 6025
294 2709 6024
293 2710 6023
292 2711 6022
291 2712 6021
290 2713 6020
289 2714 6019
288 2715 6018
287 2716 6017
286 2717 6016
285 2718 6015
284 2719 6014
283 2720 6013
282 2721 6012
281 2722 6011
280 2723 6010
279 2724 6009
278 2725 6008
277 2726 6007
276 2727 6006
275 2728 6005
274 2729 6004
273 2730 6003
272 2731 6002
271 2732 6001
