177
3000 3 6177
2999 4 6176
2998 5 6175
2997 6 6174
2996 7 6173
2995 8 6172
2994 9 6171
2993 10 6170
2992 11 6169
2991 12 6168
2990 13 6167
2989 14 6166
2988 15 6165
2987 16 6164
2986 17 6163
2985 18 6162
2984 19 6161
2983 20 6160
2982 21 6159
2981 22 6158
2980 23 6157
2979 24 6156
2978 25 6155
2977 26 6154
2976 27 6153
2975 28 6152
2974 29 6151
2973 30 6150
2972 31 6149
2971 32 6148
2970 33 6147
2969 34 6146
2968 35 6145
2967 36 6144
2966 37 6143
2965 38 6142
2964 39 6141
2963 40 6140
2962 41 6139
2961 42 6138
2960 43 6137
2959 44 6136
2958 45 6135
2957 46 6134
2956 47 6133
2955 48 6132
2954 49 6131
2953 50 6130
2952 51 6129
2951 52 6128
2950 53 6127
2949 54 6126
2948 55 6125
2947 56 6124
2946 57 6123
2945 58 6122
2944 59 6121
2943 60 6120
2942 61 6119
2941 62 6118
2940 63 6117
2939 64 6116
2938 65 6115
2937 66 6114
2936 67 6113
2935 68 6112
2934 69 6111
2933 70 6110
2932 71 6109
2931 72 6108
2930 73 6107
2929 74 6106
2928 75 6105
2927 76 6104
2926 77 6103
2925 78 6102
2924 79 6101
2923 80 6100
2922 81 6099
2921 82 6098
2920 83 6097
2919 84 6096
2918 85 6095
2917 86 6094
2916 87 6093
2915 88 6092
2914 89 6091
2913 90 6090
2912 91 6089
2911 92 6088
2910 93 6087
2909 94 6086
2908 95 6085
2907 96 6084
2906 97 6083
2905 98 6082
2904 99 6081
2903 100 6080
2902 101 6079
2901 102 6078
2900 103 6077
2899 104 6076
2898 105 6075
2897 106 6074
2896 107 6073
2895 108 6072
2894 109 6071
2893 110 6070
2892 111 6069
2891 112 6068
2890 113 6067
2889 114 6066
2888 115 6065
2887 116 6064
2886 117 6063
2885 118 6062
2884 119 6061
2883 120 6060
2882 121 6059
2881 122 6058
2880 123 6057
2879 124 6056
2878 125 6055
2877 126 6054
2876 127 6053
2875 128 6052
2874 129 6051
2873 130 6050
2872 131 6049
2871 132 6048
2870 133 6047
2869 134 6046
2868 135 6045
2867 136 6044
2866 137 6043
2865 138 6042
2864 139 6041
2863 140 6040
2862 141 6039
2861 142 6038
2860 143 6037
2859 144 6036
2858 145 6035
2857 146 6034
2856 147 6033
2855 148 6032
2854 149 6031
2853 150 6030
2852 151 6029
2851 152 6028
2850 153 6027
2849 154 6026
2848 155 6025
2847 156 6024
2846 157 6023
2845 158 6022
2844 159 6021
2843 160 6020
2842 161 6019
2841 162 6018
2840 163 6017
2839 164 6016
2838 165 6015
2837 166 6014
2836 167 6013
2835 168 6012
2834 169 6011
2833 170 6010
2832 171 6009
2831 172 6008
2830 173 6007
2829 174 6006
2828 175 6005
2827 176 6004
2826 177 6003
2825 178 6002
2824 179 6001
