2411
3000 3 8411
2999 4 8410
2998 5 8409
2997 6 8408
2996 7 8407
2995 8 8406
2994 9 8405
2993 10 8404
2992 11 8403
2991 12 8402
2990 13 8401
2989 14 8400
2988 15 8399
2987 16 8398
2986 17 8397
2985 18 8396
2984 19 8395
2983 20 8394
2982 21 8393
2981 22 8392
2980 23 8391
2979 24 8390
2978 25 8389
2977 26 8388
2976 27 8387
2975 28 8386
2974 29 8385
2973 30 8384
2972 31 8383
2971 32 8382
2970 33 8381
2969 34 8380
2968 35 8379
2967 36 8378
2966 37 8377
2965 38 8376
2964 39 8375
2963 40 8374
2962 41 8373
2961 42 8372
2960 43 8371
2959 44 8370
2958 45 8369
2957 46 8368
2956 47 8367
2955 48 8366
2954 49 8365
2953 50 8364
2952 51 8363
2951 52 8362
2950 53 8361
2949 54 8360
2948 55 8359
2947 56 8358
2946 57 8357
2945 58 8356
2944 59 8355
2943 60 8354
2942 61 8353
2941 62 8352
2940 63 8351
2939 64 8350
2938 65 8349
2937 66 8348
2936 67 8347
2935 68 8346
2934 69 8345
2933 70 8344
2932 71 8343
2931 72 8342
2930 73 8341
2929 74 8340
2928 75 8339
2927 76 8338
2926 77 8337
2925 78 8336
2924 79 8335
2923 80 8334
2922 81 8333
2921 82 8332
2920 83 8331
2919 84 8330
2918 85 8329
2917 86 8328
2916 87 8327
2915 88 8326
2914 89 8325
2913 90 8324
2912 91 8323
2911 92 8322
2910 93 8321
2909 94 8320
2908 95 8319
2907 96 8318
2906 97 8317
2905 98 8316
2904 99 8315
2903 100 8314
2902 101 8313
2901 102 8312
2900 103 8311
2899 104 8310
2898 105 8309
2897 106 8308
2896 107 8307
2895 108 8306
2894 109 8305
2893 110 8304
2892 111 8303
2891 112 8302
2890 113 8301
2889 114 8300
2888 115 8299
2887 116 8298
2886 117 8297
2885 118 8296
2884 119 8295
2883 120 8294
2882 121 8293
2881 122 8292
2880 123 8291
2879 124 8290
2878 125 8289
2877 126 8288
2876 127 8287
2875 128 8286
2874 129 8285
2873 130 8284
2872 131 8283
2871 132 8282
2870 133 8281
2869 134 8280
2868 135 8279
2867 136 8278
2866 137 8277
2865 138 8276
2864 139 8275
2863 140 8274
2862 141 8273
2861 142 8272
2860 143 8271
2859 144 8270
2858 145 8269
2857 146 8268
2856 147 8267
2855 148 8266
2854 149 8265
2853 150 8264
2852 151 8263
2851 152 8262
2850 153 8261
2849 154 8260
2848 155 8259
2847 156 8258
2846 157 8257
2845 158 8256
2844 159 8255
2843 160 8254
2842 161 8253
2841 162 8252
2840 163 8251
2839 164 8250
2838 165 8249
2837 166 8248
2836 167 8247
2835 168 8246
2834 169 8245
2833 170 8244
2832 171 8243
2831 172 8242
2830 173 8241
2829 174 8240
2828 175 8239
2827 176 8238
2826 177 8237
2825 178 8236
2824 179 8235
2823 180 8234
2822 181 8233
2821 182 8232
2820 183 8231
2819 184 8230
2818 185 8229
2817 186 8228
2816 187 8227
2815 188 8226
2814 189 8225
2813 190 8224
2812 191 8223
2811 192 8222
2810 193 8221
2809 194 8220
2808 195 8219
2807 196 8218
2806 197 8217
2805 198 8216
2804 199 8215
2803 200 8214
2802 201 8213
2801 202 8212
2800 203 8211
2799 204 8210
2798 205 8209
2797 206 8208
2796 207 8207
2795 208 8206
2794 209 8205
2793 210 8204
2792 211 8203
2791 212 8202
2790 213 8201
2789 214 8200
2788 215 8199
2787 216 8198
2786 217 8197
2785 218 8196
2784 219 8195
2783 220 8194
2782 221 8193
2781 222 8192
2780 223 8191
2779 224 8190
2778 225 8189
2777 226 8188
2776 227 8187
2775 228 8186
2774 229 8185
2773 230 8184
2772 231 8183
2771 232 8182
2770 233 8181
2769 234 8180
2768 235 8179
2767 236 8178
2766 237 8177
2765 238 8176
2764 239 8175
2763 240 8174
2762 241 8173
2761 242 8172
2760 243 8171
2759 244 8170
2758 245 8169
2757 246 8168
2756 247 8167
2755 248 8166
2754 249 8165
2753 250 8164
2752 251 8163
2751 252 8162
2750 253 8161
2749 254 8160
2748 255 8159
2747 256 8158
2746 257 8157
2745 258 8156
2744 259 8155
2743 260 8154
2742 261 8153
2741 262 8152
2740 263 8151
2739 264 8150
2738 265 8149
2737 266 8148
2736 267 8147
2735 268 8146
2734 269 8145
2733 270 8144
2732 271 8143
2731 272 8142
2730 273 8141
2729 274 8140
2728 275 8139
2727 276 8138
2726 277 8137
2725 278 8136
2724 279 8135
2723 280 8134
2722 281 8133
2721 282 8132
2720 283 8131
2719 284 8130
2718 285 8129
2717 286 8128
2716 287 8127
2715 288 8126
2714 289 8125
2713 290 8124
2712 291 8123
2711 292 8122
2710 293 8121
2709 294 8120
2708 295 8119
2707 296 8118
2706 297 8117
2705 298 8116
2704 299 8115
2703 300 8114
2702 301 8113
2701 302 8112
2700 303 8111
2699 304 8110
2698 305 8109
2697 306 8108
2696 307 8107
2695 308 8106
2694 309 8105
2693 310 8104
2692 311 8103
2691 312 8102
2690 313 8101
2689 314 8100
2688 315 8099
2687 316 8098
2686 317 8097
2685 318 8096
2684 319 8095
2683 320 8094
2682 321 8093
2681 322 8092
2680 323 8091
2679 324 8090
2678 325 8089
2677 326 8088
2676 327 8087
2675 328 8086
2674 329 8085
2673 330 8084
2672 331 8083
2671 332 8082
2670 333 8081
2669 334 8080
2668 335 8079
2667 336 8078
2666 337 8077
2665 338 8076
2664 339 8075
2663 340 8074
2662 341 8073
2661 342 8072
2660 343 8071
2659 344 8070
2658 345 8069
2657 346 8068
2656 347 8067
2655 348 8066
2654 349 8065
2653 350 8064
2652 351 8063
2651 352 8062
2650 353 8061
2649 354 8060
2648 355 8059
2647 356 8058
2646 357 8057
2645 358 8056
2644 359 8055
2643 360 8054
2642 361 8053
2641 362 8052
2640 363 8051
2639 364 8050
2638 365 8049
2637 366 8048
2636 367 8047
2635 368 8046
2634 369 8045
2633 370 8044
2632 371 8043
2631 372 8042
2630 373 8041
2629 374 8040
2628 375 8039
2627 376 8038
2626 377 8037
2625 378 8036
2624 379 8035
2623 380 8034
2622 381 8033
2621 382 8032
2620 383 8031
2619 384 8030
2618 385 8029
2617 386 8028
2616 387 8027
2615 388 8026
2614 389 8025
2613 390 8024
2612 391 8023
2611 392 8022
2610 393 8021
2609 394 8020
2608 395 8019
2607 396 8018
2606 397 8017
2605 398 8016
2604 399 8015
2603 400 8014
2602 401 8013
2601 402 8012
2600 403 8011
2599 404 8010
2598 405 8009
2597 406 8008
2596 407 8007
2595 408 8006
2594 409 8005
2593 410 8004
2592 411 8003
2591 412 8002
2590 413 8001
2589 414 8000
2588 415 7999
2587 416 7998
2586 417 7997
2585 418 7996
2584 419 7995
2583 420 7994
2582 421 7993
2581 422 7992
2580 423 7991
2579 424 7990
2578 425 7989
2577 426 7988
2576 427 7987
2575 428 7986
2574 429 7985
2573 430 7984
2572 431 7983
2571 432 7982
2570 433 7981
2569 434 7980
2568 435 7979
2567 436 7978
2566 437 7977
2565 438 7976
2564 439 7975
2563 440 7974
2562 441 7973
2561 442 7972
2560 443 7971
2559 444 7970
2558 445 7969
2557 446 7968
2556 447 7967
2555 448 7966
2554 449 7965
2553 450 7964
2552 451 7963
2551 452 7962
2550 453 7961
2549 454 7960
2548 455 7959
2547 456 7958
2546 457 7957
2545 458 7956
2544 459 7955
2543 460 7954
2542 461 7953
2541 462 7952
2540 463 7951
2539 464 7950
2538 465 7949
2537 466 7948
2536 467 7947
2535 468 7946
2534 469 7945
2533 470 7944
2532 471 7943
2531 472 7942
2530 473 7941
2529 474 7940
2528 475 7939
2527 476 7938
2526 477 7937
2525 478 7936
2524 479 7935
2523 480 7934
2522 481 7933
2521 482 7932
2520 483 7931
2519 484 7930
2518 485 7929
2517 486 7928
2516 487 7927
2515 488 7926
2514 489 7925
2513 490 7924
2512 491 7923
2511 492 7922
2510 493 7921
2509 494 7920
2508 495 7919
2507 496 7918
2506 497 7917
2505 498 7916
2504 499 7915
2503 500 7914
2502 501 7913
2501 502 7912
2500 503 7911
2499 504 7910
2498 505 7909
2497 506 7908
2496 507 7907
2495 508 7906
2494 509 7905
2493 510 7904
2492 511 7903
2491 512 7902
2490 513 7901
2489 514 7900
2488 515 7899
2487 516 7898
2486 517 7897
2485 518 7896
2484 519 7895
2483 520 7894
2482 521 7893
2481 522 7892
2480 523 7891
2479 524 7890
2478 525 7889
2477 526 7888
2476 527 7887
2475 528 7886
2474 529 7885
2473 530 7884
2472 531 7883
2471 532 7882
2470 533 7881
2469 534 7880
2468 535 7879
2467 536 7878
2466 537 7877
2465 538 7876
2464 539 7875
2463 540 7874
2462 541 7873
2461 542 7872
2460 543 7871
2459 544 7870
2458 545 7869
2457 546 7868
2456 547 7867
2455 548 7866
2454 549 7865
2453 550 7864
2452 551 7863
2451 552 7862
2450 553 7861
2449 554 7860
2448 555 7859
2447 556 7858
2446 557 7857
2445 558 7856
2444 559 7855
2443 560 7854
2442 561 7853
2441 562 7852
2440 563 7851
2439 564 7850
2438 565 7849
2437 566 7848
2436 567 7847
2435 568 7846
2434 569 7845
2433 570 7844
2432 571 7843
2431 572 7842
2430 573 7841
2429 574 7840
2428 575 7839
2427 576 7838
2426 577 7837
2425 578 7836
2424 579 7835
2423 580 7834
2422 581 7833
2421 582 7832
2420 583 7831
2419 584 7830
2418 585 7829
2417 586 7828
2416 587 7827
2415 588 7826
2414 589 7825
2413 590 7824
2412 591 7823
2411 592 7822
2410 593 7821
2409 594 7820
2408 595 7819
2407 596 7818
2406 597 7817
2405 598 7816
2404 599 7815
2403 600 7814
2402 601 7813
2401 602 7812
2400 603 7811
2399 604 7810
2398 605 7809
2397 606 7808
2396 607 7807
2395 608 7806
2394 609 7805
2393 610 7804
2392 611 7803
2391 612 7802
2390 613 7801
2389 614 7800
2388 615 7799
2387 616 7798
2386 617 7797
2385 618 7796
2384 619 7795
2383 620 7794
2382 621 7793
2381 622 7792
2380 623 7791
2379 624 7790
2378 625 7789
2377 626 7788
2376 627 7787
2375 628 7786
2374 629 7785
2373 630 7784
2372 631 7783
2371 632 7782
2370 633 7781
2369 634 7780
2368 635 7779
2367 636 7778
2366 637 7777
2365 638 7776
2364 639 7775
2363 640 7774
2362 641 7773
2361 642 7772
2360 643 7771
2359 644 7770
2358 645 7769
2357 646 7768
2356 647 7767
2355 648 7766
2354 649 7765
2353 650 7764
2352 651 7763
2351 652 7762
2350 653 7761
2349 654 7760
2348 655 7759
2347 656 7758
2346 657 7757
2345 658 7756
2344 659 7755
2343 660 7754
2342 661 7753
2341 662 7752
2340 663 7751
2339 664 7750
2338 665 7749
2337 666 7748
2336 667 7747
2335 668 7746
2334 669 7745
2333 670 7744
2332 671 7743
2331 672 7742
2330 673 7741
2329 674 7740
2328 675 7739
2327 676 7738
2326 677 7737
2325 678 7736
2324 679 7735
2323 680 7734
2322 681 7733
2321 682 7732
2320 683 7731
2319 684 7730
2318 685 7729
2317 686 7728
2316 687 7727
2315 688 7726
2314 689 7725
2313 690 7724
2312 691 7723
2311 692 7722
2310 693 7721
2309 694 7720
2308 695 7719
2307 696 7718
2306 697 7717
2305 698 7716
2304 699 7715
2303 700 7714
2302 701 7713
2301 702 7712
2300 703 7711
2299 704 7710
2298 705 7709
2297 706 7708
2296 707 7707
2295 708 7706
2294 709 7705
2293 710 7704
2292 711 7703
2291 712 7702
2290 713 7701
2289 714 7700
2288 715 7699
2287 716 7698
2286 717 7697
2285 718 7696
2284 719 7695
2283 720 7694
2282 721 7693
2281 722 7692
2280 723 7691
2279 724 7690
2278 725 7689
2277 726 7688
2276 727 7687
2275 728 7686
2274 729 7685
2273 730 7684
2272 731 7683
2271 732 7682
2270 733 7681
2269 734 7680
2268 735 7679
2267 736 7678
2266 737 7677
2265 738 7676
2264 739 7675
2263 740 7674
2262 741 7673
2261 742 7672
2260 743 7671
2259 744 7670
2258 745 7669
2257 746 7668
2256 747 7667
2255 748 7666
2254 749 7665
2253 750 7664
2252 751 7663
2251 752 7662
2250 753 7661
2249 754 7660
2248 755 7659
2247 756 7658
2246 757 7657
2245 758 7656
2244 759 7655
2243 760 7654
2242 761 7653
2241 762 7652
2240 763 7651
2239 764 7650
2238 765 7649
2237 766 7648
2236 767 7647
2235 768 7646
2234 769 7645
2233 770 7644
2232 771 7643
2231 772 7642
2230 773 7641
2229 774 7640
2228 775 7639
2227 776 7638
2226 777 7637
2225 778 7636
2224 779 7635
2223 780 7634
2222 781 7633
2221 782 7632
2220 783 7631
2219 784 7630
2218 785 7629
2217 786 7628
2216 787 7627
2215 788 7626
2214 789 7625
2213 790 7624
2212 791 7623
2211 792 7622
2210 793 7621
2209 794 7620
2208 795 7619
2207 796 7618
2206 797 7617
2205 798 7616
2204 799 7615
2203 800 7614
2202 801 7613
2201 802 7612
2200 803 7611
2199 804 7610
2198 805 7609
2197 806 7608
2196 807 7607
2195 808 7606
2194 809 7605
2193 810 7604
2192 811 7603
2191 812 7602
2190 813 7601
2189 814 7600
2188 815 7599
2187 816 7598
2186 817 7597
2185 818 7596
2184 819 7595
2183 820 7594
2182 821 7593
2181 822 7592
2180 823 7591
2179 824 7590
2178 825 7589
2177 826 7588
2176 827 7587
2175 828 7586
2174 829 7585
2173 830 7584
2172 831 7583
2171 832 7582
2170 833 7581
2169 834 7580
2168 835 7579
2167 836 7578
2166 837 7577
2165 838 7576
2164 839 7575
2163 840 7574
2162 841 7573
2161 842 7572
2160 843 7571
2159 844 7570
2158 845 7569
2157 846 7568
2156 847 7567
2155 848 7566
2154 849 7565
2153 850 7564
2152 851 7563
2151 852 7562
2150 853 7561
2149 854 7560
2148 855 7559
2147 856 7558
2146 857 7557
2145 858 7556
2144 859 7555
2143 860 7554
2142 861 7553
2141 862 7552
2140 863 7551
2139 864 7550
2138 865 7549
2137 866 7548
2136 867 7547
2135 868 7546
2134 869 7545
2133 870 7544
2132 871 7543
2131 872 7542
2130 873 7541
2129 874 7540
2128 875 7539
2127 876 7538
2126 877 7537
2125 878 7536
2124 879 7535
2123 880 7534
2122 881 7533
2121 882 7532
2120 883 7531
2119 884 7530
2118 885 7529
2117 886 7528
2116 887 7527
2115 888 7526
2114 889 7525
2113 890 7524
2112 891 7523
2111 892 7522
2110 893 7521
2109 894 7520
2108 895 7519
2107 896 7518
2106 897 7517
2105 898 7516
2104 899 7515
2103 900 7514
2102 901 7513
2101 902 7512
2100 903 7511
2099 904 7510
2098 905 7509
2097 906 7508
2096 907 7507
2095 908 7506
2094 909 7505
2093 910 7504
2092 911 7503
2091 912 7502
2090 913 7501
2089 914 7500
2088 915 7499
2087 916 7498
2086 917 7497
2085 918 7496
2084 919 7495
2083 920 7494
2082 921 7493
2081 922 7492
2080 923 7491
2079 924 7490
2078 925 7489
2077 926 7488
2076 927 7487
2075 928 7486
2074 929 7485
2073 930 7484
2072 931 7483
2071 932 7482
2070 933 7481
2069 934 7480
2068 935 7479
2067 936 7478
2066 937 7477
2065 938 7476
2064 939 7475
2063 940 7474
2062 941 7473
2061 942 7472
2060 943 7471
2059 944 7470
2058 945 7469
2057 946 7468
2056 947 7467
2055 948 7466
2054 949 7465
2053 950 7464
2052 951 7463
2051 952 7462
2050 953 7461
2049 954 7460
2048 955 7459
2047 956 7458
2046 957 7457
2045 958 7456
2044 959 7455
2043 960 7454
2042 961 7453
2041 962 7452
2040 963 7451
2039 964 7450
2038 965 7449
2037 966 7448
2036 967 7447
2035 968 7446
2034 969 7445
2033 970 7444
2032 971 7443
2031 972 7442
2030 973 7441
2029 974 7440
2028 975 7439
2027 976 7438
2026 977 7437
2025 978 7436
2024 979 7435
2023 980 7434
2022 981 7433
2021 982 7432
2020 983 7431
2019 984 7430
2018 985 7429
2017 986 7428
2016 987 7427
2015 988 7426
2014 989 7425
2013 990 7424
2012 991 7423
2011 992 7422
2010 993 7421
2009 994 7420
2008 995 7419
2007 996 7418
2006 997 7417
2005 998 7416
2004 999 7415
2003 1000 7414
2002 1001 7413
2001 1002 7412
2000 1003 7411
1999 1004 7410
1998 1005 7409
1997 1006 7408
1996 1007 7407
1995 1008 7406
1994 1009 7405
1993 1010 7404
1992 1011 7403
1991 1012 7402
1990 1013 7401
1989 1014 7400
1988 1015 7399
1987 1016 7398
1986 1017 7397
1985 1018 7396
1984 1019 7395
1983 1020 7394
1982 1021 7393
1981 1022 7392
1980 1023 7391
1979 1024 7390
1978 1025 7389
1977 1026 7388
1976 1027 7387
1975 1028 7386
1974 1029 7385
1973 1030 7384
1972 1031 7383
1971 1032 7382
1970 1033 7381
1969 1034 7380
1968 1035 7379
1967 1036 7378
1966 1037 7377
1965 1038 7376
1964 1039 7375
1963 1040 7374
1962 1041 7373
1961 1042 7372
1960 1043 7371
1959 1044 7370
1958 1045 7369
1957 1046 7368
1956 1047 7367
1955 1048 7366
1954 1049 7365
1953 1050 7364
1952 1051 7363
1951 1052 7362
1950 1053 7361
1949 1054 7360
1948 1055 7359
1947 1056 7358
1946 1057 7357
1945 1058 7356
1944 1059 7355
1943 1060 7354
1942 1061 7353
1941 1062 7352
1940 1063 7351
1939 1064 7350
1938 1065 7349
1937 1066 7348
1936 1067 7347
1935 1068 7346
1934 1069 7345
1933 1070 7344
1932 1071 7343
1931 1072 7342
1930 1073 7341
1929 1074 7340
1928 1075 7339
1927 1076 7338
1926 1077 7337
1925 1078 7336
1924 1079 7335
1923 1080 7334
1922 1081 7333
1921 1082 7332
1920 1083 7331
1919 1084 7330
1918 1085 7329
1917 1086 7328
1916 1087 7327
1915 1088 7326
1914 1089 7325
1913 1090 7324
1912 1091 7323
1911 1092 7322
1910 1093 7321
1909 1094 7320
1908 1095 7319
1907 1096 7318
1906 1097 7317
1905 1098 7316
1904 1099 7315
1903 1100 7314
1902 1101 7313
1901 1102 7312
1900 1103 7311
1899 1104 7310
1898 1105 7309
1897 1106 7308
1896 1107 7307
1895 1108 7306
1894 1109 7305
1893 1110 7304
1892 1111 7303
1891 1112 7302
1890 1113 7301
1889 1114 7300
1888 1115 7299
1887 1116 7298
1886 1117 7297
1885 1118 7296
1884 1119 7295
1883 1120 7294
1882 1121 7293
1881 1122 7292
1880 1123 7291
1879 1124 7290
1878 1125 7289
1877 1126 7288
1876 1127 7287
1875 1128 7286
1874 1129 7285
1873 1130 7284
1872 1131 7283
1871 1132 7282
1870 1133 7281
1869 1134 7280
1868 1135 7279
1867 1136 7278
1866 1137 7277
1865 1138 7276
1864 1139 7275
1863 1140 7274
1862 1141 7273
1861 1142 7272
1860 1143 7271
1859 1144 7270
1858 1145 7269
1857 1146 7268
1856 1147 7267
1855 1148 7266
1854 1149 7265
1853 1150 7264
1852 1151 7263
1851 1152 7262
1850 1153 7261
1849 1154 7260
1848 1155 7259
1847 1156 7258
1846 1157 7257
1845 1158 7256
1844 1159 7255
1843 1160 7254
1842 1161 7253
1841 1162 7252
1840 1163 7251
1839 1164 7250
1838 1165 7249
1837 1166 7248
1836 1167 7247
1835 1168 7246
1834 1169 7245
1833 1170 7244
1832 1171 7243
1831 1172 7242
1830 1173 7241
1829 1174 7240
1828 1175 7239
1827 1176 7238
1826 1177 7237
1825 1178 7236
1824 1179 7235
1823 1180 7234
1822 1181 7233
1821 1182 7232
1820 1183 7231
1819 1184 7230
1818 1185 7229
1817 1186 7228
1816 1187 7227
1815 1188 7226
1814 1189 7225
1813 1190 7224
1812 1191 7223
1811 1192 7222
1810 1193 7221
1809 1194 7220
1808 1195 7219
1807 1196 7218
1806 1197 7217
1805 1198 7216
1804 1199 7215
1803 1200 7214
1802 1201 7213
1801 1202 7212
1800 1203 7211
1799 1204 7210
1798 1205 7209
1797 1206 7208
1796 1207 7207
1795 1208 7206
1794 1209 7205
1793 1210 7204
1792 1211 7203
1791 1212 7202
1790 1213 7201
1789 1214 7200
1788 1215 7199
1787 1216 7198
1786 1217 7197
1785 1218 7196
1784 1219 7195
1783 1220 7194
1782 1221 7193
1781 1222 7192
1780 1223 7191
1779 1224 7190
1778 1225 7189
1777 1226 7188
1776 1227 7187
1775 1228 7186
1774 1229 7185
1773 1230 7184
1772 1231 7183
1771 1232 7182
1770 1233 7181
1769 1234 7180
1768 1235 7179
1767 1236 7178
1766 1237 7177
1765 1238 7176
1764 1239 7175
1763 1240 7174
1762 1241 7173
1761 1242 7172
1760 1243 7171
1759 1244 7170
1758 1245 7169
1757 1246 7168
1756 1247 7167
1755 1248 7166
1754 1249 7165
1753 1250 7164
1752 1251 7163
1751 1252 7162
1750 1253 7161
1749 1254 7160
1748 1255 7159
1747 1256 7158
1746 1257 7157
1745 1258 7156
1744 1259 7155
1743 1260 7154
1742 1261 7153
1741 1262 7152
1740 1263 7151
1739 1264 7150
1738 1265 7149
1737 1266 7148
1736 1267 7147
1735 1268 7146
1734 1269 7145
1733 1270 7144
1732 1271 7143
1731 1272 7142
1730 1273 7141
1729 1274 7140
1728 1275 7139
1727 1276 7138
1726 1277 7137
1725 1278 7136
1724 1279 7135
1723 1280 7134
1722 1281 7133
1721 1282 7132
1720 1283 7131
1719 1284 7130
1718 1285 7129
1717 1286 7128
1716 1287 7127
1715 1288 7126
1714 1289 7125
1713 1290 7124
1712 1291 7123
1711 1292 7122
1710 1293 7121
1709 1294 7120
1708 1295 7119
1707 1296 7118
1706 1297 7117
1705 1298 7116
1704 1299 7115
1703 1300 7114
1702 1301 7113
1701 1302 7112
1700 1303 7111
1699 1304 7110
1698 1305 7109
1697 1306 7108
1696 1307 7107
1695 1308 7106
1694 1309 7105
1693 1310 7104
1692 1311 7103
1691 1312 7102
1690 1313 7101
1689 1314 7100
1688 1315 7099
1687 1316 7098
1686 1317 7097
1685 1318 7096
1684 1319 7095
1683 1320 7094
1682 1321 7093
1681 1322 7092
1680 1323 7091
1679 1324 7090
1678 1325 7089
1677 1326 7088
1676 1327 7087
1675 1328 7086
1674 1329 7085
1673 1330 7084
1672 1331 7083
1671 1332 7082
1670 1333 7081
1669 1334 7080
1668 1335 7079
1667 1336 7078
1666 1337 7077
1665 1338 7076
1664 1339 7075
1663 1340 7074
1662 1341 7073
1661 1342 7072
1660 1343 7071
1659 1344 7070
1658 1345 7069
1657 1346 7068
1656 1347 7067
1655 1348 7066
1654 1349 7065
1653 1350 7064
1652 1351 7063
1651 1352 7062
1650 1353 7061
1649 1354 7060
1648 1355 7059
1647 1356 7058
1646 1357 7057
1645 1358 7056
1644 1359 7055
1643 1360 7054
1642 1361 7053
1641 1362 7052
1640 1363 7051
1639 1364 7050
1638 1365 7049
1637 1366 7048
1636 1367 7047
1635 1368 7046
1634 1369 7045
1633 1370 7044
1632 1371 7043
1631 1372 7042
1630 1373 7041
1629 1374 7040
1628 1375 7039
1627 1376 7038
1626 1377 7037
1625 1378 7036
1624 1379 7035
1623 1380 7034
1622 1381 7033
1621 1382 7032
1620 1383 7031
1619 1384 7030
1618 1385 7029
1617 1386 7028
1616 1387 7027
1615 1388 7026
1614 1389 7025
1613 1390 7024
1612 1391 7023
1611 1392 7022
1610 1393 7021
1609 1394 7020
1608 1395 7019
1607 1396 7018
1606 1397 7017
1605 1398 7016
1604 1399 7015
1603 1400 7014
1602 1401 7013
1601 1402 7012
1600 1403 7011
1599 1404 7010
1598 1405 7009
1597 1406 7008
1596 1407 7007
1595 1408 7006
1594 1409 7005
1593 1410 7004
1592 1411 7003
1591 1412 7002
1590 1413 7001
1589 1414 7000
1588 1415 6999
1587 1416 6998
1586 1417 6997
1585 1418 6996
1584 1419 6995
1583 1420 6994
1582 1421 6993
1581 1422 6992
1580 1423 6991
1579 1424 6990
1578 1425 6989
1577 1426 6988
1576 1427 6987
1575 1428 6986
1574 1429 6985
1573 1430 6984
1572 1431 6983
1571 1432 6982
1570 1433 6981
1569 1434 6980
1568 1435 6979
1567 1436 6978
1566 1437 6977
1565 1438 6976
1564 1439 6975
1563 1440 6974
1562 1441 6973
1561 1442 6972
1560 1443 6971
1559 1444 6970
1558 1445 6969
1557 1446 6968
1556 1447 6967
1555 1448 6966
1554 1449 6965
1553 1450 6964
1552 1451 6963
1551 1452 6962
1550 1453 6961
1549 1454 6960
1548 1455 6959
1547 1456 6958
1546 1457 6957
1545 1458 6956
1544 1459 6955
1543 1460 6954
1542 1461 6953
1541 1462 6952
1540 1463 6951
1539 1464 6950
1538 1465 6949
1537 1466 6948
1536 1467 6947
1535 1468 6946
1534 1469 6945
1533 1470 6944
1532 1471 6943
1531 1472 6942
1530 1473 6941
1529 1474 6940
1528 1475 6939
1527 1476 6938
1526 1477 6937
1525 1478 6936
1524 1479 6935
1523 1480 6934
1522 1481 6933
1521 1482 6932
1520 1483 6931
1519 1484 6930
1518 1485 6929
1517 1486 6928
1516 1487 6927
1515 1488 6926
1514 1489 6925
1513 1490 6924
1512 1491 6923
1511 1492 6922
1510 1493 6921
1509 1494 6920
1508 1495 6919
1507 1496 6918
1506 1497 6917
1505 1498 6916
1504 1499 6915
1503 1500 6914
1502 1501 6913
1501 1502 6912
1500 1503 6911
1499 1504 6910
1498 1505 6909
1497 1506 6908
1496 1507 6907
1495 1508 6906
1494 1509 6905
1493 1510 6904
1492 1511 6903
1491 1512 6902
1490 1513 6901
1489 1514 6900
1488 1515 6899
1487 1516 6898
1486 1517 6897
1485 1518 6896
1484 1519 6895
1483 1520 6894
1482 1521 6893
1481 1522 6892
1480 1523 6891
1479 1524 6890
1478 1525 6889
1477 1526 6888
1476 1527 6887
1475 1528 6886
1474 1529 6885
1473 1530 6884
1472 1531 6883
1471 1532 6882
1470 1533 6881
1469 1534 6880
1468 1535 6879
1467 1536 6878
1466 1537 6877
1465 1538 6876
1464 1539 6875
1463 1540 6874
1462 1541 6873
1461 1542 6872
1460 1543 6871
1459 1544 6870
1458 1545 6869
1457 1546 6868
1456 1547 6867
1455 1548 6866
1454 1549 6865
1453 1550 6864
1452 1551 6863
1451 1552 6862
1450 1553 6861
1449 1554 6860
1448 1555 6859
1447 1556 6858
1446 1557 6857
1445 1558 6856
1444 1559 6855
1443 1560 6854
1442 1561 6853
1441 1562 6852
1440 1563 6851
1439 1564 6850
1438 1565 6849
1437 1566 6848
1436 1567 6847
1435 1568 6846
1434 1569 6845
1433 1570 6844
1432 1571 6843
1431 1572 6842
1430 1573 6841
1429 1574 6840
1428 1575 6839
1427 1576 6838
1426 1577 6837
1425 1578 6836
1424 1579 6835
1423 1580 6834
1422 1581 6833
1421 1582 6832
1420 1583 6831
1419 1584 6830
1418 1585 6829
1417 1586 6828
1416 1587 6827
1415 1588 6826
1414 1589 6825
1413 1590 6824
1412 1591 6823
1411 1592 6822
1410 1593 6821
1409 1594 6820
1408 1595 6819
1407 1596 6818
1406 1597 6817
1405 1598 6816
1404 1599 6815
1403 1600 6814
1402 1601 6813
1401 1602 6812
1400 1603 6811
1399 1604 6810
1398 1605 6809
1397 1606 6808
1396 1607 6807
1395 1608 6806
1394 1609 6805
1393 1610 6804
1392 1611 6803
1391 1612 6802
1390 1613 6801
1389 1614 6800
1388 1615 6799
1387 1616 6798
1386 1617 6797
1385 1618 6796
1384 1619 6795
1383 1620 6794
1382 1621 6793
1381 1622 6792
1380 1623 6791
1379 1624 6790
1378 1625 6789
1377 1626 6788
1376 1627 6787
1375 1628 6786
1374 1629 6785
1373 1630 6784
1372 1631 6783
1371 1632 6782
1370 1633 6781
1369 1634 6780
1368 1635 6779
1367 1636 6778
1366 1637 6777
1365 1638 6776
1364 1639 6775
1363 1640 6774
1362 1641 6773
1361 1642 6772
1360 1643 6771
1359 1644 6770
1358 1645 6769
1357 1646 6768
1356 1647 6767
1355 1648 6766
1354 1649 6765
1353 1650 6764
1352 1651 6763
1351 1652 6762
1350 1653 6761
1349 1654 6760
1348 1655 6759
1347 1656 6758
1346 1657 6757
1345 1658 6756
1344 1659 6755
1343 1660 6754
1342 1661 6753
1341 1662 6752
1340 1663 6751
1339 1664 6750
1338 1665 6749
1337 1666 6748
1336 1667 6747
1335 1668 6746
1334 1669 6745
1333 1670 6744
1332 1671 6743
1331 1672 6742
1330 1673 6741
1329 1674 6740
1328 1675 6739
1327 1676 6738
1326 1677 6737
1325 1678 6736
1324 1679 6735
1323 1680 6734
1322 1681 6733
1321 1682 6732
1320 1683 6731
1319 1684 6730
1318 1685 6729
1317 1686 6728
1316 1687 6727
1315 1688 6726
1314 1689 6725
1313 1690 6724
1312 1691 6723
1311 1692 6722
1310 1693 6721
1309 1694 6720
1308 1695 6719
1307 1696 6718
1306 1697 6717
1305 1698 6716
1304 1699 6715
1303 1700 6714
1302 1701 6713
1301 1702 6712
1300 1703 6711
1299 1704 6710
1298 1705 6709
1297 1706 6708
1296 1707 6707
1295 1708 6706
1294 1709 6705
1293 1710 6704
1292 1711 6703
1291 1712 6702
1290 1713 6701
1289 1714 6700
1288 1715 6699
1287 1716 6698
1286 1717 6697
1285 1718 6696
1284 1719 6695
1283 1720 6694
1282 1721 6693
1281 1722 6692
1280 1723 6691
1279 1724 6690
1278 1725 6689
1277 1726 6688
1276 1727 6687
1275 1728 6686
1274 1729 6685
1273 1730 6684
1272 1731 6683
1271 1732 6682
1270 1733 6681
1269 1734 6680
1268 1735 6679
1267 1736 6678
1266 1737 6677
1265 1738 6676
1264 1739 6675
1263 1740 6674
1262 1741 6673
1261 1742 6672
1260 1743 6671
1259 1744 6670
1258 1745 6669
1257 1746 6668
1256 1747 6667
1255 1748 6666
1254 1749 6665
1253 1750 6664
1252 1751 6663
1251 1752 6662
1250 1753 6661
1249 1754 6660
1248 1755 6659
1247 1756 6658
1246 1757 6657
1245 1758 6656
1244 1759 6655
1243 1760 6654
1242 1761 6653
1241 1762 6652
1240 1763 6651
1239 1764 6650
1238 1765 6649
1237 1766 6648
1236 1767 6647
1235 1768 6646
1234 1769 6645
1233 1770 6644
1232 1771 6643
1231 1772 6642
1230 1773 6641
1229 1774 6640
1228 1775 6639
1227 1776 6638
1226 1777 6637
1225 1778 6636
1224 1779 6635
1223 1780 6634
1222 1781 6633
1221 1782 6632
1220 1783 6631
1219 1784 6630
1218 1785 6629
1217 1786 6628
1216 1787 6627
1215 1788 6626
1214 1789 6625
1213 1790 6624
1212 1791 6623
1211 1792 6622
1210 1793 6621
1209 1794 6620
1208 1795 6619
1207 1796 6618
1206 1797 6617
1205 1798 6616
1204 1799 6615
1203 1800 6614
1202 1801 6613
1201 1802 6612
1200 1803 6611
1199 1804 6610
1198 1805 6609
1197 1806 6608
1196 1807 6607
1195 1808 6606
1194 1809 6605
1193 1810 6604
1192 1811 6603
1191 1812 6602
1190 1813 6601
1189 1814 6600
1188 1815 6599
1187 1816 6598
1186 1817 6597
1185 1818 6596
1184 1819 6595
1183 1820 6594
1182 1821 6593
1181 1822 6592
1180 1823 6591
1179 1824 6590
1178 1825 6589
1177 1826 6588
1176 1827 6587
1175 1828 6586
1174 1829 6585
1173 1830 6584
1172 1831 6583
1171 1832 6582
1170 1833 6581
1169 1834 6580
1168 1835 6579
1167 1836 6578
1166 1837 6577
1165 1838 6576
1164 1839 6575
1163 1840 6574
1162 1841 6573
1161 1842 6572
1160 1843 6571
1159 1844 6570
1158 1845 6569
1157 1846 6568
1156 1847 6567
1155 1848 6566
1154 1849 6565
1153 1850 6564
1152 1851 6563
1151 1852 6562
1150 1853 6561
1149 1854 6560
1148 1855 6559
1147 1856 6558
1146 1857 6557
1145 1858 6556
1144 1859 6555
1143 1860 6554
1142 1861 6553
1141 1862 6552
1140 1863 6551
1139 1864 6550
1138 1865 6549
1137 1866 6548
1136 1867 6547
1135 1868 6546
1134 1869 6545
1133 1870 6544
1132 1871 6543
1131 1872 6542
1130 1873 6541
1129 1874 6540
1128 1875 6539
1127 1876 6538
1126 1877 6537
1125 1878 6536
1124 1879 6535
1123 1880 6534
1122 1881 6533
1121 1882 6532
1120 1883 6531
1119 1884 6530
1118 1885 6529
1117 1886 6528
1116 1887 6527
1115 1888 6526
1114 1889 6525
1113 1890 6524
1112 1891 6523
1111 1892 6522
1110 1893 6521
1109 1894 6520
1108 1895 6519
1107 1896 6518
1106 1897 6517
1105 1898 6516
1104 1899 6515
1103 1900 6514
1102 1901 6513
1101 1902 6512
1100 1903 6511
1099 1904 6510
1098 1905 6509
1097 1906 6508
1096 1907 6507
1095 1908 6506
1094 1909 6505
1093 1910 6504
1092 1911 6503
1091 1912 6502
1090 1913 6501
1089 1914 6500
1088 1915 6499
1087 1916 6498
1086 1917 6497
1085 1918 6496
1084 1919 6495
1083 1920 6494
1082 1921 6493
1081 1922 6492
1080 1923 6491
1079 1924 6490
1078 1925 6489
1077 1926 6488
1076 1927 6487
1075 1928 6486
1074 1929 6485
1073 1930 6484
1072 1931 6483
1071 1932 6482
1070 1933 6481
1069 1934 6480
1068 1935 6479
1067 1936 6478
1066 1937 6477
1065 1938 6476
1064 1939 6475
1063 1940 6474
1062 1941 6473
1061 1942 6472
1060 1943 6471
1059 1944 6470
1058 1945 6469
1057 1946 6468
1056 1947 6467
1055 1948 6466
1054 1949 6465
1053 1950 6464
1052 1951 6463
1051 1952 6462
1050 1953 6461
1049 1954 6460
1048 1955 6459
1047 1956 6458
1046 1957 6457
1045 1958 6456
1044 1959 6455
1043 1960 6454
1042 1961 6453
1041 1962 6452
1040 1963 6451
1039 1964 6450
1038 1965 6449
1037 1966 6448
1036 1967 6447
1035 1968 6446
1034 1969 6445
1033 1970 6444
1032 1971 6443
1031 1972 6442
1030 1973 6441
1029 1974 6440
1028 1975 6439
1027 1976 6438
1026 1977 6437
1025 1978 6436
1024 1979 6435
1023 1980 6434
1022 1981 6433
1021 1982 6432
1020 1983 6431
1019 1984 6430
1018 1985 6429
1017 1986 6428
1016 1987 6427
1015 1988 6426
1014 1989 6425
1013 1990 6424
1012 1991 6423
1011 1992 6422
1010 1993 6421
1009 1994 6420
1008 1995 6419
1007 1996 6418
1006 1997 6417
1005 1998 6416
1004 1999 6415
1003 2000 6414
1002 2001 6413
1001 2002 6412
1000 2003 6411
999 2004 6410
998 2005 6409
997 2006 6408
996 2007 6407
995 2008 6406
994 2009 6405
993 2010 6404
992 2011 6403
991 2012 6402
990 2013 6401
989 2014 6400
988 2015 6399
987 2016 6398
986 2017 6397
985 2018 6396
984 2019 6395
983 2020 6394
982 2021 6393
981 2022 6392
980 2023 6391
979 2024 6390
978 2025 6389
977 2026 6388
976 2027 6387
975 2028 6386
974 2029 6385
973 2030 6384
972 2031 6383
971 2032 6382
970 2033 6381
969 2034 6380
968 2035 6379
967 2036 6378
966 2037 6377
965 2038 6376
964 2039 6375
963 2040 6374
962 2041 6373
961 2042 6372
960 2043 6371
959 2044 6370
958 2045 6369
957 2046 6368
956 2047 6367
955 2048 6366
954 2049 6365
953 2050 6364
952 2051 6363
951 2052 6362
950 2053 6361
949 2054 6360
948 2055 6359
947 2056 6358
946 2057 6357
945 2058 6356
944 2059 6355
943 2060 6354
942 2061 6353
941 2062 6352
940 2063 6351
939 2064 6350
938 2065 6349
937 2066 6348
936 2067 6347
935 2068 6346
934 2069 6345
933 2070 6344
932 2071 6343
931 2072 6342
930 2073 6341
929 2074 6340
928 2075 6339
927 2076 6338
926 2077 6337
925 2078 6336
924 2079 6335
923 2080 6334
922 2081 6333
921 2082 6332
920 2083 6331
919 2084 6330
918 2085 6329
917 2086 6328
916 2087 6327
915 2088 6326
914 2089 6325
913 2090 6324
912 2091 6323
911 2092 6322
910 2093 6321
909 2094 6320
908 2095 6319
907 2096 6318
906 2097 6317
905 2098 6316
904 2099 6315
903 2100 6314
902 2101 6313
901 2102 6312
900 2103 6311
899 2104 6310
898 2105 6309
897 2106 6308
896 2107 6307
895 2108 6306
894 2109 6305
893 2110 6304
892 2111 6303
891 2112 6302
890 2113 6301
889 2114 6300
888 2115 6299
887 2116 6298
886 2117 6297
885 2118 6296
884 2119 6295
883 2120 6294
882 2121 6293
881 2122 6292
880 2123 6291
879 2124 6290
878 2125 6289
877 2126 6288
876 2127 6287
875 2128 6286
874 2129 6285
873 2130 6284
872 2131 6283
871 2132 6282
870 2133 6281
869 2134 6280
868 2135 6279
867 2136 6278
866 2137 6277
865 2138 6276
864 2139 6275
863 2140 6274
862 2141 6273
861 2142 6272
860 2143 6271
859 2144 6270
858 2145 6269
857 2146 6268
856 2147 6267
855 2148 6266
854 2149 6265
853 2150 6264
852 2151 6263
851 2152 6262
850 2153 6261
849 2154 6260
848 2155 6259
847 2156 6258
846 2157 6257
845 2158 6256
844 2159 6255
843 2160 6254
842 2161 6253
841 2162 6252
840 2163 6251
839 2164 6250
838 2165 6249
837 2166 6248
836 2167 6247
835 2168 6246
834 2169 6245
833 2170 6244
832 2171 6243
831 2172 6242
830 2173 6241
829 2174 6240
828 2175 6239
827 2176 6238
826 2177 6237
825 2178 6236
824 2179 6235
823 2180 6234
822 2181 6233
821 2182 6232
820 2183 6231
819 2184 6230
818 2185 6229
817 2186 6228
816 2187 6227
815 2188 6226
814 2189 6225
813 2190 6224
812 2191 6223
811 2192 6222
810 2193 6221
809 2194 6220
808 2195 6219
807 2196 6218
806 2197 6217
805 2198 6216
804 2199 6215
803 2200 6214
802 2201 6213
801 2202 6212
800 2203 6211
799 2204 6210
798 2205 6209
797 2206 6208
796 2207 6207
795 2208 6206
794 2209 6205
793 2210 6204
792 2211 6203
791 2212 6202
790 2213 6201
789 2214 6200
788 2215 6199
787 2216 6198
786 2217 6197
785 2218 6196
784 2219 6195
783 2220 6194
782 2221 6193
781 2222 6192
780 2223 6191
779 2224 6190
778 2225 6189
777 2226 6188
776 2227 6187
775 2228 6186
774 2229 6185
773 2230 6184
772 2231 6183
771 2232 6182
770 2233 6181
769 2234 6180
768 2235 6179
767 2236 6178
766 2237 6177
765 2238 6176
764 2239 6175
763 2240 6174
762 2241 6173
761 2242 6172
760 2243 6171
759 2244 6170
758 2245 6169
757 2246 6168
756 2247 6167
755 2248 6166
754 2249 6165
753 2250 6164
752 2251 6163
751 2252 6162
750 2253 6161
749 2254 6160
748 2255 6159
747 2256 6158
746 2257 6157
745 2258 6156
744 2259 6155
743 2260 6154
742 2261 6153
741 2262 6152
740 2263 6151
739 2264 6150
738 2265 6149
737 2266 6148
736 2267 6147
735 2268 6146
734 2269 6145
733 2270 6144
732 2271 6143
731 2272 6142
730 2273 6141
729 2274 6140
728 2275 6139
727 2276 6138
726 2277 6137
725 2278 6136
724 2279 6135
723 2280 6134
722 2281 6133
721 2282 6132
720 2283 6131
719 2284 6130
718 2285 6129
717 2286 6128
716 2287 6127
715 2288 6126
714 2289 6125
713 2290 6124
712 2291 6123
711 2292 6122
710 2293 6121
709 2294 6120
708 2295 6119
707 2296 6118
706 2297 6117
705 2298 6116
704 2299 6115
703 2300 6114
702 2301 6113
701 2302 6112
700 2303 6111
699 2304 6110
698 2305 6109
697 2306 6108
696 2307 6107
695 2308 6106
694 2309 6105
693 2310 6104
692 2311 6103
691 2312 6102
690 2313 6101
689 2314 6100
688 2315 6099
687 2316 6098
686 2317 6097
685 2318 6096
684 2319 6095
683 2320 6094
682 2321 6093
681 2322 6092
680 2323 6091
679 2324 6090
678 2325 6089
677 2326 6088
676 2327 6087
675 2328 6086
674 2329 6085
673 2330 6084
672 2331 6083
671 2332 6082
670 2333 6081
669 2334 6080
668 2335 6079
667 2336 6078
666 2337 6077
665 2338 6076
664 2339 6075
663 2340 6074
662 2341 6073
661 2342 6072
660 2343 6071
659 2344 6070
658 2345 6069
657 2346 6068
656 2347 6067
655 2348 6066
654 2349 6065
653 2350 6064
652 2351 6063
651 2352 6062
650 2353 6061
649 2354 6060
648 2355 6059
647 2356 6058
646 2357 6057
645 2358 6056
644 2359 6055
643 2360 6054
642 2361 6053
641 2362 6052
640 2363 6051
639 2364 6050
638 2365 6049
637 2366 6048
636 2367 6047
635 2368 6046
634 2369 6045
633 2370 6044
632 2371 6043
631 2372 6042
630 2373 6041
629 2374 6040
628 2375 6039
627 2376 6038
626 2377 6037
625 2378 6036
624 2379 6035
623 2380 6034
622 2381 6033
621 2382 6032
620 2383 6031
619 2384 6030
618 2385 6029
617 2386 6028
616 2387 6027
615 2388 6026
614 2389 6025
613 2390 6024
612 2391 6023
611 2392 6022
610 2393 6021
609 2394 6020
608 2395 6019
607 2396 6018
606 2397 6017
605 2398 6016
604 2399 6015
603 2400 6014
602 2401 6013
601 2402 6012
600 2403 6011
599 2404 6010
598 2405 6009
597 2406 6008
596 2407 6007
595 2408 6006
594 2409 6005
593 2410 6004
592 2411 6003
591 2412 6002
590 2413 6001
