2072
3000 3 8072
2999 4 8071
2998 5 8070
2997 6 8069
2996 7 8068
2995 8 8067
2994 9 8066
2993 10 8065
2992 11 8064
2991 12 8063
2990 13 8062
2989 14 8061
2988 15 8060
2987 16 8059
2986 17 8058
2985 18 8057
2984 19 8056
2983 20 8055
2982 21 8054
2981 22 8053
2980 23 8052
2979 24 8051
2978 25 8050
2977 26 8049
2976 27 8048
2975 28 8047
2974 29 8046
2973 30 8045
2972 31 8044
2971 32 8043
2970 33 8042
2969 34 8041
2968 35 8040
2967 36 8039
2966 37 8038
2965 38 8037
2964 39 8036
2963 40 8035
2962 41 8034
2961 42 8033
2960 43 8032
2959 44 8031
2958 45 8030
2957 46 8029
2956 47 8028
2955 48 8027
2954 49 8026
2953 50 8025
2952 51 8024
2951 52 8023
2950 53 8022
2949 54 8021
2948 55 8020
2947 56 8019
2946 57 8018
2945 58 8017
2944 59 8016
2943 60 8015
2942 61 8014
2941 62 8013
2940 63 8012
2939 64 8011
2938 65 8010
2937 66 8009
2936 67 8008
2935 68 8007
2934 69 8006
2933 70 8005
2932 71 8004
2931 72 8003
2930 73 8002
2929 74 8001
2928 75 8000
2927 76 7999
2926 77 7998
2925 78 7997
2924 79 7996
2923 80 7995
2922 81 7994
2921 82 7993
2920 83 7992
2919 84 7991
2918 85 7990
2917 86 7989
2916 87 7988
2915 88 7987
2914 89 7986
2913 90 7985
2912 91 7984
2911 92 7983
2910 93 7982
2909 94 7981
2908 95 7980
2907 96 7979
2906 97 7978
2905 98 7977
2904 99 7976
2903 100 7975
2902 101 7974
2901 102 7973
2900 103 7972
2899 104 7971
2898 105 7970
2897 106 7969
2896 107 7968
2895 108 7967
2894 109 7966
2893 110 7965
2892 111 7964
2891 112 7963
2890 113 7962
2889 114 7961
2888 115 7960
2887 116 7959
2886 117 7958
2885 118 7957
2884 119 7956
2883 120 7955
2882 121 7954
2881 122 7953
2880 123 7952
2879 124 7951
2878 125 7950
2877 126 7949
2876 127 7948
2875 128 7947
2874 129 7946
2873 130 7945
2872 131 7944
2871 132 7943
2870 133 7942
2869 134 7941
2868 135 7940
2867 136 7939
2866 137 7938
2865 138 7937
2864 139 7936
2863 140 7935
2862 141 7934
2861 142 7933
2860 143 7932
2859 144 7931
2858 145 7930
2857 146 7929
2856 147 7928
2855 148 7927
2854 149 7926
2853 150 7925
2852 151 7924
2851 152 7923
2850 153 7922
2849 154 7921
2848 155 7920
2847 156 7919
2846 157 7918
2845 158 7917
2844 159 7916
2843 160 7915
2842 161 7914
2841 162 7913
2840 163 7912
2839 164 7911
2838 165 7910
2837 166 7909
2836 167 7908
2835 168 7907
2834 169 7906
2833 170 7905
2832 171 7904
2831 172 7903
2830 173 7902
2829 174 7901
2828 175 7900
2827 176 7899
2826 177 7898
2825 178 7897
2824 179 7896
2823 180 7895
2822 181 7894
2821 182 7893
2820 183 7892
2819 184 7891
2818 185 7890
2817 186 7889
2816 187 7888
2815 188 7887
2814 189 7886
2813 190 7885
2812 191 7884
2811 192 7883
2810 193 7882
2809 194 7881
2808 195 7880
2807 196 7879
2806 197 7878
2805 198 7877
2804 199 7876
2803 200 7875
2802 201 7874
2801 202 7873
2800 203 7872
2799 204 7871
2798 205 7870
2797 206 7869
2796 207 7868
2795 208 7867
2794 209 7866
2793 210 7865
2792 211 7864
2791 212 7863
2790 213 7862
2789 214 7861
2788 215 7860
2787 216 7859
2786 217 7858
2785 218 7857
2784 219 7856
2783 220 7855
2782 221 7854
2781 222 7853
2780 223 7852
2779 224 7851
2778 225 7850
2777 226 7849
2776 227 7848
2775 228 7847
2774 229 7846
2773 230 7845
2772 231 7844
2771 232 7843
2770 233 7842
2769 234 7841
2768 235 7840
2767 236 7839
2766 237 7838
2765 238 7837
2764 239 7836
2763 240 7835
2762 241 7834
2761 242 7833
2760 243 7832
2759 244 7831
2758 245 7830
2757 246 7829
2756 247 7828
2755 248 7827
2754 249 7826
2753 250 7825
2752 251 7824
2751 252 7823
2750 253 7822
2749 254 7821
2748 255 7820
2747 256 7819
2746 257 7818
2745 258 7817
2744 259 7816
2743 260 7815
2742 261 7814
2741 262 7813
2740 263 7812
2739 264 7811
2738 265 7810
2737 266 7809
2736 267 7808
2735 268 7807
2734 269 7806
2733 270 7805
2732 271 7804
2731 272 7803
2730 273 7802
2729 274 7801
2728 275 7800
2727 276 7799
2726 277 7798
2725 278 7797
2724 279 7796
2723 280 7795
2722 281 7794
2721 282 7793
2720 283 7792
2719 284 7791
2718 285 7790
2717 286 7789
2716 287 7788
2715 288 7787
2714 289 7786
2713 290 7785
2712 291 7784
2711 292 7783
2710 293 7782
2709 294 7781
2708 295 7780
2707 296 7779
2706 297 7778
2705 298 7777
2704 299 7776
2703 300 7775
2702 301 7774
2701 302 7773
2700 303 7772
2699 304 7771
2698 305 7770
2697 306 7769
2696 307 7768
2695 308 7767
2694 309 7766
2693 310 7765
2692 311 7764
2691 312 7763
2690 313 7762
2689 314 7761
2688 315 7760
2687 316 7759
2686 317 7758
2685 318 7757
2684 319 7756
2683 320 7755
2682 321 7754
2681 322 7753
2680 323 7752
2679 324 7751
2678 325 7750
2677 326 7749
2676 327 7748
2675 328 7747
2674 329 7746
2673 330 7745
2672 331 7744
2671 332 7743
2670 333 7742
2669 334 7741
2668 335 7740
2667 336 7739
2666 337 7738
2665 338 7737
2664 339 7736
2663 340 7735
2662 341 7734
2661 342 7733
2660 343 7732
2659 344 7731
2658 345 7730
2657 346 7729
2656 347 7728
2655 348 7727
2654 349 7726
2653 350 7725
2652 351 7724
2651 352 7723
2650 353 7722
2649 354 7721
2648 355 7720
2647 356 7719
2646 357 7718
2645 358 7717
2644 359 7716
2643 360 7715
2642 361 7714
2641 362 7713
2640 363 7712
2639 364 7711
2638 365 7710
2637 366 7709
2636 367 7708
2635 368 7707
2634 369 7706
2633 370 7705
2632 371 7704
2631 372 7703
2630 373 7702
2629 374 7701
2628 375 7700
2627 376 7699
2626 377 7698
2625 378 7697
2624 379 7696
2623 380 7695
2622 381 7694
2621 382 7693
2620 383 7692
2619 384 7691
2618 385 7690
2617 386 7689
2616 387 7688
2615 388 7687
2614 389 7686
2613 390 7685
2612 391 7684
2611 392 7683
2610 393 7682
2609 394 7681
2608 395 7680
2607 396 7679
2606 397 7678
2605 398 7677
2604 399 7676
2603 400 7675
2602 401 7674
2601 402 7673
2600 403 7672
2599 404 7671
2598 405 7670
2597 406 7669
2596 407 7668
2595 408 7667
2594 409 7666
2593 410 7665
2592 411 7664
2591 412 7663
2590 413 7662
2589 414 7661
2588 415 7660
2587 416 7659
2586 417 7658
2585 418 7657
2584 419 7656
2583 420 7655
2582 421 7654
2581 422 7653
2580 423 7652
2579 424 7651
2578 425 7650
2577 426 7649
2576 427 7648
2575 428 7647
2574 429 7646
2573 430 7645
2572 431 7644
2571 432 7643
2570 433 7642
2569 434 7641
2568 435 7640
2567 436 7639
2566 437 7638
2565 438 7637
2564 439 7636
2563 440 7635
2562 441 7634
2561 442 7633
2560 443 7632
2559 444 7631
2558 445 7630
2557 446 7629
2556 447 7628
2555 448 7627
2554 449 7626
2553 450 7625
2552 451 7624
2551 452 7623
2550 453 7622
2549 454 7621
2548 455 7620
2547 456 7619
2546 457 7618
2545 458 7617
2544 459 7616
2543 460 7615
2542 461 7614
2541 462 7613
2540 463 7612
2539 464 7611
2538 465 7610
2537 466 7609
2536 467 7608
2535 468 7607
2534 469 7606
2533 470 7605
2532 471 7604
2531 472 7603
2530 473 7602
2529 474 7601
2528 475 7600
2527 476 7599
2526 477 7598
2525 478 7597
2524 479 7596
2523 480 7595
2522 481 7594
2521 482 7593
2520 483 7592
2519 484 7591
2518 485 7590
2517 486 7589
2516 487 7588
2515 488 7587
2514 489 7586
2513 490 7585
2512 491 7584
2511 492 7583
2510 493 7582
2509 494 7581
2508 495 7580
2507 496 7579
2506 497 7578
2505 498 7577
2504 499 7576
2503 500 7575
2502 501 7574
2501 502 7573
2500 503 7572
2499 504 7571
2498 505 7570
2497 506 7569
2496 507 7568
2495 508 7567
2494 509 7566
2493 510 7565
2492 511 7564
2491 512 7563
2490 513 7562
2489 514 7561
2488 515 7560
2487 516 7559
2486 517 7558
2485 518 7557
2484 519 7556
2483 520 7555
2482 521 7554
2481 522 7553
2480 523 7552
2479 524 7551
2478 525 7550
2477 526 7549
2476 527 7548
2475 528 7547
2474 529 7546
2473 530 7545
2472 531 7544
2471 532 7543
2470 533 7542
2469 534 7541
2468 535 7540
2467 536 7539
2466 537 7538
2465 538 7537
2464 539 7536
2463 540 7535
2462 541 7534
2461 542 7533
2460 543 7532
2459 544 7531
2458 545 7530
2457 546 7529
2456 547 7528
2455 548 7527
2454 549 7526
2453 550 7525
2452 551 7524
2451 552 7523
2450 553 7522
2449 554 7521
2448 555 7520
2447 556 7519
2446 557 7518
2445 558 7517
2444 559 7516
2443 560 7515
2442 561 7514
2441 562 7513
2440 563 7512
2439 564 7511
2438 565 7510
2437 566 7509
2436 567 7508
2435 568 7507
2434 569 7506
2433 570 7505
2432 571 7504
2431 572 7503
2430 573 7502
2429 574 7501
2428 575 7500
2427 576 7499
2426 577 7498
2425 578 7497
2424 579 7496
2423 580 7495
2422 581 7494
2421 582 7493
2420 583 7492
2419 584 7491
2418 585 7490
2417 586 7489
2416 587 7488
2415 588 7487
2414 589 7486
2413 590 7485
2412 591 7484
2411 592 7483
2410 593 7482
2409 594 7481
2408 595 7480
2407 596 7479
2406 597 7478
2405 598 7477
2404 599 7476
2403 600 7475
2402 601 7474
2401 602 7473
2400 603 7472
2399 604 7471
2398 605 7470
2397 606 7469
2396 607 7468
2395 608 7467
2394 609 7466
2393 610 7465
2392 611 7464
2391 612 7463
2390 613 7462
2389 614 7461
2388 615 7460
2387 616 7459
2386 617 7458
2385 618 7457
2384 619 7456
2383 620 7455
2382 621 7454
2381 622 7453
2380 623 7452
2379 624 7451
2378 625 7450
2377 626 7449
2376 627 7448
2375 628 7447
2374 629 7446
2373 630 7445
2372 631 7444
2371 632 7443
2370 633 7442
2369 634 7441
2368 635 7440
2367 636 7439
2366 637 7438
2365 638 7437
2364 639 7436
2363 640 7435
2362 641 7434
2361 642 7433
2360 643 7432
2359 644 7431
2358 645 7430
2357 646 7429
2356 647 7428
2355 648 7427
2354 649 7426
2353 650 7425
2352 651 7424
2351 652 7423
2350 653 7422
2349 654 7421
2348 655 7420
2347 656 7419
2346 657 7418
2345 658 7417
2344 659 7416
2343 660 7415
2342 661 7414
2341 662 7413
2340 663 7412
2339 664 7411
2338 665 7410
2337 666 7409
2336 667 7408
2335 668 7407
2334 669 7406
2333 670 7405
2332 671 7404
2331 672 7403
2330 673 7402
2329 674 7401
2328 675 7400
2327 676 7399
2326 677 7398
2325 678 7397
2324 679 7396
2323 680 7395
2322 681 7394
2321 682 7393
2320 683 7392
2319 684 7391
2318 685 7390
2317 686 7389
2316 687 7388
2315 688 7387
2314 689 7386
2313 690 7385
2312 691 7384
2311 692 7383
2310 693 7382
2309 694 7381
2308 695 7380
2307 696 7379
2306 697 7378
2305 698 7377
2304 699 7376
2303 700 7375
2302 701 7374
2301 702 7373
2300 703 7372
2299 704 7371
2298 705 7370
2297 706 7369
2296 707 7368
2295 708 7367
2294 709 7366
2293 710 7365
2292 711 7364
2291 712 7363
2290 713 7362
2289 714 7361
2288 715 7360
2287 716 7359
2286 717 7358
2285 718 7357
2284 719 7356
2283 720 7355
2282 721 7354
2281 722 7353
2280 723 7352
2279 724 7351
2278 725 7350
2277 726 7349
2276 727 7348
2275 728 7347
2274 729 7346
2273 730 7345
2272 731 7344
2271 732 7343
2270 733 7342
2269 734 7341
2268 735 7340
2267 736 7339
2266 737 7338
2265 738 7337
2264 739 7336
2263 740 7335
2262 741 7334
2261 742 7333
2260 743 7332
2259 744 7331
2258 745 7330
2257 746 7329
2256 747 7328
2255 748 7327
2254 749 7326
2253 750 7325
2252 751 7324
2251 752 7323
2250 753 7322
2249 754 7321
2248 755 7320
2247 756 7319
2246 757 7318
2245 758 7317
2244 759 7316
2243 760 7315
2242 761 7314
2241 762 7313
2240 763 7312
2239 764 7311
2238 765 7310
2237 766 7309
2236 767 7308
2235 768 7307
2234 769 7306
2233 770 7305
2232 771 7304
2231 772 7303
2230 773 7302
2229 774 7301
2228 775 7300
2227 776 7299
2226 777 7298
2225 778 7297
2224 779 7296
2223 780 7295
2222 781 7294
2221 782 7293
2220 783 7292
2219 784 7291
2218 785 7290
2217 786 7289
2216 787 7288
2215 788 7287
2214 789 7286
2213 790 7285
2212 791 7284
2211 792 7283
2210 793 7282
2209 794 7281
2208 795 7280
2207 796 7279
2206 797 7278
2205 798 7277
2204 799 7276
2203 800 7275
2202 801 7274
2201 802 7273
2200 803 7272
2199 804 7271
2198 805 7270
2197 806 7269
2196 807 7268
2195 808 7267
2194 809 7266
2193 810 7265
2192 811 7264
2191 812 7263
2190 813 7262
2189 814 7261
2188 815 7260
2187 816 7259
2186 817 7258
2185 818 7257
2184 819 7256
2183 820 7255
2182 821 7254
2181 822 7253
2180 823 7252
2179 824 7251
2178 825 7250
2177 826 7249
2176 827 7248
2175 828 7247
2174 829 7246
2173 830 7245
2172 831 7244
2171 832 7243
2170 833 7242
2169 834 7241
2168 835 7240
2167 836 7239
2166 837 7238
2165 838 7237
2164 839 7236
2163 840 7235
2162 841 7234
2161 842 7233
2160 843 7232
2159 844 7231
2158 845 7230
2157 846 7229
2156 847 7228
2155 848 7227
2154 849 7226
2153 850 7225
2152 851 7224
2151 852 7223
2150 853 7222
2149 854 7221
2148 855 7220
2147 856 7219
2146 857 7218
2145 858 7217
2144 859 7216
2143 860 7215
2142 861 7214
2141 862 7213
2140 863 7212
2139 864 7211
2138 865 7210
2137 866 7209
2136 867 7208
2135 868 7207
2134 869 7206
2133 870 7205
2132 871 7204
2131 872 7203
2130 873 7202
2129 874 7201
2128 875 7200
2127 876 7199
2126 877 7198
2125 878 7197
2124 879 7196
2123 880 7195
2122 881 7194
2121 882 7193
2120 883 7192
2119 884 7191
2118 885 7190
2117 886 7189
2116 887 7188
2115 888 7187
2114 889 7186
2113 890 7185
2112 891 7184
2111 892 7183
2110 893 7182
2109 894 7181
2108 895 7180
2107 896 7179
2106 897 7178
2105 898 7177
2104 899 7176
2103 900 7175
2102 901 7174
2101 902 7173
2100 903 7172
2099 904 7171
2098 905 7170
2097 906 7169
2096 907 7168
2095 908 7167
2094 909 7166
2093 910 7165
2092 911 7164
2091 912 7163
2090 913 7162
2089 914 7161
2088 915 7160
2087 916 7159
2086 917 7158
2085 918 7157
2084 919 7156
2083 920 7155
2082 921 7154
2081 922 7153
2080 923 7152
2079 924 7151
2078 925 7150
2077 926 7149
2076 927 7148
2075 928 7147
2074 929 7146
2073 930 7145
2072 931 7144
2071 932 7143
2070 933 7142
2069 934 7141
2068 935 7140
2067 936 7139
2066 937 7138
2065 938 7137
2064 939 7136
2063 940 7135
2062 941 7134
2061 942 7133
2060 943 7132
2059 944 7131
2058 945 7130
2057 946 7129
2056 947 7128
2055 948 7127
2054 949 7126
2053 950 7125
2052 951 7124
2051 952 7123
2050 953 7122
2049 954 7121
2048 955 7120
2047 956 7119
2046 957 7118
2045 958 7117
2044 959 7116
2043 960 7115
2042 961 7114
2041 962 7113
2040 963 7112
2039 964 7111
2038 965 7110
2037 966 7109
2036 967 7108
2035 968 7107
2034 969 7106
2033 970 7105
2032 971 7104
2031 972 7103
2030 973 7102
2029 974 7101
2028 975 7100
2027 976 7099
2026 977 7098
2025 978 7097
2024 979 7096
2023 980 7095
2022 981 7094
2021 982 7093
2020 983 7092
2019 984 7091
2018 985 7090
2017 986 7089
2016 987 7088
2015 988 7087
2014 989 7086
2013 990 7085
2012 991 7084
2011 992 7083
2010 993 7082
2009 994 7081
2008 995 7080
2007 996 7079
2006 997 7078
2005 998 7077
2004 999 7076
2003 1000 7075
2002 1001 7074
2001 1002 7073
2000 1003 7072
1999 1004 7071
1998 1005 7070
1997 1006 7069
1996 1007 7068
1995 1008 7067
1994 1009 7066
1993 1010 7065
1992 1011 7064
1991 1012 7063
1990 1013 7062
1989 1014 7061
1988 1015 7060
1987 1016 7059
1986 1017 7058
1985 1018 7057
1984 1019 7056
1983 1020 7055
1982 1021 7054
1981 1022 7053
1980 1023 7052
1979 1024 7051
1978 1025 7050
1977 1026 7049
1976 1027 7048
1975 1028 7047
1974 1029 7046
1973 1030 7045
1972 1031 7044
1971 1032 7043
1970 1033 7042
1969 1034 7041
1968 1035 7040
1967 1036 7039
1966 1037 7038
1965 1038 7037
1964 1039 7036
1963 1040 7035
1962 1041 7034
1961 1042 7033
1960 1043 7032
1959 1044 7031
1958 1045 7030
1957 1046 7029
1956 1047 7028
1955 1048 7027
1954 1049 7026
1953 1050 7025
1952 1051 7024
1951 1052 7023
1950 1053 7022
1949 1054 7021
1948 1055 7020
1947 1056 7019
1946 1057 7018
1945 1058 7017
1944 1059 7016
1943 1060 7015
1942 1061 7014
1941 1062 7013
1940 1063 7012
1939 1064 7011
1938 1065 7010
1937 1066 7009
1936 1067 7008
1935 1068 7007
1934 1069 7006
1933 1070 7005
1932 1071 7004
1931 1072 7003
1930 1073 7002
1929 1074 7001
1928 1075 7000
1927 1076 6999
1926 1077 6998
1925 1078 6997
1924 1079 6996
1923 1080 6995
1922 1081 6994
1921 1082 6993
1920 1083 6992
1919 1084 6991
1918 1085 6990
1917 1086 6989
1916 1087 6988
1915 1088 6987
1914 1089 6986
1913 1090 6985
1912 1091 6984
1911 1092 6983
1910 1093 6982
1909 1094 6981
1908 1095 6980
1907 1096 6979
1906 1097 6978
1905 1098 6977
1904 1099 6976
1903 1100 6975
1902 1101 6974
1901 1102 6973
1900 1103 6972
1899 1104 6971
1898 1105 6970
1897 1106 6969
1896 1107 6968
1895 1108 6967
1894 1109 6966
1893 1110 6965
1892 1111 6964
1891 1112 6963
1890 1113 6962
1889 1114 6961
1888 1115 6960
1887 1116 6959
1886 1117 6958
1885 1118 6957
1884 1119 6956
1883 1120 6955
1882 1121 6954
1881 1122 6953
1880 1123 6952
1879 1124 6951
1878 1125 6950
1877 1126 6949
1876 1127 6948
1875 1128 6947
1874 1129 6946
1873 1130 6945
1872 1131 6944
1871 1132 6943
1870 1133 6942
1869 1134 6941
1868 1135 6940
1867 1136 6939
1866 1137 6938
1865 1138 6937
1864 1139 6936
1863 1140 6935
1862 1141 6934
1861 1142 6933
1860 1143 6932
1859 1144 6931
1858 1145 6930
1857 1146 6929
1856 1147 6928
1855 1148 6927
1854 1149 6926
1853 1150 6925
1852 1151 6924
1851 1152 6923
1850 1153 6922
1849 1154 6921
1848 1155 6920
1847 1156 6919
1846 1157 6918
1845 1158 6917
1844 1159 6916
1843 1160 6915
1842 1161 6914
1841 1162 6913
1840 1163 6912
1839 1164 6911
1838 1165 6910
1837 1166 6909
1836 1167 6908
1835 1168 6907
1834 1169 6906
1833 1170 6905
1832 1171 6904
1831 1172 6903
1830 1173 6902
1829 1174 6901
1828 1175 6900
1827 1176 6899
1826 1177 6898
1825 1178 6897
1824 1179 6896
1823 1180 6895
1822 1181 6894
1821 1182 6893
1820 1183 6892
1819 1184 6891
1818 1185 6890
1817 1186 6889
1816 1187 6888
1815 1188 6887
1814 1189 6886
1813 1190 6885
1812 1191 6884
1811 1192 6883
1810 1193 6882
1809 1194 6881
1808 1195 6880
1807 1196 6879
1806 1197 6878
1805 1198 6877
1804 1199 6876
1803 1200 6875
1802 1201 6874
1801 1202 6873
1800 1203 6872
1799 1204 6871
1798 1205 6870
1797 1206 6869
1796 1207 6868
1795 1208 6867
1794 1209 6866
1793 1210 6865
1792 1211 6864
1791 1212 6863
1790 1213 6862
1789 1214 6861
1788 1215 6860
1787 1216 6859
1786 1217 6858
1785 1218 6857
1784 1219 6856
1783 1220 6855
1782 1221 6854
1781 1222 6853
1780 1223 6852
1779 1224 6851
1778 1225 6850
1777 1226 6849
1776 1227 6848
1775 1228 6847
1774 1229 6846
1773 1230 6845
1772 1231 6844
1771 1232 6843
1770 1233 6842
1769 1234 6841
1768 1235 6840
1767 1236 6839
1766 1237 6838
1765 1238 6837
1764 1239 6836
1763 1240 6835
1762 1241 6834
1761 1242 6833
1760 1243 6832
1759 1244 6831
1758 1245 6830
1757 1246 6829
1756 1247 6828
1755 1248 6827
1754 1249 6826
1753 1250 6825
1752 1251 6824
1751 1252 6823
1750 1253 6822
1749 1254 6821
1748 1255 6820
1747 1256 6819
1746 1257 6818
1745 1258 6817
1744 1259 6816
1743 1260 6815
1742 1261 6814
1741 1262 6813
1740 1263 6812
1739 1264 6811
1738 1265 6810
1737 1266 6809
1736 1267 6808
1735 1268 6807
1734 1269 6806
1733 1270 6805
1732 1271 6804
1731 1272 6803
1730 1273 6802
1729 1274 6801
1728 1275 6800
1727 1276 6799
1726 1277 6798
1725 1278 6797
1724 1279 6796
1723 1280 6795
1722 1281 6794
1721 1282 6793
1720 1283 6792
1719 1284 6791
1718 1285 6790
1717 1286 6789
1716 1287 6788
1715 1288 6787
1714 1289 6786
1713 1290 6785
1712 1291 6784
1711 1292 6783
1710 1293 6782
1709 1294 6781
1708 1295 6780
1707 1296 6779
1706 1297 6778
1705 1298 6777
1704 1299 6776
1703 1300 6775
1702 1301 6774
1701 1302 6773
1700 1303 6772
1699 1304 6771
1698 1305 6770
1697 1306 6769
1696 1307 6768
1695 1308 6767
1694 1309 6766
1693 1310 6765
1692 1311 6764
1691 1312 6763
1690 1313 6762
1689 1314 6761
1688 1315 6760
1687 1316 6759
1686 1317 6758
1685 1318 6757
1684 1319 6756
1683 1320 6755
1682 1321 6754
1681 1322 6753
1680 1323 6752
1679 1324 6751
1678 1325 6750
1677 1326 6749
1676 1327 6748
1675 1328 6747
1674 1329 6746
1673 1330 6745
1672 1331 6744
1671 1332 6743
1670 1333 6742
1669 1334 6741
1668 1335 6740
1667 1336 6739
1666 1337 6738
1665 1338 6737
1664 1339 6736
1663 1340 6735
1662 1341 6734
1661 1342 6733
1660 1343 6732
1659 1344 6731
1658 1345 6730
1657 1346 6729
1656 1347 6728
1655 1348 6727
1654 1349 6726
1653 1350 6725
1652 1351 6724
1651 1352 6723
1650 1353 6722
1649 1354 6721
1648 1355 6720
1647 1356 6719
1646 1357 6718
1645 1358 6717
1644 1359 6716
1643 1360 6715
1642 1361 6714
1641 1362 6713
1640 1363 6712
1639 1364 6711
1638 1365 6710
1637 1366 6709
1636 1367 6708
1635 1368 6707
1634 1369 6706
1633 1370 6705
1632 1371 6704
1631 1372 6703
1630 1373 6702
1629 1374 6701
1628 1375 6700
1627 1376 6699
1626 1377 6698
1625 1378 6697
1624 1379 6696
1623 1380 6695
1622 1381 6694
1621 1382 6693
1620 1383 6692
1619 1384 6691
1618 1385 6690
1617 1386 6689
1616 1387 6688
1615 1388 6687
1614 1389 6686
1613 1390 6685
1612 1391 6684
1611 1392 6683
1610 1393 6682
1609 1394 6681
1608 1395 6680
1607 1396 6679
1606 1397 6678
1605 1398 6677
1604 1399 6676
1603 1400 6675
1602 1401 6674
1601 1402 6673
1600 1403 6672
1599 1404 6671
1598 1405 6670
1597 1406 6669
1596 1407 6668
1595 1408 6667
1594 1409 6666
1593 1410 6665
1592 1411 6664
1591 1412 6663
1590 1413 6662
1589 1414 6661
1588 1415 6660
1587 1416 6659
1586 1417 6658
1585 1418 6657
1584 1419 6656
1583 1420 6655
1582 1421 6654
1581 1422 6653
1580 1423 6652
1579 1424 6651
1578 1425 6650
1577 1426 6649
1576 1427 6648
1575 1428 6647
1574 1429 6646
1573 1430 6645
1572 1431 6644
1571 1432 6643
1570 1433 6642
1569 1434 6641
1568 1435 6640
1567 1436 6639
1566 1437 6638
1565 1438 6637
1564 1439 6636
1563 1440 6635
1562 1441 6634
1561 1442 6633
1560 1443 6632
1559 1444 6631
1558 1445 6630
1557 1446 6629
1556 1447 6628
1555 1448 6627
1554 1449 6626
1553 1450 6625
1552 1451 6624
1551 1452 6623
1550 1453 6622
1549 1454 6621
1548 1455 6620
1547 1456 6619
1546 1457 6618
1545 1458 6617
1544 1459 6616
1543 1460 6615
1542 1461 6614
1541 1462 6613
1540 1463 6612
1539 1464 6611
1538 1465 6610
1537 1466 6609
1536 1467 6608
1535 1468 6607
1534 1469 6606
1533 1470 6605
1532 1471 6604
1531 1472 6603
1530 1473 6602
1529 1474 6601
1528 1475 6600
1527 1476 6599
1526 1477 6598
1525 1478 6597
1524 1479 6596
1523 1480 6595
1522 1481 6594
1521 1482 6593
1520 1483 6592
1519 1484 6591
1518 1485 6590
1517 1486 6589
1516 1487 6588
1515 1488 6587
1514 1489 6586
1513 1490 6585
1512 1491 6584
1511 1492 6583
1510 1493 6582
1509 1494 6581
1508 1495 6580
1507 1496 6579
1506 1497 6578
1505 1498 6577
1504 1499 6576
1503 1500 6575
1502 1501 6574
1501 1502 6573
1500 1503 6572
1499 1504 6571
1498 1505 6570
1497 1506 6569
1496 1507 6568
1495 1508 6567
1494 1509 6566
1493 1510 6565
1492 1511 6564
1491 1512 6563
1490 1513 6562
1489 1514 6561
1488 1515 6560
1487 1516 6559
1486 1517 6558
1485 1518 6557
1484 1519 6556
1483 1520 6555
1482 1521 6554
1481 1522 6553
1480 1523 6552
1479 1524 6551
1478 1525 6550
1477 1526 6549
1476 1527 6548
1475 1528 6547
1474 1529 6546
1473 1530 6545
1472 1531 6544
1471 1532 6543
1470 1533 6542
1469 1534 6541
1468 1535 6540
1467 1536 6539
1466 1537 6538
1465 1538 6537
1464 1539 6536
1463 1540 6535
1462 1541 6534
1461 1542 6533
1460 1543 6532
1459 1544 6531
1458 1545 6530
1457 1546 6529
1456 1547 6528
1455 1548 6527
1454 1549 6526
1453 1550 6525
1452 1551 6524
1451 1552 6523
1450 1553 6522
1449 1554 6521
1448 1555 6520
1447 1556 6519
1446 1557 6518
1445 1558 6517
1444 1559 6516
1443 1560 6515
1442 1561 6514
1441 1562 6513
1440 1563 6512
1439 1564 6511
1438 1565 6510
1437 1566 6509
1436 1567 6508
1435 1568 6507
1434 1569 6506
1433 1570 6505
1432 1571 6504
1431 1572 6503
1430 1573 6502
1429 1574 6501
1428 1575 6500
1427 1576 6499
1426 1577 6498
1425 1578 6497
1424 1579 6496
1423 1580 6495
1422 1581 6494
1421 1582 6493
1420 1583 6492
1419 1584 6491
1418 1585 6490
1417 1586 6489
1416 1587 6488
1415 1588 6487
1414 1589 6486
1413 1590 6485
1412 1591 6484
1411 1592 6483
1410 1593 6482
1409 1594 6481
1408 1595 6480
1407 1596 6479
1406 1597 6478
1405 1598 6477
1404 1599 6476
1403 1600 6475
1402 1601 6474
1401 1602 6473
1400 1603 6472
1399 1604 6471
1398 1605 6470
1397 1606 6469
1396 1607 6468
1395 1608 6467
1394 1609 6466
1393 1610 6465
1392 1611 6464
1391 1612 6463
1390 1613 6462
1389 1614 6461
1388 1615 6460
1387 1616 6459
1386 1617 6458
1385 1618 6457
1384 1619 6456
1383 1620 6455
1382 1621 6454
1381 1622 6453
1380 1623 6452
1379 1624 6451
1378 1625 6450
1377 1626 6449
1376 1627 6448
1375 1628 6447
1374 1629 6446
1373 1630 6445
1372 1631 6444
1371 1632 6443
1370 1633 6442
1369 1634 6441
1368 1635 6440
1367 1636 6439
1366 1637 6438
1365 1638 6437
1364 1639 6436
1363 1640 6435
1362 1641 6434
1361 1642 6433
1360 1643 6432
1359 1644 6431
1358 1645 6430
1357 1646 6429
1356 1647 6428
1355 1648 6427
1354 1649 6426
1353 1650 6425
1352 1651 6424
1351 1652 6423
1350 1653 6422
1349 1654 6421
1348 1655 6420
1347 1656 6419
1346 1657 6418
1345 1658 6417
1344 1659 6416
1343 1660 6415
1342 1661 6414
1341 1662 6413
1340 1663 6412
1339 1664 6411
1338 1665 6410
1337 1666 6409
1336 1667 6408
1335 1668 6407
1334 1669 6406
1333 1670 6405
1332 1671 6404
1331 1672 6403
1330 1673 6402
1329 1674 6401
1328 1675 6400
1327 1676 6399
1326 1677 6398
1325 1678 6397
1324 1679 6396
1323 1680 6395
1322 1681 6394
1321 1682 6393
1320 1683 6392
1319 1684 6391
1318 1685 6390
1317 1686 6389
1316 1687 6388
1315 1688 6387
1314 1689 6386
1313 1690 6385
1312 1691 6384
1311 1692 6383
1310 1693 6382
1309 1694 6381
1308 1695 6380
1307 1696 6379
1306 1697 6378
1305 1698 6377
1304 1699 6376
1303 1700 6375
1302 1701 6374
1301 1702 6373
1300 1703 6372
1299 1704 6371
1298 1705 6370
1297 1706 6369
1296 1707 6368
1295 1708 6367
1294 1709 6366
1293 1710 6365
1292 1711 6364
1291 1712 6363
1290 1713 6362
1289 1714 6361
1288 1715 6360
1287 1716 6359
1286 1717 6358
1285 1718 6357
1284 1719 6356
1283 1720 6355
1282 1721 6354
1281 1722 6353
1280 1723 6352
1279 1724 6351
1278 1725 6350
1277 1726 6349
1276 1727 6348
1275 1728 6347
1274 1729 6346
1273 1730 6345
1272 1731 6344
1271 1732 6343
1270 1733 6342
1269 1734 6341
1268 1735 6340
1267 1736 6339
1266 1737 6338
1265 1738 6337
1264 1739 6336
1263 1740 6335
1262 1741 6334
1261 1742 6333
1260 1743 6332
1259 1744 6331
1258 1745 6330
1257 1746 6329
1256 1747 6328
1255 1748 6327
1254 1749 6326
1253 1750 6325
1252 1751 6324
1251 1752 6323
1250 1753 6322
1249 1754 6321
1248 1755 6320
1247 1756 6319
1246 1757 6318
1245 1758 6317
1244 1759 6316
1243 1760 6315
1242 1761 6314
1241 1762 6313
1240 1763 6312
1239 1764 6311
1238 1765 6310
1237 1766 6309
1236 1767 6308
1235 1768 6307
1234 1769 6306
1233 1770 6305
1232 1771 6304
1231 1772 6303
1230 1773 6302
1229 1774 6301
1228 1775 6300
1227 1776 6299
1226 1777 6298
1225 1778 6297
1224 1779 6296
1223 1780 6295
1222 1781 6294
1221 1782 6293
1220 1783 6292
1219 1784 6291
1218 1785 6290
1217 1786 6289
1216 1787 6288
1215 1788 6287
1214 1789 6286
1213 1790 6285
1212 1791 6284
1211 1792 6283
1210 1793 6282
1209 1794 6281
1208 1795 6280
1207 1796 6279
1206 1797 6278
1205 1798 6277
1204 1799 6276
1203 1800 6275
1202 1801 6274
1201 1802 6273
1200 1803 6272
1199 1804 6271
1198 1805 6270
1197 1806 6269
1196 1807 6268
1195 1808 6267
1194 1809 6266
1193 1810 6265
1192 1811 6264
1191 1812 6263
1190 1813 6262
1189 1814 6261
1188 1815 6260
1187 1816 6259
1186 1817 6258
1185 1818 6257
1184 1819 6256
1183 1820 6255
1182 1821 6254
1181 1822 6253
1180 1823 6252
1179 1824 6251
1178 1825 6250
1177 1826 6249
1176 1827 6248
1175 1828 6247
1174 1829 6246
1173 1830 6245
1172 1831 6244
1171 1832 6243
1170 1833 6242
1169 1834 6241
1168 1835 6240
1167 1836 6239
1166 1837 6238
1165 1838 6237
1164 1839 6236
1163 1840 6235
1162 1841 6234
1161 1842 6233
1160 1843 6232
1159 1844 6231
1158 1845 6230
1157 1846 6229
1156 1847 6228
1155 1848 6227
1154 1849 6226
1153 1850 6225
1152 1851 6224
1151 1852 6223
1150 1853 6222
1149 1854 6221
1148 1855 6220
1147 1856 6219
1146 1857 6218
1145 1858 6217
1144 1859 6216
1143 1860 6215
1142 1861 6214
1141 1862 6213
1140 1863 6212
1139 1864 6211
1138 1865 6210
1137 1866 6209
1136 1867 6208
1135 1868 6207
1134 1869 6206
1133 1870 6205
1132 1871 6204
1131 1872 6203
1130 1873 6202
1129 1874 6201
1128 1875 6200
1127 1876 6199
1126 1877 6198
1125 1878 6197
1124 1879 6196
1123 1880 6195
1122 1881 6194
1121 1882 6193
1120 1883 6192
1119 1884 6191
1118 1885 6190
1117 1886 6189
1116 1887 6188
1115 1888 6187
1114 1889 6186
1113 1890 6185
1112 1891 6184
1111 1892 6183
1110 1893 6182
1109 1894 6181
1108 1895 6180
1107 1896 6179
1106 1897 6178
1105 1898 6177
1104 1899 6176
1103 1900 6175
1102 1901 6174
1101 1902 6173
1100 1903 6172
1099 1904 6171
1098 1905 6170
1097 1906 6169
1096 1907 6168
1095 1908 6167
1094 1909 6166
1093 1910 6165
1092 1911 6164
1091 1912 6163
1090 1913 6162
1089 1914 6161
1088 1915 6160
1087 1916 6159
1086 1917 6158
1085 1918 6157
1084 1919 6156
1083 1920 6155
1082 1921 6154
1081 1922 6153
1080 1923 6152
1079 1924 6151
1078 1925 6150
1077 1926 6149
1076 1927 6148
1075 1928 6147
1074 1929 6146
1073 1930 6145
1072 1931 6144
1071 1932 6143
1070 1933 6142
1069 1934 6141
1068 1935 6140
1067 1936 6139
1066 1937 6138
1065 1938 6137
1064 1939 6136
1063 1940 6135
1062 1941 6134
1061 1942 6133
1060 1943 6132
1059 1944 6131
1058 1945 6130
1057 1946 6129
1056 1947 6128
1055 1948 6127
1054 1949 6126
1053 1950 6125
1052 1951 6124
1051 1952 6123
1050 1953 6122
1049 1954 6121
1048 1955 6120
1047 1956 6119
1046 1957 6118
1045 1958 6117
1044 1959 6116
1043 1960 6115
1042 1961 6114
1041 1962 6113
1040 1963 6112
1039 1964 6111
1038 1965 6110
1037 1966 6109
1036 1967 6108
1035 1968 6107
1034 1969 6106
1033 1970 6105
1032 1971 6104
1031 1972 6103
1030 1973 6102
1029 1974 6101
1028 1975 6100
1027 1976 6099
1026 1977 6098
1025 1978 6097
1024 1979 6096
1023 1980 6095
1022 1981 6094
1021 1982 6093
1020 1983 6092
1019 1984 6091
1018 1985 6090
1017 1986 6089
1016 1987 6088
1015 1988 6087
1014 1989 6086
1013 1990 6085
1012 1991 6084
1011 1992 6083
1010 1993 6082
1009 1994 6081
1008 1995 6080
1007 1996 6079
1006 1997 6078
1005 1998 6077
1004 1999 6076
1003 2000 6075
1002 2001 6074
1001 2002 6073
1000 2003 6072
999 2004 6071
998 2005 6070
997 2006 6069
996 2007 6068
995 2008 6067
994 2009 6066
993 2010 6065
992 2011 6064
991 2012 6063
990 2013 6062
989 2014 6061
988 2015 6060
987 2016 6059
986 2017 6058
985 2018 6057
984 2019 6056
983 2020 6055
982 2021 6054
981 2022 6053
980 2023 6052
979 2024 6051
978 2025 6050
977 2026 6049
976 2027 6048
975 2028 6047
974 2029 6046
973 2030 6045
972 2031 6044
971 2032 6043
970 2033 6042
969 2034 6041
968 2035 6040
967 2036 6039
966 2037 6038
965 2038 6037
964 2039 6036
963 2040 6035
962 2041 6034
961 2042 6033
960 2043 6032
959 2044 6031
958 2045 6030
957 2046 6029
956 2047 6028
955 2048 6027
954 2049 6026
953 2050 6025
952 2051 6024
951 2052 6023
950 2053 6022
949 2054 6021
948 2055 6020
947 2056 6019
946 2057 6018
945 2058 6017
944 2059 6016
943 2060 6015
942 2061 6014
941 2062 6013
940 2063 6012
939 2064 6011
938 2065 6010
937 2066 6009
936 2067 6008
935 2068 6007
934 2069 6006
933 2070 6005
932 2071 6004
931 2072 6003
930 2073 6002
929 2074 6001
