1223
3000 3 7223
2999 4 7222
2998 5 7221
2997 6 7220
2996 7 7219
2995 8 7218
2994 9 7217
2993 10 7216
2992 11 7215
2991 12 7214
2990 13 7213
2989 14 7212
2988 15 7211
2987 16 7210
2986 17 7209
2985 18 7208
2984 19 7207
2983 20 7206
2982 21 7205
2981 22 7204
2980 23 7203
2979 24 7202
2978 25 7201
2977 26 7200
2976 27 7199
2975 28 7198
2974 29 7197
2973 30 7196
2972 31 7195
2971 32 7194
2970 33 7193
2969 34 7192
2968 35 7191
2967 36 7190
2966 37 7189
2965 38 7188
2964 39 7187
2963 40 7186
2962 41 7185
2961 42 7184
2960 43 7183
2959 44 7182
2958 45 7181
2957 46 7180
2956 47 7179
2955 48 7178
2954 49 7177
2953 50 7176
2952 51 7175
2951 52 7174
2950 53 7173
2949 54 7172
2948 55 7171
2947 56 7170
2946 57 7169
2945 58 7168
2944 59 7167
2943 60 7166
2942 61 7165
2941 62 7164
2940 63 7163
2939 64 7162
2938 65 7161
2937 66 7160
2936 67 7159
2935 68 7158
2934 69 7157
2933 70 7156
2932 71 7155
2931 72 7154
2930 73 7153
2929 74 7152
2928 75 7151
2927 76 7150
2926 77 7149
2925 78 7148
2924 79 7147
2923 80 7146
2922 81 7145
2921 82 7144
2920 83 7143
2919 84 7142
2918 85 7141
2917 86 7140
2916 87 7139
2915 88 7138
2914 89 7137
2913 90 7136
2912 91 7135
2911 92 7134
2910 93 7133
2909 94 7132
2908 95 7131
2907 96 7130
2906 97 7129
2905 98 7128
2904 99 7127
2903 100 7126
2902 101 7125
2901 102 7124
2900 103 7123
2899 104 7122
2898 105 7121
2897 106 7120
2896 107 7119
2895 108 7118
2894 109 7117
2893 110 7116
2892 111 7115
2891 112 7114
2890 113 7113
2889 114 7112
2888 115 7111
2887 116 7110
2886 117 7109
2885 118 7108
2884 119 7107
2883 120 7106
2882 121 7105
2881 122 7104
2880 123 7103
2879 124 7102
2878 125 7101
2877 126 7100
2876 127 7099
2875 128 7098
2874 129 7097
2873 130 7096
2872 131 7095
2871 132 7094
2870 133 7093
2869 134 7092
2868 135 7091
2867 136 7090
2866 137 7089
2865 138 7088
2864 139 7087
2863 140 7086
2862 141 7085
2861 142 7084
2860 143 7083
2859 144 7082
2858 145 7081
2857 146 7080
2856 147 7079
2855 148 7078
2854 149 7077
2853 150 7076
2852 151 7075
2851 152 7074
2850 153 7073
2849 154 7072
2848 155 7071
2847 156 7070
2846 157 7069
2845 158 7068
2844 159 7067
2843 160 7066
2842 161 7065
2841 162 7064
2840 163 7063
2839 164 7062
2838 165 7061
2837 166 7060
2836 167 7059
2835 168 7058
2834 169 7057
2833 170 7056
2832 171 7055
2831 172 7054
2830 173 7053
2829 174 7052
2828 175 7051
2827 176 7050
2826 177 7049
2825 178 7048
2824 179 7047
2823 180 7046
2822 181 7045
2821 182 7044
2820 183 7043
2819 184 7042
2818 185 7041
2817 186 7040
2816 187 7039
2815 188 7038
2814 189 7037
2813 190 7036
2812 191 7035
2811 192 7034
2810 193 7033
2809 194 7032
2808 195 7031
2807 196 7030
2806 197 7029
2805 198 7028
2804 199 7027
2803 200 7026
2802 201 7025
2801 202 7024
2800 203 7023
2799 204 7022
2798 205 7021
2797 206 7020
2796 207 7019
2795 208 7018
2794 209 7017
2793 210 7016
2792 211 7015
2791 212 7014
2790 213 7013
2789 214 7012
2788 215 7011
2787 216 7010
2786 217 7009
2785 218 7008
2784 219 7007
2783 220 7006
2782 221 7005
2781 222 7004
2780 223 7003
2779 224 7002
2778 225 7001
2777 226 7000
2776 227 6999
2775 228 6998
2774 229 6997
2773 230 6996
2772 231 6995
2771 232 6994
2770 233 6993
2769 234 6992
2768 235 6991
2767 236 6990
2766 237 6989
2765 238 6988
2764 239 6987
2763 240 6986
2762 241 6985
2761 242 6984
2760 243 6983
2759 244 6982
2758 245 6981
2757 246 6980
2756 247 6979
2755 248 6978
2754 249 6977
2753 250 6976
2752 251 6975
2751 252 6974
2750 253 6973
2749 254 6972
2748 255 6971
2747 256 6970
2746 257 6969
2745 258 6968
2744 259 6967
2743 260 6966
2742 261 6965
2741 262 6964
2740 263 6963
2739 264 6962
2738 265 6961
2737 266 6960
2736 267 6959
2735 268 6958
2734 269 6957
2733 270 6956
2732 271 6955
2731 272 6954
2730 273 6953
2729 274 6952
2728 275 6951
2727 276 6950
2726 277 6949
2725 278 6948
2724 279 6947
2723 280 6946
2722 281 6945
2721 282 6944
2720 283 6943
2719 284 6942
2718 285 6941
2717 286 6940
2716 287 6939
2715 288 6938
2714 289 6937
2713 290 6936
2712 291 6935
2711 292 6934
2710 293 6933
2709 294 6932
2708 295 6931
2707 296 6930
2706 297 6929
2705 298 6928
2704 299 6927
2703 300 6926
2702 301 6925
2701 302 6924
2700 303 6923
2699 304 6922
2698 305 6921
2697 306 6920
2696 307 6919
2695 308 6918
2694 309 6917
2693 310 6916
2692 311 6915
2691 312 6914
2690 313 6913
2689 314 6912
2688 315 6911
2687 316 6910
2686 317 6909
2685 318 6908
2684 319 6907
2683 320 6906
2682 321 6905
2681 322 6904
2680 323 6903
2679 324 6902
2678 325 6901
2677 326 6900
2676 327 6899
2675 328 6898
2674 329 6897
2673 330 6896
2672 331 6895
2671 332 6894
2670 333 6893
2669 334 6892
2668 335 6891
2667 336 6890
2666 337 6889
2665 338 6888
2664 339 6887
2663 340 6886
2662 341 6885
2661 342 6884
2660 343 6883
2659 344 6882
2658 345 6881
2657 346 6880
2656 347 6879
2655 348 6878
2654 349 6877
2653 350 6876
2652 351 6875
2651 352 6874
2650 353 6873
2649 354 6872
2648 355 6871
2647 356 6870
2646 357 6869
2645 358 6868
2644 359 6867
2643 360 6866
2642 361 6865
2641 362 6864
2640 363 6863
2639 364 6862
2638 365 6861
2637 366 6860
2636 367 6859
2635 368 6858
2634 369 6857
2633 370 6856
2632 371 6855
2631 372 6854
2630 373 6853
2629 374 6852
2628 375 6851
2627 376 6850
2626 377 6849
2625 378 6848
2624 379 6847
2623 380 6846
2622 381 6845
2621 382 6844
2620 383 6843
2619 384 6842
2618 385 6841
2617 386 6840
2616 387 6839
2615 388 6838
2614 389 6837
2613 390 6836
2612 391 6835
2611 392 6834
2610 393 6833
2609 394 6832
2608 395 6831
2607 396 6830
2606 397 6829
2605 398 6828
2604 399 6827
2603 400 6826
2602 401 6825
2601 402 6824
2600 403 6823
2599 404 6822
2598 405 6821
2597 406 6820
2596 407 6819
2595 408 6818
2594 409 6817
2593 410 6816
2592 411 6815
2591 412 6814
2590 413 6813
2589 414 6812
2588 415 6811
2587 416 6810
2586 417 6809
2585 418 6808
2584 419 6807
2583 420 6806
2582 421 6805
2581 422 6804
2580 423 6803
2579 424 6802
2578 425 6801
2577 426 6800
2576 427 6799
2575 428 6798
2574 429 6797
2573 430 6796
2572 431 6795
2571 432 6794
2570 433 6793
2569 434 6792
2568 435 6791
2567 436 6790
2566 437 6789
2565 438 6788
2564 439 6787
2563 440 6786
2562 441 6785
2561 442 6784
2560 443 6783
2559 444 6782
2558 445 6781
2557 446 6780
2556 447 6779
2555 448 6778
2554 449 6777
2553 450 6776
2552 451 6775
2551 452 6774
2550 453 6773
2549 454 6772
2548 455 6771
2547 456 6770
2546 457 6769
2545 458 6768
2544 459 6767
2543 460 6766
2542 461 6765
2541 462 6764
2540 463 6763
2539 464 6762
2538 465 6761
2537 466 6760
2536 467 6759
2535 468 6758
2534 469 6757
2533 470 6756
2532 471 6755
2531 472 6754
2530 473 6753
2529 474 6752
2528 475 6751
2527 476 6750
2526 477 6749
2525 478 6748
2524 479 6747
2523 480 6746
2522 481 6745
2521 482 6744
2520 483 6743
2519 484 6742
2518 485 6741
2517 486 6740
2516 487 6739
2515 488 6738
2514 489 6737
2513 490 6736
2512 491 6735
2511 492 6734
2510 493 6733
2509 494 6732
2508 495 6731
2507 496 6730
2506 497 6729
2505 498 6728
2504 499 6727
2503 500 6726
2502 501 6725
2501 502 6724
2500 503 6723
2499 504 6722
2498 505 6721
2497 506 6720
2496 507 6719
2495 508 6718
2494 509 6717
2493 510 6716
2492 511 6715
2491 512 6714
2490 513 6713
2489 514 6712
2488 515 6711
2487 516 6710
2486 517 6709
2485 518 6708
2484 519 6707
2483 520 6706
2482 521 6705
2481 522 6704
2480 523 6703
2479 524 6702
2478 525 6701
2477 526 6700
2476 527 6699
2475 528 6698
2474 529 6697
2473 530 6696
2472 531 6695
2471 532 6694
2470 533 6693
2469 534 6692
2468 535 6691
2467 536 6690
2466 537 6689
2465 538 6688
2464 539 6687
2463 540 6686
2462 541 6685
2461 542 6684
2460 543 6683
2459 544 6682
2458 545 6681
2457 546 6680
2456 547 6679
2455 548 6678
2454 549 6677
2453 550 6676
2452 551 6675
2451 552 6674
2450 553 6673
2449 554 6672
2448 555 6671
2447 556 6670
2446 557 6669
2445 558 6668
2444 559 6667
2443 560 6666
2442 561 6665
2441 562 6664
2440 563 6663
2439 564 6662
2438 565 6661
2437 566 6660
2436 567 6659
2435 568 6658
2434 569 6657
2433 570 6656
2432 571 6655
2431 572 6654
2430 573 6653
2429 574 6652
2428 575 6651
2427 576 6650
2426 577 6649
2425 578 6648
2424 579 6647
2423 580 6646
2422 581 6645
2421 582 6644
2420 583 6643
2419 584 6642
2418 585 6641
2417 586 6640
2416 587 6639
2415 588 6638
2414 589 6637
2413 590 6636
2412 591 6635
2411 592 6634
2410 593 6633
2409 594 6632
2408 595 6631
2407 596 6630
2406 597 6629
2405 598 6628
2404 599 6627
2403 600 6626
2402 601 6625
2401 602 6624
2400 603 6623
2399 604 6622
2398 605 6621
2397 606 6620
2396 607 6619
2395 608 6618
2394 609 6617
2393 610 6616
2392 611 6615
2391 612 6614
2390 613 6613
2389 614 6612
2388 615 6611
2387 616 6610
2386 617 6609
2385 618 6608
2384 619 6607
2383 620 6606
2382 621 6605
2381 622 6604
2380 623 6603
2379 624 6602
2378 625 6601
2377 626 6600
2376 627 6599
2375 628 6598
2374 629 6597
2373 630 6596
2372 631 6595
2371 632 6594
2370 633 6593
2369 634 6592
2368 635 6591
2367 636 6590
2366 637 6589
2365 638 6588
2364 639 6587
2363 640 6586
2362 641 6585
2361 642 6584
2360 643 6583
2359 644 6582
2358 645 6581
2357 646 6580
2356 647 6579
2355 648 6578
2354 649 6577
2353 650 6576
2352 651 6575
2351 652 6574
2350 653 6573
2349 654 6572
2348 655 6571
2347 656 6570
2346 657 6569
2345 658 6568
2344 659 6567
2343 660 6566
2342 661 6565
2341 662 6564
2340 663 6563
2339 664 6562
2338 665 6561
2337 666 6560
2336 667 6559
2335 668 6558
2334 669 6557
2333 670 6556
2332 671 6555
2331 672 6554
2330 673 6553
2329 674 6552
2328 675 6551
2327 676 6550
2326 677 6549
2325 678 6548
2324 679 6547
2323 680 6546
2322 681 6545
2321 682 6544
2320 683 6543
2319 684 6542
2318 685 6541
2317 686 6540
2316 687 6539
2315 688 6538
2314 689 6537
2313 690 6536
2312 691 6535
2311 692 6534
2310 693 6533
2309 694 6532
2308 695 6531
2307 696 6530
2306 697 6529
2305 698 6528
2304 699 6527
2303 700 6526
2302 701 6525
2301 702 6524
2300 703 6523
2299 704 6522
2298 705 6521
2297 706 6520
2296 707 6519
2295 708 6518
2294 709 6517
2293 710 6516
2292 711 6515
2291 712 6514
2290 713 6513
2289 714 6512
2288 715 6511
2287 716 6510
2286 717 6509
2285 718 6508
2284 719 6507
2283 720 6506
2282 721 6505
2281 722 6504
2280 723 6503
2279 724 6502
2278 725 6501
2277 726 6500
2276 727 6499
2275 728 6498
2274 729 6497
2273 730 6496
2272 731 6495
2271 732 6494
2270 733 6493
2269 734 6492
2268 735 6491
2267 736 6490
2266 737 6489
2265 738 6488
2264 739 6487
2263 740 6486
2262 741 6485
2261 742 6484
2260 743 6483
2259 744 6482
2258 745 6481
2257 746 6480
2256 747 6479
2255 748 6478
2254 749 6477
2253 750 6476
2252 751 6475
2251 752 6474
2250 753 6473
2249 754 6472
2248 755 6471
2247 756 6470
2246 757 6469
2245 758 6468
2244 759 6467
2243 760 6466
2242 761 6465
2241 762 6464
2240 763 6463
2239 764 6462
2238 765 6461
2237 766 6460
2236 767 6459
2235 768 6458
2234 769 6457
2233 770 6456
2232 771 6455
2231 772 6454
2230 773 6453
2229 774 6452
2228 775 6451
2227 776 6450
2226 777 6449
2225 778 6448
2224 779 6447
2223 780 6446
2222 781 6445
2221 782 6444
2220 783 6443
2219 784 6442
2218 785 6441
2217 786 6440
2216 787 6439
2215 788 6438
2214 789 6437
2213 790 6436
2212 791 6435
2211 792 6434
2210 793 6433
2209 794 6432
2208 795 6431
2207 796 6430
2206 797 6429
2205 798 6428
2204 799 6427
2203 800 6426
2202 801 6425
2201 802 6424
2200 803 6423
2199 804 6422
2198 805 6421
2197 806 6420
2196 807 6419
2195 808 6418
2194 809 6417
2193 810 6416
2192 811 6415
2191 812 6414
2190 813 6413
2189 814 6412
2188 815 6411
2187 816 6410
2186 817 6409
2185 818 6408
2184 819 6407
2183 820 6406
2182 821 6405
2181 822 6404
2180 823 6403
2179 824 6402
2178 825 6401
2177 826 6400
2176 827 6399
2175 828 6398
2174 829 6397
2173 830 6396
2172 831 6395
2171 832 6394
2170 833 6393
2169 834 6392
2168 835 6391
2167 836 6390
2166 837 6389
2165 838 6388
2164 839 6387
2163 840 6386
2162 841 6385
2161 842 6384
2160 843 6383
2159 844 6382
2158 845 6381
2157 846 6380
2156 847 6379
2155 848 6378
2154 849 6377
2153 850 6376
2152 851 6375
2151 852 6374
2150 853 6373
2149 854 6372
2148 855 6371
2147 856 6370
2146 857 6369
2145 858 6368
2144 859 6367
2143 860 6366
2142 861 6365
2141 862 6364
2140 863 6363
2139 864 6362
2138 865 6361
2137 866 6360
2136 867 6359
2135 868 6358
2134 869 6357
2133 870 6356
2132 871 6355
2131 872 6354
2130 873 6353
2129 874 6352
2128 875 6351
2127 876 6350
2126 877 6349
2125 878 6348
2124 879 6347
2123 880 6346
2122 881 6345
2121 882 6344
2120 883 6343
2119 884 6342
2118 885 6341
2117 886 6340
2116 887 6339
2115 888 6338
2114 889 6337
2113 890 6336
2112 891 6335
2111 892 6334
2110 893 6333
2109 894 6332
2108 895 6331
2107 896 6330
2106 897 6329
2105 898 6328
2104 899 6327
2103 900 6326
2102 901 6325
2101 902 6324
2100 903 6323
2099 904 6322
2098 905 6321
2097 906 6320
2096 907 6319
2095 908 6318
2094 909 6317
2093 910 6316
2092 911 6315
2091 912 6314
2090 913 6313
2089 914 6312
2088 915 6311
2087 916 6310
2086 917 6309
2085 918 6308
2084 919 6307
2083 920 6306
2082 921 6305
2081 922 6304
2080 923 6303
2079 924 6302
2078 925 6301
2077 926 6300
2076 927 6299
2075 928 6298
2074 929 6297
2073 930 6296
2072 931 6295
2071 932 6294
2070 933 6293
2069 934 6292
2068 935 6291
2067 936 6290
2066 937 6289
2065 938 6288
2064 939 6287
2063 940 6286
2062 941 6285
2061 942 6284
2060 943 6283
2059 944 6282
2058 945 6281
2057 946 6280
2056 947 6279
2055 948 6278
2054 949 6277
2053 950 6276
2052 951 6275
2051 952 6274
2050 953 6273
2049 954 6272
2048 955 6271
2047 956 6270
2046 957 6269
2045 958 6268
2044 959 6267
2043 960 6266
2042 961 6265
2041 962 6264
2040 963 6263
2039 964 6262
2038 965 6261
2037 966 6260
2036 967 6259
2035 968 6258
2034 969 6257
2033 970 6256
2032 971 6255
2031 972 6254
2030 973 6253
2029 974 6252
2028 975 6251
2027 976 6250
2026 977 6249
2025 978 6248
2024 979 6247
2023 980 6246
2022 981 6245
2021 982 6244
2020 983 6243
2019 984 6242
2018 985 6241
2017 986 6240
2016 987 6239
2015 988 6238
2014 989 6237
2013 990 6236
2012 991 6235
2011 992 6234
2010 993 6233
2009 994 6232
2008 995 6231
2007 996 6230
2006 997 6229
2005 998 6228
2004 999 6227
2003 1000 6226
2002 1001 6225
2001 1002 6224
2000 1003 6223
1999 1004 6222
1998 1005 6221
1997 1006 6220
1996 1007 6219
1995 1008 6218
1994 1009 6217
1993 1010 6216
1992 1011 6215
1991 1012 6214
1990 1013 6213
1989 1014 6212
1988 1015 6211
1987 1016 6210
1986 1017 6209
1985 1018 6208
1984 1019 6207
1983 1020 6206
1982 1021 6205
1981 1022 6204
1980 1023 6203
1979 1024 6202
1978 1025 6201
1977 1026 6200
1976 1027 6199
1975 1028 6198
1974 1029 6197
1973 1030 6196
1972 1031 6195
1971 1032 6194
1970 1033 6193
1969 1034 6192
1968 1035 6191
1967 1036 6190
1966 1037 6189
1965 1038 6188
1964 1039 6187
1963 1040 6186
1962 1041 6185
1961 1042 6184
1960 1043 6183
1959 1044 6182
1958 1045 6181
1957 1046 6180
1956 1047 6179
1955 1048 6178
1954 1049 6177
1953 1050 6176
1952 1051 6175
1951 1052 6174
1950 1053 6173
1949 1054 6172
1948 1055 6171
1947 1056 6170
1946 1057 6169
1945 1058 6168
1944 1059 6167
1943 1060 6166
1942 1061 6165
1941 1062 6164
1940 1063 6163
1939 1064 6162
1938 1065 6161
1937 1066 6160
1936 1067 6159
1935 1068 6158
1934 1069 6157
1933 1070 6156
1932 1071 6155
1931 1072 6154
1930 1073 6153
1929 1074 6152
1928 1075 6151
1927 1076 6150
1926 1077 6149
1925 1078 6148
1924 1079 6147
1923 1080 6146
1922 1081 6145
1921 1082 6144
1920 1083 6143
1919 1084 6142
1918 1085 6141
1917 1086 6140
1916 1087 6139
1915 1088 6138
1914 1089 6137
1913 1090 6136
1912 1091 6135
1911 1092 6134
1910 1093 6133
1909 1094 6132
1908 1095 6131
1907 1096 6130
1906 1097 6129
1905 1098 6128
1904 1099 6127
1903 1100 6126
1902 1101 6125
1901 1102 6124
1900 1103 6123
1899 1104 6122
1898 1105 6121
1897 1106 6120
1896 1107 6119
1895 1108 6118
1894 1109 6117
1893 1110 6116
1892 1111 6115
1891 1112 6114
1890 1113 6113
1889 1114 6112
1888 1115 6111
1887 1116 6110
1886 1117 6109
1885 1118 6108
1884 1119 6107
1883 1120 6106
1882 1121 6105
1881 1122 6104
1880 1123 6103
1879 1124 6102
1878 1125 6101
1877 1126 6100
1876 1127 6099
1875 1128 6098
1874 1129 6097
1873 1130 6096
1872 1131 6095
1871 1132 6094
1870 1133 6093
1869 1134 6092
1868 1135 6091
1867 1136 6090
1866 1137 6089
1865 1138 6088
1864 1139 6087
1863 1140 6086
1862 1141 6085
1861 1142 6084
1860 1143 6083
1859 1144 6082
1858 1145 6081
1857 1146 6080
1856 1147 6079
1855 1148 6078
1854 1149 6077
1853 1150 6076
1852 1151 6075
1851 1152 6074
1850 1153 6073
1849 1154 6072
1848 1155 6071
1847 1156 6070
1846 1157 6069
1845 1158 6068
1844 1159 6067
1843 1160 6066
1842 1161 6065
1841 1162 6064
1840 1163 6063
1839 1164 6062
1838 1165 6061
1837 1166 6060
1836 1167 6059
1835 1168 6058
1834 1169 6057
1833 1170 6056
1832 1171 6055
1831 1172 6054
1830 1173 6053
1829 1174 6052
1828 1175 6051
1827 1176 6050
1826 1177 6049
1825 1178 6048
1824 1179 6047
1823 1180 6046
1822 1181 6045
1821 1182 6044
1820 1183 6043
1819 1184 6042
1818 1185 6041
1817 1186 6040
1816 1187 6039
1815 1188 6038
1814 1189 6037
1813 1190 6036
1812 1191 6035
1811 1192 6034
1810 1193 6033
1809 1194 6032
1808 1195 6031
1807 1196 6030
1806 1197 6029
1805 1198 6028
1804 1199 6027
1803 1200 6026
1802 1201 6025
1801 1202 6024
1800 1203 6023
1799 1204 6022
1798 1205 6021
1797 1206 6020
1796 1207 6019
1795 1208 6018
1794 1209 6017
1793 1210 6016
1792 1211 6015
1791 1212 6014
1790 1213 6013
1789 1214 6012
1788 1215 6011
1787 1216 6010
1786 1217 6009
1785 1218 6008
1784 1219 6007
1783 1220 6006
1782 1221 6005
1781 1222 6004
1780 1223 6003
1779 1224 6002
1778 1225 6001
