2909
3000 3 8909
2999 4 8908
2998 5 8907
2997 6 8906
2996 7 8905
2995 8 8904
2994 9 8903
2993 10 8902
2992 11 8901
2991 12 8900
2990 13 8899
2989 14 8898
2988 15 8897
2987 16 8896
2986 17 8895
2985 18 8894
2984 19 8893
2983 20 8892
2982 21 8891
2981 22 8890
2980 23 8889
2979 24 8888
2978 25 8887
2977 26 8886
2976 27 8885
2975 28 8884
2974 29 8883
2973 30 8882
2972 31 8881
2971 32 8880
2970 33 8879
2969 34 8878
2968 35 8877
2967 36 8876
2966 37 8875
2965 38 8874
2964 39 8873
2963 40 8872
2962 41 8871
2961 42 8870
2960 43 8869
2959 44 8868
2958 45 8867
2957 46 8866
2956 47 8865
2955 48 8864
2954 49 8863
2953 50 8862
2952 51 8861
2951 52 8860
2950 53 8859
2949 54 8858
2948 55 8857
2947 56 8856
2946 57 8855
2945 58 8854
2944 59 8853
2943 60 8852
2942 61 8851
2941 62 8850
2940 63 8849
2939 64 8848
2938 65 8847
2937 66 8846
2936 67 8845
2935 68 8844
2934 69 8843
2933 70 8842
2932 71 8841
2931 72 8840
2930 73 8839
2929 74 8838
2928 75 8837
2927 76 8836
2926 77 8835
2925 78 8834
2924 79 8833
2923 80 8832
2922 81 8831
2921 82 8830
2920 83 8829
2919 84 8828
2918 85 8827
2917 86 8826
2916 87 8825
2915 88 8824
2914 89 8823
2913 90 8822
2912 91 8821
2911 92 8820
2910 93 8819
2909 94 8818
2908 95 8817
2907 96 8816
2906 97 8815
2905 98 8814
2904 99 8813
2903 100 8812
2902 101 8811
2901 102 8810
2900 103 8809
2899 104 8808
2898 105 8807
2897 106 8806
2896 107 8805
2895 108 8804
2894 109 8803
2893 110 8802
2892 111 8801
2891 112 8800
2890 113 8799
2889 114 8798
2888 115 8797
2887 116 8796
2886 117 8795
2885 118 8794
2884 119 8793
2883 120 8792
2882 121 8791
2881 122 8790
2880 123 8789
2879 124 8788
2878 125 8787
2877 126 8786
2876 127 8785
2875 128 8784
2874 129 8783
2873 130 8782
2872 131 8781
2871 132 8780
2870 133 8779
2869 134 8778
2868 135 8777
2867 136 8776
2866 137 8775
2865 138 8774
2864 139 8773
2863 140 8772
2862 141 8771
2861 142 8770
2860 143 8769
2859 144 8768
2858 145 8767
2857 146 8766
2856 147 8765
2855 148 8764
2854 149 8763
2853 150 8762
2852 151 8761
2851 152 8760
2850 153 8759
2849 154 8758
2848 155 8757
2847 156 8756
2846 157 8755
2845 158 8754
2844 159 8753
2843 160 8752
2842 161 8751
2841 162 8750
2840 163 8749
2839 164 8748
2838 165 8747
2837 166 8746
2836 167 8745
2835 168 8744
2834 169 8743
2833 170 8742
2832 171 8741
2831 172 8740
2830 173 8739
2829 174 8738
2828 175 8737
2827 176 8736
2826 177 8735
2825 178 8734
2824 179 8733
2823 180 8732
2822 181 8731
2821 182 8730
2820 183 8729
2819 184 8728
2818 185 8727
2817 186 8726
2816 187 8725
2815 188 8724
2814 189 8723
2813 190 8722
2812 191 8721
2811 192 8720
2810 193 8719
2809 194 8718
2808 195 8717
2807 196 8716
2806 197 8715
2805 198 8714
2804 199 8713
2803 200 8712
2802 201 8711
2801 202 8710
2800 203 8709
2799 204 8708
2798 205 8707
2797 206 8706
2796 207 8705
2795 208 8704
2794 209 8703
2793 210 8702
2792 211 8701
2791 212 8700
2790 213 8699
2789 214 8698
2788 215 8697
2787 216 8696
2786 217 8695
2785 218 8694
2784 219 8693
2783 220 8692
2782 221 8691
2781 222 8690
2780 223 8689
2779 224 8688
2778 225 8687
2777 226 8686
2776 227 8685
2775 228 8684
2774 229 8683
2773 230 8682
2772 231 8681
2771 232 8680
2770 233 8679
2769 234 8678
2768 235 8677
2767 236 8676
2766 237 8675
2765 238 8674
2764 239 8673
2763 240 8672
2762 241 8671
2761 242 8670
2760 243 8669
2759 244 8668
2758 245 8667
2757 246 8666
2756 247 8665
2755 248 8664
2754 249 8663
2753 250 8662
2752 251 8661
2751 252 8660
2750 253 8659
2749 254 8658
2748 255 8657
2747 256 8656
2746 257 8655
2745 258 8654
2744 259 8653
2743 260 8652
2742 261 8651
2741 262 8650
2740 263 8649
2739 264 8648
2738 265 8647
2737 266 8646
2736 267 8645
2735 268 8644
2734 269 8643
2733 270 8642
2732 271 8641
2731 272 8640
2730 273 8639
2729 274 8638
2728 275 8637
2727 276 8636
2726 277 8635
2725 278 8634
2724 279 8633
2723 280 8632
2722 281 8631
2721 282 8630
2720 283 8629
2719 284 8628
2718 285 8627
2717 286 8626
2716 287 8625
2715 288 8624
2714 289 8623
2713 290 8622
2712 291 8621
2711 292 8620
2710 293 8619
2709 294 8618
2708 295 8617
2707 296 8616
2706 297 8615
2705 298 8614
2704 299 8613
2703 300 8612
2702 301 8611
2701 302 8610
2700 303 8609
2699 304 8608
2698 305 8607
2697 306 8606
2696 307 8605
2695 308 8604
2694 309 8603
2693 310 8602
2692 311 8601
2691 312 8600
2690 313 8599
2689 314 8598
2688 315 8597
2687 316 8596
2686 317 8595
2685 318 8594
2684 319 8593
2683 320 8592
2682 321 8591
2681 322 8590
2680 323 8589
2679 324 8588
2678 325 8587
2677 326 8586
2676 327 8585
2675 328 8584
2674 329 8583
2673 330 8582
2672 331 8581
2671 332 8580
2670 333 8579
2669 334 8578
2668 335 8577
2667 336 8576
2666 337 8575
2665 338 8574
2664 339 8573
2663 340 8572
2662 341 8571
2661 342 8570
2660 343 8569
2659 344 8568
2658 345 8567
2657 346 8566
2656 347 8565
2655 348 8564
2654 349 8563
2653 350 8562
2652 351 8561
2651 352 8560
2650 353 8559
2649 354 8558
2648 355 8557
2647 356 8556
2646 357 8555
2645 358 8554
2644 359 8553
2643 360 8552
2642 361 8551
2641 362 8550
2640 363 8549
2639 364 8548
2638 365 8547
2637 366 8546
2636 367 8545
2635 368 8544
2634 369 8543
2633 370 8542
2632 371 8541
2631 372 8540
2630 373 8539
2629 374 8538
2628 375 8537
2627 376 8536
2626 377 8535
2625 378 8534
2624 379 8533
2623 380 8532
2622 381 8531
2621 382 8530
2620 383 8529
2619 384 8528
2618 385 8527
2617 386 8526
2616 387 8525
2615 388 8524
2614 389 8523
2613 390 8522
2612 391 8521
2611 392 8520
2610 393 8519
2609 394 8518
2608 395 8517
2607 396 8516
2606 397 8515
2605 398 8514
2604 399 8513
2603 400 8512
2602 401 8511
2601 402 8510
2600 403 8509
2599 404 8508
2598 405 8507
2597 406 8506
2596 407 8505
2595 408 8504
2594 409 8503
2593 410 8502
2592 411 8501
2591 412 8500
2590 413 8499
2589 414 8498
2588 415 8497
2587 416 8496
2586 417 8495
2585 418 8494
2584 419 8493
2583 420 8492
2582 421 8491
2581 422 8490
2580 423 8489
2579 424 8488
2578 425 8487
2577 426 8486
2576 427 8485
2575 428 8484
2574 429 8483
2573 430 8482
2572 431 8481
2571 432 8480
2570 433 8479
2569 434 8478
2568 435 8477
2567 436 8476
2566 437 8475
2565 438 8474
2564 439 8473
2563 440 8472
2562 441 8471
2561 442 8470
2560 443 8469
2559 444 8468
2558 445 8467
2557 446 8466
2556 447 8465
2555 448 8464
2554 449 8463
2553 450 8462
2552 451 8461
2551 452 8460
2550 453 8459
2549 454 8458
2548 455 8457
2547 456 8456
2546 457 8455
2545 458 8454
2544 459 8453
2543 460 8452
2542 461 8451
2541 462 8450
2540 463 8449
2539 464 8448
2538 465 8447
2537 466 8446
2536 467 8445
2535 468 8444
2534 469 8443
2533 470 8442
2532 471 8441
2531 472 8440
2530 473 8439
2529 474 8438
2528 475 8437
2527 476 8436
2526 477 8435
2525 478 8434
2524 479 8433
2523 480 8432
2522 481 8431
2521 482 8430
2520 483 8429
2519 484 8428
2518 485 8427
2517 486 8426
2516 487 8425
2515 488 8424
2514 489 8423
2513 490 8422
2512 491 8421
2511 492 8420
2510 493 8419
2509 494 8418
2508 495 8417
2507 496 8416
2506 497 8415
2505 498 8414
2504 499 8413
2503 500 8412
2502 501 8411
2501 502 8410
2500 503 8409
2499 504 8408
2498 505 8407
2497 506 8406
2496 507 8405
2495 508 8404
2494 509 8403
2493 510 8402
2492 511 8401
2491 512 8400
2490 513 8399
2489 514 8398
2488 515 8397
2487 516 8396
2486 517 8395
2485 518 8394
2484 519 8393
2483 520 8392
2482 521 8391
2481 522 8390
2480 523 8389
2479 524 8388
2478 525 8387
2477 526 8386
2476 527 8385
2475 528 8384
2474 529 8383
2473 530 8382
2472 531 8381
2471 532 8380
2470 533 8379
2469 534 8378
2468 535 8377
2467 536 8376
2466 537 8375
2465 538 8374
2464 539 8373
2463 540 8372
2462 541 8371
2461 542 8370
2460 543 8369
2459 544 8368
2458 545 8367
2457 546 8366
2456 547 8365
2455 548 8364
2454 549 8363
2453 550 8362
2452 551 8361
2451 552 8360
2450 553 8359
2449 554 8358
2448 555 8357
2447 556 8356
2446 557 8355
2445 558 8354
2444 559 8353
2443 560 8352
2442 561 8351
2441 562 8350
2440 563 8349
2439 564 8348
2438 565 8347
2437 566 8346
2436 567 8345
2435 568 8344
2434 569 8343
2433 570 8342
2432 571 8341
2431 572 8340
2430 573 8339
2429 574 8338
2428 575 8337
2427 576 8336
2426 577 8335
2425 578 8334
2424 579 8333
2423 580 8332
2422 581 8331
2421 582 8330
2420 583 8329
2419 584 8328
2418 585 8327
2417 586 8326
2416 587 8325
2415 588 8324
2414 589 8323
2413 590 8322
2412 591 8321
2411 592 8320
2410 593 8319
2409 594 8318
2408 595 8317
2407 596 8316
2406 597 8315
2405 598 8314
2404 599 8313
2403 600 8312
2402 601 8311
2401 602 8310
2400 603 8309
2399 604 8308
2398 605 8307
2397 606 8306
2396 607 8305
2395 608 8304
2394 609 8303
2393 610 8302
2392 611 8301
2391 612 8300
2390 613 8299
2389 614 8298
2388 615 8297
2387 616 8296
2386 617 8295
2385 618 8294
2384 619 8293
2383 620 8292
2382 621 8291
2381 622 8290
2380 623 8289
2379 624 8288
2378 625 8287
2377 626 8286
2376 627 8285
2375 628 8284
2374 629 8283
2373 630 8282
2372 631 8281
2371 632 8280
2370 633 8279
2369 634 8278
2368 635 8277
2367 636 8276
2366 637 8275
2365 638 8274
2364 639 8273
2363 640 8272
2362 641 8271
2361 642 8270
2360 643 8269
2359 644 8268
2358 645 8267
2357 646 8266
2356 647 8265
2355 648 8264
2354 649 8263
2353 650 8262
2352 651 8261
2351 652 8260
2350 653 8259
2349 654 8258
2348 655 8257
2347 656 8256
2346 657 8255
2345 658 8254
2344 659 8253
2343 660 8252
2342 661 8251
2341 662 8250
2340 663 8249
2339 664 8248
2338 665 8247
2337 666 8246
2336 667 8245
2335 668 8244
2334 669 8243
2333 670 8242
2332 671 8241
2331 672 8240
2330 673 8239
2329 674 8238
2328 675 8237
2327 676 8236
2326 677 8235
2325 678 8234
2324 679 8233
2323 680 8232
2322 681 8231
2321 682 8230
2320 683 8229
2319 684 8228
2318 685 8227
2317 686 8226
2316 687 8225
2315 688 8224
2314 689 8223
2313 690 8222
2312 691 8221
2311 692 8220
2310 693 8219
2309 694 8218
2308 695 8217
2307 696 8216
2306 697 8215
2305 698 8214
2304 699 8213
2303 700 8212
2302 701 8211
2301 702 8210
2300 703 8209
2299 704 8208
2298 705 8207
2297 706 8206
2296 707 8205
2295 708 8204
2294 709 8203
2293 710 8202
2292 711 8201
2291 712 8200
2290 713 8199
2289 714 8198
2288 715 8197
2287 716 8196
2286 717 8195
2285 718 8194
2284 719 8193
2283 720 8192
2282 721 8191
2281 722 8190
2280 723 8189
2279 724 8188
2278 725 8187
2277 726 8186
2276 727 8185
2275 728 8184
2274 729 8183
2273 730 8182
2272 731 8181
2271 732 8180
2270 733 8179
2269 734 8178
2268 735 8177
2267 736 8176
2266 737 8175
2265 738 8174
2264 739 8173
2263 740 8172
2262 741 8171
2261 742 8170
2260 743 8169
2259 744 8168
2258 745 8167
2257 746 8166
2256 747 8165
2255 748 8164
2254 749 8163
2253 750 8162
2252 751 8161
2251 752 8160
2250 753 8159
2249 754 8158
2248 755 8157
2247 756 8156
2246 757 8155
2245 758 8154
2244 759 8153
2243 760 8152
2242 761 8151
2241 762 8150
2240 763 8149
2239 764 8148
2238 765 8147
2237 766 8146
2236 767 8145
2235 768 8144
2234 769 8143
2233 770 8142
2232 771 8141
2231 772 8140
2230 773 8139
2229 774 8138
2228 775 8137
2227 776 8136
2226 777 8135
2225 778 8134
2224 779 8133
2223 780 8132
2222 781 8131
2221 782 8130
2220 783 8129
2219 784 8128
2218 785 8127
2217 786 8126
2216 787 8125
2215 788 8124
2214 789 8123
2213 790 8122
2212 791 8121
2211 792 8120
2210 793 8119
2209 794 8118
2208 795 8117
2207 796 8116
2206 797 8115
2205 798 8114
2204 799 8113
2203 800 8112
2202 801 8111
2201 802 8110
2200 803 8109
2199 804 8108
2198 805 8107
2197 806 8106
2196 807 8105
2195 808 8104
2194 809 8103
2193 810 8102
2192 811 8101
2191 812 8100
2190 813 8099
2189 814 8098
2188 815 8097
2187 816 8096
2186 817 8095
2185 818 8094
2184 819 8093
2183 820 8092
2182 821 8091
2181 822 8090
2180 823 8089
2179 824 8088
2178 825 8087
2177 826 8086
2176 827 8085
2175 828 8084
2174 829 8083
2173 830 8082
2172 831 8081
2171 832 8080
2170 833 8079
2169 834 8078
2168 835 8077
2167 836 8076
2166 837 8075
2165 838 8074
2164 839 8073
2163 840 8072
2162 841 8071
2161 842 8070
2160 843 8069
2159 844 8068
2158 845 8067
2157 846 8066
2156 847 8065
2155 848 8064
2154 849 8063
2153 850 8062
2152 851 8061
2151 852 8060
2150 853 8059
2149 854 8058
2148 855 8057
2147 856 8056
2146 857 8055
2145 858 8054
2144 859 8053
2143 860 8052
2142 861 8051
2141 862 8050
2140 863 8049
2139 864 8048
2138 865 8047
2137 866 8046
2136 867 8045
2135 868 8044
2134 869 8043
2133 870 8042
2132 871 8041
2131 872 8040
2130 873 8039
2129 874 8038
2128 875 8037
2127 876 8036
2126 877 8035
2125 878 8034
2124 879 8033
2123 880 8032
2122 881 8031
2121 882 8030
2120 883 8029
2119 884 8028
2118 885 8027
2117 886 8026
2116 887 8025
2115 888 8024
2114 889 8023
2113 890 8022
2112 891 8021
2111 892 8020
2110 893 8019
2109 894 8018
2108 895 8017
2107 896 8016
2106 897 8015
2105 898 8014
2104 899 8013
2103 900 8012
2102 901 8011
2101 902 8010
2100 903 8009
2099 904 8008
2098 905 8007
2097 906 8006
2096 907 8005
2095 908 8004
2094 909 8003
2093 910 8002
2092 911 8001
2091 912 8000
2090 913 7999
2089 914 7998
2088 915 7997
2087 916 7996
2086 917 7995
2085 918 7994
2084 919 7993
2083 920 7992
2082 921 7991
2081 922 7990
2080 923 7989
2079 924 7988
2078 925 7987
2077 926 7986
2076 927 7985
2075 928 7984
2074 929 7983
2073 930 7982
2072 931 7981
2071 932 7980
2070 933 7979
2069 934 7978
2068 935 7977
2067 936 7976
2066 937 7975
2065 938 7974
2064 939 7973
2063 940 7972
2062 941 7971
2061 942 7970
2060 943 7969
2059 944 7968
2058 945 7967
2057 946 7966
2056 947 7965
2055 948 7964
2054 949 7963
2053 950 7962
2052 951 7961
2051 952 7960
2050 953 7959
2049 954 7958
2048 955 7957
2047 956 7956
2046 957 7955
2045 958 7954
2044 959 7953
2043 960 7952
2042 961 7951
2041 962 7950
2040 963 7949
2039 964 7948
2038 965 7947
2037 966 7946
2036 967 7945
2035 968 7944
2034 969 7943
2033 970 7942
2032 971 7941
2031 972 7940
2030 973 7939
2029 974 7938
2028 975 7937
2027 976 7936
2026 977 7935
2025 978 7934
2024 979 7933
2023 980 7932
2022 981 7931
2021 982 7930
2020 983 7929
2019 984 7928
2018 985 7927
2017 986 7926
2016 987 7925
2015 988 7924
2014 989 7923
2013 990 7922
2012 991 7921
2011 992 7920
2010 993 7919
2009 994 7918
2008 995 7917
2007 996 7916
2006 997 7915
2005 998 7914
2004 999 7913
2003 1000 7912
2002 1001 7911
2001 1002 7910
2000 1003 7909
1999 1004 7908
1998 1005 7907
1997 1006 7906
1996 1007 7905
1995 1008 7904
1994 1009 7903
1993 1010 7902
1992 1011 7901
1991 1012 7900
1990 1013 7899
1989 1014 7898
1988 1015 7897
1987 1016 7896
1986 1017 7895
1985 1018 7894
1984 1019 7893
1983 1020 7892
1982 1021 7891
1981 1022 7890
1980 1023 7889
1979 1024 7888
1978 1025 7887
1977 1026 7886
1976 1027 7885
1975 1028 7884
1974 1029 7883
1973 1030 7882
1972 1031 7881
1971 1032 7880
1970 1033 7879
1969 1034 7878
1968 1035 7877
1967 1036 7876
1966 1037 7875
1965 1038 7874
1964 1039 7873
1963 1040 7872
1962 1041 7871
1961 1042 7870
1960 1043 7869
1959 1044 7868
1958 1045 7867
1957 1046 7866
1956 1047 7865
1955 1048 7864
1954 1049 7863
1953 1050 7862
1952 1051 7861
1951 1052 7860
1950 1053 7859
1949 1054 7858
1948 1055 7857
1947 1056 7856
1946 1057 7855
1945 1058 7854
1944 1059 7853
1943 1060 7852
1942 1061 7851
1941 1062 7850
1940 1063 7849
1939 1064 7848
1938 1065 7847
1937 1066 7846
1936 1067 7845
1935 1068 7844
1934 1069 7843
1933 1070 7842
1932 1071 7841
1931 1072 7840
1930 1073 7839
1929 1074 7838
1928 1075 7837
1927 1076 7836
1926 1077 7835
1925 1078 7834
1924 1079 7833
1923 1080 7832
1922 1081 7831
1921 1082 7830
1920 1083 7829
1919 1084 7828
1918 1085 7827
1917 1086 7826
1916 1087 7825
1915 1088 7824
1914 1089 7823
1913 1090 7822
1912 1091 7821
1911 1092 7820
1910 1093 7819
1909 1094 7818
1908 1095 7817
1907 1096 7816
1906 1097 7815
1905 1098 7814
1904 1099 7813
1903 1100 7812
1902 1101 7811
1901 1102 7810
1900 1103 7809
1899 1104 7808
1898 1105 7807
1897 1106 7806
1896 1107 7805
1895 1108 7804
1894 1109 7803
1893 1110 7802
1892 1111 7801
1891 1112 7800
1890 1113 7799
1889 1114 7798
1888 1115 7797
1887 1116 7796
1886 1117 7795
1885 1118 7794
1884 1119 7793
1883 1120 7792
1882 1121 7791
1881 1122 7790
1880 1123 7789
1879 1124 7788
1878 1125 7787
1877 1126 7786
1876 1127 7785
1875 1128 7784
1874 1129 7783
1873 1130 7782
1872 1131 7781
1871 1132 7780
1870 1133 7779
1869 1134 7778
1868 1135 7777
1867 1136 7776
1866 1137 7775
1865 1138 7774
1864 1139 7773
1863 1140 7772
1862 1141 7771
1861 1142 7770
1860 1143 7769
1859 1144 7768
1858 1145 7767
1857 1146 7766
1856 1147 7765
1855 1148 7764
1854 1149 7763
1853 1150 7762
1852 1151 7761
1851 1152 7760
1850 1153 7759
1849 1154 7758
1848 1155 7757
1847 1156 7756
1846 1157 7755
1845 1158 7754
1844 1159 7753
1843 1160 7752
1842 1161 7751
1841 1162 7750
1840 1163 7749
1839 1164 7748
1838 1165 7747
1837 1166 7746
1836 1167 7745
1835 1168 7744
1834 1169 7743
1833 1170 7742
1832 1171 7741
1831 1172 7740
1830 1173 7739
1829 1174 7738
1828 1175 7737
1827 1176 7736
1826 1177 7735
1825 1178 7734
1824 1179 7733
1823 1180 7732
1822 1181 7731
1821 1182 7730
1820 1183 7729
1819 1184 7728
1818 1185 7727
1817 1186 7726
1816 1187 7725
1815 1188 7724
1814 1189 7723
1813 1190 7722
1812 1191 7721
1811 1192 7720
1810 1193 7719
1809 1194 7718
1808 1195 7717
1807 1196 7716
1806 1197 7715
1805 1198 7714
1804 1199 7713
1803 1200 7712
1802 1201 7711
1801 1202 7710
1800 1203 7709
1799 1204 7708
1798 1205 7707
1797 1206 7706
1796 1207 7705
1795 1208 7704
1794 1209 7703
1793 1210 7702
1792 1211 7701
1791 1212 7700
1790 1213 7699
1789 1214 7698
1788 1215 7697
1787 1216 7696
1786 1217 7695
1785 1218 7694
1784 1219 7693
1783 1220 7692
1782 1221 7691
1781 1222 7690
1780 1223 7689
1779 1224 7688
1778 1225 7687
1777 1226 7686
1776 1227 7685
1775 1228 7684
1774 1229 7683
1773 1230 7682
1772 1231 7681
1771 1232 7680
1770 1233 7679
1769 1234 7678
1768 1235 7677
1767 1236 7676
1766 1237 7675
1765 1238 7674
1764 1239 7673
1763 1240 7672
1762 1241 7671
1761 1242 7670
1760 1243 7669
1759 1244 7668
1758 1245 7667
1757 1246 7666
1756 1247 7665
1755 1248 7664
1754 1249 7663
1753 1250 7662
1752 1251 7661
1751 1252 7660
1750 1253 7659
1749 1254 7658
1748 1255 7657
1747 1256 7656
1746 1257 7655
1745 1258 7654
1744 1259 7653
1743 1260 7652
1742 1261 7651
1741 1262 7650
1740 1263 7649
1739 1264 7648
1738 1265 7647
1737 1266 7646
1736 1267 7645
1735 1268 7644
1734 1269 7643
1733 1270 7642
1732 1271 7641
1731 1272 7640
1730 1273 7639
1729 1274 7638
1728 1275 7637
1727 1276 7636
1726 1277 7635
1725 1278 7634
1724 1279 7633
1723 1280 7632
1722 1281 7631
1721 1282 7630
1720 1283 7629
1719 1284 7628
1718 1285 7627
1717 1286 7626
1716 1287 7625
1715 1288 7624
1714 1289 7623
1713 1290 7622
1712 1291 7621
1711 1292 7620
1710 1293 7619
1709 1294 7618
1708 1295 7617
1707 1296 7616
1706 1297 7615
1705 1298 7614
1704 1299 7613
1703 1300 7612
1702 1301 7611
1701 1302 7610
1700 1303 7609
1699 1304 7608
1698 1305 7607
1697 1306 7606
1696 1307 7605
1695 1308 7604
1694 1309 7603
1693 1310 7602
1692 1311 7601
1691 1312 7600
1690 1313 7599
1689 1314 7598
1688 1315 7597
1687 1316 7596
1686 1317 7595
1685 1318 7594
1684 1319 7593
1683 1320 7592
1682 1321 7591
1681 1322 7590
1680 1323 7589
1679 1324 7588
1678 1325 7587
1677 1326 7586
1676 1327 7585
1675 1328 7584
1674 1329 7583
1673 1330 7582
1672 1331 7581
1671 1332 7580
1670 1333 7579
1669 1334 7578
1668 1335 7577
1667 1336 7576
1666 1337 7575
1665 1338 7574
1664 1339 7573
1663 1340 7572
1662 1341 7571
1661 1342 7570
1660 1343 7569
1659 1344 7568
1658 1345 7567
1657 1346 7566
1656 1347 7565
1655 1348 7564
1654 1349 7563
1653 1350 7562
1652 1351 7561
1651 1352 7560
1650 1353 7559
1649 1354 7558
1648 1355 7557
1647 1356 7556
1646 1357 7555
1645 1358 7554
1644 1359 7553
1643 1360 7552
1642 1361 7551
1641 1362 7550
1640 1363 7549
1639 1364 7548
1638 1365 7547
1637 1366 7546
1636 1367 7545
1635 1368 7544
1634 1369 7543
1633 1370 7542
1632 1371 7541
1631 1372 7540
1630 1373 7539
1629 1374 7538
1628 1375 7537
1627 1376 7536
1626 1377 7535
1625 1378 7534
1624 1379 7533
1623 1380 7532
1622 1381 7531
1621 1382 7530
1620 1383 7529
1619 1384 7528
1618 1385 7527
1617 1386 7526
1616 1387 7525
1615 1388 7524
1614 1389 7523
1613 1390 7522
1612 1391 7521
1611 1392 7520
1610 1393 7519
1609 1394 7518
1608 1395 7517
1607 1396 7516
1606 1397 7515
1605 1398 7514
1604 1399 7513
1603 1400 7512
1602 1401 7511
1601 1402 7510
1600 1403 7509
1599 1404 7508
1598 1405 7507
1597 1406 7506
1596 1407 7505
1595 1408 7504
1594 1409 7503
1593 1410 7502
1592 1411 7501
1591 1412 7500
1590 1413 7499
1589 1414 7498
1588 1415 7497
1587 1416 7496
1586 1417 7495
1585 1418 7494
1584 1419 7493
1583 1420 7492
1582 1421 7491
1581 1422 7490
1580 1423 7489
1579 1424 7488
1578 1425 7487
1577 1426 7486
1576 1427 7485
1575 1428 7484
1574 1429 7483
1573 1430 7482
1572 1431 7481
1571 1432 7480
1570 1433 7479
1569 1434 7478
1568 1435 7477
1567 1436 7476
1566 1437 7475
1565 1438 7474
1564 1439 7473
1563 1440 7472
1562 1441 7471
1561 1442 7470
1560 1443 7469
1559 1444 7468
1558 1445 7467
1557 1446 7466
1556 1447 7465
1555 1448 7464
1554 1449 7463
1553 1450 7462
1552 1451 7461
1551 1452 7460
1550 1453 7459
1549 1454 7458
1548 1455 7457
1547 1456 7456
1546 1457 7455
1545 1458 7454
1544 1459 7453
1543 1460 7452
1542 1461 7451
1541 1462 7450
1540 1463 7449
1539 1464 7448
1538 1465 7447
1537 1466 7446
1536 1467 7445
1535 1468 7444
1534 1469 7443
1533 1470 7442
1532 1471 7441
1531 1472 7440
1530 1473 7439
1529 1474 7438
1528 1475 7437
1527 1476 7436
1526 1477 7435
1525 1478 7434
1524 1479 7433
1523 1480 7432
1522 1481 7431
1521 1482 7430
1520 1483 7429
1519 1484 7428
1518 1485 7427
1517 1486 7426
1516 1487 7425
1515 1488 7424
1514 1489 7423
1513 1490 7422
1512 1491 7421
1511 1492 7420
1510 1493 7419
1509 1494 7418
1508 1495 7417
1507 1496 7416
1506 1497 7415
1505 1498 7414
1504 1499 7413
1503 1500 7412
1502 1501 7411
1501 1502 7410
1500 1503 7409
1499 1504 7408
1498 1505 7407
1497 1506 7406
1496 1507 7405
1495 1508 7404
1494 1509 7403
1493 1510 7402
1492 1511 7401
1491 1512 7400
1490 1513 7399
1489 1514 7398
1488 1515 7397
1487 1516 7396
1486 1517 7395
1485 1518 7394
1484 1519 7393
1483 1520 7392
1482 1521 7391
1481 1522 7390
1480 1523 7389
1479 1524 7388
1478 1525 7387
1477 1526 7386
1476 1527 7385
1475 1528 7384
1474 1529 7383
1473 1530 7382
1472 1531 7381
1471 1532 7380
1470 1533 7379
1469 1534 7378
1468 1535 7377
1467 1536 7376
1466 1537 7375
1465 1538 7374
1464 1539 7373
1463 1540 7372
1462 1541 7371
1461 1542 7370
1460 1543 7369
1459 1544 7368
1458 1545 7367
1457 1546 7366
1456 1547 7365
1455 1548 7364
1454 1549 7363
1453 1550 7362
1452 1551 7361
1451 1552 7360
1450 1553 7359
1449 1554 7358
1448 1555 7357
1447 1556 7356
1446 1557 7355
1445 1558 7354
1444 1559 7353
1443 1560 7352
1442 1561 7351
1441 1562 7350
1440 1563 7349
1439 1564 7348
1438 1565 7347
1437 1566 7346
1436 1567 7345
1435 1568 7344
1434 1569 7343
1433 1570 7342
1432 1571 7341
1431 1572 7340
1430 1573 7339
1429 1574 7338
1428 1575 7337
1427 1576 7336
1426 1577 7335
1425 1578 7334
1424 1579 7333
1423 1580 7332
1422 1581 7331
1421 1582 7330
1420 1583 7329
1419 1584 7328
1418 1585 7327
1417 1586 7326
1416 1587 7325
1415 1588 7324
1414 1589 7323
1413 1590 7322
1412 1591 7321
1411 1592 7320
1410 1593 7319
1409 1594 7318
1408 1595 7317
1407 1596 7316
1406 1597 7315
1405 1598 7314
1404 1599 7313
1403 1600 7312
1402 1601 7311
1401 1602 7310
1400 1603 7309
1399 1604 7308
1398 1605 7307
1397 1606 7306
1396 1607 7305
1395 1608 7304
1394 1609 7303
1393 1610 7302
1392 1611 7301
1391 1612 7300
1390 1613 7299
1389 1614 7298
1388 1615 7297
1387 1616 7296
1386 1617 7295
1385 1618 7294
1384 1619 7293
1383 1620 7292
1382 1621 7291
1381 1622 7290
1380 1623 7289
1379 1624 7288
1378 1625 7287
1377 1626 7286
1376 1627 7285
1375 1628 7284
1374 1629 7283
1373 1630 7282
1372 1631 7281
1371 1632 7280
1370 1633 7279
1369 1634 7278
1368 1635 7277
1367 1636 7276
1366 1637 7275
1365 1638 7274
1364 1639 7273
1363 1640 7272
1362 1641 7271
1361 1642 7270
1360 1643 7269
1359 1644 7268
1358 1645 7267
1357 1646 7266
1356 1647 7265
1355 1648 7264
1354 1649 7263
1353 1650 7262
1352 1651 7261
1351 1652 7260
1350 1653 7259
1349 1654 7258
1348 1655 7257
1347 1656 7256
1346 1657 7255
1345 1658 7254
1344 1659 7253
1343 1660 7252
1342 1661 7251
1341 1662 7250
1340 1663 7249
1339 1664 7248
1338 1665 7247
1337 1666 7246
1336 1667 7245
1335 1668 7244
1334 1669 7243
1333 1670 7242
1332 1671 7241
1331 1672 7240
1330 1673 7239
1329 1674 7238
1328 1675 7237
1327 1676 7236
1326 1677 7235
1325 1678 7234
1324 1679 7233
1323 1680 7232
1322 1681 7231
1321 1682 7230
1320 1683 7229
1319 1684 7228
1318 1685 7227
1317 1686 7226
1316 1687 7225
1315 1688 7224
1314 1689 7223
1313 1690 7222
1312 1691 7221
1311 1692 7220
1310 1693 7219
1309 1694 7218
1308 1695 7217
1307 1696 7216
1306 1697 7215
1305 1698 7214
1304 1699 7213
1303 1700 7212
1302 1701 7211
1301 1702 7210
1300 1703 7209
1299 1704 7208
1298 1705 7207
1297 1706 7206
1296 1707 7205
1295 1708 7204
1294 1709 7203
1293 1710 7202
1292 1711 7201
1291 1712 7200
1290 1713 7199
1289 1714 7198
1288 1715 7197
1287 1716 7196
1286 1717 7195
1285 1718 7194
1284 1719 7193
1283 1720 7192
1282 1721 7191
1281 1722 7190
1280 1723 7189
1279 1724 7188
1278 1725 7187
1277 1726 7186
1276 1727 7185
1275 1728 7184
1274 1729 7183
1273 1730 7182
1272 1731 7181
1271 1732 7180
1270 1733 7179
1269 1734 7178
1268 1735 7177
1267 1736 7176
1266 1737 7175
1265 1738 7174
1264 1739 7173
1263 1740 7172
1262 1741 7171
1261 1742 7170
1260 1743 7169
1259 1744 7168
1258 1745 7167
1257 1746 7166
1256 1747 7165
1255 1748 7164
1254 1749 7163
1253 1750 7162
1252 1751 7161
1251 1752 7160
1250 1753 7159
1249 1754 7158
1248 1755 7157
1247 1756 7156
1246 1757 7155
1245 1758 7154
1244 1759 7153
1243 1760 7152
1242 1761 7151
1241 1762 7150
1240 1763 7149
1239 1764 7148
1238 1765 7147
1237 1766 7146
1236 1767 7145
1235 1768 7144
1234 1769 7143
1233 1770 7142
1232 1771 7141
1231 1772 7140
1230 1773 7139
1229 1774 7138
1228 1775 7137
1227 1776 7136
1226 1777 7135
1225 1778 7134
1224 1779 7133
1223 1780 7132
1222 1781 7131
1221 1782 7130
1220 1783 7129
1219 1784 7128
1218 1785 7127
1217 1786 7126
1216 1787 7125
1215 1788 7124
1214 1789 7123
1213 1790 7122
1212 1791 7121
1211 1792 7120
1210 1793 7119
1209 1794 7118
1208 1795 7117
1207 1796 7116
1206 1797 7115
1205 1798 7114
1204 1799 7113
1203 1800 7112
1202 1801 7111
1201 1802 7110
1200 1803 7109
1199 1804 7108
1198 1805 7107
1197 1806 7106
1196 1807 7105
1195 1808 7104
1194 1809 7103
1193 1810 7102
1192 1811 7101
1191 1812 7100
1190 1813 7099
1189 1814 7098
1188 1815 7097
1187 1816 7096
1186 1817 7095
1185 1818 7094
1184 1819 7093
1183 1820 7092
1182 1821 7091
1181 1822 7090
1180 1823 7089
1179 1824 7088
1178 1825 7087
1177 1826 7086
1176 1827 7085
1175 1828 7084
1174 1829 7083
1173 1830 7082
1172 1831 7081
1171 1832 7080
1170 1833 7079
1169 1834 7078
1168 1835 7077
1167 1836 7076
1166 1837 7075
1165 1838 7074
1164 1839 7073
1163 1840 7072
1162 1841 7071
1161 1842 7070
1160 1843 7069
1159 1844 7068
1158 1845 7067
1157 1846 7066
1156 1847 7065
1155 1848 7064
1154 1849 7063
1153 1850 7062
1152 1851 7061
1151 1852 7060
1150 1853 7059
1149 1854 7058
1148 1855 7057
1147 1856 7056
1146 1857 7055
1145 1858 7054
1144 1859 7053
1143 1860 7052
1142 1861 7051
1141 1862 7050
1140 1863 7049
1139 1864 7048
1138 1865 7047
1137 1866 7046
1136 1867 7045
1135 1868 7044
1134 1869 7043
1133 1870 7042
1132 1871 7041
1131 1872 7040
1130 1873 7039
1129 1874 7038
1128 1875 7037
1127 1876 7036
1126 1877 7035
1125 1878 7034
1124 1879 7033
1123 1880 7032
1122 1881 7031
1121 1882 7030
1120 1883 7029
1119 1884 7028
1118 1885 7027
1117 1886 7026
1116 1887 7025
1115 1888 7024
1114 1889 7023
1113 1890 7022
1112 1891 7021
1111 1892 7020
1110 1893 7019
1109 1894 7018
1108 1895 7017
1107 1896 7016
1106 1897 7015
1105 1898 7014
1104 1899 7013
1103 1900 7012
1102 1901 7011
1101 1902 7010
1100 1903 7009
1099 1904 7008
1098 1905 7007
1097 1906 7006
1096 1907 7005
1095 1908 7004
1094 1909 7003
1093 1910 7002
1092 1911 7001
1091 1912 7000
1090 1913 6999
1089 1914 6998
1088 1915 6997
1087 1916 6996
1086 1917 6995
1085 1918 6994
1084 1919 6993
1083 1920 6992
1082 1921 6991
1081 1922 6990
1080 1923 6989
1079 1924 6988
1078 1925 6987
1077 1926 6986
1076 1927 6985
1075 1928 6984
1074 1929 6983
1073 1930 6982
1072 1931 6981
1071 1932 6980
1070 1933 6979
1069 1934 6978
1068 1935 6977
1067 1936 6976
1066 1937 6975
1065 1938 6974
1064 1939 6973
1063 1940 6972
1062 1941 6971
1061 1942 6970
1060 1943 6969
1059 1944 6968
1058 1945 6967
1057 1946 6966
1056 1947 6965
1055 1948 6964
1054 1949 6963
1053 1950 6962
1052 1951 6961
1051 1952 6960
1050 1953 6959
1049 1954 6958
1048 1955 6957
1047 1956 6956
1046 1957 6955
1045 1958 6954
1044 1959 6953
1043 1960 6952
1042 1961 6951
1041 1962 6950
1040 1963 6949
1039 1964 6948
1038 1965 6947
1037 1966 6946
1036 1967 6945
1035 1968 6944
1034 1969 6943
1033 1970 6942
1032 1971 6941
1031 1972 6940
1030 1973 6939
1029 1974 6938
1028 1975 6937
1027 1976 6936
1026 1977 6935
1025 1978 6934
1024 1979 6933
1023 1980 6932
1022 1981 6931
1021 1982 6930
1020 1983 6929
1019 1984 6928
1018 1985 6927
1017 1986 6926
1016 1987 6925
1015 1988 6924
1014 1989 6923
1013 1990 6922
1012 1991 6921
1011 1992 6920
1010 1993 6919
1009 1994 6918
1008 1995 6917
1007 1996 6916
1006 1997 6915
1005 1998 6914
1004 1999 6913
1003 2000 6912
1002 2001 6911
1001 2002 6910
1000 2003 6909
999 2004 6908
998 2005 6907
997 2006 6906
996 2007 6905
995 2008 6904
994 2009 6903
993 2010 6902
992 2011 6901
991 2012 6900
990 2013 6899
989 2014 6898
988 2015 6897
987 2016 6896
986 2017 6895
985 2018 6894
984 2019 6893
983 2020 6892
982 2021 6891
981 2022 6890
980 2023 6889
979 2024 6888
978 2025 6887
977 2026 6886
976 2027 6885
975 2028 6884
974 2029 6883
973 2030 6882
972 2031 6881
971 2032 6880
970 2033 6879
969 2034 6878
968 2035 6877
967 2036 6876
966 2037 6875
965 2038 6874
964 2039 6873
963 2040 6872
962 2041 6871
961 2042 6870
960 2043 6869
959 2044 6868
958 2045 6867
957 2046 6866
956 2047 6865
955 2048 6864
954 2049 6863
953 2050 6862
952 2051 6861
951 2052 6860
950 2053 6859
949 2054 6858
948 2055 6857
947 2056 6856
946 2057 6855
945 2058 6854
944 2059 6853
943 2060 6852
942 2061 6851
941 2062 6850
940 2063 6849
939 2064 6848
938 2065 6847
937 2066 6846
936 2067 6845
935 2068 6844
934 2069 6843
933 2070 6842
932 2071 6841
931 2072 6840
930 2073 6839
929 2074 6838
928 2075 6837
927 2076 6836
926 2077 6835
925 2078 6834
924 2079 6833
923 2080 6832
922 2081 6831
921 2082 6830
920 2083 6829
919 2084 6828
918 2085 6827
917 2086 6826
916 2087 6825
915 2088 6824
914 2089 6823
913 2090 6822
912 2091 6821
911 2092 6820
910 2093 6819
909 2094 6818
908 2095 6817
907 2096 6816
906 2097 6815
905 2098 6814
904 2099 6813
903 2100 6812
902 2101 6811
901 2102 6810
900 2103 6809
899 2104 6808
898 2105 6807
897 2106 6806
896 2107 6805
895 2108 6804
894 2109 6803
893 2110 6802
892 2111 6801
891 2112 6800
890 2113 6799
889 2114 6798
888 2115 6797
887 2116 6796
886 2117 6795
885 2118 6794
884 2119 6793
883 2120 6792
882 2121 6791
881 2122 6790
880 2123 6789
879 2124 6788
878 2125 6787
877 2126 6786
876 2127 6785
875 2128 6784
874 2129 6783
873 2130 6782
872 2131 6781
871 2132 6780
870 2133 6779
869 2134 6778
868 2135 6777
867 2136 6776
866 2137 6775
865 2138 6774
864 2139 6773
863 2140 6772
862 2141 6771
861 2142 6770
860 2143 6769
859 2144 6768
858 2145 6767
857 2146 6766
856 2147 6765
855 2148 6764
854 2149 6763
853 2150 6762
852 2151 6761
851 2152 6760
850 2153 6759
849 2154 6758
848 2155 6757
847 2156 6756
846 2157 6755
845 2158 6754
844 2159 6753
843 2160 6752
842 2161 6751
841 2162 6750
840 2163 6749
839 2164 6748
838 2165 6747
837 2166 6746
836 2167 6745
835 2168 6744
834 2169 6743
833 2170 6742
832 2171 6741
831 2172 6740
830 2173 6739
829 2174 6738
828 2175 6737
827 2176 6736
826 2177 6735
825 2178 6734
824 2179 6733
823 2180 6732
822 2181 6731
821 2182 6730
820 2183 6729
819 2184 6728
818 2185 6727
817 2186 6726
816 2187 6725
815 2188 6724
814 2189 6723
813 2190 6722
812 2191 6721
811 2192 6720
810 2193 6719
809 2194 6718
808 2195 6717
807 2196 6716
806 2197 6715
805 2198 6714
804 2199 6713
803 2200 6712
802 2201 6711
801 2202 6710
800 2203 6709
799 2204 6708
798 2205 6707
797 2206 6706
796 2207 6705
795 2208 6704
794 2209 6703
793 2210 6702
792 2211 6701
791 2212 6700
790 2213 6699
789 2214 6698
788 2215 6697
787 2216 6696
786 2217 6695
785 2218 6694
784 2219 6693
783 2220 6692
782 2221 6691
781 2222 6690
780 2223 6689
779 2224 6688
778 2225 6687
777 2226 6686
776 2227 6685
775 2228 6684
774 2229 6683
773 2230 6682
772 2231 6681
771 2232 6680
770 2233 6679
769 2234 6678
768 2235 6677
767 2236 6676
766 2237 6675
765 2238 6674
764 2239 6673
763 2240 6672
762 2241 6671
761 2242 6670
760 2243 6669
759 2244 6668
758 2245 6667
757 2246 6666
756 2247 6665
755 2248 6664
754 2249 6663
753 2250 6662
752 2251 6661
751 2252 6660
750 2253 6659
749 2254 6658
748 2255 6657
747 2256 6656
746 2257 6655
745 2258 6654
744 2259 6653
743 2260 6652
742 2261 6651
741 2262 6650
740 2263 6649
739 2264 6648
738 2265 6647
737 2266 6646
736 2267 6645
735 2268 6644
734 2269 6643
733 2270 6642
732 2271 6641
731 2272 6640
730 2273 6639
729 2274 6638
728 2275 6637
727 2276 6636
726 2277 6635
725 2278 6634
724 2279 6633
723 2280 6632
722 2281 6631
721 2282 6630
720 2283 6629
719 2284 6628
718 2285 6627
717 2286 6626
716 2287 6625
715 2288 6624
714 2289 6623
713 2290 6622
712 2291 6621
711 2292 6620
710 2293 6619
709 2294 6618
708 2295 6617
707 2296 6616
706 2297 6615
705 2298 6614
704 2299 6613
703 2300 6612
702 2301 6611
701 2302 6610
700 2303 6609
699 2304 6608
698 2305 6607
697 2306 6606
696 2307 6605
695 2308 6604
694 2309 6603
693 2310 6602
692 2311 6601
691 2312 6600
690 2313 6599
689 2314 6598
688 2315 6597
687 2316 6596
686 2317 6595
685 2318 6594
684 2319 6593
683 2320 6592
682 2321 6591
681 2322 6590
680 2323 6589
679 2324 6588
678 2325 6587
677 2326 6586
676 2327 6585
675 2328 6584
674 2329 6583
673 2330 6582
672 2331 6581
671 2332 6580
670 2333 6579
669 2334 6578
668 2335 6577
667 2336 6576
666 2337 6575
665 2338 6574
664 2339 6573
663 2340 6572
662 2341 6571
661 2342 6570
660 2343 6569
659 2344 6568
658 2345 6567
657 2346 6566
656 2347 6565
655 2348 6564
654 2349 6563
653 2350 6562
652 2351 6561
651 2352 6560
650 2353 6559
649 2354 6558
648 2355 6557
647 2356 6556
646 2357 6555
645 2358 6554
644 2359 6553
643 2360 6552
642 2361 6551
641 2362 6550
640 2363 6549
639 2364 6548
638 2365 6547
637 2366 6546
636 2367 6545
635 2368 6544
634 2369 6543
633 2370 6542
632 2371 6541
631 2372 6540
630 2373 6539
629 2374 6538
628 2375 6537
627 2376 6536
626 2377 6535
625 2378 6534
624 2379 6533
623 2380 6532
622 2381 6531
621 2382 6530
620 2383 6529
619 2384 6528
618 2385 6527
617 2386 6526
616 2387 6525
615 2388 6524
614 2389 6523
613 2390 6522
612 2391 6521
611 2392 6520
610 2393 6519
609 2394 6518
608 2395 6517
607 2396 6516
606 2397 6515
605 2398 6514
604 2399 6513
603 2400 6512
602 2401 6511
601 2402 6510
600 2403 6509
599 2404 6508
598 2405 6507
597 2406 6506
596 2407 6505
595 2408 6504
594 2409 6503
593 2410 6502
592 2411 6501
591 2412 6500
590 2413 6499
589 2414 6498
588 2415 6497
587 2416 6496
586 2417 6495
585 2418 6494
584 2419 6493
583 2420 6492
582 2421 6491
581 2422 6490
580 2423 6489
579 2424 6488
578 2425 6487
577 2426 6486
576 2427 6485
575 2428 6484
574 2429 6483
573 2430 6482
572 2431 6481
571 2432 6480
570 2433 6479
569 2434 6478
568 2435 6477
567 2436 6476
566 2437 6475
565 2438 6474
564 2439 6473
563 2440 6472
562 2441 6471
561 2442 6470
560 2443 6469
559 2444 6468
558 2445 6467
557 2446 6466
556 2447 6465
555 2448 6464
554 2449 6463
553 2450 6462
552 2451 6461
551 2452 6460
550 2453 6459
549 2454 6458
548 2455 6457
547 2456 6456
546 2457 6455
545 2458 6454
544 2459 6453
543 2460 6452
542 2461 6451
541 2462 6450
540 2463 6449
539 2464 6448
538 2465 6447
537 2466 6446
536 2467 6445
535 2468 6444
534 2469 6443
533 2470 6442
532 2471 6441
531 2472 6440
530 2473 6439
529 2474 6438
528 2475 6437
527 2476 6436
526 2477 6435
525 2478 6434
524 2479 6433
523 2480 6432
522 2481 6431
521 2482 6430
520 2483 6429
519 2484 6428
518 2485 6427
517 2486 6426
516 2487 6425
515 2488 6424
514 2489 6423
513 2490 6422
512 2491 6421
511 2492 6420
510 2493 6419
509 2494 6418
508 2495 6417
507 2496 6416
506 2497 6415
505 2498 6414
504 2499 6413
503 2500 6412
502 2501 6411
501 2502 6410
500 2503 6409
499 2504 6408
498 2505 6407
497 2506 6406
496 2507 6405
495 2508 6404
494 2509 6403
493 2510 6402
492 2511 6401
491 2512 6400
490 2513 6399
489 2514 6398
488 2515 6397
487 2516 6396
486 2517 6395
485 2518 6394
484 2519 6393
483 2520 6392
482 2521 6391
481 2522 6390
480 2523 6389
479 2524 6388
478 2525 6387
477 2526 6386
476 2527 6385
475 2528 6384
474 2529 6383
473 2530 6382
472 2531 6381
471 2532 6380
470 2533 6379
469 2534 6378
468 2535 6377
467 2536 6376
466 2537 6375
465 2538 6374
464 2539 6373
463 2540 6372
462 2541 6371
461 2542 6370
460 2543 6369
459 2544 6368
458 2545 6367
457 2546 6366
456 2547 6365
455 2548 6364
454 2549 6363
453 2550 6362
452 2551 6361
451 2552 6360
450 2553 6359
449 2554 6358
448 2555 6357
447 2556 6356
446 2557 6355
445 2558 6354
444 2559 6353
443 2560 6352
442 2561 6351
441 2562 6350
440 2563 6349
439 2564 6348
438 2565 6347
437 2566 6346
436 2567 6345
435 2568 6344
434 2569 6343
433 2570 6342
432 2571 6341
431 2572 6340
430 2573 6339
429 2574 6338
428 2575 6337
427 2576 6336
426 2577 6335
425 2578 6334
424 2579 6333
423 2580 6332
422 2581 6331
421 2582 6330
420 2583 6329
419 2584 6328
418 2585 6327
417 2586 6326
416 2587 6325
415 2588 6324
414 2589 6323
413 2590 6322
412 2591 6321
411 2592 6320
410 2593 6319
409 2594 6318
408 2595 6317
407 2596 6316
406 2597 6315
405 2598 6314
404 2599 6313
403 2600 6312
402 2601 6311
401 2602 6310
400 2603 6309
399 2604 6308
398 2605 6307
397 2606 6306
396 2607 6305
395 2608 6304
394 2609 6303
393 2610 6302
392 2611 6301
391 2612 6300
390 2613 6299
389 2614 6298
388 2615 6297
387 2616 6296
386 2617 6295
385 2618 6294
384 2619 6293
383 2620 6292
382 2621 6291
381 2622 6290
380 2623 6289
379 2624 6288
378 2625 6287
377 2626 6286
376 2627 6285
375 2628 6284
374 2629 6283
373 2630 6282
372 2631 6281
371 2632 6280
370 2633 6279
369 2634 6278
368 2635 6277
367 2636 6276
366 2637 6275
365 2638 6274
364 2639 6273
363 2640 6272
362 2641 6271
361 2642 6270
360 2643 6269
359 2644 6268
358 2645 6267
357 2646 6266
356 2647 6265
355 2648 6264
354 2649 6263
353 2650 6262
352 2651 6261
351 2652 6260
350 2653 6259
349 2654 6258
348 2655 6257
347 2656 6256
346 2657 6255
345 2658 6254
344 2659 6253
343 2660 6252
342 2661 6251
341 2662 6250
340 2663 6249
339 2664 6248
338 2665 6247
337 2666 6246
336 2667 6245
335 2668 6244
334 2669 6243
333 2670 6242
332 2671 6241
331 2672 6240
330 2673 6239
329 2674 6238
328 2675 6237
327 2676 6236
326 2677 6235
325 2678 6234
324 2679 6233
323 2680 6232
322 2681 6231
321 2682 6230
320 2683 6229
319 2684 6228
318 2685 6227
317 2686 6226
316 2687 6225
315 2688 6224
314 2689 6223
313 2690 6222
312 2691 6221
311 2692 6220
310 2693 6219
309 2694 6218
308 2695 6217
307 2696 6216
306 2697 6215
305 2698 6214
304 2699 6213
303 2700 6212
302 2701 6211
301 2702 6210
300 2703 6209
299 2704 6208
298 2705 6207
297 2706 6206
296 2707 6205
295 2708 6204
294 2709 6203
293 2710 6202
292 2711 6201
291 2712 6200
290 2713 6199
289 2714 6198
288 2715 6197
287 2716 6196
286 2717 6195
285 2718 6194
284 2719 6193
283 2720 6192
282 2721 6191
281 2722 6190
280 2723 6189
279 2724 6188
278 2725 6187
277 2726 6186
276 2727 6185
275 2728 6184
274 2729 6183
273 2730 6182
272 2731 6181
271 2732 6180
270 2733 6179
269 2734 6178
268 2735 6177
267 2736 6176
266 2737 6175
265 2738 6174
264 2739 6173
263 2740 6172
262 2741 6171
261 2742 6170
260 2743 6169
259 2744 6168
258 2745 6167
257 2746 6166
256 2747 6165
255 2748 6164
254 2749 6163
253 2750 6162
252 2751 6161
251 2752 6160
250 2753 6159
249 2754 6158
248 2755 6157
247 2756 6156
246 2757 6155
245 2758 6154
244 2759 6153
243 2760 6152
242 2761 6151
241 2762 6150
240 2763 6149
239 2764 6148
238 2765 6147
237 2766 6146
236 2767 6145
235 2768 6144
234 2769 6143
233 2770 6142
232 2771 6141
231 2772 6140
230 2773 6139
229 2774 6138
228 2775 6137
227 2776 6136
226 2777 6135
225 2778 6134
224 2779 6133
223 2780 6132
222 2781 6131
221 2782 6130
220 2783 6129
219 2784 6128
218 2785 6127
217 2786 6126
216 2787 6125
215 2788 6124
214 2789 6123
213 2790 6122
212 2791 6121
211 2792 6120
210 2793 6119
209 2794 6118
208 2795 6117
207 2796 6116
206 2797 6115
205 2798 6114
204 2799 6113
203 2800 6112
202 2801 6111
201 2802 6110
200 2803 6109
199 2804 6108
198 2805 6107
197 2806 6106
196 2807 6105
195 2808 6104
194 2809 6103
193 2810 6102
192 2811 6101
191 2812 6100
190 2813 6099
189 2814 6098
188 2815 6097
187 2816 6096
186 2817 6095
185 2818 6094
184 2819 6093
183 2820 6092
182 2821 6091
181 2822 6090
180 2823 6089
179 2824 6088
178 2825 6087
177 2826 6086
176 2827 6085
175 2828 6084
174 2829 6083
173 2830 6082
172 2831 6081
171 2832 6080
170 2833 6079
169 2834 6078
168 2835 6077
167 2836 6076
166 2837 6075
165 2838 6074
164 2839 6073
163 2840 6072
162 2841 6071
161 2842 6070
160 2843 6069
159 2844 6068
158 2845 6067
157 2846 6066
156 2847 6065
155 2848 6064
154 2849 6063
153 2850 6062
152 2851 6061
151 2852 6060
150 2853 6059
149 2854 6058
148 2855 6057
147 2856 6056
146 2857 6055
145 2858 6054
144 2859 6053
143 2860 6052
142 2861 6051
141 2862 6050
140 2863 6049
139 2864 6048
138 2865 6047
137 2866 6046
136 2867 6045
135 2868 6044
134 2869 6043
133 2870 6042
132 2871 6041
131 2872 6040
130 2873 6039
129 2874 6038
128 2875 6037
127 2876 6036
126 2877 6035
125 2878 6034
124 2879 6033
123 2880 6032
122 2881 6031
121 2882 6030
120 2883 6029
119 2884 6028
118 2885 6027
117 2886 6026
116 2887 6025
115 2888 6024
114 2889 6023
113 2890 6022
112 2891 6021
111 2892 6020
110 2893 6019
109 2894 6018
108 2895 6017
107 2896 6016
106 2897 6015
105 2898 6014
104 2899 6013
103 2900 6012
102 2901 6011
101 2902 6010
100 2903 6009
99 2904 6008
98 2905 6007
97 2906 6006
96 2907 6005
95 2908 6004
94 2909 6003
93 2910 6002
92 2911 6001
