305
3000 3 6305
2999 4 6304
2998 5 6303
2997 6 6302
2996 7 6301
2995 8 6300
2994 9 6299
2993 10 6298
2992 11 6297
2991 12 6296
2990 13 6295
2989 14 6294
2988 15 6293
2987 16 6292
2986 17 6291
2985 18 6290
2984 19 6289
2983 20 6288
2982 21 6287
2981 22 6286
2980 23 6285
2979 24 6284
2978 25 6283
2977 26 6282
2976 27 6281
2975 28 6280
2974 29 6279
2973 30 6278
2972 31 6277
2971 32 6276
2970 33 6275
2969 34 6274
2968 35 6273
2967 36 6272
2966 37 6271
2965 38 6270
2964 39 6269
2963 40 6268
2962 41 6267
2961 42 6266
2960 43 6265
2959 44 6264
2958 45 6263
2957 46 6262
2956 47 6261
2955 48 6260
2954 49 6259
2953 50 6258
2952 51 6257
2951 52 6256
2950 53 6255
2949 54 6254
2948 55 6253
2947 56 6252
2946 57 6251
2945 58 6250
2944 59 6249
2943 60 6248
2942 61 6247
2941 62 6246
2940 63 6245
2939 64 6244
2938 65 6243
2937 66 6242
2936 67 6241
2935 68 6240
2934 69 6239
2933 70 6238
2932 71 6237
2931 72 6236
2930 73 6235
2929 74 6234
2928 75 6233
2927 76 6232
2926 77 6231
2925 78 6230
2924 79 6229
2923 80 6228
2922 81 6227
2921 82 6226
2920 83 6225
2919 84 6224
2918 85 6223
2917 86 6222
2916 87 6221
2915 88 6220
2914 89 6219
2913 90 6218
2912 91 6217
2911 92 6216
2910 93 6215
2909 94 6214
2908 95 6213
2907 96 6212
2906 97 6211
2905 98 6210
2904 99 6209
2903 100 6208
2902 101 6207
2901 102 6206
2900 103 6205
2899 104 6204
2898 105 6203
2897 106 6202
2896 107 6201
2895 108 6200
2894 109 6199
2893 110 6198
2892 111 6197
2891 112 6196
2890 113 6195
2889 114 6194
2888 115 6193
2887 116 6192
2886 117 6191
2885 118 6190
2884 119 6189
2883 120 6188
2882 121 6187
2881 122 6186
2880 123 6185
2879 124 6184
2878 125 6183
2877 126 6182
2876 127 6181
2875 128 6180
2874 129 6179
2873 130 6178
2872 131 6177
2871 132 6176
2870 133 6175
2869 134 6174
2868 135 6173
2867 136 6172
2866 137 6171
2865 138 6170
2864 139 6169
2863 140 6168
2862 141 6167
2861 142 6166
2860 143 6165
2859 144 6164
2858 145 6163
2857 146 6162
2856 147 6161
2855 148 6160
2854 149 6159
2853 150 6158
2852 151 6157
2851 152 6156
2850 153 6155
2849 154 6154
2848 155 6153
2847 156 6152
2846 157 6151
2845 158 6150
2844 159 6149
2843 160 6148
2842 161 6147
2841 162 6146
2840 163 6145
2839 164 6144
2838 165 6143
2837 166 6142
2836 167 6141
2835 168 6140
2834 169 6139
2833 170 6138
2832 171 6137
2831 172 6136
2830 173 6135
2829 174 6134
2828 175 6133
2827 176 6132
2826 177 6131
2825 178 6130
2824 179 6129
2823 180 6128
2822 181 6127
2821 182 6126
2820 183 6125
2819 184 6124
2818 185 6123
2817 186 6122
2816 187 6121
2815 188 6120
2814 189 6119
2813 190 6118
2812 191 6117
2811 192 6116
2810 193 6115
2809 194 6114
2808 195 6113
2807 196 6112
2806 197 6111
2805 198 6110
2804 199 6109
2803 200 6108
2802 201 6107
2801 202 6106
2800 203 6105
2799 204 6104
2798 205 6103
2797 206 6102
2796 207 6101
2795 208 6100
2794 209 6099
2793 210 6098
2792 211 6097
2791 212 6096
2790 213 6095
2789 214 6094
2788 215 6093
2787 216 6092
2786 217 6091
2785 218 6090
2784 219 6089
2783 220 6088
2782 221 6087
2781 222 6086
2780 223 6085
2779 224 6084
2778 225 6083
2777 226 6082
2776 227 6081
2775 228 6080
2774 229 6079
2773 230 6078
2772 231 6077
2771 232 6076
2770 233 6075
2769 234 6074
2768 235 6073
2767 236 6072
2766 237 6071
2765 238 6070
2764 239 6069
2763 240 6068
2762 241 6067
2761 242 6066
2760 243 6065
2759 244 6064
2758 245 6063
2757 246 6062
2756 247 6061
2755 248 6060
2754 249 6059
2753 250 6058
2752 251 6057
2751 252 6056
2750 253 6055
2749 254 6054
2748 255 6053
2747 256 6052
2746 257 6051
2745 258 6050
2744 259 6049
2743 260 6048
2742 261 6047
2741 262 6046
2740 263 6045
2739 264 6044
2738 265 6043
2737 266 6042
2736 267 6041
2735 268 6040
2734 269 6039
2733 270 6038
2732 271 6037
2731 272 6036
2730 273 6035
2729 274 6034
2728 275 6033
2727 276 6032
2726 277 6031
2725 278 6030
2724 279 6029
2723 280 6028
2722 281 6027
2721 282 6026
2720 283 6025
2719 284 6024
2718 285 6023
2717 286 6022
2716 287 6021
2715 288 6020
2714 289 6019
2713 290 6018
2712 291 6017
2711 292 6016
2710 293 6015
2709 294 6014
2708 295 6013
2707 296 6012
2706 297 6011
2705 298 6010
2704 299 6009
2703 300 6008
2702 301 6007
2701 302 6006
2700 303 6005
2699 304 6004
2698 305 6003
2697 306 6002
2696 307 6001
