2665
3000 3 8665
2999 4 8664
2998 5 8663
2997 6 8662
2996 7 8661
2995 8 8660
2994 9 8659
2993 10 8658
2992 11 8657
2991 12 8656
2990 13 8655
2989 14 8654
2988 15 8653
2987 16 8652
2986 17 8651
2985 18 8650
2984 19 8649
2983 20 8648
2982 21 8647
2981 22 8646
2980 23 8645
2979 24 8644
2978 25 8643
2977 26 8642
2976 27 8641
2975 28 8640
2974 29 8639
2973 30 8638
2972 31 8637
2971 32 8636
2970 33 8635
2969 34 8634
2968 35 8633
2967 36 8632
2966 37 8631
2965 38 8630
2964 39 8629
2963 40 8628
2962 41 8627
2961 42 8626
2960 43 8625
2959 44 8624
2958 45 8623
2957 46 8622
2956 47 8621
2955 48 8620
2954 49 8619
2953 50 8618
2952 51 8617
2951 52 8616
2950 53 8615
2949 54 8614
2948 55 8613
2947 56 8612
2946 57 8611
2945 58 8610
2944 59 8609
2943 60 8608
2942 61 8607
2941 62 8606
2940 63 8605
2939 64 8604
2938 65 8603
2937 66 8602
2936 67 8601
2935 68 8600
2934 69 8599
2933 70 8598
2932 71 8597
2931 72 8596
2930 73 8595
2929 74 8594
2928 75 8593
2927 76 8592
2926 77 8591
2925 78 8590
2924 79 8589
2923 80 8588
2922 81 8587
2921 82 8586
2920 83 8585
2919 84 8584
2918 85 8583
2917 86 8582
2916 87 8581
2915 88 8580
2914 89 8579
2913 90 8578
2912 91 8577
2911 92 8576
2910 93 8575
2909 94 8574
2908 95 8573
2907 96 8572
2906 97 8571
2905 98 8570
2904 99 8569
2903 100 8568
2902 101 8567
2901 102 8566
2900 103 8565
2899 104 8564
2898 105 8563
2897 106 8562
2896 107 8561
2895 108 8560
2894 109 8559
2893 110 8558
2892 111 8557
2891 112 8556
2890 113 8555
2889 114 8554
2888 115 8553
2887 116 8552
2886 117 8551
2885 118 8550
2884 119 8549
2883 120 8548
2882 121 8547
2881 122 8546
2880 123 8545
2879 124 8544
2878 125 8543
2877 126 8542
2876 127 8541
2875 128 8540
2874 129 8539
2873 130 8538
2872 131 8537
2871 132 8536
2870 133 8535
2869 134 8534
2868 135 8533
2867 136 8532
2866 137 8531
2865 138 8530
2864 139 8529
2863 140 8528
2862 141 8527
2861 142 8526
2860 143 8525
2859 144 8524
2858 145 8523
2857 146 8522
2856 147 8521
2855 148 8520
2854 149 8519
2853 150 8518
2852 151 8517
2851 152 8516
2850 153 8515
2849 154 8514
2848 155 8513
2847 156 8512
2846 157 8511
2845 158 8510
2844 159 8509
2843 160 8508
2842 161 8507
2841 162 8506
2840 163 8505
2839 164 8504
2838 165 8503
2837 166 8502
2836 167 8501
2835 168 8500
2834 169 8499
2833 170 8498
2832 171 8497
2831 172 8496
2830 173 8495
2829 174 8494
2828 175 8493
2827 176 8492
2826 177 8491
2825 178 8490
2824 179 8489
2823 180 8488
2822 181 8487
2821 182 8486
2820 183 8485
2819 184 8484
2818 185 8483
2817 186 8482
2816 187 8481
2815 188 8480
2814 189 8479
2813 190 8478
2812 191 8477
2811 192 8476
2810 193 8475
2809 194 8474
2808 195 8473
2807 196 8472
2806 197 8471
2805 198 8470
2804 199 8469
2803 200 8468
2802 201 8467
2801 202 8466
2800 203 8465
2799 204 8464
2798 205 8463
2797 206 8462
2796 207 8461
2795 208 8460
2794 209 8459
2793 210 8458
2792 211 8457
2791 212 8456
2790 213 8455
2789 214 8454
2788 215 8453
2787 216 8452
2786 217 8451
2785 218 8450
2784 219 8449
2783 220 8448
2782 221 8447
2781 222 8446
2780 223 8445
2779 224 8444
2778 225 8443
2777 226 8442
2776 227 8441
2775 228 8440
2774 229 8439
2773 230 8438
2772 231 8437
2771 232 8436
2770 233 8435
2769 234 8434
2768 235 8433
2767 236 8432
2766 237 8431
2765 238 8430
2764 239 8429
2763 240 8428
2762 241 8427
2761 242 8426
2760 243 8425
2759 244 8424
2758 245 8423
2757 246 8422
2756 247 8421
2755 248 8420
2754 249 8419
2753 250 8418
2752 251 8417
2751 252 8416
2750 253 8415
2749 254 8414
2748 255 8413
2747 256 8412
2746 257 8411
2745 258 8410
2744 259 8409
2743 260 8408
2742 261 8407
2741 262 8406
2740 263 8405
2739 264 8404
2738 265 8403
2737 266 8402
2736 267 8401
2735 268 8400
2734 269 8399
2733 270 8398
2732 271 8397
2731 272 8396
2730 273 8395
2729 274 8394
2728 275 8393
2727 276 8392
2726 277 8391
2725 278 8390
2724 279 8389
2723 280 8388
2722 281 8387
2721 282 8386
2720 283 8385
2719 284 8384
2718 285 8383
2717 286 8382
2716 287 8381
2715 288 8380
2714 289 8379
2713 290 8378
2712 291 8377
2711 292 8376
2710 293 8375
2709 294 8374
2708 295 8373
2707 296 8372
2706 297 8371
2705 298 8370
2704 299 8369
2703 300 8368
2702 301 8367
2701 302 8366
2700 303 8365
2699 304 8364
2698 305 8363
2697 306 8362
2696 307 8361
2695 308 8360
2694 309 8359
2693 310 8358
2692 311 8357
2691 312 8356
2690 313 8355
2689 314 8354
2688 315 8353
2687 316 8352
2686 317 8351
2685 318 8350
2684 319 8349
2683 320 8348
2682 321 8347
2681 322 8346
2680 323 8345
2679 324 8344
2678 325 8343
2677 326 8342
2676 327 8341
2675 328 8340
2674 329 8339
2673 330 8338
2672 331 8337
2671 332 8336
2670 333 8335
2669 334 8334
2668 335 8333
2667 336 8332
2666 337 8331
2665 338 8330
2664 339 8329
2663 340 8328
2662 341 8327
2661 342 8326
2660 343 8325
2659 344 8324
2658 345 8323
2657 346 8322
2656 347 8321
2655 348 8320
2654 349 8319
2653 350 8318
2652 351 8317
2651 352 8316
2650 353 8315
2649 354 8314
2648 355 8313
2647 356 8312
2646 357 8311
2645 358 8310
2644 359 8309
2643 360 8308
2642 361 8307
2641 362 8306
2640 363 8305
2639 364 8304
2638 365 8303
2637 366 8302
2636 367 8301
2635 368 8300
2634 369 8299
2633 370 8298
2632 371 8297
2631 372 8296
2630 373 8295
2629 374 8294
2628 375 8293
2627 376 8292
2626 377 8291
2625 378 8290
2624 379 8289
2623 380 8288
2622 381 8287
2621 382 8286
2620 383 8285
2619 384 8284
2618 385 8283
2617 386 8282
2616 387 8281
2615 388 8280
2614 389 8279
2613 390 8278
2612 391 8277
2611 392 8276
2610 393 8275
2609 394 8274
2608 395 8273
2607 396 8272
2606 397 8271
2605 398 8270
2604 399 8269
2603 400 8268
2602 401 8267
2601 402 8266
2600 403 8265
2599 404 8264
2598 405 8263
2597 406 8262
2596 407 8261
2595 408 8260
2594 409 8259
2593 410 8258
2592 411 8257
2591 412 8256
2590 413 8255
2589 414 8254
2588 415 8253
2587 416 8252
2586 417 8251
2585 418 8250
2584 419 8249
2583 420 8248
2582 421 8247
2581 422 8246
2580 423 8245
2579 424 8244
2578 425 8243
2577 426 8242
2576 427 8241
2575 428 8240
2574 429 8239
2573 430 8238
2572 431 8237
2571 432 8236
2570 433 8235
2569 434 8234
2568 435 8233
2567 436 8232
2566 437 8231
2565 438 8230
2564 439 8229
2563 440 8228
2562 441 8227
2561 442 8226
2560 443 8225
2559 444 8224
2558 445 8223
2557 446 8222
2556 447 8221
2555 448 8220
2554 449 8219
2553 450 8218
2552 451 8217
2551 452 8216
2550 453 8215
2549 454 8214
2548 455 8213
2547 456 8212
2546 457 8211
2545 458 8210
2544 459 8209
2543 460 8208
2542 461 8207
2541 462 8206
2540 463 8205
2539 464 8204
2538 465 8203
2537 466 8202
2536 467 8201
2535 468 8200
2534 469 8199
2533 470 8198
2532 471 8197
2531 472 8196
2530 473 8195
2529 474 8194
2528 475 8193
2527 476 8192
2526 477 8191
2525 478 8190
2524 479 8189
2523 480 8188
2522 481 8187
2521 482 8186
2520 483 8185
2519 484 8184
2518 485 8183
2517 486 8182
2516 487 8181
2515 488 8180
2514 489 8179
2513 490 8178
2512 491 8177
2511 492 8176
2510 493 8175
2509 494 8174
2508 495 8173
2507 496 8172
2506 497 8171
2505 498 8170
2504 499 8169
2503 500 8168
2502 501 8167
2501 502 8166
2500 503 8165
2499 504 8164
2498 505 8163
2497 506 8162
2496 507 8161
2495 508 8160
2494 509 8159
2493 510 8158
2492 511 8157
2491 512 8156
2490 513 8155
2489 514 8154
2488 515 8153
2487 516 8152
2486 517 8151
2485 518 8150
2484 519 8149
2483 520 8148
2482 521 8147
2481 522 8146
2480 523 8145
2479 524 8144
2478 525 8143
2477 526 8142
2476 527 8141
2475 528 8140
2474 529 8139
2473 530 8138
2472 531 8137
2471 532 8136
2470 533 8135
2469 534 8134
2468 535 8133
2467 536 8132
2466 537 8131
2465 538 8130
2464 539 8129
2463 540 8128
2462 541 8127
2461 542 8126
2460 543 8125
2459 544 8124
2458 545 8123
2457 546 8122
2456 547 8121
2455 548 8120
2454 549 8119
2453 550 8118
2452 551 8117
2451 552 8116
2450 553 8115
2449 554 8114
2448 555 8113
2447 556 8112
2446 557 8111
2445 558 8110
2444 559 8109
2443 560 8108
2442 561 8107
2441 562 8106
2440 563 8105
2439 564 8104
2438 565 8103
2437 566 8102
2436 567 8101
2435 568 8100
2434 569 8099
2433 570 8098
2432 571 8097
2431 572 8096
2430 573 8095
2429 574 8094
2428 575 8093
2427 576 8092
2426 577 8091
2425 578 8090
2424 579 8089
2423 580 8088
2422 581 8087
2421 582 8086
2420 583 8085
2419 584 8084
2418 585 8083
2417 586 8082
2416 587 8081
2415 588 8080
2414 589 8079
2413 590 8078
2412 591 8077
2411 592 8076
2410 593 8075
2409 594 8074
2408 595 8073
2407 596 8072
2406 597 8071
2405 598 8070
2404 599 8069
2403 600 8068
2402 601 8067
2401 602 8066
2400 603 8065
2399 604 8064
2398 605 8063
2397 606 8062
2396 607 8061
2395 608 8060
2394 609 8059
2393 610 8058
2392 611 8057
2391 612 8056
2390 613 8055
2389 614 8054
2388 615 8053
2387 616 8052
2386 617 8051
2385 618 8050
2384 619 8049
2383 620 8048
2382 621 8047
2381 622 8046
2380 623 8045
2379 624 8044
2378 625 8043
2377 626 8042
2376 627 8041
2375 628 8040
2374 629 8039
2373 630 8038
2372 631 8037
2371 632 8036
2370 633 8035
2369 634 8034
2368 635 8033
2367 636 8032
2366 637 8031
2365 638 8030
2364 639 8029
2363 640 8028
2362 641 8027
2361 642 8026
2360 643 8025
2359 644 8024
2358 645 8023
2357 646 8022
2356 647 8021
2355 648 8020
2354 649 8019
2353 650 8018
2352 651 8017
2351 652 8016
2350 653 8015
2349 654 8014
2348 655 8013
2347 656 8012
2346 657 8011
2345 658 8010
2344 659 8009
2343 660 8008
2342 661 8007
2341 662 8006
2340 663 8005
2339 664 8004
2338 665 8003
2337 666 8002
2336 667 8001
2335 668 8000
2334 669 7999
2333 670 7998
2332 671 7997
2331 672 7996
2330 673 7995
2329 674 7994
2328 675 7993
2327 676 7992
2326 677 7991
2325 678 7990
2324 679 7989
2323 680 7988
2322 681 7987
2321 682 7986
2320 683 7985
2319 684 7984
2318 685 7983
2317 686 7982
2316 687 7981
2315 688 7980
2314 689 7979
2313 690 7978
2312 691 7977
2311 692 7976
2310 693 7975
2309 694 7974
2308 695 7973
2307 696 7972
2306 697 7971
2305 698 7970
2304 699 7969
2303 700 7968
2302 701 7967
2301 702 7966
2300 703 7965
2299 704 7964
2298 705 7963
2297 706 7962
2296 707 7961
2295 708 7960
2294 709 7959
2293 710 7958
2292 711 7957
2291 712 7956
2290 713 7955
2289 714 7954
2288 715 7953
2287 716 7952
2286 717 7951
2285 718 7950
2284 719 7949
2283 720 7948
2282 721 7947
2281 722 7946
2280 723 7945
2279 724 7944
2278 725 7943
2277 726 7942
2276 727 7941
2275 728 7940
2274 729 7939
2273 730 7938
2272 731 7937
2271 732 7936
2270 733 7935
2269 734 7934
2268 735 7933
2267 736 7932
2266 737 7931
2265 738 7930
2264 739 7929
2263 740 7928
2262 741 7927
2261 742 7926
2260 743 7925
2259 744 7924
2258 745 7923
2257 746 7922
2256 747 7921
2255 748 7920
2254 749 7919
2253 750 7918
2252 751 7917
2251 752 7916
2250 753 7915
2249 754 7914
2248 755 7913
2247 756 7912
2246 757 7911
2245 758 7910
2244 759 7909
2243 760 7908
2242 761 7907
2241 762 7906
2240 763 7905
2239 764 7904
2238 765 7903
2237 766 7902
2236 767 7901
2235 768 7900
2234 769 7899
2233 770 7898
2232 771 7897
2231 772 7896
2230 773 7895
2229 774 7894
2228 775 7893
2227 776 7892
2226 777 7891
2225 778 7890
2224 779 7889
2223 780 7888
2222 781 7887
2221 782 7886
2220 783 7885
2219 784 7884
2218 785 7883
2217 786 7882
2216 787 7881
2215 788 7880
2214 789 7879
2213 790 7878
2212 791 7877
2211 792 7876
2210 793 7875
2209 794 7874
2208 795 7873
2207 796 7872
2206 797 7871
2205 798 7870
2204 799 7869
2203 800 7868
2202 801 7867
2201 802 7866
2200 803 7865
2199 804 7864
2198 805 7863
2197 806 7862
2196 807 7861
2195 808 7860
2194 809 7859
2193 810 7858
2192 811 7857
2191 812 7856
2190 813 7855
2189 814 7854
2188 815 7853
2187 816 7852
2186 817 7851
2185 818 7850
2184 819 7849
2183 820 7848
2182 821 7847
2181 822 7846
2180 823 7845
2179 824 7844
2178 825 7843
2177 826 7842
2176 827 7841
2175 828 7840
2174 829 7839
2173 830 7838
2172 831 7837
2171 832 7836
2170 833 7835
2169 834 7834
2168 835 7833
2167 836 7832
2166 837 7831
2165 838 7830
2164 839 7829
2163 840 7828
2162 841 7827
2161 842 7826
2160 843 7825
2159 844 7824
2158 845 7823
2157 846 7822
2156 847 7821
2155 848 7820
2154 849 7819
2153 850 7818
2152 851 7817
2151 852 7816
2150 853 7815
2149 854 7814
2148 855 7813
2147 856 7812
2146 857 7811
2145 858 7810
2144 859 7809
2143 860 7808
2142 861 7807
2141 862 7806
2140 863 7805
2139 864 7804
2138 865 7803
2137 866 7802
2136 867 7801
2135 868 7800
2134 869 7799
2133 870 7798
2132 871 7797
2131 872 7796
2130 873 7795
2129 874 7794
2128 875 7793
2127 876 7792
2126 877 7791
2125 878 7790
2124 879 7789
2123 880 7788
2122 881 7787
2121 882 7786
2120 883 7785
2119 884 7784
2118 885 7783
2117 886 7782
2116 887 7781
2115 888 7780
2114 889 7779
2113 890 7778
2112 891 7777
2111 892 7776
2110 893 7775
2109 894 7774
2108 895 7773
2107 896 7772
2106 897 7771
2105 898 7770
2104 899 7769
2103 900 7768
2102 901 7767
2101 902 7766
2100 903 7765
2099 904 7764
2098 905 7763
2097 906 7762
2096 907 7761
2095 908 7760
2094 909 7759
2093 910 7758
2092 911 7757
2091 912 7756
2090 913 7755
2089 914 7754
2088 915 7753
2087 916 7752
2086 917 7751
2085 918 7750
2084 919 7749
2083 920 7748
2082 921 7747
2081 922 7746
2080 923 7745
2079 924 7744
2078 925 7743
2077 926 7742
2076 927 7741
2075 928 7740
2074 929 7739
2073 930 7738
2072 931 7737
2071 932 7736
2070 933 7735
2069 934 7734
2068 935 7733
2067 936 7732
2066 937 7731
2065 938 7730
2064 939 7729
2063 940 7728
2062 941 7727
2061 942 7726
2060 943 7725
2059 944 7724
2058 945 7723
2057 946 7722
2056 947 7721
2055 948 7720
2054 949 7719
2053 950 7718
2052 951 7717
2051 952 7716
2050 953 7715
2049 954 7714
2048 955 7713
2047 956 7712
2046 957 7711
2045 958 7710
2044 959 7709
2043 960 7708
2042 961 7707
2041 962 7706
2040 963 7705
2039 964 7704
2038 965 7703
2037 966 7702
2036 967 7701
2035 968 7700
2034 969 7699
2033 970 7698
2032 971 7697
2031 972 7696
2030 973 7695
2029 974 7694
2028 975 7693
2027 976 7692
2026 977 7691
2025 978 7690
2024 979 7689
2023 980 7688
2022 981 7687
2021 982 7686
2020 983 7685
2019 984 7684
2018 985 7683
2017 986 7682
2016 987 7681
2015 988 7680
2014 989 7679
2013 990 7678
2012 991 7677
2011 992 7676
2010 993 7675
2009 994 7674
2008 995 7673
2007 996 7672
2006 997 7671
2005 998 7670
2004 999 7669
2003 1000 7668
2002 1001 7667
2001 1002 7666
2000 1003 7665
1999 1004 7664
1998 1005 7663
1997 1006 7662
1996 1007 7661
1995 1008 7660
1994 1009 7659
1993 1010 7658
1992 1011 7657
1991 1012 7656
1990 1013 7655
1989 1014 7654
1988 1015 7653
1987 1016 7652
1986 1017 7651
1985 1018 7650
1984 1019 7649
1983 1020 7648
1982 1021 7647
1981 1022 7646
1980 1023 7645
1979 1024 7644
1978 1025 7643
1977 1026 7642
1976 1027 7641
1975 1028 7640
1974 1029 7639
1973 1030 7638
1972 1031 7637
1971 1032 7636
1970 1033 7635
1969 1034 7634
1968 1035 7633
1967 1036 7632
1966 1037 7631
1965 1038 7630
1964 1039 7629
1963 1040 7628
1962 1041 7627
1961 1042 7626
1960 1043 7625
1959 1044 7624
1958 1045 7623
1957 1046 7622
1956 1047 7621
1955 1048 7620
1954 1049 7619
1953 1050 7618
1952 1051 7617
1951 1052 7616
1950 1053 7615
1949 1054 7614
1948 1055 7613
1947 1056 7612
1946 1057 7611
1945 1058 7610
1944 1059 7609
1943 1060 7608
1942 1061 7607
1941 1062 7606
1940 1063 7605
1939 1064 7604
1938 1065 7603
1937 1066 7602
1936 1067 7601
1935 1068 7600
1934 1069 7599
1933 1070 7598
1932 1071 7597
1931 1072 7596
1930 1073 7595
1929 1074 7594
1928 1075 7593
1927 1076 7592
1926 1077 7591
1925 1078 7590
1924 1079 7589
1923 1080 7588
1922 1081 7587
1921 1082 7586
1920 1083 7585
1919 1084 7584
1918 1085 7583
1917 1086 7582
1916 1087 7581
1915 1088 7580
1914 1089 7579
1913 1090 7578
1912 1091 7577
1911 1092 7576
1910 1093 7575
1909 1094 7574
1908 1095 7573
1907 1096 7572
1906 1097 7571
1905 1098 7570
1904 1099 7569
1903 1100 7568
1902 1101 7567
1901 1102 7566
1900 1103 7565
1899 1104 7564
1898 1105 7563
1897 1106 7562
1896 1107 7561
1895 1108 7560
1894 1109 7559
1893 1110 7558
1892 1111 7557
1891 1112 7556
1890 1113 7555
1889 1114 7554
1888 1115 7553
1887 1116 7552
1886 1117 7551
1885 1118 7550
1884 1119 7549
1883 1120 7548
1882 1121 7547
1881 1122 7546
1880 1123 7545
1879 1124 7544
1878 1125 7543
1877 1126 7542
1876 1127 7541
1875 1128 7540
1874 1129 7539
1873 1130 7538
1872 1131 7537
1871 1132 7536
1870 1133 7535
1869 1134 7534
1868 1135 7533
1867 1136 7532
1866 1137 7531
1865 1138 7530
1864 1139 7529
1863 1140 7528
1862 1141 7527
1861 1142 7526
1860 1143 7525
1859 1144 7524
1858 1145 7523
1857 1146 7522
1856 1147 7521
1855 1148 7520
1854 1149 7519
1853 1150 7518
1852 1151 7517
1851 1152 7516
1850 1153 7515
1849 1154 7514
1848 1155 7513
1847 1156 7512
1846 1157 7511
1845 1158 7510
1844 1159 7509
1843 1160 7508
1842 1161 7507
1841 1162 7506
1840 1163 7505
1839 1164 7504
1838 1165 7503
1837 1166 7502
1836 1167 7501
1835 1168 7500
1834 1169 7499
1833 1170 7498
1832 1171 7497
1831 1172 7496
1830 1173 7495
1829 1174 7494
1828 1175 7493
1827 1176 7492
1826 1177 7491
1825 1178 7490
1824 1179 7489
1823 1180 7488
1822 1181 7487
1821 1182 7486
1820 1183 7485
1819 1184 7484
1818 1185 7483
1817 1186 7482
1816 1187 7481
1815 1188 7480
1814 1189 7479
1813 1190 7478
1812 1191 7477
1811 1192 7476
1810 1193 7475
1809 1194 7474
1808 1195 7473
1807 1196 7472
1806 1197 7471
1805 1198 7470
1804 1199 7469
1803 1200 7468
1802 1201 7467
1801 1202 7466
1800 1203 7465
1799 1204 7464
1798 1205 7463
1797 1206 7462
1796 1207 7461
1795 1208 7460
1794 1209 7459
1793 1210 7458
1792 1211 7457
1791 1212 7456
1790 1213 7455
1789 1214 7454
1788 1215 7453
1787 1216 7452
1786 1217 7451
1785 1218 7450
1784 1219 7449
1783 1220 7448
1782 1221 7447
1781 1222 7446
1780 1223 7445
1779 1224 7444
1778 1225 7443
1777 1226 7442
1776 1227 7441
1775 1228 7440
1774 1229 7439
1773 1230 7438
1772 1231 7437
1771 1232 7436
1770 1233 7435
1769 1234 7434
1768 1235 7433
1767 1236 7432
1766 1237 7431
1765 1238 7430
1764 1239 7429
1763 1240 7428
1762 1241 7427
1761 1242 7426
1760 1243 7425
1759 1244 7424
1758 1245 7423
1757 1246 7422
1756 1247 7421
1755 1248 7420
1754 1249 7419
1753 1250 7418
1752 1251 7417
1751 1252 7416
1750 1253 7415
1749 1254 7414
1748 1255 7413
1747 1256 7412
1746 1257 7411
1745 1258 7410
1744 1259 7409
1743 1260 7408
1742 1261 7407
1741 1262 7406
1740 1263 7405
1739 1264 7404
1738 1265 7403
1737 1266 7402
1736 1267 7401
1735 1268 7400
1734 1269 7399
1733 1270 7398
1732 1271 7397
1731 1272 7396
1730 1273 7395
1729 1274 7394
1728 1275 7393
1727 1276 7392
1726 1277 7391
1725 1278 7390
1724 1279 7389
1723 1280 7388
1722 1281 7387
1721 1282 7386
1720 1283 7385
1719 1284 7384
1718 1285 7383
1717 1286 7382
1716 1287 7381
1715 1288 7380
1714 1289 7379
1713 1290 7378
1712 1291 7377
1711 1292 7376
1710 1293 7375
1709 1294 7374
1708 1295 7373
1707 1296 7372
1706 1297 7371
1705 1298 7370
1704 1299 7369
1703 1300 7368
1702 1301 7367
1701 1302 7366
1700 1303 7365
1699 1304 7364
1698 1305 7363
1697 1306 7362
1696 1307 7361
1695 1308 7360
1694 1309 7359
1693 1310 7358
1692 1311 7357
1691 1312 7356
1690 1313 7355
1689 1314 7354
1688 1315 7353
1687 1316 7352
1686 1317 7351
1685 1318 7350
1684 1319 7349
1683 1320 7348
1682 1321 7347
1681 1322 7346
1680 1323 7345
1679 1324 7344
1678 1325 7343
1677 1326 7342
1676 1327 7341
1675 1328 7340
1674 1329 7339
1673 1330 7338
1672 1331 7337
1671 1332 7336
1670 1333 7335
1669 1334 7334
1668 1335 7333
1667 1336 7332
1666 1337 7331
1665 1338 7330
1664 1339 7329
1663 1340 7328
1662 1341 7327
1661 1342 7326
1660 1343 7325
1659 1344 7324
1658 1345 7323
1657 1346 7322
1656 1347 7321
1655 1348 7320
1654 1349 7319
1653 1350 7318
1652 1351 7317
1651 1352 7316
1650 1353 7315
1649 1354 7314
1648 1355 7313
1647 1356 7312
1646 1357 7311
1645 1358 7310
1644 1359 7309
1643 1360 7308
1642 1361 7307
1641 1362 7306
1640 1363 7305
1639 1364 7304
1638 1365 7303
1637 1366 7302
1636 1367 7301
1635 1368 7300
1634 1369 7299
1633 1370 7298
1632 1371 7297
1631 1372 7296
1630 1373 7295
1629 1374 7294
1628 1375 7293
1627 1376 7292
1626 1377 7291
1625 1378 7290
1624 1379 7289
1623 1380 7288
1622 1381 7287
1621 1382 7286
1620 1383 7285
1619 1384 7284
1618 1385 7283
1617 1386 7282
1616 1387 7281
1615 1388 7280
1614 1389 7279
1613 1390 7278
1612 1391 7277
1611 1392 7276
1610 1393 7275
1609 1394 7274
1608 1395 7273
1607 1396 7272
1606 1397 7271
1605 1398 7270
1604 1399 7269
1603 1400 7268
1602 1401 7267
1601 1402 7266
1600 1403 7265
1599 1404 7264
1598 1405 7263
1597 1406 7262
1596 1407 7261
1595 1408 7260
1594 1409 7259
1593 1410 7258
1592 1411 7257
1591 1412 7256
1590 1413 7255
1589 1414 7254
1588 1415 7253
1587 1416 7252
1586 1417 7251
1585 1418 7250
1584 1419 7249
1583 1420 7248
1582 1421 7247
1581 1422 7246
1580 1423 7245
1579 1424 7244
1578 1425 7243
1577 1426 7242
1576 1427 7241
1575 1428 7240
1574 1429 7239
1573 1430 7238
1572 1431 7237
1571 1432 7236
1570 1433 7235
1569 1434 7234
1568 1435 7233
1567 1436 7232
1566 1437 7231
1565 1438 7230
1564 1439 7229
1563 1440 7228
1562 1441 7227
1561 1442 7226
1560 1443 7225
1559 1444 7224
1558 1445 7223
1557 1446 7222
1556 1447 7221
1555 1448 7220
1554 1449 7219
1553 1450 7218
1552 1451 7217
1551 1452 7216
1550 1453 7215
1549 1454 7214
1548 1455 7213
1547 1456 7212
1546 1457 7211
1545 1458 7210
1544 1459 7209
1543 1460 7208
1542 1461 7207
1541 1462 7206
1540 1463 7205
1539 1464 7204
1538 1465 7203
1537 1466 7202
1536 1467 7201
1535 1468 7200
1534 1469 7199
1533 1470 7198
1532 1471 7197
1531 1472 7196
1530 1473 7195
1529 1474 7194
1528 1475 7193
1527 1476 7192
1526 1477 7191
1525 1478 7190
1524 1479 7189
1523 1480 7188
1522 1481 7187
1521 1482 7186
1520 1483 7185
1519 1484 7184
1518 1485 7183
1517 1486 7182
1516 1487 7181
1515 1488 7180
1514 1489 7179
1513 1490 7178
1512 1491 7177
1511 1492 7176
1510 1493 7175
1509 1494 7174
1508 1495 7173
1507 1496 7172
1506 1497 7171
1505 1498 7170
1504 1499 7169
1503 1500 7168
1502 1501 7167
1501 1502 7166
1500 1503 7165
1499 1504 7164
1498 1505 7163
1497 1506 7162
1496 1507 7161
1495 1508 7160
1494 1509 7159
1493 1510 7158
1492 1511 7157
1491 1512 7156
1490 1513 7155
1489 1514 7154
1488 1515 7153
1487 1516 7152
1486 1517 7151
1485 1518 7150
1484 1519 7149
1483 1520 7148
1482 1521 7147
1481 1522 7146
1480 1523 7145
1479 1524 7144
1478 1525 7143
1477 1526 7142
1476 1527 7141
1475 1528 7140
1474 1529 7139
1473 1530 7138
1472 1531 7137
1471 1532 7136
1470 1533 7135
1469 1534 7134
1468 1535 7133
1467 1536 7132
1466 1537 7131
1465 1538 7130
1464 1539 7129
1463 1540 7128
1462 1541 7127
1461 1542 7126
1460 1543 7125
1459 1544 7124
1458 1545 7123
1457 1546 7122
1456 1547 7121
1455 1548 7120
1454 1549 7119
1453 1550 7118
1452 1551 7117
1451 1552 7116
1450 1553 7115
1449 1554 7114
1448 1555 7113
1447 1556 7112
1446 1557 7111
1445 1558 7110
1444 1559 7109
1443 1560 7108
1442 1561 7107
1441 1562 7106
1440 1563 7105
1439 1564 7104
1438 1565 7103
1437 1566 7102
1436 1567 7101
1435 1568 7100
1434 1569 7099
1433 1570 7098
1432 1571 7097
1431 1572 7096
1430 1573 7095
1429 1574 7094
1428 1575 7093
1427 1576 7092
1426 1577 7091
1425 1578 7090
1424 1579 7089
1423 1580 7088
1422 1581 7087
1421 1582 7086
1420 1583 7085
1419 1584 7084
1418 1585 7083
1417 1586 7082
1416 1587 7081
1415 1588 7080
1414 1589 7079
1413 1590 7078
1412 1591 7077
1411 1592 7076
1410 1593 7075
1409 1594 7074
1408 1595 7073
1407 1596 7072
1406 1597 7071
1405 1598 7070
1404 1599 7069
1403 1600 7068
1402 1601 7067
1401 1602 7066
1400 1603 7065
1399 1604 7064
1398 1605 7063
1397 1606 7062
1396 1607 7061
1395 1608 7060
1394 1609 7059
1393 1610 7058
1392 1611 7057
1391 1612 7056
1390 1613 7055
1389 1614 7054
1388 1615 7053
1387 1616 7052
1386 1617 7051
1385 1618 7050
1384 1619 7049
1383 1620 7048
1382 1621 7047
1381 1622 7046
1380 1623 7045
1379 1624 7044
1378 1625 7043
1377 1626 7042
1376 1627 7041
1375 1628 7040
1374 1629 7039
1373 1630 7038
1372 1631 7037
1371 1632 7036
1370 1633 7035
1369 1634 7034
1368 1635 7033
1367 1636 7032
1366 1637 7031
1365 1638 7030
1364 1639 7029
1363 1640 7028
1362 1641 7027
1361 1642 7026
1360 1643 7025
1359 1644 7024
1358 1645 7023
1357 1646 7022
1356 1647 7021
1355 1648 7020
1354 1649 7019
1353 1650 7018
1352 1651 7017
1351 1652 7016
1350 1653 7015
1349 1654 7014
1348 1655 7013
1347 1656 7012
1346 1657 7011
1345 1658 7010
1344 1659 7009
1343 1660 7008
1342 1661 7007
1341 1662 7006
1340 1663 7005
1339 1664 7004
1338 1665 7003
1337 1666 7002
1336 1667 7001
1335 1668 7000
1334 1669 6999
1333 1670 6998
1332 1671 6997
1331 1672 6996
1330 1673 6995
1329 1674 6994
1328 1675 6993
1327 1676 6992
1326 1677 6991
1325 1678 6990
1324 1679 6989
1323 1680 6988
1322 1681 6987
1321 1682 6986
1320 1683 6985
1319 1684 6984
1318 1685 6983
1317 1686 6982
1316 1687 6981
1315 1688 6980
1314 1689 6979
1313 1690 6978
1312 1691 6977
1311 1692 6976
1310 1693 6975
1309 1694 6974
1308 1695 6973
1307 1696 6972
1306 1697 6971
1305 1698 6970
1304 1699 6969
1303 1700 6968
1302 1701 6967
1301 1702 6966
1300 1703 6965
1299 1704 6964
1298 1705 6963
1297 1706 6962
1296 1707 6961
1295 1708 6960
1294 1709 6959
1293 1710 6958
1292 1711 6957
1291 1712 6956
1290 1713 6955
1289 1714 6954
1288 1715 6953
1287 1716 6952
1286 1717 6951
1285 1718 6950
1284 1719 6949
1283 1720 6948
1282 1721 6947
1281 1722 6946
1280 1723 6945
1279 1724 6944
1278 1725 6943
1277 1726 6942
1276 1727 6941
1275 1728 6940
1274 1729 6939
1273 1730 6938
1272 1731 6937
1271 1732 6936
1270 1733 6935
1269 1734 6934
1268 1735 6933
1267 1736 6932
1266 1737 6931
1265 1738 6930
1264 1739 6929
1263 1740 6928
1262 1741 6927
1261 1742 6926
1260 1743 6925
1259 1744 6924
1258 1745 6923
1257 1746 6922
1256 1747 6921
1255 1748 6920
1254 1749 6919
1253 1750 6918
1252 1751 6917
1251 1752 6916
1250 1753 6915
1249 1754 6914
1248 1755 6913
1247 1756 6912
1246 1757 6911
1245 1758 6910
1244 1759 6909
1243 1760 6908
1242 1761 6907
1241 1762 6906
1240 1763 6905
1239 1764 6904
1238 1765 6903
1237 1766 6902
1236 1767 6901
1235 1768 6900
1234 1769 6899
1233 1770 6898
1232 1771 6897
1231 1772 6896
1230 1773 6895
1229 1774 6894
1228 1775 6893
1227 1776 6892
1226 1777 6891
1225 1778 6890
1224 1779 6889
1223 1780 6888
1222 1781 6887
1221 1782 6886
1220 1783 6885
1219 1784 6884
1218 1785 6883
1217 1786 6882
1216 1787 6881
1215 1788 6880
1214 1789 6879
1213 1790 6878
1212 1791 6877
1211 1792 6876
1210 1793 6875
1209 1794 6874
1208 1795 6873
1207 1796 6872
1206 1797 6871
1205 1798 6870
1204 1799 6869
1203 1800 6868
1202 1801 6867
1201 1802 6866
1200 1803 6865
1199 1804 6864
1198 1805 6863
1197 1806 6862
1196 1807 6861
1195 1808 6860
1194 1809 6859
1193 1810 6858
1192 1811 6857
1191 1812 6856
1190 1813 6855
1189 1814 6854
1188 1815 6853
1187 1816 6852
1186 1817 6851
1185 1818 6850
1184 1819 6849
1183 1820 6848
1182 1821 6847
1181 1822 6846
1180 1823 6845
1179 1824 6844
1178 1825 6843
1177 1826 6842
1176 1827 6841
1175 1828 6840
1174 1829 6839
1173 1830 6838
1172 1831 6837
1171 1832 6836
1170 1833 6835
1169 1834 6834
1168 1835 6833
1167 1836 6832
1166 1837 6831
1165 1838 6830
1164 1839 6829
1163 1840 6828
1162 1841 6827
1161 1842 6826
1160 1843 6825
1159 1844 6824
1158 1845 6823
1157 1846 6822
1156 1847 6821
1155 1848 6820
1154 1849 6819
1153 1850 6818
1152 1851 6817
1151 1852 6816
1150 1853 6815
1149 1854 6814
1148 1855 6813
1147 1856 6812
1146 1857 6811
1145 1858 6810
1144 1859 6809
1143 1860 6808
1142 1861 6807
1141 1862 6806
1140 1863 6805
1139 1864 6804
1138 1865 6803
1137 1866 6802
1136 1867 6801
1135 1868 6800
1134 1869 6799
1133 1870 6798
1132 1871 6797
1131 1872 6796
1130 1873 6795
1129 1874 6794
1128 1875 6793
1127 1876 6792
1126 1877 6791
1125 1878 6790
1124 1879 6789
1123 1880 6788
1122 1881 6787
1121 1882 6786
1120 1883 6785
1119 1884 6784
1118 1885 6783
1117 1886 6782
1116 1887 6781
1115 1888 6780
1114 1889 6779
1113 1890 6778
1112 1891 6777
1111 1892 6776
1110 1893 6775
1109 1894 6774
1108 1895 6773
1107 1896 6772
1106 1897 6771
1105 1898 6770
1104 1899 6769
1103 1900 6768
1102 1901 6767
1101 1902 6766
1100 1903 6765
1099 1904 6764
1098 1905 6763
1097 1906 6762
1096 1907 6761
1095 1908 6760
1094 1909 6759
1093 1910 6758
1092 1911 6757
1091 1912 6756
1090 1913 6755
1089 1914 6754
1088 1915 6753
1087 1916 6752
1086 1917 6751
1085 1918 6750
1084 1919 6749
1083 1920 6748
1082 1921 6747
1081 1922 6746
1080 1923 6745
1079 1924 6744
1078 1925 6743
1077 1926 6742
1076 1927 6741
1075 1928 6740
1074 1929 6739
1073 1930 6738
1072 1931 6737
1071 1932 6736
1070 1933 6735
1069 1934 6734
1068 1935 6733
1067 1936 6732
1066 1937 6731
1065 1938 6730
1064 1939 6729
1063 1940 6728
1062 1941 6727
1061 1942 6726
1060 1943 6725
1059 1944 6724
1058 1945 6723
1057 1946 6722
1056 1947 6721
1055 1948 6720
1054 1949 6719
1053 1950 6718
1052 1951 6717
1051 1952 6716
1050 1953 6715
1049 1954 6714
1048 1955 6713
1047 1956 6712
1046 1957 6711
1045 1958 6710
1044 1959 6709
1043 1960 6708
1042 1961 6707
1041 1962 6706
1040 1963 6705
1039 1964 6704
1038 1965 6703
1037 1966 6702
1036 1967 6701
1035 1968 6700
1034 1969 6699
1033 1970 6698
1032 1971 6697
1031 1972 6696
1030 1973 6695
1029 1974 6694
1028 1975 6693
1027 1976 6692
1026 1977 6691
1025 1978 6690
1024 1979 6689
1023 1980 6688
1022 1981 6687
1021 1982 6686
1020 1983 6685
1019 1984 6684
1018 1985 6683
1017 1986 6682
1016 1987 6681
1015 1988 6680
1014 1989 6679
1013 1990 6678
1012 1991 6677
1011 1992 6676
1010 1993 6675
1009 1994 6674
1008 1995 6673
1007 1996 6672
1006 1997 6671
1005 1998 6670
1004 1999 6669
1003 2000 6668
1002 2001 6667
1001 2002 6666
1000 2003 6665
999 2004 6664
998 2005 6663
997 2006 6662
996 2007 6661
995 2008 6660
994 2009 6659
993 2010 6658
992 2011 6657
991 2012 6656
990 2013 6655
989 2014 6654
988 2015 6653
987 2016 6652
986 2017 6651
985 2018 6650
984 2019 6649
983 2020 6648
982 2021 6647
981 2022 6646
980 2023 6645
979 2024 6644
978 2025 6643
977 2026 6642
976 2027 6641
975 2028 6640
974 2029 6639
973 2030 6638
972 2031 6637
971 2032 6636
970 2033 6635
969 2034 6634
968 2035 6633
967 2036 6632
966 2037 6631
965 2038 6630
964 2039 6629
963 2040 6628
962 2041 6627
961 2042 6626
960 2043 6625
959 2044 6624
958 2045 6623
957 2046 6622
956 2047 6621
955 2048 6620
954 2049 6619
953 2050 6618
952 2051 6617
951 2052 6616
950 2053 6615
949 2054 6614
948 2055 6613
947 2056 6612
946 2057 6611
945 2058 6610
944 2059 6609
943 2060 6608
942 2061 6607
941 2062 6606
940 2063 6605
939 2064 6604
938 2065 6603
937 2066 6602
936 2067 6601
935 2068 6600
934 2069 6599
933 2070 6598
932 2071 6597
931 2072 6596
930 2073 6595
929 2074 6594
928 2075 6593
927 2076 6592
926 2077 6591
925 2078 6590
924 2079 6589
923 2080 6588
922 2081 6587
921 2082 6586
920 2083 6585
919 2084 6584
918 2085 6583
917 2086 6582
916 2087 6581
915 2088 6580
914 2089 6579
913 2090 6578
912 2091 6577
911 2092 6576
910 2093 6575
909 2094 6574
908 2095 6573
907 2096 6572
906 2097 6571
905 2098 6570
904 2099 6569
903 2100 6568
902 2101 6567
901 2102 6566
900 2103 6565
899 2104 6564
898 2105 6563
897 2106 6562
896 2107 6561
895 2108 6560
894 2109 6559
893 2110 6558
892 2111 6557
891 2112 6556
890 2113 6555
889 2114 6554
888 2115 6553
887 2116 6552
886 2117 6551
885 2118 6550
884 2119 6549
883 2120 6548
882 2121 6547
881 2122 6546
880 2123 6545
879 2124 6544
878 2125 6543
877 2126 6542
876 2127 6541
875 2128 6540
874 2129 6539
873 2130 6538
872 2131 6537
871 2132 6536
870 2133 6535
869 2134 6534
868 2135 6533
867 2136 6532
866 2137 6531
865 2138 6530
864 2139 6529
863 2140 6528
862 2141 6527
861 2142 6526
860 2143 6525
859 2144 6524
858 2145 6523
857 2146 6522
856 2147 6521
855 2148 6520
854 2149 6519
853 2150 6518
852 2151 6517
851 2152 6516
850 2153 6515
849 2154 6514
848 2155 6513
847 2156 6512
846 2157 6511
845 2158 6510
844 2159 6509
843 2160 6508
842 2161 6507
841 2162 6506
840 2163 6505
839 2164 6504
838 2165 6503
837 2166 6502
836 2167 6501
835 2168 6500
834 2169 6499
833 2170 6498
832 2171 6497
831 2172 6496
830 2173 6495
829 2174 6494
828 2175 6493
827 2176 6492
826 2177 6491
825 2178 6490
824 2179 6489
823 2180 6488
822 2181 6487
821 2182 6486
820 2183 6485
819 2184 6484
818 2185 6483
817 2186 6482
816 2187 6481
815 2188 6480
814 2189 6479
813 2190 6478
812 2191 6477
811 2192 6476
810 2193 6475
809 2194 6474
808 2195 6473
807 2196 6472
806 2197 6471
805 2198 6470
804 2199 6469
803 2200 6468
802 2201 6467
801 2202 6466
800 2203 6465
799 2204 6464
798 2205 6463
797 2206 6462
796 2207 6461
795 2208 6460
794 2209 6459
793 2210 6458
792 2211 6457
791 2212 6456
790 2213 6455
789 2214 6454
788 2215 6453
787 2216 6452
786 2217 6451
785 2218 6450
784 2219 6449
783 2220 6448
782 2221 6447
781 2222 6446
780 2223 6445
779 2224 6444
778 2225 6443
777 2226 6442
776 2227 6441
775 2228 6440
774 2229 6439
773 2230 6438
772 2231 6437
771 2232 6436
770 2233 6435
769 2234 6434
768 2235 6433
767 2236 6432
766 2237 6431
765 2238 6430
764 2239 6429
763 2240 6428
762 2241 6427
761 2242 6426
760 2243 6425
759 2244 6424
758 2245 6423
757 2246 6422
756 2247 6421
755 2248 6420
754 2249 6419
753 2250 6418
752 2251 6417
751 2252 6416
750 2253 6415
749 2254 6414
748 2255 6413
747 2256 6412
746 2257 6411
745 2258 6410
744 2259 6409
743 2260 6408
742 2261 6407
741 2262 6406
740 2263 6405
739 2264 6404
738 2265 6403
737 2266 6402
736 2267 6401
735 2268 6400
734 2269 6399
733 2270 6398
732 2271 6397
731 2272 6396
730 2273 6395
729 2274 6394
728 2275 6393
727 2276 6392
726 2277 6391
725 2278 6390
724 2279 6389
723 2280 6388
722 2281 6387
721 2282 6386
720 2283 6385
719 2284 6384
718 2285 6383
717 2286 6382
716 2287 6381
715 2288 6380
714 2289 6379
713 2290 6378
712 2291 6377
711 2292 6376
710 2293 6375
709 2294 6374
708 2295 6373
707 2296 6372
706 2297 6371
705 2298 6370
704 2299 6369
703 2300 6368
702 2301 6367
701 2302 6366
700 2303 6365
699 2304 6364
698 2305 6363
697 2306 6362
696 2307 6361
695 2308 6360
694 2309 6359
693 2310 6358
692 2311 6357
691 2312 6356
690 2313 6355
689 2314 6354
688 2315 6353
687 2316 6352
686 2317 6351
685 2318 6350
684 2319 6349
683 2320 6348
682 2321 6347
681 2322 6346
680 2323 6345
679 2324 6344
678 2325 6343
677 2326 6342
676 2327 6341
675 2328 6340
674 2329 6339
673 2330 6338
672 2331 6337
671 2332 6336
670 2333 6335
669 2334 6334
668 2335 6333
667 2336 6332
666 2337 6331
665 2338 6330
664 2339 6329
663 2340 6328
662 2341 6327
661 2342 6326
660 2343 6325
659 2344 6324
658 2345 6323
657 2346 6322
656 2347 6321
655 2348 6320
654 2349 6319
653 2350 6318
652 2351 6317
651 2352 6316
650 2353 6315
649 2354 6314
648 2355 6313
647 2356 6312
646 2357 6311
645 2358 6310
644 2359 6309
643 2360 6308
642 2361 6307
641 2362 6306
640 2363 6305
639 2364 6304
638 2365 6303
637 2366 6302
636 2367 6301
635 2368 6300
634 2369 6299
633 2370 6298
632 2371 6297
631 2372 6296
630 2373 6295
629 2374 6294
628 2375 6293
627 2376 6292
626 2377 6291
625 2378 6290
624 2379 6289
623 2380 6288
622 2381 6287
621 2382 6286
620 2383 6285
619 2384 6284
618 2385 6283
617 2386 6282
616 2387 6281
615 2388 6280
614 2389 6279
613 2390 6278
612 2391 6277
611 2392 6276
610 2393 6275
609 2394 6274
608 2395 6273
607 2396 6272
606 2397 6271
605 2398 6270
604 2399 6269
603 2400 6268
602 2401 6267
601 2402 6266
600 2403 6265
599 2404 6264
598 2405 6263
597 2406 6262
596 2407 6261
595 2408 6260
594 2409 6259
593 2410 6258
592 2411 6257
591 2412 6256
590 2413 6255
589 2414 6254
588 2415 6253
587 2416 6252
586 2417 6251
585 2418 6250
584 2419 6249
583 2420 6248
582 2421 6247
581 2422 6246
580 2423 6245
579 2424 6244
578 2425 6243
577 2426 6242
576 2427 6241
575 2428 6240
574 2429 6239
573 2430 6238
572 2431 6237
571 2432 6236
570 2433 6235
569 2434 6234
568 2435 6233
567 2436 6232
566 2437 6231
565 2438 6230
564 2439 6229
563 2440 6228
562 2441 6227
561 2442 6226
560 2443 6225
559 2444 6224
558 2445 6223
557 2446 6222
556 2447 6221
555 2448 6220
554 2449 6219
553 2450 6218
552 2451 6217
551 2452 6216
550 2453 6215
549 2454 6214
548 2455 6213
547 2456 6212
546 2457 6211
545 2458 6210
544 2459 6209
543 2460 6208
542 2461 6207
541 2462 6206
540 2463 6205
539 2464 6204
538 2465 6203
537 2466 6202
536 2467 6201
535 2468 6200
534 2469 6199
533 2470 6198
532 2471 6197
531 2472 6196
530 2473 6195
529 2474 6194
528 2475 6193
527 2476 6192
526 2477 6191
525 2478 6190
524 2479 6189
523 2480 6188
522 2481 6187
521 2482 6186
520 2483 6185
519 2484 6184
518 2485 6183
517 2486 6182
516 2487 6181
515 2488 6180
514 2489 6179
513 2490 6178
512 2491 6177
511 2492 6176
510 2493 6175
509 2494 6174
508 2495 6173
507 2496 6172
506 2497 6171
505 2498 6170
504 2499 6169
503 2500 6168
502 2501 6167
501 2502 6166
500 2503 6165
499 2504 6164
498 2505 6163
497 2506 6162
496 2507 6161
495 2508 6160
494 2509 6159
493 2510 6158
492 2511 6157
491 2512 6156
490 2513 6155
489 2514 6154
488 2515 6153
487 2516 6152
486 2517 6151
485 2518 6150
484 2519 6149
483 2520 6148
482 2521 6147
481 2522 6146
480 2523 6145
479 2524 6144
478 2525 6143
477 2526 6142
476 2527 6141
475 2528 6140
474 2529 6139
473 2530 6138
472 2531 6137
471 2532 6136
470 2533 6135
469 2534 6134
468 2535 6133
467 2536 6132
466 2537 6131
465 2538 6130
464 2539 6129
463 2540 6128
462 2541 6127
461 2542 6126
460 2543 6125
459 2544 6124
458 2545 6123
457 2546 6122
456 2547 6121
455 2548 6120
454 2549 6119
453 2550 6118
452 2551 6117
451 2552 6116
450 2553 6115
449 2554 6114
448 2555 6113
447 2556 6112
446 2557 6111
445 2558 6110
444 2559 6109
443 2560 6108
442 2561 6107
441 2562 6106
440 2563 6105
439 2564 6104
438 2565 6103
437 2566 6102
436 2567 6101
435 2568 6100
434 2569 6099
433 2570 6098
432 2571 6097
431 2572 6096
430 2573 6095
429 2574 6094
428 2575 6093
427 2576 6092
426 2577 6091
425 2578 6090
424 2579 6089
423 2580 6088
422 2581 6087
421 2582 6086
420 2583 6085
419 2584 6084
418 2585 6083
417 2586 6082
416 2587 6081
415 2588 6080
414 2589 6079
413 2590 6078
412 2591 6077
411 2592 6076
410 2593 6075
409 2594 6074
408 2595 6073
407 2596 6072
406 2597 6071
405 2598 6070
404 2599 6069
403 2600 6068
402 2601 6067
401 2602 6066
400 2603 6065
399 2604 6064
398 2605 6063
397 2606 6062
396 2607 6061
395 2608 6060
394 2609 6059
393 2610 6058
392 2611 6057
391 2612 6056
390 2613 6055
389 2614 6054
388 2615 6053
387 2616 6052
386 2617 6051
385 2618 6050
384 2619 6049
383 2620 6048
382 2621 6047
381 2622 6046
380 2623 6045
379 2624 6044
378 2625 6043
377 2626 6042
376 2627 6041
375 2628 6040
374 2629 6039
373 2630 6038
372 2631 6037
371 2632 6036
370 2633 6035
369 2634 6034
368 2635 6033
367 2636 6032
366 2637 6031
365 2638 6030
364 2639 6029
363 2640 6028
362 2641 6027
361 2642 6026
360 2643 6025
359 2644 6024
358 2645 6023
357 2646 6022
356 2647 6021
355 2648 6020
354 2649 6019
353 2650 6018
352 2651 6017
351 2652 6016
350 2653 6015
349 2654 6014
348 2655 6013
347 2656 6012
346 2657 6011
345 2658 6010
344 2659 6009
343 2660 6008
342 2661 6007
341 2662 6006
340 2663 6005
339 2664 6004
338 2665 6003
337 2666 6002
336 2667 6001
