497
3000 3 6497
2999 4 6496
2998 5 6495
2997 6 6494
2996 7 6493
2995 8 6492
2994 9 6491
2993 10 6490
2992 11 6489
2991 12 6488
2990 13 6487
2989 14 6486
2988 15 6485
2987 16 6484
2986 17 6483
2985 18 6482
2984 19 6481
2983 20 6480
2982 21 6479
2981 22 6478
2980 23 6477
2979 24 6476
2978 25 6475
2977 26 6474
2976 27 6473
2975 28 6472
2974 29 6471
2973 30 6470
2972 31 6469
2971 32 6468
2970 33 6467
2969 34 6466
2968 35 6465
2967 36 6464
2966 37 6463
2965 38 6462
2964 39 6461
2963 40 6460
2962 41 6459
2961 42 6458
2960 43 6457
2959 44 6456
2958 45 6455
2957 46 6454
2956 47 6453
2955 48 6452
2954 49 6451
2953 50 6450
2952 51 6449
2951 52 6448
2950 53 6447
2949 54 6446
2948 55 6445
2947 56 6444
2946 57 6443
2945 58 6442
2944 59 6441
2943 60 6440
2942 61 6439
2941 62 6438
2940 63 6437
2939 64 6436
2938 65 6435
2937 66 6434
2936 67 6433
2935 68 6432
2934 69 6431
2933 70 6430
2932 71 6429
2931 72 6428
2930 73 6427
2929 74 6426
2928 75 6425
2927 76 6424
2926 77 6423
2925 78 6422
2924 79 6421
2923 80 6420
2922 81 6419
2921 82 6418
2920 83 6417
2919 84 6416
2918 85 6415
2917 86 6414
2916 87 6413
2915 88 6412
2914 89 6411
2913 90 6410
2912 91 6409
2911 92 6408
2910 93 6407
2909 94 6406
2908 95 6405
2907 96 6404
2906 97 6403
2905 98 6402
2904 99 6401
2903 100 6400
2902 101 6399
2901 102 6398
2900 103 6397
2899 104 6396
2898 105 6395
2897 106 6394
2896 107 6393
2895 108 6392
2894 109 6391
2893 110 6390
2892 111 6389
2891 112 6388
2890 113 6387
2889 114 6386
2888 115 6385
2887 116 6384
2886 117 6383
2885 118 6382
2884 119 6381
2883 120 6380
2882 121 6379
2881 122 6378
2880 123 6377
2879 124 6376
2878 125 6375
2877 126 6374
2876 127 6373
2875 128 6372
2874 129 6371
2873 130 6370
2872 131 6369
2871 132 6368
2870 133 6367
2869 134 6366
2868 135 6365
2867 136 6364
2866 137 6363
2865 138 6362
2864 139 6361
2863 140 6360
2862 141 6359
2861 142 6358
2860 143 6357
2859 144 6356
2858 145 6355
2857 146 6354
2856 147 6353
2855 148 6352
2854 149 6351
2853 150 6350
2852 151 6349
2851 152 6348
2850 153 6347
2849 154 6346
2848 155 6345
2847 156 6344
2846 157 6343
2845 158 6342
2844 159 6341
2843 160 6340
2842 161 6339
2841 162 6338
2840 163 6337
2839 164 6336
2838 165 6335
2837 166 6334
2836 167 6333
2835 168 6332
2834 169 6331
2833 170 6330
2832 171 6329
2831 172 6328
2830 173 6327
2829 174 6326
2828 175 6325
2827 176 6324
2826 177 6323
2825 178 6322
2824 179 6321
2823 180 6320
2822 181 6319
2821 182 6318
2820 183 6317
2819 184 6316
2818 185 6315
2817 186 6314
2816 187 6313
2815 188 6312
2814 189 6311
2813 190 6310
2812 191 6309
2811 192 6308
2810 193 6307
2809 194 6306
2808 195 6305
2807 196 6304
2806 197 6303
2805 198 6302
2804 199 6301
2803 200 6300
2802 201 6299
2801 202 6298
2800 203 6297
2799 204 6296
2798 205 6295
2797 206 6294
2796 207 6293
2795 208 6292
2794 209 6291
2793 210 6290
2792 211 6289
2791 212 6288
2790 213 6287
2789 214 6286
2788 215 6285
2787 216 6284
2786 217 6283
2785 218 6282
2784 219 6281
2783 220 6280
2782 221 6279
2781 222 6278
2780 223 6277
2779 224 6276
2778 225 6275
2777 226 6274
2776 227 6273
2775 228 6272
2774 229 6271
2773 230 6270
2772 231 6269
2771 232 6268
2770 233 6267
2769 234 6266
2768 235 6265
2767 236 6264
2766 237 6263
2765 238 6262
2764 239 6261
2763 240 6260
2762 241 6259
2761 242 6258
2760 243 6257
2759 244 6256
2758 245 6255
2757 246 6254
2756 247 6253
2755 248 6252
2754 249 6251
2753 250 6250
2752 251 6249
2751 252 6248
2750 253 6247
2749 254 6246
2748 255 6245
2747 256 6244
2746 257 6243
2745 258 6242
2744 259 6241
2743 260 6240
2742 261 6239
2741 262 6238
2740 263 6237
2739 264 6236
2738 265 6235
2737 266 6234
2736 267 6233
2735 268 6232
2734 269 6231
2733 270 6230
2732 271 6229
2731 272 6228
2730 273 6227
2729 274 6226
2728 275 6225
2727 276 6224
2726 277 6223
2725 278 6222
2724 279 6221
2723 280 6220
2722 281 6219
2721 282 6218
2720 283 6217
2719 284 6216
2718 285 6215
2717 286 6214
2716 287 6213
2715 288 6212
2714 289 6211
2713 290 6210
2712 291 6209
2711 292 6208
2710 293 6207
2709 294 6206
2708 295 6205
2707 296 6204
2706 297 6203
2705 298 6202
2704 299 6201
2703 300 6200
2702 301 6199
2701 302 6198
2700 303 6197
2699 304 6196
2698 305 6195
2697 306 6194
2696 307 6193
2695 308 6192
2694 309 6191
2693 310 6190
2692 311 6189
2691 312 6188
2690 313 6187
2689 314 6186
2688 315 6185
2687 316 6184
2686 317 6183
2685 318 6182
2684 319 6181
2683 320 6180
2682 321 6179
2681 322 6178
2680 323 6177
2679 324 6176
2678 325 6175
2677 326 6174
2676 327 6173
2675 328 6172
2674 329 6171
2673 330 6170
2672 331 6169
2671 332 6168
2670 333 6167
2669 334 6166
2668 335 6165
2667 336 6164
2666 337 6163
2665 338 6162
2664 339 6161
2663 340 6160
2662 341 6159
2661 342 6158
2660 343 6157
2659 344 6156
2658 345 6155
2657 346 6154
2656 347 6153
2655 348 6152
2654 349 6151
2653 350 6150
2652 351 6149
2651 352 6148
2650 353 6147
2649 354 6146
2648 355 6145
2647 356 6144
2646 357 6143
2645 358 6142
2644 359 6141
2643 360 6140
2642 361 6139
2641 362 6138
2640 363 6137
2639 364 6136
2638 365 6135
2637 366 6134
2636 367 6133
2635 368 6132
2634 369 6131
2633 370 6130
2632 371 6129
2631 372 6128
2630 373 6127
2629 374 6126
2628 375 6125
2627 376 6124
2626 377 6123
2625 378 6122
2624 379 6121
2623 380 6120
2622 381 6119
2621 382 6118
2620 383 6117
2619 384 6116
2618 385 6115
2617 386 6114
2616 387 6113
2615 388 6112
2614 389 6111
2613 390 6110
2612 391 6109
2611 392 6108
2610 393 6107
2609 394 6106
2608 395 6105
2607 396 6104
2606 397 6103
2605 398 6102
2604 399 6101
2603 400 6100
2602 401 6099
2601 402 6098
2600 403 6097
2599 404 6096
2598 405 6095
2597 406 6094
2596 407 6093
2595 408 6092
2594 409 6091
2593 410 6090
2592 411 6089
2591 412 6088
2590 413 6087
2589 414 6086
2588 415 6085
2587 416 6084
2586 417 6083
2585 418 6082
2584 419 6081
2583 420 6080
2582 421 6079
2581 422 6078
2580 423 6077
2579 424 6076
2578 425 6075
2577 426 6074
2576 427 6073
2575 428 6072
2574 429 6071
2573 430 6070
2572 431 6069
2571 432 6068
2570 433 6067
2569 434 6066
2568 435 6065
2567 436 6064
2566 437 6063
2565 438 6062
2564 439 6061
2563 440 6060
2562 441 6059
2561 442 6058
2560 443 6057
2559 444 6056
2558 445 6055
2557 446 6054
2556 447 6053
2555 448 6052
2554 449 6051
2553 450 6050
2552 451 6049
2551 452 6048
2550 453 6047
2549 454 6046
2548 455 6045
2547 456 6044
2546 457 6043
2545 458 6042
2544 459 6041
2543 460 6040
2542 461 6039
2541 462 6038
2540 463 6037
2539 464 6036
2538 465 6035
2537 466 6034
2536 467 6033
2535 468 6032
2534 469 6031
2533 470 6030
2532 471 6029
2531 472 6028
2530 473 6027
2529 474 6026
2528 475 6025
2527 476 6024
2526 477 6023
2525 478 6022
2524 479 6021
2523 480 6020
2522 481 6019
2521 482 6018
2520 483 6017
2519 484 6016
2518 485 6015
2517 486 6014
2516 487 6013
2515 488 6012
2514 489 6011
2513 490 6010
2512 491 6009
2511 492 6008
2510 493 6007
2509 494 6006
2508 495 6005
2507 496 6004
2506 497 6003
2505 498 6002
2504 499 6001
