251
3000 3 6251
2999 4 6250
2998 5 6249
2997 6 6248
2996 7 6247
2995 8 6246
2994 9 6245
2993 10 6244
2992 11 6243
2991 12 6242
2990 13 6241
2989 14 6240
2988 15 6239
2987 16 6238
2986 17 6237
2985 18 6236
2984 19 6235
2983 20 6234
2982 21 6233
2981 22 6232
2980 23 6231
2979 24 6230
2978 25 6229
2977 26 6228
2976 27 6227
2975 28 6226
2974 29 6225
2973 30 6224
2972 31 6223
2971 32 6222
2970 33 6221
2969 34 6220
2968 35 6219
2967 36 6218
2966 37 6217
2965 38 6216
2964 39 6215
2963 40 6214
2962 41 6213
2961 42 6212
2960 43 6211
2959 44 6210
2958 45 6209
2957 46 6208
2956 47 6207
2955 48 6206
2954 49 6205
2953 50 6204
2952 51 6203
2951 52 6202
2950 53 6201
2949 54 6200
2948 55 6199
2947 56 6198
2946 57 6197
2945 58 6196
2944 59 6195
2943 60 6194
2942 61 6193
2941 62 6192
2940 63 6191
2939 64 6190
2938 65 6189
2937 66 6188
2936 67 6187
2935 68 6186
2934 69 6185
2933 70 6184
2932 71 6183
2931 72 6182
2930 73 6181
2929 74 6180
2928 75 6179
2927 76 6178
2926 77 6177
2925 78 6176
2924 79 6175
2923 80 6174
2922 81 6173
2921 82 6172
2920 83 6171
2919 84 6170
2918 85 6169
2917 86 6168
2916 87 6167
2915 88 6166
2914 89 6165
2913 90 6164
2912 91 6163
2911 92 6162
2910 93 6161
2909 94 6160
2908 95 6159
2907 96 6158
2906 97 6157
2905 98 6156
2904 99 6155
2903 100 6154
2902 101 6153
2901 102 6152
2900 103 6151
2899 104 6150
2898 105 6149
2897 106 6148
2896 107 6147
2895 108 6146
2894 109 6145
2893 110 6144
2892 111 6143
2891 112 6142
2890 113 6141
2889 114 6140
2888 115 6139
2887 116 6138
2886 117 6137
2885 118 6136
2884 119 6135
2883 120 6134
2882 121 6133
2881 122 6132
2880 123 6131
2879 124 6130
2878 125 6129
2877 126 6128
2876 127 6127
2875 128 6126
2874 129 6125
2873 130 6124
2872 131 6123
2871 132 6122
2870 133 6121
2869 134 6120
2868 135 6119
2867 136 6118
2866 137 6117
2865 138 6116
2864 139 6115
2863 140 6114
2862 141 6113
2861 142 6112
2860 143 6111
2859 144 6110
2858 145 6109
2857 146 6108
2856 147 6107
2855 148 6106
2854 149 6105
2853 150 6104
2852 151 6103
2851 152 6102
2850 153 6101
2849 154 6100
2848 155 6099
2847 156 6098
2846 157 6097
2845 158 6096
2844 159 6095
2843 160 6094
2842 161 6093
2841 162 6092
2840 163 6091
2839 164 6090
2838 165 6089
2837 166 6088
2836 167 6087
2835 168 6086
2834 169 6085
2833 170 6084
2832 171 6083
2831 172 6082
2830 173 6081
2829 174 6080
2828 175 6079
2827 176 6078
2826 177 6077
2825 178 6076
2824 179 6075
2823 180 6074
2822 181 6073
2821 182 6072
2820 183 6071
2819 184 6070
2818 185 6069
2817 186 6068
2816 187 6067
2815 188 6066
2814 189 6065
2813 190 6064
2812 191 6063
2811 192 6062
2810 193 6061
2809 194 6060
2808 195 6059
2807 196 6058
2806 197 6057
2805 198 6056
2804 199 6055
2803 200 6054
2802 201 6053
2801 202 6052
2800 203 6051
2799 204 6050
2798 205 6049
2797 206 6048
2796 207 6047
2795 208 6046
2794 209 6045
2793 210 6044
2792 211 6043
2791 212 6042
2790 213 6041
2789 214 6040
2788 215 6039
2787 216 6038
2786 217 6037
2785 218 6036
2784 219 6035
2783 220 6034
2782 221 6033
2781 222 6032
2780 223 6031
2779 224 6030
2778 225 6029
2777 226 6028
2776 227 6027
2775 228 6026
2774 229 6025
2773 230 6024
2772 231 6023
2771 232 6022
2770 233 6021
2769 234 6020
2768 235 6019
2767 236 6018
2766 237 6017
2765 238 6016
2764 239 6015
2763 240 6014
2762 241 6013
2761 242 6012
2760 243 6011
2759 244 6010
2758 245 6009
2757 246 6008
2756 247 6007
2755 248 6006
2754 249 6005
2753 250 6004
2752 251 6003
2751 252 6002
2750 253 6001
