1550
3000 3 7550
2999 4 7549
2998 5 7548
2997 6 7547
2996 7 7546
2995 8 7545
2994 9 7544
2993 10 7543
2992 11 7542
2991 12 7541
2990 13 7540
2989 14 7539
2988 15 7538
2987 16 7537
2986 17 7536
2985 18 7535
2984 19 7534
2983 20 7533
2982 21 7532
2981 22 7531
2980 23 7530
2979 24 7529
2978 25 7528
2977 26 7527
2976 27 7526
2975 28 7525
2974 29 7524
2973 30 7523
2972 31 7522
2971 32 7521
2970 33 7520
2969 34 7519
2968 35 7518
2967 36 7517
2966 37 7516
2965 38 7515
2964 39 7514
2963 40 7513
2962 41 7512
2961 42 7511
2960 43 7510
2959 44 7509
2958 45 7508
2957 46 7507
2956 47 7506
2955 48 7505
2954 49 7504
2953 50 7503
2952 51 7502
2951 52 7501
2950 53 7500
2949 54 7499
2948 55 7498
2947 56 7497
2946 57 7496
2945 58 7495
2944 59 7494
2943 60 7493
2942 61 7492
2941 62 7491
2940 63 7490
2939 64 7489
2938 65 7488
2937 66 7487
2936 67 7486
2935 68 7485
2934 69 7484
2933 70 7483
2932 71 7482
2931 72 7481
2930 73 7480
2929 74 7479
2928 75 7478
2927 76 7477
2926 77 7476
2925 78 7475
2924 79 7474
2923 80 7473
2922 81 7472
2921 82 7471
2920 83 7470
2919 84 7469
2918 85 7468
2917 86 7467
2916 87 7466
2915 88 7465
2914 89 7464
2913 90 7463
2912 91 7462
2911 92 7461
2910 93 7460
2909 94 7459
2908 95 7458
2907 96 7457
2906 97 7456
2905 98 7455
2904 99 7454
2903 100 7453
2902 101 7452
2901 102 7451
2900 103 7450
2899 104 7449
2898 105 7448
2897 106 7447
2896 107 7446
2895 108 7445
2894 109 7444
2893 110 7443
2892 111 7442
2891 112 7441
2890 113 7440
2889 114 7439
2888 115 7438
2887 116 7437
2886 117 7436
2885 118 7435
2884 119 7434
2883 120 7433
2882 121 7432
2881 122 7431
2880 123 7430
2879 124 7429
2878 125 7428
2877 126 7427
2876 127 7426
2875 128 7425
2874 129 7424
2873 130 7423
2872 131 7422
2871 132 7421
2870 133 7420
2869 134 7419
2868 135 7418
2867 136 7417
2866 137 7416
2865 138 7415
2864 139 7414
2863 140 7413
2862 141 7412
2861 142 7411
2860 143 7410
2859 144 7409
2858 145 7408
2857 146 7407
2856 147 7406
2855 148 7405
2854 149 7404
2853 150 7403
2852 151 7402
2851 152 7401
2850 153 7400
2849 154 7399
2848 155 7398
2847 156 7397
2846 157 7396
2845 158 7395
2844 159 7394
2843 160 7393
2842 161 7392
2841 162 7391
2840 163 7390
2839 164 7389
2838 165 7388
2837 166 7387
2836 167 7386
2835 168 7385
2834 169 7384
2833 170 7383
2832 171 7382
2831 172 7381
2830 173 7380
2829 174 7379
2828 175 7378
2827 176 7377
2826 177 7376
2825 178 7375
2824 179 7374
2823 180 7373
2822 181 7372
2821 182 7371
2820 183 7370
2819 184 7369
2818 185 7368
2817 186 7367
2816 187 7366
2815 188 7365
2814 189 7364
2813 190 7363
2812 191 7362
2811 192 7361
2810 193 7360
2809 194 7359
2808 195 7358
2807 196 7357
2806 197 7356
2805 198 7355
2804 199 7354
2803 200 7353
2802 201 7352
2801 202 7351
2800 203 7350
2799 204 7349
2798 205 7348
2797 206 7347
2796 207 7346
2795 208 7345
2794 209 7344
2793 210 7343
2792 211 7342
2791 212 7341
2790 213 7340
2789 214 7339
2788 215 7338
2787 216 7337
2786 217 7336
2785 218 7335
2784 219 7334
2783 220 7333
2782 221 7332
2781 222 7331
2780 223 7330
2779 224 7329
2778 225 7328
2777 226 7327
2776 227 7326
2775 228 7325
2774 229 7324
2773 230 7323
2772 231 7322
2771 232 7321
2770 233 7320
2769 234 7319
2768 235 7318
2767 236 7317
2766 237 7316
2765 238 7315
2764 239 7314
2763 240 7313
2762 241 7312
2761 242 7311
2760 243 7310
2759 244 7309
2758 245 7308
2757 246 7307
2756 247 7306
2755 248 7305
2754 249 7304
2753 250 7303
2752 251 7302
2751 252 7301
2750 253 7300
2749 254 7299
2748 255 7298
2747 256 7297
2746 257 7296
2745 258 7295
2744 259 7294
2743 260 7293
2742 261 7292
2741 262 7291
2740 263 7290
2739 264 7289
2738 265 7288
2737 266 7287
2736 267 7286
2735 268 7285
2734 269 7284
2733 270 7283
2732 271 7282
2731 272 7281
2730 273 7280
2729 274 7279
2728 275 7278
2727 276 7277
2726 277 7276
2725 278 7275
2724 279 7274
2723 280 7273
2722 281 7272
2721 282 7271
2720 283 7270
2719 284 7269
2718 285 7268
2717 286 7267
2716 287 7266
2715 288 7265
2714 289 7264
2713 290 7263
2712 291 7262
2711 292 7261
2710 293 7260
2709 294 7259
2708 295 7258
2707 296 7257
2706 297 7256
2705 298 7255
2704 299 7254
2703 300 7253
2702 301 7252
2701 302 7251
2700 303 7250
2699 304 7249
2698 305 7248
2697 306 7247
2696 307 7246
2695 308 7245
2694 309 7244
2693 310 7243
2692 311 7242
2691 312 7241
2690 313 7240
2689 314 7239
2688 315 7238
2687 316 7237
2686 317 7236
2685 318 7235
2684 319 7234
2683 320 7233
2682 321 7232
2681 322 7231
2680 323 7230
2679 324 7229
2678 325 7228
2677 326 7227
2676 327 7226
2675 328 7225
2674 329 7224
2673 330 7223
2672 331 7222
2671 332 7221
2670 333 7220
2669 334 7219
2668 335 7218
2667 336 7217
2666 337 7216
2665 338 7215
2664 339 7214
2663 340 7213
2662 341 7212
2661 342 7211
2660 343 7210
2659 344 7209
2658 345 7208
2657 346 7207
2656 347 7206
2655 348 7205
2654 349 7204
2653 350 7203
2652 351 7202
2651 352 7201
2650 353 7200
2649 354 7199
2648 355 7198
2647 356 7197
2646 357 7196
2645 358 7195
2644 359 7194
2643 360 7193
2642 361 7192
2641 362 7191
2640 363 7190
2639 364 7189
2638 365 7188
2637 366 7187
2636 367 7186
2635 368 7185
2634 369 7184
2633 370 7183
2632 371 7182
2631 372 7181
2630 373 7180
2629 374 7179
2628 375 7178
2627 376 7177
2626 377 7176
2625 378 7175
2624 379 7174
2623 380 7173
2622 381 7172
2621 382 7171
2620 383 7170
2619 384 7169
2618 385 7168
2617 386 7167
2616 387 7166
2615 388 7165
2614 389 7164
2613 390 7163
2612 391 7162
2611 392 7161
2610 393 7160
2609 394 7159
2608 395 7158
2607 396 7157
2606 397 7156
2605 398 7155
2604 399 7154
2603 400 7153
2602 401 7152
2601 402 7151
2600 403 7150
2599 404 7149
2598 405 7148
2597 406 7147
2596 407 7146
2595 408 7145
2594 409 7144
2593 410 7143
2592 411 7142
2591 412 7141
2590 413 7140
2589 414 7139
2588 415 7138
2587 416 7137
2586 417 7136
2585 418 7135
2584 419 7134
2583 420 7133
2582 421 7132
2581 422 7131
2580 423 7130
2579 424 7129
2578 425 7128
2577 426 7127
2576 427 7126
2575 428 7125
2574 429 7124
2573 430 7123
2572 431 7122
2571 432 7121
2570 433 7120
2569 434 7119
2568 435 7118
2567 436 7117
2566 437 7116
2565 438 7115
2564 439 7114
2563 440 7113
2562 441 7112
2561 442 7111
2560 443 7110
2559 444 7109
2558 445 7108
2557 446 7107
2556 447 7106
2555 448 7105
2554 449 7104
2553 450 7103
2552 451 7102
2551 452 7101
2550 453 7100
2549 454 7099
2548 455 7098
2547 456 7097
2546 457 7096
2545 458 7095
2544 459 7094
2543 460 7093
2542 461 7092
2541 462 7091
2540 463 7090
2539 464 7089
2538 465 7088
2537 466 7087
2536 467 7086
2535 468 7085
2534 469 7084
2533 470 7083
2532 471 7082
2531 472 7081
2530 473 7080
2529 474 7079
2528 475 7078
2527 476 7077
2526 477 7076
2525 478 7075
2524 479 7074
2523 480 7073
2522 481 7072
2521 482 7071
2520 483 7070
2519 484 7069
2518 485 7068
2517 486 7067
2516 487 7066
2515 488 7065
2514 489 7064
2513 490 7063
2512 491 7062
2511 492 7061
2510 493 7060
2509 494 7059
2508 495 7058
2507 496 7057
2506 497 7056
2505 498 7055
2504 499 7054
2503 500 7053
2502 501 7052
2501 502 7051
2500 503 7050
2499 504 7049
2498 505 7048
2497 506 7047
2496 507 7046
2495 508 7045
2494 509 7044
2493 510 7043
2492 511 7042
2491 512 7041
2490 513 7040
2489 514 7039
2488 515 7038
2487 516 7037
2486 517 7036
2485 518 7035
2484 519 7034
2483 520 7033
2482 521 7032
2481 522 7031
2480 523 7030
2479 524 7029
2478 525 7028
2477 526 7027
2476 527 7026
2475 528 7025
2474 529 7024
2473 530 7023
2472 531 7022
2471 532 7021
2470 533 7020
2469 534 7019
2468 535 7018
2467 536 7017
2466 537 7016
2465 538 7015
2464 539 7014
2463 540 7013
2462 541 7012
2461 542 7011
2460 543 7010
2459 544 7009
2458 545 7008
2457 546 7007
2456 547 7006
2455 548 7005
2454 549 7004
2453 550 7003
2452 551 7002
2451 552 7001
2450 553 7000
2449 554 6999
2448 555 6998
2447 556 6997
2446 557 6996
2445 558 6995
2444 559 6994
2443 560 6993
2442 561 6992
2441 562 6991
2440 563 6990
2439 564 6989
2438 565 6988
2437 566 6987
2436 567 6986
2435 568 6985
2434 569 6984
2433 570 6983
2432 571 6982
2431 572 6981
2430 573 6980
2429 574 6979
2428 575 6978
2427 576 6977
2426 577 6976
2425 578 6975
2424 579 6974
2423 580 6973
2422 581 6972
2421 582 6971
2420 583 6970
2419 584 6969
2418 585 6968
2417 586 6967
2416 587 6966
2415 588 6965
2414 589 6964
2413 590 6963
2412 591 6962
2411 592 6961
2410 593 6960
2409 594 6959
2408 595 6958
2407 596 6957
2406 597 6956
2405 598 6955
2404 599 6954
2403 600 6953
2402 601 6952
2401 602 6951
2400 603 6950
2399 604 6949
2398 605 6948
2397 606 6947
2396 607 6946
2395 608 6945
2394 609 6944
2393 610 6943
2392 611 6942
2391 612 6941
2390 613 6940
2389 614 6939
2388 615 6938
2387 616 6937
2386 617 6936
2385 618 6935
2384 619 6934
2383 620 6933
2382 621 6932
2381 622 6931
2380 623 6930
2379 624 6929
2378 625 6928
2377 626 6927
2376 627 6926
2375 628 6925
2374 629 6924
2373 630 6923
2372 631 6922
2371 632 6921
2370 633 6920
2369 634 6919
2368 635 6918
2367 636 6917
2366 637 6916
2365 638 6915
2364 639 6914
2363 640 6913
2362 641 6912
2361 642 6911
2360 643 6910
2359 644 6909
2358 645 6908
2357 646 6907
2356 647 6906
2355 648 6905
2354 649 6904
2353 650 6903
2352 651 6902
2351 652 6901
2350 653 6900
2349 654 6899
2348 655 6898
2347 656 6897
2346 657 6896
2345 658 6895
2344 659 6894
2343 660 6893
2342 661 6892
2341 662 6891
2340 663 6890
2339 664 6889
2338 665 6888
2337 666 6887
2336 667 6886
2335 668 6885
2334 669 6884
2333 670 6883
2332 671 6882
2331 672 6881
2330 673 6880
2329 674 6879
2328 675 6878
2327 676 6877
2326 677 6876
2325 678 6875
2324 679 6874
2323 680 6873
2322 681 6872
2321 682 6871
2320 683 6870
2319 684 6869
2318 685 6868
2317 686 6867
2316 687 6866
2315 688 6865
2314 689 6864
2313 690 6863
2312 691 6862
2311 692 6861
2310 693 6860
2309 694 6859
2308 695 6858
2307 696 6857
2306 697 6856
2305 698 6855
2304 699 6854
2303 700 6853
2302 701 6852
2301 702 6851
2300 703 6850
2299 704 6849
2298 705 6848
2297 706 6847
2296 707 6846
2295 708 6845
2294 709 6844
2293 710 6843
2292 711 6842
2291 712 6841
2290 713 6840
2289 714 6839
2288 715 6838
2287 716 6837
2286 717 6836
2285 718 6835
2284 719 6834
2283 720 6833
2282 721 6832
2281 722 6831
2280 723 6830
2279 724 6829
2278 725 6828
2277 726 6827
2276 727 6826
2275 728 6825
2274 729 6824
2273 730 6823
2272 731 6822
2271 732 6821
2270 733 6820
2269 734 6819
2268 735 6818
2267 736 6817
2266 737 6816
2265 738 6815
2264 739 6814
2263 740 6813
2262 741 6812
2261 742 6811
2260 743 6810
2259 744 6809
2258 745 6808
2257 746 6807
2256 747 6806
2255 748 6805
2254 749 6804
2253 750 6803
2252 751 6802
2251 752 6801
2250 753 6800
2249 754 6799
2248 755 6798
2247 756 6797
2246 757 6796
2245 758 6795
2244 759 6794
2243 760 6793
2242 761 6792
2241 762 6791
2240 763 6790
2239 764 6789
2238 765 6788
2237 766 6787
2236 767 6786
2235 768 6785
2234 769 6784
2233 770 6783
2232 771 6782
2231 772 6781
2230 773 6780
2229 774 6779
2228 775 6778
2227 776 6777
2226 777 6776
2225 778 6775
2224 779 6774
2223 780 6773
2222 781 6772
2221 782 6771
2220 783 6770
2219 784 6769
2218 785 6768
2217 786 6767
2216 787 6766
2215 788 6765
2214 789 6764
2213 790 6763
2212 791 6762
2211 792 6761
2210 793 6760
2209 794 6759
2208 795 6758
2207 796 6757
2206 797 6756
2205 798 6755
2204 799 6754
2203 800 6753
2202 801 6752
2201 802 6751
2200 803 6750
2199 804 6749
2198 805 6748
2197 806 6747
2196 807 6746
2195 808 6745
2194 809 6744
2193 810 6743
2192 811 6742
2191 812 6741
2190 813 6740
2189 814 6739
2188 815 6738
2187 816 6737
2186 817 6736
2185 818 6735
2184 819 6734
2183 820 6733
2182 821 6732
2181 822 6731
2180 823 6730
2179 824 6729
2178 825 6728
2177 826 6727
2176 827 6726
2175 828 6725
2174 829 6724
2173 830 6723
2172 831 6722
2171 832 6721
2170 833 6720
2169 834 6719
2168 835 6718
2167 836 6717
2166 837 6716
2165 838 6715
2164 839 6714
2163 840 6713
2162 841 6712
2161 842 6711
2160 843 6710
2159 844 6709
2158 845 6708
2157 846 6707
2156 847 6706
2155 848 6705
2154 849 6704
2153 850 6703
2152 851 6702
2151 852 6701
2150 853 6700
2149 854 6699
2148 855 6698
2147 856 6697
2146 857 6696
2145 858 6695
2144 859 6694
2143 860 6693
2142 861 6692
2141 862 6691
2140 863 6690
2139 864 6689
2138 865 6688
2137 866 6687
2136 867 6686
2135 868 6685
2134 869 6684
2133 870 6683
2132 871 6682
2131 872 6681
2130 873 6680
2129 874 6679
2128 875 6678
2127 876 6677
2126 877 6676
2125 878 6675
2124 879 6674
2123 880 6673
2122 881 6672
2121 882 6671
2120 883 6670
2119 884 6669
2118 885 6668
2117 886 6667
2116 887 6666
2115 888 6665
2114 889 6664
2113 890 6663
2112 891 6662
2111 892 6661
2110 893 6660
2109 894 6659
2108 895 6658
2107 896 6657
2106 897 6656
2105 898 6655
2104 899 6654
2103 900 6653
2102 901 6652
2101 902 6651
2100 903 6650
2099 904 6649
2098 905 6648
2097 906 6647
2096 907 6646
2095 908 6645
2094 909 6644
2093 910 6643
2092 911 6642
2091 912 6641
2090 913 6640
2089 914 6639
2088 915 6638
2087 916 6637
2086 917 6636
2085 918 6635
2084 919 6634
2083 920 6633
2082 921 6632
2081 922 6631
2080 923 6630
2079 924 6629
2078 925 6628
2077 926 6627
2076 927 6626
2075 928 6625
2074 929 6624
2073 930 6623
2072 931 6622
2071 932 6621
2070 933 6620
2069 934 6619
2068 935 6618
2067 936 6617
2066 937 6616
2065 938 6615
2064 939 6614
2063 940 6613
2062 941 6612
2061 942 6611
2060 943 6610
2059 944 6609
2058 945 6608
2057 946 6607
2056 947 6606
2055 948 6605
2054 949 6604
2053 950 6603
2052 951 6602
2051 952 6601
2050 953 6600
2049 954 6599
2048 955 6598
2047 956 6597
2046 957 6596
2045 958 6595
2044 959 6594
2043 960 6593
2042 961 6592
2041 962 6591
2040 963 6590
2039 964 6589
2038 965 6588
2037 966 6587
2036 967 6586
2035 968 6585
2034 969 6584
2033 970 6583
2032 971 6582
2031 972 6581
2030 973 6580
2029 974 6579
2028 975 6578
2027 976 6577
2026 977 6576
2025 978 6575
2024 979 6574
2023 980 6573
2022 981 6572
2021 982 6571
2020 983 6570
2019 984 6569
2018 985 6568
2017 986 6567
2016 987 6566
2015 988 6565
2014 989 6564
2013 990 6563
2012 991 6562
2011 992 6561
2010 993 6560
2009 994 6559
2008 995 6558
2007 996 6557
2006 997 6556
2005 998 6555
2004 999 6554
2003 1000 6553
2002 1001 6552
2001 1002 6551
2000 1003 6550
1999 1004 6549
1998 1005 6548
1997 1006 6547
1996 1007 6546
1995 1008 6545
1994 1009 6544
1993 1010 6543
1992 1011 6542
1991 1012 6541
1990 1013 6540
1989 1014 6539
1988 1015 6538
1987 1016 6537
1986 1017 6536
1985 1018 6535
1984 1019 6534
1983 1020 6533
1982 1021 6532
1981 1022 6531
1980 1023 6530
1979 1024 6529
1978 1025 6528
1977 1026 6527
1976 1027 6526
1975 1028 6525
1974 1029 6524
1973 1030 6523
1972 1031 6522
1971 1032 6521
1970 1033 6520
1969 1034 6519
1968 1035 6518
1967 1036 6517
1966 1037 6516
1965 1038 6515
1964 1039 6514
1963 1040 6513
1962 1041 6512
1961 1042 6511
1960 1043 6510
1959 1044 6509
1958 1045 6508
1957 1046 6507
1956 1047 6506
1955 1048 6505
1954 1049 6504
1953 1050 6503
1952 1051 6502
1951 1052 6501
1950 1053 6500
1949 1054 6499
1948 1055 6498
1947 1056 6497
1946 1057 6496
1945 1058 6495
1944 1059 6494
1943 1060 6493
1942 1061 6492
1941 1062 6491
1940 1063 6490
1939 1064 6489
1938 1065 6488
1937 1066 6487
1936 1067 6486
1935 1068 6485
1934 1069 6484
1933 1070 6483
1932 1071 6482
1931 1072 6481
1930 1073 6480
1929 1074 6479
1928 1075 6478
1927 1076 6477
1926 1077 6476
1925 1078 6475
1924 1079 6474
1923 1080 6473
1922 1081 6472
1921 1082 6471
1920 1083 6470
1919 1084 6469
1918 1085 6468
1917 1086 6467
1916 1087 6466
1915 1088 6465
1914 1089 6464
1913 1090 6463
1912 1091 6462
1911 1092 6461
1910 1093 6460
1909 1094 6459
1908 1095 6458
1907 1096 6457
1906 1097 6456
1905 1098 6455
1904 1099 6454
1903 1100 6453
1902 1101 6452
1901 1102 6451
1900 1103 6450
1899 1104 6449
1898 1105 6448
1897 1106 6447
1896 1107 6446
1895 1108 6445
1894 1109 6444
1893 1110 6443
1892 1111 6442
1891 1112 6441
1890 1113 6440
1889 1114 6439
1888 1115 6438
1887 1116 6437
1886 1117 6436
1885 1118 6435
1884 1119 6434
1883 1120 6433
1882 1121 6432
1881 1122 6431
1880 1123 6430
1879 1124 6429
1878 1125 6428
1877 1126 6427
1876 1127 6426
1875 1128 6425
1874 1129 6424
1873 1130 6423
1872 1131 6422
1871 1132 6421
1870 1133 6420
1869 1134 6419
1868 1135 6418
1867 1136 6417
1866 1137 6416
1865 1138 6415
1864 1139 6414
1863 1140 6413
1862 1141 6412
1861 1142 6411
1860 1143 6410
1859 1144 6409
1858 1145 6408
1857 1146 6407
1856 1147 6406
1855 1148 6405
1854 1149 6404
1853 1150 6403
1852 1151 6402
1851 1152 6401
1850 1153 6400
1849 1154 6399
1848 1155 6398
1847 1156 6397
1846 1157 6396
1845 1158 6395
1844 1159 6394
1843 1160 6393
1842 1161 6392
1841 1162 6391
1840 1163 6390
1839 1164 6389
1838 1165 6388
1837 1166 6387
1836 1167 6386
1835 1168 6385
1834 1169 6384
1833 1170 6383
1832 1171 6382
1831 1172 6381
1830 1173 6380
1829 1174 6379
1828 1175 6378
1827 1176 6377
1826 1177 6376
1825 1178 6375
1824 1179 6374
1823 1180 6373
1822 1181 6372
1821 1182 6371
1820 1183 6370
1819 1184 6369
1818 1185 6368
1817 1186 6367
1816 1187 6366
1815 1188 6365
1814 1189 6364
1813 1190 6363
1812 1191 6362
1811 1192 6361
1810 1193 6360
1809 1194 6359
1808 1195 6358
1807 1196 6357
1806 1197 6356
1805 1198 6355
1804 1199 6354
1803 1200 6353
1802 1201 6352
1801 1202 6351
1800 1203 6350
1799 1204 6349
1798 1205 6348
1797 1206 6347
1796 1207 6346
1795 1208 6345
1794 1209 6344
1793 1210 6343
1792 1211 6342
1791 1212 6341
1790 1213 6340
1789 1214 6339
1788 1215 6338
1787 1216 6337
1786 1217 6336
1785 1218 6335
1784 1219 6334
1783 1220 6333
1782 1221 6332
1781 1222 6331
1780 1223 6330
1779 1224 6329
1778 1225 6328
1777 1226 6327
1776 1227 6326
1775 1228 6325
1774 1229 6324
1773 1230 6323
1772 1231 6322
1771 1232 6321
1770 1233 6320
1769 1234 6319
1768 1235 6318
1767 1236 6317
1766 1237 6316
1765 1238 6315
1764 1239 6314
1763 1240 6313
1762 1241 6312
1761 1242 6311
1760 1243 6310
1759 1244 6309
1758 1245 6308
1757 1246 6307
1756 1247 6306
1755 1248 6305
1754 1249 6304
1753 1250 6303
1752 1251 6302
1751 1252 6301
1750 1253 6300
1749 1254 6299
1748 1255 6298
1747 1256 6297
1746 1257 6296
1745 1258 6295
1744 1259 6294
1743 1260 6293
1742 1261 6292
1741 1262 6291
1740 1263 6290
1739 1264 6289
1738 1265 6288
1737 1266 6287
1736 1267 6286
1735 1268 6285
1734 1269 6284
1733 1270 6283
1732 1271 6282
1731 1272 6281
1730 1273 6280
1729 1274 6279
1728 1275 6278
1727 1276 6277
1726 1277 6276
1725 1278 6275
1724 1279 6274
1723 1280 6273
1722 1281 6272
1721 1282 6271
1720 1283 6270
1719 1284 6269
1718 1285 6268
1717 1286 6267
1716 1287 6266
1715 1288 6265
1714 1289 6264
1713 1290 6263
1712 1291 6262
1711 1292 6261
1710 1293 6260
1709 1294 6259
1708 1295 6258
1707 1296 6257
1706 1297 6256
1705 1298 6255
1704 1299 6254
1703 1300 6253
1702 1301 6252
1701 1302 6251
1700 1303 6250
1699 1304 6249
1698 1305 6248
1697 1306 6247
1696 1307 6246
1695 1308 6245
1694 1309 6244
1693 1310 6243
1692 1311 6242
1691 1312 6241
1690 1313 6240
1689 1314 6239
1688 1315 6238
1687 1316 6237
1686 1317 6236
1685 1318 6235
1684 1319 6234
1683 1320 6233
1682 1321 6232
1681 1322 6231
1680 1323 6230
1679 1324 6229
1678 1325 6228
1677 1326 6227
1676 1327 6226
1675 1328 6225
1674 1329 6224
1673 1330 6223
1672 1331 6222
1671 1332 6221
1670 1333 6220
1669 1334 6219
1668 1335 6218
1667 1336 6217
1666 1337 6216
1665 1338 6215
1664 1339 6214
1663 1340 6213
1662 1341 6212
1661 1342 6211
1660 1343 6210
1659 1344 6209
1658 1345 6208
1657 1346 6207
1656 1347 6206
1655 1348 6205
1654 1349 6204
1653 1350 6203
1652 1351 6202
1651 1352 6201
1650 1353 6200
1649 1354 6199
1648 1355 6198
1647 1356 6197
1646 1357 6196
1645 1358 6195
1644 1359 6194
1643 1360 6193
1642 1361 6192
1641 1362 6191
1640 1363 6190
1639 1364 6189
1638 1365 6188
1637 1366 6187
1636 1367 6186
1635 1368 6185
1634 1369 6184
1633 1370 6183
1632 1371 6182
1631 1372 6181
1630 1373 6180
1629 1374 6179
1628 1375 6178
1627 1376 6177
1626 1377 6176
1625 1378 6175
1624 1379 6174
1623 1380 6173
1622 1381 6172
1621 1382 6171
1620 1383 6170
1619 1384 6169
1618 1385 6168
1617 1386 6167
1616 1387 6166
1615 1388 6165
1614 1389 6164
1613 1390 6163
1612 1391 6162
1611 1392 6161
1610 1393 6160
1609 1394 6159
1608 1395 6158
1607 1396 6157
1606 1397 6156
1605 1398 6155
1604 1399 6154
1603 1400 6153
1602 1401 6152
1601 1402 6151
1600 1403 6150
1599 1404 6149
1598 1405 6148
1597 1406 6147
1596 1407 6146
1595 1408 6145
1594 1409 6144
1593 1410 6143
1592 1411 6142
1591 1412 6141
1590 1413 6140
1589 1414 6139
1588 1415 6138
1587 1416 6137
1586 1417 6136
1585 1418 6135
1584 1419 6134
1583 1420 6133
1582 1421 6132
1581 1422 6131
1580 1423 6130
1579 1424 6129
1578 1425 6128
1577 1426 6127
1576 1427 6126
1575 1428 6125
1574 1429 6124
1573 1430 6123
1572 1431 6122
1571 1432 6121
1570 1433 6120
1569 1434 6119
1568 1435 6118
1567 1436 6117
1566 1437 6116
1565 1438 6115
1564 1439 6114
1563 1440 6113
1562 1441 6112
1561 1442 6111
1560 1443 6110
1559 1444 6109
1558 1445 6108
1557 1446 6107
1556 1447 6106
1555 1448 6105
1554 1449 6104
1553 1450 6103
1552 1451 6102
1551 1452 6101
1550 1453 6100
1549 1454 6099
1548 1455 6098
1547 1456 6097
1546 1457 6096
1545 1458 6095
1544 1459 6094
1543 1460 6093
1542 1461 6092
1541 1462 6091
1540 1463 6090
1539 1464 6089
1538 1465 6088
1537 1466 6087
1536 1467 6086
1535 1468 6085
1534 1469 6084
1533 1470 6083
1532 1471 6082
1531 1472 6081
1530 1473 6080
1529 1474 6079
1528 1475 6078
1527 1476 6077
1526 1477 6076
1525 1478 6075
1524 1479 6074
1523 1480 6073
1522 1481 6072
1521 1482 6071
1520 1483 6070
1519 1484 6069
1518 1485 6068
1517 1486 6067
1516 1487 6066
1515 1488 6065
1514 1489 6064
1513 1490 6063
1512 1491 6062
1511 1492 6061
1510 1493 6060
1509 1494 6059
1508 1495 6058
1507 1496 6057
1506 1497 6056
1505 1498 6055
1504 1499 6054
1503 1500 6053
1502 1501 6052
1501 1502 6051
1500 1503 6050
1499 1504 6049
1498 1505 6048
1497 1506 6047
1496 1507 6046
1495 1508 6045
1494 1509 6044
1493 1510 6043
1492 1511 6042
1491 1512 6041
1490 1513 6040
1489 1514 6039
1488 1515 6038
1487 1516 6037
1486 1517 6036
1485 1518 6035
1484 1519 6034
1483 1520 6033
1482 1521 6032
1481 1522 6031
1480 1523 6030
1479 1524 6029
1478 1525 6028
1477 1526 6027
1476 1527 6026
1475 1528 6025
1474 1529 6024
1473 1530 6023
1472 1531 6022
1471 1532 6021
1470 1533 6020
1469 1534 6019
1468 1535 6018
1467 1536 6017
1466 1537 6016
1465 1538 6015
1464 1539 6014
1463 1540 6013
1462 1541 6012
1461 1542 6011
1460 1543 6010
1459 1544 6009
1458 1545 6008
1457 1546 6007
1456 1547 6006
1455 1548 6005
1454 1549 6004
1453 1550 6003
1452 1551 6002
1451 1552 6001
