1149
3000 3 7149
2999 4 7148
2998 5 7147
2997 6 7146
2996 7 7145
2995 8 7144
2994 9 7143
2993 10 7142
2992 11 7141
2991 12 7140
2990 13 7139
2989 14 7138
2988 15 7137
2987 16 7136
2986 17 7135
2985 18 7134
2984 19 7133
2983 20 7132
2982 21 7131
2981 22 7130
2980 23 7129
2979 24 7128
2978 25 7127
2977 26 7126
2976 27 7125
2975 28 7124
2974 29 7123
2973 30 7122
2972 31 7121
2971 32 7120
2970 33 7119
2969 34 7118
2968 35 7117
2967 36 7116
2966 37 7115
2965 38 7114
2964 39 7113
2963 40 7112
2962 41 7111
2961 42 7110
2960 43 7109
2959 44 7108
2958 45 7107
2957 46 7106
2956 47 7105
2955 48 7104
2954 49 7103
2953 50 7102
2952 51 7101
2951 52 7100
2950 53 7099
2949 54 7098
2948 55 7097
2947 56 7096
2946 57 7095
2945 58 7094
2944 59 7093
2943 60 7092
2942 61 7091
2941 62 7090
2940 63 7089
2939 64 7088
2938 65 7087
2937 66 7086
2936 67 7085
2935 68 7084
2934 69 7083
2933 70 7082
2932 71 7081
2931 72 7080
2930 73 7079
2929 74 7078
2928 75 7077
2927 76 7076
2926 77 7075
2925 78 7074
2924 79 7073
2923 80 7072
2922 81 7071
2921 82 7070
2920 83 7069
2919 84 7068
2918 85 7067
2917 86 7066
2916 87 7065
2915 88 7064
2914 89 7063
2913 90 7062
2912 91 7061
2911 92 7060
2910 93 7059
2909 94 7058
2908 95 7057
2907 96 7056
2906 97 7055
2905 98 7054
2904 99 7053
2903 100 7052
2902 101 7051
2901 102 7050
2900 103 7049
2899 104 7048
2898 105 7047
2897 106 7046
2896 107 7045
2895 108 7044
2894 109 7043
2893 110 7042
2892 111 7041
2891 112 7040
2890 113 7039
2889 114 7038
2888 115 7037
2887 116 7036
2886 117 7035
2885 118 7034
2884 119 7033
2883 120 7032
2882 121 7031
2881 122 7030
2880 123 7029
2879 124 7028
2878 125 7027
2877 126 7026
2876 127 7025
2875 128 7024
2874 129 7023
2873 130 7022
2872 131 7021
2871 132 7020
2870 133 7019
2869 134 7018
2868 135 7017
2867 136 7016
2866 137 7015
2865 138 7014
2864 139 7013
2863 140 7012
2862 141 7011
2861 142 7010
2860 143 7009
2859 144 7008
2858 145 7007
2857 146 7006
2856 147 7005
2855 148 7004
2854 149 7003
2853 150 7002
2852 151 7001
2851 152 7000
2850 153 6999
2849 154 6998
2848 155 6997
2847 156 6996
2846 157 6995
2845 158 6994
2844 159 6993
2843 160 6992
2842 161 6991
2841 162 6990
2840 163 6989
2839 164 6988
2838 165 6987
2837 166 6986
2836 167 6985
2835 168 6984
2834 169 6983
2833 170 6982
2832 171 6981
2831 172 6980
2830 173 6979
2829 174 6978
2828 175 6977
2827 176 6976
2826 177 6975
2825 178 6974
2824 179 6973
2823 180 6972
2822 181 6971
2821 182 6970
2820 183 6969
2819 184 6968
2818 185 6967
2817 186 6966
2816 187 6965
2815 188 6964
2814 189 6963
2813 190 6962
2812 191 6961
2811 192 6960
2810 193 6959
2809 194 6958
2808 195 6957
2807 196 6956
2806 197 6955
2805 198 6954
2804 199 6953
2803 200 6952
2802 201 6951
2801 202 6950
2800 203 6949
2799 204 6948
2798 205 6947
2797 206 6946
2796 207 6945
2795 208 6944
2794 209 6943
2793 210 6942
2792 211 6941
2791 212 6940
2790 213 6939
2789 214 6938
2788 215 6937
2787 216 6936
2786 217 6935
2785 218 6934
2784 219 6933
2783 220 6932
2782 221 6931
2781 222 6930
2780 223 6929
2779 224 6928
2778 225 6927
2777 226 6926
2776 227 6925
2775 228 6924
2774 229 6923
2773 230 6922
2772 231 6921
2771 232 6920
2770 233 6919
2769 234 6918
2768 235 6917
2767 236 6916
2766 237 6915
2765 238 6914
2764 239 6913
2763 240 6912
2762 241 6911
2761 242 6910
2760 243 6909
2759 244 6908
2758 245 6907
2757 246 6906
2756 247 6905
2755 248 6904
2754 249 6903
2753 250 6902
2752 251 6901
2751 252 6900
2750 253 6899
2749 254 6898
2748 255 6897
2747 256 6896
2746 257 6895
2745 258 6894
2744 259 6893
2743 260 6892
2742 261 6891
2741 262 6890
2740 263 6889
2739 264 6888
2738 265 6887
2737 266 6886
2736 267 6885
2735 268 6884
2734 269 6883
2733 270 6882
2732 271 6881
2731 272 6880
2730 273 6879
2729 274 6878
2728 275 6877
2727 276 6876
2726 277 6875
2725 278 6874
2724 279 6873
2723 280 6872
2722 281 6871
2721 282 6870
2720 283 6869
2719 284 6868
2718 285 6867
2717 286 6866
2716 287 6865
2715 288 6864
2714 289 6863
2713 290 6862
2712 291 6861
2711 292 6860
2710 293 6859
2709 294 6858
2708 295 6857
2707 296 6856
2706 297 6855
2705 298 6854
2704 299 6853
2703 300 6852
2702 301 6851
2701 302 6850
2700 303 6849
2699 304 6848
2698 305 6847
2697 306 6846
2696 307 6845
2695 308 6844
2694 309 6843
2693 310 6842
2692 311 6841
2691 312 6840
2690 313 6839
2689 314 6838
2688 315 6837
2687 316 6836
2686 317 6835
2685 318 6834
2684 319 6833
2683 320 6832
2682 321 6831
2681 322 6830
2680 323 6829
2679 324 6828
2678 325 6827
2677 326 6826
2676 327 6825
2675 328 6824
2674 329 6823
2673 330 6822
2672 331 6821
2671 332 6820
2670 333 6819
2669 334 6818
2668 335 6817
2667 336 6816
2666 337 6815
2665 338 6814
2664 339 6813
2663 340 6812
2662 341 6811
2661 342 6810
2660 343 6809
2659 344 6808
2658 345 6807
2657 346 6806
2656 347 6805
2655 348 6804
2654 349 6803
2653 350 6802
2652 351 6801
2651 352 6800
2650 353 6799
2649 354 6798
2648 355 6797
2647 356 6796
2646 357 6795
2645 358 6794
2644 359 6793
2643 360 6792
2642 361 6791
2641 362 6790
2640 363 6789
2639 364 6788
2638 365 6787
2637 366 6786
2636 367 6785
2635 368 6784
2634 369 6783
2633 370 6782
2632 371 6781
2631 372 6780
2630 373 6779
2629 374 6778
2628 375 6777
2627 376 6776
2626 377 6775
2625 378 6774
2624 379 6773
2623 380 6772
2622 381 6771
2621 382 6770
2620 383 6769
2619 384 6768
2618 385 6767
2617 386 6766
2616 387 6765
2615 388 6764
2614 389 6763
2613 390 6762
2612 391 6761
2611 392 6760
2610 393 6759
2609 394 6758
2608 395 6757
2607 396 6756
2606 397 6755
2605 398 6754
2604 399 6753
2603 400 6752
2602 401 6751
2601 402 6750
2600 403 6749
2599 404 6748
2598 405 6747
2597 406 6746
2596 407 6745
2595 408 6744
2594 409 6743
2593 410 6742
2592 411 6741
2591 412 6740
2590 413 6739
2589 414 6738
2588 415 6737
2587 416 6736
2586 417 6735
2585 418 6734
2584 419 6733
2583 420 6732
2582 421 6731
2581 422 6730
2580 423 6729
2579 424 6728
2578 425 6727
2577 426 6726
2576 427 6725
2575 428 6724
2574 429 6723
2573 430 6722
2572 431 6721
2571 432 6720
2570 433 6719
2569 434 6718
2568 435 6717
2567 436 6716
2566 437 6715
2565 438 6714
2564 439 6713
2563 440 6712
2562 441 6711
2561 442 6710
2560 443 6709
2559 444 6708
2558 445 6707
2557 446 6706
2556 447 6705
2555 448 6704
2554 449 6703
2553 450 6702
2552 451 6701
2551 452 6700
2550 453 6699
2549 454 6698
2548 455 6697
2547 456 6696
2546 457 6695
2545 458 6694
2544 459 6693
2543 460 6692
2542 461 6691
2541 462 6690
2540 463 6689
2539 464 6688
2538 465 6687
2537 466 6686
2536 467 6685
2535 468 6684
2534 469 6683
2533 470 6682
2532 471 6681
2531 472 6680
2530 473 6679
2529 474 6678
2528 475 6677
2527 476 6676
2526 477 6675
2525 478 6674
2524 479 6673
2523 480 6672
2522 481 6671
2521 482 6670
2520 483 6669
2519 484 6668
2518 485 6667
2517 486 6666
2516 487 6665
2515 488 6664
2514 489 6663
2513 490 6662
2512 491 6661
2511 492 6660
2510 493 6659
2509 494 6658
2508 495 6657
2507 496 6656
2506 497 6655
2505 498 6654
2504 499 6653
2503 500 6652
2502 501 6651
2501 502 6650
2500 503 6649
2499 504 6648
2498 505 6647
2497 506 6646
2496 507 6645
2495 508 6644
2494 509 6643
2493 510 6642
2492 511 6641
2491 512 6640
2490 513 6639
2489 514 6638
2488 515 6637
2487 516 6636
2486 517 6635
2485 518 6634
2484 519 6633
2483 520 6632
2482 521 6631
2481 522 6630
2480 523 6629
2479 524 6628
2478 525 6627
2477 526 6626
2476 527 6625
2475 528 6624
2474 529 6623
2473 530 6622
2472 531 6621
2471 532 6620
2470 533 6619
2469 534 6618
2468 535 6617
2467 536 6616
2466 537 6615
2465 538 6614
2464 539 6613
2463 540 6612
2462 541 6611
2461 542 6610
2460 543 6609
2459 544 6608
2458 545 6607
2457 546 6606
2456 547 6605
2455 548 6604
2454 549 6603
2453 550 6602
2452 551 6601
2451 552 6600
2450 553 6599
2449 554 6598
2448 555 6597
2447 556 6596
2446 557 6595
2445 558 6594
2444 559 6593
2443 560 6592
2442 561 6591
2441 562 6590
2440 563 6589
2439 564 6588
2438 565 6587
2437 566 6586
2436 567 6585
2435 568 6584
2434 569 6583
2433 570 6582
2432 571 6581
2431 572 6580
2430 573 6579
2429 574 6578
2428 575 6577
2427 576 6576
2426 577 6575
2425 578 6574
2424 579 6573
2423 580 6572
2422 581 6571
2421 582 6570
2420 583 6569
2419 584 6568
2418 585 6567
2417 586 6566
2416 587 6565
2415 588 6564
2414 589 6563
2413 590 6562
2412 591 6561
2411 592 6560
2410 593 6559
2409 594 6558
2408 595 6557
2407 596 6556
2406 597 6555
2405 598 6554
2404 599 6553
2403 600 6552
2402 601 6551
2401 602 6550
2400 603 6549
2399 604 6548
2398 605 6547
2397 606 6546
2396 607 6545
2395 608 6544
2394 609 6543
2393 610 6542
2392 611 6541
2391 612 6540
2390 613 6539
2389 614 6538
2388 615 6537
2387 616 6536
2386 617 6535
2385 618 6534
2384 619 6533
2383 620 6532
2382 621 6531
2381 622 6530
2380 623 6529
2379 624 6528
2378 625 6527
2377 626 6526
2376 627 6525
2375 628 6524
2374 629 6523
2373 630 6522
2372 631 6521
2371 632 6520
2370 633 6519
2369 634 6518
2368 635 6517
2367 636 6516
2366 637 6515
2365 638 6514
2364 639 6513
2363 640 6512
2362 641 6511
2361 642 6510
2360 643 6509
2359 644 6508
2358 645 6507
2357 646 6506
2356 647 6505
2355 648 6504
2354 649 6503
2353 650 6502
2352 651 6501
2351 652 6500
2350 653 6499
2349 654 6498
2348 655 6497
2347 656 6496
2346 657 6495
2345 658 6494
2344 659 6493
2343 660 6492
2342 661 6491
2341 662 6490
2340 663 6489
2339 664 6488
2338 665 6487
2337 666 6486
2336 667 6485
2335 668 6484
2334 669 6483
2333 670 6482
2332 671 6481
2331 672 6480
2330 673 6479
2329 674 6478
2328 675 6477
2327 676 6476
2326 677 6475
2325 678 6474
2324 679 6473
2323 680 6472
2322 681 6471
2321 682 6470
2320 683 6469
2319 684 6468
2318 685 6467
2317 686 6466
2316 687 6465
2315 688 6464
2314 689 6463
2313 690 6462
2312 691 6461
2311 692 6460
2310 693 6459
2309 694 6458
2308 695 6457
2307 696 6456
2306 697 6455
2305 698 6454
2304 699 6453
2303 700 6452
2302 701 6451
2301 702 6450
2300 703 6449
2299 704 6448
2298 705 6447
2297 706 6446
2296 707 6445
2295 708 6444
2294 709 6443
2293 710 6442
2292 711 6441
2291 712 6440
2290 713 6439
2289 714 6438
2288 715 6437
2287 716 6436
2286 717 6435
2285 718 6434
2284 719 6433
2283 720 6432
2282 721 6431
2281 722 6430
2280 723 6429
2279 724 6428
2278 725 6427
2277 726 6426
2276 727 6425
2275 728 6424
2274 729 6423
2273 730 6422
2272 731 6421
2271 732 6420
2270 733 6419
2269 734 6418
2268 735 6417
2267 736 6416
2266 737 6415
2265 738 6414
2264 739 6413
2263 740 6412
2262 741 6411
2261 742 6410
2260 743 6409
2259 744 6408
2258 745 6407
2257 746 6406
2256 747 6405
2255 748 6404
2254 749 6403
2253 750 6402
2252 751 6401
2251 752 6400
2250 753 6399
2249 754 6398
2248 755 6397
2247 756 6396
2246 757 6395
2245 758 6394
2244 759 6393
2243 760 6392
2242 761 6391
2241 762 6390
2240 763 6389
2239 764 6388
2238 765 6387
2237 766 6386
2236 767 6385
2235 768 6384
2234 769 6383
2233 770 6382
2232 771 6381
2231 772 6380
2230 773 6379
2229 774 6378
2228 775 6377
2227 776 6376
2226 777 6375
2225 778 6374
2224 779 6373
2223 780 6372
2222 781 6371
2221 782 6370
2220 783 6369
2219 784 6368
2218 785 6367
2217 786 6366
2216 787 6365
2215 788 6364
2214 789 6363
2213 790 6362
2212 791 6361
2211 792 6360
2210 793 6359
2209 794 6358
2208 795 6357
2207 796 6356
2206 797 6355
2205 798 6354
2204 799 6353
2203 800 6352
2202 801 6351
2201 802 6350
2200 803 6349
2199 804 6348
2198 805 6347
2197 806 6346
2196 807 6345
2195 808 6344
2194 809 6343
2193 810 6342
2192 811 6341
2191 812 6340
2190 813 6339
2189 814 6338
2188 815 6337
2187 816 6336
2186 817 6335
2185 818 6334
2184 819 6333
2183 820 6332
2182 821 6331
2181 822 6330
2180 823 6329
2179 824 6328
2178 825 6327
2177 826 6326
2176 827 6325
2175 828 6324
2174 829 6323
2173 830 6322
2172 831 6321
2171 832 6320
2170 833 6319
2169 834 6318
2168 835 6317
2167 836 6316
2166 837 6315
2165 838 6314
2164 839 6313
2163 840 6312
2162 841 6311
2161 842 6310
2160 843 6309
2159 844 6308
2158 845 6307
2157 846 6306
2156 847 6305
2155 848 6304
2154 849 6303
2153 850 6302
2152 851 6301
2151 852 6300
2150 853 6299
2149 854 6298
2148 855 6297
2147 856 6296
2146 857 6295
2145 858 6294
2144 859 6293
2143 860 6292
2142 861 6291
2141 862 6290
2140 863 6289
2139 864 6288
2138 865 6287
2137 866 6286
2136 867 6285
2135 868 6284
2134 869 6283
2133 870 6282
2132 871 6281
2131 872 6280
2130 873 6279
2129 874 6278
2128 875 6277
2127 876 6276
2126 877 6275
2125 878 6274
2124 879 6273
2123 880 6272
2122 881 6271
2121 882 6270
2120 883 6269
2119 884 6268
2118 885 6267
2117 886 6266
2116 887 6265
2115 888 6264
2114 889 6263
2113 890 6262
2112 891 6261
2111 892 6260
2110 893 6259
2109 894 6258
2108 895 6257
2107 896 6256
2106 897 6255
2105 898 6254
2104 899 6253
2103 900 6252
2102 901 6251
2101 902 6250
2100 903 6249
2099 904 6248
2098 905 6247
2097 906 6246
2096 907 6245
2095 908 6244
2094 909 6243
2093 910 6242
2092 911 6241
2091 912 6240
2090 913 6239
2089 914 6238
2088 915 6237
2087 916 6236
2086 917 6235
2085 918 6234
2084 919 6233
2083 920 6232
2082 921 6231
2081 922 6230
2080 923 6229
2079 924 6228
2078 925 6227
2077 926 6226
2076 927 6225
2075 928 6224
2074 929 6223
2073 930 6222
2072 931 6221
2071 932 6220
2070 933 6219
2069 934 6218
2068 935 6217
2067 936 6216
2066 937 6215
2065 938 6214
2064 939 6213
2063 940 6212
2062 941 6211
2061 942 6210
2060 943 6209
2059 944 6208
2058 945 6207
2057 946 6206
2056 947 6205
2055 948 6204
2054 949 6203
2053 950 6202
2052 951 6201
2051 952 6200
2050 953 6199
2049 954 6198
2048 955 6197
2047 956 6196
2046 957 6195
2045 958 6194
2044 959 6193
2043 960 6192
2042 961 6191
2041 962 6190
2040 963 6189
2039 964 6188
2038 965 6187
2037 966 6186
2036 967 6185
2035 968 6184
2034 969 6183
2033 970 6182
2032 971 6181
2031 972 6180
2030 973 6179
2029 974 6178
2028 975 6177
2027 976 6176
2026 977 6175
2025 978 6174
2024 979 6173
2023 980 6172
2022 981 6171
2021 982 6170
2020 983 6169
2019 984 6168
2018 985 6167
2017 986 6166
2016 987 6165
2015 988 6164
2014 989 6163
2013 990 6162
2012 991 6161
2011 992 6160
2010 993 6159
2009 994 6158
2008 995 6157
2007 996 6156
2006 997 6155
2005 998 6154
2004 999 6153
2003 1000 6152
2002 1001 6151
2001 1002 6150
2000 1003 6149
1999 1004 6148
1998 1005 6147
1997 1006 6146
1996 1007 6145
1995 1008 6144
1994 1009 6143
1993 1010 6142
1992 1011 6141
1991 1012 6140
1990 1013 6139
1989 1014 6138
1988 1015 6137
1987 1016 6136
1986 1017 6135
1985 1018 6134
1984 1019 6133
1983 1020 6132
1982 1021 6131
1981 1022 6130
1980 1023 6129
1979 1024 6128
1978 1025 6127
1977 1026 6126
1976 1027 6125
1975 1028 6124
1974 1029 6123
1973 1030 6122
1972 1031 6121
1971 1032 6120
1970 1033 6119
1969 1034 6118
1968 1035 6117
1967 1036 6116
1966 1037 6115
1965 1038 6114
1964 1039 6113
1963 1040 6112
1962 1041 6111
1961 1042 6110
1960 1043 6109
1959 1044 6108
1958 1045 6107
1957 1046 6106
1956 1047 6105
1955 1048 6104
1954 1049 6103
1953 1050 6102
1952 1051 6101
1951 1052 6100
1950 1053 6099
1949 1054 6098
1948 1055 6097
1947 1056 6096
1946 1057 6095
1945 1058 6094
1944 1059 6093
1943 1060 6092
1942 1061 6091
1941 1062 6090
1940 1063 6089
1939 1064 6088
1938 1065 6087
1937 1066 6086
1936 1067 6085
1935 1068 6084
1934 1069 6083
1933 1070 6082
1932 1071 6081
1931 1072 6080
1930 1073 6079
1929 1074 6078
1928 1075 6077
1927 1076 6076
1926 1077 6075
1925 1078 6074
1924 1079 6073
1923 1080 6072
1922 1081 6071
1921 1082 6070
1920 1083 6069
1919 1084 6068
1918 1085 6067
1917 1086 6066
1916 1087 6065
1915 1088 6064
1914 1089 6063
1913 1090 6062
1912 1091 6061
1911 1092 6060
1910 1093 6059
1909 1094 6058
1908 1095 6057
1907 1096 6056
1906 1097 6055
1905 1098 6054
1904 1099 6053
1903 1100 6052
1902 1101 6051
1901 1102 6050
1900 1103 6049
1899 1104 6048
1898 1105 6047
1897 1106 6046
1896 1107 6045
1895 1108 6044
1894 1109 6043
1893 1110 6042
1892 1111 6041
1891 1112 6040
1890 1113 6039
1889 1114 6038
1888 1115 6037
1887 1116 6036
1886 1117 6035
1885 1118 6034
1884 1119 6033
1883 1120 6032
1882 1121 6031
1881 1122 6030
1880 1123 6029
1879 1124 6028
1878 1125 6027
1877 1126 6026
1876 1127 6025
1875 1128 6024
1874 1129 6023
1873 1130 6022
1872 1131 6021
1871 1132 6020
1870 1133 6019
1869 1134 6018
1868 1135 6017
1867 1136 6016
1866 1137 6015
1865 1138 6014
1864 1139 6013
1863 1140 6012
1862 1141 6011
1861 1142 6010
1860 1143 6009
1859 1144 6008
1858 1145 6007
1857 1146 6006
1856 1147 6005
1855 1148 6004
1854 1149 6003
1853 1150 6002
1852 1151 6001
