1041
3000 3 7041
2999 4 7040
2998 5 7039
2997 6 7038
2996 7 7037
2995 8 7036
2994 9 7035
2993 10 7034
2992 11 7033
2991 12 7032
2990 13 7031
2989 14 7030
2988 15 7029
2987 16 7028
2986 17 7027
2985 18 7026
2984 19 7025
2983 20 7024
2982 21 7023
2981 22 7022
2980 23 7021
2979 24 7020
2978 25 7019
2977 26 7018
2976 27 7017
2975 28 7016
2974 29 7015
2973 30 7014
2972 31 7013
2971 32 7012
2970 33 7011
2969 34 7010
2968 35 7009
2967 36 7008
2966 37 7007
2965 38 7006
2964 39 7005
2963 40 7004
2962 41 7003
2961 42 7002
2960 43 7001
2959 44 7000
2958 45 6999
2957 46 6998
2956 47 6997
2955 48 6996
2954 49 6995
2953 50 6994
2952 51 6993
2951 52 6992
2950 53 6991
2949 54 6990
2948 55 6989
2947 56 6988
2946 57 6987
2945 58 6986
2944 59 6985
2943 60 6984
2942 61 6983
2941 62 6982
2940 63 6981
2939 64 6980
2938 65 6979
2937 66 6978
2936 67 6977
2935 68 6976
2934 69 6975
2933 70 6974
2932 71 6973
2931 72 6972
2930 73 6971
2929 74 6970
2928 75 6969
2927 76 6968
2926 77 6967
2925 78 6966
2924 79 6965
2923 80 6964
2922 81 6963
2921 82 6962
2920 83 6961
2919 84 6960
2918 85 6959
2917 86 6958
2916 87 6957
2915 88 6956
2914 89 6955
2913 90 6954
2912 91 6953
2911 92 6952
2910 93 6951
2909 94 6950
2908 95 6949
2907 96 6948
2906 97 6947
2905 98 6946
2904 99 6945
2903 100 6944
2902 101 6943
2901 102 6942
2900 103 6941
2899 104 6940
2898 105 6939
2897 106 6938
2896 107 6937
2895 108 6936
2894 109 6935
2893 110 6934
2892 111 6933
2891 112 6932
2890 113 6931
2889 114 6930
2888 115 6929
2887 116 6928
2886 117 6927
2885 118 6926
2884 119 6925
2883 120 6924
2882 121 6923
2881 122 6922
2880 123 6921
2879 124 6920
2878 125 6919
2877 126 6918
2876 127 6917
2875 128 6916
2874 129 6915
2873 130 6914
2872 131 6913
2871 132 6912
2870 133 6911
2869 134 6910
2868 135 6909
2867 136 6908
2866 137 6907
2865 138 6906
2864 139 6905
2863 140 6904
2862 141 6903
2861 142 6902
2860 143 6901
2859 144 6900
2858 145 6899
2857 146 6898
2856 147 6897
2855 148 6896
2854 149 6895
2853 150 6894
2852 151 6893
2851 152 6892
2850 153 6891
2849 154 6890
2848 155 6889
2847 156 6888
2846 157 6887
2845 158 6886
2844 159 6885
2843 160 6884
2842 161 6883
2841 162 6882
2840 163 6881
2839 164 6880
2838 165 6879
2837 166 6878
2836 167 6877
2835 168 6876
2834 169 6875
2833 170 6874
2832 171 6873
2831 172 6872
2830 173 6871
2829 174 6870
2828 175 6869
2827 176 6868
2826 177 6867
2825 178 6866
2824 179 6865
2823 180 6864
2822 181 6863
2821 182 6862
2820 183 6861
2819 184 6860
2818 185 6859
2817 186 6858
2816 187 6857
2815 188 6856
2814 189 6855
2813 190 6854
2812 191 6853
2811 192 6852
2810 193 6851
2809 194 6850
2808 195 6849
2807 196 6848
2806 197 6847
2805 198 6846
2804 199 6845
2803 200 6844
2802 201 6843
2801 202 6842
2800 203 6841
2799 204 6840
2798 205 6839
2797 206 6838
2796 207 6837
2795 208 6836
2794 209 6835
2793 210 6834
2792 211 6833
2791 212 6832
2790 213 6831
2789 214 6830
2788 215 6829
2787 216 6828
2786 217 6827
2785 218 6826
2784 219 6825
2783 220 6824
2782 221 6823
2781 222 6822
2780 223 6821
2779 224 6820
2778 225 6819
2777 226 6818
2776 227 6817
2775 228 6816
2774 229 6815
2773 230 6814
2772 231 6813
2771 232 6812
2770 233 6811
2769 234 6810
2768 235 6809
2767 236 6808
2766 237 6807
2765 238 6806
2764 239 6805
2763 240 6804
2762 241 6803
2761 242 6802
2760 243 6801
2759 244 6800
2758 245 6799
2757 246 6798
2756 247 6797
2755 248 6796
2754 249 6795
2753 250 6794
2752 251 6793
2751 252 6792
2750 253 6791
2749 254 6790
2748 255 6789
2747 256 6788
2746 257 6787
2745 258 6786
2744 259 6785
2743 260 6784
2742 261 6783
2741 262 6782
2740 263 6781
2739 264 6780
2738 265 6779
2737 266 6778
2736 267 6777
2735 268 6776
2734 269 6775
2733 270 6774
2732 271 6773
2731 272 6772
2730 273 6771
2729 274 6770
2728 275 6769
2727 276 6768
2726 277 6767
2725 278 6766
2724 279 6765
2723 280 6764
2722 281 6763
2721 282 6762
2720 283 6761
2719 284 6760
2718 285 6759
2717 286 6758
2716 287 6757
2715 288 6756
2714 289 6755
2713 290 6754
2712 291 6753
2711 292 6752
2710 293 6751
2709 294 6750
2708 295 6749
2707 296 6748
2706 297 6747
2705 298 6746
2704 299 6745
2703 300 6744
2702 301 6743
2701 302 6742
2700 303 6741
2699 304 6740
2698 305 6739
2697 306 6738
2696 307 6737
2695 308 6736
2694 309 6735
2693 310 6734
2692 311 6733
2691 312 6732
2690 313 6731
2689 314 6730
2688 315 6729
2687 316 6728
2686 317 6727
2685 318 6726
2684 319 6725
2683 320 6724
2682 321 6723
2681 322 6722
2680 323 6721
2679 324 6720
2678 325 6719
2677 326 6718
2676 327 6717
2675 328 6716
2674 329 6715
2673 330 6714
2672 331 6713
2671 332 6712
2670 333 6711
2669 334 6710
2668 335 6709
2667 336 6708
2666 337 6707
2665 338 6706
2664 339 6705
2663 340 6704
2662 341 6703
2661 342 6702
2660 343 6701
2659 344 6700
2658 345 6699
2657 346 6698
2656 347 6697
2655 348 6696
2654 349 6695
2653 350 6694
2652 351 6693
2651 352 6692
2650 353 6691
2649 354 6690
2648 355 6689
2647 356 6688
2646 357 6687
2645 358 6686
2644 359 6685
2643 360 6684
2642 361 6683
2641 362 6682
2640 363 6681
2639 364 6680
2638 365 6679
2637 366 6678
2636 367 6677
2635 368 6676
2634 369 6675
2633 370 6674
2632 371 6673
2631 372 6672
2630 373 6671
2629 374 6670
2628 375 6669
2627 376 6668
2626 377 6667
2625 378 6666
2624 379 6665
2623 380 6664
2622 381 6663
2621 382 6662
2620 383 6661
2619 384 6660
2618 385 6659
2617 386 6658
2616 387 6657
2615 388 6656
2614 389 6655
2613 390 6654
2612 391 6653
2611 392 6652
2610 393 6651
2609 394 6650
2608 395 6649
2607 396 6648
2606 397 6647
2605 398 6646
2604 399 6645
2603 400 6644
2602 401 6643
2601 402 6642
2600 403 6641
2599 404 6640
2598 405 6639
2597 406 6638
2596 407 6637
2595 408 6636
2594 409 6635
2593 410 6634
2592 411 6633
2591 412 6632
2590 413 6631
2589 414 6630
2588 415 6629
2587 416 6628
2586 417 6627
2585 418 6626
2584 419 6625
2583 420 6624
2582 421 6623
2581 422 6622
2580 423 6621
2579 424 6620
2578 425 6619
2577 426 6618
2576 427 6617
2575 428 6616
2574 429 6615
2573 430 6614
2572 431 6613
2571 432 6612
2570 433 6611
2569 434 6610
2568 435 6609
2567 436 6608
2566 437 6607
2565 438 6606
2564 439 6605
2563 440 6604
2562 441 6603
2561 442 6602
2560 443 6601
2559 444 6600
2558 445 6599
2557 446 6598
2556 447 6597
2555 448 6596
2554 449 6595
2553 450 6594
2552 451 6593
2551 452 6592
2550 453 6591
2549 454 6590
2548 455 6589
2547 456 6588
2546 457 6587
2545 458 6586
2544 459 6585
2543 460 6584
2542 461 6583
2541 462 6582
2540 463 6581
2539 464 6580
2538 465 6579
2537 466 6578
2536 467 6577
2535 468 6576
2534 469 6575
2533 470 6574
2532 471 6573
2531 472 6572
2530 473 6571
2529 474 6570
2528 475 6569
2527 476 6568
2526 477 6567
2525 478 6566
2524 479 6565
2523 480 6564
2522 481 6563
2521 482 6562
2520 483 6561
2519 484 6560
2518 485 6559
2517 486 6558
2516 487 6557
2515 488 6556
2514 489 6555
2513 490 6554
2512 491 6553
2511 492 6552
2510 493 6551
2509 494 6550
2508 495 6549
2507 496 6548
2506 497 6547
2505 498 6546
2504 499 6545
2503 500 6544
2502 501 6543
2501 502 6542
2500 503 6541
2499 504 6540
2498 505 6539
2497 506 6538
2496 507 6537
2495 508 6536
2494 509 6535
2493 510 6534
2492 511 6533
2491 512 6532
2490 513 6531
2489 514 6530
2488 515 6529
2487 516 6528
2486 517 6527
2485 518 6526
2484 519 6525
2483 520 6524
2482 521 6523
2481 522 6522
2480 523 6521
2479 524 6520
2478 525 6519
2477 526 6518
2476 527 6517
2475 528 6516
2474 529 6515
2473 530 6514
2472 531 6513
2471 532 6512
2470 533 6511
2469 534 6510
2468 535 6509
2467 536 6508
2466 537 6507
2465 538 6506
2464 539 6505
2463 540 6504
2462 541 6503
2461 542 6502
2460 543 6501
2459 544 6500
2458 545 6499
2457 546 6498
2456 547 6497
2455 548 6496
2454 549 6495
2453 550 6494
2452 551 6493
2451 552 6492
2450 553 6491
2449 554 6490
2448 555 6489
2447 556 6488
2446 557 6487
2445 558 6486
2444 559 6485
2443 560 6484
2442 561 6483
2441 562 6482
2440 563 6481
2439 564 6480
2438 565 6479
2437 566 6478
2436 567 6477
2435 568 6476
2434 569 6475
2433 570 6474
2432 571 6473
2431 572 6472
2430 573 6471
2429 574 6470
2428 575 6469
2427 576 6468
2426 577 6467
2425 578 6466
2424 579 6465
2423 580 6464
2422 581 6463
2421 582 6462
2420 583 6461
2419 584 6460
2418 585 6459
2417 586 6458
2416 587 6457
2415 588 6456
2414 589 6455
2413 590 6454
2412 591 6453
2411 592 6452
2410 593 6451
2409 594 6450
2408 595 6449
2407 596 6448
2406 597 6447
2405 598 6446
2404 599 6445
2403 600 6444
2402 601 6443
2401 602 6442
2400 603 6441
2399 604 6440
2398 605 6439
2397 606 6438
2396 607 6437
2395 608 6436
2394 609 6435
2393 610 6434
2392 611 6433
2391 612 6432
2390 613 6431
2389 614 6430
2388 615 6429
2387 616 6428
2386 617 6427
2385 618 6426
2384 619 6425
2383 620 6424
2382 621 6423
2381 622 6422
2380 623 6421
2379 624 6420
2378 625 6419
2377 626 6418
2376 627 6417
2375 628 6416
2374 629 6415
2373 630 6414
2372 631 6413
2371 632 6412
2370 633 6411
2369 634 6410
2368 635 6409
2367 636 6408
2366 637 6407
2365 638 6406
2364 639 6405
2363 640 6404
2362 641 6403
2361 642 6402
2360 643 6401
2359 644 6400
2358 645 6399
2357 646 6398
2356 647 6397
2355 648 6396
2354 649 6395
2353 650 6394
2352 651 6393
2351 652 6392
2350 653 6391
2349 654 6390
2348 655 6389
2347 656 6388
2346 657 6387
2345 658 6386
2344 659 6385
2343 660 6384
2342 661 6383
2341 662 6382
2340 663 6381
2339 664 6380
2338 665 6379
2337 666 6378
2336 667 6377
2335 668 6376
2334 669 6375
2333 670 6374
2332 671 6373
2331 672 6372
2330 673 6371
2329 674 6370
2328 675 6369
2327 676 6368
2326 677 6367
2325 678 6366
2324 679 6365
2323 680 6364
2322 681 6363
2321 682 6362
2320 683 6361
2319 684 6360
2318 685 6359
2317 686 6358
2316 687 6357
2315 688 6356
2314 689 6355
2313 690 6354
2312 691 6353
2311 692 6352
2310 693 6351
2309 694 6350
2308 695 6349
2307 696 6348
2306 697 6347
2305 698 6346
2304 699 6345
2303 700 6344
2302 701 6343
2301 702 6342
2300 703 6341
2299 704 6340
2298 705 6339
2297 706 6338
2296 707 6337
2295 708 6336
2294 709 6335
2293 710 6334
2292 711 6333
2291 712 6332
2290 713 6331
2289 714 6330
2288 715 6329
2287 716 6328
2286 717 6327
2285 718 6326
2284 719 6325
2283 720 6324
2282 721 6323
2281 722 6322
2280 723 6321
2279 724 6320
2278 725 6319
2277 726 6318
2276 727 6317
2275 728 6316
2274 729 6315
2273 730 6314
2272 731 6313
2271 732 6312
2270 733 6311
2269 734 6310
2268 735 6309
2267 736 6308
2266 737 6307
2265 738 6306
2264 739 6305
2263 740 6304
2262 741 6303
2261 742 6302
2260 743 6301
2259 744 6300
2258 745 6299
2257 746 6298
2256 747 6297
2255 748 6296
2254 749 6295
2253 750 6294
2252 751 6293
2251 752 6292
2250 753 6291
2249 754 6290
2248 755 6289
2247 756 6288
2246 757 6287
2245 758 6286
2244 759 6285
2243 760 6284
2242 761 6283
2241 762 6282
2240 763 6281
2239 764 6280
2238 765 6279
2237 766 6278
2236 767 6277
2235 768 6276
2234 769 6275
2233 770 6274
2232 771 6273
2231 772 6272
2230 773 6271
2229 774 6270
2228 775 6269
2227 776 6268
2226 777 6267
2225 778 6266
2224 779 6265
2223 780 6264
2222 781 6263
2221 782 6262
2220 783 6261
2219 784 6260
2218 785 6259
2217 786 6258
2216 787 6257
2215 788 6256
2214 789 6255
2213 790 6254
2212 791 6253
2211 792 6252
2210 793 6251
2209 794 6250
2208 795 6249
2207 796 6248
2206 797 6247
2205 798 6246
2204 799 6245
2203 800 6244
2202 801 6243
2201 802 6242
2200 803 6241
2199 804 6240
2198 805 6239
2197 806 6238
2196 807 6237
2195 808 6236
2194 809 6235
2193 810 6234
2192 811 6233
2191 812 6232
2190 813 6231
2189 814 6230
2188 815 6229
2187 816 6228
2186 817 6227
2185 818 6226
2184 819 6225
2183 820 6224
2182 821 6223
2181 822 6222
2180 823 6221
2179 824 6220
2178 825 6219
2177 826 6218
2176 827 6217
2175 828 6216
2174 829 6215
2173 830 6214
2172 831 6213
2171 832 6212
2170 833 6211
2169 834 6210
2168 835 6209
2167 836 6208
2166 837 6207
2165 838 6206
2164 839 6205
2163 840 6204
2162 841 6203
2161 842 6202
2160 843 6201
2159 844 6200
2158 845 6199
2157 846 6198
2156 847 6197
2155 848 6196
2154 849 6195
2153 850 6194
2152 851 6193
2151 852 6192
2150 853 6191
2149 854 6190
2148 855 6189
2147 856 6188
2146 857 6187
2145 858 6186
2144 859 6185
2143 860 6184
2142 861 6183
2141 862 6182
2140 863 6181
2139 864 6180
2138 865 6179
2137 866 6178
2136 867 6177
2135 868 6176
2134 869 6175
2133 870 6174
2132 871 6173
2131 872 6172
2130 873 6171
2129 874 6170
2128 875 6169
2127 876 6168
2126 877 6167
2125 878 6166
2124 879 6165
2123 880 6164
2122 881 6163
2121 882 6162
2120 883 6161
2119 884 6160
2118 885 6159
2117 886 6158
2116 887 6157
2115 888 6156
2114 889 6155
2113 890 6154
2112 891 6153
2111 892 6152
2110 893 6151
2109 894 6150
2108 895 6149
2107 896 6148
2106 897 6147
2105 898 6146
2104 899 6145
2103 900 6144
2102 901 6143
2101 902 6142
2100 903 6141
2099 904 6140
2098 905 6139
2097 906 6138
2096 907 6137
2095 908 6136
2094 909 6135
2093 910 6134
2092 911 6133
2091 912 6132
2090 913 6131
2089 914 6130
2088 915 6129
2087 916 6128
2086 917 6127
2085 918 6126
2084 919 6125
2083 920 6124
2082 921 6123
2081 922 6122
2080 923 6121
2079 924 6120
2078 925 6119
2077 926 6118
2076 927 6117
2075 928 6116
2074 929 6115
2073 930 6114
2072 931 6113
2071 932 6112
2070 933 6111
2069 934 6110
2068 935 6109
2067 936 6108
2066 937 6107
2065 938 6106
2064 939 6105
2063 940 6104
2062 941 6103
2061 942 6102
2060 943 6101
2059 944 6100
2058 945 6099
2057 946 6098
2056 947 6097
2055 948 6096
2054 949 6095
2053 950 6094
2052 951 6093
2051 952 6092
2050 953 6091
2049 954 6090
2048 955 6089
2047 956 6088
2046 957 6087
2045 958 6086
2044 959 6085
2043 960 6084
2042 961 6083
2041 962 6082
2040 963 6081
2039 964 6080
2038 965 6079
2037 966 6078
2036 967 6077
2035 968 6076
2034 969 6075
2033 970 6074
2032 971 6073
2031 972 6072
2030 973 6071
2029 974 6070
2028 975 6069
2027 976 6068
2026 977 6067
2025 978 6066
2024 979 6065
2023 980 6064
2022 981 6063
2021 982 6062
2020 983 6061
2019 984 6060
2018 985 6059
2017 986 6058
2016 987 6057
2015 988 6056
2014 989 6055
2013 990 6054
2012 991 6053
2011 992 6052
2010 993 6051
2009 994 6050
2008 995 6049
2007 996 6048
2006 997 6047
2005 998 6046
2004 999 6045
2003 1000 6044
2002 1001 6043
2001 1002 6042
2000 1003 6041
1999 1004 6040
1998 1005 6039
1997 1006 6038
1996 1007 6037
1995 1008 6036
1994 1009 6035
1993 1010 6034
1992 1011 6033
1991 1012 6032
1990 1013 6031
1989 1014 6030
1988 1015 6029
1987 1016 6028
1986 1017 6027
1985 1018 6026
1984 1019 6025
1983 1020 6024
1982 1021 6023
1981 1022 6022
1980 1023 6021
1979 1024 6020
1978 1025 6019
1977 1026 6018
1976 1027 6017
1975 1028 6016
1974 1029 6015
1973 1030 6014
1972 1031 6013
1971 1032 6012
1970 1033 6011
1969 1034 6010
1968 1035 6009
1967 1036 6008
1966 1037 6007
1965 1038 6006
1964 1039 6005
1963 1040 6004
1962 1041 6003
1961 1042 6002
1960 1043 6001
