2948
3000 3 8948
2999 4 8947
2998 5 8946
2997 6 8945
2996 7 8944
2995 8 8943
2994 9 8942
2993 10 8941
2992 11 8940
2991 12 8939
2990 13 8938
2989 14 8937
2988 15 8936
2987 16 8935
2986 17 8934
2985 18 8933
2984 19 8932
2983 20 8931
2982 21 8930
2981 22 8929
2980 23 8928
2979 24 8927
2978 25 8926
2977 26 8925
2976 27 8924
2975 28 8923
2974 29 8922
2973 30 8921
2972 31 8920
2971 32 8919
2970 33 8918
2969 34 8917
2968 35 8916
2967 36 8915
2966 37 8914
2965 38 8913
2964 39 8912
2963 40 8911
2962 41 8910
2961 42 8909
2960 43 8908
2959 44 8907
2958 45 8906
2957 46 8905
2956 47 8904
2955 48 8903
2954 49 8902
2953 50 8901
2952 51 8900
2951 52 8899
2950 53 8898
2949 54 8897
2948 55 8896
2947 56 8895
2946 57 8894
2945 58 8893
2944 59 8892
2943 60 8891
2942 61 8890
2941 62 8889
2940 63 8888
2939 64 8887
2938 65 8886
2937 66 8885
2936 67 8884
2935 68 8883
2934 69 8882
2933 70 8881
2932 71 8880
2931 72 8879
2930 73 8878
2929 74 8877
2928 75 8876
2927 76 8875
2926 77 8874
2925 78 8873
2924 79 8872
2923 80 8871
2922 81 8870
2921 82 8869
2920 83 8868
2919 84 8867
2918 85 8866
2917 86 8865
2916 87 8864
2915 88 8863
2914 89 8862
2913 90 8861
2912 91 8860
2911 92 8859
2910 93 8858
2909 94 8857
2908 95 8856
2907 96 8855
2906 97 8854
2905 98 8853
2904 99 8852
2903 100 8851
2902 101 8850
2901 102 8849
2900 103 8848
2899 104 8847
2898 105 8846
2897 106 8845
2896 107 8844
2895 108 8843
2894 109 8842
2893 110 8841
2892 111 8840
2891 112 8839
2890 113 8838
2889 114 8837
2888 115 8836
2887 116 8835
2886 117 8834
2885 118 8833
2884 119 8832
2883 120 8831
2882 121 8830
2881 122 8829
2880 123 8828
2879 124 8827
2878 125 8826
2877 126 8825
2876 127 8824
2875 128 8823
2874 129 8822
2873 130 8821
2872 131 8820
2871 132 8819
2870 133 8818
2869 134 8817
2868 135 8816
2867 136 8815
2866 137 8814
2865 138 8813
2864 139 8812
2863 140 8811
2862 141 8810
2861 142 8809
2860 143 8808
2859 144 8807
2858 145 8806
2857 146 8805
2856 147 8804
2855 148 8803
2854 149 8802
2853 150 8801
2852 151 8800
2851 152 8799
2850 153 8798
2849 154 8797
2848 155 8796
2847 156 8795
2846 157 8794
2845 158 8793
2844 159 8792
2843 160 8791
2842 161 8790
2841 162 8789
2840 163 8788
2839 164 8787
2838 165 8786
2837 166 8785
2836 167 8784
2835 168 8783
2834 169 8782
2833 170 8781
2832 171 8780
2831 172 8779
2830 173 8778
2829 174 8777
2828 175 8776
2827 176 8775
2826 177 8774
2825 178 8773
2824 179 8772
2823 180 8771
2822 181 8770
2821 182 8769
2820 183 8768
2819 184 8767
2818 185 8766
2817 186 8765
2816 187 8764
2815 188 8763
2814 189 8762
2813 190 8761
2812 191 8760
2811 192 8759
2810 193 8758
2809 194 8757
2808 195 8756
2807 196 8755
2806 197 8754
2805 198 8753
2804 199 8752
2803 200 8751
2802 201 8750
2801 202 8749
2800 203 8748
2799 204 8747
2798 205 8746
2797 206 8745
2796 207 8744
2795 208 8743
2794 209 8742
2793 210 8741
2792 211 8740
2791 212 8739
2790 213 8738
2789 214 8737
2788 215 8736
2787 216 8735
2786 217 8734
2785 218 8733
2784 219 8732
2783 220 8731
2782 221 8730
2781 222 8729
2780 223 8728
2779 224 8727
2778 225 8726
2777 226 8725
2776 227 8724
2775 228 8723
2774 229 8722
2773 230 8721
2772 231 8720
2771 232 8719
2770 233 8718
2769 234 8717
2768 235 8716
2767 236 8715
2766 237 8714
2765 238 8713
2764 239 8712
2763 240 8711
2762 241 8710
2761 242 8709
2760 243 8708
2759 244 8707
2758 245 8706
2757 246 8705
2756 247 8704
2755 248 8703
2754 249 8702
2753 250 8701
2752 251 8700
2751 252 8699
2750 253 8698
2749 254 8697
2748 255 8696
2747 256 8695
2746 257 8694
2745 258 8693
2744 259 8692
2743 260 8691
2742 261 8690
2741 262 8689
2740 263 8688
2739 264 8687
2738 265 8686
2737 266 8685
2736 267 8684
2735 268 8683
2734 269 8682
2733 270 8681
2732 271 8680
2731 272 8679
2730 273 8678
2729 274 8677
2728 275 8676
2727 276 8675
2726 277 8674
2725 278 8673
2724 279 8672
2723 280 8671
2722 281 8670
2721 282 8669
2720 283 8668
2719 284 8667
2718 285 8666
2717 286 8665
2716 287 8664
2715 288 8663
2714 289 8662
2713 290 8661
2712 291 8660
2711 292 8659
2710 293 8658
2709 294 8657
2708 295 8656
2707 296 8655
2706 297 8654
2705 298 8653
2704 299 8652
2703 300 8651
2702 301 8650
2701 302 8649
2700 303 8648
2699 304 8647
2698 305 8646
2697 306 8645
2696 307 8644
2695 308 8643
2694 309 8642
2693 310 8641
2692 311 8640
2691 312 8639
2690 313 8638
2689 314 8637
2688 315 8636
2687 316 8635
2686 317 8634
2685 318 8633
2684 319 8632
2683 320 8631
2682 321 8630
2681 322 8629
2680 323 8628
2679 324 8627
2678 325 8626
2677 326 8625
2676 327 8624
2675 328 8623
2674 329 8622
2673 330 8621
2672 331 8620
2671 332 8619
2670 333 8618
2669 334 8617
2668 335 8616
2667 336 8615
2666 337 8614
2665 338 8613
2664 339 8612
2663 340 8611
2662 341 8610
2661 342 8609
2660 343 8608
2659 344 8607
2658 345 8606
2657 346 8605
2656 347 8604
2655 348 8603
2654 349 8602
2653 350 8601
2652 351 8600
2651 352 8599
2650 353 8598
2649 354 8597
2648 355 8596
2647 356 8595
2646 357 8594
2645 358 8593
2644 359 8592
2643 360 8591
2642 361 8590
2641 362 8589
2640 363 8588
2639 364 8587
2638 365 8586
2637 366 8585
2636 367 8584
2635 368 8583
2634 369 8582
2633 370 8581
2632 371 8580
2631 372 8579
2630 373 8578
2629 374 8577
2628 375 8576
2627 376 8575
2626 377 8574
2625 378 8573
2624 379 8572
2623 380 8571
2622 381 8570
2621 382 8569
2620 383 8568
2619 384 8567
2618 385 8566
2617 386 8565
2616 387 8564
2615 388 8563
2614 389 8562
2613 390 8561
2612 391 8560
2611 392 8559
2610 393 8558
2609 394 8557
2608 395 8556
2607 396 8555
2606 397 8554
2605 398 8553
2604 399 8552
2603 400 8551
2602 401 8550
2601 402 8549
2600 403 8548
2599 404 8547
2598 405 8546
2597 406 8545
2596 407 8544
2595 408 8543
2594 409 8542
2593 410 8541
2592 411 8540
2591 412 8539
2590 413 8538
2589 414 8537
2588 415 8536
2587 416 8535
2586 417 8534
2585 418 8533
2584 419 8532
2583 420 8531
2582 421 8530
2581 422 8529
2580 423 8528
2579 424 8527
2578 425 8526
2577 426 8525
2576 427 8524
2575 428 8523
2574 429 8522
2573 430 8521
2572 431 8520
2571 432 8519
2570 433 8518
2569 434 8517
2568 435 8516
2567 436 8515
2566 437 8514
2565 438 8513
2564 439 8512
2563 440 8511
2562 441 8510
2561 442 8509
2560 443 8508
2559 444 8507
2558 445 8506
2557 446 8505
2556 447 8504
2555 448 8503
2554 449 8502
2553 450 8501
2552 451 8500
2551 452 8499
2550 453 8498
2549 454 8497
2548 455 8496
2547 456 8495
2546 457 8494
2545 458 8493
2544 459 8492
2543 460 8491
2542 461 8490
2541 462 8489
2540 463 8488
2539 464 8487
2538 465 8486
2537 466 8485
2536 467 8484
2535 468 8483
2534 469 8482
2533 470 8481
2532 471 8480
2531 472 8479
2530 473 8478
2529 474 8477
2528 475 8476
2527 476 8475
2526 477 8474
2525 478 8473
2524 479 8472
2523 480 8471
2522 481 8470
2521 482 8469
2520 483 8468
2519 484 8467
2518 485 8466
2517 486 8465
2516 487 8464
2515 488 8463
2514 489 8462
2513 490 8461
2512 491 8460
2511 492 8459
2510 493 8458
2509 494 8457
2508 495 8456
2507 496 8455
2506 497 8454
2505 498 8453
2504 499 8452
2503 500 8451
2502 501 8450
2501 502 8449
2500 503 8448
2499 504 8447
2498 505 8446
2497 506 8445
2496 507 8444
2495 508 8443
2494 509 8442
2493 510 8441
2492 511 8440
2491 512 8439
2490 513 8438
2489 514 8437
2488 515 8436
2487 516 8435
2486 517 8434
2485 518 8433
2484 519 8432
2483 520 8431
2482 521 8430
2481 522 8429
2480 523 8428
2479 524 8427
2478 525 8426
2477 526 8425
2476 527 8424
2475 528 8423
2474 529 8422
2473 530 8421
2472 531 8420
2471 532 8419
2470 533 8418
2469 534 8417
2468 535 8416
2467 536 8415
2466 537 8414
2465 538 8413
2464 539 8412
2463 540 8411
2462 541 8410
2461 542 8409
2460 543 8408
2459 544 8407
2458 545 8406
2457 546 8405
2456 547 8404
2455 548 8403
2454 549 8402
2453 550 8401
2452 551 8400
2451 552 8399
2450 553 8398
2449 554 8397
2448 555 8396
2447 556 8395
2446 557 8394
2445 558 8393
2444 559 8392
2443 560 8391
2442 561 8390
2441 562 8389
2440 563 8388
2439 564 8387
2438 565 8386
2437 566 8385
2436 567 8384
2435 568 8383
2434 569 8382
2433 570 8381
2432 571 8380
2431 572 8379
2430 573 8378
2429 574 8377
2428 575 8376
2427 576 8375
2426 577 8374
2425 578 8373
2424 579 8372
2423 580 8371
2422 581 8370
2421 582 8369
2420 583 8368
2419 584 8367
2418 585 8366
2417 586 8365
2416 587 8364
2415 588 8363
2414 589 8362
2413 590 8361
2412 591 8360
2411 592 8359
2410 593 8358
2409 594 8357
2408 595 8356
2407 596 8355
2406 597 8354
2405 598 8353
2404 599 8352
2403 600 8351
2402 601 8350
2401 602 8349
2400 603 8348
2399 604 8347
2398 605 8346
2397 606 8345
2396 607 8344
2395 608 8343
2394 609 8342
2393 610 8341
2392 611 8340
2391 612 8339
2390 613 8338
2389 614 8337
2388 615 8336
2387 616 8335
2386 617 8334
2385 618 8333
2384 619 8332
2383 620 8331
2382 621 8330
2381 622 8329
2380 623 8328
2379 624 8327
2378 625 8326
2377 626 8325
2376 627 8324
2375 628 8323
2374 629 8322
2373 630 8321
2372 631 8320
2371 632 8319
2370 633 8318
2369 634 8317
2368 635 8316
2367 636 8315
2366 637 8314
2365 638 8313
2364 639 8312
2363 640 8311
2362 641 8310
2361 642 8309
2360 643 8308
2359 644 8307
2358 645 8306
2357 646 8305
2356 647 8304
2355 648 8303
2354 649 8302
2353 650 8301
2352 651 8300
2351 652 8299
2350 653 8298
2349 654 8297
2348 655 8296
2347 656 8295
2346 657 8294
2345 658 8293
2344 659 8292
2343 660 8291
2342 661 8290
2341 662 8289
2340 663 8288
2339 664 8287
2338 665 8286
2337 666 8285
2336 667 8284
2335 668 8283
2334 669 8282
2333 670 8281
2332 671 8280
2331 672 8279
2330 673 8278
2329 674 8277
2328 675 8276
2327 676 8275
2326 677 8274
2325 678 8273
2324 679 8272
2323 680 8271
2322 681 8270
2321 682 8269
2320 683 8268
2319 684 8267
2318 685 8266
2317 686 8265
2316 687 8264
2315 688 8263
2314 689 8262
2313 690 8261
2312 691 8260
2311 692 8259
2310 693 8258
2309 694 8257
2308 695 8256
2307 696 8255
2306 697 8254
2305 698 8253
2304 699 8252
2303 700 8251
2302 701 8250
2301 702 8249
2300 703 8248
2299 704 8247
2298 705 8246
2297 706 8245
2296 707 8244
2295 708 8243
2294 709 8242
2293 710 8241
2292 711 8240
2291 712 8239
2290 713 8238
2289 714 8237
2288 715 8236
2287 716 8235
2286 717 8234
2285 718 8233
2284 719 8232
2283 720 8231
2282 721 8230
2281 722 8229
2280 723 8228
2279 724 8227
2278 725 8226
2277 726 8225
2276 727 8224
2275 728 8223
2274 729 8222
2273 730 8221
2272 731 8220
2271 732 8219
2270 733 8218
2269 734 8217
2268 735 8216
2267 736 8215
2266 737 8214
2265 738 8213
2264 739 8212
2263 740 8211
2262 741 8210
2261 742 8209
2260 743 8208
2259 744 8207
2258 745 8206
2257 746 8205
2256 747 8204
2255 748 8203
2254 749 8202
2253 750 8201
2252 751 8200
2251 752 8199
2250 753 8198
2249 754 8197
2248 755 8196
2247 756 8195
2246 757 8194
2245 758 8193
2244 759 8192
2243 760 8191
2242 761 8190
2241 762 8189
2240 763 8188
2239 764 8187
2238 765 8186
2237 766 8185
2236 767 8184
2235 768 8183
2234 769 8182
2233 770 8181
2232 771 8180
2231 772 8179
2230 773 8178
2229 774 8177
2228 775 8176
2227 776 8175
2226 777 8174
2225 778 8173
2224 779 8172
2223 780 8171
2222 781 8170
2221 782 8169
2220 783 8168
2219 784 8167
2218 785 8166
2217 786 8165
2216 787 8164
2215 788 8163
2214 789 8162
2213 790 8161
2212 791 8160
2211 792 8159
2210 793 8158
2209 794 8157
2208 795 8156
2207 796 8155
2206 797 8154
2205 798 8153
2204 799 8152
2203 800 8151
2202 801 8150
2201 802 8149
2200 803 8148
2199 804 8147
2198 805 8146
2197 806 8145
2196 807 8144
2195 808 8143
2194 809 8142
2193 810 8141
2192 811 8140
2191 812 8139
2190 813 8138
2189 814 8137
2188 815 8136
2187 816 8135
2186 817 8134
2185 818 8133
2184 819 8132
2183 820 8131
2182 821 8130
2181 822 8129
2180 823 8128
2179 824 8127
2178 825 8126
2177 826 8125
2176 827 8124
2175 828 8123
2174 829 8122
2173 830 8121
2172 831 8120
2171 832 8119
2170 833 8118
2169 834 8117
2168 835 8116
2167 836 8115
2166 837 8114
2165 838 8113
2164 839 8112
2163 840 8111
2162 841 8110
2161 842 8109
2160 843 8108
2159 844 8107
2158 845 8106
2157 846 8105
2156 847 8104
2155 848 8103
2154 849 8102
2153 850 8101
2152 851 8100
2151 852 8099
2150 853 8098
2149 854 8097
2148 855 8096
2147 856 8095
2146 857 8094
2145 858 8093
2144 859 8092
2143 860 8091
2142 861 8090
2141 862 8089
2140 863 8088
2139 864 8087
2138 865 8086
2137 866 8085
2136 867 8084
2135 868 8083
2134 869 8082
2133 870 8081
2132 871 8080
2131 872 8079
2130 873 8078
2129 874 8077
2128 875 8076
2127 876 8075
2126 877 8074
2125 878 8073
2124 879 8072
2123 880 8071
2122 881 8070
2121 882 8069
2120 883 8068
2119 884 8067
2118 885 8066
2117 886 8065
2116 887 8064
2115 888 8063
2114 889 8062
2113 890 8061
2112 891 8060
2111 892 8059
2110 893 8058
2109 894 8057
2108 895 8056
2107 896 8055
2106 897 8054
2105 898 8053
2104 899 8052
2103 900 8051
2102 901 8050
2101 902 8049
2100 903 8048
2099 904 8047
2098 905 8046
2097 906 8045
2096 907 8044
2095 908 8043
2094 909 8042
2093 910 8041
2092 911 8040
2091 912 8039
2090 913 8038
2089 914 8037
2088 915 8036
2087 916 8035
2086 917 8034
2085 918 8033
2084 919 8032
2083 920 8031
2082 921 8030
2081 922 8029
2080 923 8028
2079 924 8027
2078 925 8026
2077 926 8025
2076 927 8024
2075 928 8023
2074 929 8022
2073 930 8021
2072 931 8020
2071 932 8019
2070 933 8018
2069 934 8017
2068 935 8016
2067 936 8015
2066 937 8014
2065 938 8013
2064 939 8012
2063 940 8011
2062 941 8010
2061 942 8009
2060 943 8008
2059 944 8007
2058 945 8006
2057 946 8005
2056 947 8004
2055 948 8003
2054 949 8002
2053 950 8001
2052 951 8000
2051 952 7999
2050 953 7998
2049 954 7997
2048 955 7996
2047 956 7995
2046 957 7994
2045 958 7993
2044 959 7992
2043 960 7991
2042 961 7990
2041 962 7989
2040 963 7988
2039 964 7987
2038 965 7986
2037 966 7985
2036 967 7984
2035 968 7983
2034 969 7982
2033 970 7981
2032 971 7980
2031 972 7979
2030 973 7978
2029 974 7977
2028 975 7976
2027 976 7975
2026 977 7974
2025 978 7973
2024 979 7972
2023 980 7971
2022 981 7970
2021 982 7969
2020 983 7968
2019 984 7967
2018 985 7966
2017 986 7965
2016 987 7964
2015 988 7963
2014 989 7962
2013 990 7961
2012 991 7960
2011 992 7959
2010 993 7958
2009 994 7957
2008 995 7956
2007 996 7955
2006 997 7954
2005 998 7953
2004 999 7952
2003 1000 7951
2002 1001 7950
2001 1002 7949
2000 1003 7948
1999 1004 7947
1998 1005 7946
1997 1006 7945
1996 1007 7944
1995 1008 7943
1994 1009 7942
1993 1010 7941
1992 1011 7940
1991 1012 7939
1990 1013 7938
1989 1014 7937
1988 1015 7936
1987 1016 7935
1986 1017 7934
1985 1018 7933
1984 1019 7932
1983 1020 7931
1982 1021 7930
1981 1022 7929
1980 1023 7928
1979 1024 7927
1978 1025 7926
1977 1026 7925
1976 1027 7924
1975 1028 7923
1974 1029 7922
1973 1030 7921
1972 1031 7920
1971 1032 7919
1970 1033 7918
1969 1034 7917
1968 1035 7916
1967 1036 7915
1966 1037 7914
1965 1038 7913
1964 1039 7912
1963 1040 7911
1962 1041 7910
1961 1042 7909
1960 1043 7908
1959 1044 7907
1958 1045 7906
1957 1046 7905
1956 1047 7904
1955 1048 7903
1954 1049 7902
1953 1050 7901
1952 1051 7900
1951 1052 7899
1950 1053 7898
1949 1054 7897
1948 1055 7896
1947 1056 7895
1946 1057 7894
1945 1058 7893
1944 1059 7892
1943 1060 7891
1942 1061 7890
1941 1062 7889
1940 1063 7888
1939 1064 7887
1938 1065 7886
1937 1066 7885
1936 1067 7884
1935 1068 7883
1934 1069 7882
1933 1070 7881
1932 1071 7880
1931 1072 7879
1930 1073 7878
1929 1074 7877
1928 1075 7876
1927 1076 7875
1926 1077 7874
1925 1078 7873
1924 1079 7872
1923 1080 7871
1922 1081 7870
1921 1082 7869
1920 1083 7868
1919 1084 7867
1918 1085 7866
1917 1086 7865
1916 1087 7864
1915 1088 7863
1914 1089 7862
1913 1090 7861
1912 1091 7860
1911 1092 7859
1910 1093 7858
1909 1094 7857
1908 1095 7856
1907 1096 7855
1906 1097 7854
1905 1098 7853
1904 1099 7852
1903 1100 7851
1902 1101 7850
1901 1102 7849
1900 1103 7848
1899 1104 7847
1898 1105 7846
1897 1106 7845
1896 1107 7844
1895 1108 7843
1894 1109 7842
1893 1110 7841
1892 1111 7840
1891 1112 7839
1890 1113 7838
1889 1114 7837
1888 1115 7836
1887 1116 7835
1886 1117 7834
1885 1118 7833
1884 1119 7832
1883 1120 7831
1882 1121 7830
1881 1122 7829
1880 1123 7828
1879 1124 7827
1878 1125 7826
1877 1126 7825
1876 1127 7824
1875 1128 7823
1874 1129 7822
1873 1130 7821
1872 1131 7820
1871 1132 7819
1870 1133 7818
1869 1134 7817
1868 1135 7816
1867 1136 7815
1866 1137 7814
1865 1138 7813
1864 1139 7812
1863 1140 7811
1862 1141 7810
1861 1142 7809
1860 1143 7808
1859 1144 7807
1858 1145 7806
1857 1146 7805
1856 1147 7804
1855 1148 7803
1854 1149 7802
1853 1150 7801
1852 1151 7800
1851 1152 7799
1850 1153 7798
1849 1154 7797
1848 1155 7796
1847 1156 7795
1846 1157 7794
1845 1158 7793
1844 1159 7792
1843 1160 7791
1842 1161 7790
1841 1162 7789
1840 1163 7788
1839 1164 7787
1838 1165 7786
1837 1166 7785
1836 1167 7784
1835 1168 7783
1834 1169 7782
1833 1170 7781
1832 1171 7780
1831 1172 7779
1830 1173 7778
1829 1174 7777
1828 1175 7776
1827 1176 7775
1826 1177 7774
1825 1178 7773
1824 1179 7772
1823 1180 7771
1822 1181 7770
1821 1182 7769
1820 1183 7768
1819 1184 7767
1818 1185 7766
1817 1186 7765
1816 1187 7764
1815 1188 7763
1814 1189 7762
1813 1190 7761
1812 1191 7760
1811 1192 7759
1810 1193 7758
1809 1194 7757
1808 1195 7756
1807 1196 7755
1806 1197 7754
1805 1198 7753
1804 1199 7752
1803 1200 7751
1802 1201 7750
1801 1202 7749
1800 1203 7748
1799 1204 7747
1798 1205 7746
1797 1206 7745
1796 1207 7744
1795 1208 7743
1794 1209 7742
1793 1210 7741
1792 1211 7740
1791 1212 7739
1790 1213 7738
1789 1214 7737
1788 1215 7736
1787 1216 7735
1786 1217 7734
1785 1218 7733
1784 1219 7732
1783 1220 7731
1782 1221 7730
1781 1222 7729
1780 1223 7728
1779 1224 7727
1778 1225 7726
1777 1226 7725
1776 1227 7724
1775 1228 7723
1774 1229 7722
1773 1230 7721
1772 1231 7720
1771 1232 7719
1770 1233 7718
1769 1234 7717
1768 1235 7716
1767 1236 7715
1766 1237 7714
1765 1238 7713
1764 1239 7712
1763 1240 7711
1762 1241 7710
1761 1242 7709
1760 1243 7708
1759 1244 7707
1758 1245 7706
1757 1246 7705
1756 1247 7704
1755 1248 7703
1754 1249 7702
1753 1250 7701
1752 1251 7700
1751 1252 7699
1750 1253 7698
1749 1254 7697
1748 1255 7696
1747 1256 7695
1746 1257 7694
1745 1258 7693
1744 1259 7692
1743 1260 7691
1742 1261 7690
1741 1262 7689
1740 1263 7688
1739 1264 7687
1738 1265 7686
1737 1266 7685
1736 1267 7684
1735 1268 7683
1734 1269 7682
1733 1270 7681
1732 1271 7680
1731 1272 7679
1730 1273 7678
1729 1274 7677
1728 1275 7676
1727 1276 7675
1726 1277 7674
1725 1278 7673
1724 1279 7672
1723 1280 7671
1722 1281 7670
1721 1282 7669
1720 1283 7668
1719 1284 7667
1718 1285 7666
1717 1286 7665
1716 1287 7664
1715 1288 7663
1714 1289 7662
1713 1290 7661
1712 1291 7660
1711 1292 7659
1710 1293 7658
1709 1294 7657
1708 1295 7656
1707 1296 7655
1706 1297 7654
1705 1298 7653
1704 1299 7652
1703 1300 7651
1702 1301 7650
1701 1302 7649
1700 1303 7648
1699 1304 7647
1698 1305 7646
1697 1306 7645
1696 1307 7644
1695 1308 7643
1694 1309 7642
1693 1310 7641
1692 1311 7640
1691 1312 7639
1690 1313 7638
1689 1314 7637
1688 1315 7636
1687 1316 7635
1686 1317 7634
1685 1318 7633
1684 1319 7632
1683 1320 7631
1682 1321 7630
1681 1322 7629
1680 1323 7628
1679 1324 7627
1678 1325 7626
1677 1326 7625
1676 1327 7624
1675 1328 7623
1674 1329 7622
1673 1330 7621
1672 1331 7620
1671 1332 7619
1670 1333 7618
1669 1334 7617
1668 1335 7616
1667 1336 7615
1666 1337 7614
1665 1338 7613
1664 1339 7612
1663 1340 7611
1662 1341 7610
1661 1342 7609
1660 1343 7608
1659 1344 7607
1658 1345 7606
1657 1346 7605
1656 1347 7604
1655 1348 7603
1654 1349 7602
1653 1350 7601
1652 1351 7600
1651 1352 7599
1650 1353 7598
1649 1354 7597
1648 1355 7596
1647 1356 7595
1646 1357 7594
1645 1358 7593
1644 1359 7592
1643 1360 7591
1642 1361 7590
1641 1362 7589
1640 1363 7588
1639 1364 7587
1638 1365 7586
1637 1366 7585
1636 1367 7584
1635 1368 7583
1634 1369 7582
1633 1370 7581
1632 1371 7580
1631 1372 7579
1630 1373 7578
1629 1374 7577
1628 1375 7576
1627 1376 7575
1626 1377 7574
1625 1378 7573
1624 1379 7572
1623 1380 7571
1622 1381 7570
1621 1382 7569
1620 1383 7568
1619 1384 7567
1618 1385 7566
1617 1386 7565
1616 1387 7564
1615 1388 7563
1614 1389 7562
1613 1390 7561
1612 1391 7560
1611 1392 7559
1610 1393 7558
1609 1394 7557
1608 1395 7556
1607 1396 7555
1606 1397 7554
1605 1398 7553
1604 1399 7552
1603 1400 7551
1602 1401 7550
1601 1402 7549
1600 1403 7548
1599 1404 7547
1598 1405 7546
1597 1406 7545
1596 1407 7544
1595 1408 7543
1594 1409 7542
1593 1410 7541
1592 1411 7540
1591 1412 7539
1590 1413 7538
1589 1414 7537
1588 1415 7536
1587 1416 7535
1586 1417 7534
1585 1418 7533
1584 1419 7532
1583 1420 7531
1582 1421 7530
1581 1422 7529
1580 1423 7528
1579 1424 7527
1578 1425 7526
1577 1426 7525
1576 1427 7524
1575 1428 7523
1574 1429 7522
1573 1430 7521
1572 1431 7520
1571 1432 7519
1570 1433 7518
1569 1434 7517
1568 1435 7516
1567 1436 7515
1566 1437 7514
1565 1438 7513
1564 1439 7512
1563 1440 7511
1562 1441 7510
1561 1442 7509
1560 1443 7508
1559 1444 7507
1558 1445 7506
1557 1446 7505
1556 1447 7504
1555 1448 7503
1554 1449 7502
1553 1450 7501
1552 1451 7500
1551 1452 7499
1550 1453 7498
1549 1454 7497
1548 1455 7496
1547 1456 7495
1546 1457 7494
1545 1458 7493
1544 1459 7492
1543 1460 7491
1542 1461 7490
1541 1462 7489
1540 1463 7488
1539 1464 7487
1538 1465 7486
1537 1466 7485
1536 1467 7484
1535 1468 7483
1534 1469 7482
1533 1470 7481
1532 1471 7480
1531 1472 7479
1530 1473 7478
1529 1474 7477
1528 1475 7476
1527 1476 7475
1526 1477 7474
1525 1478 7473
1524 1479 7472
1523 1480 7471
1522 1481 7470
1521 1482 7469
1520 1483 7468
1519 1484 7467
1518 1485 7466
1517 1486 7465
1516 1487 7464
1515 1488 7463
1514 1489 7462
1513 1490 7461
1512 1491 7460
1511 1492 7459
1510 1493 7458
1509 1494 7457
1508 1495 7456
1507 1496 7455
1506 1497 7454
1505 1498 7453
1504 1499 7452
1503 1500 7451
1502 1501 7450
1501 1502 7449
1500 1503 7448
1499 1504 7447
1498 1505 7446
1497 1506 7445
1496 1507 7444
1495 1508 7443
1494 1509 7442
1493 1510 7441
1492 1511 7440
1491 1512 7439
1490 1513 7438
1489 1514 7437
1488 1515 7436
1487 1516 7435
1486 1517 7434
1485 1518 7433
1484 1519 7432
1483 1520 7431
1482 1521 7430
1481 1522 7429
1480 1523 7428
1479 1524 7427
1478 1525 7426
1477 1526 7425
1476 1527 7424
1475 1528 7423
1474 1529 7422
1473 1530 7421
1472 1531 7420
1471 1532 7419
1470 1533 7418
1469 1534 7417
1468 1535 7416
1467 1536 7415
1466 1537 7414
1465 1538 7413
1464 1539 7412
1463 1540 7411
1462 1541 7410
1461 1542 7409
1460 1543 7408
1459 1544 7407
1458 1545 7406
1457 1546 7405
1456 1547 7404
1455 1548 7403
1454 1549 7402
1453 1550 7401
1452 1551 7400
1451 1552 7399
1450 1553 7398
1449 1554 7397
1448 1555 7396
1447 1556 7395
1446 1557 7394
1445 1558 7393
1444 1559 7392
1443 1560 7391
1442 1561 7390
1441 1562 7389
1440 1563 7388
1439 1564 7387
1438 1565 7386
1437 1566 7385
1436 1567 7384
1435 1568 7383
1434 1569 7382
1433 1570 7381
1432 1571 7380
1431 1572 7379
1430 1573 7378
1429 1574 7377
1428 1575 7376
1427 1576 7375
1426 1577 7374
1425 1578 7373
1424 1579 7372
1423 1580 7371
1422 1581 7370
1421 1582 7369
1420 1583 7368
1419 1584 7367
1418 1585 7366
1417 1586 7365
1416 1587 7364
1415 1588 7363
1414 1589 7362
1413 1590 7361
1412 1591 7360
1411 1592 7359
1410 1593 7358
1409 1594 7357
1408 1595 7356
1407 1596 7355
1406 1597 7354
1405 1598 7353
1404 1599 7352
1403 1600 7351
1402 1601 7350
1401 1602 7349
1400 1603 7348
1399 1604 7347
1398 1605 7346
1397 1606 7345
1396 1607 7344
1395 1608 7343
1394 1609 7342
1393 1610 7341
1392 1611 7340
1391 1612 7339
1390 1613 7338
1389 1614 7337
1388 1615 7336
1387 1616 7335
1386 1617 7334
1385 1618 7333
1384 1619 7332
1383 1620 7331
1382 1621 7330
1381 1622 7329
1380 1623 7328
1379 1624 7327
1378 1625 7326
1377 1626 7325
1376 1627 7324
1375 1628 7323
1374 1629 7322
1373 1630 7321
1372 1631 7320
1371 1632 7319
1370 1633 7318
1369 1634 7317
1368 1635 7316
1367 1636 7315
1366 1637 7314
1365 1638 7313
1364 1639 7312
1363 1640 7311
1362 1641 7310
1361 1642 7309
1360 1643 7308
1359 1644 7307
1358 1645 7306
1357 1646 7305
1356 1647 7304
1355 1648 7303
1354 1649 7302
1353 1650 7301
1352 1651 7300
1351 1652 7299
1350 1653 7298
1349 1654 7297
1348 1655 7296
1347 1656 7295
1346 1657 7294
1345 1658 7293
1344 1659 7292
1343 1660 7291
1342 1661 7290
1341 1662 7289
1340 1663 7288
1339 1664 7287
1338 1665 7286
1337 1666 7285
1336 1667 7284
1335 1668 7283
1334 1669 7282
1333 1670 7281
1332 1671 7280
1331 1672 7279
1330 1673 7278
1329 1674 7277
1328 1675 7276
1327 1676 7275
1326 1677 7274
1325 1678 7273
1324 1679 7272
1323 1680 7271
1322 1681 7270
1321 1682 7269
1320 1683 7268
1319 1684 7267
1318 1685 7266
1317 1686 7265
1316 1687 7264
1315 1688 7263
1314 1689 7262
1313 1690 7261
1312 1691 7260
1311 1692 7259
1310 1693 7258
1309 1694 7257
1308 1695 7256
1307 1696 7255
1306 1697 7254
1305 1698 7253
1304 1699 7252
1303 1700 7251
1302 1701 7250
1301 1702 7249
1300 1703 7248
1299 1704 7247
1298 1705 7246
1297 1706 7245
1296 1707 7244
1295 1708 7243
1294 1709 7242
1293 1710 7241
1292 1711 7240
1291 1712 7239
1290 1713 7238
1289 1714 7237
1288 1715 7236
1287 1716 7235
1286 1717 7234
1285 1718 7233
1284 1719 7232
1283 1720 7231
1282 1721 7230
1281 1722 7229
1280 1723 7228
1279 1724 7227
1278 1725 7226
1277 1726 7225
1276 1727 7224
1275 1728 7223
1274 1729 7222
1273 1730 7221
1272 1731 7220
1271 1732 7219
1270 1733 7218
1269 1734 7217
1268 1735 7216
1267 1736 7215
1266 1737 7214
1265 1738 7213
1264 1739 7212
1263 1740 7211
1262 1741 7210
1261 1742 7209
1260 1743 7208
1259 1744 7207
1258 1745 7206
1257 1746 7205
1256 1747 7204
1255 1748 7203
1254 1749 7202
1253 1750 7201
1252 1751 7200
1251 1752 7199
1250 1753 7198
1249 1754 7197
1248 1755 7196
1247 1756 7195
1246 1757 7194
1245 1758 7193
1244 1759 7192
1243 1760 7191
1242 1761 7190
1241 1762 7189
1240 1763 7188
1239 1764 7187
1238 1765 7186
1237 1766 7185
1236 1767 7184
1235 1768 7183
1234 1769 7182
1233 1770 7181
1232 1771 7180
1231 1772 7179
1230 1773 7178
1229 1774 7177
1228 1775 7176
1227 1776 7175
1226 1777 7174
1225 1778 7173
1224 1779 7172
1223 1780 7171
1222 1781 7170
1221 1782 7169
1220 1783 7168
1219 1784 7167
1218 1785 7166
1217 1786 7165
1216 1787 7164
1215 1788 7163
1214 1789 7162
1213 1790 7161
1212 1791 7160
1211 1792 7159
1210 1793 7158
1209 1794 7157
1208 1795 7156
1207 1796 7155
1206 1797 7154
1205 1798 7153
1204 1799 7152
1203 1800 7151
1202 1801 7150
1201 1802 7149
1200 1803 7148
1199 1804 7147
1198 1805 7146
1197 1806 7145
1196 1807 7144
1195 1808 7143
1194 1809 7142
1193 1810 7141
1192 1811 7140
1191 1812 7139
1190 1813 7138
1189 1814 7137
1188 1815 7136
1187 1816 7135
1186 1817 7134
1185 1818 7133
1184 1819 7132
1183 1820 7131
1182 1821 7130
1181 1822 7129
1180 1823 7128
1179 1824 7127
1178 1825 7126
1177 1826 7125
1176 1827 7124
1175 1828 7123
1174 1829 7122
1173 1830 7121
1172 1831 7120
1171 1832 7119
1170 1833 7118
1169 1834 7117
1168 1835 7116
1167 1836 7115
1166 1837 7114
1165 1838 7113
1164 1839 7112
1163 1840 7111
1162 1841 7110
1161 1842 7109
1160 1843 7108
1159 1844 7107
1158 1845 7106
1157 1846 7105
1156 1847 7104
1155 1848 7103
1154 1849 7102
1153 1850 7101
1152 1851 7100
1151 1852 7099
1150 1853 7098
1149 1854 7097
1148 1855 7096
1147 1856 7095
1146 1857 7094
1145 1858 7093
1144 1859 7092
1143 1860 7091
1142 1861 7090
1141 1862 7089
1140 1863 7088
1139 1864 7087
1138 1865 7086
1137 1866 7085
1136 1867 7084
1135 1868 7083
1134 1869 7082
1133 1870 7081
1132 1871 7080
1131 1872 7079
1130 1873 7078
1129 1874 7077
1128 1875 7076
1127 1876 7075
1126 1877 7074
1125 1878 7073
1124 1879 7072
1123 1880 7071
1122 1881 7070
1121 1882 7069
1120 1883 7068
1119 1884 7067
1118 1885 7066
1117 1886 7065
1116 1887 7064
1115 1888 7063
1114 1889 7062
1113 1890 7061
1112 1891 7060
1111 1892 7059
1110 1893 7058
1109 1894 7057
1108 1895 7056
1107 1896 7055
1106 1897 7054
1105 1898 7053
1104 1899 7052
1103 1900 7051
1102 1901 7050
1101 1902 7049
1100 1903 7048
1099 1904 7047
1098 1905 7046
1097 1906 7045
1096 1907 7044
1095 1908 7043
1094 1909 7042
1093 1910 7041
1092 1911 7040
1091 1912 7039
1090 1913 7038
1089 1914 7037
1088 1915 7036
1087 1916 7035
1086 1917 7034
1085 1918 7033
1084 1919 7032
1083 1920 7031
1082 1921 7030
1081 1922 7029
1080 1923 7028
1079 1924 7027
1078 1925 7026
1077 1926 7025
1076 1927 7024
1075 1928 7023
1074 1929 7022
1073 1930 7021
1072 1931 7020
1071 1932 7019
1070 1933 7018
1069 1934 7017
1068 1935 7016
1067 1936 7015
1066 1937 7014
1065 1938 7013
1064 1939 7012
1063 1940 7011
1062 1941 7010
1061 1942 7009
1060 1943 7008
1059 1944 7007
1058 1945 7006
1057 1946 7005
1056 1947 7004
1055 1948 7003
1054 1949 7002
1053 1950 7001
1052 1951 7000
1051 1952 6999
1050 1953 6998
1049 1954 6997
1048 1955 6996
1047 1956 6995
1046 1957 6994
1045 1958 6993
1044 1959 6992
1043 1960 6991
1042 1961 6990
1041 1962 6989
1040 1963 6988
1039 1964 6987
1038 1965 6986
1037 1966 6985
1036 1967 6984
1035 1968 6983
1034 1969 6982
1033 1970 6981
1032 1971 6980
1031 1972 6979
1030 1973 6978
1029 1974 6977
1028 1975 6976
1027 1976 6975
1026 1977 6974
1025 1978 6973
1024 1979 6972
1023 1980 6971
1022 1981 6970
1021 1982 6969
1020 1983 6968
1019 1984 6967
1018 1985 6966
1017 1986 6965
1016 1987 6964
1015 1988 6963
1014 1989 6962
1013 1990 6961
1012 1991 6960
1011 1992 6959
1010 1993 6958
1009 1994 6957
1008 1995 6956
1007 1996 6955
1006 1997 6954
1005 1998 6953
1004 1999 6952
1003 2000 6951
1002 2001 6950
1001 2002 6949
1000 2003 6948
999 2004 6947
998 2005 6946
997 2006 6945
996 2007 6944
995 2008 6943
994 2009 6942
993 2010 6941
992 2011 6940
991 2012 6939
990 2013 6938
989 2014 6937
988 2015 6936
987 2016 6935
986 2017 6934
985 2018 6933
984 2019 6932
983 2020 6931
982 2021 6930
981 2022 6929
980 2023 6928
979 2024 6927
978 2025 6926
977 2026 6925
976 2027 6924
975 2028 6923
974 2029 6922
973 2030 6921
972 2031 6920
971 2032 6919
970 2033 6918
969 2034 6917
968 2035 6916
967 2036 6915
966 2037 6914
965 2038 6913
964 2039 6912
963 2040 6911
962 2041 6910
961 2042 6909
960 2043 6908
959 2044 6907
958 2045 6906
957 2046 6905
956 2047 6904
955 2048 6903
954 2049 6902
953 2050 6901
952 2051 6900
951 2052 6899
950 2053 6898
949 2054 6897
948 2055 6896
947 2056 6895
946 2057 6894
945 2058 6893
944 2059 6892
943 2060 6891
942 2061 6890
941 2062 6889
940 2063 6888
939 2064 6887
938 2065 6886
937 2066 6885
936 2067 6884
935 2068 6883
934 2069 6882
933 2070 6881
932 2071 6880
931 2072 6879
930 2073 6878
929 2074 6877
928 2075 6876
927 2076 6875
926 2077 6874
925 2078 6873
924 2079 6872
923 2080 6871
922 2081 6870
921 2082 6869
920 2083 6868
919 2084 6867
918 2085 6866
917 2086 6865
916 2087 6864
915 2088 6863
914 2089 6862
913 2090 6861
912 2091 6860
911 2092 6859
910 2093 6858
909 2094 6857
908 2095 6856
907 2096 6855
906 2097 6854
905 2098 6853
904 2099 6852
903 2100 6851
902 2101 6850
901 2102 6849
900 2103 6848
899 2104 6847
898 2105 6846
897 2106 6845
896 2107 6844
895 2108 6843
894 2109 6842
893 2110 6841
892 2111 6840
891 2112 6839
890 2113 6838
889 2114 6837
888 2115 6836
887 2116 6835
886 2117 6834
885 2118 6833
884 2119 6832
883 2120 6831
882 2121 6830
881 2122 6829
880 2123 6828
879 2124 6827
878 2125 6826
877 2126 6825
876 2127 6824
875 2128 6823
874 2129 6822
873 2130 6821
872 2131 6820
871 2132 6819
870 2133 6818
869 2134 6817
868 2135 6816
867 2136 6815
866 2137 6814
865 2138 6813
864 2139 6812
863 2140 6811
862 2141 6810
861 2142 6809
860 2143 6808
859 2144 6807
858 2145 6806
857 2146 6805
856 2147 6804
855 2148 6803
854 2149 6802
853 2150 6801
852 2151 6800
851 2152 6799
850 2153 6798
849 2154 6797
848 2155 6796
847 2156 6795
846 2157 6794
845 2158 6793
844 2159 6792
843 2160 6791
842 2161 6790
841 2162 6789
840 2163 6788
839 2164 6787
838 2165 6786
837 2166 6785
836 2167 6784
835 2168 6783
834 2169 6782
833 2170 6781
832 2171 6780
831 2172 6779
830 2173 6778
829 2174 6777
828 2175 6776
827 2176 6775
826 2177 6774
825 2178 6773
824 2179 6772
823 2180 6771
822 2181 6770
821 2182 6769
820 2183 6768
819 2184 6767
818 2185 6766
817 2186 6765
816 2187 6764
815 2188 6763
814 2189 6762
813 2190 6761
812 2191 6760
811 2192 6759
810 2193 6758
809 2194 6757
808 2195 6756
807 2196 6755
806 2197 6754
805 2198 6753
804 2199 6752
803 2200 6751
802 2201 6750
801 2202 6749
800 2203 6748
799 2204 6747
798 2205 6746
797 2206 6745
796 2207 6744
795 2208 6743
794 2209 6742
793 2210 6741
792 2211 6740
791 2212 6739
790 2213 6738
789 2214 6737
788 2215 6736
787 2216 6735
786 2217 6734
785 2218 6733
784 2219 6732
783 2220 6731
782 2221 6730
781 2222 6729
780 2223 6728
779 2224 6727
778 2225 6726
777 2226 6725
776 2227 6724
775 2228 6723
774 2229 6722
773 2230 6721
772 2231 6720
771 2232 6719
770 2233 6718
769 2234 6717
768 2235 6716
767 2236 6715
766 2237 6714
765 2238 6713
764 2239 6712
763 2240 6711
762 2241 6710
761 2242 6709
760 2243 6708
759 2244 6707
758 2245 6706
757 2246 6705
756 2247 6704
755 2248 6703
754 2249 6702
753 2250 6701
752 2251 6700
751 2252 6699
750 2253 6698
749 2254 6697
748 2255 6696
747 2256 6695
746 2257 6694
745 2258 6693
744 2259 6692
743 2260 6691
742 2261 6690
741 2262 6689
740 2263 6688
739 2264 6687
738 2265 6686
737 2266 6685
736 2267 6684
735 2268 6683
734 2269 6682
733 2270 6681
732 2271 6680
731 2272 6679
730 2273 6678
729 2274 6677
728 2275 6676
727 2276 6675
726 2277 6674
725 2278 6673
724 2279 6672
723 2280 6671
722 2281 6670
721 2282 6669
720 2283 6668
719 2284 6667
718 2285 6666
717 2286 6665
716 2287 6664
715 2288 6663
714 2289 6662
713 2290 6661
712 2291 6660
711 2292 6659
710 2293 6658
709 2294 6657
708 2295 6656
707 2296 6655
706 2297 6654
705 2298 6653
704 2299 6652
703 2300 6651
702 2301 6650
701 2302 6649
700 2303 6648
699 2304 6647
698 2305 6646
697 2306 6645
696 2307 6644
695 2308 6643
694 2309 6642
693 2310 6641
692 2311 6640
691 2312 6639
690 2313 6638
689 2314 6637
688 2315 6636
687 2316 6635
686 2317 6634
685 2318 6633
684 2319 6632
683 2320 6631
682 2321 6630
681 2322 6629
680 2323 6628
679 2324 6627
678 2325 6626
677 2326 6625
676 2327 6624
675 2328 6623
674 2329 6622
673 2330 6621
672 2331 6620
671 2332 6619
670 2333 6618
669 2334 6617
668 2335 6616
667 2336 6615
666 2337 6614
665 2338 6613
664 2339 6612
663 2340 6611
662 2341 6610
661 2342 6609
660 2343 6608
659 2344 6607
658 2345 6606
657 2346 6605
656 2347 6604
655 2348 6603
654 2349 6602
653 2350 6601
652 2351 6600
651 2352 6599
650 2353 6598
649 2354 6597
648 2355 6596
647 2356 6595
646 2357 6594
645 2358 6593
644 2359 6592
643 2360 6591
642 2361 6590
641 2362 6589
640 2363 6588
639 2364 6587
638 2365 6586
637 2366 6585
636 2367 6584
635 2368 6583
634 2369 6582
633 2370 6581
632 2371 6580
631 2372 6579
630 2373 6578
629 2374 6577
628 2375 6576
627 2376 6575
626 2377 6574
625 2378 6573
624 2379 6572
623 2380 6571
622 2381 6570
621 2382 6569
620 2383 6568
619 2384 6567
618 2385 6566
617 2386 6565
616 2387 6564
615 2388 6563
614 2389 6562
613 2390 6561
612 2391 6560
611 2392 6559
610 2393 6558
609 2394 6557
608 2395 6556
607 2396 6555
606 2397 6554
605 2398 6553
604 2399 6552
603 2400 6551
602 2401 6550
601 2402 6549
600 2403 6548
599 2404 6547
598 2405 6546
597 2406 6545
596 2407 6544
595 2408 6543
594 2409 6542
593 2410 6541
592 2411 6540
591 2412 6539
590 2413 6538
589 2414 6537
588 2415 6536
587 2416 6535
586 2417 6534
585 2418 6533
584 2419 6532
583 2420 6531
582 2421 6530
581 2422 6529
580 2423 6528
579 2424 6527
578 2425 6526
577 2426 6525
576 2427 6524
575 2428 6523
574 2429 6522
573 2430 6521
572 2431 6520
571 2432 6519
570 2433 6518
569 2434 6517
568 2435 6516
567 2436 6515
566 2437 6514
565 2438 6513
564 2439 6512
563 2440 6511
562 2441 6510
561 2442 6509
560 2443 6508
559 2444 6507
558 2445 6506
557 2446 6505
556 2447 6504
555 2448 6503
554 2449 6502
553 2450 6501
552 2451 6500
551 2452 6499
550 2453 6498
549 2454 6497
548 2455 6496
547 2456 6495
546 2457 6494
545 2458 6493
544 2459 6492
543 2460 6491
542 2461 6490
541 2462 6489
540 2463 6488
539 2464 6487
538 2465 6486
537 2466 6485
536 2467 6484
535 2468 6483
534 2469 6482
533 2470 6481
532 2471 6480
531 2472 6479
530 2473 6478
529 2474 6477
528 2475 6476
527 2476 6475
526 2477 6474
525 2478 6473
524 2479 6472
523 2480 6471
522 2481 6470
521 2482 6469
520 2483 6468
519 2484 6467
518 2485 6466
517 2486 6465
516 2487 6464
515 2488 6463
514 2489 6462
513 2490 6461
512 2491 6460
511 2492 6459
510 2493 6458
509 2494 6457
508 2495 6456
507 2496 6455
506 2497 6454
505 2498 6453
504 2499 6452
503 2500 6451
502 2501 6450
501 2502 6449
500 2503 6448
499 2504 6447
498 2505 6446
497 2506 6445
496 2507 6444
495 2508 6443
494 2509 6442
493 2510 6441
492 2511 6440
491 2512 6439
490 2513 6438
489 2514 6437
488 2515 6436
487 2516 6435
486 2517 6434
485 2518 6433
484 2519 6432
483 2520 6431
482 2521 6430
481 2522 6429
480 2523 6428
479 2524 6427
478 2525 6426
477 2526 6425
476 2527 6424
475 2528 6423
474 2529 6422
473 2530 6421
472 2531 6420
471 2532 6419
470 2533 6418
469 2534 6417
468 2535 6416
467 2536 6415
466 2537 6414
465 2538 6413
464 2539 6412
463 2540 6411
462 2541 6410
461 2542 6409
460 2543 6408
459 2544 6407
458 2545 6406
457 2546 6405
456 2547 6404
455 2548 6403
454 2549 6402
453 2550 6401
452 2551 6400
451 2552 6399
450 2553 6398
449 2554 6397
448 2555 6396
447 2556 6395
446 2557 6394
445 2558 6393
444 2559 6392
443 2560 6391
442 2561 6390
441 2562 6389
440 2563 6388
439 2564 6387
438 2565 6386
437 2566 6385
436 2567 6384
435 2568 6383
434 2569 6382
433 2570 6381
432 2571 6380
431 2572 6379
430 2573 6378
429 2574 6377
428 2575 6376
427 2576 6375
426 2577 6374
425 2578 6373
424 2579 6372
423 2580 6371
422 2581 6370
421 2582 6369
420 2583 6368
419 2584 6367
418 2585 6366
417 2586 6365
416 2587 6364
415 2588 6363
414 2589 6362
413 2590 6361
412 2591 6360
411 2592 6359
410 2593 6358
409 2594 6357
408 2595 6356
407 2596 6355
406 2597 6354
405 2598 6353
404 2599 6352
403 2600 6351
402 2601 6350
401 2602 6349
400 2603 6348
399 2604 6347
398 2605 6346
397 2606 6345
396 2607 6344
395 2608 6343
394 2609 6342
393 2610 6341
392 2611 6340
391 2612 6339
390 2613 6338
389 2614 6337
388 2615 6336
387 2616 6335
386 2617 6334
385 2618 6333
384 2619 6332
383 2620 6331
382 2621 6330
381 2622 6329
380 2623 6328
379 2624 6327
378 2625 6326
377 2626 6325
376 2627 6324
375 2628 6323
374 2629 6322
373 2630 6321
372 2631 6320
371 2632 6319
370 2633 6318
369 2634 6317
368 2635 6316
367 2636 6315
366 2637 6314
365 2638 6313
364 2639 6312
363 2640 6311
362 2641 6310
361 2642 6309
360 2643 6308
359 2644 6307
358 2645 6306
357 2646 6305
356 2647 6304
355 2648 6303
354 2649 6302
353 2650 6301
352 2651 6300
351 2652 6299
350 2653 6298
349 2654 6297
348 2655 6296
347 2656 6295
346 2657 6294
345 2658 6293
344 2659 6292
343 2660 6291
342 2661 6290
341 2662 6289
340 2663 6288
339 2664 6287
338 2665 6286
337 2666 6285
336 2667 6284
335 2668 6283
334 2669 6282
333 2670 6281
332 2671 6280
331 2672 6279
330 2673 6278
329 2674 6277
328 2675 6276
327 2676 6275
326 2677 6274
325 2678 6273
324 2679 6272
323 2680 6271
322 2681 6270
321 2682 6269
320 2683 6268
319 2684 6267
318 2685 6266
317 2686 6265
316 2687 6264
315 2688 6263
314 2689 6262
313 2690 6261
312 2691 6260
311 2692 6259
310 2693 6258
309 2694 6257
308 2695 6256
307 2696 6255
306 2697 6254
305 2698 6253
304 2699 6252
303 2700 6251
302 2701 6250
301 2702 6249
300 2703 6248
299 2704 6247
298 2705 6246
297 2706 6245
296 2707 6244
295 2708 6243
294 2709 6242
293 2710 6241
292 2711 6240
291 2712 6239
290 2713 6238
289 2714 6237
288 2715 6236
287 2716 6235
286 2717 6234
285 2718 6233
284 2719 6232
283 2720 6231
282 2721 6230
281 2722 6229
280 2723 6228
279 2724 6227
278 2725 6226
277 2726 6225
276 2727 6224
275 2728 6223
274 2729 6222
273 2730 6221
272 2731 6220
271 2732 6219
270 2733 6218
269 2734 6217
268 2735 6216
267 2736 6215
266 2737 6214
265 2738 6213
264 2739 6212
263 2740 6211
262 2741 6210
261 2742 6209
260 2743 6208
259 2744 6207
258 2745 6206
257 2746 6205
256 2747 6204
255 2748 6203
254 2749 6202
253 2750 6201
252 2751 6200
251 2752 6199
250 2753 6198
249 2754 6197
248 2755 6196
247 2756 6195
246 2757 6194
245 2758 6193
244 2759 6192
243 2760 6191
242 2761 6190
241 2762 6189
240 2763 6188
239 2764 6187
238 2765 6186
237 2766 6185
236 2767 6184
235 2768 6183
234 2769 6182
233 2770 6181
232 2771 6180
231 2772 6179
230 2773 6178
229 2774 6177
228 2775 6176
227 2776 6175
226 2777 6174
225 2778 6173
224 2779 6172
223 2780 6171
222 2781 6170
221 2782 6169
220 2783 6168
219 2784 6167
218 2785 6166
217 2786 6165
216 2787 6164
215 2788 6163
214 2789 6162
213 2790 6161
212 2791 6160
211 2792 6159
210 2793 6158
209 2794 6157
208 2795 6156
207 2796 6155
206 2797 6154
205 2798 6153
204 2799 6152
203 2800 6151
202 2801 6150
201 2802 6149
200 2803 6148
199 2804 6147
198 2805 6146
197 2806 6145
196 2807 6144
195 2808 6143
194 2809 6142
193 2810 6141
192 2811 6140
191 2812 6139
190 2813 6138
189 2814 6137
188 2815 6136
187 2816 6135
186 2817 6134
185 2818 6133
184 2819 6132
183 2820 6131
182 2821 6130
181 2822 6129
180 2823 6128
179 2824 6127
178 2825 6126
177 2826 6125
176 2827 6124
175 2828 6123
174 2829 6122
173 2830 6121
172 2831 6120
171 2832 6119
170 2833 6118
169 2834 6117
168 2835 6116
167 2836 6115
166 2837 6114
165 2838 6113
164 2839 6112
163 2840 6111
162 2841 6110
161 2842 6109
160 2843 6108
159 2844 6107
158 2845 6106
157 2846 6105
156 2847 6104
155 2848 6103
154 2849 6102
153 2850 6101
152 2851 6100
151 2852 6099
150 2853 6098
149 2854 6097
148 2855 6096
147 2856 6095
146 2857 6094
145 2858 6093
144 2859 6092
143 2860 6091
142 2861 6090
141 2862 6089
140 2863 6088
139 2864 6087
138 2865 6086
137 2866 6085
136 2867 6084
135 2868 6083
134 2869 6082
133 2870 6081
132 2871 6080
131 2872 6079
130 2873 6078
129 2874 6077
128 2875 6076
127 2876 6075
126 2877 6074
125 2878 6073
124 2879 6072
123 2880 6071
122 2881 6070
121 2882 6069
120 2883 6068
119 2884 6067
118 2885 6066
117 2886 6065
116 2887 6064
115 2888 6063
114 2889 6062
113 2890 6061
112 2891 6060
111 2892 6059
110 2893 6058
109 2894 6057
108 2895 6056
107 2896 6055
106 2897 6054
105 2898 6053
104 2899 6052
103 2900 6051
102 2901 6050
101 2902 6049
100 2903 6048
99 2904 6047
98 2905 6046
97 2906 6045
96 2907 6044
95 2908 6043
94 2909 6042
93 2910 6041
92 2911 6040
91 2912 6039
90 2913 6038
89 2914 6037
88 2915 6036
87 2916 6035
86 2917 6034
85 2918 6033
84 2919 6032
83 2920 6031
82 2921 6030
81 2922 6029
80 2923 6028
79 2924 6027
78 2925 6026
77 2926 6025
76 2927 6024
75 2928 6023
74 2929 6022
73 2930 6021
72 2931 6020
71 2932 6019
70 2933 6018
69 2934 6017
68 2935 6016
67 2936 6015
66 2937 6014
65 2938 6013
64 2939 6012
63 2940 6011
62 2941 6010
61 2942 6009
60 2943 6008
59 2944 6007
58 2945 6006
57 2946 6005
56 2947 6004
55 2948 6003
54 2949 6002
53 2950 6001
