1152
3000 3 7152
2999 4 7151
2998 5 7150
2997 6 7149
2996 7 7148
2995 8 7147
2994 9 7146
2993 10 7145
2992 11 7144
2991 12 7143
2990 13 7142
2989 14 7141
2988 15 7140
2987 16 7139
2986 17 7138
2985 18 7137
2984 19 7136
2983 20 7135
2982 21 7134
2981 22 7133
2980 23 7132
2979 24 7131
2978 25 7130
2977 26 7129
2976 27 7128
2975 28 7127
2974 29 7126
2973 30 7125
2972 31 7124
2971 32 7123
2970 33 7122
2969 34 7121
2968 35 7120
2967 36 7119
2966 37 7118
2965 38 7117
2964 39 7116
2963 40 7115
2962 41 7114
2961 42 7113
2960 43 7112
2959 44 7111
2958 45 7110
2957 46 7109
2956 47 7108
2955 48 7107
2954 49 7106
2953 50 7105
2952 51 7104
2951 52 7103
2950 53 7102
2949 54 7101
2948 55 7100
2947 56 7099
2946 57 7098
2945 58 7097
2944 59 7096
2943 60 7095
2942 61 7094
2941 62 7093
2940 63 7092
2939 64 7091
2938 65 7090
2937 66 7089
2936 67 7088
2935 68 7087
2934 69 7086
2933 70 7085
2932 71 7084
2931 72 7083
2930 73 7082
2929 74 7081
2928 75 7080
2927 76 7079
2926 77 7078
2925 78 7077
2924 79 7076
2923 80 7075
2922 81 7074
2921 82 7073
2920 83 7072
2919 84 7071
2918 85 7070
2917 86 7069
2916 87 7068
2915 88 7067
2914 89 7066
2913 90 7065
2912 91 7064
2911 92 7063
2910 93 7062
2909 94 7061
2908 95 7060
2907 96 7059
2906 97 7058
2905 98 7057
2904 99 7056
2903 100 7055
2902 101 7054
2901 102 7053
2900 103 7052
2899 104 7051
2898 105 7050
2897 106 7049
2896 107 7048
2895 108 7047
2894 109 7046
2893 110 7045
2892 111 7044
2891 112 7043
2890 113 7042
2889 114 7041
2888 115 7040
2887 116 7039
2886 117 7038
2885 118 7037
2884 119 7036
2883 120 7035
2882 121 7034
2881 122 7033
2880 123 7032
2879 124 7031
2878 125 7030
2877 126 7029
2876 127 7028
2875 128 7027
2874 129 7026
2873 130 7025
2872 131 7024
2871 132 7023
2870 133 7022
2869 134 7021
2868 135 7020
2867 136 7019
2866 137 7018
2865 138 7017
2864 139 7016
2863 140 7015
2862 141 7014
2861 142 7013
2860 143 7012
2859 144 7011
2858 145 7010
2857 146 7009
2856 147 7008
2855 148 7007
2854 149 7006
2853 150 7005
2852 151 7004
2851 152 7003
2850 153 7002
2849 154 7001
2848 155 7000
2847 156 6999
2846 157 6998
2845 158 6997
2844 159 6996
2843 160 6995
2842 161 6994
2841 162 6993
2840 163 6992
2839 164 6991
2838 165 6990
2837 166 6989
2836 167 6988
2835 168 6987
2834 169 6986
2833 170 6985
2832 171 6984
2831 172 6983
2830 173 6982
2829 174 6981
2828 175 6980
2827 176 6979
2826 177 6978
2825 178 6977
2824 179 6976
2823 180 6975
2822 181 6974
2821 182 6973
2820 183 6972
2819 184 6971
2818 185 6970
2817 186 6969
2816 187 6968
2815 188 6967
2814 189 6966
2813 190 6965
2812 191 6964
2811 192 6963
2810 193 6962
2809 194 6961
2808 195 6960
2807 196 6959
2806 197 6958
2805 198 6957
2804 199 6956
2803 200 6955
2802 201 6954
2801 202 6953
2800 203 6952
2799 204 6951
2798 205 6950
2797 206 6949
2796 207 6948
2795 208 6947
2794 209 6946
2793 210 6945
2792 211 6944
2791 212 6943
2790 213 6942
2789 214 6941
2788 215 6940
2787 216 6939
2786 217 6938
2785 218 6937
2784 219 6936
2783 220 6935
2782 221 6934
2781 222 6933
2780 223 6932
2779 224 6931
2778 225 6930
2777 226 6929
2776 227 6928
2775 228 6927
2774 229 6926
2773 230 6925
2772 231 6924
2771 232 6923
2770 233 6922
2769 234 6921
2768 235 6920
2767 236 6919
2766 237 6918
2765 238 6917
2764 239 6916
2763 240 6915
2762 241 6914
2761 242 6913
2760 243 6912
2759 244 6911
2758 245 6910
2757 246 6909
2756 247 6908
2755 248 6907
2754 249 6906
2753 250 6905
2752 251 6904
2751 252 6903
2750 253 6902
2749 254 6901
2748 255 6900
2747 256 6899
2746 257 6898
2745 258 6897
2744 259 6896
2743 260 6895
2742 261 6894
2741 262 6893
2740 263 6892
2739 264 6891
2738 265 6890
2737 266 6889
2736 267 6888
2735 268 6887
2734 269 6886
2733 270 6885
2732 271 6884
2731 272 6883
2730 273 6882
2729 274 6881
2728 275 6880
2727 276 6879
2726 277 6878
2725 278 6877
2724 279 6876
2723 280 6875
2722 281 6874
2721 282 6873
2720 283 6872
2719 284 6871
2718 285 6870
2717 286 6869
2716 287 6868
2715 288 6867
2714 289 6866
2713 290 6865
2712 291 6864
2711 292 6863
2710 293 6862
2709 294 6861
2708 295 6860
2707 296 6859
2706 297 6858
2705 298 6857
2704 299 6856
2703 300 6855
2702 301 6854
2701 302 6853
2700 303 6852
2699 304 6851
2698 305 6850
2697 306 6849
2696 307 6848
2695 308 6847
2694 309 6846
2693 310 6845
2692 311 6844
2691 312 6843
2690 313 6842
2689 314 6841
2688 315 6840
2687 316 6839
2686 317 6838
2685 318 6837
2684 319 6836
2683 320 6835
2682 321 6834
2681 322 6833
2680 323 6832
2679 324 6831
2678 325 6830
2677 326 6829
2676 327 6828
2675 328 6827
2674 329 6826
2673 330 6825
2672 331 6824
2671 332 6823
2670 333 6822
2669 334 6821
2668 335 6820
2667 336 6819
2666 337 6818
2665 338 6817
2664 339 6816
2663 340 6815
2662 341 6814
2661 342 6813
2660 343 6812
2659 344 6811
2658 345 6810
2657 346 6809
2656 347 6808
2655 348 6807
2654 349 6806
2653 350 6805
2652 351 6804
2651 352 6803
2650 353 6802
2649 354 6801
2648 355 6800
2647 356 6799
2646 357 6798
2645 358 6797
2644 359 6796
2643 360 6795
2642 361 6794
2641 362 6793
2640 363 6792
2639 364 6791
2638 365 6790
2637 366 6789
2636 367 6788
2635 368 6787
2634 369 6786
2633 370 6785
2632 371 6784
2631 372 6783
2630 373 6782
2629 374 6781
2628 375 6780
2627 376 6779
2626 377 6778
2625 378 6777
2624 379 6776
2623 380 6775
2622 381 6774
2621 382 6773
2620 383 6772
2619 384 6771
2618 385 6770
2617 386 6769
2616 387 6768
2615 388 6767
2614 389 6766
2613 390 6765
2612 391 6764
2611 392 6763
2610 393 6762
2609 394 6761
2608 395 6760
2607 396 6759
2606 397 6758
2605 398 6757
2604 399 6756
2603 400 6755
2602 401 6754
2601 402 6753
2600 403 6752
2599 404 6751
2598 405 6750
2597 406 6749
2596 407 6748
2595 408 6747
2594 409 6746
2593 410 6745
2592 411 6744
2591 412 6743
2590 413 6742
2589 414 6741
2588 415 6740
2587 416 6739
2586 417 6738
2585 418 6737
2584 419 6736
2583 420 6735
2582 421 6734
2581 422 6733
2580 423 6732
2579 424 6731
2578 425 6730
2577 426 6729
2576 427 6728
2575 428 6727
2574 429 6726
2573 430 6725
2572 431 6724
2571 432 6723
2570 433 6722
2569 434 6721
2568 435 6720
2567 436 6719
2566 437 6718
2565 438 6717
2564 439 6716
2563 440 6715
2562 441 6714
2561 442 6713
2560 443 6712
2559 444 6711
2558 445 6710
2557 446 6709
2556 447 6708
2555 448 6707
2554 449 6706
2553 450 6705
2552 451 6704
2551 452 6703
2550 453 6702
2549 454 6701
2548 455 6700
2547 456 6699
2546 457 6698
2545 458 6697
2544 459 6696
2543 460 6695
2542 461 6694
2541 462 6693
2540 463 6692
2539 464 6691
2538 465 6690
2537 466 6689
2536 467 6688
2535 468 6687
2534 469 6686
2533 470 6685
2532 471 6684
2531 472 6683
2530 473 6682
2529 474 6681
2528 475 6680
2527 476 6679
2526 477 6678
2525 478 6677
2524 479 6676
2523 480 6675
2522 481 6674
2521 482 6673
2520 483 6672
2519 484 6671
2518 485 6670
2517 486 6669
2516 487 6668
2515 488 6667
2514 489 6666
2513 490 6665
2512 491 6664
2511 492 6663
2510 493 6662
2509 494 6661
2508 495 6660
2507 496 6659
2506 497 6658
2505 498 6657
2504 499 6656
2503 500 6655
2502 501 6654
2501 502 6653
2500 503 6652
2499 504 6651
2498 505 6650
2497 506 6649
2496 507 6648
2495 508 6647
2494 509 6646
2493 510 6645
2492 511 6644
2491 512 6643
2490 513 6642
2489 514 6641
2488 515 6640
2487 516 6639
2486 517 6638
2485 518 6637
2484 519 6636
2483 520 6635
2482 521 6634
2481 522 6633
2480 523 6632
2479 524 6631
2478 525 6630
2477 526 6629
2476 527 6628
2475 528 6627
2474 529 6626
2473 530 6625
2472 531 6624
2471 532 6623
2470 533 6622
2469 534 6621
2468 535 6620
2467 536 6619
2466 537 6618
2465 538 6617
2464 539 6616
2463 540 6615
2462 541 6614
2461 542 6613
2460 543 6612
2459 544 6611
2458 545 6610
2457 546 6609
2456 547 6608
2455 548 6607
2454 549 6606
2453 550 6605
2452 551 6604
2451 552 6603
2450 553 6602
2449 554 6601
2448 555 6600
2447 556 6599
2446 557 6598
2445 558 6597
2444 559 6596
2443 560 6595
2442 561 6594
2441 562 6593
2440 563 6592
2439 564 6591
2438 565 6590
2437 566 6589
2436 567 6588
2435 568 6587
2434 569 6586
2433 570 6585
2432 571 6584
2431 572 6583
2430 573 6582
2429 574 6581
2428 575 6580
2427 576 6579
2426 577 6578
2425 578 6577
2424 579 6576
2423 580 6575
2422 581 6574
2421 582 6573
2420 583 6572
2419 584 6571
2418 585 6570
2417 586 6569
2416 587 6568
2415 588 6567
2414 589 6566
2413 590 6565
2412 591 6564
2411 592 6563
2410 593 6562
2409 594 6561
2408 595 6560
2407 596 6559
2406 597 6558
2405 598 6557
2404 599 6556
2403 600 6555
2402 601 6554
2401 602 6553
2400 603 6552
2399 604 6551
2398 605 6550
2397 606 6549
2396 607 6548
2395 608 6547
2394 609 6546
2393 610 6545
2392 611 6544
2391 612 6543
2390 613 6542
2389 614 6541
2388 615 6540
2387 616 6539
2386 617 6538
2385 618 6537
2384 619 6536
2383 620 6535
2382 621 6534
2381 622 6533
2380 623 6532
2379 624 6531
2378 625 6530
2377 626 6529
2376 627 6528
2375 628 6527
2374 629 6526
2373 630 6525
2372 631 6524
2371 632 6523
2370 633 6522
2369 634 6521
2368 635 6520
2367 636 6519
2366 637 6518
2365 638 6517
2364 639 6516
2363 640 6515
2362 641 6514
2361 642 6513
2360 643 6512
2359 644 6511
2358 645 6510
2357 646 6509
2356 647 6508
2355 648 6507
2354 649 6506
2353 650 6505
2352 651 6504
2351 652 6503
2350 653 6502
2349 654 6501
2348 655 6500
2347 656 6499
2346 657 6498
2345 658 6497
2344 659 6496
2343 660 6495
2342 661 6494
2341 662 6493
2340 663 6492
2339 664 6491
2338 665 6490
2337 666 6489
2336 667 6488
2335 668 6487
2334 669 6486
2333 670 6485
2332 671 6484
2331 672 6483
2330 673 6482
2329 674 6481
2328 675 6480
2327 676 6479
2326 677 6478
2325 678 6477
2324 679 6476
2323 680 6475
2322 681 6474
2321 682 6473
2320 683 6472
2319 684 6471
2318 685 6470
2317 686 6469
2316 687 6468
2315 688 6467
2314 689 6466
2313 690 6465
2312 691 6464
2311 692 6463
2310 693 6462
2309 694 6461
2308 695 6460
2307 696 6459
2306 697 6458
2305 698 6457
2304 699 6456
2303 700 6455
2302 701 6454
2301 702 6453
2300 703 6452
2299 704 6451
2298 705 6450
2297 706 6449
2296 707 6448
2295 708 6447
2294 709 6446
2293 710 6445
2292 711 6444
2291 712 6443
2290 713 6442
2289 714 6441
2288 715 6440
2287 716 6439
2286 717 6438
2285 718 6437
2284 719 6436
2283 720 6435
2282 721 6434
2281 722 6433
2280 723 6432
2279 724 6431
2278 725 6430
2277 726 6429
2276 727 6428
2275 728 6427
2274 729 6426
2273 730 6425
2272 731 6424
2271 732 6423
2270 733 6422
2269 734 6421
2268 735 6420
2267 736 6419
2266 737 6418
2265 738 6417
2264 739 6416
2263 740 6415
2262 741 6414
2261 742 6413
2260 743 6412
2259 744 6411
2258 745 6410
2257 746 6409
2256 747 6408
2255 748 6407
2254 749 6406
2253 750 6405
2252 751 6404
2251 752 6403
2250 753 6402
2249 754 6401
2248 755 6400
2247 756 6399
2246 757 6398
2245 758 6397
2244 759 6396
2243 760 6395
2242 761 6394
2241 762 6393
2240 763 6392
2239 764 6391
2238 765 6390
2237 766 6389
2236 767 6388
2235 768 6387
2234 769 6386
2233 770 6385
2232 771 6384
2231 772 6383
2230 773 6382
2229 774 6381
2228 775 6380
2227 776 6379
2226 777 6378
2225 778 6377
2224 779 6376
2223 780 6375
2222 781 6374
2221 782 6373
2220 783 6372
2219 784 6371
2218 785 6370
2217 786 6369
2216 787 6368
2215 788 6367
2214 789 6366
2213 790 6365
2212 791 6364
2211 792 6363
2210 793 6362
2209 794 6361
2208 795 6360
2207 796 6359
2206 797 6358
2205 798 6357
2204 799 6356
2203 800 6355
2202 801 6354
2201 802 6353
2200 803 6352
2199 804 6351
2198 805 6350
2197 806 6349
2196 807 6348
2195 808 6347
2194 809 6346
2193 810 6345
2192 811 6344
2191 812 6343
2190 813 6342
2189 814 6341
2188 815 6340
2187 816 6339
2186 817 6338
2185 818 6337
2184 819 6336
2183 820 6335
2182 821 6334
2181 822 6333
2180 823 6332
2179 824 6331
2178 825 6330
2177 826 6329
2176 827 6328
2175 828 6327
2174 829 6326
2173 830 6325
2172 831 6324
2171 832 6323
2170 833 6322
2169 834 6321
2168 835 6320
2167 836 6319
2166 837 6318
2165 838 6317
2164 839 6316
2163 840 6315
2162 841 6314
2161 842 6313
2160 843 6312
2159 844 6311
2158 845 6310
2157 846 6309
2156 847 6308
2155 848 6307
2154 849 6306
2153 850 6305
2152 851 6304
2151 852 6303
2150 853 6302
2149 854 6301
2148 855 6300
2147 856 6299
2146 857 6298
2145 858 6297
2144 859 6296
2143 860 6295
2142 861 6294
2141 862 6293
2140 863 6292
2139 864 6291
2138 865 6290
2137 866 6289
2136 867 6288
2135 868 6287
2134 869 6286
2133 870 6285
2132 871 6284
2131 872 6283
2130 873 6282
2129 874 6281
2128 875 6280
2127 876 6279
2126 877 6278
2125 878 6277
2124 879 6276
2123 880 6275
2122 881 6274
2121 882 6273
2120 883 6272
2119 884 6271
2118 885 6270
2117 886 6269
2116 887 6268
2115 888 6267
2114 889 6266
2113 890 6265
2112 891 6264
2111 892 6263
2110 893 6262
2109 894 6261
2108 895 6260
2107 896 6259
2106 897 6258
2105 898 6257
2104 899 6256
2103 900 6255
2102 901 6254
2101 902 6253
2100 903 6252
2099 904 6251
2098 905 6250
2097 906 6249
2096 907 6248
2095 908 6247
2094 909 6246
2093 910 6245
2092 911 6244
2091 912 6243
2090 913 6242
2089 914 6241
2088 915 6240
2087 916 6239
2086 917 6238
2085 918 6237
2084 919 6236
2083 920 6235
2082 921 6234
2081 922 6233
2080 923 6232
2079 924 6231
2078 925 6230
2077 926 6229
2076 927 6228
2075 928 6227
2074 929 6226
2073 930 6225
2072 931 6224
2071 932 6223
2070 933 6222
2069 934 6221
2068 935 6220
2067 936 6219
2066 937 6218
2065 938 6217
2064 939 6216
2063 940 6215
2062 941 6214
2061 942 6213
2060 943 6212
2059 944 6211
2058 945 6210
2057 946 6209
2056 947 6208
2055 948 6207
2054 949 6206
2053 950 6205
2052 951 6204
2051 952 6203
2050 953 6202
2049 954 6201
2048 955 6200
2047 956 6199
2046 957 6198
2045 958 6197
2044 959 6196
2043 960 6195
2042 961 6194
2041 962 6193
2040 963 6192
2039 964 6191
2038 965 6190
2037 966 6189
2036 967 6188
2035 968 6187
2034 969 6186
2033 970 6185
2032 971 6184
2031 972 6183
2030 973 6182
2029 974 6181
2028 975 6180
2027 976 6179
2026 977 6178
2025 978 6177
2024 979 6176
2023 980 6175
2022 981 6174
2021 982 6173
2020 983 6172
2019 984 6171
2018 985 6170
2017 986 6169
2016 987 6168
2015 988 6167
2014 989 6166
2013 990 6165
2012 991 6164
2011 992 6163
2010 993 6162
2009 994 6161
2008 995 6160
2007 996 6159
2006 997 6158
2005 998 6157
2004 999 6156
2003 1000 6155
2002 1001 6154
2001 1002 6153
2000 1003 6152
1999 1004 6151
1998 1005 6150
1997 1006 6149
1996 1007 6148
1995 1008 6147
1994 1009 6146
1993 1010 6145
1992 1011 6144
1991 1012 6143
1990 1013 6142
1989 1014 6141
1988 1015 6140
1987 1016 6139
1986 1017 6138
1985 1018 6137
1984 1019 6136
1983 1020 6135
1982 1021 6134
1981 1022 6133
1980 1023 6132
1979 1024 6131
1978 1025 6130
1977 1026 6129
1976 1027 6128
1975 1028 6127
1974 1029 6126
1973 1030 6125
1972 1031 6124
1971 1032 6123
1970 1033 6122
1969 1034 6121
1968 1035 6120
1967 1036 6119
1966 1037 6118
1965 1038 6117
1964 1039 6116
1963 1040 6115
1962 1041 6114
1961 1042 6113
1960 1043 6112
1959 1044 6111
1958 1045 6110
1957 1046 6109
1956 1047 6108
1955 1048 6107
1954 1049 6106
1953 1050 6105
1952 1051 6104
1951 1052 6103
1950 1053 6102
1949 1054 6101
1948 1055 6100
1947 1056 6099
1946 1057 6098
1945 1058 6097
1944 1059 6096
1943 1060 6095
1942 1061 6094
1941 1062 6093
1940 1063 6092
1939 1064 6091
1938 1065 6090
1937 1066 6089
1936 1067 6088
1935 1068 6087
1934 1069 6086
1933 1070 6085
1932 1071 6084
1931 1072 6083
1930 1073 6082
1929 1074 6081
1928 1075 6080
1927 1076 6079
1926 1077 6078
1925 1078 6077
1924 1079 6076
1923 1080 6075
1922 1081 6074
1921 1082 6073
1920 1083 6072
1919 1084 6071
1918 1085 6070
1917 1086 6069
1916 1087 6068
1915 1088 6067
1914 1089 6066
1913 1090 6065
1912 1091 6064
1911 1092 6063
1910 1093 6062
1909 1094 6061
1908 1095 6060
1907 1096 6059
1906 1097 6058
1905 1098 6057
1904 1099 6056
1903 1100 6055
1902 1101 6054
1901 1102 6053
1900 1103 6052
1899 1104 6051
1898 1105 6050
1897 1106 6049
1896 1107 6048
1895 1108 6047
1894 1109 6046
1893 1110 6045
1892 1111 6044
1891 1112 6043
1890 1113 6042
1889 1114 6041
1888 1115 6040
1887 1116 6039
1886 1117 6038
1885 1118 6037
1884 1119 6036
1883 1120 6035
1882 1121 6034
1881 1122 6033
1880 1123 6032
1879 1124 6031
1878 1125 6030
1877 1126 6029
1876 1127 6028
1875 1128 6027
1874 1129 6026
1873 1130 6025
1872 1131 6024
1871 1132 6023
1870 1133 6022
1869 1134 6021
1868 1135 6020
1867 1136 6019
1866 1137 6018
1865 1138 6017
1864 1139 6016
1863 1140 6015
1862 1141 6014
1861 1142 6013
1860 1143 6012
1859 1144 6011
1858 1145 6010
1857 1146 6009
1856 1147 6008
1855 1148 6007
1854 1149 6006
1853 1150 6005
1852 1151 6004
1851 1152 6003
1850 1153 6002
1849 1154 6001
