1515
3000 3 7515
2999 4 7514
2998 5 7513
2997 6 7512
2996 7 7511
2995 8 7510
2994 9 7509
2993 10 7508
2992 11 7507
2991 12 7506
2990 13 7505
2989 14 7504
2988 15 7503
2987 16 7502
2986 17 7501
2985 18 7500
2984 19 7499
2983 20 7498
2982 21 7497
2981 22 7496
2980 23 7495
2979 24 7494
2978 25 7493
2977 26 7492
2976 27 7491
2975 28 7490
2974 29 7489
2973 30 7488
2972 31 7487
2971 32 7486
2970 33 7485
2969 34 7484
2968 35 7483
2967 36 7482
2966 37 7481
2965 38 7480
2964 39 7479
2963 40 7478
2962 41 7477
2961 42 7476
2960 43 7475
2959 44 7474
2958 45 7473
2957 46 7472
2956 47 7471
2955 48 7470
2954 49 7469
2953 50 7468
2952 51 7467
2951 52 7466
2950 53 7465
2949 54 7464
2948 55 7463
2947 56 7462
2946 57 7461
2945 58 7460
2944 59 7459
2943 60 7458
2942 61 7457
2941 62 7456
2940 63 7455
2939 64 7454
2938 65 7453
2937 66 7452
2936 67 7451
2935 68 7450
2934 69 7449
2933 70 7448
2932 71 7447
2931 72 7446
2930 73 7445
2929 74 7444
2928 75 7443
2927 76 7442
2926 77 7441
2925 78 7440
2924 79 7439
2923 80 7438
2922 81 7437
2921 82 7436
2920 83 7435
2919 84 7434
2918 85 7433
2917 86 7432
2916 87 7431
2915 88 7430
2914 89 7429
2913 90 7428
2912 91 7427
2911 92 7426
2910 93 7425
2909 94 7424
2908 95 7423
2907 96 7422
2906 97 7421
2905 98 7420
2904 99 7419
2903 100 7418
2902 101 7417
2901 102 7416
2900 103 7415
2899 104 7414
2898 105 7413
2897 106 7412
2896 107 7411
2895 108 7410
2894 109 7409
2893 110 7408
2892 111 7407
2891 112 7406
2890 113 7405
2889 114 7404
2888 115 7403
2887 116 7402
2886 117 7401
2885 118 7400
2884 119 7399
2883 120 7398
2882 121 7397
2881 122 7396
2880 123 7395
2879 124 7394
2878 125 7393
2877 126 7392
2876 127 7391
2875 128 7390
2874 129 7389
2873 130 7388
2872 131 7387
2871 132 7386
2870 133 7385
2869 134 7384
2868 135 7383
2867 136 7382
2866 137 7381
2865 138 7380
2864 139 7379
2863 140 7378
2862 141 7377
2861 142 7376
2860 143 7375
2859 144 7374
2858 145 7373
2857 146 7372
2856 147 7371
2855 148 7370
2854 149 7369
2853 150 7368
2852 151 7367
2851 152 7366
2850 153 7365
2849 154 7364
2848 155 7363
2847 156 7362
2846 157 7361
2845 158 7360
2844 159 7359
2843 160 7358
2842 161 7357
2841 162 7356
2840 163 7355
2839 164 7354
2838 165 7353
2837 166 7352
2836 167 7351
2835 168 7350
2834 169 7349
2833 170 7348
2832 171 7347
2831 172 7346
2830 173 7345
2829 174 7344
2828 175 7343
2827 176 7342
2826 177 7341
2825 178 7340
2824 179 7339
2823 180 7338
2822 181 7337
2821 182 7336
2820 183 7335
2819 184 7334
2818 185 7333
2817 186 7332
2816 187 7331
2815 188 7330
2814 189 7329
2813 190 7328
2812 191 7327
2811 192 7326
2810 193 7325
2809 194 7324
2808 195 7323
2807 196 7322
2806 197 7321
2805 198 7320
2804 199 7319
2803 200 7318
2802 201 7317
2801 202 7316
2800 203 7315
2799 204 7314
2798 205 7313
2797 206 7312
2796 207 7311
2795 208 7310
2794 209 7309
2793 210 7308
2792 211 7307
2791 212 7306
2790 213 7305
2789 214 7304
2788 215 7303
2787 216 7302
2786 217 7301
2785 218 7300
2784 219 7299
2783 220 7298
2782 221 7297
2781 222 7296
2780 223 7295
2779 224 7294
2778 225 7293
2777 226 7292
2776 227 7291
2775 228 7290
2774 229 7289
2773 230 7288
2772 231 7287
2771 232 7286
2770 233 7285
2769 234 7284
2768 235 7283
2767 236 7282
2766 237 7281
2765 238 7280
2764 239 7279
2763 240 7278
2762 241 7277
2761 242 7276
2760 243 7275
2759 244 7274
2758 245 7273
2757 246 7272
2756 247 7271
2755 248 7270
2754 249 7269
2753 250 7268
2752 251 7267
2751 252 7266
2750 253 7265
2749 254 7264
2748 255 7263
2747 256 7262
2746 257 7261
2745 258 7260
2744 259 7259
2743 260 7258
2742 261 7257
2741 262 7256
2740 263 7255
2739 264 7254
2738 265 7253
2737 266 7252
2736 267 7251
2735 268 7250
2734 269 7249
2733 270 7248
2732 271 7247
2731 272 7246
2730 273 7245
2729 274 7244
2728 275 7243
2727 276 7242
2726 277 7241
2725 278 7240
2724 279 7239
2723 280 7238
2722 281 7237
2721 282 7236
2720 283 7235
2719 284 7234
2718 285 7233
2717 286 7232
2716 287 7231
2715 288 7230
2714 289 7229
2713 290 7228
2712 291 7227
2711 292 7226
2710 293 7225
2709 294 7224
2708 295 7223
2707 296 7222
2706 297 7221
2705 298 7220
2704 299 7219
2703 300 7218
2702 301 7217
2701 302 7216
2700 303 7215
2699 304 7214
2698 305 7213
2697 306 7212
2696 307 7211
2695 308 7210
2694 309 7209
2693 310 7208
2692 311 7207
2691 312 7206
2690 313 7205
2689 314 7204
2688 315 7203
2687 316 7202
2686 317 7201
2685 318 7200
2684 319 7199
2683 320 7198
2682 321 7197
2681 322 7196
2680 323 7195
2679 324 7194
2678 325 7193
2677 326 7192
2676 327 7191
2675 328 7190
2674 329 7189
2673 330 7188
2672 331 7187
2671 332 7186
2670 333 7185
2669 334 7184
2668 335 7183
2667 336 7182
2666 337 7181
2665 338 7180
2664 339 7179
2663 340 7178
2662 341 7177
2661 342 7176
2660 343 7175
2659 344 7174
2658 345 7173
2657 346 7172
2656 347 7171
2655 348 7170
2654 349 7169
2653 350 7168
2652 351 7167
2651 352 7166
2650 353 7165
2649 354 7164
2648 355 7163
2647 356 7162
2646 357 7161
2645 358 7160
2644 359 7159
2643 360 7158
2642 361 7157
2641 362 7156
2640 363 7155
2639 364 7154
2638 365 7153
2637 366 7152
2636 367 7151
2635 368 7150
2634 369 7149
2633 370 7148
2632 371 7147
2631 372 7146
2630 373 7145
2629 374 7144
2628 375 7143
2627 376 7142
2626 377 7141
2625 378 7140
2624 379 7139
2623 380 7138
2622 381 7137
2621 382 7136
2620 383 7135
2619 384 7134
2618 385 7133
2617 386 7132
2616 387 7131
2615 388 7130
2614 389 7129
2613 390 7128
2612 391 7127
2611 392 7126
2610 393 7125
2609 394 7124
2608 395 7123
2607 396 7122
2606 397 7121
2605 398 7120
2604 399 7119
2603 400 7118
2602 401 7117
2601 402 7116
2600 403 7115
2599 404 7114
2598 405 7113
2597 406 7112
2596 407 7111
2595 408 7110
2594 409 7109
2593 410 7108
2592 411 7107
2591 412 7106
2590 413 7105
2589 414 7104
2588 415 7103
2587 416 7102
2586 417 7101
2585 418 7100
2584 419 7099
2583 420 7098
2582 421 7097
2581 422 7096
2580 423 7095
2579 424 7094
2578 425 7093
2577 426 7092
2576 427 7091
2575 428 7090
2574 429 7089
2573 430 7088
2572 431 7087
2571 432 7086
2570 433 7085
2569 434 7084
2568 435 7083
2567 436 7082
2566 437 7081
2565 438 7080
2564 439 7079
2563 440 7078
2562 441 7077
2561 442 7076
2560 443 7075
2559 444 7074
2558 445 7073
2557 446 7072
2556 447 7071
2555 448 7070
2554 449 7069
2553 450 7068
2552 451 7067
2551 452 7066
2550 453 7065
2549 454 7064
2548 455 7063
2547 456 7062
2546 457 7061
2545 458 7060
2544 459 7059
2543 460 7058
2542 461 7057
2541 462 7056
2540 463 7055
2539 464 7054
2538 465 7053
2537 466 7052
2536 467 7051
2535 468 7050
2534 469 7049
2533 470 7048
2532 471 7047
2531 472 7046
2530 473 7045
2529 474 7044
2528 475 7043
2527 476 7042
2526 477 7041
2525 478 7040
2524 479 7039
2523 480 7038
2522 481 7037
2521 482 7036
2520 483 7035
2519 484 7034
2518 485 7033
2517 486 7032
2516 487 7031
2515 488 7030
2514 489 7029
2513 490 7028
2512 491 7027
2511 492 7026
2510 493 7025
2509 494 7024
2508 495 7023
2507 496 7022
2506 497 7021
2505 498 7020
2504 499 7019
2503 500 7018
2502 501 7017
2501 502 7016
2500 503 7015
2499 504 7014
2498 505 7013
2497 506 7012
2496 507 7011
2495 508 7010
2494 509 7009
2493 510 7008
2492 511 7007
2491 512 7006
2490 513 7005
2489 514 7004
2488 515 7003
2487 516 7002
2486 517 7001
2485 518 7000
2484 519 6999
2483 520 6998
2482 521 6997
2481 522 6996
2480 523 6995
2479 524 6994
2478 525 6993
2477 526 6992
2476 527 6991
2475 528 6990
2474 529 6989
2473 530 6988
2472 531 6987
2471 532 6986
2470 533 6985
2469 534 6984
2468 535 6983
2467 536 6982
2466 537 6981
2465 538 6980
2464 539 6979
2463 540 6978
2462 541 6977
2461 542 6976
2460 543 6975
2459 544 6974
2458 545 6973
2457 546 6972
2456 547 6971
2455 548 6970
2454 549 6969
2453 550 6968
2452 551 6967
2451 552 6966
2450 553 6965
2449 554 6964
2448 555 6963
2447 556 6962
2446 557 6961
2445 558 6960
2444 559 6959
2443 560 6958
2442 561 6957
2441 562 6956
2440 563 6955
2439 564 6954
2438 565 6953
2437 566 6952
2436 567 6951
2435 568 6950
2434 569 6949
2433 570 6948
2432 571 6947
2431 572 6946
2430 573 6945
2429 574 6944
2428 575 6943
2427 576 6942
2426 577 6941
2425 578 6940
2424 579 6939
2423 580 6938
2422 581 6937
2421 582 6936
2420 583 6935
2419 584 6934
2418 585 6933
2417 586 6932
2416 587 6931
2415 588 6930
2414 589 6929
2413 590 6928
2412 591 6927
2411 592 6926
2410 593 6925
2409 594 6924
2408 595 6923
2407 596 6922
2406 597 6921
2405 598 6920
2404 599 6919
2403 600 6918
2402 601 6917
2401 602 6916
2400 603 6915
2399 604 6914
2398 605 6913
2397 606 6912
2396 607 6911
2395 608 6910
2394 609 6909
2393 610 6908
2392 611 6907
2391 612 6906
2390 613 6905
2389 614 6904
2388 615 6903
2387 616 6902
2386 617 6901
2385 618 6900
2384 619 6899
2383 620 6898
2382 621 6897
2381 622 6896
2380 623 6895
2379 624 6894
2378 625 6893
2377 626 6892
2376 627 6891
2375 628 6890
2374 629 6889
2373 630 6888
2372 631 6887
2371 632 6886
2370 633 6885
2369 634 6884
2368 635 6883
2367 636 6882
2366 637 6881
2365 638 6880
2364 639 6879
2363 640 6878
2362 641 6877
2361 642 6876
2360 643 6875
2359 644 6874
2358 645 6873
2357 646 6872
2356 647 6871
2355 648 6870
2354 649 6869
2353 650 6868
2352 651 6867
2351 652 6866
2350 653 6865
2349 654 6864
2348 655 6863
2347 656 6862
2346 657 6861
2345 658 6860
2344 659 6859
2343 660 6858
2342 661 6857
2341 662 6856
2340 663 6855
2339 664 6854
2338 665 6853
2337 666 6852
2336 667 6851
2335 668 6850
2334 669 6849
2333 670 6848
2332 671 6847
2331 672 6846
2330 673 6845
2329 674 6844
2328 675 6843
2327 676 6842
2326 677 6841
2325 678 6840
2324 679 6839
2323 680 6838
2322 681 6837
2321 682 6836
2320 683 6835
2319 684 6834
2318 685 6833
2317 686 6832
2316 687 6831
2315 688 6830
2314 689 6829
2313 690 6828
2312 691 6827
2311 692 6826
2310 693 6825
2309 694 6824
2308 695 6823
2307 696 6822
2306 697 6821
2305 698 6820
2304 699 6819
2303 700 6818
2302 701 6817
2301 702 6816
2300 703 6815
2299 704 6814
2298 705 6813
2297 706 6812
2296 707 6811
2295 708 6810
2294 709 6809
2293 710 6808
2292 711 6807
2291 712 6806
2290 713 6805
2289 714 6804
2288 715 6803
2287 716 6802
2286 717 6801
2285 718 6800
2284 719 6799
2283 720 6798
2282 721 6797
2281 722 6796
2280 723 6795
2279 724 6794
2278 725 6793
2277 726 6792
2276 727 6791
2275 728 6790
2274 729 6789
2273 730 6788
2272 731 6787
2271 732 6786
2270 733 6785
2269 734 6784
2268 735 6783
2267 736 6782
2266 737 6781
2265 738 6780
2264 739 6779
2263 740 6778
2262 741 6777
2261 742 6776
2260 743 6775
2259 744 6774
2258 745 6773
2257 746 6772
2256 747 6771
2255 748 6770
2254 749 6769
2253 750 6768
2252 751 6767
2251 752 6766
2250 753 6765
2249 754 6764
2248 755 6763
2247 756 6762
2246 757 6761
2245 758 6760
2244 759 6759
2243 760 6758
2242 761 6757
2241 762 6756
2240 763 6755
2239 764 6754
2238 765 6753
2237 766 6752
2236 767 6751
2235 768 6750
2234 769 6749
2233 770 6748
2232 771 6747
2231 772 6746
2230 773 6745
2229 774 6744
2228 775 6743
2227 776 6742
2226 777 6741
2225 778 6740
2224 779 6739
2223 780 6738
2222 781 6737
2221 782 6736
2220 783 6735
2219 784 6734
2218 785 6733
2217 786 6732
2216 787 6731
2215 788 6730
2214 789 6729
2213 790 6728
2212 791 6727
2211 792 6726
2210 793 6725
2209 794 6724
2208 795 6723
2207 796 6722
2206 797 6721
2205 798 6720
2204 799 6719
2203 800 6718
2202 801 6717
2201 802 6716
2200 803 6715
2199 804 6714
2198 805 6713
2197 806 6712
2196 807 6711
2195 808 6710
2194 809 6709
2193 810 6708
2192 811 6707
2191 812 6706
2190 813 6705
2189 814 6704
2188 815 6703
2187 816 6702
2186 817 6701
2185 818 6700
2184 819 6699
2183 820 6698
2182 821 6697
2181 822 6696
2180 823 6695
2179 824 6694
2178 825 6693
2177 826 6692
2176 827 6691
2175 828 6690
2174 829 6689
2173 830 6688
2172 831 6687
2171 832 6686
2170 833 6685
2169 834 6684
2168 835 6683
2167 836 6682
2166 837 6681
2165 838 6680
2164 839 6679
2163 840 6678
2162 841 6677
2161 842 6676
2160 843 6675
2159 844 6674
2158 845 6673
2157 846 6672
2156 847 6671
2155 848 6670
2154 849 6669
2153 850 6668
2152 851 6667
2151 852 6666
2150 853 6665
2149 854 6664
2148 855 6663
2147 856 6662
2146 857 6661
2145 858 6660
2144 859 6659
2143 860 6658
2142 861 6657
2141 862 6656
2140 863 6655
2139 864 6654
2138 865 6653
2137 866 6652
2136 867 6651
2135 868 6650
2134 869 6649
2133 870 6648
2132 871 6647
2131 872 6646
2130 873 6645
2129 874 6644
2128 875 6643
2127 876 6642
2126 877 6641
2125 878 6640
2124 879 6639
2123 880 6638
2122 881 6637
2121 882 6636
2120 883 6635
2119 884 6634
2118 885 6633
2117 886 6632
2116 887 6631
2115 888 6630
2114 889 6629
2113 890 6628
2112 891 6627
2111 892 6626
2110 893 6625
2109 894 6624
2108 895 6623
2107 896 6622
2106 897 6621
2105 898 6620
2104 899 6619
2103 900 6618
2102 901 6617
2101 902 6616
2100 903 6615
2099 904 6614
2098 905 6613
2097 906 6612
2096 907 6611
2095 908 6610
2094 909 6609
2093 910 6608
2092 911 6607
2091 912 6606
2090 913 6605
2089 914 6604
2088 915 6603
2087 916 6602
2086 917 6601
2085 918 6600
2084 919 6599
2083 920 6598
2082 921 6597
2081 922 6596
2080 923 6595
2079 924 6594
2078 925 6593
2077 926 6592
2076 927 6591
2075 928 6590
2074 929 6589
2073 930 6588
2072 931 6587
2071 932 6586
2070 933 6585
2069 934 6584
2068 935 6583
2067 936 6582
2066 937 6581
2065 938 6580
2064 939 6579
2063 940 6578
2062 941 6577
2061 942 6576
2060 943 6575
2059 944 6574
2058 945 6573
2057 946 6572
2056 947 6571
2055 948 6570
2054 949 6569
2053 950 6568
2052 951 6567
2051 952 6566
2050 953 6565
2049 954 6564
2048 955 6563
2047 956 6562
2046 957 6561
2045 958 6560
2044 959 6559
2043 960 6558
2042 961 6557
2041 962 6556
2040 963 6555
2039 964 6554
2038 965 6553
2037 966 6552
2036 967 6551
2035 968 6550
2034 969 6549
2033 970 6548
2032 971 6547
2031 972 6546
2030 973 6545
2029 974 6544
2028 975 6543
2027 976 6542
2026 977 6541
2025 978 6540
2024 979 6539
2023 980 6538
2022 981 6537
2021 982 6536
2020 983 6535
2019 984 6534
2018 985 6533
2017 986 6532
2016 987 6531
2015 988 6530
2014 989 6529
2013 990 6528
2012 991 6527
2011 992 6526
2010 993 6525
2009 994 6524
2008 995 6523
2007 996 6522
2006 997 6521
2005 998 6520
2004 999 6519
2003 1000 6518
2002 1001 6517
2001 1002 6516
2000 1003 6515
1999 1004 6514
1998 1005 6513
1997 1006 6512
1996 1007 6511
1995 1008 6510
1994 1009 6509
1993 1010 6508
1992 1011 6507
1991 1012 6506
1990 1013 6505
1989 1014 6504
1988 1015 6503
1987 1016 6502
1986 1017 6501
1985 1018 6500
1984 1019 6499
1983 1020 6498
1982 1021 6497
1981 1022 6496
1980 1023 6495
1979 1024 6494
1978 1025 6493
1977 1026 6492
1976 1027 6491
1975 1028 6490
1974 1029 6489
1973 1030 6488
1972 1031 6487
1971 1032 6486
1970 1033 6485
1969 1034 6484
1968 1035 6483
1967 1036 6482
1966 1037 6481
1965 1038 6480
1964 1039 6479
1963 1040 6478
1962 1041 6477
1961 1042 6476
1960 1043 6475
1959 1044 6474
1958 1045 6473
1957 1046 6472
1956 1047 6471
1955 1048 6470
1954 1049 6469
1953 1050 6468
1952 1051 6467
1951 1052 6466
1950 1053 6465
1949 1054 6464
1948 1055 6463
1947 1056 6462
1946 1057 6461
1945 1058 6460
1944 1059 6459
1943 1060 6458
1942 1061 6457
1941 1062 6456
1940 1063 6455
1939 1064 6454
1938 1065 6453
1937 1066 6452
1936 1067 6451
1935 1068 6450
1934 1069 6449
1933 1070 6448
1932 1071 6447
1931 1072 6446
1930 1073 6445
1929 1074 6444
1928 1075 6443
1927 1076 6442
1926 1077 6441
1925 1078 6440
1924 1079 6439
1923 1080 6438
1922 1081 6437
1921 1082 6436
1920 1083 6435
1919 1084 6434
1918 1085 6433
1917 1086 6432
1916 1087 6431
1915 1088 6430
1914 1089 6429
1913 1090 6428
1912 1091 6427
1911 1092 6426
1910 1093 6425
1909 1094 6424
1908 1095 6423
1907 1096 6422
1906 1097 6421
1905 1098 6420
1904 1099 6419
1903 1100 6418
1902 1101 6417
1901 1102 6416
1900 1103 6415
1899 1104 6414
1898 1105 6413
1897 1106 6412
1896 1107 6411
1895 1108 6410
1894 1109 6409
1893 1110 6408
1892 1111 6407
1891 1112 6406
1890 1113 6405
1889 1114 6404
1888 1115 6403
1887 1116 6402
1886 1117 6401
1885 1118 6400
1884 1119 6399
1883 1120 6398
1882 1121 6397
1881 1122 6396
1880 1123 6395
1879 1124 6394
1878 1125 6393
1877 1126 6392
1876 1127 6391
1875 1128 6390
1874 1129 6389
1873 1130 6388
1872 1131 6387
1871 1132 6386
1870 1133 6385
1869 1134 6384
1868 1135 6383
1867 1136 6382
1866 1137 6381
1865 1138 6380
1864 1139 6379
1863 1140 6378
1862 1141 6377
1861 1142 6376
1860 1143 6375
1859 1144 6374
1858 1145 6373
1857 1146 6372
1856 1147 6371
1855 1148 6370
1854 1149 6369
1853 1150 6368
1852 1151 6367
1851 1152 6366
1850 1153 6365
1849 1154 6364
1848 1155 6363
1847 1156 6362
1846 1157 6361
1845 1158 6360
1844 1159 6359
1843 1160 6358
1842 1161 6357
1841 1162 6356
1840 1163 6355
1839 1164 6354
1838 1165 6353
1837 1166 6352
1836 1167 6351
1835 1168 6350
1834 1169 6349
1833 1170 6348
1832 1171 6347
1831 1172 6346
1830 1173 6345
1829 1174 6344
1828 1175 6343
1827 1176 6342
1826 1177 6341
1825 1178 6340
1824 1179 6339
1823 1180 6338
1822 1181 6337
1821 1182 6336
1820 1183 6335
1819 1184 6334
1818 1185 6333
1817 1186 6332
1816 1187 6331
1815 1188 6330
1814 1189 6329
1813 1190 6328
1812 1191 6327
1811 1192 6326
1810 1193 6325
1809 1194 6324
1808 1195 6323
1807 1196 6322
1806 1197 6321
1805 1198 6320
1804 1199 6319
1803 1200 6318
1802 1201 6317
1801 1202 6316
1800 1203 6315
1799 1204 6314
1798 1205 6313
1797 1206 6312
1796 1207 6311
1795 1208 6310
1794 1209 6309
1793 1210 6308
1792 1211 6307
1791 1212 6306
1790 1213 6305
1789 1214 6304
1788 1215 6303
1787 1216 6302
1786 1217 6301
1785 1218 6300
1784 1219 6299
1783 1220 6298
1782 1221 6297
1781 1222 6296
1780 1223 6295
1779 1224 6294
1778 1225 6293
1777 1226 6292
1776 1227 6291
1775 1228 6290
1774 1229 6289
1773 1230 6288
1772 1231 6287
1771 1232 6286
1770 1233 6285
1769 1234 6284
1768 1235 6283
1767 1236 6282
1766 1237 6281
1765 1238 6280
1764 1239 6279
1763 1240 6278
1762 1241 6277
1761 1242 6276
1760 1243 6275
1759 1244 6274
1758 1245 6273
1757 1246 6272
1756 1247 6271
1755 1248 6270
1754 1249 6269
1753 1250 6268
1752 1251 6267
1751 1252 6266
1750 1253 6265
1749 1254 6264
1748 1255 6263
1747 1256 6262
1746 1257 6261
1745 1258 6260
1744 1259 6259
1743 1260 6258
1742 1261 6257
1741 1262 6256
1740 1263 6255
1739 1264 6254
1738 1265 6253
1737 1266 6252
1736 1267 6251
1735 1268 6250
1734 1269 6249
1733 1270 6248
1732 1271 6247
1731 1272 6246
1730 1273 6245
1729 1274 6244
1728 1275 6243
1727 1276 6242
1726 1277 6241
1725 1278 6240
1724 1279 6239
1723 1280 6238
1722 1281 6237
1721 1282 6236
1720 1283 6235
1719 1284 6234
1718 1285 6233
1717 1286 6232
1716 1287 6231
1715 1288 6230
1714 1289 6229
1713 1290 6228
1712 1291 6227
1711 1292 6226
1710 1293 6225
1709 1294 6224
1708 1295 6223
1707 1296 6222
1706 1297 6221
1705 1298 6220
1704 1299 6219
1703 1300 6218
1702 1301 6217
1701 1302 6216
1700 1303 6215
1699 1304 6214
1698 1305 6213
1697 1306 6212
1696 1307 6211
1695 1308 6210
1694 1309 6209
1693 1310 6208
1692 1311 6207
1691 1312 6206
1690 1313 6205
1689 1314 6204
1688 1315 6203
1687 1316 6202
1686 1317 6201
1685 1318 6200
1684 1319 6199
1683 1320 6198
1682 1321 6197
1681 1322 6196
1680 1323 6195
1679 1324 6194
1678 1325 6193
1677 1326 6192
1676 1327 6191
1675 1328 6190
1674 1329 6189
1673 1330 6188
1672 1331 6187
1671 1332 6186
1670 1333 6185
1669 1334 6184
1668 1335 6183
1667 1336 6182
1666 1337 6181
1665 1338 6180
1664 1339 6179
1663 1340 6178
1662 1341 6177
1661 1342 6176
1660 1343 6175
1659 1344 6174
1658 1345 6173
1657 1346 6172
1656 1347 6171
1655 1348 6170
1654 1349 6169
1653 1350 6168
1652 1351 6167
1651 1352 6166
1650 1353 6165
1649 1354 6164
1648 1355 6163
1647 1356 6162
1646 1357 6161
1645 1358 6160
1644 1359 6159
1643 1360 6158
1642 1361 6157
1641 1362 6156
1640 1363 6155
1639 1364 6154
1638 1365 6153
1637 1366 6152
1636 1367 6151
1635 1368 6150
1634 1369 6149
1633 1370 6148
1632 1371 6147
1631 1372 6146
1630 1373 6145
1629 1374 6144
1628 1375 6143
1627 1376 6142
1626 1377 6141
1625 1378 6140
1624 1379 6139
1623 1380 6138
1622 1381 6137
1621 1382 6136
1620 1383 6135
1619 1384 6134
1618 1385 6133
1617 1386 6132
1616 1387 6131
1615 1388 6130
1614 1389 6129
1613 1390 6128
1612 1391 6127
1611 1392 6126
1610 1393 6125
1609 1394 6124
1608 1395 6123
1607 1396 6122
1606 1397 6121
1605 1398 6120
1604 1399 6119
1603 1400 6118
1602 1401 6117
1601 1402 6116
1600 1403 6115
1599 1404 6114
1598 1405 6113
1597 1406 6112
1596 1407 6111
1595 1408 6110
1594 1409 6109
1593 1410 6108
1592 1411 6107
1591 1412 6106
1590 1413 6105
1589 1414 6104
1588 1415 6103
1587 1416 6102
1586 1417 6101
1585 1418 6100
1584 1419 6099
1583 1420 6098
1582 1421 6097
1581 1422 6096
1580 1423 6095
1579 1424 6094
1578 1425 6093
1577 1426 6092
1576 1427 6091
1575 1428 6090
1574 1429 6089
1573 1430 6088
1572 1431 6087
1571 1432 6086
1570 1433 6085
1569 1434 6084
1568 1435 6083
1567 1436 6082
1566 1437 6081
1565 1438 6080
1564 1439 6079
1563 1440 6078
1562 1441 6077
1561 1442 6076
1560 1443 6075
1559 1444 6074
1558 1445 6073
1557 1446 6072
1556 1447 6071
1555 1448 6070
1554 1449 6069
1553 1450 6068
1552 1451 6067
1551 1452 6066
1550 1453 6065
1549 1454 6064
1548 1455 6063
1547 1456 6062
1546 1457 6061
1545 1458 6060
1544 1459 6059
1543 1460 6058
1542 1461 6057
1541 1462 6056
1540 1463 6055
1539 1464 6054
1538 1465 6053
1537 1466 6052
1536 1467 6051
1535 1468 6050
1534 1469 6049
1533 1470 6048
1532 1471 6047
1531 1472 6046
1530 1473 6045
1529 1474 6044
1528 1475 6043
1527 1476 6042
1526 1477 6041
1525 1478 6040
1524 1479 6039
1523 1480 6038
1522 1481 6037
1521 1482 6036
1520 1483 6035
1519 1484 6034
1518 1485 6033
1517 1486 6032
1516 1487 6031
1515 1488 6030
1514 1489 6029
1513 1490 6028
1512 1491 6027
1511 1492 6026
1510 1493 6025
1509 1494 6024
1508 1495 6023
1507 1496 6022
1506 1497 6021
1505 1498 6020
1504 1499 6019
1503 1500 6018
1502 1501 6017
1501 1502 6016
1500 1503 6015
1499 1504 6014
1498 1505 6013
1497 1506 6012
1496 1507 6011
1495 1508 6010
1494 1509 6009
1493 1510 6008
1492 1511 6007
1491 1512 6006
1490 1513 6005
1489 1514 6004
1488 1515 6003
1487 1516 6002
1486 1517 6001
