738
3000 3 6738
2999 4 6737
2998 5 6736
2997 6 6735
2996 7 6734
2995 8 6733
2994 9 6732
2993 10 6731
2992 11 6730
2991 12 6729
2990 13 6728
2989 14 6727
2988 15 6726
2987 16 6725
2986 17 6724
2985 18 6723
2984 19 6722
2983 20 6721
2982 21 6720
2981 22 6719
2980 23 6718
2979 24 6717
2978 25 6716
2977 26 6715
2976 27 6714
2975 28 6713
2974 29 6712
2973 30 6711
2972 31 6710
2971 32 6709
2970 33 6708
2969 34 6707
2968 35 6706
2967 36 6705
2966 37 6704
2965 38 6703
2964 39 6702
2963 40 6701
2962 41 6700
2961 42 6699
2960 43 6698
2959 44 6697
2958 45 6696
2957 46 6695
2956 47 6694
2955 48 6693
2954 49 6692
2953 50 6691
2952 51 6690
2951 52 6689
2950 53 6688
2949 54 6687
2948 55 6686
2947 56 6685
2946 57 6684
2945 58 6683
2944 59 6682
2943 60 6681
2942 61 6680
2941 62 6679
2940 63 6678
2939 64 6677
2938 65 6676
2937 66 6675
2936 67 6674
2935 68 6673
2934 69 6672
2933 70 6671
2932 71 6670
2931 72 6669
2930 73 6668
2929 74 6667
2928 75 6666
2927 76 6665
2926 77 6664
2925 78 6663
2924 79 6662
2923 80 6661
2922 81 6660
2921 82 6659
2920 83 6658
2919 84 6657
2918 85 6656
2917 86 6655
2916 87 6654
2915 88 6653
2914 89 6652
2913 90 6651
2912 91 6650
2911 92 6649
2910 93 6648
2909 94 6647
2908 95 6646
2907 96 6645
2906 97 6644
2905 98 6643
2904 99 6642
2903 100 6641
2902 101 6640
2901 102 6639
2900 103 6638
2899 104 6637
2898 105 6636
2897 106 6635
2896 107 6634
2895 108 6633
2894 109 6632
2893 110 6631
2892 111 6630
2891 112 6629
2890 113 6628
2889 114 6627
2888 115 6626
2887 116 6625
2886 117 6624
2885 118 6623
2884 119 6622
2883 120 6621
2882 121 6620
2881 122 6619
2880 123 6618
2879 124 6617
2878 125 6616
2877 126 6615
2876 127 6614
2875 128 6613
2874 129 6612
2873 130 6611
2872 131 6610
2871 132 6609
2870 133 6608
2869 134 6607
2868 135 6606
2867 136 6605
2866 137 6604
2865 138 6603
2864 139 6602
2863 140 6601
2862 141 6600
2861 142 6599
2860 143 6598
2859 144 6597
2858 145 6596
2857 146 6595
2856 147 6594
2855 148 6593
2854 149 6592
2853 150 6591
2852 151 6590
2851 152 6589
2850 153 6588
2849 154 6587
2848 155 6586
2847 156 6585
2846 157 6584
2845 158 6583
2844 159 6582
2843 160 6581
2842 161 6580
2841 162 6579
2840 163 6578
2839 164 6577
2838 165 6576
2837 166 6575
2836 167 6574
2835 168 6573
2834 169 6572
2833 170 6571
2832 171 6570
2831 172 6569
2830 173 6568
2829 174 6567
2828 175 6566
2827 176 6565
2826 177 6564
2825 178 6563
2824 179 6562
2823 180 6561
2822 181 6560
2821 182 6559
2820 183 6558
2819 184 6557
2818 185 6556
2817 186 6555
2816 187 6554
2815 188 6553
2814 189 6552
2813 190 6551
2812 191 6550
2811 192 6549
2810 193 6548
2809 194 6547
2808 195 6546
2807 196 6545
2806 197 6544
2805 198 6543
2804 199 6542
2803 200 6541
2802 201 6540
2801 202 6539
2800 203 6538
2799 204 6537
2798 205 6536
2797 206 6535
2796 207 6534
2795 208 6533
2794 209 6532
2793 210 6531
2792 211 6530
2791 212 6529
2790 213 6528
2789 214 6527
2788 215 6526
2787 216 6525
2786 217 6524
2785 218 6523
2784 219 6522
2783 220 6521
2782 221 6520
2781 222 6519
2780 223 6518
2779 224 6517
2778 225 6516
2777 226 6515
2776 227 6514
2775 228 6513
2774 229 6512
2773 230 6511
2772 231 6510
2771 232 6509
2770 233 6508
2769 234 6507
2768 235 6506
2767 236 6505
2766 237 6504
2765 238 6503
2764 239 6502
2763 240 6501
2762 241 6500
2761 242 6499
2760 243 6498
2759 244 6497
2758 245 6496
2757 246 6495
2756 247 6494
2755 248 6493
2754 249 6492
2753 250 6491
2752 251 6490
2751 252 6489
2750 253 6488
2749 254 6487
2748 255 6486
2747 256 6485
2746 257 6484
2745 258 6483
2744 259 6482
2743 260 6481
2742 261 6480
2741 262 6479
2740 263 6478
2739 264 6477
2738 265 6476
2737 266 6475
2736 267 6474
2735 268 6473
2734 269 6472
2733 270 6471
2732 271 6470
2731 272 6469
2730 273 6468
2729 274 6467
2728 275 6466
2727 276 6465
2726 277 6464
2725 278 6463
2724 279 6462
2723 280 6461
2722 281 6460
2721 282 6459
2720 283 6458
2719 284 6457
2718 285 6456
2717 286 6455
2716 287 6454
2715 288 6453
2714 289 6452
2713 290 6451
2712 291 6450
2711 292 6449
2710 293 6448
2709 294 6447
2708 295 6446
2707 296 6445
2706 297 6444
2705 298 6443
2704 299 6442
2703 300 6441
2702 301 6440
2701 302 6439
2700 303 6438
2699 304 6437
2698 305 6436
2697 306 6435
2696 307 6434
2695 308 6433
2694 309 6432
2693 310 6431
2692 311 6430
2691 312 6429
2690 313 6428
2689 314 6427
2688 315 6426
2687 316 6425
2686 317 6424
2685 318 6423
2684 319 6422
2683 320 6421
2682 321 6420
2681 322 6419
2680 323 6418
2679 324 6417
2678 325 6416
2677 326 6415
2676 327 6414
2675 328 6413
2674 329 6412
2673 330 6411
2672 331 6410
2671 332 6409
2670 333 6408
2669 334 6407
2668 335 6406
2667 336 6405
2666 337 6404
2665 338 6403
2664 339 6402
2663 340 6401
2662 341 6400
2661 342 6399
2660 343 6398
2659 344 6397
2658 345 6396
2657 346 6395
2656 347 6394
2655 348 6393
2654 349 6392
2653 350 6391
2652 351 6390
2651 352 6389
2650 353 6388
2649 354 6387
2648 355 6386
2647 356 6385
2646 357 6384
2645 358 6383
2644 359 6382
2643 360 6381
2642 361 6380
2641 362 6379
2640 363 6378
2639 364 6377
2638 365 6376
2637 366 6375
2636 367 6374
2635 368 6373
2634 369 6372
2633 370 6371
2632 371 6370
2631 372 6369
2630 373 6368
2629 374 6367
2628 375 6366
2627 376 6365
2626 377 6364
2625 378 6363
2624 379 6362
2623 380 6361
2622 381 6360
2621 382 6359
2620 383 6358
2619 384 6357
2618 385 6356
2617 386 6355
2616 387 6354
2615 388 6353
2614 389 6352
2613 390 6351
2612 391 6350
2611 392 6349
2610 393 6348
2609 394 6347
2608 395 6346
2607 396 6345
2606 397 6344
2605 398 6343
2604 399 6342
2603 400 6341
2602 401 6340
2601 402 6339
2600 403 6338
2599 404 6337
2598 405 6336
2597 406 6335
2596 407 6334
2595 408 6333
2594 409 6332
2593 410 6331
2592 411 6330
2591 412 6329
2590 413 6328
2589 414 6327
2588 415 6326
2587 416 6325
2586 417 6324
2585 418 6323
2584 419 6322
2583 420 6321
2582 421 6320
2581 422 6319
2580 423 6318
2579 424 6317
2578 425 6316
2577 426 6315
2576 427 6314
2575 428 6313
2574 429 6312
2573 430 6311
2572 431 6310
2571 432 6309
2570 433 6308
2569 434 6307
2568 435 6306
2567 436 6305
2566 437 6304
2565 438 6303
2564 439 6302
2563 440 6301
2562 441 6300
2561 442 6299
2560 443 6298
2559 444 6297
2558 445 6296
2557 446 6295
2556 447 6294
2555 448 6293
2554 449 6292
2553 450 6291
2552 451 6290
2551 452 6289
2550 453 6288
2549 454 6287
2548 455 6286
2547 456 6285
2546 457 6284
2545 458 6283
2544 459 6282
2543 460 6281
2542 461 6280
2541 462 6279
2540 463 6278
2539 464 6277
2538 465 6276
2537 466 6275
2536 467 6274
2535 468 6273
2534 469 6272
2533 470 6271
2532 471 6270
2531 472 6269
2530 473 6268
2529 474 6267
2528 475 6266
2527 476 6265
2526 477 6264
2525 478 6263
2524 479 6262
2523 480 6261
2522 481 6260
2521 482 6259
2520 483 6258
2519 484 6257
2518 485 6256
2517 486 6255
2516 487 6254
2515 488 6253
2514 489 6252
2513 490 6251
2512 491 6250
2511 492 6249
2510 493 6248
2509 494 6247
2508 495 6246
2507 496 6245
2506 497 6244
2505 498 6243
2504 499 6242
2503 500 6241
2502 501 6240
2501 502 6239
2500 503 6238
2499 504 6237
2498 505 6236
2497 506 6235
2496 507 6234
2495 508 6233
2494 509 6232
2493 510 6231
2492 511 6230
2491 512 6229
2490 513 6228
2489 514 6227
2488 515 6226
2487 516 6225
2486 517 6224
2485 518 6223
2484 519 6222
2483 520 6221
2482 521 6220
2481 522 6219
2480 523 6218
2479 524 6217
2478 525 6216
2477 526 6215
2476 527 6214
2475 528 6213
2474 529 6212
2473 530 6211
2472 531 6210
2471 532 6209
2470 533 6208
2469 534 6207
2468 535 6206
2467 536 6205
2466 537 6204
2465 538 6203
2464 539 6202
2463 540 6201
2462 541 6200
2461 542 6199
2460 543 6198
2459 544 6197
2458 545 6196
2457 546 6195
2456 547 6194
2455 548 6193
2454 549 6192
2453 550 6191
2452 551 6190
2451 552 6189
2450 553 6188
2449 554 6187
2448 555 6186
2447 556 6185
2446 557 6184
2445 558 6183
2444 559 6182
2443 560 6181
2442 561 6180
2441 562 6179
2440 563 6178
2439 564 6177
2438 565 6176
2437 566 6175
2436 567 6174
2435 568 6173
2434 569 6172
2433 570 6171
2432 571 6170
2431 572 6169
2430 573 6168
2429 574 6167
2428 575 6166
2427 576 6165
2426 577 6164
2425 578 6163
2424 579 6162
2423 580 6161
2422 581 6160
2421 582 6159
2420 583 6158
2419 584 6157
2418 585 6156
2417 586 6155
2416 587 6154
2415 588 6153
2414 589 6152
2413 590 6151
2412 591 6150
2411 592 6149
2410 593 6148
2409 594 6147
2408 595 6146
2407 596 6145
2406 597 6144
2405 598 6143
2404 599 6142
2403 600 6141
2402 601 6140
2401 602 6139
2400 603 6138
2399 604 6137
2398 605 6136
2397 606 6135
2396 607 6134
2395 608 6133
2394 609 6132
2393 610 6131
2392 611 6130
2391 612 6129
2390 613 6128
2389 614 6127
2388 615 6126
2387 616 6125
2386 617 6124
2385 618 6123
2384 619 6122
2383 620 6121
2382 621 6120
2381 622 6119
2380 623 6118
2379 624 6117
2378 625 6116
2377 626 6115
2376 627 6114
2375 628 6113
2374 629 6112
2373 630 6111
2372 631 6110
2371 632 6109
2370 633 6108
2369 634 6107
2368 635 6106
2367 636 6105
2366 637 6104
2365 638 6103
2364 639 6102
2363 640 6101
2362 641 6100
2361 642 6099
2360 643 6098
2359 644 6097
2358 645 6096
2357 646 6095
2356 647 6094
2355 648 6093
2354 649 6092
2353 650 6091
2352 651 6090
2351 652 6089
2350 653 6088
2349 654 6087
2348 655 6086
2347 656 6085
2346 657 6084
2345 658 6083
2344 659 6082
2343 660 6081
2342 661 6080
2341 662 6079
2340 663 6078
2339 664 6077
2338 665 6076
2337 666 6075
2336 667 6074
2335 668 6073
2334 669 6072
2333 670 6071
2332 671 6070
2331 672 6069
2330 673 6068
2329 674 6067
2328 675 6066
2327 676 6065
2326 677 6064
2325 678 6063
2324 679 6062
2323 680 6061
2322 681 6060
2321 682 6059
2320 683 6058
2319 684 6057
2318 685 6056
2317 686 6055
2316 687 6054
2315 688 6053
2314 689 6052
2313 690 6051
2312 691 6050
2311 692 6049
2310 693 6048
2309 694 6047
2308 695 6046
2307 696 6045
2306 697 6044
2305 698 6043
2304 699 6042
2303 700 6041
2302 701 6040
2301 702 6039
2300 703 6038
2299 704 6037
2298 705 6036
2297 706 6035
2296 707 6034
2295 708 6033
2294 709 6032
2293 710 6031
2292 711 6030
2291 712 6029
2290 713 6028
2289 714 6027
2288 715 6026
2287 716 6025
2286 717 6024
2285 718 6023
2284 719 6022
2283 720 6021
2282 721 6020
2281 722 6019
2280 723 6018
2279 724 6017
2278 725 6016
2277 726 6015
2276 727 6014
2275 728 6013
2274 729 6012
2273 730 6011
2272 731 6010
2271 732 6009
2270 733 6008
2269 734 6007
2268 735 6006
2267 736 6005
2266 737 6004
2265 738 6003
2264 739 6002
2263 740 6001
