2598
3000 3 8598
2999 4 8597
2998 5 8596
2997 6 8595
2996 7 8594
2995 8 8593
2994 9 8592
2993 10 8591
2992 11 8590
2991 12 8589
2990 13 8588
2989 14 8587
2988 15 8586
2987 16 8585
2986 17 8584
2985 18 8583
2984 19 8582
2983 20 8581
2982 21 8580
2981 22 8579
2980 23 8578
2979 24 8577
2978 25 8576
2977 26 8575
2976 27 8574
2975 28 8573
2974 29 8572
2973 30 8571
2972 31 8570
2971 32 8569
2970 33 8568
2969 34 8567
2968 35 8566
2967 36 8565
2966 37 8564
2965 38 8563
2964 39 8562
2963 40 8561
2962 41 8560
2961 42 8559
2960 43 8558
2959 44 8557
2958 45 8556
2957 46 8555
2956 47 8554
2955 48 8553
2954 49 8552
2953 50 8551
2952 51 8550
2951 52 8549
2950 53 8548
2949 54 8547
2948 55 8546
2947 56 8545
2946 57 8544
2945 58 8543
2944 59 8542
2943 60 8541
2942 61 8540
2941 62 8539
2940 63 8538
2939 64 8537
2938 65 8536
2937 66 8535
2936 67 8534
2935 68 8533
2934 69 8532
2933 70 8531
2932 71 8530
2931 72 8529
2930 73 8528
2929 74 8527
2928 75 8526
2927 76 8525
2926 77 8524
2925 78 8523
2924 79 8522
2923 80 8521
2922 81 8520
2921 82 8519
2920 83 8518
2919 84 8517
2918 85 8516
2917 86 8515
2916 87 8514
2915 88 8513
2914 89 8512
2913 90 8511
2912 91 8510
2911 92 8509
2910 93 8508
2909 94 8507
2908 95 8506
2907 96 8505
2906 97 8504
2905 98 8503
2904 99 8502
2903 100 8501
2902 101 8500
2901 102 8499
2900 103 8498
2899 104 8497
2898 105 8496
2897 106 8495
2896 107 8494
2895 108 8493
2894 109 8492
2893 110 8491
2892 111 8490
2891 112 8489
2890 113 8488
2889 114 8487
2888 115 8486
2887 116 8485
2886 117 8484
2885 118 8483
2884 119 8482
2883 120 8481
2882 121 8480
2881 122 8479
2880 123 8478
2879 124 8477
2878 125 8476
2877 126 8475
2876 127 8474
2875 128 8473
2874 129 8472
2873 130 8471
2872 131 8470
2871 132 8469
2870 133 8468
2869 134 8467
2868 135 8466
2867 136 8465
2866 137 8464
2865 138 8463
2864 139 8462
2863 140 8461
2862 141 8460
2861 142 8459
2860 143 8458
2859 144 8457
2858 145 8456
2857 146 8455
2856 147 8454
2855 148 8453
2854 149 8452
2853 150 8451
2852 151 8450
2851 152 8449
2850 153 8448
2849 154 8447
2848 155 8446
2847 156 8445
2846 157 8444
2845 158 8443
2844 159 8442
2843 160 8441
2842 161 8440
2841 162 8439
2840 163 8438
2839 164 8437
2838 165 8436
2837 166 8435
2836 167 8434
2835 168 8433
2834 169 8432
2833 170 8431
2832 171 8430
2831 172 8429
2830 173 8428
2829 174 8427
2828 175 8426
2827 176 8425
2826 177 8424
2825 178 8423
2824 179 8422
2823 180 8421
2822 181 8420
2821 182 8419
2820 183 8418
2819 184 8417
2818 185 8416
2817 186 8415
2816 187 8414
2815 188 8413
2814 189 8412
2813 190 8411
2812 191 8410
2811 192 8409
2810 193 8408
2809 194 8407
2808 195 8406
2807 196 8405
2806 197 8404
2805 198 8403
2804 199 8402
2803 200 8401
2802 201 8400
2801 202 8399
2800 203 8398
2799 204 8397
2798 205 8396
2797 206 8395
2796 207 8394
2795 208 8393
2794 209 8392
2793 210 8391
2792 211 8390
2791 212 8389
2790 213 8388
2789 214 8387
2788 215 8386
2787 216 8385
2786 217 8384
2785 218 8383
2784 219 8382
2783 220 8381
2782 221 8380
2781 222 8379
2780 223 8378
2779 224 8377
2778 225 8376
2777 226 8375
2776 227 8374
2775 228 8373
2774 229 8372
2773 230 8371
2772 231 8370
2771 232 8369
2770 233 8368
2769 234 8367
2768 235 8366
2767 236 8365
2766 237 8364
2765 238 8363
2764 239 8362
2763 240 8361
2762 241 8360
2761 242 8359
2760 243 8358
2759 244 8357
2758 245 8356
2757 246 8355
2756 247 8354
2755 248 8353
2754 249 8352
2753 250 8351
2752 251 8350
2751 252 8349
2750 253 8348
2749 254 8347
2748 255 8346
2747 256 8345
2746 257 8344
2745 258 8343
2744 259 8342
2743 260 8341
2742 261 8340
2741 262 8339
2740 263 8338
2739 264 8337
2738 265 8336
2737 266 8335
2736 267 8334
2735 268 8333
2734 269 8332
2733 270 8331
2732 271 8330
2731 272 8329
2730 273 8328
2729 274 8327
2728 275 8326
2727 276 8325
2726 277 8324
2725 278 8323
2724 279 8322
2723 280 8321
2722 281 8320
2721 282 8319
2720 283 8318
2719 284 8317
2718 285 8316
2717 286 8315
2716 287 8314
2715 288 8313
2714 289 8312
2713 290 8311
2712 291 8310
2711 292 8309
2710 293 8308
2709 294 8307
2708 295 8306
2707 296 8305
2706 297 8304
2705 298 8303
2704 299 8302
2703 300 8301
2702 301 8300
2701 302 8299
2700 303 8298
2699 304 8297
2698 305 8296
2697 306 8295
2696 307 8294
2695 308 8293
2694 309 8292
2693 310 8291
2692 311 8290
2691 312 8289
2690 313 8288
2689 314 8287
2688 315 8286
2687 316 8285
2686 317 8284
2685 318 8283
2684 319 8282
2683 320 8281
2682 321 8280
2681 322 8279
2680 323 8278
2679 324 8277
2678 325 8276
2677 326 8275
2676 327 8274
2675 328 8273
2674 329 8272
2673 330 8271
2672 331 8270
2671 332 8269
2670 333 8268
2669 334 8267
2668 335 8266
2667 336 8265
2666 337 8264
2665 338 8263
2664 339 8262
2663 340 8261
2662 341 8260
2661 342 8259
2660 343 8258
2659 344 8257
2658 345 8256
2657 346 8255
2656 347 8254
2655 348 8253
2654 349 8252
2653 350 8251
2652 351 8250
2651 352 8249
2650 353 8248
2649 354 8247
2648 355 8246
2647 356 8245
2646 357 8244
2645 358 8243
2644 359 8242
2643 360 8241
2642 361 8240
2641 362 8239
2640 363 8238
2639 364 8237
2638 365 8236
2637 366 8235
2636 367 8234
2635 368 8233
2634 369 8232
2633 370 8231
2632 371 8230
2631 372 8229
2630 373 8228
2629 374 8227
2628 375 8226
2627 376 8225
2626 377 8224
2625 378 8223
2624 379 8222
2623 380 8221
2622 381 8220
2621 382 8219
2620 383 8218
2619 384 8217
2618 385 8216
2617 386 8215
2616 387 8214
2615 388 8213
2614 389 8212
2613 390 8211
2612 391 8210
2611 392 8209
2610 393 8208
2609 394 8207
2608 395 8206
2607 396 8205
2606 397 8204
2605 398 8203
2604 399 8202
2603 400 8201
2602 401 8200
2601 402 8199
2600 403 8198
2599 404 8197
2598 405 8196
2597 406 8195
2596 407 8194
2595 408 8193
2594 409 8192
2593 410 8191
2592 411 8190
2591 412 8189
2590 413 8188
2589 414 8187
2588 415 8186
2587 416 8185
2586 417 8184
2585 418 8183
2584 419 8182
2583 420 8181
2582 421 8180
2581 422 8179
2580 423 8178
2579 424 8177
2578 425 8176
2577 426 8175
2576 427 8174
2575 428 8173
2574 429 8172
2573 430 8171
2572 431 8170
2571 432 8169
2570 433 8168
2569 434 8167
2568 435 8166
2567 436 8165
2566 437 8164
2565 438 8163
2564 439 8162
2563 440 8161
2562 441 8160
2561 442 8159
2560 443 8158
2559 444 8157
2558 445 8156
2557 446 8155
2556 447 8154
2555 448 8153
2554 449 8152
2553 450 8151
2552 451 8150
2551 452 8149
2550 453 8148
2549 454 8147
2548 455 8146
2547 456 8145
2546 457 8144
2545 458 8143
2544 459 8142
2543 460 8141
2542 461 8140
2541 462 8139
2540 463 8138
2539 464 8137
2538 465 8136
2537 466 8135
2536 467 8134
2535 468 8133
2534 469 8132
2533 470 8131
2532 471 8130
2531 472 8129
2530 473 8128
2529 474 8127
2528 475 8126
2527 476 8125
2526 477 8124
2525 478 8123
2524 479 8122
2523 480 8121
2522 481 8120
2521 482 8119
2520 483 8118
2519 484 8117
2518 485 8116
2517 486 8115
2516 487 8114
2515 488 8113
2514 489 8112
2513 490 8111
2512 491 8110
2511 492 8109
2510 493 8108
2509 494 8107
2508 495 8106
2507 496 8105
2506 497 8104
2505 498 8103
2504 499 8102
2503 500 8101
2502 501 8100
2501 502 8099
2500 503 8098
2499 504 8097
2498 505 8096
2497 506 8095
2496 507 8094
2495 508 8093
2494 509 8092
2493 510 8091
2492 511 8090
2491 512 8089
2490 513 8088
2489 514 8087
2488 515 8086
2487 516 8085
2486 517 8084
2485 518 8083
2484 519 8082
2483 520 8081
2482 521 8080
2481 522 8079
2480 523 8078
2479 524 8077
2478 525 8076
2477 526 8075
2476 527 8074
2475 528 8073
2474 529 8072
2473 530 8071
2472 531 8070
2471 532 8069
2470 533 8068
2469 534 8067
2468 535 8066
2467 536 8065
2466 537 8064
2465 538 8063
2464 539 8062
2463 540 8061
2462 541 8060
2461 542 8059
2460 543 8058
2459 544 8057
2458 545 8056
2457 546 8055
2456 547 8054
2455 548 8053
2454 549 8052
2453 550 8051
2452 551 8050
2451 552 8049
2450 553 8048
2449 554 8047
2448 555 8046
2447 556 8045
2446 557 8044
2445 558 8043
2444 559 8042
2443 560 8041
2442 561 8040
2441 562 8039
2440 563 8038
2439 564 8037
2438 565 8036
2437 566 8035
2436 567 8034
2435 568 8033
2434 569 8032
2433 570 8031
2432 571 8030
2431 572 8029
2430 573 8028
2429 574 8027
2428 575 8026
2427 576 8025
2426 577 8024
2425 578 8023
2424 579 8022
2423 580 8021
2422 581 8020
2421 582 8019
2420 583 8018
2419 584 8017
2418 585 8016
2417 586 8015
2416 587 8014
2415 588 8013
2414 589 8012
2413 590 8011
2412 591 8010
2411 592 8009
2410 593 8008
2409 594 8007
2408 595 8006
2407 596 8005
2406 597 8004
2405 598 8003
2404 599 8002
2403 600 8001
2402 601 8000
2401 602 7999
2400 603 7998
2399 604 7997
2398 605 7996
2397 606 7995
2396 607 7994
2395 608 7993
2394 609 7992
2393 610 7991
2392 611 7990
2391 612 7989
2390 613 7988
2389 614 7987
2388 615 7986
2387 616 7985
2386 617 7984
2385 618 7983
2384 619 7982
2383 620 7981
2382 621 7980
2381 622 7979
2380 623 7978
2379 624 7977
2378 625 7976
2377 626 7975
2376 627 7974
2375 628 7973
2374 629 7972
2373 630 7971
2372 631 7970
2371 632 7969
2370 633 7968
2369 634 7967
2368 635 7966
2367 636 7965
2366 637 7964
2365 638 7963
2364 639 7962
2363 640 7961
2362 641 7960
2361 642 7959
2360 643 7958
2359 644 7957
2358 645 7956
2357 646 7955
2356 647 7954
2355 648 7953
2354 649 7952
2353 650 7951
2352 651 7950
2351 652 7949
2350 653 7948
2349 654 7947
2348 655 7946
2347 656 7945
2346 657 7944
2345 658 7943
2344 659 7942
2343 660 7941
2342 661 7940
2341 662 7939
2340 663 7938
2339 664 7937
2338 665 7936
2337 666 7935
2336 667 7934
2335 668 7933
2334 669 7932
2333 670 7931
2332 671 7930
2331 672 7929
2330 673 7928
2329 674 7927
2328 675 7926
2327 676 7925
2326 677 7924
2325 678 7923
2324 679 7922
2323 680 7921
2322 681 7920
2321 682 7919
2320 683 7918
2319 684 7917
2318 685 7916
2317 686 7915
2316 687 7914
2315 688 7913
2314 689 7912
2313 690 7911
2312 691 7910
2311 692 7909
2310 693 7908
2309 694 7907
2308 695 7906
2307 696 7905
2306 697 7904
2305 698 7903
2304 699 7902
2303 700 7901
2302 701 7900
2301 702 7899
2300 703 7898
2299 704 7897
2298 705 7896
2297 706 7895
2296 707 7894
2295 708 7893
2294 709 7892
2293 710 7891
2292 711 7890
2291 712 7889
2290 713 7888
2289 714 7887
2288 715 7886
2287 716 7885
2286 717 7884
2285 718 7883
2284 719 7882
2283 720 7881
2282 721 7880
2281 722 7879
2280 723 7878
2279 724 7877
2278 725 7876
2277 726 7875
2276 727 7874
2275 728 7873
2274 729 7872
2273 730 7871
2272 731 7870
2271 732 7869
2270 733 7868
2269 734 7867
2268 735 7866
2267 736 7865
2266 737 7864
2265 738 7863
2264 739 7862
2263 740 7861
2262 741 7860
2261 742 7859
2260 743 7858
2259 744 7857
2258 745 7856
2257 746 7855
2256 747 7854
2255 748 7853
2254 749 7852
2253 750 7851
2252 751 7850
2251 752 7849
2250 753 7848
2249 754 7847
2248 755 7846
2247 756 7845
2246 757 7844
2245 758 7843
2244 759 7842
2243 760 7841
2242 761 7840
2241 762 7839
2240 763 7838
2239 764 7837
2238 765 7836
2237 766 7835
2236 767 7834
2235 768 7833
2234 769 7832
2233 770 7831
2232 771 7830
2231 772 7829
2230 773 7828
2229 774 7827
2228 775 7826
2227 776 7825
2226 777 7824
2225 778 7823
2224 779 7822
2223 780 7821
2222 781 7820
2221 782 7819
2220 783 7818
2219 784 7817
2218 785 7816
2217 786 7815
2216 787 7814
2215 788 7813
2214 789 7812
2213 790 7811
2212 791 7810
2211 792 7809
2210 793 7808
2209 794 7807
2208 795 7806
2207 796 7805
2206 797 7804
2205 798 7803
2204 799 7802
2203 800 7801
2202 801 7800
2201 802 7799
2200 803 7798
2199 804 7797
2198 805 7796
2197 806 7795
2196 807 7794
2195 808 7793
2194 809 7792
2193 810 7791
2192 811 7790
2191 812 7789
2190 813 7788
2189 814 7787
2188 815 7786
2187 816 7785
2186 817 7784
2185 818 7783
2184 819 7782
2183 820 7781
2182 821 7780
2181 822 7779
2180 823 7778
2179 824 7777
2178 825 7776
2177 826 7775
2176 827 7774
2175 828 7773
2174 829 7772
2173 830 7771
2172 831 7770
2171 832 7769
2170 833 7768
2169 834 7767
2168 835 7766
2167 836 7765
2166 837 7764
2165 838 7763
2164 839 7762
2163 840 7761
2162 841 7760
2161 842 7759
2160 843 7758
2159 844 7757
2158 845 7756
2157 846 7755
2156 847 7754
2155 848 7753
2154 849 7752
2153 850 7751
2152 851 7750
2151 852 7749
2150 853 7748
2149 854 7747
2148 855 7746
2147 856 7745
2146 857 7744
2145 858 7743
2144 859 7742
2143 860 7741
2142 861 7740
2141 862 7739
2140 863 7738
2139 864 7737
2138 865 7736
2137 866 7735
2136 867 7734
2135 868 7733
2134 869 7732
2133 870 7731
2132 871 7730
2131 872 7729
2130 873 7728
2129 874 7727
2128 875 7726
2127 876 7725
2126 877 7724
2125 878 7723
2124 879 7722
2123 880 7721
2122 881 7720
2121 882 7719
2120 883 7718
2119 884 7717
2118 885 7716
2117 886 7715
2116 887 7714
2115 888 7713
2114 889 7712
2113 890 7711
2112 891 7710
2111 892 7709
2110 893 7708
2109 894 7707
2108 895 7706
2107 896 7705
2106 897 7704
2105 898 7703
2104 899 7702
2103 900 7701
2102 901 7700
2101 902 7699
2100 903 7698
2099 904 7697
2098 905 7696
2097 906 7695
2096 907 7694
2095 908 7693
2094 909 7692
2093 910 7691
2092 911 7690
2091 912 7689
2090 913 7688
2089 914 7687
2088 915 7686
2087 916 7685
2086 917 7684
2085 918 7683
2084 919 7682
2083 920 7681
2082 921 7680
2081 922 7679
2080 923 7678
2079 924 7677
2078 925 7676
2077 926 7675
2076 927 7674
2075 928 7673
2074 929 7672
2073 930 7671
2072 931 7670
2071 932 7669
2070 933 7668
2069 934 7667
2068 935 7666
2067 936 7665
2066 937 7664
2065 938 7663
2064 939 7662
2063 940 7661
2062 941 7660
2061 942 7659
2060 943 7658
2059 944 7657
2058 945 7656
2057 946 7655
2056 947 7654
2055 948 7653
2054 949 7652
2053 950 7651
2052 951 7650
2051 952 7649
2050 953 7648
2049 954 7647
2048 955 7646
2047 956 7645
2046 957 7644
2045 958 7643
2044 959 7642
2043 960 7641
2042 961 7640
2041 962 7639
2040 963 7638
2039 964 7637
2038 965 7636
2037 966 7635
2036 967 7634
2035 968 7633
2034 969 7632
2033 970 7631
2032 971 7630
2031 972 7629
2030 973 7628
2029 974 7627
2028 975 7626
2027 976 7625
2026 977 7624
2025 978 7623
2024 979 7622
2023 980 7621
2022 981 7620
2021 982 7619
2020 983 7618
2019 984 7617
2018 985 7616
2017 986 7615
2016 987 7614
2015 988 7613
2014 989 7612
2013 990 7611
2012 991 7610
2011 992 7609
2010 993 7608
2009 994 7607
2008 995 7606
2007 996 7605
2006 997 7604
2005 998 7603
2004 999 7602
2003 1000 7601
2002 1001 7600
2001 1002 7599
2000 1003 7598
1999 1004 7597
1998 1005 7596
1997 1006 7595
1996 1007 7594
1995 1008 7593
1994 1009 7592
1993 1010 7591
1992 1011 7590
1991 1012 7589
1990 1013 7588
1989 1014 7587
1988 1015 7586
1987 1016 7585
1986 1017 7584
1985 1018 7583
1984 1019 7582
1983 1020 7581
1982 1021 7580
1981 1022 7579
1980 1023 7578
1979 1024 7577
1978 1025 7576
1977 1026 7575
1976 1027 7574
1975 1028 7573
1974 1029 7572
1973 1030 7571
1972 1031 7570
1971 1032 7569
1970 1033 7568
1969 1034 7567
1968 1035 7566
1967 1036 7565
1966 1037 7564
1965 1038 7563
1964 1039 7562
1963 1040 7561
1962 1041 7560
1961 1042 7559
1960 1043 7558
1959 1044 7557
1958 1045 7556
1957 1046 7555
1956 1047 7554
1955 1048 7553
1954 1049 7552
1953 1050 7551
1952 1051 7550
1951 1052 7549
1950 1053 7548
1949 1054 7547
1948 1055 7546
1947 1056 7545
1946 1057 7544
1945 1058 7543
1944 1059 7542
1943 1060 7541
1942 1061 7540
1941 1062 7539
1940 1063 7538
1939 1064 7537
1938 1065 7536
1937 1066 7535
1936 1067 7534
1935 1068 7533
1934 1069 7532
1933 1070 7531
1932 1071 7530
1931 1072 7529
1930 1073 7528
1929 1074 7527
1928 1075 7526
1927 1076 7525
1926 1077 7524
1925 1078 7523
1924 1079 7522
1923 1080 7521
1922 1081 7520
1921 1082 7519
1920 1083 7518
1919 1084 7517
1918 1085 7516
1917 1086 7515
1916 1087 7514
1915 1088 7513
1914 1089 7512
1913 1090 7511
1912 1091 7510
1911 1092 7509
1910 1093 7508
1909 1094 7507
1908 1095 7506
1907 1096 7505
1906 1097 7504
1905 1098 7503
1904 1099 7502
1903 1100 7501
1902 1101 7500
1901 1102 7499
1900 1103 7498
1899 1104 7497
1898 1105 7496
1897 1106 7495
1896 1107 7494
1895 1108 7493
1894 1109 7492
1893 1110 7491
1892 1111 7490
1891 1112 7489
1890 1113 7488
1889 1114 7487
1888 1115 7486
1887 1116 7485
1886 1117 7484
1885 1118 7483
1884 1119 7482
1883 1120 7481
1882 1121 7480
1881 1122 7479
1880 1123 7478
1879 1124 7477
1878 1125 7476
1877 1126 7475
1876 1127 7474
1875 1128 7473
1874 1129 7472
1873 1130 7471
1872 1131 7470
1871 1132 7469
1870 1133 7468
1869 1134 7467
1868 1135 7466
1867 1136 7465
1866 1137 7464
1865 1138 7463
1864 1139 7462
1863 1140 7461
1862 1141 7460
1861 1142 7459
1860 1143 7458
1859 1144 7457
1858 1145 7456
1857 1146 7455
1856 1147 7454
1855 1148 7453
1854 1149 7452
1853 1150 7451
1852 1151 7450
1851 1152 7449
1850 1153 7448
1849 1154 7447
1848 1155 7446
1847 1156 7445
1846 1157 7444
1845 1158 7443
1844 1159 7442
1843 1160 7441
1842 1161 7440
1841 1162 7439
1840 1163 7438
1839 1164 7437
1838 1165 7436
1837 1166 7435
1836 1167 7434
1835 1168 7433
1834 1169 7432
1833 1170 7431
1832 1171 7430
1831 1172 7429
1830 1173 7428
1829 1174 7427
1828 1175 7426
1827 1176 7425
1826 1177 7424
1825 1178 7423
1824 1179 7422
1823 1180 7421
1822 1181 7420
1821 1182 7419
1820 1183 7418
1819 1184 7417
1818 1185 7416
1817 1186 7415
1816 1187 7414
1815 1188 7413
1814 1189 7412
1813 1190 7411
1812 1191 7410
1811 1192 7409
1810 1193 7408
1809 1194 7407
1808 1195 7406
1807 1196 7405
1806 1197 7404
1805 1198 7403
1804 1199 7402
1803 1200 7401
1802 1201 7400
1801 1202 7399
1800 1203 7398
1799 1204 7397
1798 1205 7396
1797 1206 7395
1796 1207 7394
1795 1208 7393
1794 1209 7392
1793 1210 7391
1792 1211 7390
1791 1212 7389
1790 1213 7388
1789 1214 7387
1788 1215 7386
1787 1216 7385
1786 1217 7384
1785 1218 7383
1784 1219 7382
1783 1220 7381
1782 1221 7380
1781 1222 7379
1780 1223 7378
1779 1224 7377
1778 1225 7376
1777 1226 7375
1776 1227 7374
1775 1228 7373
1774 1229 7372
1773 1230 7371
1772 1231 7370
1771 1232 7369
1770 1233 7368
1769 1234 7367
1768 1235 7366
1767 1236 7365
1766 1237 7364
1765 1238 7363
1764 1239 7362
1763 1240 7361
1762 1241 7360
1761 1242 7359
1760 1243 7358
1759 1244 7357
1758 1245 7356
1757 1246 7355
1756 1247 7354
1755 1248 7353
1754 1249 7352
1753 1250 7351
1752 1251 7350
1751 1252 7349
1750 1253 7348
1749 1254 7347
1748 1255 7346
1747 1256 7345
1746 1257 7344
1745 1258 7343
1744 1259 7342
1743 1260 7341
1742 1261 7340
1741 1262 7339
1740 1263 7338
1739 1264 7337
1738 1265 7336
1737 1266 7335
1736 1267 7334
1735 1268 7333
1734 1269 7332
1733 1270 7331
1732 1271 7330
1731 1272 7329
1730 1273 7328
1729 1274 7327
1728 1275 7326
1727 1276 7325
1726 1277 7324
1725 1278 7323
1724 1279 7322
1723 1280 7321
1722 1281 7320
1721 1282 7319
1720 1283 7318
1719 1284 7317
1718 1285 7316
1717 1286 7315
1716 1287 7314
1715 1288 7313
1714 1289 7312
1713 1290 7311
1712 1291 7310
1711 1292 7309
1710 1293 7308
1709 1294 7307
1708 1295 7306
1707 1296 7305
1706 1297 7304
1705 1298 7303
1704 1299 7302
1703 1300 7301
1702 1301 7300
1701 1302 7299
1700 1303 7298
1699 1304 7297
1698 1305 7296
1697 1306 7295
1696 1307 7294
1695 1308 7293
1694 1309 7292
1693 1310 7291
1692 1311 7290
1691 1312 7289
1690 1313 7288
1689 1314 7287
1688 1315 7286
1687 1316 7285
1686 1317 7284
1685 1318 7283
1684 1319 7282
1683 1320 7281
1682 1321 7280
1681 1322 7279
1680 1323 7278
1679 1324 7277
1678 1325 7276
1677 1326 7275
1676 1327 7274
1675 1328 7273
1674 1329 7272
1673 1330 7271
1672 1331 7270
1671 1332 7269
1670 1333 7268
1669 1334 7267
1668 1335 7266
1667 1336 7265
1666 1337 7264
1665 1338 7263
1664 1339 7262
1663 1340 7261
1662 1341 7260
1661 1342 7259
1660 1343 7258
1659 1344 7257
1658 1345 7256
1657 1346 7255
1656 1347 7254
1655 1348 7253
1654 1349 7252
1653 1350 7251
1652 1351 7250
1651 1352 7249
1650 1353 7248
1649 1354 7247
1648 1355 7246
1647 1356 7245
1646 1357 7244
1645 1358 7243
1644 1359 7242
1643 1360 7241
1642 1361 7240
1641 1362 7239
1640 1363 7238
1639 1364 7237
1638 1365 7236
1637 1366 7235
1636 1367 7234
1635 1368 7233
1634 1369 7232
1633 1370 7231
1632 1371 7230
1631 1372 7229
1630 1373 7228
1629 1374 7227
1628 1375 7226
1627 1376 7225
1626 1377 7224
1625 1378 7223
1624 1379 7222
1623 1380 7221
1622 1381 7220
1621 1382 7219
1620 1383 7218
1619 1384 7217
1618 1385 7216
1617 1386 7215
1616 1387 7214
1615 1388 7213
1614 1389 7212
1613 1390 7211
1612 1391 7210
1611 1392 7209
1610 1393 7208
1609 1394 7207
1608 1395 7206
1607 1396 7205
1606 1397 7204
1605 1398 7203
1604 1399 7202
1603 1400 7201
1602 1401 7200
1601 1402 7199
1600 1403 7198
1599 1404 7197
1598 1405 7196
1597 1406 7195
1596 1407 7194
1595 1408 7193
1594 1409 7192
1593 1410 7191
1592 1411 7190
1591 1412 7189
1590 1413 7188
1589 1414 7187
1588 1415 7186
1587 1416 7185
1586 1417 7184
1585 1418 7183
1584 1419 7182
1583 1420 7181
1582 1421 7180
1581 1422 7179
1580 1423 7178
1579 1424 7177
1578 1425 7176
1577 1426 7175
1576 1427 7174
1575 1428 7173
1574 1429 7172
1573 1430 7171
1572 1431 7170
1571 1432 7169
1570 1433 7168
1569 1434 7167
1568 1435 7166
1567 1436 7165
1566 1437 7164
1565 1438 7163
1564 1439 7162
1563 1440 7161
1562 1441 7160
1561 1442 7159
1560 1443 7158
1559 1444 7157
1558 1445 7156
1557 1446 7155
1556 1447 7154
1555 1448 7153
1554 1449 7152
1553 1450 7151
1552 1451 7150
1551 1452 7149
1550 1453 7148
1549 1454 7147
1548 1455 7146
1547 1456 7145
1546 1457 7144
1545 1458 7143
1544 1459 7142
1543 1460 7141
1542 1461 7140
1541 1462 7139
1540 1463 7138
1539 1464 7137
1538 1465 7136
1537 1466 7135
1536 1467 7134
1535 1468 7133
1534 1469 7132
1533 1470 7131
1532 1471 7130
1531 1472 7129
1530 1473 7128
1529 1474 7127
1528 1475 7126
1527 1476 7125
1526 1477 7124
1525 1478 7123
1524 1479 7122
1523 1480 7121
1522 1481 7120
1521 1482 7119
1520 1483 7118
1519 1484 7117
1518 1485 7116
1517 1486 7115
1516 1487 7114
1515 1488 7113
1514 1489 7112
1513 1490 7111
1512 1491 7110
1511 1492 7109
1510 1493 7108
1509 1494 7107
1508 1495 7106
1507 1496 7105
1506 1497 7104
1505 1498 7103
1504 1499 7102
1503 1500 7101
1502 1501 7100
1501 1502 7099
1500 1503 7098
1499 1504 7097
1498 1505 7096
1497 1506 7095
1496 1507 7094
1495 1508 7093
1494 1509 7092
1493 1510 7091
1492 1511 7090
1491 1512 7089
1490 1513 7088
1489 1514 7087
1488 1515 7086
1487 1516 7085
1486 1517 7084
1485 1518 7083
1484 1519 7082
1483 1520 7081
1482 1521 7080
1481 1522 7079
1480 1523 7078
1479 1524 7077
1478 1525 7076
1477 1526 7075
1476 1527 7074
1475 1528 7073
1474 1529 7072
1473 1530 7071
1472 1531 7070
1471 1532 7069
1470 1533 7068
1469 1534 7067
1468 1535 7066
1467 1536 7065
1466 1537 7064
1465 1538 7063
1464 1539 7062
1463 1540 7061
1462 1541 7060
1461 1542 7059
1460 1543 7058
1459 1544 7057
1458 1545 7056
1457 1546 7055
1456 1547 7054
1455 1548 7053
1454 1549 7052
1453 1550 7051
1452 1551 7050
1451 1552 7049
1450 1553 7048
1449 1554 7047
1448 1555 7046
1447 1556 7045
1446 1557 7044
1445 1558 7043
1444 1559 7042
1443 1560 7041
1442 1561 7040
1441 1562 7039
1440 1563 7038
1439 1564 7037
1438 1565 7036
1437 1566 7035
1436 1567 7034
1435 1568 7033
1434 1569 7032
1433 1570 7031
1432 1571 7030
1431 1572 7029
1430 1573 7028
1429 1574 7027
1428 1575 7026
1427 1576 7025
1426 1577 7024
1425 1578 7023
1424 1579 7022
1423 1580 7021
1422 1581 7020
1421 1582 7019
1420 1583 7018
1419 1584 7017
1418 1585 7016
1417 1586 7015
1416 1587 7014
1415 1588 7013
1414 1589 7012
1413 1590 7011
1412 1591 7010
1411 1592 7009
1410 1593 7008
1409 1594 7007
1408 1595 7006
1407 1596 7005
1406 1597 7004
1405 1598 7003
1404 1599 7002
1403 1600 7001
1402 1601 7000
1401 1602 6999
1400 1603 6998
1399 1604 6997
1398 1605 6996
1397 1606 6995
1396 1607 6994
1395 1608 6993
1394 1609 6992
1393 1610 6991
1392 1611 6990
1391 1612 6989
1390 1613 6988
1389 1614 6987
1388 1615 6986
1387 1616 6985
1386 1617 6984
1385 1618 6983
1384 1619 6982
1383 1620 6981
1382 1621 6980
1381 1622 6979
1380 1623 6978
1379 1624 6977
1378 1625 6976
1377 1626 6975
1376 1627 6974
1375 1628 6973
1374 1629 6972
1373 1630 6971
1372 1631 6970
1371 1632 6969
1370 1633 6968
1369 1634 6967
1368 1635 6966
1367 1636 6965
1366 1637 6964
1365 1638 6963
1364 1639 6962
1363 1640 6961
1362 1641 6960
1361 1642 6959
1360 1643 6958
1359 1644 6957
1358 1645 6956
1357 1646 6955
1356 1647 6954
1355 1648 6953
1354 1649 6952
1353 1650 6951
1352 1651 6950
1351 1652 6949
1350 1653 6948
1349 1654 6947
1348 1655 6946
1347 1656 6945
1346 1657 6944
1345 1658 6943
1344 1659 6942
1343 1660 6941
1342 1661 6940
1341 1662 6939
1340 1663 6938
1339 1664 6937
1338 1665 6936
1337 1666 6935
1336 1667 6934
1335 1668 6933
1334 1669 6932
1333 1670 6931
1332 1671 6930
1331 1672 6929
1330 1673 6928
1329 1674 6927
1328 1675 6926
1327 1676 6925
1326 1677 6924
1325 1678 6923
1324 1679 6922
1323 1680 6921
1322 1681 6920
1321 1682 6919
1320 1683 6918
1319 1684 6917
1318 1685 6916
1317 1686 6915
1316 1687 6914
1315 1688 6913
1314 1689 6912
1313 1690 6911
1312 1691 6910
1311 1692 6909
1310 1693 6908
1309 1694 6907
1308 1695 6906
1307 1696 6905
1306 1697 6904
1305 1698 6903
1304 1699 6902
1303 1700 6901
1302 1701 6900
1301 1702 6899
1300 1703 6898
1299 1704 6897
1298 1705 6896
1297 1706 6895
1296 1707 6894
1295 1708 6893
1294 1709 6892
1293 1710 6891
1292 1711 6890
1291 1712 6889
1290 1713 6888
1289 1714 6887
1288 1715 6886
1287 1716 6885
1286 1717 6884
1285 1718 6883
1284 1719 6882
1283 1720 6881
1282 1721 6880
1281 1722 6879
1280 1723 6878
1279 1724 6877
1278 1725 6876
1277 1726 6875
1276 1727 6874
1275 1728 6873
1274 1729 6872
1273 1730 6871
1272 1731 6870
1271 1732 6869
1270 1733 6868
1269 1734 6867
1268 1735 6866
1267 1736 6865
1266 1737 6864
1265 1738 6863
1264 1739 6862
1263 1740 6861
1262 1741 6860
1261 1742 6859
1260 1743 6858
1259 1744 6857
1258 1745 6856
1257 1746 6855
1256 1747 6854
1255 1748 6853
1254 1749 6852
1253 1750 6851
1252 1751 6850
1251 1752 6849
1250 1753 6848
1249 1754 6847
1248 1755 6846
1247 1756 6845
1246 1757 6844
1245 1758 6843
1244 1759 6842
1243 1760 6841
1242 1761 6840
1241 1762 6839
1240 1763 6838
1239 1764 6837
1238 1765 6836
1237 1766 6835
1236 1767 6834
1235 1768 6833
1234 1769 6832
1233 1770 6831
1232 1771 6830
1231 1772 6829
1230 1773 6828
1229 1774 6827
1228 1775 6826
1227 1776 6825
1226 1777 6824
1225 1778 6823
1224 1779 6822
1223 1780 6821
1222 1781 6820
1221 1782 6819
1220 1783 6818
1219 1784 6817
1218 1785 6816
1217 1786 6815
1216 1787 6814
1215 1788 6813
1214 1789 6812
1213 1790 6811
1212 1791 6810
1211 1792 6809
1210 1793 6808
1209 1794 6807
1208 1795 6806
1207 1796 6805
1206 1797 6804
1205 1798 6803
1204 1799 6802
1203 1800 6801
1202 1801 6800
1201 1802 6799
1200 1803 6798
1199 1804 6797
1198 1805 6796
1197 1806 6795
1196 1807 6794
1195 1808 6793
1194 1809 6792
1193 1810 6791
1192 1811 6790
1191 1812 6789
1190 1813 6788
1189 1814 6787
1188 1815 6786
1187 1816 6785
1186 1817 6784
1185 1818 6783
1184 1819 6782
1183 1820 6781
1182 1821 6780
1181 1822 6779
1180 1823 6778
1179 1824 6777
1178 1825 6776
1177 1826 6775
1176 1827 6774
1175 1828 6773
1174 1829 6772
1173 1830 6771
1172 1831 6770
1171 1832 6769
1170 1833 6768
1169 1834 6767
1168 1835 6766
1167 1836 6765
1166 1837 6764
1165 1838 6763
1164 1839 6762
1163 1840 6761
1162 1841 6760
1161 1842 6759
1160 1843 6758
1159 1844 6757
1158 1845 6756
1157 1846 6755
1156 1847 6754
1155 1848 6753
1154 1849 6752
1153 1850 6751
1152 1851 6750
1151 1852 6749
1150 1853 6748
1149 1854 6747
1148 1855 6746
1147 1856 6745
1146 1857 6744
1145 1858 6743
1144 1859 6742
1143 1860 6741
1142 1861 6740
1141 1862 6739
1140 1863 6738
1139 1864 6737
1138 1865 6736
1137 1866 6735
1136 1867 6734
1135 1868 6733
1134 1869 6732
1133 1870 6731
1132 1871 6730
1131 1872 6729
1130 1873 6728
1129 1874 6727
1128 1875 6726
1127 1876 6725
1126 1877 6724
1125 1878 6723
1124 1879 6722
1123 1880 6721
1122 1881 6720
1121 1882 6719
1120 1883 6718
1119 1884 6717
1118 1885 6716
1117 1886 6715
1116 1887 6714
1115 1888 6713
1114 1889 6712
1113 1890 6711
1112 1891 6710
1111 1892 6709
1110 1893 6708
1109 1894 6707
1108 1895 6706
1107 1896 6705
1106 1897 6704
1105 1898 6703
1104 1899 6702
1103 1900 6701
1102 1901 6700
1101 1902 6699
1100 1903 6698
1099 1904 6697
1098 1905 6696
1097 1906 6695
1096 1907 6694
1095 1908 6693
1094 1909 6692
1093 1910 6691
1092 1911 6690
1091 1912 6689
1090 1913 6688
1089 1914 6687
1088 1915 6686
1087 1916 6685
1086 1917 6684
1085 1918 6683
1084 1919 6682
1083 1920 6681
1082 1921 6680
1081 1922 6679
1080 1923 6678
1079 1924 6677
1078 1925 6676
1077 1926 6675
1076 1927 6674
1075 1928 6673
1074 1929 6672
1073 1930 6671
1072 1931 6670
1071 1932 6669
1070 1933 6668
1069 1934 6667
1068 1935 6666
1067 1936 6665
1066 1937 6664
1065 1938 6663
1064 1939 6662
1063 1940 6661
1062 1941 6660
1061 1942 6659
1060 1943 6658
1059 1944 6657
1058 1945 6656
1057 1946 6655
1056 1947 6654
1055 1948 6653
1054 1949 6652
1053 1950 6651
1052 1951 6650
1051 1952 6649
1050 1953 6648
1049 1954 6647
1048 1955 6646
1047 1956 6645
1046 1957 6644
1045 1958 6643
1044 1959 6642
1043 1960 6641
1042 1961 6640
1041 1962 6639
1040 1963 6638
1039 1964 6637
1038 1965 6636
1037 1966 6635
1036 1967 6634
1035 1968 6633
1034 1969 6632
1033 1970 6631
1032 1971 6630
1031 1972 6629
1030 1973 6628
1029 1974 6627
1028 1975 6626
1027 1976 6625
1026 1977 6624
1025 1978 6623
1024 1979 6622
1023 1980 6621
1022 1981 6620
1021 1982 6619
1020 1983 6618
1019 1984 6617
1018 1985 6616
1017 1986 6615
1016 1987 6614
1015 1988 6613
1014 1989 6612
1013 1990 6611
1012 1991 6610
1011 1992 6609
1010 1993 6608
1009 1994 6607
1008 1995 6606
1007 1996 6605
1006 1997 6604
1005 1998 6603
1004 1999 6602
1003 2000 6601
1002 2001 6600
1001 2002 6599
1000 2003 6598
999 2004 6597
998 2005 6596
997 2006 6595
996 2007 6594
995 2008 6593
994 2009 6592
993 2010 6591
992 2011 6590
991 2012 6589
990 2013 6588
989 2014 6587
988 2015 6586
987 2016 6585
986 2017 6584
985 2018 6583
984 2019 6582
983 2020 6581
982 2021 6580
981 2022 6579
980 2023 6578
979 2024 6577
978 2025 6576
977 2026 6575
976 2027 6574
975 2028 6573
974 2029 6572
973 2030 6571
972 2031 6570
971 2032 6569
970 2033 6568
969 2034 6567
968 2035 6566
967 2036 6565
966 2037 6564
965 2038 6563
964 2039 6562
963 2040 6561
962 2041 6560
961 2042 6559
960 2043 6558
959 2044 6557
958 2045 6556
957 2046 6555
956 2047 6554
955 2048 6553
954 2049 6552
953 2050 6551
952 2051 6550
951 2052 6549
950 2053 6548
949 2054 6547
948 2055 6546
947 2056 6545
946 2057 6544
945 2058 6543
944 2059 6542
943 2060 6541
942 2061 6540
941 2062 6539
940 2063 6538
939 2064 6537
938 2065 6536
937 2066 6535
936 2067 6534
935 2068 6533
934 2069 6532
933 2070 6531
932 2071 6530
931 2072 6529
930 2073 6528
929 2074 6527
928 2075 6526
927 2076 6525
926 2077 6524
925 2078 6523
924 2079 6522
923 2080 6521
922 2081 6520
921 2082 6519
920 2083 6518
919 2084 6517
918 2085 6516
917 2086 6515
916 2087 6514
915 2088 6513
914 2089 6512
913 2090 6511
912 2091 6510
911 2092 6509
910 2093 6508
909 2094 6507
908 2095 6506
907 2096 6505
906 2097 6504
905 2098 6503
904 2099 6502
903 2100 6501
902 2101 6500
901 2102 6499
900 2103 6498
899 2104 6497
898 2105 6496
897 2106 6495
896 2107 6494
895 2108 6493
894 2109 6492
893 2110 6491
892 2111 6490
891 2112 6489
890 2113 6488
889 2114 6487
888 2115 6486
887 2116 6485
886 2117 6484
885 2118 6483
884 2119 6482
883 2120 6481
882 2121 6480
881 2122 6479
880 2123 6478
879 2124 6477
878 2125 6476
877 2126 6475
876 2127 6474
875 2128 6473
874 2129 6472
873 2130 6471
872 2131 6470
871 2132 6469
870 2133 6468
869 2134 6467
868 2135 6466
867 2136 6465
866 2137 6464
865 2138 6463
864 2139 6462
863 2140 6461
862 2141 6460
861 2142 6459
860 2143 6458
859 2144 6457
858 2145 6456
857 2146 6455
856 2147 6454
855 2148 6453
854 2149 6452
853 2150 6451
852 2151 6450
851 2152 6449
850 2153 6448
849 2154 6447
848 2155 6446
847 2156 6445
846 2157 6444
845 2158 6443
844 2159 6442
843 2160 6441
842 2161 6440
841 2162 6439
840 2163 6438
839 2164 6437
838 2165 6436
837 2166 6435
836 2167 6434
835 2168 6433
834 2169 6432
833 2170 6431
832 2171 6430
831 2172 6429
830 2173 6428
829 2174 6427
828 2175 6426
827 2176 6425
826 2177 6424
825 2178 6423
824 2179 6422
823 2180 6421
822 2181 6420
821 2182 6419
820 2183 6418
819 2184 6417
818 2185 6416
817 2186 6415
816 2187 6414
815 2188 6413
814 2189 6412
813 2190 6411
812 2191 6410
811 2192 6409
810 2193 6408
809 2194 6407
808 2195 6406
807 2196 6405
806 2197 6404
805 2198 6403
804 2199 6402
803 2200 6401
802 2201 6400
801 2202 6399
800 2203 6398
799 2204 6397
798 2205 6396
797 2206 6395
796 2207 6394
795 2208 6393
794 2209 6392
793 2210 6391
792 2211 6390
791 2212 6389
790 2213 6388
789 2214 6387
788 2215 6386
787 2216 6385
786 2217 6384
785 2218 6383
784 2219 6382
783 2220 6381
782 2221 6380
781 2222 6379
780 2223 6378
779 2224 6377
778 2225 6376
777 2226 6375
776 2227 6374
775 2228 6373
774 2229 6372
773 2230 6371
772 2231 6370
771 2232 6369
770 2233 6368
769 2234 6367
768 2235 6366
767 2236 6365
766 2237 6364
765 2238 6363
764 2239 6362
763 2240 6361
762 2241 6360
761 2242 6359
760 2243 6358
759 2244 6357
758 2245 6356
757 2246 6355
756 2247 6354
755 2248 6353
754 2249 6352
753 2250 6351
752 2251 6350
751 2252 6349
750 2253 6348
749 2254 6347
748 2255 6346
747 2256 6345
746 2257 6344
745 2258 6343
744 2259 6342
743 2260 6341
742 2261 6340
741 2262 6339
740 2263 6338
739 2264 6337
738 2265 6336
737 2266 6335
736 2267 6334
735 2268 6333
734 2269 6332
733 2270 6331
732 2271 6330
731 2272 6329
730 2273 6328
729 2274 6327
728 2275 6326
727 2276 6325
726 2277 6324
725 2278 6323
724 2279 6322
723 2280 6321
722 2281 6320
721 2282 6319
720 2283 6318
719 2284 6317
718 2285 6316
717 2286 6315
716 2287 6314
715 2288 6313
714 2289 6312
713 2290 6311
712 2291 6310
711 2292 6309
710 2293 6308
709 2294 6307
708 2295 6306
707 2296 6305
706 2297 6304
705 2298 6303
704 2299 6302
703 2300 6301
702 2301 6300
701 2302 6299
700 2303 6298
699 2304 6297
698 2305 6296
697 2306 6295
696 2307 6294
695 2308 6293
694 2309 6292
693 2310 6291
692 2311 6290
691 2312 6289
690 2313 6288
689 2314 6287
688 2315 6286
687 2316 6285
686 2317 6284
685 2318 6283
684 2319 6282
683 2320 6281
682 2321 6280
681 2322 6279
680 2323 6278
679 2324 6277
678 2325 6276
677 2326 6275
676 2327 6274
675 2328 6273
674 2329 6272
673 2330 6271
672 2331 6270
671 2332 6269
670 2333 6268
669 2334 6267
668 2335 6266
667 2336 6265
666 2337 6264
665 2338 6263
664 2339 6262
663 2340 6261
662 2341 6260
661 2342 6259
660 2343 6258
659 2344 6257
658 2345 6256
657 2346 6255
656 2347 6254
655 2348 6253
654 2349 6252
653 2350 6251
652 2351 6250
651 2352 6249
650 2353 6248
649 2354 6247
648 2355 6246
647 2356 6245
646 2357 6244
645 2358 6243
644 2359 6242
643 2360 6241
642 2361 6240
641 2362 6239
640 2363 6238
639 2364 6237
638 2365 6236
637 2366 6235
636 2367 6234
635 2368 6233
634 2369 6232
633 2370 6231
632 2371 6230
631 2372 6229
630 2373 6228
629 2374 6227
628 2375 6226
627 2376 6225
626 2377 6224
625 2378 6223
624 2379 6222
623 2380 6221
622 2381 6220
621 2382 6219
620 2383 6218
619 2384 6217
618 2385 6216
617 2386 6215
616 2387 6214
615 2388 6213
614 2389 6212
613 2390 6211
612 2391 6210
611 2392 6209
610 2393 6208
609 2394 6207
608 2395 6206
607 2396 6205
606 2397 6204
605 2398 6203
604 2399 6202
603 2400 6201
602 2401 6200
601 2402 6199
600 2403 6198
599 2404 6197
598 2405 6196
597 2406 6195
596 2407 6194
595 2408 6193
594 2409 6192
593 2410 6191
592 2411 6190
591 2412 6189
590 2413 6188
589 2414 6187
588 2415 6186
587 2416 6185
586 2417 6184
585 2418 6183
584 2419 6182
583 2420 6181
582 2421 6180
581 2422 6179
580 2423 6178
579 2424 6177
578 2425 6176
577 2426 6175
576 2427 6174
575 2428 6173
574 2429 6172
573 2430 6171
572 2431 6170
571 2432 6169
570 2433 6168
569 2434 6167
568 2435 6166
567 2436 6165
566 2437 6164
565 2438 6163
564 2439 6162
563 2440 6161
562 2441 6160
561 2442 6159
560 2443 6158
559 2444 6157
558 2445 6156
557 2446 6155
556 2447 6154
555 2448 6153
554 2449 6152
553 2450 6151
552 2451 6150
551 2452 6149
550 2453 6148
549 2454 6147
548 2455 6146
547 2456 6145
546 2457 6144
545 2458 6143
544 2459 6142
543 2460 6141
542 2461 6140
541 2462 6139
540 2463 6138
539 2464 6137
538 2465 6136
537 2466 6135
536 2467 6134
535 2468 6133
534 2469 6132
533 2470 6131
532 2471 6130
531 2472 6129
530 2473 6128
529 2474 6127
528 2475 6126
527 2476 6125
526 2477 6124
525 2478 6123
524 2479 6122
523 2480 6121
522 2481 6120
521 2482 6119
520 2483 6118
519 2484 6117
518 2485 6116
517 2486 6115
516 2487 6114
515 2488 6113
514 2489 6112
513 2490 6111
512 2491 6110
511 2492 6109
510 2493 6108
509 2494 6107
508 2495 6106
507 2496 6105
506 2497 6104
505 2498 6103
504 2499 6102
503 2500 6101
502 2501 6100
501 2502 6099
500 2503 6098
499 2504 6097
498 2505 6096
497 2506 6095
496 2507 6094
495 2508 6093
494 2509 6092
493 2510 6091
492 2511 6090
491 2512 6089
490 2513 6088
489 2514 6087
488 2515 6086
487 2516 6085
486 2517 6084
485 2518 6083
484 2519 6082
483 2520 6081
482 2521 6080
481 2522 6079
480 2523 6078
479 2524 6077
478 2525 6076
477 2526 6075
476 2527 6074
475 2528 6073
474 2529 6072
473 2530 6071
472 2531 6070
471 2532 6069
470 2533 6068
469 2534 6067
468 2535 6066
467 2536 6065
466 2537 6064
465 2538 6063
464 2539 6062
463 2540 6061
462 2541 6060
461 2542 6059
460 2543 6058
459 2544 6057
458 2545 6056
457 2546 6055
456 2547 6054
455 2548 6053
454 2549 6052
453 2550 6051
452 2551 6050
451 2552 6049
450 2553 6048
449 2554 6047
448 2555 6046
447 2556 6045
446 2557 6044
445 2558 6043
444 2559 6042
443 2560 6041
442 2561 6040
441 2562 6039
440 2563 6038
439 2564 6037
438 2565 6036
437 2566 6035
436 2567 6034
435 2568 6033
434 2569 6032
433 2570 6031
432 2571 6030
431 2572 6029
430 2573 6028
429 2574 6027
428 2575 6026
427 2576 6025
426 2577 6024
425 2578 6023
424 2579 6022
423 2580 6021
422 2581 6020
421 2582 6019
420 2583 6018
419 2584 6017
418 2585 6016
417 2586 6015
416 2587 6014
415 2588 6013
414 2589 6012
413 2590 6011
412 2591 6010
411 2592 6009
410 2593 6008
409 2594 6007
408 2595 6006
407 2596 6005
406 2597 6004
405 2598 6003
404 2599 6002
403 2600 6001
