433
3000 3 6433
2999 4 6432
2998 5 6431
2997 6 6430
2996 7 6429
2995 8 6428
2994 9 6427
2993 10 6426
2992 11 6425
2991 12 6424
2990 13 6423
2989 14 6422
2988 15 6421
2987 16 6420
2986 17 6419
2985 18 6418
2984 19 6417
2983 20 6416
2982 21 6415
2981 22 6414
2980 23 6413
2979 24 6412
2978 25 6411
2977 26 6410
2976 27 6409
2975 28 6408
2974 29 6407
2973 30 6406
2972 31 6405
2971 32 6404
2970 33 6403
2969 34 6402
2968 35 6401
2967 36 6400
2966 37 6399
2965 38 6398
2964 39 6397
2963 40 6396
2962 41 6395
2961 42 6394
2960 43 6393
2959 44 6392
2958 45 6391
2957 46 6390
2956 47 6389
2955 48 6388
2954 49 6387
2953 50 6386
2952 51 6385
2951 52 6384
2950 53 6383
2949 54 6382
2948 55 6381
2947 56 6380
2946 57 6379
2945 58 6378
2944 59 6377
2943 60 6376
2942 61 6375
2941 62 6374
2940 63 6373
2939 64 6372
2938 65 6371
2937 66 6370
2936 67 6369
2935 68 6368
2934 69 6367
2933 70 6366
2932 71 6365
2931 72 6364
2930 73 6363
2929 74 6362
2928 75 6361
2927 76 6360
2926 77 6359
2925 78 6358
2924 79 6357
2923 80 6356
2922 81 6355
2921 82 6354
2920 83 6353
2919 84 6352
2918 85 6351
2917 86 6350
2916 87 6349
2915 88 6348
2914 89 6347
2913 90 6346
2912 91 6345
2911 92 6344
2910 93 6343
2909 94 6342
2908 95 6341
2907 96 6340
2906 97 6339
2905 98 6338
2904 99 6337
2903 100 6336
2902 101 6335
2901 102 6334
2900 103 6333
2899 104 6332
2898 105 6331
2897 106 6330
2896 107 6329
2895 108 6328
2894 109 6327
2893 110 6326
2892 111 6325
2891 112 6324
2890 113 6323
2889 114 6322
2888 115 6321
2887 116 6320
2886 117 6319
2885 118 6318
2884 119 6317
2883 120 6316
2882 121 6315
2881 122 6314
2880 123 6313
2879 124 6312
2878 125 6311
2877 126 6310
2876 127 6309
2875 128 6308
2874 129 6307
2873 130 6306
2872 131 6305
2871 132 6304
2870 133 6303
2869 134 6302
2868 135 6301
2867 136 6300
2866 137 6299
2865 138 6298
2864 139 6297
2863 140 6296
2862 141 6295
2861 142 6294
2860 143 6293
2859 144 6292
2858 145 6291
2857 146 6290
2856 147 6289
2855 148 6288
2854 149 6287
2853 150 6286
2852 151 6285
2851 152 6284
2850 153 6283
2849 154 6282
2848 155 6281
2847 156 6280
2846 157 6279
2845 158 6278
2844 159 6277
2843 160 6276
2842 161 6275
2841 162 6274
2840 163 6273
2839 164 6272
2838 165 6271
2837 166 6270
2836 167 6269
2835 168 6268
2834 169 6267
2833 170 6266
2832 171 6265
2831 172 6264
2830 173 6263
2829 174 6262
2828 175 6261
2827 176 6260
2826 177 6259
2825 178 6258
2824 179 6257
2823 180 6256
2822 181 6255
2821 182 6254
2820 183 6253
2819 184 6252
2818 185 6251
2817 186 6250
2816 187 6249
2815 188 6248
2814 189 6247
2813 190 6246
2812 191 6245
2811 192 6244
2810 193 6243
2809 194 6242
2808 195 6241
2807 196 6240
2806 197 6239
2805 198 6238
2804 199 6237
2803 200 6236
2802 201 6235
2801 202 6234
2800 203 6233
2799 204 6232
2798 205 6231
2797 206 6230
2796 207 6229
2795 208 6228
2794 209 6227
2793 210 6226
2792 211 6225
2791 212 6224
2790 213 6223
2789 214 6222
2788 215 6221
2787 216 6220
2786 217 6219
2785 218 6218
2784 219 6217
2783 220 6216
2782 221 6215
2781 222 6214
2780 223 6213
2779 224 6212
2778 225 6211
2777 226 6210
2776 227 6209
2775 228 6208
2774 229 6207
2773 230 6206
2772 231 6205
2771 232 6204
2770 233 6203
2769 234 6202
2768 235 6201
2767 236 6200
2766 237 6199
2765 238 6198
2764 239 6197
2763 240 6196
2762 241 6195
2761 242 6194
2760 243 6193
2759 244 6192
2758 245 6191
2757 246 6190
2756 247 6189
2755 248 6188
2754 249 6187
2753 250 6186
2752 251 6185
2751 252 6184
2750 253 6183
2749 254 6182
2748 255 6181
2747 256 6180
2746 257 6179
2745 258 6178
2744 259 6177
2743 260 6176
2742 261 6175
2741 262 6174
2740 263 6173
2739 264 6172
2738 265 6171
2737 266 6170
2736 267 6169
2735 268 6168
2734 269 6167
2733 270 6166
2732 271 6165
2731 272 6164
2730 273 6163
2729 274 6162
2728 275 6161
2727 276 6160
2726 277 6159
2725 278 6158
2724 279 6157
2723 280 6156
2722 281 6155
2721 282 6154
2720 283 6153
2719 284 6152
2718 285 6151
2717 286 6150
2716 287 6149
2715 288 6148
2714 289 6147
2713 290 6146
2712 291 6145
2711 292 6144
2710 293 6143
2709 294 6142
2708 295 6141
2707 296 6140
2706 297 6139
2705 298 6138
2704 299 6137
2703 300 6136
2702 301 6135
2701 302 6134
2700 303 6133
2699 304 6132
2698 305 6131
2697 306 6130
2696 307 6129
2695 308 6128
2694 309 6127
2693 310 6126
2692 311 6125
2691 312 6124
2690 313 6123
2689 314 6122
2688 315 6121
2687 316 6120
2686 317 6119
2685 318 6118
2684 319 6117
2683 320 6116
2682 321 6115
2681 322 6114
2680 323 6113
2679 324 6112
2678 325 6111
2677 326 6110
2676 327 6109
2675 328 6108
2674 329 6107
2673 330 6106
2672 331 6105
2671 332 6104
2670 333 6103
2669 334 6102
2668 335 6101
2667 336 6100
2666 337 6099
2665 338 6098
2664 339 6097
2663 340 6096
2662 341 6095
2661 342 6094
2660 343 6093
2659 344 6092
2658 345 6091
2657 346 6090
2656 347 6089
2655 348 6088
2654 349 6087
2653 350 6086
2652 351 6085
2651 352 6084
2650 353 6083
2649 354 6082
2648 355 6081
2647 356 6080
2646 357 6079
2645 358 6078
2644 359 6077
2643 360 6076
2642 361 6075
2641 362 6074
2640 363 6073
2639 364 6072
2638 365 6071
2637 366 6070
2636 367 6069
2635 368 6068
2634 369 6067
2633 370 6066
2632 371 6065
2631 372 6064
2630 373 6063
2629 374 6062
2628 375 6061
2627 376 6060
2626 377 6059
2625 378 6058
2624 379 6057
2623 380 6056
2622 381 6055
2621 382 6054
2620 383 6053
2619 384 6052
2618 385 6051
2617 386 6050
2616 387 6049
2615 388 6048
2614 389 6047
2613 390 6046
2612 391 6045
2611 392 6044
2610 393 6043
2609 394 6042
2608 395 6041
2607 396 6040
2606 397 6039
2605 398 6038
2604 399 6037
2603 400 6036
2602 401 6035
2601 402 6034
2600 403 6033
2599 404 6032
2598 405 6031
2597 406 6030
2596 407 6029
2595 408 6028
2594 409 6027
2593 410 6026
2592 411 6025
2591 412 6024
2590 413 6023
2589 414 6022
2588 415 6021
2587 416 6020
2586 417 6019
2585 418 6018
2584 419 6017
2583 420 6016
2582 421 6015
2581 422 6014
2580 423 6013
2579 424 6012
2578 425 6011
2577 426 6010
2576 427 6009
2575 428 6008
2574 429 6007
2573 430 6006
2572 431 6005
2571 432 6004
2570 433 6003
2569 434 6002
2568 435 6001
