2042
3000 3 8042
2999 4 8041
2998 5 8040
2997 6 8039
2996 7 8038
2995 8 8037
2994 9 8036
2993 10 8035
2992 11 8034
2991 12 8033
2990 13 8032
2989 14 8031
2988 15 8030
2987 16 8029
2986 17 8028
2985 18 8027
2984 19 8026
2983 20 8025
2982 21 8024
2981 22 8023
2980 23 8022
2979 24 8021
2978 25 8020
2977 26 8019
2976 27 8018
2975 28 8017
2974 29 8016
2973 30 8015
2972 31 8014
2971 32 8013
2970 33 8012
2969 34 8011
2968 35 8010
2967 36 8009
2966 37 8008
2965 38 8007
2964 39 8006
2963 40 8005
2962 41 8004
2961 42 8003
2960 43 8002
2959 44 8001
2958 45 8000
2957 46 7999
2956 47 7998
2955 48 7997
2954 49 7996
2953 50 7995
2952 51 7994
2951 52 7993
2950 53 7992
2949 54 7991
2948 55 7990
2947 56 7989
2946 57 7988
2945 58 7987
2944 59 7986
2943 60 7985
2942 61 7984
2941 62 7983
2940 63 7982
2939 64 7981
2938 65 7980
2937 66 7979
2936 67 7978
2935 68 7977
2934 69 7976
2933 70 7975
2932 71 7974
2931 72 7973
2930 73 7972
2929 74 7971
2928 75 7970
2927 76 7969
2926 77 7968
2925 78 7967
2924 79 7966
2923 80 7965
2922 81 7964
2921 82 7963
2920 83 7962
2919 84 7961
2918 85 7960
2917 86 7959
2916 87 7958
2915 88 7957
2914 89 7956
2913 90 7955
2912 91 7954
2911 92 7953
2910 93 7952
2909 94 7951
2908 95 7950
2907 96 7949
2906 97 7948
2905 98 7947
2904 99 7946
2903 100 7945
2902 101 7944
2901 102 7943
2900 103 7942
2899 104 7941
2898 105 7940
2897 106 7939
2896 107 7938
2895 108 7937
2894 109 7936
2893 110 7935
2892 111 7934
2891 112 7933
2890 113 7932
2889 114 7931
2888 115 7930
2887 116 7929
2886 117 7928
2885 118 7927
2884 119 7926
2883 120 7925
2882 121 7924
2881 122 7923
2880 123 7922
2879 124 7921
2878 125 7920
2877 126 7919
2876 127 7918
2875 128 7917
2874 129 7916
2873 130 7915
2872 131 7914
2871 132 7913
2870 133 7912
2869 134 7911
2868 135 7910
2867 136 7909
2866 137 7908
2865 138 7907
2864 139 7906
2863 140 7905
2862 141 7904
2861 142 7903
2860 143 7902
2859 144 7901
2858 145 7900
2857 146 7899
2856 147 7898
2855 148 7897
2854 149 7896
2853 150 7895
2852 151 7894
2851 152 7893
2850 153 7892
2849 154 7891
2848 155 7890
2847 156 7889
2846 157 7888
2845 158 7887
2844 159 7886
2843 160 7885
2842 161 7884
2841 162 7883
2840 163 7882
2839 164 7881
2838 165 7880
2837 166 7879
2836 167 7878
2835 168 7877
2834 169 7876
2833 170 7875
2832 171 7874
2831 172 7873
2830 173 7872
2829 174 7871
2828 175 7870
2827 176 7869
2826 177 7868
2825 178 7867
2824 179 7866
2823 180 7865
2822 181 7864
2821 182 7863
2820 183 7862
2819 184 7861
2818 185 7860
2817 186 7859
2816 187 7858
2815 188 7857
2814 189 7856
2813 190 7855
2812 191 7854
2811 192 7853
2810 193 7852
2809 194 7851
2808 195 7850
2807 196 7849
2806 197 7848
2805 198 7847
2804 199 7846
2803 200 7845
2802 201 7844
2801 202 7843
2800 203 7842
2799 204 7841
2798 205 7840
2797 206 7839
2796 207 7838
2795 208 7837
2794 209 7836
2793 210 7835
2792 211 7834
2791 212 7833
2790 213 7832
2789 214 7831
2788 215 7830
2787 216 7829
2786 217 7828
2785 218 7827
2784 219 7826
2783 220 7825
2782 221 7824
2781 222 7823
2780 223 7822
2779 224 7821
2778 225 7820
2777 226 7819
2776 227 7818
2775 228 7817
2774 229 7816
2773 230 7815
2772 231 7814
2771 232 7813
2770 233 7812
2769 234 7811
2768 235 7810
2767 236 7809
2766 237 7808
2765 238 7807
2764 239 7806
2763 240 7805
2762 241 7804
2761 242 7803
2760 243 7802
2759 244 7801
2758 245 7800
2757 246 7799
2756 247 7798
2755 248 7797
2754 249 7796
2753 250 7795
2752 251 7794
2751 252 7793
2750 253 7792
2749 254 7791
2748 255 7790
2747 256 7789
2746 257 7788
2745 258 7787
2744 259 7786
2743 260 7785
2742 261 7784
2741 262 7783
2740 263 7782
2739 264 7781
2738 265 7780
2737 266 7779
2736 267 7778
2735 268 7777
2734 269 7776
2733 270 7775
2732 271 7774
2731 272 7773
2730 273 7772
2729 274 7771
2728 275 7770
2727 276 7769
2726 277 7768
2725 278 7767
2724 279 7766
2723 280 7765
2722 281 7764
2721 282 7763
2720 283 7762
2719 284 7761
2718 285 7760
2717 286 7759
2716 287 7758
2715 288 7757
2714 289 7756
2713 290 7755
2712 291 7754
2711 292 7753
2710 293 7752
2709 294 7751
2708 295 7750
2707 296 7749
2706 297 7748
2705 298 7747
2704 299 7746
2703 300 7745
2702 301 7744
2701 302 7743
2700 303 7742
2699 304 7741
2698 305 7740
2697 306 7739
2696 307 7738
2695 308 7737
2694 309 7736
2693 310 7735
2692 311 7734
2691 312 7733
2690 313 7732
2689 314 7731
2688 315 7730
2687 316 7729
2686 317 7728
2685 318 7727
2684 319 7726
2683 320 7725
2682 321 7724
2681 322 7723
2680 323 7722
2679 324 7721
2678 325 7720
2677 326 7719
2676 327 7718
2675 328 7717
2674 329 7716
2673 330 7715
2672 331 7714
2671 332 7713
2670 333 7712
2669 334 7711
2668 335 7710
2667 336 7709
2666 337 7708
2665 338 7707
2664 339 7706
2663 340 7705
2662 341 7704
2661 342 7703
2660 343 7702
2659 344 7701
2658 345 7700
2657 346 7699
2656 347 7698
2655 348 7697
2654 349 7696
2653 350 7695
2652 351 7694
2651 352 7693
2650 353 7692
2649 354 7691
2648 355 7690
2647 356 7689
2646 357 7688
2645 358 7687
2644 359 7686
2643 360 7685
2642 361 7684
2641 362 7683
2640 363 7682
2639 364 7681
2638 365 7680
2637 366 7679
2636 367 7678
2635 368 7677
2634 369 7676
2633 370 7675
2632 371 7674
2631 372 7673
2630 373 7672
2629 374 7671
2628 375 7670
2627 376 7669
2626 377 7668
2625 378 7667
2624 379 7666
2623 380 7665
2622 381 7664
2621 382 7663
2620 383 7662
2619 384 7661
2618 385 7660
2617 386 7659
2616 387 7658
2615 388 7657
2614 389 7656
2613 390 7655
2612 391 7654
2611 392 7653
2610 393 7652
2609 394 7651
2608 395 7650
2607 396 7649
2606 397 7648
2605 398 7647
2604 399 7646
2603 400 7645
2602 401 7644
2601 402 7643
2600 403 7642
2599 404 7641
2598 405 7640
2597 406 7639
2596 407 7638
2595 408 7637
2594 409 7636
2593 410 7635
2592 411 7634
2591 412 7633
2590 413 7632
2589 414 7631
2588 415 7630
2587 416 7629
2586 417 7628
2585 418 7627
2584 419 7626
2583 420 7625
2582 421 7624
2581 422 7623
2580 423 7622
2579 424 7621
2578 425 7620
2577 426 7619
2576 427 7618
2575 428 7617
2574 429 7616
2573 430 7615
2572 431 7614
2571 432 7613
2570 433 7612
2569 434 7611
2568 435 7610
2567 436 7609
2566 437 7608
2565 438 7607
2564 439 7606
2563 440 7605
2562 441 7604
2561 442 7603
2560 443 7602
2559 444 7601
2558 445 7600
2557 446 7599
2556 447 7598
2555 448 7597
2554 449 7596
2553 450 7595
2552 451 7594
2551 452 7593
2550 453 7592
2549 454 7591
2548 455 7590
2547 456 7589
2546 457 7588
2545 458 7587
2544 459 7586
2543 460 7585
2542 461 7584
2541 462 7583
2540 463 7582
2539 464 7581
2538 465 7580
2537 466 7579
2536 467 7578
2535 468 7577
2534 469 7576
2533 470 7575
2532 471 7574
2531 472 7573
2530 473 7572
2529 474 7571
2528 475 7570
2527 476 7569
2526 477 7568
2525 478 7567
2524 479 7566
2523 480 7565
2522 481 7564
2521 482 7563
2520 483 7562
2519 484 7561
2518 485 7560
2517 486 7559
2516 487 7558
2515 488 7557
2514 489 7556
2513 490 7555
2512 491 7554
2511 492 7553
2510 493 7552
2509 494 7551
2508 495 7550
2507 496 7549
2506 497 7548
2505 498 7547
2504 499 7546
2503 500 7545
2502 501 7544
2501 502 7543
2500 503 7542
2499 504 7541
2498 505 7540
2497 506 7539
2496 507 7538
2495 508 7537
2494 509 7536
2493 510 7535
2492 511 7534
2491 512 7533
2490 513 7532
2489 514 7531
2488 515 7530
2487 516 7529
2486 517 7528
2485 518 7527
2484 519 7526
2483 520 7525
2482 521 7524
2481 522 7523
2480 523 7522
2479 524 7521
2478 525 7520
2477 526 7519
2476 527 7518
2475 528 7517
2474 529 7516
2473 530 7515
2472 531 7514
2471 532 7513
2470 533 7512
2469 534 7511
2468 535 7510
2467 536 7509
2466 537 7508
2465 538 7507
2464 539 7506
2463 540 7505
2462 541 7504
2461 542 7503
2460 543 7502
2459 544 7501
2458 545 7500
2457 546 7499
2456 547 7498
2455 548 7497
2454 549 7496
2453 550 7495
2452 551 7494
2451 552 7493
2450 553 7492
2449 554 7491
2448 555 7490
2447 556 7489
2446 557 7488
2445 558 7487
2444 559 7486
2443 560 7485
2442 561 7484
2441 562 7483
2440 563 7482
2439 564 7481
2438 565 7480
2437 566 7479
2436 567 7478
2435 568 7477
2434 569 7476
2433 570 7475
2432 571 7474
2431 572 7473
2430 573 7472
2429 574 7471
2428 575 7470
2427 576 7469
2426 577 7468
2425 578 7467
2424 579 7466
2423 580 7465
2422 581 7464
2421 582 7463
2420 583 7462
2419 584 7461
2418 585 7460
2417 586 7459
2416 587 7458
2415 588 7457
2414 589 7456
2413 590 7455
2412 591 7454
2411 592 7453
2410 593 7452
2409 594 7451
2408 595 7450
2407 596 7449
2406 597 7448
2405 598 7447
2404 599 7446
2403 600 7445
2402 601 7444
2401 602 7443
2400 603 7442
2399 604 7441
2398 605 7440
2397 606 7439
2396 607 7438
2395 608 7437
2394 609 7436
2393 610 7435
2392 611 7434
2391 612 7433
2390 613 7432
2389 614 7431
2388 615 7430
2387 616 7429
2386 617 7428
2385 618 7427
2384 619 7426
2383 620 7425
2382 621 7424
2381 622 7423
2380 623 7422
2379 624 7421
2378 625 7420
2377 626 7419
2376 627 7418
2375 628 7417
2374 629 7416
2373 630 7415
2372 631 7414
2371 632 7413
2370 633 7412
2369 634 7411
2368 635 7410
2367 636 7409
2366 637 7408
2365 638 7407
2364 639 7406
2363 640 7405
2362 641 7404
2361 642 7403
2360 643 7402
2359 644 7401
2358 645 7400
2357 646 7399
2356 647 7398
2355 648 7397
2354 649 7396
2353 650 7395
2352 651 7394
2351 652 7393
2350 653 7392
2349 654 7391
2348 655 7390
2347 656 7389
2346 657 7388
2345 658 7387
2344 659 7386
2343 660 7385
2342 661 7384
2341 662 7383
2340 663 7382
2339 664 7381
2338 665 7380
2337 666 7379
2336 667 7378
2335 668 7377
2334 669 7376
2333 670 7375
2332 671 7374
2331 672 7373
2330 673 7372
2329 674 7371
2328 675 7370
2327 676 7369
2326 677 7368
2325 678 7367
2324 679 7366
2323 680 7365
2322 681 7364
2321 682 7363
2320 683 7362
2319 684 7361
2318 685 7360
2317 686 7359
2316 687 7358
2315 688 7357
2314 689 7356
2313 690 7355
2312 691 7354
2311 692 7353
2310 693 7352
2309 694 7351
2308 695 7350
2307 696 7349
2306 697 7348
2305 698 7347
2304 699 7346
2303 700 7345
2302 701 7344
2301 702 7343
2300 703 7342
2299 704 7341
2298 705 7340
2297 706 7339
2296 707 7338
2295 708 7337
2294 709 7336
2293 710 7335
2292 711 7334
2291 712 7333
2290 713 7332
2289 714 7331
2288 715 7330
2287 716 7329
2286 717 7328
2285 718 7327
2284 719 7326
2283 720 7325
2282 721 7324
2281 722 7323
2280 723 7322
2279 724 7321
2278 725 7320
2277 726 7319
2276 727 7318
2275 728 7317
2274 729 7316
2273 730 7315
2272 731 7314
2271 732 7313
2270 733 7312
2269 734 7311
2268 735 7310
2267 736 7309
2266 737 7308
2265 738 7307
2264 739 7306
2263 740 7305
2262 741 7304
2261 742 7303
2260 743 7302
2259 744 7301
2258 745 7300
2257 746 7299
2256 747 7298
2255 748 7297
2254 749 7296
2253 750 7295
2252 751 7294
2251 752 7293
2250 753 7292
2249 754 7291
2248 755 7290
2247 756 7289
2246 757 7288
2245 758 7287
2244 759 7286
2243 760 7285
2242 761 7284
2241 762 7283
2240 763 7282
2239 764 7281
2238 765 7280
2237 766 7279
2236 767 7278
2235 768 7277
2234 769 7276
2233 770 7275
2232 771 7274
2231 772 7273
2230 773 7272
2229 774 7271
2228 775 7270
2227 776 7269
2226 777 7268
2225 778 7267
2224 779 7266
2223 780 7265
2222 781 7264
2221 782 7263
2220 783 7262
2219 784 7261
2218 785 7260
2217 786 7259
2216 787 7258
2215 788 7257
2214 789 7256
2213 790 7255
2212 791 7254
2211 792 7253
2210 793 7252
2209 794 7251
2208 795 7250
2207 796 7249
2206 797 7248
2205 798 7247
2204 799 7246
2203 800 7245
2202 801 7244
2201 802 7243
2200 803 7242
2199 804 7241
2198 805 7240
2197 806 7239
2196 807 7238
2195 808 7237
2194 809 7236
2193 810 7235
2192 811 7234
2191 812 7233
2190 813 7232
2189 814 7231
2188 815 7230
2187 816 7229
2186 817 7228
2185 818 7227
2184 819 7226
2183 820 7225
2182 821 7224
2181 822 7223
2180 823 7222
2179 824 7221
2178 825 7220
2177 826 7219
2176 827 7218
2175 828 7217
2174 829 7216
2173 830 7215
2172 831 7214
2171 832 7213
2170 833 7212
2169 834 7211
2168 835 7210
2167 836 7209
2166 837 7208
2165 838 7207
2164 839 7206
2163 840 7205
2162 841 7204
2161 842 7203
2160 843 7202
2159 844 7201
2158 845 7200
2157 846 7199
2156 847 7198
2155 848 7197
2154 849 7196
2153 850 7195
2152 851 7194
2151 852 7193
2150 853 7192
2149 854 7191
2148 855 7190
2147 856 7189
2146 857 7188
2145 858 7187
2144 859 7186
2143 860 7185
2142 861 7184
2141 862 7183
2140 863 7182
2139 864 7181
2138 865 7180
2137 866 7179
2136 867 7178
2135 868 7177
2134 869 7176
2133 870 7175
2132 871 7174
2131 872 7173
2130 873 7172
2129 874 7171
2128 875 7170
2127 876 7169
2126 877 7168
2125 878 7167
2124 879 7166
2123 880 7165
2122 881 7164
2121 882 7163
2120 883 7162
2119 884 7161
2118 885 7160
2117 886 7159
2116 887 7158
2115 888 7157
2114 889 7156
2113 890 7155
2112 891 7154
2111 892 7153
2110 893 7152
2109 894 7151
2108 895 7150
2107 896 7149
2106 897 7148
2105 898 7147
2104 899 7146
2103 900 7145
2102 901 7144
2101 902 7143
2100 903 7142
2099 904 7141
2098 905 7140
2097 906 7139
2096 907 7138
2095 908 7137
2094 909 7136
2093 910 7135
2092 911 7134
2091 912 7133
2090 913 7132
2089 914 7131
2088 915 7130
2087 916 7129
2086 917 7128
2085 918 7127
2084 919 7126
2083 920 7125
2082 921 7124
2081 922 7123
2080 923 7122
2079 924 7121
2078 925 7120
2077 926 7119
2076 927 7118
2075 928 7117
2074 929 7116
2073 930 7115
2072 931 7114
2071 932 7113
2070 933 7112
2069 934 7111
2068 935 7110
2067 936 7109
2066 937 7108
2065 938 7107
2064 939 7106
2063 940 7105
2062 941 7104
2061 942 7103
2060 943 7102
2059 944 7101
2058 945 7100
2057 946 7099
2056 947 7098
2055 948 7097
2054 949 7096
2053 950 7095
2052 951 7094
2051 952 7093
2050 953 7092
2049 954 7091
2048 955 7090
2047 956 7089
2046 957 7088
2045 958 7087
2044 959 7086
2043 960 7085
2042 961 7084
2041 962 7083
2040 963 7082
2039 964 7081
2038 965 7080
2037 966 7079
2036 967 7078
2035 968 7077
2034 969 7076
2033 970 7075
2032 971 7074
2031 972 7073
2030 973 7072
2029 974 7071
2028 975 7070
2027 976 7069
2026 977 7068
2025 978 7067
2024 979 7066
2023 980 7065
2022 981 7064
2021 982 7063
2020 983 7062
2019 984 7061
2018 985 7060
2017 986 7059
2016 987 7058
2015 988 7057
2014 989 7056
2013 990 7055
2012 991 7054
2011 992 7053
2010 993 7052
2009 994 7051
2008 995 7050
2007 996 7049
2006 997 7048
2005 998 7047
2004 999 7046
2003 1000 7045
2002 1001 7044
2001 1002 7043
2000 1003 7042
1999 1004 7041
1998 1005 7040
1997 1006 7039
1996 1007 7038
1995 1008 7037
1994 1009 7036
1993 1010 7035
1992 1011 7034
1991 1012 7033
1990 1013 7032
1989 1014 7031
1988 1015 7030
1987 1016 7029
1986 1017 7028
1985 1018 7027
1984 1019 7026
1983 1020 7025
1982 1021 7024
1981 1022 7023
1980 1023 7022
1979 1024 7021
1978 1025 7020
1977 1026 7019
1976 1027 7018
1975 1028 7017
1974 1029 7016
1973 1030 7015
1972 1031 7014
1971 1032 7013
1970 1033 7012
1969 1034 7011
1968 1035 7010
1967 1036 7009
1966 1037 7008
1965 1038 7007
1964 1039 7006
1963 1040 7005
1962 1041 7004
1961 1042 7003
1960 1043 7002
1959 1044 7001
1958 1045 7000
1957 1046 6999
1956 1047 6998
1955 1048 6997
1954 1049 6996
1953 1050 6995
1952 1051 6994
1951 1052 6993
1950 1053 6992
1949 1054 6991
1948 1055 6990
1947 1056 6989
1946 1057 6988
1945 1058 6987
1944 1059 6986
1943 1060 6985
1942 1061 6984
1941 1062 6983
1940 1063 6982
1939 1064 6981
1938 1065 6980
1937 1066 6979
1936 1067 6978
1935 1068 6977
1934 1069 6976
1933 1070 6975
1932 1071 6974
1931 1072 6973
1930 1073 6972
1929 1074 6971
1928 1075 6970
1927 1076 6969
1926 1077 6968
1925 1078 6967
1924 1079 6966
1923 1080 6965
1922 1081 6964
1921 1082 6963
1920 1083 6962
1919 1084 6961
1918 1085 6960
1917 1086 6959
1916 1087 6958
1915 1088 6957
1914 1089 6956
1913 1090 6955
1912 1091 6954
1911 1092 6953
1910 1093 6952
1909 1094 6951
1908 1095 6950
1907 1096 6949
1906 1097 6948
1905 1098 6947
1904 1099 6946
1903 1100 6945
1902 1101 6944
1901 1102 6943
1900 1103 6942
1899 1104 6941
1898 1105 6940
1897 1106 6939
1896 1107 6938
1895 1108 6937
1894 1109 6936
1893 1110 6935
1892 1111 6934
1891 1112 6933
1890 1113 6932
1889 1114 6931
1888 1115 6930
1887 1116 6929
1886 1117 6928
1885 1118 6927
1884 1119 6926
1883 1120 6925
1882 1121 6924
1881 1122 6923
1880 1123 6922
1879 1124 6921
1878 1125 6920
1877 1126 6919
1876 1127 6918
1875 1128 6917
1874 1129 6916
1873 1130 6915
1872 1131 6914
1871 1132 6913
1870 1133 6912
1869 1134 6911
1868 1135 6910
1867 1136 6909
1866 1137 6908
1865 1138 6907
1864 1139 6906
1863 1140 6905
1862 1141 6904
1861 1142 6903
1860 1143 6902
1859 1144 6901
1858 1145 6900
1857 1146 6899
1856 1147 6898
1855 1148 6897
1854 1149 6896
1853 1150 6895
1852 1151 6894
1851 1152 6893
1850 1153 6892
1849 1154 6891
1848 1155 6890
1847 1156 6889
1846 1157 6888
1845 1158 6887
1844 1159 6886
1843 1160 6885
1842 1161 6884
1841 1162 6883
1840 1163 6882
1839 1164 6881
1838 1165 6880
1837 1166 6879
1836 1167 6878
1835 1168 6877
1834 1169 6876
1833 1170 6875
1832 1171 6874
1831 1172 6873
1830 1173 6872
1829 1174 6871
1828 1175 6870
1827 1176 6869
1826 1177 6868
1825 1178 6867
1824 1179 6866
1823 1180 6865
1822 1181 6864
1821 1182 6863
1820 1183 6862
1819 1184 6861
1818 1185 6860
1817 1186 6859
1816 1187 6858
1815 1188 6857
1814 1189 6856
1813 1190 6855
1812 1191 6854
1811 1192 6853
1810 1193 6852
1809 1194 6851
1808 1195 6850
1807 1196 6849
1806 1197 6848
1805 1198 6847
1804 1199 6846
1803 1200 6845
1802 1201 6844
1801 1202 6843
1800 1203 6842
1799 1204 6841
1798 1205 6840
1797 1206 6839
1796 1207 6838
1795 1208 6837
1794 1209 6836
1793 1210 6835
1792 1211 6834
1791 1212 6833
1790 1213 6832
1789 1214 6831
1788 1215 6830
1787 1216 6829
1786 1217 6828
1785 1218 6827
1784 1219 6826
1783 1220 6825
1782 1221 6824
1781 1222 6823
1780 1223 6822
1779 1224 6821
1778 1225 6820
1777 1226 6819
1776 1227 6818
1775 1228 6817
1774 1229 6816
1773 1230 6815
1772 1231 6814
1771 1232 6813
1770 1233 6812
1769 1234 6811
1768 1235 6810
1767 1236 6809
1766 1237 6808
1765 1238 6807
1764 1239 6806
1763 1240 6805
1762 1241 6804
1761 1242 6803
1760 1243 6802
1759 1244 6801
1758 1245 6800
1757 1246 6799
1756 1247 6798
1755 1248 6797
1754 1249 6796
1753 1250 6795
1752 1251 6794
1751 1252 6793
1750 1253 6792
1749 1254 6791
1748 1255 6790
1747 1256 6789
1746 1257 6788
1745 1258 6787
1744 1259 6786
1743 1260 6785
1742 1261 6784
1741 1262 6783
1740 1263 6782
1739 1264 6781
1738 1265 6780
1737 1266 6779
1736 1267 6778
1735 1268 6777
1734 1269 6776
1733 1270 6775
1732 1271 6774
1731 1272 6773
1730 1273 6772
1729 1274 6771
1728 1275 6770
1727 1276 6769
1726 1277 6768
1725 1278 6767
1724 1279 6766
1723 1280 6765
1722 1281 6764
1721 1282 6763
1720 1283 6762
1719 1284 6761
1718 1285 6760
1717 1286 6759
1716 1287 6758
1715 1288 6757
1714 1289 6756
1713 1290 6755
1712 1291 6754
1711 1292 6753
1710 1293 6752
1709 1294 6751
1708 1295 6750
1707 1296 6749
1706 1297 6748
1705 1298 6747
1704 1299 6746
1703 1300 6745
1702 1301 6744
1701 1302 6743
1700 1303 6742
1699 1304 6741
1698 1305 6740
1697 1306 6739
1696 1307 6738
1695 1308 6737
1694 1309 6736
1693 1310 6735
1692 1311 6734
1691 1312 6733
1690 1313 6732
1689 1314 6731
1688 1315 6730
1687 1316 6729
1686 1317 6728
1685 1318 6727
1684 1319 6726
1683 1320 6725
1682 1321 6724
1681 1322 6723
1680 1323 6722
1679 1324 6721
1678 1325 6720
1677 1326 6719
1676 1327 6718
1675 1328 6717
1674 1329 6716
1673 1330 6715
1672 1331 6714
1671 1332 6713
1670 1333 6712
1669 1334 6711
1668 1335 6710
1667 1336 6709
1666 1337 6708
1665 1338 6707
1664 1339 6706
1663 1340 6705
1662 1341 6704
1661 1342 6703
1660 1343 6702
1659 1344 6701
1658 1345 6700
1657 1346 6699
1656 1347 6698
1655 1348 6697
1654 1349 6696
1653 1350 6695
1652 1351 6694
1651 1352 6693
1650 1353 6692
1649 1354 6691
1648 1355 6690
1647 1356 6689
1646 1357 6688
1645 1358 6687
1644 1359 6686
1643 1360 6685
1642 1361 6684
1641 1362 6683
1640 1363 6682
1639 1364 6681
1638 1365 6680
1637 1366 6679
1636 1367 6678
1635 1368 6677
1634 1369 6676
1633 1370 6675
1632 1371 6674
1631 1372 6673
1630 1373 6672
1629 1374 6671
1628 1375 6670
1627 1376 6669
1626 1377 6668
1625 1378 6667
1624 1379 6666
1623 1380 6665
1622 1381 6664
1621 1382 6663
1620 1383 6662
1619 1384 6661
1618 1385 6660
1617 1386 6659
1616 1387 6658
1615 1388 6657
1614 1389 6656
1613 1390 6655
1612 1391 6654
1611 1392 6653
1610 1393 6652
1609 1394 6651
1608 1395 6650
1607 1396 6649
1606 1397 6648
1605 1398 6647
1604 1399 6646
1603 1400 6645
1602 1401 6644
1601 1402 6643
1600 1403 6642
1599 1404 6641
1598 1405 6640
1597 1406 6639
1596 1407 6638
1595 1408 6637
1594 1409 6636
1593 1410 6635
1592 1411 6634
1591 1412 6633
1590 1413 6632
1589 1414 6631
1588 1415 6630
1587 1416 6629
1586 1417 6628
1585 1418 6627
1584 1419 6626
1583 1420 6625
1582 1421 6624
1581 1422 6623
1580 1423 6622
1579 1424 6621
1578 1425 6620
1577 1426 6619
1576 1427 6618
1575 1428 6617
1574 1429 6616
1573 1430 6615
1572 1431 6614
1571 1432 6613
1570 1433 6612
1569 1434 6611
1568 1435 6610
1567 1436 6609
1566 1437 6608
1565 1438 6607
1564 1439 6606
1563 1440 6605
1562 1441 6604
1561 1442 6603
1560 1443 6602
1559 1444 6601
1558 1445 6600
1557 1446 6599
1556 1447 6598
1555 1448 6597
1554 1449 6596
1553 1450 6595
1552 1451 6594
1551 1452 6593
1550 1453 6592
1549 1454 6591
1548 1455 6590
1547 1456 6589
1546 1457 6588
1545 1458 6587
1544 1459 6586
1543 1460 6585
1542 1461 6584
1541 1462 6583
1540 1463 6582
1539 1464 6581
1538 1465 6580
1537 1466 6579
1536 1467 6578
1535 1468 6577
1534 1469 6576
1533 1470 6575
1532 1471 6574
1531 1472 6573
1530 1473 6572
1529 1474 6571
1528 1475 6570
1527 1476 6569
1526 1477 6568
1525 1478 6567
1524 1479 6566
1523 1480 6565
1522 1481 6564
1521 1482 6563
1520 1483 6562
1519 1484 6561
1518 1485 6560
1517 1486 6559
1516 1487 6558
1515 1488 6557
1514 1489 6556
1513 1490 6555
1512 1491 6554
1511 1492 6553
1510 1493 6552
1509 1494 6551
1508 1495 6550
1507 1496 6549
1506 1497 6548
1505 1498 6547
1504 1499 6546
1503 1500 6545
1502 1501 6544
1501 1502 6543
1500 1503 6542
1499 1504 6541
1498 1505 6540
1497 1506 6539
1496 1507 6538
1495 1508 6537
1494 1509 6536
1493 1510 6535
1492 1511 6534
1491 1512 6533
1490 1513 6532
1489 1514 6531
1488 1515 6530
1487 1516 6529
1486 1517 6528
1485 1518 6527
1484 1519 6526
1483 1520 6525
1482 1521 6524
1481 1522 6523
1480 1523 6522
1479 1524 6521
1478 1525 6520
1477 1526 6519
1476 1527 6518
1475 1528 6517
1474 1529 6516
1473 1530 6515
1472 1531 6514
1471 1532 6513
1470 1533 6512
1469 1534 6511
1468 1535 6510
1467 1536 6509
1466 1537 6508
1465 1538 6507
1464 1539 6506
1463 1540 6505
1462 1541 6504
1461 1542 6503
1460 1543 6502
1459 1544 6501
1458 1545 6500
1457 1546 6499
1456 1547 6498
1455 1548 6497
1454 1549 6496
1453 1550 6495
1452 1551 6494
1451 1552 6493
1450 1553 6492
1449 1554 6491
1448 1555 6490
1447 1556 6489
1446 1557 6488
1445 1558 6487
1444 1559 6486
1443 1560 6485
1442 1561 6484
1441 1562 6483
1440 1563 6482
1439 1564 6481
1438 1565 6480
1437 1566 6479
1436 1567 6478
1435 1568 6477
1434 1569 6476
1433 1570 6475
1432 1571 6474
1431 1572 6473
1430 1573 6472
1429 1574 6471
1428 1575 6470
1427 1576 6469
1426 1577 6468
1425 1578 6467
1424 1579 6466
1423 1580 6465
1422 1581 6464
1421 1582 6463
1420 1583 6462
1419 1584 6461
1418 1585 6460
1417 1586 6459
1416 1587 6458
1415 1588 6457
1414 1589 6456
1413 1590 6455
1412 1591 6454
1411 1592 6453
1410 1593 6452
1409 1594 6451
1408 1595 6450
1407 1596 6449
1406 1597 6448
1405 1598 6447
1404 1599 6446
1403 1600 6445
1402 1601 6444
1401 1602 6443
1400 1603 6442
1399 1604 6441
1398 1605 6440
1397 1606 6439
1396 1607 6438
1395 1608 6437
1394 1609 6436
1393 1610 6435
1392 1611 6434
1391 1612 6433
1390 1613 6432
1389 1614 6431
1388 1615 6430
1387 1616 6429
1386 1617 6428
1385 1618 6427
1384 1619 6426
1383 1620 6425
1382 1621 6424
1381 1622 6423
1380 1623 6422
1379 1624 6421
1378 1625 6420
1377 1626 6419
1376 1627 6418
1375 1628 6417
1374 1629 6416
1373 1630 6415
1372 1631 6414
1371 1632 6413
1370 1633 6412
1369 1634 6411
1368 1635 6410
1367 1636 6409
1366 1637 6408
1365 1638 6407
1364 1639 6406
1363 1640 6405
1362 1641 6404
1361 1642 6403
1360 1643 6402
1359 1644 6401
1358 1645 6400
1357 1646 6399
1356 1647 6398
1355 1648 6397
1354 1649 6396
1353 1650 6395
1352 1651 6394
1351 1652 6393
1350 1653 6392
1349 1654 6391
1348 1655 6390
1347 1656 6389
1346 1657 6388
1345 1658 6387
1344 1659 6386
1343 1660 6385
1342 1661 6384
1341 1662 6383
1340 1663 6382
1339 1664 6381
1338 1665 6380
1337 1666 6379
1336 1667 6378
1335 1668 6377
1334 1669 6376
1333 1670 6375
1332 1671 6374
1331 1672 6373
1330 1673 6372
1329 1674 6371
1328 1675 6370
1327 1676 6369
1326 1677 6368
1325 1678 6367
1324 1679 6366
1323 1680 6365
1322 1681 6364
1321 1682 6363
1320 1683 6362
1319 1684 6361
1318 1685 6360
1317 1686 6359
1316 1687 6358
1315 1688 6357
1314 1689 6356
1313 1690 6355
1312 1691 6354
1311 1692 6353
1310 1693 6352
1309 1694 6351
1308 1695 6350
1307 1696 6349
1306 1697 6348
1305 1698 6347
1304 1699 6346
1303 1700 6345
1302 1701 6344
1301 1702 6343
1300 1703 6342
1299 1704 6341
1298 1705 6340
1297 1706 6339
1296 1707 6338
1295 1708 6337
1294 1709 6336
1293 1710 6335
1292 1711 6334
1291 1712 6333
1290 1713 6332
1289 1714 6331
1288 1715 6330
1287 1716 6329
1286 1717 6328
1285 1718 6327
1284 1719 6326
1283 1720 6325
1282 1721 6324
1281 1722 6323
1280 1723 6322
1279 1724 6321
1278 1725 6320
1277 1726 6319
1276 1727 6318
1275 1728 6317
1274 1729 6316
1273 1730 6315
1272 1731 6314
1271 1732 6313
1270 1733 6312
1269 1734 6311
1268 1735 6310
1267 1736 6309
1266 1737 6308
1265 1738 6307
1264 1739 6306
1263 1740 6305
1262 1741 6304
1261 1742 6303
1260 1743 6302
1259 1744 6301
1258 1745 6300
1257 1746 6299
1256 1747 6298
1255 1748 6297
1254 1749 6296
1253 1750 6295
1252 1751 6294
1251 1752 6293
1250 1753 6292
1249 1754 6291
1248 1755 6290
1247 1756 6289
1246 1757 6288
1245 1758 6287
1244 1759 6286
1243 1760 6285
1242 1761 6284
1241 1762 6283
1240 1763 6282
1239 1764 6281
1238 1765 6280
1237 1766 6279
1236 1767 6278
1235 1768 6277
1234 1769 6276
1233 1770 6275
1232 1771 6274
1231 1772 6273
1230 1773 6272
1229 1774 6271
1228 1775 6270
1227 1776 6269
1226 1777 6268
1225 1778 6267
1224 1779 6266
1223 1780 6265
1222 1781 6264
1221 1782 6263
1220 1783 6262
1219 1784 6261
1218 1785 6260
1217 1786 6259
1216 1787 6258
1215 1788 6257
1214 1789 6256
1213 1790 6255
1212 1791 6254
1211 1792 6253
1210 1793 6252
1209 1794 6251
1208 1795 6250
1207 1796 6249
1206 1797 6248
1205 1798 6247
1204 1799 6246
1203 1800 6245
1202 1801 6244
1201 1802 6243
1200 1803 6242
1199 1804 6241
1198 1805 6240
1197 1806 6239
1196 1807 6238
1195 1808 6237
1194 1809 6236
1193 1810 6235
1192 1811 6234
1191 1812 6233
1190 1813 6232
1189 1814 6231
1188 1815 6230
1187 1816 6229
1186 1817 6228
1185 1818 6227
1184 1819 6226
1183 1820 6225
1182 1821 6224
1181 1822 6223
1180 1823 6222
1179 1824 6221
1178 1825 6220
1177 1826 6219
1176 1827 6218
1175 1828 6217
1174 1829 6216
1173 1830 6215
1172 1831 6214
1171 1832 6213
1170 1833 6212
1169 1834 6211
1168 1835 6210
1167 1836 6209
1166 1837 6208
1165 1838 6207
1164 1839 6206
1163 1840 6205
1162 1841 6204
1161 1842 6203
1160 1843 6202
1159 1844 6201
1158 1845 6200
1157 1846 6199
1156 1847 6198
1155 1848 6197
1154 1849 6196
1153 1850 6195
1152 1851 6194
1151 1852 6193
1150 1853 6192
1149 1854 6191
1148 1855 6190
1147 1856 6189
1146 1857 6188
1145 1858 6187
1144 1859 6186
1143 1860 6185
1142 1861 6184
1141 1862 6183
1140 1863 6182
1139 1864 6181
1138 1865 6180
1137 1866 6179
1136 1867 6178
1135 1868 6177
1134 1869 6176
1133 1870 6175
1132 1871 6174
1131 1872 6173
1130 1873 6172
1129 1874 6171
1128 1875 6170
1127 1876 6169
1126 1877 6168
1125 1878 6167
1124 1879 6166
1123 1880 6165
1122 1881 6164
1121 1882 6163
1120 1883 6162
1119 1884 6161
1118 1885 6160
1117 1886 6159
1116 1887 6158
1115 1888 6157
1114 1889 6156
1113 1890 6155
1112 1891 6154
1111 1892 6153
1110 1893 6152
1109 1894 6151
1108 1895 6150
1107 1896 6149
1106 1897 6148
1105 1898 6147
1104 1899 6146
1103 1900 6145
1102 1901 6144
1101 1902 6143
1100 1903 6142
1099 1904 6141
1098 1905 6140
1097 1906 6139
1096 1907 6138
1095 1908 6137
1094 1909 6136
1093 1910 6135
1092 1911 6134
1091 1912 6133
1090 1913 6132
1089 1914 6131
1088 1915 6130
1087 1916 6129
1086 1917 6128
1085 1918 6127
1084 1919 6126
1083 1920 6125
1082 1921 6124
1081 1922 6123
1080 1923 6122
1079 1924 6121
1078 1925 6120
1077 1926 6119
1076 1927 6118
1075 1928 6117
1074 1929 6116
1073 1930 6115
1072 1931 6114
1071 1932 6113
1070 1933 6112
1069 1934 6111
1068 1935 6110
1067 1936 6109
1066 1937 6108
1065 1938 6107
1064 1939 6106
1063 1940 6105
1062 1941 6104
1061 1942 6103
1060 1943 6102
1059 1944 6101
1058 1945 6100
1057 1946 6099
1056 1947 6098
1055 1948 6097
1054 1949 6096
1053 1950 6095
1052 1951 6094
1051 1952 6093
1050 1953 6092
1049 1954 6091
1048 1955 6090
1047 1956 6089
1046 1957 6088
1045 1958 6087
1044 1959 6086
1043 1960 6085
1042 1961 6084
1041 1962 6083
1040 1963 6082
1039 1964 6081
1038 1965 6080
1037 1966 6079
1036 1967 6078
1035 1968 6077
1034 1969 6076
1033 1970 6075
1032 1971 6074
1031 1972 6073
1030 1973 6072
1029 1974 6071
1028 1975 6070
1027 1976 6069
1026 1977 6068
1025 1978 6067
1024 1979 6066
1023 1980 6065
1022 1981 6064
1021 1982 6063
1020 1983 6062
1019 1984 6061
1018 1985 6060
1017 1986 6059
1016 1987 6058
1015 1988 6057
1014 1989 6056
1013 1990 6055
1012 1991 6054
1011 1992 6053
1010 1993 6052
1009 1994 6051
1008 1995 6050
1007 1996 6049
1006 1997 6048
1005 1998 6047
1004 1999 6046
1003 2000 6045
1002 2001 6044
1001 2002 6043
1000 2003 6042
999 2004 6041
998 2005 6040
997 2006 6039
996 2007 6038
995 2008 6037
994 2009 6036
993 2010 6035
992 2011 6034
991 2012 6033
990 2013 6032
989 2014 6031
988 2015 6030
987 2016 6029
986 2017 6028
985 2018 6027
984 2019 6026
983 2020 6025
982 2021 6024
981 2022 6023
980 2023 6022
979 2024 6021
978 2025 6020
977 2026 6019
976 2027 6018
975 2028 6017
974 2029 6016
973 2030 6015
972 2031 6014
971 2032 6013
970 2033 6012
969 2034 6011
968 2035 6010
967 2036 6009
966 2037 6008
965 2038 6007
964 2039 6006
963 2040 6005
962 2041 6004
961 2042 6003
960 2043 6002
959 2044 6001
