2160
3000 3 8160
2999 4 8159
2998 5 8158
2997 6 8157
2996 7 8156
2995 8 8155
2994 9 8154
2993 10 8153
2992 11 8152
2991 12 8151
2990 13 8150
2989 14 8149
2988 15 8148
2987 16 8147
2986 17 8146
2985 18 8145
2984 19 8144
2983 20 8143
2982 21 8142
2981 22 8141
2980 23 8140
2979 24 8139
2978 25 8138
2977 26 8137
2976 27 8136
2975 28 8135
2974 29 8134
2973 30 8133
2972 31 8132
2971 32 8131
2970 33 8130
2969 34 8129
2968 35 8128
2967 36 8127
2966 37 8126
2965 38 8125
2964 39 8124
2963 40 8123
2962 41 8122
2961 42 8121
2960 43 8120
2959 44 8119
2958 45 8118
2957 46 8117
2956 47 8116
2955 48 8115
2954 49 8114
2953 50 8113
2952 51 8112
2951 52 8111
2950 53 8110
2949 54 8109
2948 55 8108
2947 56 8107
2946 57 8106
2945 58 8105
2944 59 8104
2943 60 8103
2942 61 8102
2941 62 8101
2940 63 8100
2939 64 8099
2938 65 8098
2937 66 8097
2936 67 8096
2935 68 8095
2934 69 8094
2933 70 8093
2932 71 8092
2931 72 8091
2930 73 8090
2929 74 8089
2928 75 8088
2927 76 8087
2926 77 8086
2925 78 8085
2924 79 8084
2923 80 8083
2922 81 8082
2921 82 8081
2920 83 8080
2919 84 8079
2918 85 8078
2917 86 8077
2916 87 8076
2915 88 8075
2914 89 8074
2913 90 8073
2912 91 8072
2911 92 8071
2910 93 8070
2909 94 8069
2908 95 8068
2907 96 8067
2906 97 8066
2905 98 8065
2904 99 8064
2903 100 8063
2902 101 8062
2901 102 8061
2900 103 8060
2899 104 8059
2898 105 8058
2897 106 8057
2896 107 8056
2895 108 8055
2894 109 8054
2893 110 8053
2892 111 8052
2891 112 8051
2890 113 8050
2889 114 8049
2888 115 8048
2887 116 8047
2886 117 8046
2885 118 8045
2884 119 8044
2883 120 8043
2882 121 8042
2881 122 8041
2880 123 8040
2879 124 8039
2878 125 8038
2877 126 8037
2876 127 8036
2875 128 8035
2874 129 8034
2873 130 8033
2872 131 8032
2871 132 8031
2870 133 8030
2869 134 8029
2868 135 8028
2867 136 8027
2866 137 8026
2865 138 8025
2864 139 8024
2863 140 8023
2862 141 8022
2861 142 8021
2860 143 8020
2859 144 8019
2858 145 8018
2857 146 8017
2856 147 8016
2855 148 8015
2854 149 8014
2853 150 8013
2852 151 8012
2851 152 8011
2850 153 8010
2849 154 8009
2848 155 8008
2847 156 8007
2846 157 8006
2845 158 8005
2844 159 8004
2843 160 8003
2842 161 8002
2841 162 8001
2840 163 8000
2839 164 7999
2838 165 7998
2837 166 7997
2836 167 7996
2835 168 7995
2834 169 7994
2833 170 7993
2832 171 7992
2831 172 7991
2830 173 7990
2829 174 7989
2828 175 7988
2827 176 7987
2826 177 7986
2825 178 7985
2824 179 7984
2823 180 7983
2822 181 7982
2821 182 7981
2820 183 7980
2819 184 7979
2818 185 7978
2817 186 7977
2816 187 7976
2815 188 7975
2814 189 7974
2813 190 7973
2812 191 7972
2811 192 7971
2810 193 7970
2809 194 7969
2808 195 7968
2807 196 7967
2806 197 7966
2805 198 7965
2804 199 7964
2803 200 7963
2802 201 7962
2801 202 7961
2800 203 7960
2799 204 7959
2798 205 7958
2797 206 7957
2796 207 7956
2795 208 7955
2794 209 7954
2793 210 7953
2792 211 7952
2791 212 7951
2790 213 7950
2789 214 7949
2788 215 7948
2787 216 7947
2786 217 7946
2785 218 7945
2784 219 7944
2783 220 7943
2782 221 7942
2781 222 7941
2780 223 7940
2779 224 7939
2778 225 7938
2777 226 7937
2776 227 7936
2775 228 7935
2774 229 7934
2773 230 7933
2772 231 7932
2771 232 7931
2770 233 7930
2769 234 7929
2768 235 7928
2767 236 7927
2766 237 7926
2765 238 7925
2764 239 7924
2763 240 7923
2762 241 7922
2761 242 7921
2760 243 7920
2759 244 7919
2758 245 7918
2757 246 7917
2756 247 7916
2755 248 7915
2754 249 7914
2753 250 7913
2752 251 7912
2751 252 7911
2750 253 7910
2749 254 7909
2748 255 7908
2747 256 7907
2746 257 7906
2745 258 7905
2744 259 7904
2743 260 7903
2742 261 7902
2741 262 7901
2740 263 7900
2739 264 7899
2738 265 7898
2737 266 7897
2736 267 7896
2735 268 7895
2734 269 7894
2733 270 7893
2732 271 7892
2731 272 7891
2730 273 7890
2729 274 7889
2728 275 7888
2727 276 7887
2726 277 7886
2725 278 7885
2724 279 7884
2723 280 7883
2722 281 7882
2721 282 7881
2720 283 7880
2719 284 7879
2718 285 7878
2717 286 7877
2716 287 7876
2715 288 7875
2714 289 7874
2713 290 7873
2712 291 7872
2711 292 7871
2710 293 7870
2709 294 7869
2708 295 7868
2707 296 7867
2706 297 7866
2705 298 7865
2704 299 7864
2703 300 7863
2702 301 7862
2701 302 7861
2700 303 7860
2699 304 7859
2698 305 7858
2697 306 7857
2696 307 7856
2695 308 7855
2694 309 7854
2693 310 7853
2692 311 7852
2691 312 7851
2690 313 7850
2689 314 7849
2688 315 7848
2687 316 7847
2686 317 7846
2685 318 7845
2684 319 7844
2683 320 7843
2682 321 7842
2681 322 7841
2680 323 7840
2679 324 7839
2678 325 7838
2677 326 7837
2676 327 7836
2675 328 7835
2674 329 7834
2673 330 7833
2672 331 7832
2671 332 7831
2670 333 7830
2669 334 7829
2668 335 7828
2667 336 7827
2666 337 7826
2665 338 7825
2664 339 7824
2663 340 7823
2662 341 7822
2661 342 7821
2660 343 7820
2659 344 7819
2658 345 7818
2657 346 7817
2656 347 7816
2655 348 7815
2654 349 7814
2653 350 7813
2652 351 7812
2651 352 7811
2650 353 7810
2649 354 7809
2648 355 7808
2647 356 7807
2646 357 7806
2645 358 7805
2644 359 7804
2643 360 7803
2642 361 7802
2641 362 7801
2640 363 7800
2639 364 7799
2638 365 7798
2637 366 7797
2636 367 7796
2635 368 7795
2634 369 7794
2633 370 7793
2632 371 7792
2631 372 7791
2630 373 7790
2629 374 7789
2628 375 7788
2627 376 7787
2626 377 7786
2625 378 7785
2624 379 7784
2623 380 7783
2622 381 7782
2621 382 7781
2620 383 7780
2619 384 7779
2618 385 7778
2617 386 7777
2616 387 7776
2615 388 7775
2614 389 7774
2613 390 7773
2612 391 7772
2611 392 7771
2610 393 7770
2609 394 7769
2608 395 7768
2607 396 7767
2606 397 7766
2605 398 7765
2604 399 7764
2603 400 7763
2602 401 7762
2601 402 7761
2600 403 7760
2599 404 7759
2598 405 7758
2597 406 7757
2596 407 7756
2595 408 7755
2594 409 7754
2593 410 7753
2592 411 7752
2591 412 7751
2590 413 7750
2589 414 7749
2588 415 7748
2587 416 7747
2586 417 7746
2585 418 7745
2584 419 7744
2583 420 7743
2582 421 7742
2581 422 7741
2580 423 7740
2579 424 7739
2578 425 7738
2577 426 7737
2576 427 7736
2575 428 7735
2574 429 7734
2573 430 7733
2572 431 7732
2571 432 7731
2570 433 7730
2569 434 7729
2568 435 7728
2567 436 7727
2566 437 7726
2565 438 7725
2564 439 7724
2563 440 7723
2562 441 7722
2561 442 7721
2560 443 7720
2559 444 7719
2558 445 7718
2557 446 7717
2556 447 7716
2555 448 7715
2554 449 7714
2553 450 7713
2552 451 7712
2551 452 7711
2550 453 7710
2549 454 7709
2548 455 7708
2547 456 7707
2546 457 7706
2545 458 7705
2544 459 7704
2543 460 7703
2542 461 7702
2541 462 7701
2540 463 7700
2539 464 7699
2538 465 7698
2537 466 7697
2536 467 7696
2535 468 7695
2534 469 7694
2533 470 7693
2532 471 7692
2531 472 7691
2530 473 7690
2529 474 7689
2528 475 7688
2527 476 7687
2526 477 7686
2525 478 7685
2524 479 7684
2523 480 7683
2522 481 7682
2521 482 7681
2520 483 7680
2519 484 7679
2518 485 7678
2517 486 7677
2516 487 7676
2515 488 7675
2514 489 7674
2513 490 7673
2512 491 7672
2511 492 7671
2510 493 7670
2509 494 7669
2508 495 7668
2507 496 7667
2506 497 7666
2505 498 7665
2504 499 7664
2503 500 7663
2502 501 7662
2501 502 7661
2500 503 7660
2499 504 7659
2498 505 7658
2497 506 7657
2496 507 7656
2495 508 7655
2494 509 7654
2493 510 7653
2492 511 7652
2491 512 7651
2490 513 7650
2489 514 7649
2488 515 7648
2487 516 7647
2486 517 7646
2485 518 7645
2484 519 7644
2483 520 7643
2482 521 7642
2481 522 7641
2480 523 7640
2479 524 7639
2478 525 7638
2477 526 7637
2476 527 7636
2475 528 7635
2474 529 7634
2473 530 7633
2472 531 7632
2471 532 7631
2470 533 7630
2469 534 7629
2468 535 7628
2467 536 7627
2466 537 7626
2465 538 7625
2464 539 7624
2463 540 7623
2462 541 7622
2461 542 7621
2460 543 7620
2459 544 7619
2458 545 7618
2457 546 7617
2456 547 7616
2455 548 7615
2454 549 7614
2453 550 7613
2452 551 7612
2451 552 7611
2450 553 7610
2449 554 7609
2448 555 7608
2447 556 7607
2446 557 7606
2445 558 7605
2444 559 7604
2443 560 7603
2442 561 7602
2441 562 7601
2440 563 7600
2439 564 7599
2438 565 7598
2437 566 7597
2436 567 7596
2435 568 7595
2434 569 7594
2433 570 7593
2432 571 7592
2431 572 7591
2430 573 7590
2429 574 7589
2428 575 7588
2427 576 7587
2426 577 7586
2425 578 7585
2424 579 7584
2423 580 7583
2422 581 7582
2421 582 7581
2420 583 7580
2419 584 7579
2418 585 7578
2417 586 7577
2416 587 7576
2415 588 7575
2414 589 7574
2413 590 7573
2412 591 7572
2411 592 7571
2410 593 7570
2409 594 7569
2408 595 7568
2407 596 7567
2406 597 7566
2405 598 7565
2404 599 7564
2403 600 7563
2402 601 7562
2401 602 7561
2400 603 7560
2399 604 7559
2398 605 7558
2397 606 7557
2396 607 7556
2395 608 7555
2394 609 7554
2393 610 7553
2392 611 7552
2391 612 7551
2390 613 7550
2389 614 7549
2388 615 7548
2387 616 7547
2386 617 7546
2385 618 7545
2384 619 7544
2383 620 7543
2382 621 7542
2381 622 7541
2380 623 7540
2379 624 7539
2378 625 7538
2377 626 7537
2376 627 7536
2375 628 7535
2374 629 7534
2373 630 7533
2372 631 7532
2371 632 7531
2370 633 7530
2369 634 7529
2368 635 7528
2367 636 7527
2366 637 7526
2365 638 7525
2364 639 7524
2363 640 7523
2362 641 7522
2361 642 7521
2360 643 7520
2359 644 7519
2358 645 7518
2357 646 7517
2356 647 7516
2355 648 7515
2354 649 7514
2353 650 7513
2352 651 7512
2351 652 7511
2350 653 7510
2349 654 7509
2348 655 7508
2347 656 7507
2346 657 7506
2345 658 7505
2344 659 7504
2343 660 7503
2342 661 7502
2341 662 7501
2340 663 7500
2339 664 7499
2338 665 7498
2337 666 7497
2336 667 7496
2335 668 7495
2334 669 7494
2333 670 7493
2332 671 7492
2331 672 7491
2330 673 7490
2329 674 7489
2328 675 7488
2327 676 7487
2326 677 7486
2325 678 7485
2324 679 7484
2323 680 7483
2322 681 7482
2321 682 7481
2320 683 7480
2319 684 7479
2318 685 7478
2317 686 7477
2316 687 7476
2315 688 7475
2314 689 7474
2313 690 7473
2312 691 7472
2311 692 7471
2310 693 7470
2309 694 7469
2308 695 7468
2307 696 7467
2306 697 7466
2305 698 7465
2304 699 7464
2303 700 7463
2302 701 7462
2301 702 7461
2300 703 7460
2299 704 7459
2298 705 7458
2297 706 7457
2296 707 7456
2295 708 7455
2294 709 7454
2293 710 7453
2292 711 7452
2291 712 7451
2290 713 7450
2289 714 7449
2288 715 7448
2287 716 7447
2286 717 7446
2285 718 7445
2284 719 7444
2283 720 7443
2282 721 7442
2281 722 7441
2280 723 7440
2279 724 7439
2278 725 7438
2277 726 7437
2276 727 7436
2275 728 7435
2274 729 7434
2273 730 7433
2272 731 7432
2271 732 7431
2270 733 7430
2269 734 7429
2268 735 7428
2267 736 7427
2266 737 7426
2265 738 7425
2264 739 7424
2263 740 7423
2262 741 7422
2261 742 7421
2260 743 7420
2259 744 7419
2258 745 7418
2257 746 7417
2256 747 7416
2255 748 7415
2254 749 7414
2253 750 7413
2252 751 7412
2251 752 7411
2250 753 7410
2249 754 7409
2248 755 7408
2247 756 7407
2246 757 7406
2245 758 7405
2244 759 7404
2243 760 7403
2242 761 7402
2241 762 7401
2240 763 7400
2239 764 7399
2238 765 7398
2237 766 7397
2236 767 7396
2235 768 7395
2234 769 7394
2233 770 7393
2232 771 7392
2231 772 7391
2230 773 7390
2229 774 7389
2228 775 7388
2227 776 7387
2226 777 7386
2225 778 7385
2224 779 7384
2223 780 7383
2222 781 7382
2221 782 7381
2220 783 7380
2219 784 7379
2218 785 7378
2217 786 7377
2216 787 7376
2215 788 7375
2214 789 7374
2213 790 7373
2212 791 7372
2211 792 7371
2210 793 7370
2209 794 7369
2208 795 7368
2207 796 7367
2206 797 7366
2205 798 7365
2204 799 7364
2203 800 7363
2202 801 7362
2201 802 7361
2200 803 7360
2199 804 7359
2198 805 7358
2197 806 7357
2196 807 7356
2195 808 7355
2194 809 7354
2193 810 7353
2192 811 7352
2191 812 7351
2190 813 7350
2189 814 7349
2188 815 7348
2187 816 7347
2186 817 7346
2185 818 7345
2184 819 7344
2183 820 7343
2182 821 7342
2181 822 7341
2180 823 7340
2179 824 7339
2178 825 7338
2177 826 7337
2176 827 7336
2175 828 7335
2174 829 7334
2173 830 7333
2172 831 7332
2171 832 7331
2170 833 7330
2169 834 7329
2168 835 7328
2167 836 7327
2166 837 7326
2165 838 7325
2164 839 7324
2163 840 7323
2162 841 7322
2161 842 7321
2160 843 7320
2159 844 7319
2158 845 7318
2157 846 7317
2156 847 7316
2155 848 7315
2154 849 7314
2153 850 7313
2152 851 7312
2151 852 7311
2150 853 7310
2149 854 7309
2148 855 7308
2147 856 7307
2146 857 7306
2145 858 7305
2144 859 7304
2143 860 7303
2142 861 7302
2141 862 7301
2140 863 7300
2139 864 7299
2138 865 7298
2137 866 7297
2136 867 7296
2135 868 7295
2134 869 7294
2133 870 7293
2132 871 7292
2131 872 7291
2130 873 7290
2129 874 7289
2128 875 7288
2127 876 7287
2126 877 7286
2125 878 7285
2124 879 7284
2123 880 7283
2122 881 7282
2121 882 7281
2120 883 7280
2119 884 7279
2118 885 7278
2117 886 7277
2116 887 7276
2115 888 7275
2114 889 7274
2113 890 7273
2112 891 7272
2111 892 7271
2110 893 7270
2109 894 7269
2108 895 7268
2107 896 7267
2106 897 7266
2105 898 7265
2104 899 7264
2103 900 7263
2102 901 7262
2101 902 7261
2100 903 7260
2099 904 7259
2098 905 7258
2097 906 7257
2096 907 7256
2095 908 7255
2094 909 7254
2093 910 7253
2092 911 7252
2091 912 7251
2090 913 7250
2089 914 7249
2088 915 7248
2087 916 7247
2086 917 7246
2085 918 7245
2084 919 7244
2083 920 7243
2082 921 7242
2081 922 7241
2080 923 7240
2079 924 7239
2078 925 7238
2077 926 7237
2076 927 7236
2075 928 7235
2074 929 7234
2073 930 7233
2072 931 7232
2071 932 7231
2070 933 7230
2069 934 7229
2068 935 7228
2067 936 7227
2066 937 7226
2065 938 7225
2064 939 7224
2063 940 7223
2062 941 7222
2061 942 7221
2060 943 7220
2059 944 7219
2058 945 7218
2057 946 7217
2056 947 7216
2055 948 7215
2054 949 7214
2053 950 7213
2052 951 7212
2051 952 7211
2050 953 7210
2049 954 7209
2048 955 7208
2047 956 7207
2046 957 7206
2045 958 7205
2044 959 7204
2043 960 7203
2042 961 7202
2041 962 7201
2040 963 7200
2039 964 7199
2038 965 7198
2037 966 7197
2036 967 7196
2035 968 7195
2034 969 7194
2033 970 7193
2032 971 7192
2031 972 7191
2030 973 7190
2029 974 7189
2028 975 7188
2027 976 7187
2026 977 7186
2025 978 7185
2024 979 7184
2023 980 7183
2022 981 7182
2021 982 7181
2020 983 7180
2019 984 7179
2018 985 7178
2017 986 7177
2016 987 7176
2015 988 7175
2014 989 7174
2013 990 7173
2012 991 7172
2011 992 7171
2010 993 7170
2009 994 7169
2008 995 7168
2007 996 7167
2006 997 7166
2005 998 7165
2004 999 7164
2003 1000 7163
2002 1001 7162
2001 1002 7161
2000 1003 7160
1999 1004 7159
1998 1005 7158
1997 1006 7157
1996 1007 7156
1995 1008 7155
1994 1009 7154
1993 1010 7153
1992 1011 7152
1991 1012 7151
1990 1013 7150
1989 1014 7149
1988 1015 7148
1987 1016 7147
1986 1017 7146
1985 1018 7145
1984 1019 7144
1983 1020 7143
1982 1021 7142
1981 1022 7141
1980 1023 7140
1979 1024 7139
1978 1025 7138
1977 1026 7137
1976 1027 7136
1975 1028 7135
1974 1029 7134
1973 1030 7133
1972 1031 7132
1971 1032 7131
1970 1033 7130
1969 1034 7129
1968 1035 7128
1967 1036 7127
1966 1037 7126
1965 1038 7125
1964 1039 7124
1963 1040 7123
1962 1041 7122
1961 1042 7121
1960 1043 7120
1959 1044 7119
1958 1045 7118
1957 1046 7117
1956 1047 7116
1955 1048 7115
1954 1049 7114
1953 1050 7113
1952 1051 7112
1951 1052 7111
1950 1053 7110
1949 1054 7109
1948 1055 7108
1947 1056 7107
1946 1057 7106
1945 1058 7105
1944 1059 7104
1943 1060 7103
1942 1061 7102
1941 1062 7101
1940 1063 7100
1939 1064 7099
1938 1065 7098
1937 1066 7097
1936 1067 7096
1935 1068 7095
1934 1069 7094
1933 1070 7093
1932 1071 7092
1931 1072 7091
1930 1073 7090
1929 1074 7089
1928 1075 7088
1927 1076 7087
1926 1077 7086
1925 1078 7085
1924 1079 7084
1923 1080 7083
1922 1081 7082
1921 1082 7081
1920 1083 7080
1919 1084 7079
1918 1085 7078
1917 1086 7077
1916 1087 7076
1915 1088 7075
1914 1089 7074
1913 1090 7073
1912 1091 7072
1911 1092 7071
1910 1093 7070
1909 1094 7069
1908 1095 7068
1907 1096 7067
1906 1097 7066
1905 1098 7065
1904 1099 7064
1903 1100 7063
1902 1101 7062
1901 1102 7061
1900 1103 7060
1899 1104 7059
1898 1105 7058
1897 1106 7057
1896 1107 7056
1895 1108 7055
1894 1109 7054
1893 1110 7053
1892 1111 7052
1891 1112 7051
1890 1113 7050
1889 1114 7049
1888 1115 7048
1887 1116 7047
1886 1117 7046
1885 1118 7045
1884 1119 7044
1883 1120 7043
1882 1121 7042
1881 1122 7041
1880 1123 7040
1879 1124 7039
1878 1125 7038
1877 1126 7037
1876 1127 7036
1875 1128 7035
1874 1129 7034
1873 1130 7033
1872 1131 7032
1871 1132 7031
1870 1133 7030
1869 1134 7029
1868 1135 7028
1867 1136 7027
1866 1137 7026
1865 1138 7025
1864 1139 7024
1863 1140 7023
1862 1141 7022
1861 1142 7021
1860 1143 7020
1859 1144 7019
1858 1145 7018
1857 1146 7017
1856 1147 7016
1855 1148 7015
1854 1149 7014
1853 1150 7013
1852 1151 7012
1851 1152 7011
1850 1153 7010
1849 1154 7009
1848 1155 7008
1847 1156 7007
1846 1157 7006
1845 1158 7005
1844 1159 7004
1843 1160 7003
1842 1161 7002
1841 1162 7001
1840 1163 7000
1839 1164 6999
1838 1165 6998
1837 1166 6997
1836 1167 6996
1835 1168 6995
1834 1169 6994
1833 1170 6993
1832 1171 6992
1831 1172 6991
1830 1173 6990
1829 1174 6989
1828 1175 6988
1827 1176 6987
1826 1177 6986
1825 1178 6985
1824 1179 6984
1823 1180 6983
1822 1181 6982
1821 1182 6981
1820 1183 6980
1819 1184 6979
1818 1185 6978
1817 1186 6977
1816 1187 6976
1815 1188 6975
1814 1189 6974
1813 1190 6973
1812 1191 6972
1811 1192 6971
1810 1193 6970
1809 1194 6969
1808 1195 6968
1807 1196 6967
1806 1197 6966
1805 1198 6965
1804 1199 6964
1803 1200 6963
1802 1201 6962
1801 1202 6961
1800 1203 6960
1799 1204 6959
1798 1205 6958
1797 1206 6957
1796 1207 6956
1795 1208 6955
1794 1209 6954
1793 1210 6953
1792 1211 6952
1791 1212 6951
1790 1213 6950
1789 1214 6949
1788 1215 6948
1787 1216 6947
1786 1217 6946
1785 1218 6945
1784 1219 6944
1783 1220 6943
1782 1221 6942
1781 1222 6941
1780 1223 6940
1779 1224 6939
1778 1225 6938
1777 1226 6937
1776 1227 6936
1775 1228 6935
1774 1229 6934
1773 1230 6933
1772 1231 6932
1771 1232 6931
1770 1233 6930
1769 1234 6929
1768 1235 6928
1767 1236 6927
1766 1237 6926
1765 1238 6925
1764 1239 6924
1763 1240 6923
1762 1241 6922
1761 1242 6921
1760 1243 6920
1759 1244 6919
1758 1245 6918
1757 1246 6917
1756 1247 6916
1755 1248 6915
1754 1249 6914
1753 1250 6913
1752 1251 6912
1751 1252 6911
1750 1253 6910
1749 1254 6909
1748 1255 6908
1747 1256 6907
1746 1257 6906
1745 1258 6905
1744 1259 6904
1743 1260 6903
1742 1261 6902
1741 1262 6901
1740 1263 6900
1739 1264 6899
1738 1265 6898
1737 1266 6897
1736 1267 6896
1735 1268 6895
1734 1269 6894
1733 1270 6893
1732 1271 6892
1731 1272 6891
1730 1273 6890
1729 1274 6889
1728 1275 6888
1727 1276 6887
1726 1277 6886
1725 1278 6885
1724 1279 6884
1723 1280 6883
1722 1281 6882
1721 1282 6881
1720 1283 6880
1719 1284 6879
1718 1285 6878
1717 1286 6877
1716 1287 6876
1715 1288 6875
1714 1289 6874
1713 1290 6873
1712 1291 6872
1711 1292 6871
1710 1293 6870
1709 1294 6869
1708 1295 6868
1707 1296 6867
1706 1297 6866
1705 1298 6865
1704 1299 6864
1703 1300 6863
1702 1301 6862
1701 1302 6861
1700 1303 6860
1699 1304 6859
1698 1305 6858
1697 1306 6857
1696 1307 6856
1695 1308 6855
1694 1309 6854
1693 1310 6853
1692 1311 6852
1691 1312 6851
1690 1313 6850
1689 1314 6849
1688 1315 6848
1687 1316 6847
1686 1317 6846
1685 1318 6845
1684 1319 6844
1683 1320 6843
1682 1321 6842
1681 1322 6841
1680 1323 6840
1679 1324 6839
1678 1325 6838
1677 1326 6837
1676 1327 6836
1675 1328 6835
1674 1329 6834
1673 1330 6833
1672 1331 6832
1671 1332 6831
1670 1333 6830
1669 1334 6829
1668 1335 6828
1667 1336 6827
1666 1337 6826
1665 1338 6825
1664 1339 6824
1663 1340 6823
1662 1341 6822
1661 1342 6821
1660 1343 6820
1659 1344 6819
1658 1345 6818
1657 1346 6817
1656 1347 6816
1655 1348 6815
1654 1349 6814
1653 1350 6813
1652 1351 6812
1651 1352 6811
1650 1353 6810
1649 1354 6809
1648 1355 6808
1647 1356 6807
1646 1357 6806
1645 1358 6805
1644 1359 6804
1643 1360 6803
1642 1361 6802
1641 1362 6801
1640 1363 6800
1639 1364 6799
1638 1365 6798
1637 1366 6797
1636 1367 6796
1635 1368 6795
1634 1369 6794
1633 1370 6793
1632 1371 6792
1631 1372 6791
1630 1373 6790
1629 1374 6789
1628 1375 6788
1627 1376 6787
1626 1377 6786
1625 1378 6785
1624 1379 6784
1623 1380 6783
1622 1381 6782
1621 1382 6781
1620 1383 6780
1619 1384 6779
1618 1385 6778
1617 1386 6777
1616 1387 6776
1615 1388 6775
1614 1389 6774
1613 1390 6773
1612 1391 6772
1611 1392 6771
1610 1393 6770
1609 1394 6769
1608 1395 6768
1607 1396 6767
1606 1397 6766
1605 1398 6765
1604 1399 6764
1603 1400 6763
1602 1401 6762
1601 1402 6761
1600 1403 6760
1599 1404 6759
1598 1405 6758
1597 1406 6757
1596 1407 6756
1595 1408 6755
1594 1409 6754
1593 1410 6753
1592 1411 6752
1591 1412 6751
1590 1413 6750
1589 1414 6749
1588 1415 6748
1587 1416 6747
1586 1417 6746
1585 1418 6745
1584 1419 6744
1583 1420 6743
1582 1421 6742
1581 1422 6741
1580 1423 6740
1579 1424 6739
1578 1425 6738
1577 1426 6737
1576 1427 6736
1575 1428 6735
1574 1429 6734
1573 1430 6733
1572 1431 6732
1571 1432 6731
1570 1433 6730
1569 1434 6729
1568 1435 6728
1567 1436 6727
1566 1437 6726
1565 1438 6725
1564 1439 6724
1563 1440 6723
1562 1441 6722
1561 1442 6721
1560 1443 6720
1559 1444 6719
1558 1445 6718
1557 1446 6717
1556 1447 6716
1555 1448 6715
1554 1449 6714
1553 1450 6713
1552 1451 6712
1551 1452 6711
1550 1453 6710
1549 1454 6709
1548 1455 6708
1547 1456 6707
1546 1457 6706
1545 1458 6705
1544 1459 6704
1543 1460 6703
1542 1461 6702
1541 1462 6701
1540 1463 6700
1539 1464 6699
1538 1465 6698
1537 1466 6697
1536 1467 6696
1535 1468 6695
1534 1469 6694
1533 1470 6693
1532 1471 6692
1531 1472 6691
1530 1473 6690
1529 1474 6689
1528 1475 6688
1527 1476 6687
1526 1477 6686
1525 1478 6685
1524 1479 6684
1523 1480 6683
1522 1481 6682
1521 1482 6681
1520 1483 6680
1519 1484 6679
1518 1485 6678
1517 1486 6677
1516 1487 6676
1515 1488 6675
1514 1489 6674
1513 1490 6673
1512 1491 6672
1511 1492 6671
1510 1493 6670
1509 1494 6669
1508 1495 6668
1507 1496 6667
1506 1497 6666
1505 1498 6665
1504 1499 6664
1503 1500 6663
1502 1501 6662
1501 1502 6661
1500 1503 6660
1499 1504 6659
1498 1505 6658
1497 1506 6657
1496 1507 6656
1495 1508 6655
1494 1509 6654
1493 1510 6653
1492 1511 6652
1491 1512 6651
1490 1513 6650
1489 1514 6649
1488 1515 6648
1487 1516 6647
1486 1517 6646
1485 1518 6645
1484 1519 6644
1483 1520 6643
1482 1521 6642
1481 1522 6641
1480 1523 6640
1479 1524 6639
1478 1525 6638
1477 1526 6637
1476 1527 6636
1475 1528 6635
1474 1529 6634
1473 1530 6633
1472 1531 6632
1471 1532 6631
1470 1533 6630
1469 1534 6629
1468 1535 6628
1467 1536 6627
1466 1537 6626
1465 1538 6625
1464 1539 6624
1463 1540 6623
1462 1541 6622
1461 1542 6621
1460 1543 6620
1459 1544 6619
1458 1545 6618
1457 1546 6617
1456 1547 6616
1455 1548 6615
1454 1549 6614
1453 1550 6613
1452 1551 6612
1451 1552 6611
1450 1553 6610
1449 1554 6609
1448 1555 6608
1447 1556 6607
1446 1557 6606
1445 1558 6605
1444 1559 6604
1443 1560 6603
1442 1561 6602
1441 1562 6601
1440 1563 6600
1439 1564 6599
1438 1565 6598
1437 1566 6597
1436 1567 6596
1435 1568 6595
1434 1569 6594
1433 1570 6593
1432 1571 6592
1431 1572 6591
1430 1573 6590
1429 1574 6589
1428 1575 6588
1427 1576 6587
1426 1577 6586
1425 1578 6585
1424 1579 6584
1423 1580 6583
1422 1581 6582
1421 1582 6581
1420 1583 6580
1419 1584 6579
1418 1585 6578
1417 1586 6577
1416 1587 6576
1415 1588 6575
1414 1589 6574
1413 1590 6573
1412 1591 6572
1411 1592 6571
1410 1593 6570
1409 1594 6569
1408 1595 6568
1407 1596 6567
1406 1597 6566
1405 1598 6565
1404 1599 6564
1403 1600 6563
1402 1601 6562
1401 1602 6561
1400 1603 6560
1399 1604 6559
1398 1605 6558
1397 1606 6557
1396 1607 6556
1395 1608 6555
1394 1609 6554
1393 1610 6553
1392 1611 6552
1391 1612 6551
1390 1613 6550
1389 1614 6549
1388 1615 6548
1387 1616 6547
1386 1617 6546
1385 1618 6545
1384 1619 6544
1383 1620 6543
1382 1621 6542
1381 1622 6541
1380 1623 6540
1379 1624 6539
1378 1625 6538
1377 1626 6537
1376 1627 6536
1375 1628 6535
1374 1629 6534
1373 1630 6533
1372 1631 6532
1371 1632 6531
1370 1633 6530
1369 1634 6529
1368 1635 6528
1367 1636 6527
1366 1637 6526
1365 1638 6525
1364 1639 6524
1363 1640 6523
1362 1641 6522
1361 1642 6521
1360 1643 6520
1359 1644 6519
1358 1645 6518
1357 1646 6517
1356 1647 6516
1355 1648 6515
1354 1649 6514
1353 1650 6513
1352 1651 6512
1351 1652 6511
1350 1653 6510
1349 1654 6509
1348 1655 6508
1347 1656 6507
1346 1657 6506
1345 1658 6505
1344 1659 6504
1343 1660 6503
1342 1661 6502
1341 1662 6501
1340 1663 6500
1339 1664 6499
1338 1665 6498
1337 1666 6497
1336 1667 6496
1335 1668 6495
1334 1669 6494
1333 1670 6493
1332 1671 6492
1331 1672 6491
1330 1673 6490
1329 1674 6489
1328 1675 6488
1327 1676 6487
1326 1677 6486
1325 1678 6485
1324 1679 6484
1323 1680 6483
1322 1681 6482
1321 1682 6481
1320 1683 6480
1319 1684 6479
1318 1685 6478
1317 1686 6477
1316 1687 6476
1315 1688 6475
1314 1689 6474
1313 1690 6473
1312 1691 6472
1311 1692 6471
1310 1693 6470
1309 1694 6469
1308 1695 6468
1307 1696 6467
1306 1697 6466
1305 1698 6465
1304 1699 6464
1303 1700 6463
1302 1701 6462
1301 1702 6461
1300 1703 6460
1299 1704 6459
1298 1705 6458
1297 1706 6457
1296 1707 6456
1295 1708 6455
1294 1709 6454
1293 1710 6453
1292 1711 6452
1291 1712 6451
1290 1713 6450
1289 1714 6449
1288 1715 6448
1287 1716 6447
1286 1717 6446
1285 1718 6445
1284 1719 6444
1283 1720 6443
1282 1721 6442
1281 1722 6441
1280 1723 6440
1279 1724 6439
1278 1725 6438
1277 1726 6437
1276 1727 6436
1275 1728 6435
1274 1729 6434
1273 1730 6433
1272 1731 6432
1271 1732 6431
1270 1733 6430
1269 1734 6429
1268 1735 6428
1267 1736 6427
1266 1737 6426
1265 1738 6425
1264 1739 6424
1263 1740 6423
1262 1741 6422
1261 1742 6421
1260 1743 6420
1259 1744 6419
1258 1745 6418
1257 1746 6417
1256 1747 6416
1255 1748 6415
1254 1749 6414
1253 1750 6413
1252 1751 6412
1251 1752 6411
1250 1753 6410
1249 1754 6409
1248 1755 6408
1247 1756 6407
1246 1757 6406
1245 1758 6405
1244 1759 6404
1243 1760 6403
1242 1761 6402
1241 1762 6401
1240 1763 6400
1239 1764 6399
1238 1765 6398
1237 1766 6397
1236 1767 6396
1235 1768 6395
1234 1769 6394
1233 1770 6393
1232 1771 6392
1231 1772 6391
1230 1773 6390
1229 1774 6389
1228 1775 6388
1227 1776 6387
1226 1777 6386
1225 1778 6385
1224 1779 6384
1223 1780 6383
1222 1781 6382
1221 1782 6381
1220 1783 6380
1219 1784 6379
1218 1785 6378
1217 1786 6377
1216 1787 6376
1215 1788 6375
1214 1789 6374
1213 1790 6373
1212 1791 6372
1211 1792 6371
1210 1793 6370
1209 1794 6369
1208 1795 6368
1207 1796 6367
1206 1797 6366
1205 1798 6365
1204 1799 6364
1203 1800 6363
1202 1801 6362
1201 1802 6361
1200 1803 6360
1199 1804 6359
1198 1805 6358
1197 1806 6357
1196 1807 6356
1195 1808 6355
1194 1809 6354
1193 1810 6353
1192 1811 6352
1191 1812 6351
1190 1813 6350
1189 1814 6349
1188 1815 6348
1187 1816 6347
1186 1817 6346
1185 1818 6345
1184 1819 6344
1183 1820 6343
1182 1821 6342
1181 1822 6341
1180 1823 6340
1179 1824 6339
1178 1825 6338
1177 1826 6337
1176 1827 6336
1175 1828 6335
1174 1829 6334
1173 1830 6333
1172 1831 6332
1171 1832 6331
1170 1833 6330
1169 1834 6329
1168 1835 6328
1167 1836 6327
1166 1837 6326
1165 1838 6325
1164 1839 6324
1163 1840 6323
1162 1841 6322
1161 1842 6321
1160 1843 6320
1159 1844 6319
1158 1845 6318
1157 1846 6317
1156 1847 6316
1155 1848 6315
1154 1849 6314
1153 1850 6313
1152 1851 6312
1151 1852 6311
1150 1853 6310
1149 1854 6309
1148 1855 6308
1147 1856 6307
1146 1857 6306
1145 1858 6305
1144 1859 6304
1143 1860 6303
1142 1861 6302
1141 1862 6301
1140 1863 6300
1139 1864 6299
1138 1865 6298
1137 1866 6297
1136 1867 6296
1135 1868 6295
1134 1869 6294
1133 1870 6293
1132 1871 6292
1131 1872 6291
1130 1873 6290
1129 1874 6289
1128 1875 6288
1127 1876 6287
1126 1877 6286
1125 1878 6285
1124 1879 6284
1123 1880 6283
1122 1881 6282
1121 1882 6281
1120 1883 6280
1119 1884 6279
1118 1885 6278
1117 1886 6277
1116 1887 6276
1115 1888 6275
1114 1889 6274
1113 1890 6273
1112 1891 6272
1111 1892 6271
1110 1893 6270
1109 1894 6269
1108 1895 6268
1107 1896 6267
1106 1897 6266
1105 1898 6265
1104 1899 6264
1103 1900 6263
1102 1901 6262
1101 1902 6261
1100 1903 6260
1099 1904 6259
1098 1905 6258
1097 1906 6257
1096 1907 6256
1095 1908 6255
1094 1909 6254
1093 1910 6253
1092 1911 6252
1091 1912 6251
1090 1913 6250
1089 1914 6249
1088 1915 6248
1087 1916 6247
1086 1917 6246
1085 1918 6245
1084 1919 6244
1083 1920 6243
1082 1921 6242
1081 1922 6241
1080 1923 6240
1079 1924 6239
1078 1925 6238
1077 1926 6237
1076 1927 6236
1075 1928 6235
1074 1929 6234
1073 1930 6233
1072 1931 6232
1071 1932 6231
1070 1933 6230
1069 1934 6229
1068 1935 6228
1067 1936 6227
1066 1937 6226
1065 1938 6225
1064 1939 6224
1063 1940 6223
1062 1941 6222
1061 1942 6221
1060 1943 6220
1059 1944 6219
1058 1945 6218
1057 1946 6217
1056 1947 6216
1055 1948 6215
1054 1949 6214
1053 1950 6213
1052 1951 6212
1051 1952 6211
1050 1953 6210
1049 1954 6209
1048 1955 6208
1047 1956 6207
1046 1957 6206
1045 1958 6205
1044 1959 6204
1043 1960 6203
1042 1961 6202
1041 1962 6201
1040 1963 6200
1039 1964 6199
1038 1965 6198
1037 1966 6197
1036 1967 6196
1035 1968 6195
1034 1969 6194
1033 1970 6193
1032 1971 6192
1031 1972 6191
1030 1973 6190
1029 1974 6189
1028 1975 6188
1027 1976 6187
1026 1977 6186
1025 1978 6185
1024 1979 6184
1023 1980 6183
1022 1981 6182
1021 1982 6181
1020 1983 6180
1019 1984 6179
1018 1985 6178
1017 1986 6177
1016 1987 6176
1015 1988 6175
1014 1989 6174
1013 1990 6173
1012 1991 6172
1011 1992 6171
1010 1993 6170
1009 1994 6169
1008 1995 6168
1007 1996 6167
1006 1997 6166
1005 1998 6165
1004 1999 6164
1003 2000 6163
1002 2001 6162
1001 2002 6161
1000 2003 6160
999 2004 6159
998 2005 6158
997 2006 6157
996 2007 6156
995 2008 6155
994 2009 6154
993 2010 6153
992 2011 6152
991 2012 6151
990 2013 6150
989 2014 6149
988 2015 6148
987 2016 6147
986 2017 6146
985 2018 6145
984 2019 6144
983 2020 6143
982 2021 6142
981 2022 6141
980 2023 6140
979 2024 6139
978 2025 6138
977 2026 6137
976 2027 6136
975 2028 6135
974 2029 6134
973 2030 6133
972 2031 6132
971 2032 6131
970 2033 6130
969 2034 6129
968 2035 6128
967 2036 6127
966 2037 6126
965 2038 6125
964 2039 6124
963 2040 6123
962 2041 6122
961 2042 6121
960 2043 6120
959 2044 6119
958 2045 6118
957 2046 6117
956 2047 6116
955 2048 6115
954 2049 6114
953 2050 6113
952 2051 6112
951 2052 6111
950 2053 6110
949 2054 6109
948 2055 6108
947 2056 6107
946 2057 6106
945 2058 6105
944 2059 6104
943 2060 6103
942 2061 6102
941 2062 6101
940 2063 6100
939 2064 6099
938 2065 6098
937 2066 6097
936 2067 6096
935 2068 6095
934 2069 6094
933 2070 6093
932 2071 6092
931 2072 6091
930 2073 6090
929 2074 6089
928 2075 6088
927 2076 6087
926 2077 6086
925 2078 6085
924 2079 6084
923 2080 6083
922 2081 6082
921 2082 6081
920 2083 6080
919 2084 6079
918 2085 6078
917 2086 6077
916 2087 6076
915 2088 6075
914 2089 6074
913 2090 6073
912 2091 6072
911 2092 6071
910 2093 6070
909 2094 6069
908 2095 6068
907 2096 6067
906 2097 6066
905 2098 6065
904 2099 6064
903 2100 6063
902 2101 6062
901 2102 6061
900 2103 6060
899 2104 6059
898 2105 6058
897 2106 6057
896 2107 6056
895 2108 6055
894 2109 6054
893 2110 6053
892 2111 6052
891 2112 6051
890 2113 6050
889 2114 6049
888 2115 6048
887 2116 6047
886 2117 6046
885 2118 6045
884 2119 6044
883 2120 6043
882 2121 6042
881 2122 6041
880 2123 6040
879 2124 6039
878 2125 6038
877 2126 6037
876 2127 6036
875 2128 6035
874 2129 6034
873 2130 6033
872 2131 6032
871 2132 6031
870 2133 6030
869 2134 6029
868 2135 6028
867 2136 6027
866 2137 6026
865 2138 6025
864 2139 6024
863 2140 6023
862 2141 6022
861 2142 6021
860 2143 6020
859 2144 6019
858 2145 6018
857 2146 6017
856 2147 6016
855 2148 6015
854 2149 6014
853 2150 6013
852 2151 6012
851 2152 6011
850 2153 6010
849 2154 6009
848 2155 6008
847 2156 6007
846 2157 6006
845 2158 6005
844 2159 6004
843 2160 6003
842 2161 6002
841 2162 6001
