1000
3000 3 7000
2999 4 6999
2998 5 6998
2997 6 6997
2996 7 6996
2995 8 6995
2994 9 6994
2993 10 6993
2992 11 6992
2991 12 6991
2990 13 6990
2989 14 6989
2988 15 6988
2987 16 6987
2986 17 6986
2985 18 6985
2984 19 6984
2983 20 6983
2982 21 6982
2981 22 6981
2980 23 6980
2979 24 6979
2978 25 6978
2977 26 6977
2976 27 6976
2975 28 6975
2974 29 6974
2973 30 6973
2972 31 6972
2971 32 6971
2970 33 6970
2969 34 6969
2968 35 6968
2967 36 6967
2966 37 6966
2965 38 6965
2964 39 6964
2963 40 6963
2962 41 6962
2961 42 6961
2960 43 6960
2959 44 6959
2958 45 6958
2957 46 6957
2956 47 6956
2955 48 6955
2954 49 6954
2953 50 6953
2952 51 6952
2951 52 6951
2950 53 6950
2949 54 6949
2948 55 6948
2947 56 6947
2946 57 6946
2945 58 6945
2944 59 6944
2943 60 6943
2942 61 6942
2941 62 6941
2940 63 6940
2939 64 6939
2938 65 6938
2937 66 6937
2936 67 6936
2935 68 6935
2934 69 6934
2933 70 6933
2932 71 6932
2931 72 6931
2930 73 6930
2929 74 6929
2928 75 6928
2927 76 6927
2926 77 6926
2925 78 6925
2924 79 6924
2923 80 6923
2922 81 6922
2921 82 6921
2920 83 6920
2919 84 6919
2918 85 6918
2917 86 6917
2916 87 6916
2915 88 6915
2914 89 6914
2913 90 6913
2912 91 6912
2911 92 6911
2910 93 6910
2909 94 6909
2908 95 6908
2907 96 6907
2906 97 6906
2905 98 6905
2904 99 6904
2903 100 6903
2902 101 6902
2901 102 6901
2900 103 6900
2899 104 6899
2898 105 6898
2897 106 6897
2896 107 6896
2895 108 6895
2894 109 6894
2893 110 6893
2892 111 6892
2891 112 6891
2890 113 6890
2889 114 6889
2888 115 6888
2887 116 6887
2886 117 6886
2885 118 6885
2884 119 6884
2883 120 6883
2882 121 6882
2881 122 6881
2880 123 6880
2879 124 6879
2878 125 6878
2877 126 6877
2876 127 6876
2875 128 6875
2874 129 6874
2873 130 6873
2872 131 6872
2871 132 6871
2870 133 6870
2869 134 6869
2868 135 6868
2867 136 6867
2866 137 6866
2865 138 6865
2864 139 6864
2863 140 6863
2862 141 6862
2861 142 6861
2860 143 6860
2859 144 6859
2858 145 6858
2857 146 6857
2856 147 6856
2855 148 6855
2854 149 6854
2853 150 6853
2852 151 6852
2851 152 6851
2850 153 6850
2849 154 6849
2848 155 6848
2847 156 6847
2846 157 6846
2845 158 6845
2844 159 6844
2843 160 6843
2842 161 6842
2841 162 6841
2840 163 6840
2839 164 6839
2838 165 6838
2837 166 6837
2836 167 6836
2835 168 6835
2834 169 6834
2833 170 6833
2832 171 6832
2831 172 6831
2830 173 6830
2829 174 6829
2828 175 6828
2827 176 6827
2826 177 6826
2825 178 6825
2824 179 6824
2823 180 6823
2822 181 6822
2821 182 6821
2820 183 6820
2819 184 6819
2818 185 6818
2817 186 6817
2816 187 6816
2815 188 6815
2814 189 6814
2813 190 6813
2812 191 6812
2811 192 6811
2810 193 6810
2809 194 6809
2808 195 6808
2807 196 6807
2806 197 6806
2805 198 6805
2804 199 6804
2803 200 6803
2802 201 6802
2801 202 6801
2800 203 6800
2799 204 6799
2798 205 6798
2797 206 6797
2796 207 6796
2795 208 6795
2794 209 6794
2793 210 6793
2792 211 6792
2791 212 6791
2790 213 6790
2789 214 6789
2788 215 6788
2787 216 6787
2786 217 6786
2785 218 6785
2784 219 6784
2783 220 6783
2782 221 6782
2781 222 6781
2780 223 6780
2779 224 6779
2778 225 6778
2777 226 6777
2776 227 6776
2775 228 6775
2774 229 6774
2773 230 6773
2772 231 6772
2771 232 6771
2770 233 6770
2769 234 6769
2768 235 6768
2767 236 6767
2766 237 6766
2765 238 6765
2764 239 6764
2763 240 6763
2762 241 6762
2761 242 6761
2760 243 6760
2759 244 6759
2758 245 6758
2757 246 6757
2756 247 6756
2755 248 6755
2754 249 6754
2753 250 6753
2752 251 6752
2751 252 6751
2750 253 6750
2749 254 6749
2748 255 6748
2747 256 6747
2746 257 6746
2745 258 6745
2744 259 6744
2743 260 6743
2742 261 6742
2741 262 6741
2740 263 6740
2739 264 6739
2738 265 6738
2737 266 6737
2736 267 6736
2735 268 6735
2734 269 6734
2733 270 6733
2732 271 6732
2731 272 6731
2730 273 6730
2729 274 6729
2728 275 6728
2727 276 6727
2726 277 6726
2725 278 6725
2724 279 6724
2723 280 6723
2722 281 6722
2721 282 6721
2720 283 6720
2719 284 6719
2718 285 6718
2717 286 6717
2716 287 6716
2715 288 6715
2714 289 6714
2713 290 6713
2712 291 6712
2711 292 6711
2710 293 6710
2709 294 6709
2708 295 6708
2707 296 6707
2706 297 6706
2705 298 6705
2704 299 6704
2703 300 6703
2702 301 6702
2701 302 6701
2700 303 6700
2699 304 6699
2698 305 6698
2697 306 6697
2696 307 6696
2695 308 6695
2694 309 6694
2693 310 6693
2692 311 6692
2691 312 6691
2690 313 6690
2689 314 6689
2688 315 6688
2687 316 6687
2686 317 6686
2685 318 6685
2684 319 6684
2683 320 6683
2682 321 6682
2681 322 6681
2680 323 6680
2679 324 6679
2678 325 6678
2677 326 6677
2676 327 6676
2675 328 6675
2674 329 6674
2673 330 6673
2672 331 6672
2671 332 6671
2670 333 6670
2669 334 6669
2668 335 6668
2667 336 6667
2666 337 6666
2665 338 6665
2664 339 6664
2663 340 6663
2662 341 6662
2661 342 6661
2660 343 6660
2659 344 6659
2658 345 6658
2657 346 6657
2656 347 6656
2655 348 6655
2654 349 6654
2653 350 6653
2652 351 6652
2651 352 6651
2650 353 6650
2649 354 6649
2648 355 6648
2647 356 6647
2646 357 6646
2645 358 6645
2644 359 6644
2643 360 6643
2642 361 6642
2641 362 6641
2640 363 6640
2639 364 6639
2638 365 6638
2637 366 6637
2636 367 6636
2635 368 6635
2634 369 6634
2633 370 6633
2632 371 6632
2631 372 6631
2630 373 6630
2629 374 6629
2628 375 6628
2627 376 6627
2626 377 6626
2625 378 6625
2624 379 6624
2623 380 6623
2622 381 6622
2621 382 6621
2620 383 6620
2619 384 6619
2618 385 6618
2617 386 6617
2616 387 6616
2615 388 6615
2614 389 6614
2613 390 6613
2612 391 6612
2611 392 6611
2610 393 6610
2609 394 6609
2608 395 6608
2607 396 6607
2606 397 6606
2605 398 6605
2604 399 6604
2603 400 6603
2602 401 6602
2601 402 6601
2600 403 6600
2599 404 6599
2598 405 6598
2597 406 6597
2596 407 6596
2595 408 6595
2594 409 6594
2593 410 6593
2592 411 6592
2591 412 6591
2590 413 6590
2589 414 6589
2588 415 6588
2587 416 6587
2586 417 6586
2585 418 6585
2584 419 6584
2583 420 6583
2582 421 6582
2581 422 6581
2580 423 6580
2579 424 6579
2578 425 6578
2577 426 6577
2576 427 6576
2575 428 6575
2574 429 6574
2573 430 6573
2572 431 6572
2571 432 6571
2570 433 6570
2569 434 6569
2568 435 6568
2567 436 6567
2566 437 6566
2565 438 6565
2564 439 6564
2563 440 6563
2562 441 6562
2561 442 6561
2560 443 6560
2559 444 6559
2558 445 6558
2557 446 6557
2556 447 6556
2555 448 6555
2554 449 6554
2553 450 6553
2552 451 6552
2551 452 6551
2550 453 6550
2549 454 6549
2548 455 6548
2547 456 6547
2546 457 6546
2545 458 6545
2544 459 6544
2543 460 6543
2542 461 6542
2541 462 6541
2540 463 6540
2539 464 6539
2538 465 6538
2537 466 6537
2536 467 6536
2535 468 6535
2534 469 6534
2533 470 6533
2532 471 6532
2531 472 6531
2530 473 6530
2529 474 6529
2528 475 6528
2527 476 6527
2526 477 6526
2525 478 6525
2524 479 6524
2523 480 6523
2522 481 6522
2521 482 6521
2520 483 6520
2519 484 6519
2518 485 6518
2517 486 6517
2516 487 6516
2515 488 6515
2514 489 6514
2513 490 6513
2512 491 6512
2511 492 6511
2510 493 6510
2509 494 6509
2508 495 6508
2507 496 6507
2506 497 6506
2505 498 6505
2504 499 6504
2503 500 6503
2502 501 6502
2501 502 6501
2500 503 6500
2499 504 6499
2498 505 6498
2497 506 6497
2496 507 6496
2495 508 6495
2494 509 6494
2493 510 6493
2492 511 6492
2491 512 6491
2490 513 6490
2489 514 6489
2488 515 6488
2487 516 6487
2486 517 6486
2485 518 6485
2484 519 6484
2483 520 6483
2482 521 6482
2481 522 6481
2480 523 6480
2479 524 6479
2478 525 6478
2477 526 6477
2476 527 6476
2475 528 6475
2474 529 6474
2473 530 6473
2472 531 6472
2471 532 6471
2470 533 6470
2469 534 6469
2468 535 6468
2467 536 6467
2466 537 6466
2465 538 6465
2464 539 6464
2463 540 6463
2462 541 6462
2461 542 6461
2460 543 6460
2459 544 6459
2458 545 6458
2457 546 6457
2456 547 6456
2455 548 6455
2454 549 6454
2453 550 6453
2452 551 6452
2451 552 6451
2450 553 6450
2449 554 6449
2448 555 6448
2447 556 6447
2446 557 6446
2445 558 6445
2444 559 6444
2443 560 6443
2442 561 6442
2441 562 6441
2440 563 6440
2439 564 6439
2438 565 6438
2437 566 6437
2436 567 6436
2435 568 6435
2434 569 6434
2433 570 6433
2432 571 6432
2431 572 6431
2430 573 6430
2429 574 6429
2428 575 6428
2427 576 6427
2426 577 6426
2425 578 6425
2424 579 6424
2423 580 6423
2422 581 6422
2421 582 6421
2420 583 6420
2419 584 6419
2418 585 6418
2417 586 6417
2416 587 6416
2415 588 6415
2414 589 6414
2413 590 6413
2412 591 6412
2411 592 6411
2410 593 6410
2409 594 6409
2408 595 6408
2407 596 6407
2406 597 6406
2405 598 6405
2404 599 6404
2403 600 6403
2402 601 6402
2401 602 6401
2400 603 6400
2399 604 6399
2398 605 6398
2397 606 6397
2396 607 6396
2395 608 6395
2394 609 6394
2393 610 6393
2392 611 6392
2391 612 6391
2390 613 6390
2389 614 6389
2388 615 6388
2387 616 6387
2386 617 6386
2385 618 6385
2384 619 6384
2383 620 6383
2382 621 6382
2381 622 6381
2380 623 6380
2379 624 6379
2378 625 6378
2377 626 6377
2376 627 6376
2375 628 6375
2374 629 6374
2373 630 6373
2372 631 6372
2371 632 6371
2370 633 6370
2369 634 6369
2368 635 6368
2367 636 6367
2366 637 6366
2365 638 6365
2364 639 6364
2363 640 6363
2362 641 6362
2361 642 6361
2360 643 6360
2359 644 6359
2358 645 6358
2357 646 6357
2356 647 6356
2355 648 6355
2354 649 6354
2353 650 6353
2352 651 6352
2351 652 6351
2350 653 6350
2349 654 6349
2348 655 6348
2347 656 6347
2346 657 6346
2345 658 6345
2344 659 6344
2343 660 6343
2342 661 6342
2341 662 6341
2340 663 6340
2339 664 6339
2338 665 6338
2337 666 6337
2336 667 6336
2335 668 6335
2334 669 6334
2333 670 6333
2332 671 6332
2331 672 6331
2330 673 6330
2329 674 6329
2328 675 6328
2327 676 6327
2326 677 6326
2325 678 6325
2324 679 6324
2323 680 6323
2322 681 6322
2321 682 6321
2320 683 6320
2319 684 6319
2318 685 6318
2317 686 6317
2316 687 6316
2315 688 6315
2314 689 6314
2313 690 6313
2312 691 6312
2311 692 6311
2310 693 6310
2309 694 6309
2308 695 6308
2307 696 6307
2306 697 6306
2305 698 6305
2304 699 6304
2303 700 6303
2302 701 6302
2301 702 6301
2300 703 6300
2299 704 6299
2298 705 6298
2297 706 6297
2296 707 6296
2295 708 6295
2294 709 6294
2293 710 6293
2292 711 6292
2291 712 6291
2290 713 6290
2289 714 6289
2288 715 6288
2287 716 6287
2286 717 6286
2285 718 6285
2284 719 6284
2283 720 6283
2282 721 6282
2281 722 6281
2280 723 6280
2279 724 6279
2278 725 6278
2277 726 6277
2276 727 6276
2275 728 6275
2274 729 6274
2273 730 6273
2272 731 6272
2271 732 6271
2270 733 6270
2269 734 6269
2268 735 6268
2267 736 6267
2266 737 6266
2265 738 6265
2264 739 6264
2263 740 6263
2262 741 6262
2261 742 6261
2260 743 6260
2259 744 6259
2258 745 6258
2257 746 6257
2256 747 6256
2255 748 6255
2254 749 6254
2253 750 6253
2252 751 6252
2251 752 6251
2250 753 6250
2249 754 6249
2248 755 6248
2247 756 6247
2246 757 6246
2245 758 6245
2244 759 6244
2243 760 6243
2242 761 6242
2241 762 6241
2240 763 6240
2239 764 6239
2238 765 6238
2237 766 6237
2236 767 6236
2235 768 6235
2234 769 6234
2233 770 6233
2232 771 6232
2231 772 6231
2230 773 6230
2229 774 6229
2228 775 6228
2227 776 6227
2226 777 6226
2225 778 6225
2224 779 6224
2223 780 6223
2222 781 6222
2221 782 6221
2220 783 6220
2219 784 6219
2218 785 6218
2217 786 6217
2216 787 6216
2215 788 6215
2214 789 6214
2213 790 6213
2212 791 6212
2211 792 6211
2210 793 6210
2209 794 6209
2208 795 6208
2207 796 6207
2206 797 6206
2205 798 6205
2204 799 6204
2203 800 6203
2202 801 6202
2201 802 6201
2200 803 6200
2199 804 6199
2198 805 6198
2197 806 6197
2196 807 6196
2195 808 6195
2194 809 6194
2193 810 6193
2192 811 6192
2191 812 6191
2190 813 6190
2189 814 6189
2188 815 6188
2187 816 6187
2186 817 6186
2185 818 6185
2184 819 6184
2183 820 6183
2182 821 6182
2181 822 6181
2180 823 6180
2179 824 6179
2178 825 6178
2177 826 6177
2176 827 6176
2175 828 6175
2174 829 6174
2173 830 6173
2172 831 6172
2171 832 6171
2170 833 6170
2169 834 6169
2168 835 6168
2167 836 6167
2166 837 6166
2165 838 6165
2164 839 6164
2163 840 6163
2162 841 6162
2161 842 6161
2160 843 6160
2159 844 6159
2158 845 6158
2157 846 6157
2156 847 6156
2155 848 6155
2154 849 6154
2153 850 6153
2152 851 6152
2151 852 6151
2150 853 6150
2149 854 6149
2148 855 6148
2147 856 6147
2146 857 6146
2145 858 6145
2144 859 6144
2143 860 6143
2142 861 6142
2141 862 6141
2140 863 6140
2139 864 6139
2138 865 6138
2137 866 6137
2136 867 6136
2135 868 6135
2134 869 6134
2133 870 6133
2132 871 6132
2131 872 6131
2130 873 6130
2129 874 6129
2128 875 6128
2127 876 6127
2126 877 6126
2125 878 6125
2124 879 6124
2123 880 6123
2122 881 6122
2121 882 6121
2120 883 6120
2119 884 6119
2118 885 6118
2117 886 6117
2116 887 6116
2115 888 6115
2114 889 6114
2113 890 6113
2112 891 6112
2111 892 6111
2110 893 6110
2109 894 6109
2108 895 6108
2107 896 6107
2106 897 6106
2105 898 6105
2104 899 6104
2103 900 6103
2102 901 6102
2101 902 6101
2100 903 6100
2099 904 6099
2098 905 6098
2097 906 6097
2096 907 6096
2095 908 6095
2094 909 6094
2093 910 6093
2092 911 6092
2091 912 6091
2090 913 6090
2089 914 6089
2088 915 6088
2087 916 6087
2086 917 6086
2085 918 6085
2084 919 6084
2083 920 6083
2082 921 6082
2081 922 6081
2080 923 6080
2079 924 6079
2078 925 6078
2077 926 6077
2076 927 6076
2075 928 6075
2074 929 6074
2073 930 6073
2072 931 6072
2071 932 6071
2070 933 6070
2069 934 6069
2068 935 6068
2067 936 6067
2066 937 6066
2065 938 6065
2064 939 6064
2063 940 6063
2062 941 6062
2061 942 6061
2060 943 6060
2059 944 6059
2058 945 6058
2057 946 6057
2056 947 6056
2055 948 6055
2054 949 6054
2053 950 6053
2052 951 6052
2051 952 6051
2050 953 6050
2049 954 6049
2048 955 6048
2047 956 6047
2046 957 6046
2045 958 6045
2044 959 6044
2043 960 6043
2042 961 6042
2041 962 6041
2040 963 6040
2039 964 6039
2038 965 6038
2037 966 6037
2036 967 6036
2035 968 6035
2034 969 6034
2033 970 6033
2032 971 6032
2031 972 6031
2030 973 6030
2029 974 6029
2028 975 6028
2027 976 6027
2026 977 6026
2025 978 6025
2024 979 6024
2023 980 6023
2022 981 6022
2021 982 6021
2020 983 6020
2019 984 6019
2018 985 6018
2017 986 6017
2016 987 6016
2015 988 6015
2014 989 6014
2013 990 6013
2012 991 6012
2011 992 6011
2010 993 6010
2009 994 6009
2008 995 6008
2007 996 6007
2006 997 6006
2005 998 6005
2004 999 6004
2003 1000 6003
2002 1001 6002
2001 1002 6001
