2787
3000 3 8787
2999 4 8786
2998 5 8785
2997 6 8784
2996 7 8783
2995 8 8782
2994 9 8781
2993 10 8780
2992 11 8779
2991 12 8778
2990 13 8777
2989 14 8776
2988 15 8775
2987 16 8774
2986 17 8773
2985 18 8772
2984 19 8771
2983 20 8770
2982 21 8769
2981 22 8768
2980 23 8767
2979 24 8766
2978 25 8765
2977 26 8764
2976 27 8763
2975 28 8762
2974 29 8761
2973 30 8760
2972 31 8759
2971 32 8758
2970 33 8757
2969 34 8756
2968 35 8755
2967 36 8754
2966 37 8753
2965 38 8752
2964 39 8751
2963 40 8750
2962 41 8749
2961 42 8748
2960 43 8747
2959 44 8746
2958 45 8745
2957 46 8744
2956 47 8743
2955 48 8742
2954 49 8741
2953 50 8740
2952 51 8739
2951 52 8738
2950 53 8737
2949 54 8736
2948 55 8735
2947 56 8734
2946 57 8733
2945 58 8732
2944 59 8731
2943 60 8730
2942 61 8729
2941 62 8728
2940 63 8727
2939 64 8726
2938 65 8725
2937 66 8724
2936 67 8723
2935 68 8722
2934 69 8721
2933 70 8720
2932 71 8719
2931 72 8718
2930 73 8717
2929 74 8716
2928 75 8715
2927 76 8714
2926 77 8713
2925 78 8712
2924 79 8711
2923 80 8710
2922 81 8709
2921 82 8708
2920 83 8707
2919 84 8706
2918 85 8705
2917 86 8704
2916 87 8703
2915 88 8702
2914 89 8701
2913 90 8700
2912 91 8699
2911 92 8698
2910 93 8697
2909 94 8696
2908 95 8695
2907 96 8694
2906 97 8693
2905 98 8692
2904 99 8691
2903 100 8690
2902 101 8689
2901 102 8688
2900 103 8687
2899 104 8686
2898 105 8685
2897 106 8684
2896 107 8683
2895 108 8682
2894 109 8681
2893 110 8680
2892 111 8679
2891 112 8678
2890 113 8677
2889 114 8676
2888 115 8675
2887 116 8674
2886 117 8673
2885 118 8672
2884 119 8671
2883 120 8670
2882 121 8669
2881 122 8668
2880 123 8667
2879 124 8666
2878 125 8665
2877 126 8664
2876 127 8663
2875 128 8662
2874 129 8661
2873 130 8660
2872 131 8659
2871 132 8658
2870 133 8657
2869 134 8656
2868 135 8655
2867 136 8654
2866 137 8653
2865 138 8652
2864 139 8651
2863 140 8650
2862 141 8649
2861 142 8648
2860 143 8647
2859 144 8646
2858 145 8645
2857 146 8644
2856 147 8643
2855 148 8642
2854 149 8641
2853 150 8640
2852 151 8639
2851 152 8638
2850 153 8637
2849 154 8636
2848 155 8635
2847 156 8634
2846 157 8633
2845 158 8632
2844 159 8631
2843 160 8630
2842 161 8629
2841 162 8628
2840 163 8627
2839 164 8626
2838 165 8625
2837 166 8624
2836 167 8623
2835 168 8622
2834 169 8621
2833 170 8620
2832 171 8619
2831 172 8618
2830 173 8617
2829 174 8616
2828 175 8615
2827 176 8614
2826 177 8613
2825 178 8612
2824 179 8611
2823 180 8610
2822 181 8609
2821 182 8608
2820 183 8607
2819 184 8606
2818 185 8605
2817 186 8604
2816 187 8603
2815 188 8602
2814 189 8601
2813 190 8600
2812 191 8599
2811 192 8598
2810 193 8597
2809 194 8596
2808 195 8595
2807 196 8594
2806 197 8593
2805 198 8592
2804 199 8591
2803 200 8590
2802 201 8589
2801 202 8588
2800 203 8587
2799 204 8586
2798 205 8585
2797 206 8584
2796 207 8583
2795 208 8582
2794 209 8581
2793 210 8580
2792 211 8579
2791 212 8578
2790 213 8577
2789 214 8576
2788 215 8575
2787 216 8574
2786 217 8573
2785 218 8572
2784 219 8571
2783 220 8570
2782 221 8569
2781 222 8568
2780 223 8567
2779 224 8566
2778 225 8565
2777 226 8564
2776 227 8563
2775 228 8562
2774 229 8561
2773 230 8560
2772 231 8559
2771 232 8558
2770 233 8557
2769 234 8556
2768 235 8555
2767 236 8554
2766 237 8553
2765 238 8552
2764 239 8551
2763 240 8550
2762 241 8549
2761 242 8548
2760 243 8547
2759 244 8546
2758 245 8545
2757 246 8544
2756 247 8543
2755 248 8542
2754 249 8541
2753 250 8540
2752 251 8539
2751 252 8538
2750 253 8537
2749 254 8536
2748 255 8535
2747 256 8534
2746 257 8533
2745 258 8532
2744 259 8531
2743 260 8530
2742 261 8529
2741 262 8528
2740 263 8527
2739 264 8526
2738 265 8525
2737 266 8524
2736 267 8523
2735 268 8522
2734 269 8521
2733 270 8520
2732 271 8519
2731 272 8518
2730 273 8517
2729 274 8516
2728 275 8515
2727 276 8514
2726 277 8513
2725 278 8512
2724 279 8511
2723 280 8510
2722 281 8509
2721 282 8508
2720 283 8507
2719 284 8506
2718 285 8505
2717 286 8504
2716 287 8503
2715 288 8502
2714 289 8501
2713 290 8500
2712 291 8499
2711 292 8498
2710 293 8497
2709 294 8496
2708 295 8495
2707 296 8494
2706 297 8493
2705 298 8492
2704 299 8491
2703 300 8490
2702 301 8489
2701 302 8488
2700 303 8487
2699 304 8486
2698 305 8485
2697 306 8484
2696 307 8483
2695 308 8482
2694 309 8481
2693 310 8480
2692 311 8479
2691 312 8478
2690 313 8477
2689 314 8476
2688 315 8475
2687 316 8474
2686 317 8473
2685 318 8472
2684 319 8471
2683 320 8470
2682 321 8469
2681 322 8468
2680 323 8467
2679 324 8466
2678 325 8465
2677 326 8464
2676 327 8463
2675 328 8462
2674 329 8461
2673 330 8460
2672 331 8459
2671 332 8458
2670 333 8457
2669 334 8456
2668 335 8455
2667 336 8454
2666 337 8453
2665 338 8452
2664 339 8451
2663 340 8450
2662 341 8449
2661 342 8448
2660 343 8447
2659 344 8446
2658 345 8445
2657 346 8444
2656 347 8443
2655 348 8442
2654 349 8441
2653 350 8440
2652 351 8439
2651 352 8438
2650 353 8437
2649 354 8436
2648 355 8435
2647 356 8434
2646 357 8433
2645 358 8432
2644 359 8431
2643 360 8430
2642 361 8429
2641 362 8428
2640 363 8427
2639 364 8426
2638 365 8425
2637 366 8424
2636 367 8423
2635 368 8422
2634 369 8421
2633 370 8420
2632 371 8419
2631 372 8418
2630 373 8417
2629 374 8416
2628 375 8415
2627 376 8414
2626 377 8413
2625 378 8412
2624 379 8411
2623 380 8410
2622 381 8409
2621 382 8408
2620 383 8407
2619 384 8406
2618 385 8405
2617 386 8404
2616 387 8403
2615 388 8402
2614 389 8401
2613 390 8400
2612 391 8399
2611 392 8398
2610 393 8397
2609 394 8396
2608 395 8395
2607 396 8394
2606 397 8393
2605 398 8392
2604 399 8391
2603 400 8390
2602 401 8389
2601 402 8388
2600 403 8387
2599 404 8386
2598 405 8385
2597 406 8384
2596 407 8383
2595 408 8382
2594 409 8381
2593 410 8380
2592 411 8379
2591 412 8378
2590 413 8377
2589 414 8376
2588 415 8375
2587 416 8374
2586 417 8373
2585 418 8372
2584 419 8371
2583 420 8370
2582 421 8369
2581 422 8368
2580 423 8367
2579 424 8366
2578 425 8365
2577 426 8364
2576 427 8363
2575 428 8362
2574 429 8361
2573 430 8360
2572 431 8359
2571 432 8358
2570 433 8357
2569 434 8356
2568 435 8355
2567 436 8354
2566 437 8353
2565 438 8352
2564 439 8351
2563 440 8350
2562 441 8349
2561 442 8348
2560 443 8347
2559 444 8346
2558 445 8345
2557 446 8344
2556 447 8343
2555 448 8342
2554 449 8341
2553 450 8340
2552 451 8339
2551 452 8338
2550 453 8337
2549 454 8336
2548 455 8335
2547 456 8334
2546 457 8333
2545 458 8332
2544 459 8331
2543 460 8330
2542 461 8329
2541 462 8328
2540 463 8327
2539 464 8326
2538 465 8325
2537 466 8324
2536 467 8323
2535 468 8322
2534 469 8321
2533 470 8320
2532 471 8319
2531 472 8318
2530 473 8317
2529 474 8316
2528 475 8315
2527 476 8314
2526 477 8313
2525 478 8312
2524 479 8311
2523 480 8310
2522 481 8309
2521 482 8308
2520 483 8307
2519 484 8306
2518 485 8305
2517 486 8304
2516 487 8303
2515 488 8302
2514 489 8301
2513 490 8300
2512 491 8299
2511 492 8298
2510 493 8297
2509 494 8296
2508 495 8295
2507 496 8294
2506 497 8293
2505 498 8292
2504 499 8291
2503 500 8290
2502 501 8289
2501 502 8288
2500 503 8287
2499 504 8286
2498 505 8285
2497 506 8284
2496 507 8283
2495 508 8282
2494 509 8281
2493 510 8280
2492 511 8279
2491 512 8278
2490 513 8277
2489 514 8276
2488 515 8275
2487 516 8274
2486 517 8273
2485 518 8272
2484 519 8271
2483 520 8270
2482 521 8269
2481 522 8268
2480 523 8267
2479 524 8266
2478 525 8265
2477 526 8264
2476 527 8263
2475 528 8262
2474 529 8261
2473 530 8260
2472 531 8259
2471 532 8258
2470 533 8257
2469 534 8256
2468 535 8255
2467 536 8254
2466 537 8253
2465 538 8252
2464 539 8251
2463 540 8250
2462 541 8249
2461 542 8248
2460 543 8247
2459 544 8246
2458 545 8245
2457 546 8244
2456 547 8243
2455 548 8242
2454 549 8241
2453 550 8240
2452 551 8239
2451 552 8238
2450 553 8237
2449 554 8236
2448 555 8235
2447 556 8234
2446 557 8233
2445 558 8232
2444 559 8231
2443 560 8230
2442 561 8229
2441 562 8228
2440 563 8227
2439 564 8226
2438 565 8225
2437 566 8224
2436 567 8223
2435 568 8222
2434 569 8221
2433 570 8220
2432 571 8219
2431 572 8218
2430 573 8217
2429 574 8216
2428 575 8215
2427 576 8214
2426 577 8213
2425 578 8212
2424 579 8211
2423 580 8210
2422 581 8209
2421 582 8208
2420 583 8207
2419 584 8206
2418 585 8205
2417 586 8204
2416 587 8203
2415 588 8202
2414 589 8201
2413 590 8200
2412 591 8199
2411 592 8198
2410 593 8197
2409 594 8196
2408 595 8195
2407 596 8194
2406 597 8193
2405 598 8192
2404 599 8191
2403 600 8190
2402 601 8189
2401 602 8188
2400 603 8187
2399 604 8186
2398 605 8185
2397 606 8184
2396 607 8183
2395 608 8182
2394 609 8181
2393 610 8180
2392 611 8179
2391 612 8178
2390 613 8177
2389 614 8176
2388 615 8175
2387 616 8174
2386 617 8173
2385 618 8172
2384 619 8171
2383 620 8170
2382 621 8169
2381 622 8168
2380 623 8167
2379 624 8166
2378 625 8165
2377 626 8164
2376 627 8163
2375 628 8162
2374 629 8161
2373 630 8160
2372 631 8159
2371 632 8158
2370 633 8157
2369 634 8156
2368 635 8155
2367 636 8154
2366 637 8153
2365 638 8152
2364 639 8151
2363 640 8150
2362 641 8149
2361 642 8148
2360 643 8147
2359 644 8146
2358 645 8145
2357 646 8144
2356 647 8143
2355 648 8142
2354 649 8141
2353 650 8140
2352 651 8139
2351 652 8138
2350 653 8137
2349 654 8136
2348 655 8135
2347 656 8134
2346 657 8133
2345 658 8132
2344 659 8131
2343 660 8130
2342 661 8129
2341 662 8128
2340 663 8127
2339 664 8126
2338 665 8125
2337 666 8124
2336 667 8123
2335 668 8122
2334 669 8121
2333 670 8120
2332 671 8119
2331 672 8118
2330 673 8117
2329 674 8116
2328 675 8115
2327 676 8114
2326 677 8113
2325 678 8112
2324 679 8111
2323 680 8110
2322 681 8109
2321 682 8108
2320 683 8107
2319 684 8106
2318 685 8105
2317 686 8104
2316 687 8103
2315 688 8102
2314 689 8101
2313 690 8100
2312 691 8099
2311 692 8098
2310 693 8097
2309 694 8096
2308 695 8095
2307 696 8094
2306 697 8093
2305 698 8092
2304 699 8091
2303 700 8090
2302 701 8089
2301 702 8088
2300 703 8087
2299 704 8086
2298 705 8085
2297 706 8084
2296 707 8083
2295 708 8082
2294 709 8081
2293 710 8080
2292 711 8079
2291 712 8078
2290 713 8077
2289 714 8076
2288 715 8075
2287 716 8074
2286 717 8073
2285 718 8072
2284 719 8071
2283 720 8070
2282 721 8069
2281 722 8068
2280 723 8067
2279 724 8066
2278 725 8065
2277 726 8064
2276 727 8063
2275 728 8062
2274 729 8061
2273 730 8060
2272 731 8059
2271 732 8058
2270 733 8057
2269 734 8056
2268 735 8055
2267 736 8054
2266 737 8053
2265 738 8052
2264 739 8051
2263 740 8050
2262 741 8049
2261 742 8048
2260 743 8047
2259 744 8046
2258 745 8045
2257 746 8044
2256 747 8043
2255 748 8042
2254 749 8041
2253 750 8040
2252 751 8039
2251 752 8038
2250 753 8037
2249 754 8036
2248 755 8035
2247 756 8034
2246 757 8033
2245 758 8032
2244 759 8031
2243 760 8030
2242 761 8029
2241 762 8028
2240 763 8027
2239 764 8026
2238 765 8025
2237 766 8024
2236 767 8023
2235 768 8022
2234 769 8021
2233 770 8020
2232 771 8019
2231 772 8018
2230 773 8017
2229 774 8016
2228 775 8015
2227 776 8014
2226 777 8013
2225 778 8012
2224 779 8011
2223 780 8010
2222 781 8009
2221 782 8008
2220 783 8007
2219 784 8006
2218 785 8005
2217 786 8004
2216 787 8003
2215 788 8002
2214 789 8001
2213 790 8000
2212 791 7999
2211 792 7998
2210 793 7997
2209 794 7996
2208 795 7995
2207 796 7994
2206 797 7993
2205 798 7992
2204 799 7991
2203 800 7990
2202 801 7989
2201 802 7988
2200 803 7987
2199 804 7986
2198 805 7985
2197 806 7984
2196 807 7983
2195 808 7982
2194 809 7981
2193 810 7980
2192 811 7979
2191 812 7978
2190 813 7977
2189 814 7976
2188 815 7975
2187 816 7974
2186 817 7973
2185 818 7972
2184 819 7971
2183 820 7970
2182 821 7969
2181 822 7968
2180 823 7967
2179 824 7966
2178 825 7965
2177 826 7964
2176 827 7963
2175 828 7962
2174 829 7961
2173 830 7960
2172 831 7959
2171 832 7958
2170 833 7957
2169 834 7956
2168 835 7955
2167 836 7954
2166 837 7953
2165 838 7952
2164 839 7951
2163 840 7950
2162 841 7949
2161 842 7948
2160 843 7947
2159 844 7946
2158 845 7945
2157 846 7944
2156 847 7943
2155 848 7942
2154 849 7941
2153 850 7940
2152 851 7939
2151 852 7938
2150 853 7937
2149 854 7936
2148 855 7935
2147 856 7934
2146 857 7933
2145 858 7932
2144 859 7931
2143 860 7930
2142 861 7929
2141 862 7928
2140 863 7927
2139 864 7926
2138 865 7925
2137 866 7924
2136 867 7923
2135 868 7922
2134 869 7921
2133 870 7920
2132 871 7919
2131 872 7918
2130 873 7917
2129 874 7916
2128 875 7915
2127 876 7914
2126 877 7913
2125 878 7912
2124 879 7911
2123 880 7910
2122 881 7909
2121 882 7908
2120 883 7907
2119 884 7906
2118 885 7905
2117 886 7904
2116 887 7903
2115 888 7902
2114 889 7901
2113 890 7900
2112 891 7899
2111 892 7898
2110 893 7897
2109 894 7896
2108 895 7895
2107 896 7894
2106 897 7893
2105 898 7892
2104 899 7891
2103 900 7890
2102 901 7889
2101 902 7888
2100 903 7887
2099 904 7886
2098 905 7885
2097 906 7884
2096 907 7883
2095 908 7882
2094 909 7881
2093 910 7880
2092 911 7879
2091 912 7878
2090 913 7877
2089 914 7876
2088 915 7875
2087 916 7874
2086 917 7873
2085 918 7872
2084 919 7871
2083 920 7870
2082 921 7869
2081 922 7868
2080 923 7867
2079 924 7866
2078 925 7865
2077 926 7864
2076 927 7863
2075 928 7862
2074 929 7861
2073 930 7860
2072 931 7859
2071 932 7858
2070 933 7857
2069 934 7856
2068 935 7855
2067 936 7854
2066 937 7853
2065 938 7852
2064 939 7851
2063 940 7850
2062 941 7849
2061 942 7848
2060 943 7847
2059 944 7846
2058 945 7845
2057 946 7844
2056 947 7843
2055 948 7842
2054 949 7841
2053 950 7840
2052 951 7839
2051 952 7838
2050 953 7837
2049 954 7836
2048 955 7835
2047 956 7834
2046 957 7833
2045 958 7832
2044 959 7831
2043 960 7830
2042 961 7829
2041 962 7828
2040 963 7827
2039 964 7826
2038 965 7825
2037 966 7824
2036 967 7823
2035 968 7822
2034 969 7821
2033 970 7820
2032 971 7819
2031 972 7818
2030 973 7817
2029 974 7816
2028 975 7815
2027 976 7814
2026 977 7813
2025 978 7812
2024 979 7811
2023 980 7810
2022 981 7809
2021 982 7808
2020 983 7807
2019 984 7806
2018 985 7805
2017 986 7804
2016 987 7803
2015 988 7802
2014 989 7801
2013 990 7800
2012 991 7799
2011 992 7798
2010 993 7797
2009 994 7796
2008 995 7795
2007 996 7794
2006 997 7793
2005 998 7792
2004 999 7791
2003 1000 7790
2002 1001 7789
2001 1002 7788
2000 1003 7787
1999 1004 7786
1998 1005 7785
1997 1006 7784
1996 1007 7783
1995 1008 7782
1994 1009 7781
1993 1010 7780
1992 1011 7779
1991 1012 7778
1990 1013 7777
1989 1014 7776
1988 1015 7775
1987 1016 7774
1986 1017 7773
1985 1018 7772
1984 1019 7771
1983 1020 7770
1982 1021 7769
1981 1022 7768
1980 1023 7767
1979 1024 7766
1978 1025 7765
1977 1026 7764
1976 1027 7763
1975 1028 7762
1974 1029 7761
1973 1030 7760
1972 1031 7759
1971 1032 7758
1970 1033 7757
1969 1034 7756
1968 1035 7755
1967 1036 7754
1966 1037 7753
1965 1038 7752
1964 1039 7751
1963 1040 7750
1962 1041 7749
1961 1042 7748
1960 1043 7747
1959 1044 7746
1958 1045 7745
1957 1046 7744
1956 1047 7743
1955 1048 7742
1954 1049 7741
1953 1050 7740
1952 1051 7739
1951 1052 7738
1950 1053 7737
1949 1054 7736
1948 1055 7735
1947 1056 7734
1946 1057 7733
1945 1058 7732
1944 1059 7731
1943 1060 7730
1942 1061 7729
1941 1062 7728
1940 1063 7727
1939 1064 7726
1938 1065 7725
1937 1066 7724
1936 1067 7723
1935 1068 7722
1934 1069 7721
1933 1070 7720
1932 1071 7719
1931 1072 7718
1930 1073 7717
1929 1074 7716
1928 1075 7715
1927 1076 7714
1926 1077 7713
1925 1078 7712
1924 1079 7711
1923 1080 7710
1922 1081 7709
1921 1082 7708
1920 1083 7707
1919 1084 7706
1918 1085 7705
1917 1086 7704
1916 1087 7703
1915 1088 7702
1914 1089 7701
1913 1090 7700
1912 1091 7699
1911 1092 7698
1910 1093 7697
1909 1094 7696
1908 1095 7695
1907 1096 7694
1906 1097 7693
1905 1098 7692
1904 1099 7691
1903 1100 7690
1902 1101 7689
1901 1102 7688
1900 1103 7687
1899 1104 7686
1898 1105 7685
1897 1106 7684
1896 1107 7683
1895 1108 7682
1894 1109 7681
1893 1110 7680
1892 1111 7679
1891 1112 7678
1890 1113 7677
1889 1114 7676
1888 1115 7675
1887 1116 7674
1886 1117 7673
1885 1118 7672
1884 1119 7671
1883 1120 7670
1882 1121 7669
1881 1122 7668
1880 1123 7667
1879 1124 7666
1878 1125 7665
1877 1126 7664
1876 1127 7663
1875 1128 7662
1874 1129 7661
1873 1130 7660
1872 1131 7659
1871 1132 7658
1870 1133 7657
1869 1134 7656
1868 1135 7655
1867 1136 7654
1866 1137 7653
1865 1138 7652
1864 1139 7651
1863 1140 7650
1862 1141 7649
1861 1142 7648
1860 1143 7647
1859 1144 7646
1858 1145 7645
1857 1146 7644
1856 1147 7643
1855 1148 7642
1854 1149 7641
1853 1150 7640
1852 1151 7639
1851 1152 7638
1850 1153 7637
1849 1154 7636
1848 1155 7635
1847 1156 7634
1846 1157 7633
1845 1158 7632
1844 1159 7631
1843 1160 7630
1842 1161 7629
1841 1162 7628
1840 1163 7627
1839 1164 7626
1838 1165 7625
1837 1166 7624
1836 1167 7623
1835 1168 7622
1834 1169 7621
1833 1170 7620
1832 1171 7619
1831 1172 7618
1830 1173 7617
1829 1174 7616
1828 1175 7615
1827 1176 7614
1826 1177 7613
1825 1178 7612
1824 1179 7611
1823 1180 7610
1822 1181 7609
1821 1182 7608
1820 1183 7607
1819 1184 7606
1818 1185 7605
1817 1186 7604
1816 1187 7603
1815 1188 7602
1814 1189 7601
1813 1190 7600
1812 1191 7599
1811 1192 7598
1810 1193 7597
1809 1194 7596
1808 1195 7595
1807 1196 7594
1806 1197 7593
1805 1198 7592
1804 1199 7591
1803 1200 7590
1802 1201 7589
1801 1202 7588
1800 1203 7587
1799 1204 7586
1798 1205 7585
1797 1206 7584
1796 1207 7583
1795 1208 7582
1794 1209 7581
1793 1210 7580
1792 1211 7579
1791 1212 7578
1790 1213 7577
1789 1214 7576
1788 1215 7575
1787 1216 7574
1786 1217 7573
1785 1218 7572
1784 1219 7571
1783 1220 7570
1782 1221 7569
1781 1222 7568
1780 1223 7567
1779 1224 7566
1778 1225 7565
1777 1226 7564
1776 1227 7563
1775 1228 7562
1774 1229 7561
1773 1230 7560
1772 1231 7559
1771 1232 7558
1770 1233 7557
1769 1234 7556
1768 1235 7555
1767 1236 7554
1766 1237 7553
1765 1238 7552
1764 1239 7551
1763 1240 7550
1762 1241 7549
1761 1242 7548
1760 1243 7547
1759 1244 7546
1758 1245 7545
1757 1246 7544
1756 1247 7543
1755 1248 7542
1754 1249 7541
1753 1250 7540
1752 1251 7539
1751 1252 7538
1750 1253 7537
1749 1254 7536
1748 1255 7535
1747 1256 7534
1746 1257 7533
1745 1258 7532
1744 1259 7531
1743 1260 7530
1742 1261 7529
1741 1262 7528
1740 1263 7527
1739 1264 7526
1738 1265 7525
1737 1266 7524
1736 1267 7523
1735 1268 7522
1734 1269 7521
1733 1270 7520
1732 1271 7519
1731 1272 7518
1730 1273 7517
1729 1274 7516
1728 1275 7515
1727 1276 7514
1726 1277 7513
1725 1278 7512
1724 1279 7511
1723 1280 7510
1722 1281 7509
1721 1282 7508
1720 1283 7507
1719 1284 7506
1718 1285 7505
1717 1286 7504
1716 1287 7503
1715 1288 7502
1714 1289 7501
1713 1290 7500
1712 1291 7499
1711 1292 7498
1710 1293 7497
1709 1294 7496
1708 1295 7495
1707 1296 7494
1706 1297 7493
1705 1298 7492
1704 1299 7491
1703 1300 7490
1702 1301 7489
1701 1302 7488
1700 1303 7487
1699 1304 7486
1698 1305 7485
1697 1306 7484
1696 1307 7483
1695 1308 7482
1694 1309 7481
1693 1310 7480
1692 1311 7479
1691 1312 7478
1690 1313 7477
1689 1314 7476
1688 1315 7475
1687 1316 7474
1686 1317 7473
1685 1318 7472
1684 1319 7471
1683 1320 7470
1682 1321 7469
1681 1322 7468
1680 1323 7467
1679 1324 7466
1678 1325 7465
1677 1326 7464
1676 1327 7463
1675 1328 7462
1674 1329 7461
1673 1330 7460
1672 1331 7459
1671 1332 7458
1670 1333 7457
1669 1334 7456
1668 1335 7455
1667 1336 7454
1666 1337 7453
1665 1338 7452
1664 1339 7451
1663 1340 7450
1662 1341 7449
1661 1342 7448
1660 1343 7447
1659 1344 7446
1658 1345 7445
1657 1346 7444
1656 1347 7443
1655 1348 7442
1654 1349 7441
1653 1350 7440
1652 1351 7439
1651 1352 7438
1650 1353 7437
1649 1354 7436
1648 1355 7435
1647 1356 7434
1646 1357 7433
1645 1358 7432
1644 1359 7431
1643 1360 7430
1642 1361 7429
1641 1362 7428
1640 1363 7427
1639 1364 7426
1638 1365 7425
1637 1366 7424
1636 1367 7423
1635 1368 7422
1634 1369 7421
1633 1370 7420
1632 1371 7419
1631 1372 7418
1630 1373 7417
1629 1374 7416
1628 1375 7415
1627 1376 7414
1626 1377 7413
1625 1378 7412
1624 1379 7411
1623 1380 7410
1622 1381 7409
1621 1382 7408
1620 1383 7407
1619 1384 7406
1618 1385 7405
1617 1386 7404
1616 1387 7403
1615 1388 7402
1614 1389 7401
1613 1390 7400
1612 1391 7399
1611 1392 7398
1610 1393 7397
1609 1394 7396
1608 1395 7395
1607 1396 7394
1606 1397 7393
1605 1398 7392
1604 1399 7391
1603 1400 7390
1602 1401 7389
1601 1402 7388
1600 1403 7387
1599 1404 7386
1598 1405 7385
1597 1406 7384
1596 1407 7383
1595 1408 7382
1594 1409 7381
1593 1410 7380
1592 1411 7379
1591 1412 7378
1590 1413 7377
1589 1414 7376
1588 1415 7375
1587 1416 7374
1586 1417 7373
1585 1418 7372
1584 1419 7371
1583 1420 7370
1582 1421 7369
1581 1422 7368
1580 1423 7367
1579 1424 7366
1578 1425 7365
1577 1426 7364
1576 1427 7363
1575 1428 7362
1574 1429 7361
1573 1430 7360
1572 1431 7359
1571 1432 7358
1570 1433 7357
1569 1434 7356
1568 1435 7355
1567 1436 7354
1566 1437 7353
1565 1438 7352
1564 1439 7351
1563 1440 7350
1562 1441 7349
1561 1442 7348
1560 1443 7347
1559 1444 7346
1558 1445 7345
1557 1446 7344
1556 1447 7343
1555 1448 7342
1554 1449 7341
1553 1450 7340
1552 1451 7339
1551 1452 7338
1550 1453 7337
1549 1454 7336
1548 1455 7335
1547 1456 7334
1546 1457 7333
1545 1458 7332
1544 1459 7331
1543 1460 7330
1542 1461 7329
1541 1462 7328
1540 1463 7327
1539 1464 7326
1538 1465 7325
1537 1466 7324
1536 1467 7323
1535 1468 7322
1534 1469 7321
1533 1470 7320
1532 1471 7319
1531 1472 7318
1530 1473 7317
1529 1474 7316
1528 1475 7315
1527 1476 7314
1526 1477 7313
1525 1478 7312
1524 1479 7311
1523 1480 7310
1522 1481 7309
1521 1482 7308
1520 1483 7307
1519 1484 7306
1518 1485 7305
1517 1486 7304
1516 1487 7303
1515 1488 7302
1514 1489 7301
1513 1490 7300
1512 1491 7299
1511 1492 7298
1510 1493 7297
1509 1494 7296
1508 1495 7295
1507 1496 7294
1506 1497 7293
1505 1498 7292
1504 1499 7291
1503 1500 7290
1502 1501 7289
1501 1502 7288
1500 1503 7287
1499 1504 7286
1498 1505 7285
1497 1506 7284
1496 1507 7283
1495 1508 7282
1494 1509 7281
1493 1510 7280
1492 1511 7279
1491 1512 7278
1490 1513 7277
1489 1514 7276
1488 1515 7275
1487 1516 7274
1486 1517 7273
1485 1518 7272
1484 1519 7271
1483 1520 7270
1482 1521 7269
1481 1522 7268
1480 1523 7267
1479 1524 7266
1478 1525 7265
1477 1526 7264
1476 1527 7263
1475 1528 7262
1474 1529 7261
1473 1530 7260
1472 1531 7259
1471 1532 7258
1470 1533 7257
1469 1534 7256
1468 1535 7255
1467 1536 7254
1466 1537 7253
1465 1538 7252
1464 1539 7251
1463 1540 7250
1462 1541 7249
1461 1542 7248
1460 1543 7247
1459 1544 7246
1458 1545 7245
1457 1546 7244
1456 1547 7243
1455 1548 7242
1454 1549 7241
1453 1550 7240
1452 1551 7239
1451 1552 7238
1450 1553 7237
1449 1554 7236
1448 1555 7235
1447 1556 7234
1446 1557 7233
1445 1558 7232
1444 1559 7231
1443 1560 7230
1442 1561 7229
1441 1562 7228
1440 1563 7227
1439 1564 7226
1438 1565 7225
1437 1566 7224
1436 1567 7223
1435 1568 7222
1434 1569 7221
1433 1570 7220
1432 1571 7219
1431 1572 7218
1430 1573 7217
1429 1574 7216
1428 1575 7215
1427 1576 7214
1426 1577 7213
1425 1578 7212
1424 1579 7211
1423 1580 7210
1422 1581 7209
1421 1582 7208
1420 1583 7207
1419 1584 7206
1418 1585 7205
1417 1586 7204
1416 1587 7203
1415 1588 7202
1414 1589 7201
1413 1590 7200
1412 1591 7199
1411 1592 7198
1410 1593 7197
1409 1594 7196
1408 1595 7195
1407 1596 7194
1406 1597 7193
1405 1598 7192
1404 1599 7191
1403 1600 7190
1402 1601 7189
1401 1602 7188
1400 1603 7187
1399 1604 7186
1398 1605 7185
1397 1606 7184
1396 1607 7183
1395 1608 7182
1394 1609 7181
1393 1610 7180
1392 1611 7179
1391 1612 7178
1390 1613 7177
1389 1614 7176
1388 1615 7175
1387 1616 7174
1386 1617 7173
1385 1618 7172
1384 1619 7171
1383 1620 7170
1382 1621 7169
1381 1622 7168
1380 1623 7167
1379 1624 7166
1378 1625 7165
1377 1626 7164
1376 1627 7163
1375 1628 7162
1374 1629 7161
1373 1630 7160
1372 1631 7159
1371 1632 7158
1370 1633 7157
1369 1634 7156
1368 1635 7155
1367 1636 7154
1366 1637 7153
1365 1638 7152
1364 1639 7151
1363 1640 7150
1362 1641 7149
1361 1642 7148
1360 1643 7147
1359 1644 7146
1358 1645 7145
1357 1646 7144
1356 1647 7143
1355 1648 7142
1354 1649 7141
1353 1650 7140
1352 1651 7139
1351 1652 7138
1350 1653 7137
1349 1654 7136
1348 1655 7135
1347 1656 7134
1346 1657 7133
1345 1658 7132
1344 1659 7131
1343 1660 7130
1342 1661 7129
1341 1662 7128
1340 1663 7127
1339 1664 7126
1338 1665 7125
1337 1666 7124
1336 1667 7123
1335 1668 7122
1334 1669 7121
1333 1670 7120
1332 1671 7119
1331 1672 7118
1330 1673 7117
1329 1674 7116
1328 1675 7115
1327 1676 7114
1326 1677 7113
1325 1678 7112
1324 1679 7111
1323 1680 7110
1322 1681 7109
1321 1682 7108
1320 1683 7107
1319 1684 7106
1318 1685 7105
1317 1686 7104
1316 1687 7103
1315 1688 7102
1314 1689 7101
1313 1690 7100
1312 1691 7099
1311 1692 7098
1310 1693 7097
1309 1694 7096
1308 1695 7095
1307 1696 7094
1306 1697 7093
1305 1698 7092
1304 1699 7091
1303 1700 7090
1302 1701 7089
1301 1702 7088
1300 1703 7087
1299 1704 7086
1298 1705 7085
1297 1706 7084
1296 1707 7083
1295 1708 7082
1294 1709 7081
1293 1710 7080
1292 1711 7079
1291 1712 7078
1290 1713 7077
1289 1714 7076
1288 1715 7075
1287 1716 7074
1286 1717 7073
1285 1718 7072
1284 1719 7071
1283 1720 7070
1282 1721 7069
1281 1722 7068
1280 1723 7067
1279 1724 7066
1278 1725 7065
1277 1726 7064
1276 1727 7063
1275 1728 7062
1274 1729 7061
1273 1730 7060
1272 1731 7059
1271 1732 7058
1270 1733 7057
1269 1734 7056
1268 1735 7055
1267 1736 7054
1266 1737 7053
1265 1738 7052
1264 1739 7051
1263 1740 7050
1262 1741 7049
1261 1742 7048
1260 1743 7047
1259 1744 7046
1258 1745 7045
1257 1746 7044
1256 1747 7043
1255 1748 7042
1254 1749 7041
1253 1750 7040
1252 1751 7039
1251 1752 7038
1250 1753 7037
1249 1754 7036
1248 1755 7035
1247 1756 7034
1246 1757 7033
1245 1758 7032
1244 1759 7031
1243 1760 7030
1242 1761 7029
1241 1762 7028
1240 1763 7027
1239 1764 7026
1238 1765 7025
1237 1766 7024
1236 1767 7023
1235 1768 7022
1234 1769 7021
1233 1770 7020
1232 1771 7019
1231 1772 7018
1230 1773 7017
1229 1774 7016
1228 1775 7015
1227 1776 7014
1226 1777 7013
1225 1778 7012
1224 1779 7011
1223 1780 7010
1222 1781 7009
1221 1782 7008
1220 1783 7007
1219 1784 7006
1218 1785 7005
1217 1786 7004
1216 1787 7003
1215 1788 7002
1214 1789 7001
1213 1790 7000
1212 1791 6999
1211 1792 6998
1210 1793 6997
1209 1794 6996
1208 1795 6995
1207 1796 6994
1206 1797 6993
1205 1798 6992
1204 1799 6991
1203 1800 6990
1202 1801 6989
1201 1802 6988
1200 1803 6987
1199 1804 6986
1198 1805 6985
1197 1806 6984
1196 1807 6983
1195 1808 6982
1194 1809 6981
1193 1810 6980
1192 1811 6979
1191 1812 6978
1190 1813 6977
1189 1814 6976
1188 1815 6975
1187 1816 6974
1186 1817 6973
1185 1818 6972
1184 1819 6971
1183 1820 6970
1182 1821 6969
1181 1822 6968
1180 1823 6967
1179 1824 6966
1178 1825 6965
1177 1826 6964
1176 1827 6963
1175 1828 6962
1174 1829 6961
1173 1830 6960
1172 1831 6959
1171 1832 6958
1170 1833 6957
1169 1834 6956
1168 1835 6955
1167 1836 6954
1166 1837 6953
1165 1838 6952
1164 1839 6951
1163 1840 6950
1162 1841 6949
1161 1842 6948
1160 1843 6947
1159 1844 6946
1158 1845 6945
1157 1846 6944
1156 1847 6943
1155 1848 6942
1154 1849 6941
1153 1850 6940
1152 1851 6939
1151 1852 6938
1150 1853 6937
1149 1854 6936
1148 1855 6935
1147 1856 6934
1146 1857 6933
1145 1858 6932
1144 1859 6931
1143 1860 6930
1142 1861 6929
1141 1862 6928
1140 1863 6927
1139 1864 6926
1138 1865 6925
1137 1866 6924
1136 1867 6923
1135 1868 6922
1134 1869 6921
1133 1870 6920
1132 1871 6919
1131 1872 6918
1130 1873 6917
1129 1874 6916
1128 1875 6915
1127 1876 6914
1126 1877 6913
1125 1878 6912
1124 1879 6911
1123 1880 6910
1122 1881 6909
1121 1882 6908
1120 1883 6907
1119 1884 6906
1118 1885 6905
1117 1886 6904
1116 1887 6903
1115 1888 6902
1114 1889 6901
1113 1890 6900
1112 1891 6899
1111 1892 6898
1110 1893 6897
1109 1894 6896
1108 1895 6895
1107 1896 6894
1106 1897 6893
1105 1898 6892
1104 1899 6891
1103 1900 6890
1102 1901 6889
1101 1902 6888
1100 1903 6887
1099 1904 6886
1098 1905 6885
1097 1906 6884
1096 1907 6883
1095 1908 6882
1094 1909 6881
1093 1910 6880
1092 1911 6879
1091 1912 6878
1090 1913 6877
1089 1914 6876
1088 1915 6875
1087 1916 6874
1086 1917 6873
1085 1918 6872
1084 1919 6871
1083 1920 6870
1082 1921 6869
1081 1922 6868
1080 1923 6867
1079 1924 6866
1078 1925 6865
1077 1926 6864
1076 1927 6863
1075 1928 6862
1074 1929 6861
1073 1930 6860
1072 1931 6859
1071 1932 6858
1070 1933 6857
1069 1934 6856
1068 1935 6855
1067 1936 6854
1066 1937 6853
1065 1938 6852
1064 1939 6851
1063 1940 6850
1062 1941 6849
1061 1942 6848
1060 1943 6847
1059 1944 6846
1058 1945 6845
1057 1946 6844
1056 1947 6843
1055 1948 6842
1054 1949 6841
1053 1950 6840
1052 1951 6839
1051 1952 6838
1050 1953 6837
1049 1954 6836
1048 1955 6835
1047 1956 6834
1046 1957 6833
1045 1958 6832
1044 1959 6831
1043 1960 6830
1042 1961 6829
1041 1962 6828
1040 1963 6827
1039 1964 6826
1038 1965 6825
1037 1966 6824
1036 1967 6823
1035 1968 6822
1034 1969 6821
1033 1970 6820
1032 1971 6819
1031 1972 6818
1030 1973 6817
1029 1974 6816
1028 1975 6815
1027 1976 6814
1026 1977 6813
1025 1978 6812
1024 1979 6811
1023 1980 6810
1022 1981 6809
1021 1982 6808
1020 1983 6807
1019 1984 6806
1018 1985 6805
1017 1986 6804
1016 1987 6803
1015 1988 6802
1014 1989 6801
1013 1990 6800
1012 1991 6799
1011 1992 6798
1010 1993 6797
1009 1994 6796
1008 1995 6795
1007 1996 6794
1006 1997 6793
1005 1998 6792
1004 1999 6791
1003 2000 6790
1002 2001 6789
1001 2002 6788
1000 2003 6787
999 2004 6786
998 2005 6785
997 2006 6784
996 2007 6783
995 2008 6782
994 2009 6781
993 2010 6780
992 2011 6779
991 2012 6778
990 2013 6777
989 2014 6776
988 2015 6775
987 2016 6774
986 2017 6773
985 2018 6772
984 2019 6771
983 2020 6770
982 2021 6769
981 2022 6768
980 2023 6767
979 2024 6766
978 2025 6765
977 2026 6764
976 2027 6763
975 2028 6762
974 2029 6761
973 2030 6760
972 2031 6759
971 2032 6758
970 2033 6757
969 2034 6756
968 2035 6755
967 2036 6754
966 2037 6753
965 2038 6752
964 2039 6751
963 2040 6750
962 2041 6749
961 2042 6748
960 2043 6747
959 2044 6746
958 2045 6745
957 2046 6744
956 2047 6743
955 2048 6742
954 2049 6741
953 2050 6740
952 2051 6739
951 2052 6738
950 2053 6737
949 2054 6736
948 2055 6735
947 2056 6734
946 2057 6733
945 2058 6732
944 2059 6731
943 2060 6730
942 2061 6729
941 2062 6728
940 2063 6727
939 2064 6726
938 2065 6725
937 2066 6724
936 2067 6723
935 2068 6722
934 2069 6721
933 2070 6720
932 2071 6719
931 2072 6718
930 2073 6717
929 2074 6716
928 2075 6715
927 2076 6714
926 2077 6713
925 2078 6712
924 2079 6711
923 2080 6710
922 2081 6709
921 2082 6708
920 2083 6707
919 2084 6706
918 2085 6705
917 2086 6704
916 2087 6703
915 2088 6702
914 2089 6701
913 2090 6700
912 2091 6699
911 2092 6698
910 2093 6697
909 2094 6696
908 2095 6695
907 2096 6694
906 2097 6693
905 2098 6692
904 2099 6691
903 2100 6690
902 2101 6689
901 2102 6688
900 2103 6687
899 2104 6686
898 2105 6685
897 2106 6684
896 2107 6683
895 2108 6682
894 2109 6681
893 2110 6680
892 2111 6679
891 2112 6678
890 2113 6677
889 2114 6676
888 2115 6675
887 2116 6674
886 2117 6673
885 2118 6672
884 2119 6671
883 2120 6670
882 2121 6669
881 2122 6668
880 2123 6667
879 2124 6666
878 2125 6665
877 2126 6664
876 2127 6663
875 2128 6662
874 2129 6661
873 2130 6660
872 2131 6659
871 2132 6658
870 2133 6657
869 2134 6656
868 2135 6655
867 2136 6654
866 2137 6653
865 2138 6652
864 2139 6651
863 2140 6650
862 2141 6649
861 2142 6648
860 2143 6647
859 2144 6646
858 2145 6645
857 2146 6644
856 2147 6643
855 2148 6642
854 2149 6641
853 2150 6640
852 2151 6639
851 2152 6638
850 2153 6637
849 2154 6636
848 2155 6635
847 2156 6634
846 2157 6633
845 2158 6632
844 2159 6631
843 2160 6630
842 2161 6629
841 2162 6628
840 2163 6627
839 2164 6626
838 2165 6625
837 2166 6624
836 2167 6623
835 2168 6622
834 2169 6621
833 2170 6620
832 2171 6619
831 2172 6618
830 2173 6617
829 2174 6616
828 2175 6615
827 2176 6614
826 2177 6613
825 2178 6612
824 2179 6611
823 2180 6610
822 2181 6609
821 2182 6608
820 2183 6607
819 2184 6606
818 2185 6605
817 2186 6604
816 2187 6603
815 2188 6602
814 2189 6601
813 2190 6600
812 2191 6599
811 2192 6598
810 2193 6597
809 2194 6596
808 2195 6595
807 2196 6594
806 2197 6593
805 2198 6592
804 2199 6591
803 2200 6590
802 2201 6589
801 2202 6588
800 2203 6587
799 2204 6586
798 2205 6585
797 2206 6584
796 2207 6583
795 2208 6582
794 2209 6581
793 2210 6580
792 2211 6579
791 2212 6578
790 2213 6577
789 2214 6576
788 2215 6575
787 2216 6574
786 2217 6573
785 2218 6572
784 2219 6571
783 2220 6570
782 2221 6569
781 2222 6568
780 2223 6567
779 2224 6566
778 2225 6565
777 2226 6564
776 2227 6563
775 2228 6562
774 2229 6561
773 2230 6560
772 2231 6559
771 2232 6558
770 2233 6557
769 2234 6556
768 2235 6555
767 2236 6554
766 2237 6553
765 2238 6552
764 2239 6551
763 2240 6550
762 2241 6549
761 2242 6548
760 2243 6547
759 2244 6546
758 2245 6545
757 2246 6544
756 2247 6543
755 2248 6542
754 2249 6541
753 2250 6540
752 2251 6539
751 2252 6538
750 2253 6537
749 2254 6536
748 2255 6535
747 2256 6534
746 2257 6533
745 2258 6532
744 2259 6531
743 2260 6530
742 2261 6529
741 2262 6528
740 2263 6527
739 2264 6526
738 2265 6525
737 2266 6524
736 2267 6523
735 2268 6522
734 2269 6521
733 2270 6520
732 2271 6519
731 2272 6518
730 2273 6517
729 2274 6516
728 2275 6515
727 2276 6514
726 2277 6513
725 2278 6512
724 2279 6511
723 2280 6510
722 2281 6509
721 2282 6508
720 2283 6507
719 2284 6506
718 2285 6505
717 2286 6504
716 2287 6503
715 2288 6502
714 2289 6501
713 2290 6500
712 2291 6499
711 2292 6498
710 2293 6497
709 2294 6496
708 2295 6495
707 2296 6494
706 2297 6493
705 2298 6492
704 2299 6491
703 2300 6490
702 2301 6489
701 2302 6488
700 2303 6487
699 2304 6486
698 2305 6485
697 2306 6484
696 2307 6483
695 2308 6482
694 2309 6481
693 2310 6480
692 2311 6479
691 2312 6478
690 2313 6477
689 2314 6476
688 2315 6475
687 2316 6474
686 2317 6473
685 2318 6472
684 2319 6471
683 2320 6470
682 2321 6469
681 2322 6468
680 2323 6467
679 2324 6466
678 2325 6465
677 2326 6464
676 2327 6463
675 2328 6462
674 2329 6461
673 2330 6460
672 2331 6459
671 2332 6458
670 2333 6457
669 2334 6456
668 2335 6455
667 2336 6454
666 2337 6453
665 2338 6452
664 2339 6451
663 2340 6450
662 2341 6449
661 2342 6448
660 2343 6447
659 2344 6446
658 2345 6445
657 2346 6444
656 2347 6443
655 2348 6442
654 2349 6441
653 2350 6440
652 2351 6439
651 2352 6438
650 2353 6437
649 2354 6436
648 2355 6435
647 2356 6434
646 2357 6433
645 2358 6432
644 2359 6431
643 2360 6430
642 2361 6429
641 2362 6428
640 2363 6427
639 2364 6426
638 2365 6425
637 2366 6424
636 2367 6423
635 2368 6422
634 2369 6421
633 2370 6420
632 2371 6419
631 2372 6418
630 2373 6417
629 2374 6416
628 2375 6415
627 2376 6414
626 2377 6413
625 2378 6412
624 2379 6411
623 2380 6410
622 2381 6409
621 2382 6408
620 2383 6407
619 2384 6406
618 2385 6405
617 2386 6404
616 2387 6403
615 2388 6402
614 2389 6401
613 2390 6400
612 2391 6399
611 2392 6398
610 2393 6397
609 2394 6396
608 2395 6395
607 2396 6394
606 2397 6393
605 2398 6392
604 2399 6391
603 2400 6390
602 2401 6389
601 2402 6388
600 2403 6387
599 2404 6386
598 2405 6385
597 2406 6384
596 2407 6383
595 2408 6382
594 2409 6381
593 2410 6380
592 2411 6379
591 2412 6378
590 2413 6377
589 2414 6376
588 2415 6375
587 2416 6374
586 2417 6373
585 2418 6372
584 2419 6371
583 2420 6370
582 2421 6369
581 2422 6368
580 2423 6367
579 2424 6366
578 2425 6365
577 2426 6364
576 2427 6363
575 2428 6362
574 2429 6361
573 2430 6360
572 2431 6359
571 2432 6358
570 2433 6357
569 2434 6356
568 2435 6355
567 2436 6354
566 2437 6353
565 2438 6352
564 2439 6351
563 2440 6350
562 2441 6349
561 2442 6348
560 2443 6347
559 2444 6346
558 2445 6345
557 2446 6344
556 2447 6343
555 2448 6342
554 2449 6341
553 2450 6340
552 2451 6339
551 2452 6338
550 2453 6337
549 2454 6336
548 2455 6335
547 2456 6334
546 2457 6333
545 2458 6332
544 2459 6331
543 2460 6330
542 2461 6329
541 2462 6328
540 2463 6327
539 2464 6326
538 2465 6325
537 2466 6324
536 2467 6323
535 2468 6322
534 2469 6321
533 2470 6320
532 2471 6319
531 2472 6318
530 2473 6317
529 2474 6316
528 2475 6315
527 2476 6314
526 2477 6313
525 2478 6312
524 2479 6311
523 2480 6310
522 2481 6309
521 2482 6308
520 2483 6307
519 2484 6306
518 2485 6305
517 2486 6304
516 2487 6303
515 2488 6302
514 2489 6301
513 2490 6300
512 2491 6299
511 2492 6298
510 2493 6297
509 2494 6296
508 2495 6295
507 2496 6294
506 2497 6293
505 2498 6292
504 2499 6291
503 2500 6290
502 2501 6289
501 2502 6288
500 2503 6287
499 2504 6286
498 2505 6285
497 2506 6284
496 2507 6283
495 2508 6282
494 2509 6281
493 2510 6280
492 2511 6279
491 2512 6278
490 2513 6277
489 2514 6276
488 2515 6275
487 2516 6274
486 2517 6273
485 2518 6272
484 2519 6271
483 2520 6270
482 2521 6269
481 2522 6268
480 2523 6267
479 2524 6266
478 2525 6265
477 2526 6264
476 2527 6263
475 2528 6262
474 2529 6261
473 2530 6260
472 2531 6259
471 2532 6258
470 2533 6257
469 2534 6256
468 2535 6255
467 2536 6254
466 2537 6253
465 2538 6252
464 2539 6251
463 2540 6250
462 2541 6249
461 2542 6248
460 2543 6247
459 2544 6246
458 2545 6245
457 2546 6244
456 2547 6243
455 2548 6242
454 2549 6241
453 2550 6240
452 2551 6239
451 2552 6238
450 2553 6237
449 2554 6236
448 2555 6235
447 2556 6234
446 2557 6233
445 2558 6232
444 2559 6231
443 2560 6230
442 2561 6229
441 2562 6228
440 2563 6227
439 2564 6226
438 2565 6225
437 2566 6224
436 2567 6223
435 2568 6222
434 2569 6221
433 2570 6220
432 2571 6219
431 2572 6218
430 2573 6217
429 2574 6216
428 2575 6215
427 2576 6214
426 2577 6213
425 2578 6212
424 2579 6211
423 2580 6210
422 2581 6209
421 2582 6208
420 2583 6207
419 2584 6206
418 2585 6205
417 2586 6204
416 2587 6203
415 2588 6202
414 2589 6201
413 2590 6200
412 2591 6199
411 2592 6198
410 2593 6197
409 2594 6196
408 2595 6195
407 2596 6194
406 2597 6193
405 2598 6192
404 2599 6191
403 2600 6190
402 2601 6189
401 2602 6188
400 2603 6187
399 2604 6186
398 2605 6185
397 2606 6184
396 2607 6183
395 2608 6182
394 2609 6181
393 2610 6180
392 2611 6179
391 2612 6178
390 2613 6177
389 2614 6176
388 2615 6175
387 2616 6174
386 2617 6173
385 2618 6172
384 2619 6171
383 2620 6170
382 2621 6169
381 2622 6168
380 2623 6167
379 2624 6166
378 2625 6165
377 2626 6164
376 2627 6163
375 2628 6162
374 2629 6161
373 2630 6160
372 2631 6159
371 2632 6158
370 2633 6157
369 2634 6156
368 2635 6155
367 2636 6154
366 2637 6153
365 2638 6152
364 2639 6151
363 2640 6150
362 2641 6149
361 2642 6148
360 2643 6147
359 2644 6146
358 2645 6145
357 2646 6144
356 2647 6143
355 2648 6142
354 2649 6141
353 2650 6140
352 2651 6139
351 2652 6138
350 2653 6137
349 2654 6136
348 2655 6135
347 2656 6134
346 2657 6133
345 2658 6132
344 2659 6131
343 2660 6130
342 2661 6129
341 2662 6128
340 2663 6127
339 2664 6126
338 2665 6125
337 2666 6124
336 2667 6123
335 2668 6122
334 2669 6121
333 2670 6120
332 2671 6119
331 2672 6118
330 2673 6117
329 2674 6116
328 2675 6115
327 2676 6114
326 2677 6113
325 2678 6112
324 2679 6111
323 2680 6110
322 2681 6109
321 2682 6108
320 2683 6107
319 2684 6106
318 2685 6105
317 2686 6104
316 2687 6103
315 2688 6102
314 2689 6101
313 2690 6100
312 2691 6099
311 2692 6098
310 2693 6097
309 2694 6096
308 2695 6095
307 2696 6094
306 2697 6093
305 2698 6092
304 2699 6091
303 2700 6090
302 2701 6089
301 2702 6088
300 2703 6087
299 2704 6086
298 2705 6085
297 2706 6084
296 2707 6083
295 2708 6082
294 2709 6081
293 2710 6080
292 2711 6079
291 2712 6078
290 2713 6077
289 2714 6076
288 2715 6075
287 2716 6074
286 2717 6073
285 2718 6072
284 2719 6071
283 2720 6070
282 2721 6069
281 2722 6068
280 2723 6067
279 2724 6066
278 2725 6065
277 2726 6064
276 2727 6063
275 2728 6062
274 2729 6061
273 2730 6060
272 2731 6059
271 2732 6058
270 2733 6057
269 2734 6056
268 2735 6055
267 2736 6054
266 2737 6053
265 2738 6052
264 2739 6051
263 2740 6050
262 2741 6049
261 2742 6048
260 2743 6047
259 2744 6046
258 2745 6045
257 2746 6044
256 2747 6043
255 2748 6042
254 2749 6041
253 2750 6040
252 2751 6039
251 2752 6038
250 2753 6037
249 2754 6036
248 2755 6035
247 2756 6034
246 2757 6033
245 2758 6032
244 2759 6031
243 2760 6030
242 2761 6029
241 2762 6028
240 2763 6027
239 2764 6026
238 2765 6025
237 2766 6024
236 2767 6023
235 2768 6022
234 2769 6021
233 2770 6020
232 2771 6019
231 2772 6018
230 2773 6017
229 2774 6016
228 2775 6015
227 2776 6014
226 2777 6013
225 2778 6012
224 2779 6011
223 2780 6010
222 2781 6009
221 2782 6008
220 2783 6007
219 2784 6006
218 2785 6005
217 2786 6004
216 2787 6003
215 2788 6002
214 2789 6001
