306
3000 3 6306
2999 4 6305
2998 5 6304
2997 6 6303
2996 7 6302
2995 8 6301
2994 9 6300
2993 10 6299
2992 11 6298
2991 12 6297
2990 13 6296
2989 14 6295
2988 15 6294
2987 16 6293
2986 17 6292
2985 18 6291
2984 19 6290
2983 20 6289
2982 21 6288
2981 22 6287
2980 23 6286
2979 24 6285
2978 25 6284
2977 26 6283
2976 27 6282
2975 28 6281
2974 29 6280
2973 30 6279
2972 31 6278
2971 32 6277
2970 33 6276
2969 34 6275
2968 35 6274
2967 36 6273
2966 37 6272
2965 38 6271
2964 39 6270
2963 40 6269
2962 41 6268
2961 42 6267
2960 43 6266
2959 44 6265
2958 45 6264
2957 46 6263
2956 47 6262
2955 48 6261
2954 49 6260
2953 50 6259
2952 51 6258
2951 52 6257
2950 53 6256
2949 54 6255
2948 55 6254
2947 56 6253
2946 57 6252
2945 58 6251
2944 59 6250
2943 60 6249
2942 61 6248
2941 62 6247
2940 63 6246
2939 64 6245
2938 65 6244
2937 66 6243
2936 67 6242
2935 68 6241
2934 69 6240
2933 70 6239
2932 71 6238
2931 72 6237
2930 73 6236
2929 74 6235
2928 75 6234
2927 76 6233
2926 77 6232
2925 78 6231
2924 79 6230
2923 80 6229
2922 81 6228
2921 82 6227
2920 83 6226
2919 84 6225
2918 85 6224
2917 86 6223
2916 87 6222
2915 88 6221
2914 89 6220
2913 90 6219
2912 91 6218
2911 92 6217
2910 93 6216
2909 94 6215
2908 95 6214
2907 96 6213
2906 97 6212
2905 98 6211
2904 99 6210
2903 100 6209
2902 101 6208
2901 102 6207
2900 103 6206
2899 104 6205
2898 105 6204
2897 106 6203
2896 107 6202
2895 108 6201
2894 109 6200
2893 110 6199
2892 111 6198
2891 112 6197
2890 113 6196
2889 114 6195
2888 115 6194
2887 116 6193
2886 117 6192
2885 118 6191
2884 119 6190
2883 120 6189
2882 121 6188
2881 122 6187
2880 123 6186
2879 124 6185
2878 125 6184
2877 126 6183
2876 127 6182
2875 128 6181
2874 129 6180
2873 130 6179
2872 131 6178
2871 132 6177
2870 133 6176
2869 134 6175
2868 135 6174
2867 136 6173
2866 137 6172
2865 138 6171
2864 139 6170
2863 140 6169
2862 141 6168
2861 142 6167
2860 143 6166
2859 144 6165
2858 145 6164
2857 146 6163
2856 147 6162
2855 148 6161
2854 149 6160
2853 150 6159
2852 151 6158
2851 152 6157
2850 153 6156
2849 154 6155
2848 155 6154
2847 156 6153
2846 157 6152
2845 158 6151
2844 159 6150
2843 160 6149
2842 161 6148
2841 162 6147
2840 163 6146
2839 164 6145
2838 165 6144
2837 166 6143
2836 167 6142
2835 168 6141
2834 169 6140
2833 170 6139
2832 171 6138
2831 172 6137
2830 173 6136
2829 174 6135
2828 175 6134
2827 176 6133
2826 177 6132
2825 178 6131
2824 179 6130
2823 180 6129
2822 181 6128
2821 182 6127
2820 183 6126
2819 184 6125
2818 185 6124
2817 186 6123
2816 187 6122
2815 188 6121
2814 189 6120
2813 190 6119
2812 191 6118
2811 192 6117
2810 193 6116
2809 194 6115
2808 195 6114
2807 196 6113
2806 197 6112
2805 198 6111
2804 199 6110
2803 200 6109
2802 201 6108
2801 202 6107
2800 203 6106
2799 204 6105
2798 205 6104
2797 206 6103
2796 207 6102
2795 208 6101
2794 209 6100
2793 210 6099
2792 211 6098
2791 212 6097
2790 213 6096
2789 214 6095
2788 215 6094
2787 216 6093
2786 217 6092
2785 218 6091
2784 219 6090
2783 220 6089
2782 221 6088
2781 222 6087
2780 223 6086
2779 224 6085
2778 225 6084
2777 226 6083
2776 227 6082
2775 228 6081
2774 229 6080
2773 230 6079
2772 231 6078
2771 232 6077
2770 233 6076
2769 234 6075
2768 235 6074
2767 236 6073
2766 237 6072
2765 238 6071
2764 239 6070
2763 240 6069
2762 241 6068
2761 242 6067
2760 243 6066
2759 244 6065
2758 245 6064
2757 246 6063
2756 247 6062
2755 248 6061
2754 249 6060
2753 250 6059
2752 251 6058
2751 252 6057
2750 253 6056
2749 254 6055
2748 255 6054
2747 256 6053
2746 257 6052
2745 258 6051
2744 259 6050
2743 260 6049
2742 261 6048
2741 262 6047
2740 263 6046
2739 264 6045
2738 265 6044
2737 266 6043
2736 267 6042
2735 268 6041
2734 269 6040
2733 270 6039
2732 271 6038
2731 272 6037
2730 273 6036
2729 274 6035
2728 275 6034
2727 276 6033
2726 277 6032
2725 278 6031
2724 279 6030
2723 280 6029
2722 281 6028
2721 282 6027
2720 283 6026
2719 284 6025
2718 285 6024
2717 286 6023
2716 287 6022
2715 288 6021
2714 289 6020
2713 290 6019
2712 291 6018
2711 292 6017
2710 293 6016
2709 294 6015
2708 295 6014
2707 296 6013
2706 297 6012
2705 298 6011
2704 299 6010
2703 300 6009
2702 301 6008
2701 302 6007
2700 303 6006
2699 304 6005
2698 305 6004
2697 306 6003
2696 307 6002
2695 308 6001
