1409
3000 3 7409
2999 4 7408
2998 5 7407
2997 6 7406
2996 7 7405
2995 8 7404
2994 9 7403
2993 10 7402
2992 11 7401
2991 12 7400
2990 13 7399
2989 14 7398
2988 15 7397
2987 16 7396
2986 17 7395
2985 18 7394
2984 19 7393
2983 20 7392
2982 21 7391
2981 22 7390
2980 23 7389
2979 24 7388
2978 25 7387
2977 26 7386
2976 27 7385
2975 28 7384
2974 29 7383
2973 30 7382
2972 31 7381
2971 32 7380
2970 33 7379
2969 34 7378
2968 35 7377
2967 36 7376
2966 37 7375
2965 38 7374
2964 39 7373
2963 40 7372
2962 41 7371
2961 42 7370
2960 43 7369
2959 44 7368
2958 45 7367
2957 46 7366
2956 47 7365
2955 48 7364
2954 49 7363
2953 50 7362
2952 51 7361
2951 52 7360
2950 53 7359
2949 54 7358
2948 55 7357
2947 56 7356
2946 57 7355
2945 58 7354
2944 59 7353
2943 60 7352
2942 61 7351
2941 62 7350
2940 63 7349
2939 64 7348
2938 65 7347
2937 66 7346
2936 67 7345
2935 68 7344
2934 69 7343
2933 70 7342
2932 71 7341
2931 72 7340
2930 73 7339
2929 74 7338
2928 75 7337
2927 76 7336
2926 77 7335
2925 78 7334
2924 79 7333
2923 80 7332
2922 81 7331
2921 82 7330
2920 83 7329
2919 84 7328
2918 85 7327
2917 86 7326
2916 87 7325
2915 88 7324
2914 89 7323
2913 90 7322
2912 91 7321
2911 92 7320
2910 93 7319
2909 94 7318
2908 95 7317
2907 96 7316
2906 97 7315
2905 98 7314
2904 99 7313
2903 100 7312
2902 101 7311
2901 102 7310
2900 103 7309
2899 104 7308
2898 105 7307
2897 106 7306
2896 107 7305
2895 108 7304
2894 109 7303
2893 110 7302
2892 111 7301
2891 112 7300
2890 113 7299
2889 114 7298
2888 115 7297
2887 116 7296
2886 117 7295
2885 118 7294
2884 119 7293
2883 120 7292
2882 121 7291
2881 122 7290
2880 123 7289
2879 124 7288
2878 125 7287
2877 126 7286
2876 127 7285
2875 128 7284
2874 129 7283
2873 130 7282
2872 131 7281
2871 132 7280
2870 133 7279
2869 134 7278
2868 135 7277
2867 136 7276
2866 137 7275
2865 138 7274
2864 139 7273
2863 140 7272
2862 141 7271
2861 142 7270
2860 143 7269
2859 144 7268
2858 145 7267
2857 146 7266
2856 147 7265
2855 148 7264
2854 149 7263
2853 150 7262
2852 151 7261
2851 152 7260
2850 153 7259
2849 154 7258
2848 155 7257
2847 156 7256
2846 157 7255
2845 158 7254
2844 159 7253
2843 160 7252
2842 161 7251
2841 162 7250
2840 163 7249
2839 164 7248
2838 165 7247
2837 166 7246
2836 167 7245
2835 168 7244
2834 169 7243
2833 170 7242
2832 171 7241
2831 172 7240
2830 173 7239
2829 174 7238
2828 175 7237
2827 176 7236
2826 177 7235
2825 178 7234
2824 179 7233
2823 180 7232
2822 181 7231
2821 182 7230
2820 183 7229
2819 184 7228
2818 185 7227
2817 186 7226
2816 187 7225
2815 188 7224
2814 189 7223
2813 190 7222
2812 191 7221
2811 192 7220
2810 193 7219
2809 194 7218
2808 195 7217
2807 196 7216
2806 197 7215
2805 198 7214
2804 199 7213
2803 200 7212
2802 201 7211
2801 202 7210
2800 203 7209
2799 204 7208
2798 205 7207
2797 206 7206
2796 207 7205
2795 208 7204
2794 209 7203
2793 210 7202
2792 211 7201
2791 212 7200
2790 213 7199
2789 214 7198
2788 215 7197
2787 216 7196
2786 217 7195
2785 218 7194
2784 219 7193
2783 220 7192
2782 221 7191
2781 222 7190
2780 223 7189
2779 224 7188
2778 225 7187
2777 226 7186
2776 227 7185
2775 228 7184
2774 229 7183
2773 230 7182
2772 231 7181
2771 232 7180
2770 233 7179
2769 234 7178
2768 235 7177
2767 236 7176
2766 237 7175
2765 238 7174
2764 239 7173
2763 240 7172
2762 241 7171
2761 242 7170
2760 243 7169
2759 244 7168
2758 245 7167
2757 246 7166
2756 247 7165
2755 248 7164
2754 249 7163
2753 250 7162
2752 251 7161
2751 252 7160
2750 253 7159
2749 254 7158
2748 255 7157
2747 256 7156
2746 257 7155
2745 258 7154
2744 259 7153
2743 260 7152
2742 261 7151
2741 262 7150
2740 263 7149
2739 264 7148
2738 265 7147
2737 266 7146
2736 267 7145
2735 268 7144
2734 269 7143
2733 270 7142
2732 271 7141
2731 272 7140
2730 273 7139
2729 274 7138
2728 275 7137
2727 276 7136
2726 277 7135
2725 278 7134
2724 279 7133
2723 280 7132
2722 281 7131
2721 282 7130
2720 283 7129
2719 284 7128
2718 285 7127
2717 286 7126
2716 287 7125
2715 288 7124
2714 289 7123
2713 290 7122
2712 291 7121
2711 292 7120
2710 293 7119
2709 294 7118
2708 295 7117
2707 296 7116
2706 297 7115
2705 298 7114
2704 299 7113
2703 300 7112
2702 301 7111
2701 302 7110
2700 303 7109
2699 304 7108
2698 305 7107
2697 306 7106
2696 307 7105
2695 308 7104
2694 309 7103
2693 310 7102
2692 311 7101
2691 312 7100
2690 313 7099
2689 314 7098
2688 315 7097
2687 316 7096
2686 317 7095
2685 318 7094
2684 319 7093
2683 320 7092
2682 321 7091
2681 322 7090
2680 323 7089
2679 324 7088
2678 325 7087
2677 326 7086
2676 327 7085
2675 328 7084
2674 329 7083
2673 330 7082
2672 331 7081
2671 332 7080
2670 333 7079
2669 334 7078
2668 335 7077
2667 336 7076
2666 337 7075
2665 338 7074
2664 339 7073
2663 340 7072
2662 341 7071
2661 342 7070
2660 343 7069
2659 344 7068
2658 345 7067
2657 346 7066
2656 347 7065
2655 348 7064
2654 349 7063
2653 350 7062
2652 351 7061
2651 352 7060
2650 353 7059
2649 354 7058
2648 355 7057
2647 356 7056
2646 357 7055
2645 358 7054
2644 359 7053
2643 360 7052
2642 361 7051
2641 362 7050
2640 363 7049
2639 364 7048
2638 365 7047
2637 366 7046
2636 367 7045
2635 368 7044
2634 369 7043
2633 370 7042
2632 371 7041
2631 372 7040
2630 373 7039
2629 374 7038
2628 375 7037
2627 376 7036
2626 377 7035
2625 378 7034
2624 379 7033
2623 380 7032
2622 381 7031
2621 382 7030
2620 383 7029
2619 384 7028
2618 385 7027
2617 386 7026
2616 387 7025
2615 388 7024
2614 389 7023
2613 390 7022
2612 391 7021
2611 392 7020
2610 393 7019
2609 394 7018
2608 395 7017
2607 396 7016
2606 397 7015
2605 398 7014
2604 399 7013
2603 400 7012
2602 401 7011
2601 402 7010
2600 403 7009
2599 404 7008
2598 405 7007
2597 406 7006
2596 407 7005
2595 408 7004
2594 409 7003
2593 410 7002
2592 411 7001
2591 412 7000
2590 413 6999
2589 414 6998
2588 415 6997
2587 416 6996
2586 417 6995
2585 418 6994
2584 419 6993
2583 420 6992
2582 421 6991
2581 422 6990
2580 423 6989
2579 424 6988
2578 425 6987
2577 426 6986
2576 427 6985
2575 428 6984
2574 429 6983
2573 430 6982
2572 431 6981
2571 432 6980
2570 433 6979
2569 434 6978
2568 435 6977
2567 436 6976
2566 437 6975
2565 438 6974
2564 439 6973
2563 440 6972
2562 441 6971
2561 442 6970
2560 443 6969
2559 444 6968
2558 445 6967
2557 446 6966
2556 447 6965
2555 448 6964
2554 449 6963
2553 450 6962
2552 451 6961
2551 452 6960
2550 453 6959
2549 454 6958
2548 455 6957
2547 456 6956
2546 457 6955
2545 458 6954
2544 459 6953
2543 460 6952
2542 461 6951
2541 462 6950
2540 463 6949
2539 464 6948
2538 465 6947
2537 466 6946
2536 467 6945
2535 468 6944
2534 469 6943
2533 470 6942
2532 471 6941
2531 472 6940
2530 473 6939
2529 474 6938
2528 475 6937
2527 476 6936
2526 477 6935
2525 478 6934
2524 479 6933
2523 480 6932
2522 481 6931
2521 482 6930
2520 483 6929
2519 484 6928
2518 485 6927
2517 486 6926
2516 487 6925
2515 488 6924
2514 489 6923
2513 490 6922
2512 491 6921
2511 492 6920
2510 493 6919
2509 494 6918
2508 495 6917
2507 496 6916
2506 497 6915
2505 498 6914
2504 499 6913
2503 500 6912
2502 501 6911
2501 502 6910
2500 503 6909
2499 504 6908
2498 505 6907
2497 506 6906
2496 507 6905
2495 508 6904
2494 509 6903
2493 510 6902
2492 511 6901
2491 512 6900
2490 513 6899
2489 514 6898
2488 515 6897
2487 516 6896
2486 517 6895
2485 518 6894
2484 519 6893
2483 520 6892
2482 521 6891
2481 522 6890
2480 523 6889
2479 524 6888
2478 525 6887
2477 526 6886
2476 527 6885
2475 528 6884
2474 529 6883
2473 530 6882
2472 531 6881
2471 532 6880
2470 533 6879
2469 534 6878
2468 535 6877
2467 536 6876
2466 537 6875
2465 538 6874
2464 539 6873
2463 540 6872
2462 541 6871
2461 542 6870
2460 543 6869
2459 544 6868
2458 545 6867
2457 546 6866
2456 547 6865
2455 548 6864
2454 549 6863
2453 550 6862
2452 551 6861
2451 552 6860
2450 553 6859
2449 554 6858
2448 555 6857
2447 556 6856
2446 557 6855
2445 558 6854
2444 559 6853
2443 560 6852
2442 561 6851
2441 562 6850
2440 563 6849
2439 564 6848
2438 565 6847
2437 566 6846
2436 567 6845
2435 568 6844
2434 569 6843
2433 570 6842
2432 571 6841
2431 572 6840
2430 573 6839
2429 574 6838
2428 575 6837
2427 576 6836
2426 577 6835
2425 578 6834
2424 579 6833
2423 580 6832
2422 581 6831
2421 582 6830
2420 583 6829
2419 584 6828
2418 585 6827
2417 586 6826
2416 587 6825
2415 588 6824
2414 589 6823
2413 590 6822
2412 591 6821
2411 592 6820
2410 593 6819
2409 594 6818
2408 595 6817
2407 596 6816
2406 597 6815
2405 598 6814
2404 599 6813
2403 600 6812
2402 601 6811
2401 602 6810
2400 603 6809
2399 604 6808
2398 605 6807
2397 606 6806
2396 607 6805
2395 608 6804
2394 609 6803
2393 610 6802
2392 611 6801
2391 612 6800
2390 613 6799
2389 614 6798
2388 615 6797
2387 616 6796
2386 617 6795
2385 618 6794
2384 619 6793
2383 620 6792
2382 621 6791
2381 622 6790
2380 623 6789
2379 624 6788
2378 625 6787
2377 626 6786
2376 627 6785
2375 628 6784
2374 629 6783
2373 630 6782
2372 631 6781
2371 632 6780
2370 633 6779
2369 634 6778
2368 635 6777
2367 636 6776
2366 637 6775
2365 638 6774
2364 639 6773
2363 640 6772
2362 641 6771
2361 642 6770
2360 643 6769
2359 644 6768
2358 645 6767
2357 646 6766
2356 647 6765
2355 648 6764
2354 649 6763
2353 650 6762
2352 651 6761
2351 652 6760
2350 653 6759
2349 654 6758
2348 655 6757
2347 656 6756
2346 657 6755
2345 658 6754
2344 659 6753
2343 660 6752
2342 661 6751
2341 662 6750
2340 663 6749
2339 664 6748
2338 665 6747
2337 666 6746
2336 667 6745
2335 668 6744
2334 669 6743
2333 670 6742
2332 671 6741
2331 672 6740
2330 673 6739
2329 674 6738
2328 675 6737
2327 676 6736
2326 677 6735
2325 678 6734
2324 679 6733
2323 680 6732
2322 681 6731
2321 682 6730
2320 683 6729
2319 684 6728
2318 685 6727
2317 686 6726
2316 687 6725
2315 688 6724
2314 689 6723
2313 690 6722
2312 691 6721
2311 692 6720
2310 693 6719
2309 694 6718
2308 695 6717
2307 696 6716
2306 697 6715
2305 698 6714
2304 699 6713
2303 700 6712
2302 701 6711
2301 702 6710
2300 703 6709
2299 704 6708
2298 705 6707
2297 706 6706
2296 707 6705
2295 708 6704
2294 709 6703
2293 710 6702
2292 711 6701
2291 712 6700
2290 713 6699
2289 714 6698
2288 715 6697
2287 716 6696
2286 717 6695
2285 718 6694
2284 719 6693
2283 720 6692
2282 721 6691
2281 722 6690
2280 723 6689
2279 724 6688
2278 725 6687
2277 726 6686
2276 727 6685
2275 728 6684
2274 729 6683
2273 730 6682
2272 731 6681
2271 732 6680
2270 733 6679
2269 734 6678
2268 735 6677
2267 736 6676
2266 737 6675
2265 738 6674
2264 739 6673
2263 740 6672
2262 741 6671
2261 742 6670
2260 743 6669
2259 744 6668
2258 745 6667
2257 746 6666
2256 747 6665
2255 748 6664
2254 749 6663
2253 750 6662
2252 751 6661
2251 752 6660
2250 753 6659
2249 754 6658
2248 755 6657
2247 756 6656
2246 757 6655
2245 758 6654
2244 759 6653
2243 760 6652
2242 761 6651
2241 762 6650
2240 763 6649
2239 764 6648
2238 765 6647
2237 766 6646
2236 767 6645
2235 768 6644
2234 769 6643
2233 770 6642
2232 771 6641
2231 772 6640
2230 773 6639
2229 774 6638
2228 775 6637
2227 776 6636
2226 777 6635
2225 778 6634
2224 779 6633
2223 780 6632
2222 781 6631
2221 782 6630
2220 783 6629
2219 784 6628
2218 785 6627
2217 786 6626
2216 787 6625
2215 788 6624
2214 789 6623
2213 790 6622
2212 791 6621
2211 792 6620
2210 793 6619
2209 794 6618
2208 795 6617
2207 796 6616
2206 797 6615
2205 798 6614
2204 799 6613
2203 800 6612
2202 801 6611
2201 802 6610
2200 803 6609
2199 804 6608
2198 805 6607
2197 806 6606
2196 807 6605
2195 808 6604
2194 809 6603
2193 810 6602
2192 811 6601
2191 812 6600
2190 813 6599
2189 814 6598
2188 815 6597
2187 816 6596
2186 817 6595
2185 818 6594
2184 819 6593
2183 820 6592
2182 821 6591
2181 822 6590
2180 823 6589
2179 824 6588
2178 825 6587
2177 826 6586
2176 827 6585
2175 828 6584
2174 829 6583
2173 830 6582
2172 831 6581
2171 832 6580
2170 833 6579
2169 834 6578
2168 835 6577
2167 836 6576
2166 837 6575
2165 838 6574
2164 839 6573
2163 840 6572
2162 841 6571
2161 842 6570
2160 843 6569
2159 844 6568
2158 845 6567
2157 846 6566
2156 847 6565
2155 848 6564
2154 849 6563
2153 850 6562
2152 851 6561
2151 852 6560
2150 853 6559
2149 854 6558
2148 855 6557
2147 856 6556
2146 857 6555
2145 858 6554
2144 859 6553
2143 860 6552
2142 861 6551
2141 862 6550
2140 863 6549
2139 864 6548
2138 865 6547
2137 866 6546
2136 867 6545
2135 868 6544
2134 869 6543
2133 870 6542
2132 871 6541
2131 872 6540
2130 873 6539
2129 874 6538
2128 875 6537
2127 876 6536
2126 877 6535
2125 878 6534
2124 879 6533
2123 880 6532
2122 881 6531
2121 882 6530
2120 883 6529
2119 884 6528
2118 885 6527
2117 886 6526
2116 887 6525
2115 888 6524
2114 889 6523
2113 890 6522
2112 891 6521
2111 892 6520
2110 893 6519
2109 894 6518
2108 895 6517
2107 896 6516
2106 897 6515
2105 898 6514
2104 899 6513
2103 900 6512
2102 901 6511
2101 902 6510
2100 903 6509
2099 904 6508
2098 905 6507
2097 906 6506
2096 907 6505
2095 908 6504
2094 909 6503
2093 910 6502
2092 911 6501
2091 912 6500
2090 913 6499
2089 914 6498
2088 915 6497
2087 916 6496
2086 917 6495
2085 918 6494
2084 919 6493
2083 920 6492
2082 921 6491
2081 922 6490
2080 923 6489
2079 924 6488
2078 925 6487
2077 926 6486
2076 927 6485
2075 928 6484
2074 929 6483
2073 930 6482
2072 931 6481
2071 932 6480
2070 933 6479
2069 934 6478
2068 935 6477
2067 936 6476
2066 937 6475
2065 938 6474
2064 939 6473
2063 940 6472
2062 941 6471
2061 942 6470
2060 943 6469
2059 944 6468
2058 945 6467
2057 946 6466
2056 947 6465
2055 948 6464
2054 949 6463
2053 950 6462
2052 951 6461
2051 952 6460
2050 953 6459
2049 954 6458
2048 955 6457
2047 956 6456
2046 957 6455
2045 958 6454
2044 959 6453
2043 960 6452
2042 961 6451
2041 962 6450
2040 963 6449
2039 964 6448
2038 965 6447
2037 966 6446
2036 967 6445
2035 968 6444
2034 969 6443
2033 970 6442
2032 971 6441
2031 972 6440
2030 973 6439
2029 974 6438
2028 975 6437
2027 976 6436
2026 977 6435
2025 978 6434
2024 979 6433
2023 980 6432
2022 981 6431
2021 982 6430
2020 983 6429
2019 984 6428
2018 985 6427
2017 986 6426
2016 987 6425
2015 988 6424
2014 989 6423
2013 990 6422
2012 991 6421
2011 992 6420
2010 993 6419
2009 994 6418
2008 995 6417
2007 996 6416
2006 997 6415
2005 998 6414
2004 999 6413
2003 1000 6412
2002 1001 6411
2001 1002 6410
2000 1003 6409
1999 1004 6408
1998 1005 6407
1997 1006 6406
1996 1007 6405
1995 1008 6404
1994 1009 6403
1993 1010 6402
1992 1011 6401
1991 1012 6400
1990 1013 6399
1989 1014 6398
1988 1015 6397
1987 1016 6396
1986 1017 6395
1985 1018 6394
1984 1019 6393
1983 1020 6392
1982 1021 6391
1981 1022 6390
1980 1023 6389
1979 1024 6388
1978 1025 6387
1977 1026 6386
1976 1027 6385
1975 1028 6384
1974 1029 6383
1973 1030 6382
1972 1031 6381
1971 1032 6380
1970 1033 6379
1969 1034 6378
1968 1035 6377
1967 1036 6376
1966 1037 6375
1965 1038 6374
1964 1039 6373
1963 1040 6372
1962 1041 6371
1961 1042 6370
1960 1043 6369
1959 1044 6368
1958 1045 6367
1957 1046 6366
1956 1047 6365
1955 1048 6364
1954 1049 6363
1953 1050 6362
1952 1051 6361
1951 1052 6360
1950 1053 6359
1949 1054 6358
1948 1055 6357
1947 1056 6356
1946 1057 6355
1945 1058 6354
1944 1059 6353
1943 1060 6352
1942 1061 6351
1941 1062 6350
1940 1063 6349
1939 1064 6348
1938 1065 6347
1937 1066 6346
1936 1067 6345
1935 1068 6344
1934 1069 6343
1933 1070 6342
1932 1071 6341
1931 1072 6340
1930 1073 6339
1929 1074 6338
1928 1075 6337
1927 1076 6336
1926 1077 6335
1925 1078 6334
1924 1079 6333
1923 1080 6332
1922 1081 6331
1921 1082 6330
1920 1083 6329
1919 1084 6328
1918 1085 6327
1917 1086 6326
1916 1087 6325
1915 1088 6324
1914 1089 6323
1913 1090 6322
1912 1091 6321
1911 1092 6320
1910 1093 6319
1909 1094 6318
1908 1095 6317
1907 1096 6316
1906 1097 6315
1905 1098 6314
1904 1099 6313
1903 1100 6312
1902 1101 6311
1901 1102 6310
1900 1103 6309
1899 1104 6308
1898 1105 6307
1897 1106 6306
1896 1107 6305
1895 1108 6304
1894 1109 6303
1893 1110 6302
1892 1111 6301
1891 1112 6300
1890 1113 6299
1889 1114 6298
1888 1115 6297
1887 1116 6296
1886 1117 6295
1885 1118 6294
1884 1119 6293
1883 1120 6292
1882 1121 6291
1881 1122 6290
1880 1123 6289
1879 1124 6288
1878 1125 6287
1877 1126 6286
1876 1127 6285
1875 1128 6284
1874 1129 6283
1873 1130 6282
1872 1131 6281
1871 1132 6280
1870 1133 6279
1869 1134 6278
1868 1135 6277
1867 1136 6276
1866 1137 6275
1865 1138 6274
1864 1139 6273
1863 1140 6272
1862 1141 6271
1861 1142 6270
1860 1143 6269
1859 1144 6268
1858 1145 6267
1857 1146 6266
1856 1147 6265
1855 1148 6264
1854 1149 6263
1853 1150 6262
1852 1151 6261
1851 1152 6260
1850 1153 6259
1849 1154 6258
1848 1155 6257
1847 1156 6256
1846 1157 6255
1845 1158 6254
1844 1159 6253
1843 1160 6252
1842 1161 6251
1841 1162 6250
1840 1163 6249
1839 1164 6248
1838 1165 6247
1837 1166 6246
1836 1167 6245
1835 1168 6244
1834 1169 6243
1833 1170 6242
1832 1171 6241
1831 1172 6240
1830 1173 6239
1829 1174 6238
1828 1175 6237
1827 1176 6236
1826 1177 6235
1825 1178 6234
1824 1179 6233
1823 1180 6232
1822 1181 6231
1821 1182 6230
1820 1183 6229
1819 1184 6228
1818 1185 6227
1817 1186 6226
1816 1187 6225
1815 1188 6224
1814 1189 6223
1813 1190 6222
1812 1191 6221
1811 1192 6220
1810 1193 6219
1809 1194 6218
1808 1195 6217
1807 1196 6216
1806 1197 6215
1805 1198 6214
1804 1199 6213
1803 1200 6212
1802 1201 6211
1801 1202 6210
1800 1203 6209
1799 1204 6208
1798 1205 6207
1797 1206 6206
1796 1207 6205
1795 1208 6204
1794 1209 6203
1793 1210 6202
1792 1211 6201
1791 1212 6200
1790 1213 6199
1789 1214 6198
1788 1215 6197
1787 1216 6196
1786 1217 6195
1785 1218 6194
1784 1219 6193
1783 1220 6192
1782 1221 6191
1781 1222 6190
1780 1223 6189
1779 1224 6188
1778 1225 6187
1777 1226 6186
1776 1227 6185
1775 1228 6184
1774 1229 6183
1773 1230 6182
1772 1231 6181
1771 1232 6180
1770 1233 6179
1769 1234 6178
1768 1235 6177
1767 1236 6176
1766 1237 6175
1765 1238 6174
1764 1239 6173
1763 1240 6172
1762 1241 6171
1761 1242 6170
1760 1243 6169
1759 1244 6168
1758 1245 6167
1757 1246 6166
1756 1247 6165
1755 1248 6164
1754 1249 6163
1753 1250 6162
1752 1251 6161
1751 1252 6160
1750 1253 6159
1749 1254 6158
1748 1255 6157
1747 1256 6156
1746 1257 6155
1745 1258 6154
1744 1259 6153
1743 1260 6152
1742 1261 6151
1741 1262 6150
1740 1263 6149
1739 1264 6148
1738 1265 6147
1737 1266 6146
1736 1267 6145
1735 1268 6144
1734 1269 6143
1733 1270 6142
1732 1271 6141
1731 1272 6140
1730 1273 6139
1729 1274 6138
1728 1275 6137
1727 1276 6136
1726 1277 6135
1725 1278 6134
1724 1279 6133
1723 1280 6132
1722 1281 6131
1721 1282 6130
1720 1283 6129
1719 1284 6128
1718 1285 6127
1717 1286 6126
1716 1287 6125
1715 1288 6124
1714 1289 6123
1713 1290 6122
1712 1291 6121
1711 1292 6120
1710 1293 6119
1709 1294 6118
1708 1295 6117
1707 1296 6116
1706 1297 6115
1705 1298 6114
1704 1299 6113
1703 1300 6112
1702 1301 6111
1701 1302 6110
1700 1303 6109
1699 1304 6108
1698 1305 6107
1697 1306 6106
1696 1307 6105
1695 1308 6104
1694 1309 6103
1693 1310 6102
1692 1311 6101
1691 1312 6100
1690 1313 6099
1689 1314 6098
1688 1315 6097
1687 1316 6096
1686 1317 6095
1685 1318 6094
1684 1319 6093
1683 1320 6092
1682 1321 6091
1681 1322 6090
1680 1323 6089
1679 1324 6088
1678 1325 6087
1677 1326 6086
1676 1327 6085
1675 1328 6084
1674 1329 6083
1673 1330 6082
1672 1331 6081
1671 1332 6080
1670 1333 6079
1669 1334 6078
1668 1335 6077
1667 1336 6076
1666 1337 6075
1665 1338 6074
1664 1339 6073
1663 1340 6072
1662 1341 6071
1661 1342 6070
1660 1343 6069
1659 1344 6068
1658 1345 6067
1657 1346 6066
1656 1347 6065
1655 1348 6064
1654 1349 6063
1653 1350 6062
1652 1351 6061
1651 1352 6060
1650 1353 6059
1649 1354 6058
1648 1355 6057
1647 1356 6056
1646 1357 6055
1645 1358 6054
1644 1359 6053
1643 1360 6052
1642 1361 6051
1641 1362 6050
1640 1363 6049
1639 1364 6048
1638 1365 6047
1637 1366 6046
1636 1367 6045
1635 1368 6044
1634 1369 6043
1633 1370 6042
1632 1371 6041
1631 1372 6040
1630 1373 6039
1629 1374 6038
1628 1375 6037
1627 1376 6036
1626 1377 6035
1625 1378 6034
1624 1379 6033
1623 1380 6032
1622 1381 6031
1621 1382 6030
1620 1383 6029
1619 1384 6028
1618 1385 6027
1617 1386 6026
1616 1387 6025
1615 1388 6024
1614 1389 6023
1613 1390 6022
1612 1391 6021
1611 1392 6020
1610 1393 6019
1609 1394 6018
1608 1395 6017
1607 1396 6016
1606 1397 6015
1605 1398 6014
1604 1399 6013
1603 1400 6012
1602 1401 6011
1601 1402 6010
1600 1403 6009
1599 1404 6008
1598 1405 6007
1597 1406 6006
1596 1407 6005
1595 1408 6004
1594 1409 6003
1593 1410 6002
1592 1411 6001
