508
3000 3 6508
2999 4 6507
2998 5 6506
2997 6 6505
2996 7 6504
2995 8 6503
2994 9 6502
2993 10 6501
2992 11 6500
2991 12 6499
2990 13 6498
2989 14 6497
2988 15 6496
2987 16 6495
2986 17 6494
2985 18 6493
2984 19 6492
2983 20 6491
2982 21 6490
2981 22 6489
2980 23 6488
2979 24 6487
2978 25 6486
2977 26 6485
2976 27 6484
2975 28 6483
2974 29 6482
2973 30 6481
2972 31 6480
2971 32 6479
2970 33 6478
2969 34 6477
2968 35 6476
2967 36 6475
2966 37 6474
2965 38 6473
2964 39 6472
2963 40 6471
2962 41 6470
2961 42 6469
2960 43 6468
2959 44 6467
2958 45 6466
2957 46 6465
2956 47 6464
2955 48 6463
2954 49 6462
2953 50 6461
2952 51 6460
2951 52 6459
2950 53 6458
2949 54 6457
2948 55 6456
2947 56 6455
2946 57 6454
2945 58 6453
2944 59 6452
2943 60 6451
2942 61 6450
2941 62 6449
2940 63 6448
2939 64 6447
2938 65 6446
2937 66 6445
2936 67 6444
2935 68 6443
2934 69 6442
2933 70 6441
2932 71 6440
2931 72 6439
2930 73 6438
2929 74 6437
2928 75 6436
2927 76 6435
2926 77 6434
2925 78 6433
2924 79 6432
2923 80 6431
2922 81 6430
2921 82 6429
2920 83 6428
2919 84 6427
2918 85 6426
2917 86 6425
2916 87 6424
2915 88 6423
2914 89 6422
2913 90 6421
2912 91 6420
2911 92 6419
2910 93 6418
2909 94 6417
2908 95 6416
2907 96 6415
2906 97 6414
2905 98 6413
2904 99 6412
2903 100 6411
2902 101 6410
2901 102 6409
2900 103 6408
2899 104 6407
2898 105 6406
2897 106 6405
2896 107 6404
2895 108 6403
2894 109 6402
2893 110 6401
2892 111 6400
2891 112 6399
2890 113 6398
2889 114 6397
2888 115 6396
2887 116 6395
2886 117 6394
2885 118 6393
2884 119 6392
2883 120 6391
2882 121 6390
2881 122 6389
2880 123 6388
2879 124 6387
2878 125 6386
2877 126 6385
2876 127 6384
2875 128 6383
2874 129 6382
2873 130 6381
2872 131 6380
2871 132 6379
2870 133 6378
2869 134 6377
2868 135 6376
2867 136 6375
2866 137 6374
2865 138 6373
2864 139 6372
2863 140 6371
2862 141 6370
2861 142 6369
2860 143 6368
2859 144 6367
2858 145 6366
2857 146 6365
2856 147 6364
2855 148 6363
2854 149 6362
2853 150 6361
2852 151 6360
2851 152 6359
2850 153 6358
2849 154 6357
2848 155 6356
2847 156 6355
2846 157 6354
2845 158 6353
2844 159 6352
2843 160 6351
2842 161 6350
2841 162 6349
2840 163 6348
2839 164 6347
2838 165 6346
2837 166 6345
2836 167 6344
2835 168 6343
2834 169 6342
2833 170 6341
2832 171 6340
2831 172 6339
2830 173 6338
2829 174 6337
2828 175 6336
2827 176 6335
2826 177 6334
2825 178 6333
2824 179 6332
2823 180 6331
2822 181 6330
2821 182 6329
2820 183 6328
2819 184 6327
2818 185 6326
2817 186 6325
2816 187 6324
2815 188 6323
2814 189 6322
2813 190 6321
2812 191 6320
2811 192 6319
2810 193 6318
2809 194 6317
2808 195 6316
2807 196 6315
2806 197 6314
2805 198 6313
2804 199 6312
2803 200 6311
2802 201 6310
2801 202 6309
2800 203 6308
2799 204 6307
2798 205 6306
2797 206 6305
2796 207 6304
2795 208 6303
2794 209 6302
2793 210 6301
2792 211 6300
2791 212 6299
2790 213 6298
2789 214 6297
2788 215 6296
2787 216 6295
2786 217 6294
2785 218 6293
2784 219 6292
2783 220 6291
2782 221 6290
2781 222 6289
2780 223 6288
2779 224 6287
2778 225 6286
2777 226 6285
2776 227 6284
2775 228 6283
2774 229 6282
2773 230 6281
2772 231 6280
2771 232 6279
2770 233 6278
2769 234 6277
2768 235 6276
2767 236 6275
2766 237 6274
2765 238 6273
2764 239 6272
2763 240 6271
2762 241 6270
2761 242 6269
2760 243 6268
2759 244 6267
2758 245 6266
2757 246 6265
2756 247 6264
2755 248 6263
2754 249 6262
2753 250 6261
2752 251 6260
2751 252 6259
2750 253 6258
2749 254 6257
2748 255 6256
2747 256 6255
2746 257 6254
2745 258 6253
2744 259 6252
2743 260 6251
2742 261 6250
2741 262 6249
2740 263 6248
2739 264 6247
2738 265 6246
2737 266 6245
2736 267 6244
2735 268 6243
2734 269 6242
2733 270 6241
2732 271 6240
2731 272 6239
2730 273 6238
2729 274 6237
2728 275 6236
2727 276 6235
2726 277 6234
2725 278 6233
2724 279 6232
2723 280 6231
2722 281 6230
2721 282 6229
2720 283 6228
2719 284 6227
2718 285 6226
2717 286 6225
2716 287 6224
2715 288 6223
2714 289 6222
2713 290 6221
2712 291 6220
2711 292 6219
2710 293 6218
2709 294 6217
2708 295 6216
2707 296 6215
2706 297 6214
2705 298 6213
2704 299 6212
2703 300 6211
2702 301 6210
2701 302 6209
2700 303 6208
2699 304 6207
2698 305 6206
2697 306 6205
2696 307 6204
2695 308 6203
2694 309 6202
2693 310 6201
2692 311 6200
2691 312 6199
2690 313 6198
2689 314 6197
2688 315 6196
2687 316 6195
2686 317 6194
2685 318 6193
2684 319 6192
2683 320 6191
2682 321 6190
2681 322 6189
2680 323 6188
2679 324 6187
2678 325 6186
2677 326 6185
2676 327 6184
2675 328 6183
2674 329 6182
2673 330 6181
2672 331 6180
2671 332 6179
2670 333 6178
2669 334 6177
2668 335 6176
2667 336 6175
2666 337 6174
2665 338 6173
2664 339 6172
2663 340 6171
2662 341 6170
2661 342 6169
2660 343 6168
2659 344 6167
2658 345 6166
2657 346 6165
2656 347 6164
2655 348 6163
2654 349 6162
2653 350 6161
2652 351 6160
2651 352 6159
2650 353 6158
2649 354 6157
2648 355 6156
2647 356 6155
2646 357 6154
2645 358 6153
2644 359 6152
2643 360 6151
2642 361 6150
2641 362 6149
2640 363 6148
2639 364 6147
2638 365 6146
2637 366 6145
2636 367 6144
2635 368 6143
2634 369 6142
2633 370 6141
2632 371 6140
2631 372 6139
2630 373 6138
2629 374 6137
2628 375 6136
2627 376 6135
2626 377 6134
2625 378 6133
2624 379 6132
2623 380 6131
2622 381 6130
2621 382 6129
2620 383 6128
2619 384 6127
2618 385 6126
2617 386 6125
2616 387 6124
2615 388 6123
2614 389 6122
2613 390 6121
2612 391 6120
2611 392 6119
2610 393 6118
2609 394 6117
2608 395 6116
2607 396 6115
2606 397 6114
2605 398 6113
2604 399 6112
2603 400 6111
2602 401 6110
2601 402 6109
2600 403 6108
2599 404 6107
2598 405 6106
2597 406 6105
2596 407 6104
2595 408 6103
2594 409 6102
2593 410 6101
2592 411 6100
2591 412 6099
2590 413 6098
2589 414 6097
2588 415 6096
2587 416 6095
2586 417 6094
2585 418 6093
2584 419 6092
2583 420 6091
2582 421 6090
2581 422 6089
2580 423 6088
2579 424 6087
2578 425 6086
2577 426 6085
2576 427 6084
2575 428 6083
2574 429 6082
2573 430 6081
2572 431 6080
2571 432 6079
2570 433 6078
2569 434 6077
2568 435 6076
2567 436 6075
2566 437 6074
2565 438 6073
2564 439 6072
2563 440 6071
2562 441 6070
2561 442 6069
2560 443 6068
2559 444 6067
2558 445 6066
2557 446 6065
2556 447 6064
2555 448 6063
2554 449 6062
2553 450 6061
2552 451 6060
2551 452 6059
2550 453 6058
2549 454 6057
2548 455 6056
2547 456 6055
2546 457 6054
2545 458 6053
2544 459 6052
2543 460 6051
2542 461 6050
2541 462 6049
2540 463 6048
2539 464 6047
2538 465 6046
2537 466 6045
2536 467 6044
2535 468 6043
2534 469 6042
2533 470 6041
2532 471 6040
2531 472 6039
2530 473 6038
2529 474 6037
2528 475 6036
2527 476 6035
2526 477 6034
2525 478 6033
2524 479 6032
2523 480 6031
2522 481 6030
2521 482 6029
2520 483 6028
2519 484 6027
2518 485 6026
2517 486 6025
2516 487 6024
2515 488 6023
2514 489 6022
2513 490 6021
2512 491 6020
2511 492 6019
2510 493 6018
2509 494 6017
2508 495 6016
2507 496 6015
2506 497 6014
2505 498 6013
2504 499 6012
2503 500 6011
2502 501 6010
2501 502 6009
2500 503 6008
2499 504 6007
2498 505 6006
2497 506 6005
2496 507 6004
2495 508 6003
2494 509 6002
2493 510 6001
