1060
3000 3 7060
2999 4 7059
2998 5 7058
2997 6 7057
2996 7 7056
2995 8 7055
2994 9 7054
2993 10 7053
2992 11 7052
2991 12 7051
2990 13 7050
2989 14 7049
2988 15 7048
2987 16 7047
2986 17 7046
2985 18 7045
2984 19 7044
2983 20 7043
2982 21 7042
2981 22 7041
2980 23 7040
2979 24 7039
2978 25 7038
2977 26 7037
2976 27 7036
2975 28 7035
2974 29 7034
2973 30 7033
2972 31 7032
2971 32 7031
2970 33 7030
2969 34 7029
2968 35 7028
2967 36 7027
2966 37 7026
2965 38 7025
2964 39 7024
2963 40 7023
2962 41 7022
2961 42 7021
2960 43 7020
2959 44 7019
2958 45 7018
2957 46 7017
2956 47 7016
2955 48 7015
2954 49 7014
2953 50 7013
2952 51 7012
2951 52 7011
2950 53 7010
2949 54 7009
2948 55 7008
2947 56 7007
2946 57 7006
2945 58 7005
2944 59 7004
2943 60 7003
2942 61 7002
2941 62 7001
2940 63 7000
2939 64 6999
2938 65 6998
2937 66 6997
2936 67 6996
2935 68 6995
2934 69 6994
2933 70 6993
2932 71 6992
2931 72 6991
2930 73 6990
2929 74 6989
2928 75 6988
2927 76 6987
2926 77 6986
2925 78 6985
2924 79 6984
2923 80 6983
2922 81 6982
2921 82 6981
2920 83 6980
2919 84 6979
2918 85 6978
2917 86 6977
2916 87 6976
2915 88 6975
2914 89 6974
2913 90 6973
2912 91 6972
2911 92 6971
2910 93 6970
2909 94 6969
2908 95 6968
2907 96 6967
2906 97 6966
2905 98 6965
2904 99 6964
2903 100 6963
2902 101 6962
2901 102 6961
2900 103 6960
2899 104 6959
2898 105 6958
2897 106 6957
2896 107 6956
2895 108 6955
2894 109 6954
2893 110 6953
2892 111 6952
2891 112 6951
2890 113 6950
2889 114 6949
2888 115 6948
2887 116 6947
2886 117 6946
2885 118 6945
2884 119 6944
2883 120 6943
2882 121 6942
2881 122 6941
2880 123 6940
2879 124 6939
2878 125 6938
2877 126 6937
2876 127 6936
2875 128 6935
2874 129 6934
2873 130 6933
2872 131 6932
2871 132 6931
2870 133 6930
2869 134 6929
2868 135 6928
2867 136 6927
2866 137 6926
2865 138 6925
2864 139 6924
2863 140 6923
2862 141 6922
2861 142 6921
2860 143 6920
2859 144 6919
2858 145 6918
2857 146 6917
2856 147 6916
2855 148 6915
2854 149 6914
2853 150 6913
2852 151 6912
2851 152 6911
2850 153 6910
2849 154 6909
2848 155 6908
2847 156 6907
2846 157 6906
2845 158 6905
2844 159 6904
2843 160 6903
2842 161 6902
2841 162 6901
2840 163 6900
2839 164 6899
2838 165 6898
2837 166 6897
2836 167 6896
2835 168 6895
2834 169 6894
2833 170 6893
2832 171 6892
2831 172 6891
2830 173 6890
2829 174 6889
2828 175 6888
2827 176 6887
2826 177 6886
2825 178 6885
2824 179 6884
2823 180 6883
2822 181 6882
2821 182 6881
2820 183 6880
2819 184 6879
2818 185 6878
2817 186 6877
2816 187 6876
2815 188 6875
2814 189 6874
2813 190 6873
2812 191 6872
2811 192 6871
2810 193 6870
2809 194 6869
2808 195 6868
2807 196 6867
2806 197 6866
2805 198 6865
2804 199 6864
2803 200 6863
2802 201 6862
2801 202 6861
2800 203 6860
2799 204 6859
2798 205 6858
2797 206 6857
2796 207 6856
2795 208 6855
2794 209 6854
2793 210 6853
2792 211 6852
2791 212 6851
2790 213 6850
2789 214 6849
2788 215 6848
2787 216 6847
2786 217 6846
2785 218 6845
2784 219 6844
2783 220 6843
2782 221 6842
2781 222 6841
2780 223 6840
2779 224 6839
2778 225 6838
2777 226 6837
2776 227 6836
2775 228 6835
2774 229 6834
2773 230 6833
2772 231 6832
2771 232 6831
2770 233 6830
2769 234 6829
2768 235 6828
2767 236 6827
2766 237 6826
2765 238 6825
2764 239 6824
2763 240 6823
2762 241 6822
2761 242 6821
2760 243 6820
2759 244 6819
2758 245 6818
2757 246 6817
2756 247 6816
2755 248 6815
2754 249 6814
2753 250 6813
2752 251 6812
2751 252 6811
2750 253 6810
2749 254 6809
2748 255 6808
2747 256 6807
2746 257 6806
2745 258 6805
2744 259 6804
2743 260 6803
2742 261 6802
2741 262 6801
2740 263 6800
2739 264 6799
2738 265 6798
2737 266 6797
2736 267 6796
2735 268 6795
2734 269 6794
2733 270 6793
2732 271 6792
2731 272 6791
2730 273 6790
2729 274 6789
2728 275 6788
2727 276 6787
2726 277 6786
2725 278 6785
2724 279 6784
2723 280 6783
2722 281 6782
2721 282 6781
2720 283 6780
2719 284 6779
2718 285 6778
2717 286 6777
2716 287 6776
2715 288 6775
2714 289 6774
2713 290 6773
2712 291 6772
2711 292 6771
2710 293 6770
2709 294 6769
2708 295 6768
2707 296 6767
2706 297 6766
2705 298 6765
2704 299 6764
2703 300 6763
2702 301 6762
2701 302 6761
2700 303 6760
2699 304 6759
2698 305 6758
2697 306 6757
2696 307 6756
2695 308 6755
2694 309 6754
2693 310 6753
2692 311 6752
2691 312 6751
2690 313 6750
2689 314 6749
2688 315 6748
2687 316 6747
2686 317 6746
2685 318 6745
2684 319 6744
2683 320 6743
2682 321 6742
2681 322 6741
2680 323 6740
2679 324 6739
2678 325 6738
2677 326 6737
2676 327 6736
2675 328 6735
2674 329 6734
2673 330 6733
2672 331 6732
2671 332 6731
2670 333 6730
2669 334 6729
2668 335 6728
2667 336 6727
2666 337 6726
2665 338 6725
2664 339 6724
2663 340 6723
2662 341 6722
2661 342 6721
2660 343 6720
2659 344 6719
2658 345 6718
2657 346 6717
2656 347 6716
2655 348 6715
2654 349 6714
2653 350 6713
2652 351 6712
2651 352 6711
2650 353 6710
2649 354 6709
2648 355 6708
2647 356 6707
2646 357 6706
2645 358 6705
2644 359 6704
2643 360 6703
2642 361 6702
2641 362 6701
2640 363 6700
2639 364 6699
2638 365 6698
2637 366 6697
2636 367 6696
2635 368 6695
2634 369 6694
2633 370 6693
2632 371 6692
2631 372 6691
2630 373 6690
2629 374 6689
2628 375 6688
2627 376 6687
2626 377 6686
2625 378 6685
2624 379 6684
2623 380 6683
2622 381 6682
2621 382 6681
2620 383 6680
2619 384 6679
2618 385 6678
2617 386 6677
2616 387 6676
2615 388 6675
2614 389 6674
2613 390 6673
2612 391 6672
2611 392 6671
2610 393 6670
2609 394 6669
2608 395 6668
2607 396 6667
2606 397 6666
2605 398 6665
2604 399 6664
2603 400 6663
2602 401 6662
2601 402 6661
2600 403 6660
2599 404 6659
2598 405 6658
2597 406 6657
2596 407 6656
2595 408 6655
2594 409 6654
2593 410 6653
2592 411 6652
2591 412 6651
2590 413 6650
2589 414 6649
2588 415 6648
2587 416 6647
2586 417 6646
2585 418 6645
2584 419 6644
2583 420 6643
2582 421 6642
2581 422 6641
2580 423 6640
2579 424 6639
2578 425 6638
2577 426 6637
2576 427 6636
2575 428 6635
2574 429 6634
2573 430 6633
2572 431 6632
2571 432 6631
2570 433 6630
2569 434 6629
2568 435 6628
2567 436 6627
2566 437 6626
2565 438 6625
2564 439 6624
2563 440 6623
2562 441 6622
2561 442 6621
2560 443 6620
2559 444 6619
2558 445 6618
2557 446 6617
2556 447 6616
2555 448 6615
2554 449 6614
2553 450 6613
2552 451 6612
2551 452 6611
2550 453 6610
2549 454 6609
2548 455 6608
2547 456 6607
2546 457 6606
2545 458 6605
2544 459 6604
2543 460 6603
2542 461 6602
2541 462 6601
2540 463 6600
2539 464 6599
2538 465 6598
2537 466 6597
2536 467 6596
2535 468 6595
2534 469 6594
2533 470 6593
2532 471 6592
2531 472 6591
2530 473 6590
2529 474 6589
2528 475 6588
2527 476 6587
2526 477 6586
2525 478 6585
2524 479 6584
2523 480 6583
2522 481 6582
2521 482 6581
2520 483 6580
2519 484 6579
2518 485 6578
2517 486 6577
2516 487 6576
2515 488 6575
2514 489 6574
2513 490 6573
2512 491 6572
2511 492 6571
2510 493 6570
2509 494 6569
2508 495 6568
2507 496 6567
2506 497 6566
2505 498 6565
2504 499 6564
2503 500 6563
2502 501 6562
2501 502 6561
2500 503 6560
2499 504 6559
2498 505 6558
2497 506 6557
2496 507 6556
2495 508 6555
2494 509 6554
2493 510 6553
2492 511 6552
2491 512 6551
2490 513 6550
2489 514 6549
2488 515 6548
2487 516 6547
2486 517 6546
2485 518 6545
2484 519 6544
2483 520 6543
2482 521 6542
2481 522 6541
2480 523 6540
2479 524 6539
2478 525 6538
2477 526 6537
2476 527 6536
2475 528 6535
2474 529 6534
2473 530 6533
2472 531 6532
2471 532 6531
2470 533 6530
2469 534 6529
2468 535 6528
2467 536 6527
2466 537 6526
2465 538 6525
2464 539 6524
2463 540 6523
2462 541 6522
2461 542 6521
2460 543 6520
2459 544 6519
2458 545 6518
2457 546 6517
2456 547 6516
2455 548 6515
2454 549 6514
2453 550 6513
2452 551 6512
2451 552 6511
2450 553 6510
2449 554 6509
2448 555 6508
2447 556 6507
2446 557 6506
2445 558 6505
2444 559 6504
2443 560 6503
2442 561 6502
2441 562 6501
2440 563 6500
2439 564 6499
2438 565 6498
2437 566 6497
2436 567 6496
2435 568 6495
2434 569 6494
2433 570 6493
2432 571 6492
2431 572 6491
2430 573 6490
2429 574 6489
2428 575 6488
2427 576 6487
2426 577 6486
2425 578 6485
2424 579 6484
2423 580 6483
2422 581 6482
2421 582 6481
2420 583 6480
2419 584 6479
2418 585 6478
2417 586 6477
2416 587 6476
2415 588 6475
2414 589 6474
2413 590 6473
2412 591 6472
2411 592 6471
2410 593 6470
2409 594 6469
2408 595 6468
2407 596 6467
2406 597 6466
2405 598 6465
2404 599 6464
2403 600 6463
2402 601 6462
2401 602 6461
2400 603 6460
2399 604 6459
2398 605 6458
2397 606 6457
2396 607 6456
2395 608 6455
2394 609 6454
2393 610 6453
2392 611 6452
2391 612 6451
2390 613 6450
2389 614 6449
2388 615 6448
2387 616 6447
2386 617 6446
2385 618 6445
2384 619 6444
2383 620 6443
2382 621 6442
2381 622 6441
2380 623 6440
2379 624 6439
2378 625 6438
2377 626 6437
2376 627 6436
2375 628 6435
2374 629 6434
2373 630 6433
2372 631 6432
2371 632 6431
2370 633 6430
2369 634 6429
2368 635 6428
2367 636 6427
2366 637 6426
2365 638 6425
2364 639 6424
2363 640 6423
2362 641 6422
2361 642 6421
2360 643 6420
2359 644 6419
2358 645 6418
2357 646 6417
2356 647 6416
2355 648 6415
2354 649 6414
2353 650 6413
2352 651 6412
2351 652 6411
2350 653 6410
2349 654 6409
2348 655 6408
2347 656 6407
2346 657 6406
2345 658 6405
2344 659 6404
2343 660 6403
2342 661 6402
2341 662 6401
2340 663 6400
2339 664 6399
2338 665 6398
2337 666 6397
2336 667 6396
2335 668 6395
2334 669 6394
2333 670 6393
2332 671 6392
2331 672 6391
2330 673 6390
2329 674 6389
2328 675 6388
2327 676 6387
2326 677 6386
2325 678 6385
2324 679 6384
2323 680 6383
2322 681 6382
2321 682 6381
2320 683 6380
2319 684 6379
2318 685 6378
2317 686 6377
2316 687 6376
2315 688 6375
2314 689 6374
2313 690 6373
2312 691 6372
2311 692 6371
2310 693 6370
2309 694 6369
2308 695 6368
2307 696 6367
2306 697 6366
2305 698 6365
2304 699 6364
2303 700 6363
2302 701 6362
2301 702 6361
2300 703 6360
2299 704 6359
2298 705 6358
2297 706 6357
2296 707 6356
2295 708 6355
2294 709 6354
2293 710 6353
2292 711 6352
2291 712 6351
2290 713 6350
2289 714 6349
2288 715 6348
2287 716 6347
2286 717 6346
2285 718 6345
2284 719 6344
2283 720 6343
2282 721 6342
2281 722 6341
2280 723 6340
2279 724 6339
2278 725 6338
2277 726 6337
2276 727 6336
2275 728 6335
2274 729 6334
2273 730 6333
2272 731 6332
2271 732 6331
2270 733 6330
2269 734 6329
2268 735 6328
2267 736 6327
2266 737 6326
2265 738 6325
2264 739 6324
2263 740 6323
2262 741 6322
2261 742 6321
2260 743 6320
2259 744 6319
2258 745 6318
2257 746 6317
2256 747 6316
2255 748 6315
2254 749 6314
2253 750 6313
2252 751 6312
2251 752 6311
2250 753 6310
2249 754 6309
2248 755 6308
2247 756 6307
2246 757 6306
2245 758 6305
2244 759 6304
2243 760 6303
2242 761 6302
2241 762 6301
2240 763 6300
2239 764 6299
2238 765 6298
2237 766 6297
2236 767 6296
2235 768 6295
2234 769 6294
2233 770 6293
2232 771 6292
2231 772 6291
2230 773 6290
2229 774 6289
2228 775 6288
2227 776 6287
2226 777 6286
2225 778 6285
2224 779 6284
2223 780 6283
2222 781 6282
2221 782 6281
2220 783 6280
2219 784 6279
2218 785 6278
2217 786 6277
2216 787 6276
2215 788 6275
2214 789 6274
2213 790 6273
2212 791 6272
2211 792 6271
2210 793 6270
2209 794 6269
2208 795 6268
2207 796 6267
2206 797 6266
2205 798 6265
2204 799 6264
2203 800 6263
2202 801 6262
2201 802 6261
2200 803 6260
2199 804 6259
2198 805 6258
2197 806 6257
2196 807 6256
2195 808 6255
2194 809 6254
2193 810 6253
2192 811 6252
2191 812 6251
2190 813 6250
2189 814 6249
2188 815 6248
2187 816 6247
2186 817 6246
2185 818 6245
2184 819 6244
2183 820 6243
2182 821 6242
2181 822 6241
2180 823 6240
2179 824 6239
2178 825 6238
2177 826 6237
2176 827 6236
2175 828 6235
2174 829 6234
2173 830 6233
2172 831 6232
2171 832 6231
2170 833 6230
2169 834 6229
2168 835 6228
2167 836 6227
2166 837 6226
2165 838 6225
2164 839 6224
2163 840 6223
2162 841 6222
2161 842 6221
2160 843 6220
2159 844 6219
2158 845 6218
2157 846 6217
2156 847 6216
2155 848 6215
2154 849 6214
2153 850 6213
2152 851 6212
2151 852 6211
2150 853 6210
2149 854 6209
2148 855 6208
2147 856 6207
2146 857 6206
2145 858 6205
2144 859 6204
2143 860 6203
2142 861 6202
2141 862 6201
2140 863 6200
2139 864 6199
2138 865 6198
2137 866 6197
2136 867 6196
2135 868 6195
2134 869 6194
2133 870 6193
2132 871 6192
2131 872 6191
2130 873 6190
2129 874 6189
2128 875 6188
2127 876 6187
2126 877 6186
2125 878 6185
2124 879 6184
2123 880 6183
2122 881 6182
2121 882 6181
2120 883 6180
2119 884 6179
2118 885 6178
2117 886 6177
2116 887 6176
2115 888 6175
2114 889 6174
2113 890 6173
2112 891 6172
2111 892 6171
2110 893 6170
2109 894 6169
2108 895 6168
2107 896 6167
2106 897 6166
2105 898 6165
2104 899 6164
2103 900 6163
2102 901 6162
2101 902 6161
2100 903 6160
2099 904 6159
2098 905 6158
2097 906 6157
2096 907 6156
2095 908 6155
2094 909 6154
2093 910 6153
2092 911 6152
2091 912 6151
2090 913 6150
2089 914 6149
2088 915 6148
2087 916 6147
2086 917 6146
2085 918 6145
2084 919 6144
2083 920 6143
2082 921 6142
2081 922 6141
2080 923 6140
2079 924 6139
2078 925 6138
2077 926 6137
2076 927 6136
2075 928 6135
2074 929 6134
2073 930 6133
2072 931 6132
2071 932 6131
2070 933 6130
2069 934 6129
2068 935 6128
2067 936 6127
2066 937 6126
2065 938 6125
2064 939 6124
2063 940 6123
2062 941 6122
2061 942 6121
2060 943 6120
2059 944 6119
2058 945 6118
2057 946 6117
2056 947 6116
2055 948 6115
2054 949 6114
2053 950 6113
2052 951 6112
2051 952 6111
2050 953 6110
2049 954 6109
2048 955 6108
2047 956 6107
2046 957 6106
2045 958 6105
2044 959 6104
2043 960 6103
2042 961 6102
2041 962 6101
2040 963 6100
2039 964 6099
2038 965 6098
2037 966 6097
2036 967 6096
2035 968 6095
2034 969 6094
2033 970 6093
2032 971 6092
2031 972 6091
2030 973 6090
2029 974 6089
2028 975 6088
2027 976 6087
2026 977 6086
2025 978 6085
2024 979 6084
2023 980 6083
2022 981 6082
2021 982 6081
2020 983 6080
2019 984 6079
2018 985 6078
2017 986 6077
2016 987 6076
2015 988 6075
2014 989 6074
2013 990 6073
2012 991 6072
2011 992 6071
2010 993 6070
2009 994 6069
2008 995 6068
2007 996 6067
2006 997 6066
2005 998 6065
2004 999 6064
2003 1000 6063
2002 1001 6062
2001 1002 6061
2000 1003 6060
1999 1004 6059
1998 1005 6058
1997 1006 6057
1996 1007 6056
1995 1008 6055
1994 1009 6054
1993 1010 6053
1992 1011 6052
1991 1012 6051
1990 1013 6050
1989 1014 6049
1988 1015 6048
1987 1016 6047
1986 1017 6046
1985 1018 6045
1984 1019 6044
1983 1020 6043
1982 1021 6042
1981 1022 6041
1980 1023 6040
1979 1024 6039
1978 1025 6038
1977 1026 6037
1976 1027 6036
1975 1028 6035
1974 1029 6034
1973 1030 6033
1972 1031 6032
1971 1032 6031
1970 1033 6030
1969 1034 6029
1968 1035 6028
1967 1036 6027
1966 1037 6026
1965 1038 6025
1964 1039 6024
1963 1040 6023
1962 1041 6022
1961 1042 6021
1960 1043 6020
1959 1044 6019
1958 1045 6018
1957 1046 6017
1956 1047 6016
1955 1048 6015
1954 1049 6014
1953 1050 6013
1952 1051 6012
1951 1052 6011
1950 1053 6010
1949 1054 6009
1948 1055 6008
1947 1056 6007
1946 1057 6006
1945 1058 6005
1944 1059 6004
1943 1060 6003
1942 1061 6002
1941 1062 6001
