473
3000 3 6473
2999 4 6472
2998 5 6471
2997 6 6470
2996 7 6469
2995 8 6468
2994 9 6467
2993 10 6466
2992 11 6465
2991 12 6464
2990 13 6463
2989 14 6462
2988 15 6461
2987 16 6460
2986 17 6459
2985 18 6458
2984 19 6457
2983 20 6456
2982 21 6455
2981 22 6454
2980 23 6453
2979 24 6452
2978 25 6451
2977 26 6450
2976 27 6449
2975 28 6448
2974 29 6447
2973 30 6446
2972 31 6445
2971 32 6444
2970 33 6443
2969 34 6442
2968 35 6441
2967 36 6440
2966 37 6439
2965 38 6438
2964 39 6437
2963 40 6436
2962 41 6435
2961 42 6434
2960 43 6433
2959 44 6432
2958 45 6431
2957 46 6430
2956 47 6429
2955 48 6428
2954 49 6427
2953 50 6426
2952 51 6425
2951 52 6424
2950 53 6423
2949 54 6422
2948 55 6421
2947 56 6420
2946 57 6419
2945 58 6418
2944 59 6417
2943 60 6416
2942 61 6415
2941 62 6414
2940 63 6413
2939 64 6412
2938 65 6411
2937 66 6410
2936 67 6409
2935 68 6408
2934 69 6407
2933 70 6406
2932 71 6405
2931 72 6404
2930 73 6403
2929 74 6402
2928 75 6401
2927 76 6400
2926 77 6399
2925 78 6398
2924 79 6397
2923 80 6396
2922 81 6395
2921 82 6394
2920 83 6393
2919 84 6392
2918 85 6391
2917 86 6390
2916 87 6389
2915 88 6388
2914 89 6387
2913 90 6386
2912 91 6385
2911 92 6384
2910 93 6383
2909 94 6382
2908 95 6381
2907 96 6380
2906 97 6379
2905 98 6378
2904 99 6377
2903 100 6376
2902 101 6375
2901 102 6374
2900 103 6373
2899 104 6372
2898 105 6371
2897 106 6370
2896 107 6369
2895 108 6368
2894 109 6367
2893 110 6366
2892 111 6365
2891 112 6364
2890 113 6363
2889 114 6362
2888 115 6361
2887 116 6360
2886 117 6359
2885 118 6358
2884 119 6357
2883 120 6356
2882 121 6355
2881 122 6354
2880 123 6353
2879 124 6352
2878 125 6351
2877 126 6350
2876 127 6349
2875 128 6348
2874 129 6347
2873 130 6346
2872 131 6345
2871 132 6344
2870 133 6343
2869 134 6342
2868 135 6341
2867 136 6340
2866 137 6339
2865 138 6338
2864 139 6337
2863 140 6336
2862 141 6335
2861 142 6334
2860 143 6333
2859 144 6332
2858 145 6331
2857 146 6330
2856 147 6329
2855 148 6328
2854 149 6327
2853 150 6326
2852 151 6325
2851 152 6324
2850 153 6323
2849 154 6322
2848 155 6321
2847 156 6320
2846 157 6319
2845 158 6318
2844 159 6317
2843 160 6316
2842 161 6315
2841 162 6314
2840 163 6313
2839 164 6312
2838 165 6311
2837 166 6310
2836 167 6309
2835 168 6308
2834 169 6307
2833 170 6306
2832 171 6305
2831 172 6304
2830 173 6303
2829 174 6302
2828 175 6301
2827 176 6300
2826 177 6299
2825 178 6298
2824 179 6297
2823 180 6296
2822 181 6295
2821 182 6294
2820 183 6293
2819 184 6292
2818 185 6291
2817 186 6290
2816 187 6289
2815 188 6288
2814 189 6287
2813 190 6286
2812 191 6285
2811 192 6284
2810 193 6283
2809 194 6282
2808 195 6281
2807 196 6280
2806 197 6279
2805 198 6278
2804 199 6277
2803 200 6276
2802 201 6275
2801 202 6274
2800 203 6273
2799 204 6272
2798 205 6271
2797 206 6270
2796 207 6269
2795 208 6268
2794 209 6267
2793 210 6266
2792 211 6265
2791 212 6264
2790 213 6263
2789 214 6262
2788 215 6261
2787 216 6260
2786 217 6259
2785 218 6258
2784 219 6257
2783 220 6256
2782 221 6255
2781 222 6254
2780 223 6253
2779 224 6252
2778 225 6251
2777 226 6250
2776 227 6249
2775 228 6248
2774 229 6247
2773 230 6246
2772 231 6245
2771 232 6244
2770 233 6243
2769 234 6242
2768 235 6241
2767 236 6240
2766 237 6239
2765 238 6238
2764 239 6237
2763 240 6236
2762 241 6235
2761 242 6234
2760 243 6233
2759 244 6232
2758 245 6231
2757 246 6230
2756 247 6229
2755 248 6228
2754 249 6227
2753 250 6226
2752 251 6225
2751 252 6224
2750 253 6223
2749 254 6222
2748 255 6221
2747 256 6220
2746 257 6219
2745 258 6218
2744 259 6217
2743 260 6216
2742 261 6215
2741 262 6214
2740 263 6213
2739 264 6212
2738 265 6211
2737 266 6210
2736 267 6209
2735 268 6208
2734 269 6207
2733 270 6206
2732 271 6205
2731 272 6204
2730 273 6203
2729 274 6202
2728 275 6201
2727 276 6200
2726 277 6199
2725 278 6198
2724 279 6197
2723 280 6196
2722 281 6195
2721 282 6194
2720 283 6193
2719 284 6192
2718 285 6191
2717 286 6190
2716 287 6189
2715 288 6188
2714 289 6187
2713 290 6186
2712 291 6185
2711 292 6184
2710 293 6183
2709 294 6182
2708 295 6181
2707 296 6180
2706 297 6179
2705 298 6178
2704 299 6177
2703 300 6176
2702 301 6175
2701 302 6174
2700 303 6173
2699 304 6172
2698 305 6171
2697 306 6170
2696 307 6169
2695 308 6168
2694 309 6167
2693 310 6166
2692 311 6165
2691 312 6164
2690 313 6163
2689 314 6162
2688 315 6161
2687 316 6160
2686 317 6159
2685 318 6158
2684 319 6157
2683 320 6156
2682 321 6155
2681 322 6154
2680 323 6153
2679 324 6152
2678 325 6151
2677 326 6150
2676 327 6149
2675 328 6148
2674 329 6147
2673 330 6146
2672 331 6145
2671 332 6144
2670 333 6143
2669 334 6142
2668 335 6141
2667 336 6140
2666 337 6139
2665 338 6138
2664 339 6137
2663 340 6136
2662 341 6135
2661 342 6134
2660 343 6133
2659 344 6132
2658 345 6131
2657 346 6130
2656 347 6129
2655 348 6128
2654 349 6127
2653 350 6126
2652 351 6125
2651 352 6124
2650 353 6123
2649 354 6122
2648 355 6121
2647 356 6120
2646 357 6119
2645 358 6118
2644 359 6117
2643 360 6116
2642 361 6115
2641 362 6114
2640 363 6113
2639 364 6112
2638 365 6111
2637 366 6110
2636 367 6109
2635 368 6108
2634 369 6107
2633 370 6106
2632 371 6105
2631 372 6104
2630 373 6103
2629 374 6102
2628 375 6101
2627 376 6100
2626 377 6099
2625 378 6098
2624 379 6097
2623 380 6096
2622 381 6095
2621 382 6094
2620 383 6093
2619 384 6092
2618 385 6091
2617 386 6090
2616 387 6089
2615 388 6088
2614 389 6087
2613 390 6086
2612 391 6085
2611 392 6084
2610 393 6083
2609 394 6082
2608 395 6081
2607 396 6080
2606 397 6079
2605 398 6078
2604 399 6077
2603 400 6076
2602 401 6075
2601 402 6074
2600 403 6073
2599 404 6072
2598 405 6071
2597 406 6070
2596 407 6069
2595 408 6068
2594 409 6067
2593 410 6066
2592 411 6065
2591 412 6064
2590 413 6063
2589 414 6062
2588 415 6061
2587 416 6060
2586 417 6059
2585 418 6058
2584 419 6057
2583 420 6056
2582 421 6055
2581 422 6054
2580 423 6053
2579 424 6052
2578 425 6051
2577 426 6050
2576 427 6049
2575 428 6048
2574 429 6047
2573 430 6046
2572 431 6045
2571 432 6044
2570 433 6043
2569 434 6042
2568 435 6041
2567 436 6040
2566 437 6039
2565 438 6038
2564 439 6037
2563 440 6036
2562 441 6035
2561 442 6034
2560 443 6033
2559 444 6032
2558 445 6031
2557 446 6030
2556 447 6029
2555 448 6028
2554 449 6027
2553 450 6026
2552 451 6025
2551 452 6024
2550 453 6023
2549 454 6022
2548 455 6021
2547 456 6020
2546 457 6019
2545 458 6018
2544 459 6017
2543 460 6016
2542 461 6015
2541 462 6014
2540 463 6013
2539 464 6012
2538 465 6011
2537 466 6010
2536 467 6009
2535 468 6008
2534 469 6007
2533 470 6006
2532 471 6005
2531 472 6004
2530 473 6003
2529 474 6002
2528 475 6001
