2021
3000 3 8021
2999 4 8020
2998 5 8019
2997 6 8018
2996 7 8017
2995 8 8016
2994 9 8015
2993 10 8014
2992 11 8013
2991 12 8012
2990 13 8011
2989 14 8010
2988 15 8009
2987 16 8008
2986 17 8007
2985 18 8006
2984 19 8005
2983 20 8004
2982 21 8003
2981 22 8002
2980 23 8001
2979 24 8000
2978 25 7999
2977 26 7998
2976 27 7997
2975 28 7996
2974 29 7995
2973 30 7994
2972 31 7993
2971 32 7992
2970 33 7991
2969 34 7990
2968 35 7989
2967 36 7988
2966 37 7987
2965 38 7986
2964 39 7985
2963 40 7984
2962 41 7983
2961 42 7982
2960 43 7981
2959 44 7980
2958 45 7979
2957 46 7978
2956 47 7977
2955 48 7976
2954 49 7975
2953 50 7974
2952 51 7973
2951 52 7972
2950 53 7971
2949 54 7970
2948 55 7969
2947 56 7968
2946 57 7967
2945 58 7966
2944 59 7965
2943 60 7964
2942 61 7963
2941 62 7962
2940 63 7961
2939 64 7960
2938 65 7959
2937 66 7958
2936 67 7957
2935 68 7956
2934 69 7955
2933 70 7954
2932 71 7953
2931 72 7952
2930 73 7951
2929 74 7950
2928 75 7949
2927 76 7948
2926 77 7947
2925 78 7946
2924 79 7945
2923 80 7944
2922 81 7943
2921 82 7942
2920 83 7941
2919 84 7940
2918 85 7939
2917 86 7938
2916 87 7937
2915 88 7936
2914 89 7935
2913 90 7934
2912 91 7933
2911 92 7932
2910 93 7931
2909 94 7930
2908 95 7929
2907 96 7928
2906 97 7927
2905 98 7926
2904 99 7925
2903 100 7924
2902 101 7923
2901 102 7922
2900 103 7921
2899 104 7920
2898 105 7919
2897 106 7918
2896 107 7917
2895 108 7916
2894 109 7915
2893 110 7914
2892 111 7913
2891 112 7912
2890 113 7911
2889 114 7910
2888 115 7909
2887 116 7908
2886 117 7907
2885 118 7906
2884 119 7905
2883 120 7904
2882 121 7903
2881 122 7902
2880 123 7901
2879 124 7900
2878 125 7899
2877 126 7898
2876 127 7897
2875 128 7896
2874 129 7895
2873 130 7894
2872 131 7893
2871 132 7892
2870 133 7891
2869 134 7890
2868 135 7889
2867 136 7888
2866 137 7887
2865 138 7886
2864 139 7885
2863 140 7884
2862 141 7883
2861 142 7882
2860 143 7881
2859 144 7880
2858 145 7879
2857 146 7878
2856 147 7877
2855 148 7876
2854 149 7875
2853 150 7874
2852 151 7873
2851 152 7872
2850 153 7871
2849 154 7870
2848 155 7869
2847 156 7868
2846 157 7867
2845 158 7866
2844 159 7865
2843 160 7864
2842 161 7863
2841 162 7862
2840 163 7861
2839 164 7860
2838 165 7859
2837 166 7858
2836 167 7857
2835 168 7856
2834 169 7855
2833 170 7854
2832 171 7853
2831 172 7852
2830 173 7851
2829 174 7850
2828 175 7849
2827 176 7848
2826 177 7847
2825 178 7846
2824 179 7845
2823 180 7844
2822 181 7843
2821 182 7842
2820 183 7841
2819 184 7840
2818 185 7839
2817 186 7838
2816 187 7837
2815 188 7836
2814 189 7835
2813 190 7834
2812 191 7833
2811 192 7832
2810 193 7831
2809 194 7830
2808 195 7829
2807 196 7828
2806 197 7827
2805 198 7826
2804 199 7825
2803 200 7824
2802 201 7823
2801 202 7822
2800 203 7821
2799 204 7820
2798 205 7819
2797 206 7818
2796 207 7817
2795 208 7816
2794 209 7815
2793 210 7814
2792 211 7813
2791 212 7812
2790 213 7811
2789 214 7810
2788 215 7809
2787 216 7808
2786 217 7807
2785 218 7806
2784 219 7805
2783 220 7804
2782 221 7803
2781 222 7802
2780 223 7801
2779 224 7800
2778 225 7799
2777 226 7798
2776 227 7797
2775 228 7796
2774 229 7795
2773 230 7794
2772 231 7793
2771 232 7792
2770 233 7791
2769 234 7790
2768 235 7789
2767 236 7788
2766 237 7787
2765 238 7786
2764 239 7785
2763 240 7784
2762 241 7783
2761 242 7782
2760 243 7781
2759 244 7780
2758 245 7779
2757 246 7778
2756 247 7777
2755 248 7776
2754 249 7775
2753 250 7774
2752 251 7773
2751 252 7772
2750 253 7771
2749 254 7770
2748 255 7769
2747 256 7768
2746 257 7767
2745 258 7766
2744 259 7765
2743 260 7764
2742 261 7763
2741 262 7762
2740 263 7761
2739 264 7760
2738 265 7759
2737 266 7758
2736 267 7757
2735 268 7756
2734 269 7755
2733 270 7754
2732 271 7753
2731 272 7752
2730 273 7751
2729 274 7750
2728 275 7749
2727 276 7748
2726 277 7747
2725 278 7746
2724 279 7745
2723 280 7744
2722 281 7743
2721 282 7742
2720 283 7741
2719 284 7740
2718 285 7739
2717 286 7738
2716 287 7737
2715 288 7736
2714 289 7735
2713 290 7734
2712 291 7733
2711 292 7732
2710 293 7731
2709 294 7730
2708 295 7729
2707 296 7728
2706 297 7727
2705 298 7726
2704 299 7725
2703 300 7724
2702 301 7723
2701 302 7722
2700 303 7721
2699 304 7720
2698 305 7719
2697 306 7718
2696 307 7717
2695 308 7716
2694 309 7715
2693 310 7714
2692 311 7713
2691 312 7712
2690 313 7711
2689 314 7710
2688 315 7709
2687 316 7708
2686 317 7707
2685 318 7706
2684 319 7705
2683 320 7704
2682 321 7703
2681 322 7702
2680 323 7701
2679 324 7700
2678 325 7699
2677 326 7698
2676 327 7697
2675 328 7696
2674 329 7695
2673 330 7694
2672 331 7693
2671 332 7692
2670 333 7691
2669 334 7690
2668 335 7689
2667 336 7688
2666 337 7687
2665 338 7686
2664 339 7685
2663 340 7684
2662 341 7683
2661 342 7682
2660 343 7681
2659 344 7680
2658 345 7679
2657 346 7678
2656 347 7677
2655 348 7676
2654 349 7675
2653 350 7674
2652 351 7673
2651 352 7672
2650 353 7671
2649 354 7670
2648 355 7669
2647 356 7668
2646 357 7667
2645 358 7666
2644 359 7665
2643 360 7664
2642 361 7663
2641 362 7662
2640 363 7661
2639 364 7660
2638 365 7659
2637 366 7658
2636 367 7657
2635 368 7656
2634 369 7655
2633 370 7654
2632 371 7653
2631 372 7652
2630 373 7651
2629 374 7650
2628 375 7649
2627 376 7648
2626 377 7647
2625 378 7646
2624 379 7645
2623 380 7644
2622 381 7643
2621 382 7642
2620 383 7641
2619 384 7640
2618 385 7639
2617 386 7638
2616 387 7637
2615 388 7636
2614 389 7635
2613 390 7634
2612 391 7633
2611 392 7632
2610 393 7631
2609 394 7630
2608 395 7629
2607 396 7628
2606 397 7627
2605 398 7626
2604 399 7625
2603 400 7624
2602 401 7623
2601 402 7622
2600 403 7621
2599 404 7620
2598 405 7619
2597 406 7618
2596 407 7617
2595 408 7616
2594 409 7615
2593 410 7614
2592 411 7613
2591 412 7612
2590 413 7611
2589 414 7610
2588 415 7609
2587 416 7608
2586 417 7607
2585 418 7606
2584 419 7605
2583 420 7604
2582 421 7603
2581 422 7602
2580 423 7601
2579 424 7600
2578 425 7599
2577 426 7598
2576 427 7597
2575 428 7596
2574 429 7595
2573 430 7594
2572 431 7593
2571 432 7592
2570 433 7591
2569 434 7590
2568 435 7589
2567 436 7588
2566 437 7587
2565 438 7586
2564 439 7585
2563 440 7584
2562 441 7583
2561 442 7582
2560 443 7581
2559 444 7580
2558 445 7579
2557 446 7578
2556 447 7577
2555 448 7576
2554 449 7575
2553 450 7574
2552 451 7573
2551 452 7572
2550 453 7571
2549 454 7570
2548 455 7569
2547 456 7568
2546 457 7567
2545 458 7566
2544 459 7565
2543 460 7564
2542 461 7563
2541 462 7562
2540 463 7561
2539 464 7560
2538 465 7559
2537 466 7558
2536 467 7557
2535 468 7556
2534 469 7555
2533 470 7554
2532 471 7553
2531 472 7552
2530 473 7551
2529 474 7550
2528 475 7549
2527 476 7548
2526 477 7547
2525 478 7546
2524 479 7545
2523 480 7544
2522 481 7543
2521 482 7542
2520 483 7541
2519 484 7540
2518 485 7539
2517 486 7538
2516 487 7537
2515 488 7536
2514 489 7535
2513 490 7534
2512 491 7533
2511 492 7532
2510 493 7531
2509 494 7530
2508 495 7529
2507 496 7528
2506 497 7527
2505 498 7526
2504 499 7525
2503 500 7524
2502 501 7523
2501 502 7522
2500 503 7521
2499 504 7520
2498 505 7519
2497 506 7518
2496 507 7517
2495 508 7516
2494 509 7515
2493 510 7514
2492 511 7513
2491 512 7512
2490 513 7511
2489 514 7510
2488 515 7509
2487 516 7508
2486 517 7507
2485 518 7506
2484 519 7505
2483 520 7504
2482 521 7503
2481 522 7502
2480 523 7501
2479 524 7500
2478 525 7499
2477 526 7498
2476 527 7497
2475 528 7496
2474 529 7495
2473 530 7494
2472 531 7493
2471 532 7492
2470 533 7491
2469 534 7490
2468 535 7489
2467 536 7488
2466 537 7487
2465 538 7486
2464 539 7485
2463 540 7484
2462 541 7483
2461 542 7482
2460 543 7481
2459 544 7480
2458 545 7479
2457 546 7478
2456 547 7477
2455 548 7476
2454 549 7475
2453 550 7474
2452 551 7473
2451 552 7472
2450 553 7471
2449 554 7470
2448 555 7469
2447 556 7468
2446 557 7467
2445 558 7466
2444 559 7465
2443 560 7464
2442 561 7463
2441 562 7462
2440 563 7461
2439 564 7460
2438 565 7459
2437 566 7458
2436 567 7457
2435 568 7456
2434 569 7455
2433 570 7454
2432 571 7453
2431 572 7452
2430 573 7451
2429 574 7450
2428 575 7449
2427 576 7448
2426 577 7447
2425 578 7446
2424 579 7445
2423 580 7444
2422 581 7443
2421 582 7442
2420 583 7441
2419 584 7440
2418 585 7439
2417 586 7438
2416 587 7437
2415 588 7436
2414 589 7435
2413 590 7434
2412 591 7433
2411 592 7432
2410 593 7431
2409 594 7430
2408 595 7429
2407 596 7428
2406 597 7427
2405 598 7426
2404 599 7425
2403 600 7424
2402 601 7423
2401 602 7422
2400 603 7421
2399 604 7420
2398 605 7419
2397 606 7418
2396 607 7417
2395 608 7416
2394 609 7415
2393 610 7414
2392 611 7413
2391 612 7412
2390 613 7411
2389 614 7410
2388 615 7409
2387 616 7408
2386 617 7407
2385 618 7406
2384 619 7405
2383 620 7404
2382 621 7403
2381 622 7402
2380 623 7401
2379 624 7400
2378 625 7399
2377 626 7398
2376 627 7397
2375 628 7396
2374 629 7395
2373 630 7394
2372 631 7393
2371 632 7392
2370 633 7391
2369 634 7390
2368 635 7389
2367 636 7388
2366 637 7387
2365 638 7386
2364 639 7385
2363 640 7384
2362 641 7383
2361 642 7382
2360 643 7381
2359 644 7380
2358 645 7379
2357 646 7378
2356 647 7377
2355 648 7376
2354 649 7375
2353 650 7374
2352 651 7373
2351 652 7372
2350 653 7371
2349 654 7370
2348 655 7369
2347 656 7368
2346 657 7367
2345 658 7366
2344 659 7365
2343 660 7364
2342 661 7363
2341 662 7362
2340 663 7361
2339 664 7360
2338 665 7359
2337 666 7358
2336 667 7357
2335 668 7356
2334 669 7355
2333 670 7354
2332 671 7353
2331 672 7352
2330 673 7351
2329 674 7350
2328 675 7349
2327 676 7348
2326 677 7347
2325 678 7346
2324 679 7345
2323 680 7344
2322 681 7343
2321 682 7342
2320 683 7341
2319 684 7340
2318 685 7339
2317 686 7338
2316 687 7337
2315 688 7336
2314 689 7335
2313 690 7334
2312 691 7333
2311 692 7332
2310 693 7331
2309 694 7330
2308 695 7329
2307 696 7328
2306 697 7327
2305 698 7326
2304 699 7325
2303 700 7324
2302 701 7323
2301 702 7322
2300 703 7321
2299 704 7320
2298 705 7319
2297 706 7318
2296 707 7317
2295 708 7316
2294 709 7315
2293 710 7314
2292 711 7313
2291 712 7312
2290 713 7311
2289 714 7310
2288 715 7309
2287 716 7308
2286 717 7307
2285 718 7306
2284 719 7305
2283 720 7304
2282 721 7303
2281 722 7302
2280 723 7301
2279 724 7300
2278 725 7299
2277 726 7298
2276 727 7297
2275 728 7296
2274 729 7295
2273 730 7294
2272 731 7293
2271 732 7292
2270 733 7291
2269 734 7290
2268 735 7289
2267 736 7288
2266 737 7287
2265 738 7286
2264 739 7285
2263 740 7284
2262 741 7283
2261 742 7282
2260 743 7281
2259 744 7280
2258 745 7279
2257 746 7278
2256 747 7277
2255 748 7276
2254 749 7275
2253 750 7274
2252 751 7273
2251 752 7272
2250 753 7271
2249 754 7270
2248 755 7269
2247 756 7268
2246 757 7267
2245 758 7266
2244 759 7265
2243 760 7264
2242 761 7263
2241 762 7262
2240 763 7261
2239 764 7260
2238 765 7259
2237 766 7258
2236 767 7257
2235 768 7256
2234 769 7255
2233 770 7254
2232 771 7253
2231 772 7252
2230 773 7251
2229 774 7250
2228 775 7249
2227 776 7248
2226 777 7247
2225 778 7246
2224 779 7245
2223 780 7244
2222 781 7243
2221 782 7242
2220 783 7241
2219 784 7240
2218 785 7239
2217 786 7238
2216 787 7237
2215 788 7236
2214 789 7235
2213 790 7234
2212 791 7233
2211 792 7232
2210 793 7231
2209 794 7230
2208 795 7229
2207 796 7228
2206 797 7227
2205 798 7226
2204 799 7225
2203 800 7224
2202 801 7223
2201 802 7222
2200 803 7221
2199 804 7220
2198 805 7219
2197 806 7218
2196 807 7217
2195 808 7216
2194 809 7215
2193 810 7214
2192 811 7213
2191 812 7212
2190 813 7211
2189 814 7210
2188 815 7209
2187 816 7208
2186 817 7207
2185 818 7206
2184 819 7205
2183 820 7204
2182 821 7203
2181 822 7202
2180 823 7201
2179 824 7200
2178 825 7199
2177 826 7198
2176 827 7197
2175 828 7196
2174 829 7195
2173 830 7194
2172 831 7193
2171 832 7192
2170 833 7191
2169 834 7190
2168 835 7189
2167 836 7188
2166 837 7187
2165 838 7186
2164 839 7185
2163 840 7184
2162 841 7183
2161 842 7182
2160 843 7181
2159 844 7180
2158 845 7179
2157 846 7178
2156 847 7177
2155 848 7176
2154 849 7175
2153 850 7174
2152 851 7173
2151 852 7172
2150 853 7171
2149 854 7170
2148 855 7169
2147 856 7168
2146 857 7167
2145 858 7166
2144 859 7165
2143 860 7164
2142 861 7163
2141 862 7162
2140 863 7161
2139 864 7160
2138 865 7159
2137 866 7158
2136 867 7157
2135 868 7156
2134 869 7155
2133 870 7154
2132 871 7153
2131 872 7152
2130 873 7151
2129 874 7150
2128 875 7149
2127 876 7148
2126 877 7147
2125 878 7146
2124 879 7145
2123 880 7144
2122 881 7143
2121 882 7142
2120 883 7141
2119 884 7140
2118 885 7139
2117 886 7138
2116 887 7137
2115 888 7136
2114 889 7135
2113 890 7134
2112 891 7133
2111 892 7132
2110 893 7131
2109 894 7130
2108 895 7129
2107 896 7128
2106 897 7127
2105 898 7126
2104 899 7125
2103 900 7124
2102 901 7123
2101 902 7122
2100 903 7121
2099 904 7120
2098 905 7119
2097 906 7118
2096 907 7117
2095 908 7116
2094 909 7115
2093 910 7114
2092 911 7113
2091 912 7112
2090 913 7111
2089 914 7110
2088 915 7109
2087 916 7108
2086 917 7107
2085 918 7106
2084 919 7105
2083 920 7104
2082 921 7103
2081 922 7102
2080 923 7101
2079 924 7100
2078 925 7099
2077 926 7098
2076 927 7097
2075 928 7096
2074 929 7095
2073 930 7094
2072 931 7093
2071 932 7092
2070 933 7091
2069 934 7090
2068 935 7089
2067 936 7088
2066 937 7087
2065 938 7086
2064 939 7085
2063 940 7084
2062 941 7083
2061 942 7082
2060 943 7081
2059 944 7080
2058 945 7079
2057 946 7078
2056 947 7077
2055 948 7076
2054 949 7075
2053 950 7074
2052 951 7073
2051 952 7072
2050 953 7071
2049 954 7070
2048 955 7069
2047 956 7068
2046 957 7067
2045 958 7066
2044 959 7065
2043 960 7064
2042 961 7063
2041 962 7062
2040 963 7061
2039 964 7060
2038 965 7059
2037 966 7058
2036 967 7057
2035 968 7056
2034 969 7055
2033 970 7054
2032 971 7053
2031 972 7052
2030 973 7051
2029 974 7050
2028 975 7049
2027 976 7048
2026 977 7047
2025 978 7046
2024 979 7045
2023 980 7044
2022 981 7043
2021 982 7042
2020 983 7041
2019 984 7040
2018 985 7039
2017 986 7038
2016 987 7037
2015 988 7036
2014 989 7035
2013 990 7034
2012 991 7033
2011 992 7032
2010 993 7031
2009 994 7030
2008 995 7029
2007 996 7028
2006 997 7027
2005 998 7026
2004 999 7025
2003 1000 7024
2002 1001 7023
2001 1002 7022
2000 1003 7021
1999 1004 7020
1998 1005 7019
1997 1006 7018
1996 1007 7017
1995 1008 7016
1994 1009 7015
1993 1010 7014
1992 1011 7013
1991 1012 7012
1990 1013 7011
1989 1014 7010
1988 1015 7009
1987 1016 7008
1986 1017 7007
1985 1018 7006
1984 1019 7005
1983 1020 7004
1982 1021 7003
1981 1022 7002
1980 1023 7001
1979 1024 7000
1978 1025 6999
1977 1026 6998
1976 1027 6997
1975 1028 6996
1974 1029 6995
1973 1030 6994
1972 1031 6993
1971 1032 6992
1970 1033 6991
1969 1034 6990
1968 1035 6989
1967 1036 6988
1966 1037 6987
1965 1038 6986
1964 1039 6985
1963 1040 6984
1962 1041 6983
1961 1042 6982
1960 1043 6981
1959 1044 6980
1958 1045 6979
1957 1046 6978
1956 1047 6977
1955 1048 6976
1954 1049 6975
1953 1050 6974
1952 1051 6973
1951 1052 6972
1950 1053 6971
1949 1054 6970
1948 1055 6969
1947 1056 6968
1946 1057 6967
1945 1058 6966
1944 1059 6965
1943 1060 6964
1942 1061 6963
1941 1062 6962
1940 1063 6961
1939 1064 6960
1938 1065 6959
1937 1066 6958
1936 1067 6957
1935 1068 6956
1934 1069 6955
1933 1070 6954
1932 1071 6953
1931 1072 6952
1930 1073 6951
1929 1074 6950
1928 1075 6949
1927 1076 6948
1926 1077 6947
1925 1078 6946
1924 1079 6945
1923 1080 6944
1922 1081 6943
1921 1082 6942
1920 1083 6941
1919 1084 6940
1918 1085 6939
1917 1086 6938
1916 1087 6937
1915 1088 6936
1914 1089 6935
1913 1090 6934
1912 1091 6933
1911 1092 6932
1910 1093 6931
1909 1094 6930
1908 1095 6929
1907 1096 6928
1906 1097 6927
1905 1098 6926
1904 1099 6925
1903 1100 6924
1902 1101 6923
1901 1102 6922
1900 1103 6921
1899 1104 6920
1898 1105 6919
1897 1106 6918
1896 1107 6917
1895 1108 6916
1894 1109 6915
1893 1110 6914
1892 1111 6913
1891 1112 6912
1890 1113 6911
1889 1114 6910
1888 1115 6909
1887 1116 6908
1886 1117 6907
1885 1118 6906
1884 1119 6905
1883 1120 6904
1882 1121 6903
1881 1122 6902
1880 1123 6901
1879 1124 6900
1878 1125 6899
1877 1126 6898
1876 1127 6897
1875 1128 6896
1874 1129 6895
1873 1130 6894
1872 1131 6893
1871 1132 6892
1870 1133 6891
1869 1134 6890
1868 1135 6889
1867 1136 6888
1866 1137 6887
1865 1138 6886
1864 1139 6885
1863 1140 6884
1862 1141 6883
1861 1142 6882
1860 1143 6881
1859 1144 6880
1858 1145 6879
1857 1146 6878
1856 1147 6877
1855 1148 6876
1854 1149 6875
1853 1150 6874
1852 1151 6873
1851 1152 6872
1850 1153 6871
1849 1154 6870
1848 1155 6869
1847 1156 6868
1846 1157 6867
1845 1158 6866
1844 1159 6865
1843 1160 6864
1842 1161 6863
1841 1162 6862
1840 1163 6861
1839 1164 6860
1838 1165 6859
1837 1166 6858
1836 1167 6857
1835 1168 6856
1834 1169 6855
1833 1170 6854
1832 1171 6853
1831 1172 6852
1830 1173 6851
1829 1174 6850
1828 1175 6849
1827 1176 6848
1826 1177 6847
1825 1178 6846
1824 1179 6845
1823 1180 6844
1822 1181 6843
1821 1182 6842
1820 1183 6841
1819 1184 6840
1818 1185 6839
1817 1186 6838
1816 1187 6837
1815 1188 6836
1814 1189 6835
1813 1190 6834
1812 1191 6833
1811 1192 6832
1810 1193 6831
1809 1194 6830
1808 1195 6829
1807 1196 6828
1806 1197 6827
1805 1198 6826
1804 1199 6825
1803 1200 6824
1802 1201 6823
1801 1202 6822
1800 1203 6821
1799 1204 6820
1798 1205 6819
1797 1206 6818
1796 1207 6817
1795 1208 6816
1794 1209 6815
1793 1210 6814
1792 1211 6813
1791 1212 6812
1790 1213 6811
1789 1214 6810
1788 1215 6809
1787 1216 6808
1786 1217 6807
1785 1218 6806
1784 1219 6805
1783 1220 6804
1782 1221 6803
1781 1222 6802
1780 1223 6801
1779 1224 6800
1778 1225 6799
1777 1226 6798
1776 1227 6797
1775 1228 6796
1774 1229 6795
1773 1230 6794
1772 1231 6793
1771 1232 6792
1770 1233 6791
1769 1234 6790
1768 1235 6789
1767 1236 6788
1766 1237 6787
1765 1238 6786
1764 1239 6785
1763 1240 6784
1762 1241 6783
1761 1242 6782
1760 1243 6781
1759 1244 6780
1758 1245 6779
1757 1246 6778
1756 1247 6777
1755 1248 6776
1754 1249 6775
1753 1250 6774
1752 1251 6773
1751 1252 6772
1750 1253 6771
1749 1254 6770
1748 1255 6769
1747 1256 6768
1746 1257 6767
1745 1258 6766
1744 1259 6765
1743 1260 6764
1742 1261 6763
1741 1262 6762
1740 1263 6761
1739 1264 6760
1738 1265 6759
1737 1266 6758
1736 1267 6757
1735 1268 6756
1734 1269 6755
1733 1270 6754
1732 1271 6753
1731 1272 6752
1730 1273 6751
1729 1274 6750
1728 1275 6749
1727 1276 6748
1726 1277 6747
1725 1278 6746
1724 1279 6745
1723 1280 6744
1722 1281 6743
1721 1282 6742
1720 1283 6741
1719 1284 6740
1718 1285 6739
1717 1286 6738
1716 1287 6737
1715 1288 6736
1714 1289 6735
1713 1290 6734
1712 1291 6733
1711 1292 6732
1710 1293 6731
1709 1294 6730
1708 1295 6729
1707 1296 6728
1706 1297 6727
1705 1298 6726
1704 1299 6725
1703 1300 6724
1702 1301 6723
1701 1302 6722
1700 1303 6721
1699 1304 6720
1698 1305 6719
1697 1306 6718
1696 1307 6717
1695 1308 6716
1694 1309 6715
1693 1310 6714
1692 1311 6713
1691 1312 6712
1690 1313 6711
1689 1314 6710
1688 1315 6709
1687 1316 6708
1686 1317 6707
1685 1318 6706
1684 1319 6705
1683 1320 6704
1682 1321 6703
1681 1322 6702
1680 1323 6701
1679 1324 6700
1678 1325 6699
1677 1326 6698
1676 1327 6697
1675 1328 6696
1674 1329 6695
1673 1330 6694
1672 1331 6693
1671 1332 6692
1670 1333 6691
1669 1334 6690
1668 1335 6689
1667 1336 6688
1666 1337 6687
1665 1338 6686
1664 1339 6685
1663 1340 6684
1662 1341 6683
1661 1342 6682
1660 1343 6681
1659 1344 6680
1658 1345 6679
1657 1346 6678
1656 1347 6677
1655 1348 6676
1654 1349 6675
1653 1350 6674
1652 1351 6673
1651 1352 6672
1650 1353 6671
1649 1354 6670
1648 1355 6669
1647 1356 6668
1646 1357 6667
1645 1358 6666
1644 1359 6665
1643 1360 6664
1642 1361 6663
1641 1362 6662
1640 1363 6661
1639 1364 6660
1638 1365 6659
1637 1366 6658
1636 1367 6657
1635 1368 6656
1634 1369 6655
1633 1370 6654
1632 1371 6653
1631 1372 6652
1630 1373 6651
1629 1374 6650
1628 1375 6649
1627 1376 6648
1626 1377 6647
1625 1378 6646
1624 1379 6645
1623 1380 6644
1622 1381 6643
1621 1382 6642
1620 1383 6641
1619 1384 6640
1618 1385 6639
1617 1386 6638
1616 1387 6637
1615 1388 6636
1614 1389 6635
1613 1390 6634
1612 1391 6633
1611 1392 6632
1610 1393 6631
1609 1394 6630
1608 1395 6629
1607 1396 6628
1606 1397 6627
1605 1398 6626
1604 1399 6625
1603 1400 6624
1602 1401 6623
1601 1402 6622
1600 1403 6621
1599 1404 6620
1598 1405 6619
1597 1406 6618
1596 1407 6617
1595 1408 6616
1594 1409 6615
1593 1410 6614
1592 1411 6613
1591 1412 6612
1590 1413 6611
1589 1414 6610
1588 1415 6609
1587 1416 6608
1586 1417 6607
1585 1418 6606
1584 1419 6605
1583 1420 6604
1582 1421 6603
1581 1422 6602
1580 1423 6601
1579 1424 6600
1578 1425 6599
1577 1426 6598
1576 1427 6597
1575 1428 6596
1574 1429 6595
1573 1430 6594
1572 1431 6593
1571 1432 6592
1570 1433 6591
1569 1434 6590
1568 1435 6589
1567 1436 6588
1566 1437 6587
1565 1438 6586
1564 1439 6585
1563 1440 6584
1562 1441 6583
1561 1442 6582
1560 1443 6581
1559 1444 6580
1558 1445 6579
1557 1446 6578
1556 1447 6577
1555 1448 6576
1554 1449 6575
1553 1450 6574
1552 1451 6573
1551 1452 6572
1550 1453 6571
1549 1454 6570
1548 1455 6569
1547 1456 6568
1546 1457 6567
1545 1458 6566
1544 1459 6565
1543 1460 6564
1542 1461 6563
1541 1462 6562
1540 1463 6561
1539 1464 6560
1538 1465 6559
1537 1466 6558
1536 1467 6557
1535 1468 6556
1534 1469 6555
1533 1470 6554
1532 1471 6553
1531 1472 6552
1530 1473 6551
1529 1474 6550
1528 1475 6549
1527 1476 6548
1526 1477 6547
1525 1478 6546
1524 1479 6545
1523 1480 6544
1522 1481 6543
1521 1482 6542
1520 1483 6541
1519 1484 6540
1518 1485 6539
1517 1486 6538
1516 1487 6537
1515 1488 6536
1514 1489 6535
1513 1490 6534
1512 1491 6533
1511 1492 6532
1510 1493 6531
1509 1494 6530
1508 1495 6529
1507 1496 6528
1506 1497 6527
1505 1498 6526
1504 1499 6525
1503 1500 6524
1502 1501 6523
1501 1502 6522
1500 1503 6521
1499 1504 6520
1498 1505 6519
1497 1506 6518
1496 1507 6517
1495 1508 6516
1494 1509 6515
1493 1510 6514
1492 1511 6513
1491 1512 6512
1490 1513 6511
1489 1514 6510
1488 1515 6509
1487 1516 6508
1486 1517 6507
1485 1518 6506
1484 1519 6505
1483 1520 6504
1482 1521 6503
1481 1522 6502
1480 1523 6501
1479 1524 6500
1478 1525 6499
1477 1526 6498
1476 1527 6497
1475 1528 6496
1474 1529 6495
1473 1530 6494
1472 1531 6493
1471 1532 6492
1470 1533 6491
1469 1534 6490
1468 1535 6489
1467 1536 6488
1466 1537 6487
1465 1538 6486
1464 1539 6485
1463 1540 6484
1462 1541 6483
1461 1542 6482
1460 1543 6481
1459 1544 6480
1458 1545 6479
1457 1546 6478
1456 1547 6477
1455 1548 6476
1454 1549 6475
1453 1550 6474
1452 1551 6473
1451 1552 6472
1450 1553 6471
1449 1554 6470
1448 1555 6469
1447 1556 6468
1446 1557 6467
1445 1558 6466
1444 1559 6465
1443 1560 6464
1442 1561 6463
1441 1562 6462
1440 1563 6461
1439 1564 6460
1438 1565 6459
1437 1566 6458
1436 1567 6457
1435 1568 6456
1434 1569 6455
1433 1570 6454
1432 1571 6453
1431 1572 6452
1430 1573 6451
1429 1574 6450
1428 1575 6449
1427 1576 6448
1426 1577 6447
1425 1578 6446
1424 1579 6445
1423 1580 6444
1422 1581 6443
1421 1582 6442
1420 1583 6441
1419 1584 6440
1418 1585 6439
1417 1586 6438
1416 1587 6437
1415 1588 6436
1414 1589 6435
1413 1590 6434
1412 1591 6433
1411 1592 6432
1410 1593 6431
1409 1594 6430
1408 1595 6429
1407 1596 6428
1406 1597 6427
1405 1598 6426
1404 1599 6425
1403 1600 6424
1402 1601 6423
1401 1602 6422
1400 1603 6421
1399 1604 6420
1398 1605 6419
1397 1606 6418
1396 1607 6417
1395 1608 6416
1394 1609 6415
1393 1610 6414
1392 1611 6413
1391 1612 6412
1390 1613 6411
1389 1614 6410
1388 1615 6409
1387 1616 6408
1386 1617 6407
1385 1618 6406
1384 1619 6405
1383 1620 6404
1382 1621 6403
1381 1622 6402
1380 1623 6401
1379 1624 6400
1378 1625 6399
1377 1626 6398
1376 1627 6397
1375 1628 6396
1374 1629 6395
1373 1630 6394
1372 1631 6393
1371 1632 6392
1370 1633 6391
1369 1634 6390
1368 1635 6389
1367 1636 6388
1366 1637 6387
1365 1638 6386
1364 1639 6385
1363 1640 6384
1362 1641 6383
1361 1642 6382
1360 1643 6381
1359 1644 6380
1358 1645 6379
1357 1646 6378
1356 1647 6377
1355 1648 6376
1354 1649 6375
1353 1650 6374
1352 1651 6373
1351 1652 6372
1350 1653 6371
1349 1654 6370
1348 1655 6369
1347 1656 6368
1346 1657 6367
1345 1658 6366
1344 1659 6365
1343 1660 6364
1342 1661 6363
1341 1662 6362
1340 1663 6361
1339 1664 6360
1338 1665 6359
1337 1666 6358
1336 1667 6357
1335 1668 6356
1334 1669 6355
1333 1670 6354
1332 1671 6353
1331 1672 6352
1330 1673 6351
1329 1674 6350
1328 1675 6349
1327 1676 6348
1326 1677 6347
1325 1678 6346
1324 1679 6345
1323 1680 6344
1322 1681 6343
1321 1682 6342
1320 1683 6341
1319 1684 6340
1318 1685 6339
1317 1686 6338
1316 1687 6337
1315 1688 6336
1314 1689 6335
1313 1690 6334
1312 1691 6333
1311 1692 6332
1310 1693 6331
1309 1694 6330
1308 1695 6329
1307 1696 6328
1306 1697 6327
1305 1698 6326
1304 1699 6325
1303 1700 6324
1302 1701 6323
1301 1702 6322
1300 1703 6321
1299 1704 6320
1298 1705 6319
1297 1706 6318
1296 1707 6317
1295 1708 6316
1294 1709 6315
1293 1710 6314
1292 1711 6313
1291 1712 6312
1290 1713 6311
1289 1714 6310
1288 1715 6309
1287 1716 6308
1286 1717 6307
1285 1718 6306
1284 1719 6305
1283 1720 6304
1282 1721 6303
1281 1722 6302
1280 1723 6301
1279 1724 6300
1278 1725 6299
1277 1726 6298
1276 1727 6297
1275 1728 6296
1274 1729 6295
1273 1730 6294
1272 1731 6293
1271 1732 6292
1270 1733 6291
1269 1734 6290
1268 1735 6289
1267 1736 6288
1266 1737 6287
1265 1738 6286
1264 1739 6285
1263 1740 6284
1262 1741 6283
1261 1742 6282
1260 1743 6281
1259 1744 6280
1258 1745 6279
1257 1746 6278
1256 1747 6277
1255 1748 6276
1254 1749 6275
1253 1750 6274
1252 1751 6273
1251 1752 6272
1250 1753 6271
1249 1754 6270
1248 1755 6269
1247 1756 6268
1246 1757 6267
1245 1758 6266
1244 1759 6265
1243 1760 6264
1242 1761 6263
1241 1762 6262
1240 1763 6261
1239 1764 6260
1238 1765 6259
1237 1766 6258
1236 1767 6257
1235 1768 6256
1234 1769 6255
1233 1770 6254
1232 1771 6253
1231 1772 6252
1230 1773 6251
1229 1774 6250
1228 1775 6249
1227 1776 6248
1226 1777 6247
1225 1778 6246
1224 1779 6245
1223 1780 6244
1222 1781 6243
1221 1782 6242
1220 1783 6241
1219 1784 6240
1218 1785 6239
1217 1786 6238
1216 1787 6237
1215 1788 6236
1214 1789 6235
1213 1790 6234
1212 1791 6233
1211 1792 6232
1210 1793 6231
1209 1794 6230
1208 1795 6229
1207 1796 6228
1206 1797 6227
1205 1798 6226
1204 1799 6225
1203 1800 6224
1202 1801 6223
1201 1802 6222
1200 1803 6221
1199 1804 6220
1198 1805 6219
1197 1806 6218
1196 1807 6217
1195 1808 6216
1194 1809 6215
1193 1810 6214
1192 1811 6213
1191 1812 6212
1190 1813 6211
1189 1814 6210
1188 1815 6209
1187 1816 6208
1186 1817 6207
1185 1818 6206
1184 1819 6205
1183 1820 6204
1182 1821 6203
1181 1822 6202
1180 1823 6201
1179 1824 6200
1178 1825 6199
1177 1826 6198
1176 1827 6197
1175 1828 6196
1174 1829 6195
1173 1830 6194
1172 1831 6193
1171 1832 6192
1170 1833 6191
1169 1834 6190
1168 1835 6189
1167 1836 6188
1166 1837 6187
1165 1838 6186
1164 1839 6185
1163 1840 6184
1162 1841 6183
1161 1842 6182
1160 1843 6181
1159 1844 6180
1158 1845 6179
1157 1846 6178
1156 1847 6177
1155 1848 6176
1154 1849 6175
1153 1850 6174
1152 1851 6173
1151 1852 6172
1150 1853 6171
1149 1854 6170
1148 1855 6169
1147 1856 6168
1146 1857 6167
1145 1858 6166
1144 1859 6165
1143 1860 6164
1142 1861 6163
1141 1862 6162
1140 1863 6161
1139 1864 6160
1138 1865 6159
1137 1866 6158
1136 1867 6157
1135 1868 6156
1134 1869 6155
1133 1870 6154
1132 1871 6153
1131 1872 6152
1130 1873 6151
1129 1874 6150
1128 1875 6149
1127 1876 6148
1126 1877 6147
1125 1878 6146
1124 1879 6145
1123 1880 6144
1122 1881 6143
1121 1882 6142
1120 1883 6141
1119 1884 6140
1118 1885 6139
1117 1886 6138
1116 1887 6137
1115 1888 6136
1114 1889 6135
1113 1890 6134
1112 1891 6133
1111 1892 6132
1110 1893 6131
1109 1894 6130
1108 1895 6129
1107 1896 6128
1106 1897 6127
1105 1898 6126
1104 1899 6125
1103 1900 6124
1102 1901 6123
1101 1902 6122
1100 1903 6121
1099 1904 6120
1098 1905 6119
1097 1906 6118
1096 1907 6117
1095 1908 6116
1094 1909 6115
1093 1910 6114
1092 1911 6113
1091 1912 6112
1090 1913 6111
1089 1914 6110
1088 1915 6109
1087 1916 6108
1086 1917 6107
1085 1918 6106
1084 1919 6105
1083 1920 6104
1082 1921 6103
1081 1922 6102
1080 1923 6101
1079 1924 6100
1078 1925 6099
1077 1926 6098
1076 1927 6097
1075 1928 6096
1074 1929 6095
1073 1930 6094
1072 1931 6093
1071 1932 6092
1070 1933 6091
1069 1934 6090
1068 1935 6089
1067 1936 6088
1066 1937 6087
1065 1938 6086
1064 1939 6085
1063 1940 6084
1062 1941 6083
1061 1942 6082
1060 1943 6081
1059 1944 6080
1058 1945 6079
1057 1946 6078
1056 1947 6077
1055 1948 6076
1054 1949 6075
1053 1950 6074
1052 1951 6073
1051 1952 6072
1050 1953 6071
1049 1954 6070
1048 1955 6069
1047 1956 6068
1046 1957 6067
1045 1958 6066
1044 1959 6065
1043 1960 6064
1042 1961 6063
1041 1962 6062
1040 1963 6061
1039 1964 6060
1038 1965 6059
1037 1966 6058
1036 1967 6057
1035 1968 6056
1034 1969 6055
1033 1970 6054
1032 1971 6053
1031 1972 6052
1030 1973 6051
1029 1974 6050
1028 1975 6049
1027 1976 6048
1026 1977 6047
1025 1978 6046
1024 1979 6045
1023 1980 6044
1022 1981 6043
1021 1982 6042
1020 1983 6041
1019 1984 6040
1018 1985 6039
1017 1986 6038
1016 1987 6037
1015 1988 6036
1014 1989 6035
1013 1990 6034
1012 1991 6033
1011 1992 6032
1010 1993 6031
1009 1994 6030
1008 1995 6029
1007 1996 6028
1006 1997 6027
1005 1998 6026
1004 1999 6025
1003 2000 6024
1002 2001 6023
1001 2002 6022
1000 2003 6021
999 2004 6020
998 2005 6019
997 2006 6018
996 2007 6017
995 2008 6016
994 2009 6015
993 2010 6014
992 2011 6013
991 2012 6012
990 2013 6011
989 2014 6010
988 2015 6009
987 2016 6008
986 2017 6007
985 2018 6006
984 2019 6005
983 2020 6004
982 2021 6003
981 2022 6002
980 2023 6001
