2782
3000 3 8782
2999 4 8781
2998 5 8780
2997 6 8779
2996 7 8778
2995 8 8777
2994 9 8776
2993 10 8775
2992 11 8774
2991 12 8773
2990 13 8772
2989 14 8771
2988 15 8770
2987 16 8769
2986 17 8768
2985 18 8767
2984 19 8766
2983 20 8765
2982 21 8764
2981 22 8763
2980 23 8762
2979 24 8761
2978 25 8760
2977 26 8759
2976 27 8758
2975 28 8757
2974 29 8756
2973 30 8755
2972 31 8754
2971 32 8753
2970 33 8752
2969 34 8751
2968 35 8750
2967 36 8749
2966 37 8748
2965 38 8747
2964 39 8746
2963 40 8745
2962 41 8744
2961 42 8743
2960 43 8742
2959 44 8741
2958 45 8740
2957 46 8739
2956 47 8738
2955 48 8737
2954 49 8736
2953 50 8735
2952 51 8734
2951 52 8733
2950 53 8732
2949 54 8731
2948 55 8730
2947 56 8729
2946 57 8728
2945 58 8727
2944 59 8726
2943 60 8725
2942 61 8724
2941 62 8723
2940 63 8722
2939 64 8721
2938 65 8720
2937 66 8719
2936 67 8718
2935 68 8717
2934 69 8716
2933 70 8715
2932 71 8714
2931 72 8713
2930 73 8712
2929 74 8711
2928 75 8710
2927 76 8709
2926 77 8708
2925 78 8707
2924 79 8706
2923 80 8705
2922 81 8704
2921 82 8703
2920 83 8702
2919 84 8701
2918 85 8700
2917 86 8699
2916 87 8698
2915 88 8697
2914 89 8696
2913 90 8695
2912 91 8694
2911 92 8693
2910 93 8692
2909 94 8691
2908 95 8690
2907 96 8689
2906 97 8688
2905 98 8687
2904 99 8686
2903 100 8685
2902 101 8684
2901 102 8683
2900 103 8682
2899 104 8681
2898 105 8680
2897 106 8679
2896 107 8678
2895 108 8677
2894 109 8676
2893 110 8675
2892 111 8674
2891 112 8673
2890 113 8672
2889 114 8671
2888 115 8670
2887 116 8669
2886 117 8668
2885 118 8667
2884 119 8666
2883 120 8665
2882 121 8664
2881 122 8663
2880 123 8662
2879 124 8661
2878 125 8660
2877 126 8659
2876 127 8658
2875 128 8657
2874 129 8656
2873 130 8655
2872 131 8654
2871 132 8653
2870 133 8652
2869 134 8651
2868 135 8650
2867 136 8649
2866 137 8648
2865 138 8647
2864 139 8646
2863 140 8645
2862 141 8644
2861 142 8643
2860 143 8642
2859 144 8641
2858 145 8640
2857 146 8639
2856 147 8638
2855 148 8637
2854 149 8636
2853 150 8635
2852 151 8634
2851 152 8633
2850 153 8632
2849 154 8631
2848 155 8630
2847 156 8629
2846 157 8628
2845 158 8627
2844 159 8626
2843 160 8625
2842 161 8624
2841 162 8623
2840 163 8622
2839 164 8621
2838 165 8620
2837 166 8619
2836 167 8618
2835 168 8617
2834 169 8616
2833 170 8615
2832 171 8614
2831 172 8613
2830 173 8612
2829 174 8611
2828 175 8610
2827 176 8609
2826 177 8608
2825 178 8607
2824 179 8606
2823 180 8605
2822 181 8604
2821 182 8603
2820 183 8602
2819 184 8601
2818 185 8600
2817 186 8599
2816 187 8598
2815 188 8597
2814 189 8596
2813 190 8595
2812 191 8594
2811 192 8593
2810 193 8592
2809 194 8591
2808 195 8590
2807 196 8589
2806 197 8588
2805 198 8587
2804 199 8586
2803 200 8585
2802 201 8584
2801 202 8583
2800 203 8582
2799 204 8581
2798 205 8580
2797 206 8579
2796 207 8578
2795 208 8577
2794 209 8576
2793 210 8575
2792 211 8574
2791 212 8573
2790 213 8572
2789 214 8571
2788 215 8570
2787 216 8569
2786 217 8568
2785 218 8567
2784 219 8566
2783 220 8565
2782 221 8564
2781 222 8563
2780 223 8562
2779 224 8561
2778 225 8560
2777 226 8559
2776 227 8558
2775 228 8557
2774 229 8556
2773 230 8555
2772 231 8554
2771 232 8553
2770 233 8552
2769 234 8551
2768 235 8550
2767 236 8549
2766 237 8548
2765 238 8547
2764 239 8546
2763 240 8545
2762 241 8544
2761 242 8543
2760 243 8542
2759 244 8541
2758 245 8540
2757 246 8539
2756 247 8538
2755 248 8537
2754 249 8536
2753 250 8535
2752 251 8534
2751 252 8533
2750 253 8532
2749 254 8531
2748 255 8530
2747 256 8529
2746 257 8528
2745 258 8527
2744 259 8526
2743 260 8525
2742 261 8524
2741 262 8523
2740 263 8522
2739 264 8521
2738 265 8520
2737 266 8519
2736 267 8518
2735 268 8517
2734 269 8516
2733 270 8515
2732 271 8514
2731 272 8513
2730 273 8512
2729 274 8511
2728 275 8510
2727 276 8509
2726 277 8508
2725 278 8507
2724 279 8506
2723 280 8505
2722 281 8504
2721 282 8503
2720 283 8502
2719 284 8501
2718 285 8500
2717 286 8499
2716 287 8498
2715 288 8497
2714 289 8496
2713 290 8495
2712 291 8494
2711 292 8493
2710 293 8492
2709 294 8491
2708 295 8490
2707 296 8489
2706 297 8488
2705 298 8487
2704 299 8486
2703 300 8485
2702 301 8484
2701 302 8483
2700 303 8482
2699 304 8481
2698 305 8480
2697 306 8479
2696 307 8478
2695 308 8477
2694 309 8476
2693 310 8475
2692 311 8474
2691 312 8473
2690 313 8472
2689 314 8471
2688 315 8470
2687 316 8469
2686 317 8468
2685 318 8467
2684 319 8466
2683 320 8465
2682 321 8464
2681 322 8463
2680 323 8462
2679 324 8461
2678 325 8460
2677 326 8459
2676 327 8458
2675 328 8457
2674 329 8456
2673 330 8455
2672 331 8454
2671 332 8453
2670 333 8452
2669 334 8451
2668 335 8450
2667 336 8449
2666 337 8448
2665 338 8447
2664 339 8446
2663 340 8445
2662 341 8444
2661 342 8443
2660 343 8442
2659 344 8441
2658 345 8440
2657 346 8439
2656 347 8438
2655 348 8437
2654 349 8436
2653 350 8435
2652 351 8434
2651 352 8433
2650 353 8432
2649 354 8431
2648 355 8430
2647 356 8429
2646 357 8428
2645 358 8427
2644 359 8426
2643 360 8425
2642 361 8424
2641 362 8423
2640 363 8422
2639 364 8421
2638 365 8420
2637 366 8419
2636 367 8418
2635 368 8417
2634 369 8416
2633 370 8415
2632 371 8414
2631 372 8413
2630 373 8412
2629 374 8411
2628 375 8410
2627 376 8409
2626 377 8408
2625 378 8407
2624 379 8406
2623 380 8405
2622 381 8404
2621 382 8403
2620 383 8402
2619 384 8401
2618 385 8400
2617 386 8399
2616 387 8398
2615 388 8397
2614 389 8396
2613 390 8395
2612 391 8394
2611 392 8393
2610 393 8392
2609 394 8391
2608 395 8390
2607 396 8389
2606 397 8388
2605 398 8387
2604 399 8386
2603 400 8385
2602 401 8384
2601 402 8383
2600 403 8382
2599 404 8381
2598 405 8380
2597 406 8379
2596 407 8378
2595 408 8377
2594 409 8376
2593 410 8375
2592 411 8374
2591 412 8373
2590 413 8372
2589 414 8371
2588 415 8370
2587 416 8369
2586 417 8368
2585 418 8367
2584 419 8366
2583 420 8365
2582 421 8364
2581 422 8363
2580 423 8362
2579 424 8361
2578 425 8360
2577 426 8359
2576 427 8358
2575 428 8357
2574 429 8356
2573 430 8355
2572 431 8354
2571 432 8353
2570 433 8352
2569 434 8351
2568 435 8350
2567 436 8349
2566 437 8348
2565 438 8347
2564 439 8346
2563 440 8345
2562 441 8344
2561 442 8343
2560 443 8342
2559 444 8341
2558 445 8340
2557 446 8339
2556 447 8338
2555 448 8337
2554 449 8336
2553 450 8335
2552 451 8334
2551 452 8333
2550 453 8332
2549 454 8331
2548 455 8330
2547 456 8329
2546 457 8328
2545 458 8327
2544 459 8326
2543 460 8325
2542 461 8324
2541 462 8323
2540 463 8322
2539 464 8321
2538 465 8320
2537 466 8319
2536 467 8318
2535 468 8317
2534 469 8316
2533 470 8315
2532 471 8314
2531 472 8313
2530 473 8312
2529 474 8311
2528 475 8310
2527 476 8309
2526 477 8308
2525 478 8307
2524 479 8306
2523 480 8305
2522 481 8304
2521 482 8303
2520 483 8302
2519 484 8301
2518 485 8300
2517 486 8299
2516 487 8298
2515 488 8297
2514 489 8296
2513 490 8295
2512 491 8294
2511 492 8293
2510 493 8292
2509 494 8291
2508 495 8290
2507 496 8289
2506 497 8288
2505 498 8287
2504 499 8286
2503 500 8285
2502 501 8284
2501 502 8283
2500 503 8282
2499 504 8281
2498 505 8280
2497 506 8279
2496 507 8278
2495 508 8277
2494 509 8276
2493 510 8275
2492 511 8274
2491 512 8273
2490 513 8272
2489 514 8271
2488 515 8270
2487 516 8269
2486 517 8268
2485 518 8267
2484 519 8266
2483 520 8265
2482 521 8264
2481 522 8263
2480 523 8262
2479 524 8261
2478 525 8260
2477 526 8259
2476 527 8258
2475 528 8257
2474 529 8256
2473 530 8255
2472 531 8254
2471 532 8253
2470 533 8252
2469 534 8251
2468 535 8250
2467 536 8249
2466 537 8248
2465 538 8247
2464 539 8246
2463 540 8245
2462 541 8244
2461 542 8243
2460 543 8242
2459 544 8241
2458 545 8240
2457 546 8239
2456 547 8238
2455 548 8237
2454 549 8236
2453 550 8235
2452 551 8234
2451 552 8233
2450 553 8232
2449 554 8231
2448 555 8230
2447 556 8229
2446 557 8228
2445 558 8227
2444 559 8226
2443 560 8225
2442 561 8224
2441 562 8223
2440 563 8222
2439 564 8221
2438 565 8220
2437 566 8219
2436 567 8218
2435 568 8217
2434 569 8216
2433 570 8215
2432 571 8214
2431 572 8213
2430 573 8212
2429 574 8211
2428 575 8210
2427 576 8209
2426 577 8208
2425 578 8207
2424 579 8206
2423 580 8205
2422 581 8204
2421 582 8203
2420 583 8202
2419 584 8201
2418 585 8200
2417 586 8199
2416 587 8198
2415 588 8197
2414 589 8196
2413 590 8195
2412 591 8194
2411 592 8193
2410 593 8192
2409 594 8191
2408 595 8190
2407 596 8189
2406 597 8188
2405 598 8187
2404 599 8186
2403 600 8185
2402 601 8184
2401 602 8183
2400 603 8182
2399 604 8181
2398 605 8180
2397 606 8179
2396 607 8178
2395 608 8177
2394 609 8176
2393 610 8175
2392 611 8174
2391 612 8173
2390 613 8172
2389 614 8171
2388 615 8170
2387 616 8169
2386 617 8168
2385 618 8167
2384 619 8166
2383 620 8165
2382 621 8164
2381 622 8163
2380 623 8162
2379 624 8161
2378 625 8160
2377 626 8159
2376 627 8158
2375 628 8157
2374 629 8156
2373 630 8155
2372 631 8154
2371 632 8153
2370 633 8152
2369 634 8151
2368 635 8150
2367 636 8149
2366 637 8148
2365 638 8147
2364 639 8146
2363 640 8145
2362 641 8144
2361 642 8143
2360 643 8142
2359 644 8141
2358 645 8140
2357 646 8139
2356 647 8138
2355 648 8137
2354 649 8136
2353 650 8135
2352 651 8134
2351 652 8133
2350 653 8132
2349 654 8131
2348 655 8130
2347 656 8129
2346 657 8128
2345 658 8127
2344 659 8126
2343 660 8125
2342 661 8124
2341 662 8123
2340 663 8122
2339 664 8121
2338 665 8120
2337 666 8119
2336 667 8118
2335 668 8117
2334 669 8116
2333 670 8115
2332 671 8114
2331 672 8113
2330 673 8112
2329 674 8111
2328 675 8110
2327 676 8109
2326 677 8108
2325 678 8107
2324 679 8106
2323 680 8105
2322 681 8104
2321 682 8103
2320 683 8102
2319 684 8101
2318 685 8100
2317 686 8099
2316 687 8098
2315 688 8097
2314 689 8096
2313 690 8095
2312 691 8094
2311 692 8093
2310 693 8092
2309 694 8091
2308 695 8090
2307 696 8089
2306 697 8088
2305 698 8087
2304 699 8086
2303 700 8085
2302 701 8084
2301 702 8083
2300 703 8082
2299 704 8081
2298 705 8080
2297 706 8079
2296 707 8078
2295 708 8077
2294 709 8076
2293 710 8075
2292 711 8074
2291 712 8073
2290 713 8072
2289 714 8071
2288 715 8070
2287 716 8069
2286 717 8068
2285 718 8067
2284 719 8066
2283 720 8065
2282 721 8064
2281 722 8063
2280 723 8062
2279 724 8061
2278 725 8060
2277 726 8059
2276 727 8058
2275 728 8057
2274 729 8056
2273 730 8055
2272 731 8054
2271 732 8053
2270 733 8052
2269 734 8051
2268 735 8050
2267 736 8049
2266 737 8048
2265 738 8047
2264 739 8046
2263 740 8045
2262 741 8044
2261 742 8043
2260 743 8042
2259 744 8041
2258 745 8040
2257 746 8039
2256 747 8038
2255 748 8037
2254 749 8036
2253 750 8035
2252 751 8034
2251 752 8033
2250 753 8032
2249 754 8031
2248 755 8030
2247 756 8029
2246 757 8028
2245 758 8027
2244 759 8026
2243 760 8025
2242 761 8024
2241 762 8023
2240 763 8022
2239 764 8021
2238 765 8020
2237 766 8019
2236 767 8018
2235 768 8017
2234 769 8016
2233 770 8015
2232 771 8014
2231 772 8013
2230 773 8012
2229 774 8011
2228 775 8010
2227 776 8009
2226 777 8008
2225 778 8007
2224 779 8006
2223 780 8005
2222 781 8004
2221 782 8003
2220 783 8002
2219 784 8001
2218 785 8000
2217 786 7999
2216 787 7998
2215 788 7997
2214 789 7996
2213 790 7995
2212 791 7994
2211 792 7993
2210 793 7992
2209 794 7991
2208 795 7990
2207 796 7989
2206 797 7988
2205 798 7987
2204 799 7986
2203 800 7985
2202 801 7984
2201 802 7983
2200 803 7982
2199 804 7981
2198 805 7980
2197 806 7979
2196 807 7978
2195 808 7977
2194 809 7976
2193 810 7975
2192 811 7974
2191 812 7973
2190 813 7972
2189 814 7971
2188 815 7970
2187 816 7969
2186 817 7968
2185 818 7967
2184 819 7966
2183 820 7965
2182 821 7964
2181 822 7963
2180 823 7962
2179 824 7961
2178 825 7960
2177 826 7959
2176 827 7958
2175 828 7957
2174 829 7956
2173 830 7955
2172 831 7954
2171 832 7953
2170 833 7952
2169 834 7951
2168 835 7950
2167 836 7949
2166 837 7948
2165 838 7947
2164 839 7946
2163 840 7945
2162 841 7944
2161 842 7943
2160 843 7942
2159 844 7941
2158 845 7940
2157 846 7939
2156 847 7938
2155 848 7937
2154 849 7936
2153 850 7935
2152 851 7934
2151 852 7933
2150 853 7932
2149 854 7931
2148 855 7930
2147 856 7929
2146 857 7928
2145 858 7927
2144 859 7926
2143 860 7925
2142 861 7924
2141 862 7923
2140 863 7922
2139 864 7921
2138 865 7920
2137 866 7919
2136 867 7918
2135 868 7917
2134 869 7916
2133 870 7915
2132 871 7914
2131 872 7913
2130 873 7912
2129 874 7911
2128 875 7910
2127 876 7909
2126 877 7908
2125 878 7907
2124 879 7906
2123 880 7905
2122 881 7904
2121 882 7903
2120 883 7902
2119 884 7901
2118 885 7900
2117 886 7899
2116 887 7898
2115 888 7897
2114 889 7896
2113 890 7895
2112 891 7894
2111 892 7893
2110 893 7892
2109 894 7891
2108 895 7890
2107 896 7889
2106 897 7888
2105 898 7887
2104 899 7886
2103 900 7885
2102 901 7884
2101 902 7883
2100 903 7882
2099 904 7881
2098 905 7880
2097 906 7879
2096 907 7878
2095 908 7877
2094 909 7876
2093 910 7875
2092 911 7874
2091 912 7873
2090 913 7872
2089 914 7871
2088 915 7870
2087 916 7869
2086 917 7868
2085 918 7867
2084 919 7866
2083 920 7865
2082 921 7864
2081 922 7863
2080 923 7862
2079 924 7861
2078 925 7860
2077 926 7859
2076 927 7858
2075 928 7857
2074 929 7856
2073 930 7855
2072 931 7854
2071 932 7853
2070 933 7852
2069 934 7851
2068 935 7850
2067 936 7849
2066 937 7848
2065 938 7847
2064 939 7846
2063 940 7845
2062 941 7844
2061 942 7843
2060 943 7842
2059 944 7841
2058 945 7840
2057 946 7839
2056 947 7838
2055 948 7837
2054 949 7836
2053 950 7835
2052 951 7834
2051 952 7833
2050 953 7832
2049 954 7831
2048 955 7830
2047 956 7829
2046 957 7828
2045 958 7827
2044 959 7826
2043 960 7825
2042 961 7824
2041 962 7823
2040 963 7822
2039 964 7821
2038 965 7820
2037 966 7819
2036 967 7818
2035 968 7817
2034 969 7816
2033 970 7815
2032 971 7814
2031 972 7813
2030 973 7812
2029 974 7811
2028 975 7810
2027 976 7809
2026 977 7808
2025 978 7807
2024 979 7806
2023 980 7805
2022 981 7804
2021 982 7803
2020 983 7802
2019 984 7801
2018 985 7800
2017 986 7799
2016 987 7798
2015 988 7797
2014 989 7796
2013 990 7795
2012 991 7794
2011 992 7793
2010 993 7792
2009 994 7791
2008 995 7790
2007 996 7789
2006 997 7788
2005 998 7787
2004 999 7786
2003 1000 7785
2002 1001 7784
2001 1002 7783
2000 1003 7782
1999 1004 7781
1998 1005 7780
1997 1006 7779
1996 1007 7778
1995 1008 7777
1994 1009 7776
1993 1010 7775
1992 1011 7774
1991 1012 7773
1990 1013 7772
1989 1014 7771
1988 1015 7770
1987 1016 7769
1986 1017 7768
1985 1018 7767
1984 1019 7766
1983 1020 7765
1982 1021 7764
1981 1022 7763
1980 1023 7762
1979 1024 7761
1978 1025 7760
1977 1026 7759
1976 1027 7758
1975 1028 7757
1974 1029 7756
1973 1030 7755
1972 1031 7754
1971 1032 7753
1970 1033 7752
1969 1034 7751
1968 1035 7750
1967 1036 7749
1966 1037 7748
1965 1038 7747
1964 1039 7746
1963 1040 7745
1962 1041 7744
1961 1042 7743
1960 1043 7742
1959 1044 7741
1958 1045 7740
1957 1046 7739
1956 1047 7738
1955 1048 7737
1954 1049 7736
1953 1050 7735
1952 1051 7734
1951 1052 7733
1950 1053 7732
1949 1054 7731
1948 1055 7730
1947 1056 7729
1946 1057 7728
1945 1058 7727
1944 1059 7726
1943 1060 7725
1942 1061 7724
1941 1062 7723
1940 1063 7722
1939 1064 7721
1938 1065 7720
1937 1066 7719
1936 1067 7718
1935 1068 7717
1934 1069 7716
1933 1070 7715
1932 1071 7714
1931 1072 7713
1930 1073 7712
1929 1074 7711
1928 1075 7710
1927 1076 7709
1926 1077 7708
1925 1078 7707
1924 1079 7706
1923 1080 7705
1922 1081 7704
1921 1082 7703
1920 1083 7702
1919 1084 7701
1918 1085 7700
1917 1086 7699
1916 1087 7698
1915 1088 7697
1914 1089 7696
1913 1090 7695
1912 1091 7694
1911 1092 7693
1910 1093 7692
1909 1094 7691
1908 1095 7690
1907 1096 7689
1906 1097 7688
1905 1098 7687
1904 1099 7686
1903 1100 7685
1902 1101 7684
1901 1102 7683
1900 1103 7682
1899 1104 7681
1898 1105 7680
1897 1106 7679
1896 1107 7678
1895 1108 7677
1894 1109 7676
1893 1110 7675
1892 1111 7674
1891 1112 7673
1890 1113 7672
1889 1114 7671
1888 1115 7670
1887 1116 7669
1886 1117 7668
1885 1118 7667
1884 1119 7666
1883 1120 7665
1882 1121 7664
1881 1122 7663
1880 1123 7662
1879 1124 7661
1878 1125 7660
1877 1126 7659
1876 1127 7658
1875 1128 7657
1874 1129 7656
1873 1130 7655
1872 1131 7654
1871 1132 7653
1870 1133 7652
1869 1134 7651
1868 1135 7650
1867 1136 7649
1866 1137 7648
1865 1138 7647
1864 1139 7646
1863 1140 7645
1862 1141 7644
1861 1142 7643
1860 1143 7642
1859 1144 7641
1858 1145 7640
1857 1146 7639
1856 1147 7638
1855 1148 7637
1854 1149 7636
1853 1150 7635
1852 1151 7634
1851 1152 7633
1850 1153 7632
1849 1154 7631
1848 1155 7630
1847 1156 7629
1846 1157 7628
1845 1158 7627
1844 1159 7626
1843 1160 7625
1842 1161 7624
1841 1162 7623
1840 1163 7622
1839 1164 7621
1838 1165 7620
1837 1166 7619
1836 1167 7618
1835 1168 7617
1834 1169 7616
1833 1170 7615
1832 1171 7614
1831 1172 7613
1830 1173 7612
1829 1174 7611
1828 1175 7610
1827 1176 7609
1826 1177 7608
1825 1178 7607
1824 1179 7606
1823 1180 7605
1822 1181 7604
1821 1182 7603
1820 1183 7602
1819 1184 7601
1818 1185 7600
1817 1186 7599
1816 1187 7598
1815 1188 7597
1814 1189 7596
1813 1190 7595
1812 1191 7594
1811 1192 7593
1810 1193 7592
1809 1194 7591
1808 1195 7590
1807 1196 7589
1806 1197 7588
1805 1198 7587
1804 1199 7586
1803 1200 7585
1802 1201 7584
1801 1202 7583
1800 1203 7582
1799 1204 7581
1798 1205 7580
1797 1206 7579
1796 1207 7578
1795 1208 7577
1794 1209 7576
1793 1210 7575
1792 1211 7574
1791 1212 7573
1790 1213 7572
1789 1214 7571
1788 1215 7570
1787 1216 7569
1786 1217 7568
1785 1218 7567
1784 1219 7566
1783 1220 7565
1782 1221 7564
1781 1222 7563
1780 1223 7562
1779 1224 7561
1778 1225 7560
1777 1226 7559
1776 1227 7558
1775 1228 7557
1774 1229 7556
1773 1230 7555
1772 1231 7554
1771 1232 7553
1770 1233 7552
1769 1234 7551
1768 1235 7550
1767 1236 7549
1766 1237 7548
1765 1238 7547
1764 1239 7546
1763 1240 7545
1762 1241 7544
1761 1242 7543
1760 1243 7542
1759 1244 7541
1758 1245 7540
1757 1246 7539
1756 1247 7538
1755 1248 7537
1754 1249 7536
1753 1250 7535
1752 1251 7534
1751 1252 7533
1750 1253 7532
1749 1254 7531
1748 1255 7530
1747 1256 7529
1746 1257 7528
1745 1258 7527
1744 1259 7526
1743 1260 7525
1742 1261 7524
1741 1262 7523
1740 1263 7522
1739 1264 7521
1738 1265 7520
1737 1266 7519
1736 1267 7518
1735 1268 7517
1734 1269 7516
1733 1270 7515
1732 1271 7514
1731 1272 7513
1730 1273 7512
1729 1274 7511
1728 1275 7510
1727 1276 7509
1726 1277 7508
1725 1278 7507
1724 1279 7506
1723 1280 7505
1722 1281 7504
1721 1282 7503
1720 1283 7502
1719 1284 7501
1718 1285 7500
1717 1286 7499
1716 1287 7498
1715 1288 7497
1714 1289 7496
1713 1290 7495
1712 1291 7494
1711 1292 7493
1710 1293 7492
1709 1294 7491
1708 1295 7490
1707 1296 7489
1706 1297 7488
1705 1298 7487
1704 1299 7486
1703 1300 7485
1702 1301 7484
1701 1302 7483
1700 1303 7482
1699 1304 7481
1698 1305 7480
1697 1306 7479
1696 1307 7478
1695 1308 7477
1694 1309 7476
1693 1310 7475
1692 1311 7474
1691 1312 7473
1690 1313 7472
1689 1314 7471
1688 1315 7470
1687 1316 7469
1686 1317 7468
1685 1318 7467
1684 1319 7466
1683 1320 7465
1682 1321 7464
1681 1322 7463
1680 1323 7462
1679 1324 7461
1678 1325 7460
1677 1326 7459
1676 1327 7458
1675 1328 7457
1674 1329 7456
1673 1330 7455
1672 1331 7454
1671 1332 7453
1670 1333 7452
1669 1334 7451
1668 1335 7450
1667 1336 7449
1666 1337 7448
1665 1338 7447
1664 1339 7446
1663 1340 7445
1662 1341 7444
1661 1342 7443
1660 1343 7442
1659 1344 7441
1658 1345 7440
1657 1346 7439
1656 1347 7438
1655 1348 7437
1654 1349 7436
1653 1350 7435
1652 1351 7434
1651 1352 7433
1650 1353 7432
1649 1354 7431
1648 1355 7430
1647 1356 7429
1646 1357 7428
1645 1358 7427
1644 1359 7426
1643 1360 7425
1642 1361 7424
1641 1362 7423
1640 1363 7422
1639 1364 7421
1638 1365 7420
1637 1366 7419
1636 1367 7418
1635 1368 7417
1634 1369 7416
1633 1370 7415
1632 1371 7414
1631 1372 7413
1630 1373 7412
1629 1374 7411
1628 1375 7410
1627 1376 7409
1626 1377 7408
1625 1378 7407
1624 1379 7406
1623 1380 7405
1622 1381 7404
1621 1382 7403
1620 1383 7402
1619 1384 7401
1618 1385 7400
1617 1386 7399
1616 1387 7398
1615 1388 7397
1614 1389 7396
1613 1390 7395
1612 1391 7394
1611 1392 7393
1610 1393 7392
1609 1394 7391
1608 1395 7390
1607 1396 7389
1606 1397 7388
1605 1398 7387
1604 1399 7386
1603 1400 7385
1602 1401 7384
1601 1402 7383
1600 1403 7382
1599 1404 7381
1598 1405 7380
1597 1406 7379
1596 1407 7378
1595 1408 7377
1594 1409 7376
1593 1410 7375
1592 1411 7374
1591 1412 7373
1590 1413 7372
1589 1414 7371
1588 1415 7370
1587 1416 7369
1586 1417 7368
1585 1418 7367
1584 1419 7366
1583 1420 7365
1582 1421 7364
1581 1422 7363
1580 1423 7362
1579 1424 7361
1578 1425 7360
1577 1426 7359
1576 1427 7358
1575 1428 7357
1574 1429 7356
1573 1430 7355
1572 1431 7354
1571 1432 7353
1570 1433 7352
1569 1434 7351
1568 1435 7350
1567 1436 7349
1566 1437 7348
1565 1438 7347
1564 1439 7346
1563 1440 7345
1562 1441 7344
1561 1442 7343
1560 1443 7342
1559 1444 7341
1558 1445 7340
1557 1446 7339
1556 1447 7338
1555 1448 7337
1554 1449 7336
1553 1450 7335
1552 1451 7334
1551 1452 7333
1550 1453 7332
1549 1454 7331
1548 1455 7330
1547 1456 7329
1546 1457 7328
1545 1458 7327
1544 1459 7326
1543 1460 7325
1542 1461 7324
1541 1462 7323
1540 1463 7322
1539 1464 7321
1538 1465 7320
1537 1466 7319
1536 1467 7318
1535 1468 7317
1534 1469 7316
1533 1470 7315
1532 1471 7314
1531 1472 7313
1530 1473 7312
1529 1474 7311
1528 1475 7310
1527 1476 7309
1526 1477 7308
1525 1478 7307
1524 1479 7306
1523 1480 7305
1522 1481 7304
1521 1482 7303
1520 1483 7302
1519 1484 7301
1518 1485 7300
1517 1486 7299
1516 1487 7298
1515 1488 7297
1514 1489 7296
1513 1490 7295
1512 1491 7294
1511 1492 7293
1510 1493 7292
1509 1494 7291
1508 1495 7290
1507 1496 7289
1506 1497 7288
1505 1498 7287
1504 1499 7286
1503 1500 7285
1502 1501 7284
1501 1502 7283
1500 1503 7282
1499 1504 7281
1498 1505 7280
1497 1506 7279
1496 1507 7278
1495 1508 7277
1494 1509 7276
1493 1510 7275
1492 1511 7274
1491 1512 7273
1490 1513 7272
1489 1514 7271
1488 1515 7270
1487 1516 7269
1486 1517 7268
1485 1518 7267
1484 1519 7266
1483 1520 7265
1482 1521 7264
1481 1522 7263
1480 1523 7262
1479 1524 7261
1478 1525 7260
1477 1526 7259
1476 1527 7258
1475 1528 7257
1474 1529 7256
1473 1530 7255
1472 1531 7254
1471 1532 7253
1470 1533 7252
1469 1534 7251
1468 1535 7250
1467 1536 7249
1466 1537 7248
1465 1538 7247
1464 1539 7246
1463 1540 7245
1462 1541 7244
1461 1542 7243
1460 1543 7242
1459 1544 7241
1458 1545 7240
1457 1546 7239
1456 1547 7238
1455 1548 7237
1454 1549 7236
1453 1550 7235
1452 1551 7234
1451 1552 7233
1450 1553 7232
1449 1554 7231
1448 1555 7230
1447 1556 7229
1446 1557 7228
1445 1558 7227
1444 1559 7226
1443 1560 7225
1442 1561 7224
1441 1562 7223
1440 1563 7222
1439 1564 7221
1438 1565 7220
1437 1566 7219
1436 1567 7218
1435 1568 7217
1434 1569 7216
1433 1570 7215
1432 1571 7214
1431 1572 7213
1430 1573 7212
1429 1574 7211
1428 1575 7210
1427 1576 7209
1426 1577 7208
1425 1578 7207
1424 1579 7206
1423 1580 7205
1422 1581 7204
1421 1582 7203
1420 1583 7202
1419 1584 7201
1418 1585 7200
1417 1586 7199
1416 1587 7198
1415 1588 7197
1414 1589 7196
1413 1590 7195
1412 1591 7194
1411 1592 7193
1410 1593 7192
1409 1594 7191
1408 1595 7190
1407 1596 7189
1406 1597 7188
1405 1598 7187
1404 1599 7186
1403 1600 7185
1402 1601 7184
1401 1602 7183
1400 1603 7182
1399 1604 7181
1398 1605 7180
1397 1606 7179
1396 1607 7178
1395 1608 7177
1394 1609 7176
1393 1610 7175
1392 1611 7174
1391 1612 7173
1390 1613 7172
1389 1614 7171
1388 1615 7170
1387 1616 7169
1386 1617 7168
1385 1618 7167
1384 1619 7166
1383 1620 7165
1382 1621 7164
1381 1622 7163
1380 1623 7162
1379 1624 7161
1378 1625 7160
1377 1626 7159
1376 1627 7158
1375 1628 7157
1374 1629 7156
1373 1630 7155
1372 1631 7154
1371 1632 7153
1370 1633 7152
1369 1634 7151
1368 1635 7150
1367 1636 7149
1366 1637 7148
1365 1638 7147
1364 1639 7146
1363 1640 7145
1362 1641 7144
1361 1642 7143
1360 1643 7142
1359 1644 7141
1358 1645 7140
1357 1646 7139
1356 1647 7138
1355 1648 7137
1354 1649 7136
1353 1650 7135
1352 1651 7134
1351 1652 7133
1350 1653 7132
1349 1654 7131
1348 1655 7130
1347 1656 7129
1346 1657 7128
1345 1658 7127
1344 1659 7126
1343 1660 7125
1342 1661 7124
1341 1662 7123
1340 1663 7122
1339 1664 7121
1338 1665 7120
1337 1666 7119
1336 1667 7118
1335 1668 7117
1334 1669 7116
1333 1670 7115
1332 1671 7114
1331 1672 7113
1330 1673 7112
1329 1674 7111
1328 1675 7110
1327 1676 7109
1326 1677 7108
1325 1678 7107
1324 1679 7106
1323 1680 7105
1322 1681 7104
1321 1682 7103
1320 1683 7102
1319 1684 7101
1318 1685 7100
1317 1686 7099
1316 1687 7098
1315 1688 7097
1314 1689 7096
1313 1690 7095
1312 1691 7094
1311 1692 7093
1310 1693 7092
1309 1694 7091
1308 1695 7090
1307 1696 7089
1306 1697 7088
1305 1698 7087
1304 1699 7086
1303 1700 7085
1302 1701 7084
1301 1702 7083
1300 1703 7082
1299 1704 7081
1298 1705 7080
1297 1706 7079
1296 1707 7078
1295 1708 7077
1294 1709 7076
1293 1710 7075
1292 1711 7074
1291 1712 7073
1290 1713 7072
1289 1714 7071
1288 1715 7070
1287 1716 7069
1286 1717 7068
1285 1718 7067
1284 1719 7066
1283 1720 7065
1282 1721 7064
1281 1722 7063
1280 1723 7062
1279 1724 7061
1278 1725 7060
1277 1726 7059
1276 1727 7058
1275 1728 7057
1274 1729 7056
1273 1730 7055
1272 1731 7054
1271 1732 7053
1270 1733 7052
1269 1734 7051
1268 1735 7050
1267 1736 7049
1266 1737 7048
1265 1738 7047
1264 1739 7046
1263 1740 7045
1262 1741 7044
1261 1742 7043
1260 1743 7042
1259 1744 7041
1258 1745 7040
1257 1746 7039
1256 1747 7038
1255 1748 7037
1254 1749 7036
1253 1750 7035
1252 1751 7034
1251 1752 7033
1250 1753 7032
1249 1754 7031
1248 1755 7030
1247 1756 7029
1246 1757 7028
1245 1758 7027
1244 1759 7026
1243 1760 7025
1242 1761 7024
1241 1762 7023
1240 1763 7022
1239 1764 7021
1238 1765 7020
1237 1766 7019
1236 1767 7018
1235 1768 7017
1234 1769 7016
1233 1770 7015
1232 1771 7014
1231 1772 7013
1230 1773 7012
1229 1774 7011
1228 1775 7010
1227 1776 7009
1226 1777 7008
1225 1778 7007
1224 1779 7006
1223 1780 7005
1222 1781 7004
1221 1782 7003
1220 1783 7002
1219 1784 7001
1218 1785 7000
1217 1786 6999
1216 1787 6998
1215 1788 6997
1214 1789 6996
1213 1790 6995
1212 1791 6994
1211 1792 6993
1210 1793 6992
1209 1794 6991
1208 1795 6990
1207 1796 6989
1206 1797 6988
1205 1798 6987
1204 1799 6986
1203 1800 6985
1202 1801 6984
1201 1802 6983
1200 1803 6982
1199 1804 6981
1198 1805 6980
1197 1806 6979
1196 1807 6978
1195 1808 6977
1194 1809 6976
1193 1810 6975
1192 1811 6974
1191 1812 6973
1190 1813 6972
1189 1814 6971
1188 1815 6970
1187 1816 6969
1186 1817 6968
1185 1818 6967
1184 1819 6966
1183 1820 6965
1182 1821 6964
1181 1822 6963
1180 1823 6962
1179 1824 6961
1178 1825 6960
1177 1826 6959
1176 1827 6958
1175 1828 6957
1174 1829 6956
1173 1830 6955
1172 1831 6954
1171 1832 6953
1170 1833 6952
1169 1834 6951
1168 1835 6950
1167 1836 6949
1166 1837 6948
1165 1838 6947
1164 1839 6946
1163 1840 6945
1162 1841 6944
1161 1842 6943
1160 1843 6942
1159 1844 6941
1158 1845 6940
1157 1846 6939
1156 1847 6938
1155 1848 6937
1154 1849 6936
1153 1850 6935
1152 1851 6934
1151 1852 6933
1150 1853 6932
1149 1854 6931
1148 1855 6930
1147 1856 6929
1146 1857 6928
1145 1858 6927
1144 1859 6926
1143 1860 6925
1142 1861 6924
1141 1862 6923
1140 1863 6922
1139 1864 6921
1138 1865 6920
1137 1866 6919
1136 1867 6918
1135 1868 6917
1134 1869 6916
1133 1870 6915
1132 1871 6914
1131 1872 6913
1130 1873 6912
1129 1874 6911
1128 1875 6910
1127 1876 6909
1126 1877 6908
1125 1878 6907
1124 1879 6906
1123 1880 6905
1122 1881 6904
1121 1882 6903
1120 1883 6902
1119 1884 6901
1118 1885 6900
1117 1886 6899
1116 1887 6898
1115 1888 6897
1114 1889 6896
1113 1890 6895
1112 1891 6894
1111 1892 6893
1110 1893 6892
1109 1894 6891
1108 1895 6890
1107 1896 6889
1106 1897 6888
1105 1898 6887
1104 1899 6886
1103 1900 6885
1102 1901 6884
1101 1902 6883
1100 1903 6882
1099 1904 6881
1098 1905 6880
1097 1906 6879
1096 1907 6878
1095 1908 6877
1094 1909 6876
1093 1910 6875
1092 1911 6874
1091 1912 6873
1090 1913 6872
1089 1914 6871
1088 1915 6870
1087 1916 6869
1086 1917 6868
1085 1918 6867
1084 1919 6866
1083 1920 6865
1082 1921 6864
1081 1922 6863
1080 1923 6862
1079 1924 6861
1078 1925 6860
1077 1926 6859
1076 1927 6858
1075 1928 6857
1074 1929 6856
1073 1930 6855
1072 1931 6854
1071 1932 6853
1070 1933 6852
1069 1934 6851
1068 1935 6850
1067 1936 6849
1066 1937 6848
1065 1938 6847
1064 1939 6846
1063 1940 6845
1062 1941 6844
1061 1942 6843
1060 1943 6842
1059 1944 6841
1058 1945 6840
1057 1946 6839
1056 1947 6838
1055 1948 6837
1054 1949 6836
1053 1950 6835
1052 1951 6834
1051 1952 6833
1050 1953 6832
1049 1954 6831
1048 1955 6830
1047 1956 6829
1046 1957 6828
1045 1958 6827
1044 1959 6826
1043 1960 6825
1042 1961 6824
1041 1962 6823
1040 1963 6822
1039 1964 6821
1038 1965 6820
1037 1966 6819
1036 1967 6818
1035 1968 6817
1034 1969 6816
1033 1970 6815
1032 1971 6814
1031 1972 6813
1030 1973 6812
1029 1974 6811
1028 1975 6810
1027 1976 6809
1026 1977 6808
1025 1978 6807
1024 1979 6806
1023 1980 6805
1022 1981 6804
1021 1982 6803
1020 1983 6802
1019 1984 6801
1018 1985 6800
1017 1986 6799
1016 1987 6798
1015 1988 6797
1014 1989 6796
1013 1990 6795
1012 1991 6794
1011 1992 6793
1010 1993 6792
1009 1994 6791
1008 1995 6790
1007 1996 6789
1006 1997 6788
1005 1998 6787
1004 1999 6786
1003 2000 6785
1002 2001 6784
1001 2002 6783
1000 2003 6782
999 2004 6781
998 2005 6780
997 2006 6779
996 2007 6778
995 2008 6777
994 2009 6776
993 2010 6775
992 2011 6774
991 2012 6773
990 2013 6772
989 2014 6771
988 2015 6770
987 2016 6769
986 2017 6768
985 2018 6767
984 2019 6766
983 2020 6765
982 2021 6764
981 2022 6763
980 2023 6762
979 2024 6761
978 2025 6760
977 2026 6759
976 2027 6758
975 2028 6757
974 2029 6756
973 2030 6755
972 2031 6754
971 2032 6753
970 2033 6752
969 2034 6751
968 2035 6750
967 2036 6749
966 2037 6748
965 2038 6747
964 2039 6746
963 2040 6745
962 2041 6744
961 2042 6743
960 2043 6742
959 2044 6741
958 2045 6740
957 2046 6739
956 2047 6738
955 2048 6737
954 2049 6736
953 2050 6735
952 2051 6734
951 2052 6733
950 2053 6732
949 2054 6731
948 2055 6730
947 2056 6729
946 2057 6728
945 2058 6727
944 2059 6726
943 2060 6725
942 2061 6724
941 2062 6723
940 2063 6722
939 2064 6721
938 2065 6720
937 2066 6719
936 2067 6718
935 2068 6717
934 2069 6716
933 2070 6715
932 2071 6714
931 2072 6713
930 2073 6712
929 2074 6711
928 2075 6710
927 2076 6709
926 2077 6708
925 2078 6707
924 2079 6706
923 2080 6705
922 2081 6704
921 2082 6703
920 2083 6702
919 2084 6701
918 2085 6700
917 2086 6699
916 2087 6698
915 2088 6697
914 2089 6696
913 2090 6695
912 2091 6694
911 2092 6693
910 2093 6692
909 2094 6691
908 2095 6690
907 2096 6689
906 2097 6688
905 2098 6687
904 2099 6686
903 2100 6685
902 2101 6684
901 2102 6683
900 2103 6682
899 2104 6681
898 2105 6680
897 2106 6679
896 2107 6678
895 2108 6677
894 2109 6676
893 2110 6675
892 2111 6674
891 2112 6673
890 2113 6672
889 2114 6671
888 2115 6670
887 2116 6669
886 2117 6668
885 2118 6667
884 2119 6666
883 2120 6665
882 2121 6664
881 2122 6663
880 2123 6662
879 2124 6661
878 2125 6660
877 2126 6659
876 2127 6658
875 2128 6657
874 2129 6656
873 2130 6655
872 2131 6654
871 2132 6653
870 2133 6652
869 2134 6651
868 2135 6650
867 2136 6649
866 2137 6648
865 2138 6647
864 2139 6646
863 2140 6645
862 2141 6644
861 2142 6643
860 2143 6642
859 2144 6641
858 2145 6640
857 2146 6639
856 2147 6638
855 2148 6637
854 2149 6636
853 2150 6635
852 2151 6634
851 2152 6633
850 2153 6632
849 2154 6631
848 2155 6630
847 2156 6629
846 2157 6628
845 2158 6627
844 2159 6626
843 2160 6625
842 2161 6624
841 2162 6623
840 2163 6622
839 2164 6621
838 2165 6620
837 2166 6619
836 2167 6618
835 2168 6617
834 2169 6616
833 2170 6615
832 2171 6614
831 2172 6613
830 2173 6612
829 2174 6611
828 2175 6610
827 2176 6609
826 2177 6608
825 2178 6607
824 2179 6606
823 2180 6605
822 2181 6604
821 2182 6603
820 2183 6602
819 2184 6601
818 2185 6600
817 2186 6599
816 2187 6598
815 2188 6597
814 2189 6596
813 2190 6595
812 2191 6594
811 2192 6593
810 2193 6592
809 2194 6591
808 2195 6590
807 2196 6589
806 2197 6588
805 2198 6587
804 2199 6586
803 2200 6585
802 2201 6584
801 2202 6583
800 2203 6582
799 2204 6581
798 2205 6580
797 2206 6579
796 2207 6578
795 2208 6577
794 2209 6576
793 2210 6575
792 2211 6574
791 2212 6573
790 2213 6572
789 2214 6571
788 2215 6570
787 2216 6569
786 2217 6568
785 2218 6567
784 2219 6566
783 2220 6565
782 2221 6564
781 2222 6563
780 2223 6562
779 2224 6561
778 2225 6560
777 2226 6559
776 2227 6558
775 2228 6557
774 2229 6556
773 2230 6555
772 2231 6554
771 2232 6553
770 2233 6552
769 2234 6551
768 2235 6550
767 2236 6549
766 2237 6548
765 2238 6547
764 2239 6546
763 2240 6545
762 2241 6544
761 2242 6543
760 2243 6542
759 2244 6541
758 2245 6540
757 2246 6539
756 2247 6538
755 2248 6537
754 2249 6536
753 2250 6535
752 2251 6534
751 2252 6533
750 2253 6532
749 2254 6531
748 2255 6530
747 2256 6529
746 2257 6528
745 2258 6527
744 2259 6526
743 2260 6525
742 2261 6524
741 2262 6523
740 2263 6522
739 2264 6521
738 2265 6520
737 2266 6519
736 2267 6518
735 2268 6517
734 2269 6516
733 2270 6515
732 2271 6514
731 2272 6513
730 2273 6512
729 2274 6511
728 2275 6510
727 2276 6509
726 2277 6508
725 2278 6507
724 2279 6506
723 2280 6505
722 2281 6504
721 2282 6503
720 2283 6502
719 2284 6501
718 2285 6500
717 2286 6499
716 2287 6498
715 2288 6497
714 2289 6496
713 2290 6495
712 2291 6494
711 2292 6493
710 2293 6492
709 2294 6491
708 2295 6490
707 2296 6489
706 2297 6488
705 2298 6487
704 2299 6486
703 2300 6485
702 2301 6484
701 2302 6483
700 2303 6482
699 2304 6481
698 2305 6480
697 2306 6479
696 2307 6478
695 2308 6477
694 2309 6476
693 2310 6475
692 2311 6474
691 2312 6473
690 2313 6472
689 2314 6471
688 2315 6470
687 2316 6469
686 2317 6468
685 2318 6467
684 2319 6466
683 2320 6465
682 2321 6464
681 2322 6463
680 2323 6462
679 2324 6461
678 2325 6460
677 2326 6459
676 2327 6458
675 2328 6457
674 2329 6456
673 2330 6455
672 2331 6454
671 2332 6453
670 2333 6452
669 2334 6451
668 2335 6450
667 2336 6449
666 2337 6448
665 2338 6447
664 2339 6446
663 2340 6445
662 2341 6444
661 2342 6443
660 2343 6442
659 2344 6441
658 2345 6440
657 2346 6439
656 2347 6438
655 2348 6437
654 2349 6436
653 2350 6435
652 2351 6434
651 2352 6433
650 2353 6432
649 2354 6431
648 2355 6430
647 2356 6429
646 2357 6428
645 2358 6427
644 2359 6426
643 2360 6425
642 2361 6424
641 2362 6423
640 2363 6422
639 2364 6421
638 2365 6420
637 2366 6419
636 2367 6418
635 2368 6417
634 2369 6416
633 2370 6415
632 2371 6414
631 2372 6413
630 2373 6412
629 2374 6411
628 2375 6410
627 2376 6409
626 2377 6408
625 2378 6407
624 2379 6406
623 2380 6405
622 2381 6404
621 2382 6403
620 2383 6402
619 2384 6401
618 2385 6400
617 2386 6399
616 2387 6398
615 2388 6397
614 2389 6396
613 2390 6395
612 2391 6394
611 2392 6393
610 2393 6392
609 2394 6391
608 2395 6390
607 2396 6389
606 2397 6388
605 2398 6387
604 2399 6386
603 2400 6385
602 2401 6384
601 2402 6383
600 2403 6382
599 2404 6381
598 2405 6380
597 2406 6379
596 2407 6378
595 2408 6377
594 2409 6376
593 2410 6375
592 2411 6374
591 2412 6373
590 2413 6372
589 2414 6371
588 2415 6370
587 2416 6369
586 2417 6368
585 2418 6367
584 2419 6366
583 2420 6365
582 2421 6364
581 2422 6363
580 2423 6362
579 2424 6361
578 2425 6360
577 2426 6359
576 2427 6358
575 2428 6357
574 2429 6356
573 2430 6355
572 2431 6354
571 2432 6353
570 2433 6352
569 2434 6351
568 2435 6350
567 2436 6349
566 2437 6348
565 2438 6347
564 2439 6346
563 2440 6345
562 2441 6344
561 2442 6343
560 2443 6342
559 2444 6341
558 2445 6340
557 2446 6339
556 2447 6338
555 2448 6337
554 2449 6336
553 2450 6335
552 2451 6334
551 2452 6333
550 2453 6332
549 2454 6331
548 2455 6330
547 2456 6329
546 2457 6328
545 2458 6327
544 2459 6326
543 2460 6325
542 2461 6324
541 2462 6323
540 2463 6322
539 2464 6321
538 2465 6320
537 2466 6319
536 2467 6318
535 2468 6317
534 2469 6316
533 2470 6315
532 2471 6314
531 2472 6313
530 2473 6312
529 2474 6311
528 2475 6310
527 2476 6309
526 2477 6308
525 2478 6307
524 2479 6306
523 2480 6305
522 2481 6304
521 2482 6303
520 2483 6302
519 2484 6301
518 2485 6300
517 2486 6299
516 2487 6298
515 2488 6297
514 2489 6296
513 2490 6295
512 2491 6294
511 2492 6293
510 2493 6292
509 2494 6291
508 2495 6290
507 2496 6289
506 2497 6288
505 2498 6287
504 2499 6286
503 2500 6285
502 2501 6284
501 2502 6283
500 2503 6282
499 2504 6281
498 2505 6280
497 2506 6279
496 2507 6278
495 2508 6277
494 2509 6276
493 2510 6275
492 2511 6274
491 2512 6273
490 2513 6272
489 2514 6271
488 2515 6270
487 2516 6269
486 2517 6268
485 2518 6267
484 2519 6266
483 2520 6265
482 2521 6264
481 2522 6263
480 2523 6262
479 2524 6261
478 2525 6260
477 2526 6259
476 2527 6258
475 2528 6257
474 2529 6256
473 2530 6255
472 2531 6254
471 2532 6253
470 2533 6252
469 2534 6251
468 2535 6250
467 2536 6249
466 2537 6248
465 2538 6247
464 2539 6246
463 2540 6245
462 2541 6244
461 2542 6243
460 2543 6242
459 2544 6241
458 2545 6240
457 2546 6239
456 2547 6238
455 2548 6237
454 2549 6236
453 2550 6235
452 2551 6234
451 2552 6233
450 2553 6232
449 2554 6231
448 2555 6230
447 2556 6229
446 2557 6228
445 2558 6227
444 2559 6226
443 2560 6225
442 2561 6224
441 2562 6223
440 2563 6222
439 2564 6221
438 2565 6220
437 2566 6219
436 2567 6218
435 2568 6217
434 2569 6216
433 2570 6215
432 2571 6214
431 2572 6213
430 2573 6212
429 2574 6211
428 2575 6210
427 2576 6209
426 2577 6208
425 2578 6207
424 2579 6206
423 2580 6205
422 2581 6204
421 2582 6203
420 2583 6202
419 2584 6201
418 2585 6200
417 2586 6199
416 2587 6198
415 2588 6197
414 2589 6196
413 2590 6195
412 2591 6194
411 2592 6193
410 2593 6192
409 2594 6191
408 2595 6190
407 2596 6189
406 2597 6188
405 2598 6187
404 2599 6186
403 2600 6185
402 2601 6184
401 2602 6183
400 2603 6182
399 2604 6181
398 2605 6180
397 2606 6179
396 2607 6178
395 2608 6177
394 2609 6176
393 2610 6175
392 2611 6174
391 2612 6173
390 2613 6172
389 2614 6171
388 2615 6170
387 2616 6169
386 2617 6168
385 2618 6167
384 2619 6166
383 2620 6165
382 2621 6164
381 2622 6163
380 2623 6162
379 2624 6161
378 2625 6160
377 2626 6159
376 2627 6158
375 2628 6157
374 2629 6156
373 2630 6155
372 2631 6154
371 2632 6153
370 2633 6152
369 2634 6151
368 2635 6150
367 2636 6149
366 2637 6148
365 2638 6147
364 2639 6146
363 2640 6145
362 2641 6144
361 2642 6143
360 2643 6142
359 2644 6141
358 2645 6140
357 2646 6139
356 2647 6138
355 2648 6137
354 2649 6136
353 2650 6135
352 2651 6134
351 2652 6133
350 2653 6132
349 2654 6131
348 2655 6130
347 2656 6129
346 2657 6128
345 2658 6127
344 2659 6126
343 2660 6125
342 2661 6124
341 2662 6123
340 2663 6122
339 2664 6121
338 2665 6120
337 2666 6119
336 2667 6118
335 2668 6117
334 2669 6116
333 2670 6115
332 2671 6114
331 2672 6113
330 2673 6112
329 2674 6111
328 2675 6110
327 2676 6109
326 2677 6108
325 2678 6107
324 2679 6106
323 2680 6105
322 2681 6104
321 2682 6103
320 2683 6102
319 2684 6101
318 2685 6100
317 2686 6099
316 2687 6098
315 2688 6097
314 2689 6096
313 2690 6095
312 2691 6094
311 2692 6093
310 2693 6092
309 2694 6091
308 2695 6090
307 2696 6089
306 2697 6088
305 2698 6087
304 2699 6086
303 2700 6085
302 2701 6084
301 2702 6083
300 2703 6082
299 2704 6081
298 2705 6080
297 2706 6079
296 2707 6078
295 2708 6077
294 2709 6076
293 2710 6075
292 2711 6074
291 2712 6073
290 2713 6072
289 2714 6071
288 2715 6070
287 2716 6069
286 2717 6068
285 2718 6067
284 2719 6066
283 2720 6065
282 2721 6064
281 2722 6063
280 2723 6062
279 2724 6061
278 2725 6060
277 2726 6059
276 2727 6058
275 2728 6057
274 2729 6056
273 2730 6055
272 2731 6054
271 2732 6053
270 2733 6052
269 2734 6051
268 2735 6050
267 2736 6049
266 2737 6048
265 2738 6047
264 2739 6046
263 2740 6045
262 2741 6044
261 2742 6043
260 2743 6042
259 2744 6041
258 2745 6040
257 2746 6039
256 2747 6038
255 2748 6037
254 2749 6036
253 2750 6035
252 2751 6034
251 2752 6033
250 2753 6032
249 2754 6031
248 2755 6030
247 2756 6029
246 2757 6028
245 2758 6027
244 2759 6026
243 2760 6025
242 2761 6024
241 2762 6023
240 2763 6022
239 2764 6021
238 2765 6020
237 2766 6019
236 2767 6018
235 2768 6017
234 2769 6016
233 2770 6015
232 2771 6014
231 2772 6013
230 2773 6012
229 2774 6011
228 2775 6010
227 2776 6009
226 2777 6008
225 2778 6007
224 2779 6006
223 2780 6005
222 2781 6004
221 2782 6003
220 2783 6002
219 2784 6001
