2921
3000 3 8921
2999 4 8920
2998 5 8919
2997 6 8918
2996 7 8917
2995 8 8916
2994 9 8915
2993 10 8914
2992 11 8913
2991 12 8912
2990 13 8911
2989 14 8910
2988 15 8909
2987 16 8908
2986 17 8907
2985 18 8906
2984 19 8905
2983 20 8904
2982 21 8903
2981 22 8902
2980 23 8901
2979 24 8900
2978 25 8899
2977 26 8898
2976 27 8897
2975 28 8896
2974 29 8895
2973 30 8894
2972 31 8893
2971 32 8892
2970 33 8891
2969 34 8890
2968 35 8889
2967 36 8888
2966 37 8887
2965 38 8886
2964 39 8885
2963 40 8884
2962 41 8883
2961 42 8882
2960 43 8881
2959 44 8880
2958 45 8879
2957 46 8878
2956 47 8877
2955 48 8876
2954 49 8875
2953 50 8874
2952 51 8873
2951 52 8872
2950 53 8871
2949 54 8870
2948 55 8869
2947 56 8868
2946 57 8867
2945 58 8866
2944 59 8865
2943 60 8864
2942 61 8863
2941 62 8862
2940 63 8861
2939 64 8860
2938 65 8859
2937 66 8858
2936 67 8857
2935 68 8856
2934 69 8855
2933 70 8854
2932 71 8853
2931 72 8852
2930 73 8851
2929 74 8850
2928 75 8849
2927 76 8848
2926 77 8847
2925 78 8846
2924 79 8845
2923 80 8844
2922 81 8843
2921 82 8842
2920 83 8841
2919 84 8840
2918 85 8839
2917 86 8838
2916 87 8837
2915 88 8836
2914 89 8835
2913 90 8834
2912 91 8833
2911 92 8832
2910 93 8831
2909 94 8830
2908 95 8829
2907 96 8828
2906 97 8827
2905 98 8826
2904 99 8825
2903 100 8824
2902 101 8823
2901 102 8822
2900 103 8821
2899 104 8820
2898 105 8819
2897 106 8818
2896 107 8817
2895 108 8816
2894 109 8815
2893 110 8814
2892 111 8813
2891 112 8812
2890 113 8811
2889 114 8810
2888 115 8809
2887 116 8808
2886 117 8807
2885 118 8806
2884 119 8805
2883 120 8804
2882 121 8803
2881 122 8802
2880 123 8801
2879 124 8800
2878 125 8799
2877 126 8798
2876 127 8797
2875 128 8796
2874 129 8795
2873 130 8794
2872 131 8793
2871 132 8792
2870 133 8791
2869 134 8790
2868 135 8789
2867 136 8788
2866 137 8787
2865 138 8786
2864 139 8785
2863 140 8784
2862 141 8783
2861 142 8782
2860 143 8781
2859 144 8780
2858 145 8779
2857 146 8778
2856 147 8777
2855 148 8776
2854 149 8775
2853 150 8774
2852 151 8773
2851 152 8772
2850 153 8771
2849 154 8770
2848 155 8769
2847 156 8768
2846 157 8767
2845 158 8766
2844 159 8765
2843 160 8764
2842 161 8763
2841 162 8762
2840 163 8761
2839 164 8760
2838 165 8759
2837 166 8758
2836 167 8757
2835 168 8756
2834 169 8755
2833 170 8754
2832 171 8753
2831 172 8752
2830 173 8751
2829 174 8750
2828 175 8749
2827 176 8748
2826 177 8747
2825 178 8746
2824 179 8745
2823 180 8744
2822 181 8743
2821 182 8742
2820 183 8741
2819 184 8740
2818 185 8739
2817 186 8738
2816 187 8737
2815 188 8736
2814 189 8735
2813 190 8734
2812 191 8733
2811 192 8732
2810 193 8731
2809 194 8730
2808 195 8729
2807 196 8728
2806 197 8727
2805 198 8726
2804 199 8725
2803 200 8724
2802 201 8723
2801 202 8722
2800 203 8721
2799 204 8720
2798 205 8719
2797 206 8718
2796 207 8717
2795 208 8716
2794 209 8715
2793 210 8714
2792 211 8713
2791 212 8712
2790 213 8711
2789 214 8710
2788 215 8709
2787 216 8708
2786 217 8707
2785 218 8706
2784 219 8705
2783 220 8704
2782 221 8703
2781 222 8702
2780 223 8701
2779 224 8700
2778 225 8699
2777 226 8698
2776 227 8697
2775 228 8696
2774 229 8695
2773 230 8694
2772 231 8693
2771 232 8692
2770 233 8691
2769 234 8690
2768 235 8689
2767 236 8688
2766 237 8687
2765 238 8686
2764 239 8685
2763 240 8684
2762 241 8683
2761 242 8682
2760 243 8681
2759 244 8680
2758 245 8679
2757 246 8678
2756 247 8677
2755 248 8676
2754 249 8675
2753 250 8674
2752 251 8673
2751 252 8672
2750 253 8671
2749 254 8670
2748 255 8669
2747 256 8668
2746 257 8667
2745 258 8666
2744 259 8665
2743 260 8664
2742 261 8663
2741 262 8662
2740 263 8661
2739 264 8660
2738 265 8659
2737 266 8658
2736 267 8657
2735 268 8656
2734 269 8655
2733 270 8654
2732 271 8653
2731 272 8652
2730 273 8651
2729 274 8650
2728 275 8649
2727 276 8648
2726 277 8647
2725 278 8646
2724 279 8645
2723 280 8644
2722 281 8643
2721 282 8642
2720 283 8641
2719 284 8640
2718 285 8639
2717 286 8638
2716 287 8637
2715 288 8636
2714 289 8635
2713 290 8634
2712 291 8633
2711 292 8632
2710 293 8631
2709 294 8630
2708 295 8629
2707 296 8628
2706 297 8627
2705 298 8626
2704 299 8625
2703 300 8624
2702 301 8623
2701 302 8622
2700 303 8621
2699 304 8620
2698 305 8619
2697 306 8618
2696 307 8617
2695 308 8616
2694 309 8615
2693 310 8614
2692 311 8613
2691 312 8612
2690 313 8611
2689 314 8610
2688 315 8609
2687 316 8608
2686 317 8607
2685 318 8606
2684 319 8605
2683 320 8604
2682 321 8603
2681 322 8602
2680 323 8601
2679 324 8600
2678 325 8599
2677 326 8598
2676 327 8597
2675 328 8596
2674 329 8595
2673 330 8594
2672 331 8593
2671 332 8592
2670 333 8591
2669 334 8590
2668 335 8589
2667 336 8588
2666 337 8587
2665 338 8586
2664 339 8585
2663 340 8584
2662 341 8583
2661 342 8582
2660 343 8581
2659 344 8580
2658 345 8579
2657 346 8578
2656 347 8577
2655 348 8576
2654 349 8575
2653 350 8574
2652 351 8573
2651 352 8572
2650 353 8571
2649 354 8570
2648 355 8569
2647 356 8568
2646 357 8567
2645 358 8566
2644 359 8565
2643 360 8564
2642 361 8563
2641 362 8562
2640 363 8561
2639 364 8560
2638 365 8559
2637 366 8558
2636 367 8557
2635 368 8556
2634 369 8555
2633 370 8554
2632 371 8553
2631 372 8552
2630 373 8551
2629 374 8550
2628 375 8549
2627 376 8548
2626 377 8547
2625 378 8546
2624 379 8545
2623 380 8544
2622 381 8543
2621 382 8542
2620 383 8541
2619 384 8540
2618 385 8539
2617 386 8538
2616 387 8537
2615 388 8536
2614 389 8535
2613 390 8534
2612 391 8533
2611 392 8532
2610 393 8531
2609 394 8530
2608 395 8529
2607 396 8528
2606 397 8527
2605 398 8526
2604 399 8525
2603 400 8524
2602 401 8523
2601 402 8522
2600 403 8521
2599 404 8520
2598 405 8519
2597 406 8518
2596 407 8517
2595 408 8516
2594 409 8515
2593 410 8514
2592 411 8513
2591 412 8512
2590 413 8511
2589 414 8510
2588 415 8509
2587 416 8508
2586 417 8507
2585 418 8506
2584 419 8505
2583 420 8504
2582 421 8503
2581 422 8502
2580 423 8501
2579 424 8500
2578 425 8499
2577 426 8498
2576 427 8497
2575 428 8496
2574 429 8495
2573 430 8494
2572 431 8493
2571 432 8492
2570 433 8491
2569 434 8490
2568 435 8489
2567 436 8488
2566 437 8487
2565 438 8486
2564 439 8485
2563 440 8484
2562 441 8483
2561 442 8482
2560 443 8481
2559 444 8480
2558 445 8479
2557 446 8478
2556 447 8477
2555 448 8476
2554 449 8475
2553 450 8474
2552 451 8473
2551 452 8472
2550 453 8471
2549 454 8470
2548 455 8469
2547 456 8468
2546 457 8467
2545 458 8466
2544 459 8465
2543 460 8464
2542 461 8463
2541 462 8462
2540 463 8461
2539 464 8460
2538 465 8459
2537 466 8458
2536 467 8457
2535 468 8456
2534 469 8455
2533 470 8454
2532 471 8453
2531 472 8452
2530 473 8451
2529 474 8450
2528 475 8449
2527 476 8448
2526 477 8447
2525 478 8446
2524 479 8445
2523 480 8444
2522 481 8443
2521 482 8442
2520 483 8441
2519 484 8440
2518 485 8439
2517 486 8438
2516 487 8437
2515 488 8436
2514 489 8435
2513 490 8434
2512 491 8433
2511 492 8432
2510 493 8431
2509 494 8430
2508 495 8429
2507 496 8428
2506 497 8427
2505 498 8426
2504 499 8425
2503 500 8424
2502 501 8423
2501 502 8422
2500 503 8421
2499 504 8420
2498 505 8419
2497 506 8418
2496 507 8417
2495 508 8416
2494 509 8415
2493 510 8414
2492 511 8413
2491 512 8412
2490 513 8411
2489 514 8410
2488 515 8409
2487 516 8408
2486 517 8407
2485 518 8406
2484 519 8405
2483 520 8404
2482 521 8403
2481 522 8402
2480 523 8401
2479 524 8400
2478 525 8399
2477 526 8398
2476 527 8397
2475 528 8396
2474 529 8395
2473 530 8394
2472 531 8393
2471 532 8392
2470 533 8391
2469 534 8390
2468 535 8389
2467 536 8388
2466 537 8387
2465 538 8386
2464 539 8385
2463 540 8384
2462 541 8383
2461 542 8382
2460 543 8381
2459 544 8380
2458 545 8379
2457 546 8378
2456 547 8377
2455 548 8376
2454 549 8375
2453 550 8374
2452 551 8373
2451 552 8372
2450 553 8371
2449 554 8370
2448 555 8369
2447 556 8368
2446 557 8367
2445 558 8366
2444 559 8365
2443 560 8364
2442 561 8363
2441 562 8362
2440 563 8361
2439 564 8360
2438 565 8359
2437 566 8358
2436 567 8357
2435 568 8356
2434 569 8355
2433 570 8354
2432 571 8353
2431 572 8352
2430 573 8351
2429 574 8350
2428 575 8349
2427 576 8348
2426 577 8347
2425 578 8346
2424 579 8345
2423 580 8344
2422 581 8343
2421 582 8342
2420 583 8341
2419 584 8340
2418 585 8339
2417 586 8338
2416 587 8337
2415 588 8336
2414 589 8335
2413 590 8334
2412 591 8333
2411 592 8332
2410 593 8331
2409 594 8330
2408 595 8329
2407 596 8328
2406 597 8327
2405 598 8326
2404 599 8325
2403 600 8324
2402 601 8323
2401 602 8322
2400 603 8321
2399 604 8320
2398 605 8319
2397 606 8318
2396 607 8317
2395 608 8316
2394 609 8315
2393 610 8314
2392 611 8313
2391 612 8312
2390 613 8311
2389 614 8310
2388 615 8309
2387 616 8308
2386 617 8307
2385 618 8306
2384 619 8305
2383 620 8304
2382 621 8303
2381 622 8302
2380 623 8301
2379 624 8300
2378 625 8299
2377 626 8298
2376 627 8297
2375 628 8296
2374 629 8295
2373 630 8294
2372 631 8293
2371 632 8292
2370 633 8291
2369 634 8290
2368 635 8289
2367 636 8288
2366 637 8287
2365 638 8286
2364 639 8285
2363 640 8284
2362 641 8283
2361 642 8282
2360 643 8281
2359 644 8280
2358 645 8279
2357 646 8278
2356 647 8277
2355 648 8276
2354 649 8275
2353 650 8274
2352 651 8273
2351 652 8272
2350 653 8271
2349 654 8270
2348 655 8269
2347 656 8268
2346 657 8267
2345 658 8266
2344 659 8265
2343 660 8264
2342 661 8263
2341 662 8262
2340 663 8261
2339 664 8260
2338 665 8259
2337 666 8258
2336 667 8257
2335 668 8256
2334 669 8255
2333 670 8254
2332 671 8253
2331 672 8252
2330 673 8251
2329 674 8250
2328 675 8249
2327 676 8248
2326 677 8247
2325 678 8246
2324 679 8245
2323 680 8244
2322 681 8243
2321 682 8242
2320 683 8241
2319 684 8240
2318 685 8239
2317 686 8238
2316 687 8237
2315 688 8236
2314 689 8235
2313 690 8234
2312 691 8233
2311 692 8232
2310 693 8231
2309 694 8230
2308 695 8229
2307 696 8228
2306 697 8227
2305 698 8226
2304 699 8225
2303 700 8224
2302 701 8223
2301 702 8222
2300 703 8221
2299 704 8220
2298 705 8219
2297 706 8218
2296 707 8217
2295 708 8216
2294 709 8215
2293 710 8214
2292 711 8213
2291 712 8212
2290 713 8211
2289 714 8210
2288 715 8209
2287 716 8208
2286 717 8207
2285 718 8206
2284 719 8205
2283 720 8204
2282 721 8203
2281 722 8202
2280 723 8201
2279 724 8200
2278 725 8199
2277 726 8198
2276 727 8197
2275 728 8196
2274 729 8195
2273 730 8194
2272 731 8193
2271 732 8192
2270 733 8191
2269 734 8190
2268 735 8189
2267 736 8188
2266 737 8187
2265 738 8186
2264 739 8185
2263 740 8184
2262 741 8183
2261 742 8182
2260 743 8181
2259 744 8180
2258 745 8179
2257 746 8178
2256 747 8177
2255 748 8176
2254 749 8175
2253 750 8174
2252 751 8173
2251 752 8172
2250 753 8171
2249 754 8170
2248 755 8169
2247 756 8168
2246 757 8167
2245 758 8166
2244 759 8165
2243 760 8164
2242 761 8163
2241 762 8162
2240 763 8161
2239 764 8160
2238 765 8159
2237 766 8158
2236 767 8157
2235 768 8156
2234 769 8155
2233 770 8154
2232 771 8153
2231 772 8152
2230 773 8151
2229 774 8150
2228 775 8149
2227 776 8148
2226 777 8147
2225 778 8146
2224 779 8145
2223 780 8144
2222 781 8143
2221 782 8142
2220 783 8141
2219 784 8140
2218 785 8139
2217 786 8138
2216 787 8137
2215 788 8136
2214 789 8135
2213 790 8134
2212 791 8133
2211 792 8132
2210 793 8131
2209 794 8130
2208 795 8129
2207 796 8128
2206 797 8127
2205 798 8126
2204 799 8125
2203 800 8124
2202 801 8123
2201 802 8122
2200 803 8121
2199 804 8120
2198 805 8119
2197 806 8118
2196 807 8117
2195 808 8116
2194 809 8115
2193 810 8114
2192 811 8113
2191 812 8112
2190 813 8111
2189 814 8110
2188 815 8109
2187 816 8108
2186 817 8107
2185 818 8106
2184 819 8105
2183 820 8104
2182 821 8103
2181 822 8102
2180 823 8101
2179 824 8100
2178 825 8099
2177 826 8098
2176 827 8097
2175 828 8096
2174 829 8095
2173 830 8094
2172 831 8093
2171 832 8092
2170 833 8091
2169 834 8090
2168 835 8089
2167 836 8088
2166 837 8087
2165 838 8086
2164 839 8085
2163 840 8084
2162 841 8083
2161 842 8082
2160 843 8081
2159 844 8080
2158 845 8079
2157 846 8078
2156 847 8077
2155 848 8076
2154 849 8075
2153 850 8074
2152 851 8073
2151 852 8072
2150 853 8071
2149 854 8070
2148 855 8069
2147 856 8068
2146 857 8067
2145 858 8066
2144 859 8065
2143 860 8064
2142 861 8063
2141 862 8062
2140 863 8061
2139 864 8060
2138 865 8059
2137 866 8058
2136 867 8057
2135 868 8056
2134 869 8055
2133 870 8054
2132 871 8053
2131 872 8052
2130 873 8051
2129 874 8050
2128 875 8049
2127 876 8048
2126 877 8047
2125 878 8046
2124 879 8045
2123 880 8044
2122 881 8043
2121 882 8042
2120 883 8041
2119 884 8040
2118 885 8039
2117 886 8038
2116 887 8037
2115 888 8036
2114 889 8035
2113 890 8034
2112 891 8033
2111 892 8032
2110 893 8031
2109 894 8030
2108 895 8029
2107 896 8028
2106 897 8027
2105 898 8026
2104 899 8025
2103 900 8024
2102 901 8023
2101 902 8022
2100 903 8021
2099 904 8020
2098 905 8019
2097 906 8018
2096 907 8017
2095 908 8016
2094 909 8015
2093 910 8014
2092 911 8013
2091 912 8012
2090 913 8011
2089 914 8010
2088 915 8009
2087 916 8008
2086 917 8007
2085 918 8006
2084 919 8005
2083 920 8004
2082 921 8003
2081 922 8002
2080 923 8001
2079 924 8000
2078 925 7999
2077 926 7998
2076 927 7997
2075 928 7996
2074 929 7995
2073 930 7994
2072 931 7993
2071 932 7992
2070 933 7991
2069 934 7990
2068 935 7989
2067 936 7988
2066 937 7987
2065 938 7986
2064 939 7985
2063 940 7984
2062 941 7983
2061 942 7982
2060 943 7981
2059 944 7980
2058 945 7979
2057 946 7978
2056 947 7977
2055 948 7976
2054 949 7975
2053 950 7974
2052 951 7973
2051 952 7972
2050 953 7971
2049 954 7970
2048 955 7969
2047 956 7968
2046 957 7967
2045 958 7966
2044 959 7965
2043 960 7964
2042 961 7963
2041 962 7962
2040 963 7961
2039 964 7960
2038 965 7959
2037 966 7958
2036 967 7957
2035 968 7956
2034 969 7955
2033 970 7954
2032 971 7953
2031 972 7952
2030 973 7951
2029 974 7950
2028 975 7949
2027 976 7948
2026 977 7947
2025 978 7946
2024 979 7945
2023 980 7944
2022 981 7943
2021 982 7942
2020 983 7941
2019 984 7940
2018 985 7939
2017 986 7938
2016 987 7937
2015 988 7936
2014 989 7935
2013 990 7934
2012 991 7933
2011 992 7932
2010 993 7931
2009 994 7930
2008 995 7929
2007 996 7928
2006 997 7927
2005 998 7926
2004 999 7925
2003 1000 7924
2002 1001 7923
2001 1002 7922
2000 1003 7921
1999 1004 7920
1998 1005 7919
1997 1006 7918
1996 1007 7917
1995 1008 7916
1994 1009 7915
1993 1010 7914
1992 1011 7913
1991 1012 7912
1990 1013 7911
1989 1014 7910
1988 1015 7909
1987 1016 7908
1986 1017 7907
1985 1018 7906
1984 1019 7905
1983 1020 7904
1982 1021 7903
1981 1022 7902
1980 1023 7901
1979 1024 7900
1978 1025 7899
1977 1026 7898
1976 1027 7897
1975 1028 7896
1974 1029 7895
1973 1030 7894
1972 1031 7893
1971 1032 7892
1970 1033 7891
1969 1034 7890
1968 1035 7889
1967 1036 7888
1966 1037 7887
1965 1038 7886
1964 1039 7885
1963 1040 7884
1962 1041 7883
1961 1042 7882
1960 1043 7881
1959 1044 7880
1958 1045 7879
1957 1046 7878
1956 1047 7877
1955 1048 7876
1954 1049 7875
1953 1050 7874
1952 1051 7873
1951 1052 7872
1950 1053 7871
1949 1054 7870
1948 1055 7869
1947 1056 7868
1946 1057 7867
1945 1058 7866
1944 1059 7865
1943 1060 7864
1942 1061 7863
1941 1062 7862
1940 1063 7861
1939 1064 7860
1938 1065 7859
1937 1066 7858
1936 1067 7857
1935 1068 7856
1934 1069 7855
1933 1070 7854
1932 1071 7853
1931 1072 7852
1930 1073 7851
1929 1074 7850
1928 1075 7849
1927 1076 7848
1926 1077 7847
1925 1078 7846
1924 1079 7845
1923 1080 7844
1922 1081 7843
1921 1082 7842
1920 1083 7841
1919 1084 7840
1918 1085 7839
1917 1086 7838
1916 1087 7837
1915 1088 7836
1914 1089 7835
1913 1090 7834
1912 1091 7833
1911 1092 7832
1910 1093 7831
1909 1094 7830
1908 1095 7829
1907 1096 7828
1906 1097 7827
1905 1098 7826
1904 1099 7825
1903 1100 7824
1902 1101 7823
1901 1102 7822
1900 1103 7821
1899 1104 7820
1898 1105 7819
1897 1106 7818
1896 1107 7817
1895 1108 7816
1894 1109 7815
1893 1110 7814
1892 1111 7813
1891 1112 7812
1890 1113 7811
1889 1114 7810
1888 1115 7809
1887 1116 7808
1886 1117 7807
1885 1118 7806
1884 1119 7805
1883 1120 7804
1882 1121 7803
1881 1122 7802
1880 1123 7801
1879 1124 7800
1878 1125 7799
1877 1126 7798
1876 1127 7797
1875 1128 7796
1874 1129 7795
1873 1130 7794
1872 1131 7793
1871 1132 7792
1870 1133 7791
1869 1134 7790
1868 1135 7789
1867 1136 7788
1866 1137 7787
1865 1138 7786
1864 1139 7785
1863 1140 7784
1862 1141 7783
1861 1142 7782
1860 1143 7781
1859 1144 7780
1858 1145 7779
1857 1146 7778
1856 1147 7777
1855 1148 7776
1854 1149 7775
1853 1150 7774
1852 1151 7773
1851 1152 7772
1850 1153 7771
1849 1154 7770
1848 1155 7769
1847 1156 7768
1846 1157 7767
1845 1158 7766
1844 1159 7765
1843 1160 7764
1842 1161 7763
1841 1162 7762
1840 1163 7761
1839 1164 7760
1838 1165 7759
1837 1166 7758
1836 1167 7757
1835 1168 7756
1834 1169 7755
1833 1170 7754
1832 1171 7753
1831 1172 7752
1830 1173 7751
1829 1174 7750
1828 1175 7749
1827 1176 7748
1826 1177 7747
1825 1178 7746
1824 1179 7745
1823 1180 7744
1822 1181 7743
1821 1182 7742
1820 1183 7741
1819 1184 7740
1818 1185 7739
1817 1186 7738
1816 1187 7737
1815 1188 7736
1814 1189 7735
1813 1190 7734
1812 1191 7733
1811 1192 7732
1810 1193 7731
1809 1194 7730
1808 1195 7729
1807 1196 7728
1806 1197 7727
1805 1198 7726
1804 1199 7725
1803 1200 7724
1802 1201 7723
1801 1202 7722
1800 1203 7721
1799 1204 7720
1798 1205 7719
1797 1206 7718
1796 1207 7717
1795 1208 7716
1794 1209 7715
1793 1210 7714
1792 1211 7713
1791 1212 7712
1790 1213 7711
1789 1214 7710
1788 1215 7709
1787 1216 7708
1786 1217 7707
1785 1218 7706
1784 1219 7705
1783 1220 7704
1782 1221 7703
1781 1222 7702
1780 1223 7701
1779 1224 7700
1778 1225 7699
1777 1226 7698
1776 1227 7697
1775 1228 7696
1774 1229 7695
1773 1230 7694
1772 1231 7693
1771 1232 7692
1770 1233 7691
1769 1234 7690
1768 1235 7689
1767 1236 7688
1766 1237 7687
1765 1238 7686
1764 1239 7685
1763 1240 7684
1762 1241 7683
1761 1242 7682
1760 1243 7681
1759 1244 7680
1758 1245 7679
1757 1246 7678
1756 1247 7677
1755 1248 7676
1754 1249 7675
1753 1250 7674
1752 1251 7673
1751 1252 7672
1750 1253 7671
1749 1254 7670
1748 1255 7669
1747 1256 7668
1746 1257 7667
1745 1258 7666
1744 1259 7665
1743 1260 7664
1742 1261 7663
1741 1262 7662
1740 1263 7661
1739 1264 7660
1738 1265 7659
1737 1266 7658
1736 1267 7657
1735 1268 7656
1734 1269 7655
1733 1270 7654
1732 1271 7653
1731 1272 7652
1730 1273 7651
1729 1274 7650
1728 1275 7649
1727 1276 7648
1726 1277 7647
1725 1278 7646
1724 1279 7645
1723 1280 7644
1722 1281 7643
1721 1282 7642
1720 1283 7641
1719 1284 7640
1718 1285 7639
1717 1286 7638
1716 1287 7637
1715 1288 7636
1714 1289 7635
1713 1290 7634
1712 1291 7633
1711 1292 7632
1710 1293 7631
1709 1294 7630
1708 1295 7629
1707 1296 7628
1706 1297 7627
1705 1298 7626
1704 1299 7625
1703 1300 7624
1702 1301 7623
1701 1302 7622
1700 1303 7621
1699 1304 7620
1698 1305 7619
1697 1306 7618
1696 1307 7617
1695 1308 7616
1694 1309 7615
1693 1310 7614
1692 1311 7613
1691 1312 7612
1690 1313 7611
1689 1314 7610
1688 1315 7609
1687 1316 7608
1686 1317 7607
1685 1318 7606
1684 1319 7605
1683 1320 7604
1682 1321 7603
1681 1322 7602
1680 1323 7601
1679 1324 7600
1678 1325 7599
1677 1326 7598
1676 1327 7597
1675 1328 7596
1674 1329 7595
1673 1330 7594
1672 1331 7593
1671 1332 7592
1670 1333 7591
1669 1334 7590
1668 1335 7589
1667 1336 7588
1666 1337 7587
1665 1338 7586
1664 1339 7585
1663 1340 7584
1662 1341 7583
1661 1342 7582
1660 1343 7581
1659 1344 7580
1658 1345 7579
1657 1346 7578
1656 1347 7577
1655 1348 7576
1654 1349 7575
1653 1350 7574
1652 1351 7573
1651 1352 7572
1650 1353 7571
1649 1354 7570
1648 1355 7569
1647 1356 7568
1646 1357 7567
1645 1358 7566
1644 1359 7565
1643 1360 7564
1642 1361 7563
1641 1362 7562
1640 1363 7561
1639 1364 7560
1638 1365 7559
1637 1366 7558
1636 1367 7557
1635 1368 7556
1634 1369 7555
1633 1370 7554
1632 1371 7553
1631 1372 7552
1630 1373 7551
1629 1374 7550
1628 1375 7549
1627 1376 7548
1626 1377 7547
1625 1378 7546
1624 1379 7545
1623 1380 7544
1622 1381 7543
1621 1382 7542
1620 1383 7541
1619 1384 7540
1618 1385 7539
1617 1386 7538
1616 1387 7537
1615 1388 7536
1614 1389 7535
1613 1390 7534
1612 1391 7533
1611 1392 7532
1610 1393 7531
1609 1394 7530
1608 1395 7529
1607 1396 7528
1606 1397 7527
1605 1398 7526
1604 1399 7525
1603 1400 7524
1602 1401 7523
1601 1402 7522
1600 1403 7521
1599 1404 7520
1598 1405 7519
1597 1406 7518
1596 1407 7517
1595 1408 7516
1594 1409 7515
1593 1410 7514
1592 1411 7513
1591 1412 7512
1590 1413 7511
1589 1414 7510
1588 1415 7509
1587 1416 7508
1586 1417 7507
1585 1418 7506
1584 1419 7505
1583 1420 7504
1582 1421 7503
1581 1422 7502
1580 1423 7501
1579 1424 7500
1578 1425 7499
1577 1426 7498
1576 1427 7497
1575 1428 7496
1574 1429 7495
1573 1430 7494
1572 1431 7493
1571 1432 7492
1570 1433 7491
1569 1434 7490
1568 1435 7489
1567 1436 7488
1566 1437 7487
1565 1438 7486
1564 1439 7485
1563 1440 7484
1562 1441 7483
1561 1442 7482
1560 1443 7481
1559 1444 7480
1558 1445 7479
1557 1446 7478
1556 1447 7477
1555 1448 7476
1554 1449 7475
1553 1450 7474
1552 1451 7473
1551 1452 7472
1550 1453 7471
1549 1454 7470
1548 1455 7469
1547 1456 7468
1546 1457 7467
1545 1458 7466
1544 1459 7465
1543 1460 7464
1542 1461 7463
1541 1462 7462
1540 1463 7461
1539 1464 7460
1538 1465 7459
1537 1466 7458
1536 1467 7457
1535 1468 7456
1534 1469 7455
1533 1470 7454
1532 1471 7453
1531 1472 7452
1530 1473 7451
1529 1474 7450
1528 1475 7449
1527 1476 7448
1526 1477 7447
1525 1478 7446
1524 1479 7445
1523 1480 7444
1522 1481 7443
1521 1482 7442
1520 1483 7441
1519 1484 7440
1518 1485 7439
1517 1486 7438
1516 1487 7437
1515 1488 7436
1514 1489 7435
1513 1490 7434
1512 1491 7433
1511 1492 7432
1510 1493 7431
1509 1494 7430
1508 1495 7429
1507 1496 7428
1506 1497 7427
1505 1498 7426
1504 1499 7425
1503 1500 7424
1502 1501 7423
1501 1502 7422
1500 1503 7421
1499 1504 7420
1498 1505 7419
1497 1506 7418
1496 1507 7417
1495 1508 7416
1494 1509 7415
1493 1510 7414
1492 1511 7413
1491 1512 7412
1490 1513 7411
1489 1514 7410
1488 1515 7409
1487 1516 7408
1486 1517 7407
1485 1518 7406
1484 1519 7405
1483 1520 7404
1482 1521 7403
1481 1522 7402
1480 1523 7401
1479 1524 7400
1478 1525 7399
1477 1526 7398
1476 1527 7397
1475 1528 7396
1474 1529 7395
1473 1530 7394
1472 1531 7393
1471 1532 7392
1470 1533 7391
1469 1534 7390
1468 1535 7389
1467 1536 7388
1466 1537 7387
1465 1538 7386
1464 1539 7385
1463 1540 7384
1462 1541 7383
1461 1542 7382
1460 1543 7381
1459 1544 7380
1458 1545 7379
1457 1546 7378
1456 1547 7377
1455 1548 7376
1454 1549 7375
1453 1550 7374
1452 1551 7373
1451 1552 7372
1450 1553 7371
1449 1554 7370
1448 1555 7369
1447 1556 7368
1446 1557 7367
1445 1558 7366
1444 1559 7365
1443 1560 7364
1442 1561 7363
1441 1562 7362
1440 1563 7361
1439 1564 7360
1438 1565 7359
1437 1566 7358
1436 1567 7357
1435 1568 7356
1434 1569 7355
1433 1570 7354
1432 1571 7353
1431 1572 7352
1430 1573 7351
1429 1574 7350
1428 1575 7349
1427 1576 7348
1426 1577 7347
1425 1578 7346
1424 1579 7345
1423 1580 7344
1422 1581 7343
1421 1582 7342
1420 1583 7341
1419 1584 7340
1418 1585 7339
1417 1586 7338
1416 1587 7337
1415 1588 7336
1414 1589 7335
1413 1590 7334
1412 1591 7333
1411 1592 7332
1410 1593 7331
1409 1594 7330
1408 1595 7329
1407 1596 7328
1406 1597 7327
1405 1598 7326
1404 1599 7325
1403 1600 7324
1402 1601 7323
1401 1602 7322
1400 1603 7321
1399 1604 7320
1398 1605 7319
1397 1606 7318
1396 1607 7317
1395 1608 7316
1394 1609 7315
1393 1610 7314
1392 1611 7313
1391 1612 7312
1390 1613 7311
1389 1614 7310
1388 1615 7309
1387 1616 7308
1386 1617 7307
1385 1618 7306
1384 1619 7305
1383 1620 7304
1382 1621 7303
1381 1622 7302
1380 1623 7301
1379 1624 7300
1378 1625 7299
1377 1626 7298
1376 1627 7297
1375 1628 7296
1374 1629 7295
1373 1630 7294
1372 1631 7293
1371 1632 7292
1370 1633 7291
1369 1634 7290
1368 1635 7289
1367 1636 7288
1366 1637 7287
1365 1638 7286
1364 1639 7285
1363 1640 7284
1362 1641 7283
1361 1642 7282
1360 1643 7281
1359 1644 7280
1358 1645 7279
1357 1646 7278
1356 1647 7277
1355 1648 7276
1354 1649 7275
1353 1650 7274
1352 1651 7273
1351 1652 7272
1350 1653 7271
1349 1654 7270
1348 1655 7269
1347 1656 7268
1346 1657 7267
1345 1658 7266
1344 1659 7265
1343 1660 7264
1342 1661 7263
1341 1662 7262
1340 1663 7261
1339 1664 7260
1338 1665 7259
1337 1666 7258
1336 1667 7257
1335 1668 7256
1334 1669 7255
1333 1670 7254
1332 1671 7253
1331 1672 7252
1330 1673 7251
1329 1674 7250
1328 1675 7249
1327 1676 7248
1326 1677 7247
1325 1678 7246
1324 1679 7245
1323 1680 7244
1322 1681 7243
1321 1682 7242
1320 1683 7241
1319 1684 7240
1318 1685 7239
1317 1686 7238
1316 1687 7237
1315 1688 7236
1314 1689 7235
1313 1690 7234
1312 1691 7233
1311 1692 7232
1310 1693 7231
1309 1694 7230
1308 1695 7229
1307 1696 7228
1306 1697 7227
1305 1698 7226
1304 1699 7225
1303 1700 7224
1302 1701 7223
1301 1702 7222
1300 1703 7221
1299 1704 7220
1298 1705 7219
1297 1706 7218
1296 1707 7217
1295 1708 7216
1294 1709 7215
1293 1710 7214
1292 1711 7213
1291 1712 7212
1290 1713 7211
1289 1714 7210
1288 1715 7209
1287 1716 7208
1286 1717 7207
1285 1718 7206
1284 1719 7205
1283 1720 7204
1282 1721 7203
1281 1722 7202
1280 1723 7201
1279 1724 7200
1278 1725 7199
1277 1726 7198
1276 1727 7197
1275 1728 7196
1274 1729 7195
1273 1730 7194
1272 1731 7193
1271 1732 7192
1270 1733 7191
1269 1734 7190
1268 1735 7189
1267 1736 7188
1266 1737 7187
1265 1738 7186
1264 1739 7185
1263 1740 7184
1262 1741 7183
1261 1742 7182
1260 1743 7181
1259 1744 7180
1258 1745 7179
1257 1746 7178
1256 1747 7177
1255 1748 7176
1254 1749 7175
1253 1750 7174
1252 1751 7173
1251 1752 7172
1250 1753 7171
1249 1754 7170
1248 1755 7169
1247 1756 7168
1246 1757 7167
1245 1758 7166
1244 1759 7165
1243 1760 7164
1242 1761 7163
1241 1762 7162
1240 1763 7161
1239 1764 7160
1238 1765 7159
1237 1766 7158
1236 1767 7157
1235 1768 7156
1234 1769 7155
1233 1770 7154
1232 1771 7153
1231 1772 7152
1230 1773 7151
1229 1774 7150
1228 1775 7149
1227 1776 7148
1226 1777 7147
1225 1778 7146
1224 1779 7145
1223 1780 7144
1222 1781 7143
1221 1782 7142
1220 1783 7141
1219 1784 7140
1218 1785 7139
1217 1786 7138
1216 1787 7137
1215 1788 7136
1214 1789 7135
1213 1790 7134
1212 1791 7133
1211 1792 7132
1210 1793 7131
1209 1794 7130
1208 1795 7129
1207 1796 7128
1206 1797 7127
1205 1798 7126
1204 1799 7125
1203 1800 7124
1202 1801 7123
1201 1802 7122
1200 1803 7121
1199 1804 7120
1198 1805 7119
1197 1806 7118
1196 1807 7117
1195 1808 7116
1194 1809 7115
1193 1810 7114
1192 1811 7113
1191 1812 7112
1190 1813 7111
1189 1814 7110
1188 1815 7109
1187 1816 7108
1186 1817 7107
1185 1818 7106
1184 1819 7105
1183 1820 7104
1182 1821 7103
1181 1822 7102
1180 1823 7101
1179 1824 7100
1178 1825 7099
1177 1826 7098
1176 1827 7097
1175 1828 7096
1174 1829 7095
1173 1830 7094
1172 1831 7093
1171 1832 7092
1170 1833 7091
1169 1834 7090
1168 1835 7089
1167 1836 7088
1166 1837 7087
1165 1838 7086
1164 1839 7085
1163 1840 7084
1162 1841 7083
1161 1842 7082
1160 1843 7081
1159 1844 7080
1158 1845 7079
1157 1846 7078
1156 1847 7077
1155 1848 7076
1154 1849 7075
1153 1850 7074
1152 1851 7073
1151 1852 7072
1150 1853 7071
1149 1854 7070
1148 1855 7069
1147 1856 7068
1146 1857 7067
1145 1858 7066
1144 1859 7065
1143 1860 7064
1142 1861 7063
1141 1862 7062
1140 1863 7061
1139 1864 7060
1138 1865 7059
1137 1866 7058
1136 1867 7057
1135 1868 7056
1134 1869 7055
1133 1870 7054
1132 1871 7053
1131 1872 7052
1130 1873 7051
1129 1874 7050
1128 1875 7049
1127 1876 7048
1126 1877 7047
1125 1878 7046
1124 1879 7045
1123 1880 7044
1122 1881 7043
1121 1882 7042
1120 1883 7041
1119 1884 7040
1118 1885 7039
1117 1886 7038
1116 1887 7037
1115 1888 7036
1114 1889 7035
1113 1890 7034
1112 1891 7033
1111 1892 7032
1110 1893 7031
1109 1894 7030
1108 1895 7029
1107 1896 7028
1106 1897 7027
1105 1898 7026
1104 1899 7025
1103 1900 7024
1102 1901 7023
1101 1902 7022
1100 1903 7021
1099 1904 7020
1098 1905 7019
1097 1906 7018
1096 1907 7017
1095 1908 7016
1094 1909 7015
1093 1910 7014
1092 1911 7013
1091 1912 7012
1090 1913 7011
1089 1914 7010
1088 1915 7009
1087 1916 7008
1086 1917 7007
1085 1918 7006
1084 1919 7005
1083 1920 7004
1082 1921 7003
1081 1922 7002
1080 1923 7001
1079 1924 7000
1078 1925 6999
1077 1926 6998
1076 1927 6997
1075 1928 6996
1074 1929 6995
1073 1930 6994
1072 1931 6993
1071 1932 6992
1070 1933 6991
1069 1934 6990
1068 1935 6989
1067 1936 6988
1066 1937 6987
1065 1938 6986
1064 1939 6985
1063 1940 6984
1062 1941 6983
1061 1942 6982
1060 1943 6981
1059 1944 6980
1058 1945 6979
1057 1946 6978
1056 1947 6977
1055 1948 6976
1054 1949 6975
1053 1950 6974
1052 1951 6973
1051 1952 6972
1050 1953 6971
1049 1954 6970
1048 1955 6969
1047 1956 6968
1046 1957 6967
1045 1958 6966
1044 1959 6965
1043 1960 6964
1042 1961 6963
1041 1962 6962
1040 1963 6961
1039 1964 6960
1038 1965 6959
1037 1966 6958
1036 1967 6957
1035 1968 6956
1034 1969 6955
1033 1970 6954
1032 1971 6953
1031 1972 6952
1030 1973 6951
1029 1974 6950
1028 1975 6949
1027 1976 6948
1026 1977 6947
1025 1978 6946
1024 1979 6945
1023 1980 6944
1022 1981 6943
1021 1982 6942
1020 1983 6941
1019 1984 6940
1018 1985 6939
1017 1986 6938
1016 1987 6937
1015 1988 6936
1014 1989 6935
1013 1990 6934
1012 1991 6933
1011 1992 6932
1010 1993 6931
1009 1994 6930
1008 1995 6929
1007 1996 6928
1006 1997 6927
1005 1998 6926
1004 1999 6925
1003 2000 6924
1002 2001 6923
1001 2002 6922
1000 2003 6921
999 2004 6920
998 2005 6919
997 2006 6918
996 2007 6917
995 2008 6916
994 2009 6915
993 2010 6914
992 2011 6913
991 2012 6912
990 2013 6911
989 2014 6910
988 2015 6909
987 2016 6908
986 2017 6907
985 2018 6906
984 2019 6905
983 2020 6904
982 2021 6903
981 2022 6902
980 2023 6901
979 2024 6900
978 2025 6899
977 2026 6898
976 2027 6897
975 2028 6896
974 2029 6895
973 2030 6894
972 2031 6893
971 2032 6892
970 2033 6891
969 2034 6890
968 2035 6889
967 2036 6888
966 2037 6887
965 2038 6886
964 2039 6885
963 2040 6884
962 2041 6883
961 2042 6882
960 2043 6881
959 2044 6880
958 2045 6879
957 2046 6878
956 2047 6877
955 2048 6876
954 2049 6875
953 2050 6874
952 2051 6873
951 2052 6872
950 2053 6871
949 2054 6870
948 2055 6869
947 2056 6868
946 2057 6867
945 2058 6866
944 2059 6865
943 2060 6864
942 2061 6863
941 2062 6862
940 2063 6861
939 2064 6860
938 2065 6859
937 2066 6858
936 2067 6857
935 2068 6856
934 2069 6855
933 2070 6854
932 2071 6853
931 2072 6852
930 2073 6851
929 2074 6850
928 2075 6849
927 2076 6848
926 2077 6847
925 2078 6846
924 2079 6845
923 2080 6844
922 2081 6843
921 2082 6842
920 2083 6841
919 2084 6840
918 2085 6839
917 2086 6838
916 2087 6837
915 2088 6836
914 2089 6835
913 2090 6834
912 2091 6833
911 2092 6832
910 2093 6831
909 2094 6830
908 2095 6829
907 2096 6828
906 2097 6827
905 2098 6826
904 2099 6825
903 2100 6824
902 2101 6823
901 2102 6822
900 2103 6821
899 2104 6820
898 2105 6819
897 2106 6818
896 2107 6817
895 2108 6816
894 2109 6815
893 2110 6814
892 2111 6813
891 2112 6812
890 2113 6811
889 2114 6810
888 2115 6809
887 2116 6808
886 2117 6807
885 2118 6806
884 2119 6805
883 2120 6804
882 2121 6803
881 2122 6802
880 2123 6801
879 2124 6800
878 2125 6799
877 2126 6798
876 2127 6797
875 2128 6796
874 2129 6795
873 2130 6794
872 2131 6793
871 2132 6792
870 2133 6791
869 2134 6790
868 2135 6789
867 2136 6788
866 2137 6787
865 2138 6786
864 2139 6785
863 2140 6784
862 2141 6783
861 2142 6782
860 2143 6781
859 2144 6780
858 2145 6779
857 2146 6778
856 2147 6777
855 2148 6776
854 2149 6775
853 2150 6774
852 2151 6773
851 2152 6772
850 2153 6771
849 2154 6770
848 2155 6769
847 2156 6768
846 2157 6767
845 2158 6766
844 2159 6765
843 2160 6764
842 2161 6763
841 2162 6762
840 2163 6761
839 2164 6760
838 2165 6759
837 2166 6758
836 2167 6757
835 2168 6756
834 2169 6755
833 2170 6754
832 2171 6753
831 2172 6752
830 2173 6751
829 2174 6750
828 2175 6749
827 2176 6748
826 2177 6747
825 2178 6746
824 2179 6745
823 2180 6744
822 2181 6743
821 2182 6742
820 2183 6741
819 2184 6740
818 2185 6739
817 2186 6738
816 2187 6737
815 2188 6736
814 2189 6735
813 2190 6734
812 2191 6733
811 2192 6732
810 2193 6731
809 2194 6730
808 2195 6729
807 2196 6728
806 2197 6727
805 2198 6726
804 2199 6725
803 2200 6724
802 2201 6723
801 2202 6722
800 2203 6721
799 2204 6720
798 2205 6719
797 2206 6718
796 2207 6717
795 2208 6716
794 2209 6715
793 2210 6714
792 2211 6713
791 2212 6712
790 2213 6711
789 2214 6710
788 2215 6709
787 2216 6708
786 2217 6707
785 2218 6706
784 2219 6705
783 2220 6704
782 2221 6703
781 2222 6702
780 2223 6701
779 2224 6700
778 2225 6699
777 2226 6698
776 2227 6697
775 2228 6696
774 2229 6695
773 2230 6694
772 2231 6693
771 2232 6692
770 2233 6691
769 2234 6690
768 2235 6689
767 2236 6688
766 2237 6687
765 2238 6686
764 2239 6685
763 2240 6684
762 2241 6683
761 2242 6682
760 2243 6681
759 2244 6680
758 2245 6679
757 2246 6678
756 2247 6677
755 2248 6676
754 2249 6675
753 2250 6674
752 2251 6673
751 2252 6672
750 2253 6671
749 2254 6670
748 2255 6669
747 2256 6668
746 2257 6667
745 2258 6666
744 2259 6665
743 2260 6664
742 2261 6663
741 2262 6662
740 2263 6661
739 2264 6660
738 2265 6659
737 2266 6658
736 2267 6657
735 2268 6656
734 2269 6655
733 2270 6654
732 2271 6653
731 2272 6652
730 2273 6651
729 2274 6650
728 2275 6649
727 2276 6648
726 2277 6647
725 2278 6646
724 2279 6645
723 2280 6644
722 2281 6643
721 2282 6642
720 2283 6641
719 2284 6640
718 2285 6639
717 2286 6638
716 2287 6637
715 2288 6636
714 2289 6635
713 2290 6634
712 2291 6633
711 2292 6632
710 2293 6631
709 2294 6630
708 2295 6629
707 2296 6628
706 2297 6627
705 2298 6626
704 2299 6625
703 2300 6624
702 2301 6623
701 2302 6622
700 2303 6621
699 2304 6620
698 2305 6619
697 2306 6618
696 2307 6617
695 2308 6616
694 2309 6615
693 2310 6614
692 2311 6613
691 2312 6612
690 2313 6611
689 2314 6610
688 2315 6609
687 2316 6608
686 2317 6607
685 2318 6606
684 2319 6605
683 2320 6604
682 2321 6603
681 2322 6602
680 2323 6601
679 2324 6600
678 2325 6599
677 2326 6598
676 2327 6597
675 2328 6596
674 2329 6595
673 2330 6594
672 2331 6593
671 2332 6592
670 2333 6591
669 2334 6590
668 2335 6589
667 2336 6588
666 2337 6587
665 2338 6586
664 2339 6585
663 2340 6584
662 2341 6583
661 2342 6582
660 2343 6581
659 2344 6580
658 2345 6579
657 2346 6578
656 2347 6577
655 2348 6576
654 2349 6575
653 2350 6574
652 2351 6573
651 2352 6572
650 2353 6571
649 2354 6570
648 2355 6569
647 2356 6568
646 2357 6567
645 2358 6566
644 2359 6565
643 2360 6564
642 2361 6563
641 2362 6562
640 2363 6561
639 2364 6560
638 2365 6559
637 2366 6558
636 2367 6557
635 2368 6556
634 2369 6555
633 2370 6554
632 2371 6553
631 2372 6552
630 2373 6551
629 2374 6550
628 2375 6549
627 2376 6548
626 2377 6547
625 2378 6546
624 2379 6545
623 2380 6544
622 2381 6543
621 2382 6542
620 2383 6541
619 2384 6540
618 2385 6539
617 2386 6538
616 2387 6537
615 2388 6536
614 2389 6535
613 2390 6534
612 2391 6533
611 2392 6532
610 2393 6531
609 2394 6530
608 2395 6529
607 2396 6528
606 2397 6527
605 2398 6526
604 2399 6525
603 2400 6524
602 2401 6523
601 2402 6522
600 2403 6521
599 2404 6520
598 2405 6519
597 2406 6518
596 2407 6517
595 2408 6516
594 2409 6515
593 2410 6514
592 2411 6513
591 2412 6512
590 2413 6511
589 2414 6510
588 2415 6509
587 2416 6508
586 2417 6507
585 2418 6506
584 2419 6505
583 2420 6504
582 2421 6503
581 2422 6502
580 2423 6501
579 2424 6500
578 2425 6499
577 2426 6498
576 2427 6497
575 2428 6496
574 2429 6495
573 2430 6494
572 2431 6493
571 2432 6492
570 2433 6491
569 2434 6490
568 2435 6489
567 2436 6488
566 2437 6487
565 2438 6486
564 2439 6485
563 2440 6484
562 2441 6483
561 2442 6482
560 2443 6481
559 2444 6480
558 2445 6479
557 2446 6478
556 2447 6477
555 2448 6476
554 2449 6475
553 2450 6474
552 2451 6473
551 2452 6472
550 2453 6471
549 2454 6470
548 2455 6469
547 2456 6468
546 2457 6467
545 2458 6466
544 2459 6465
543 2460 6464
542 2461 6463
541 2462 6462
540 2463 6461
539 2464 6460
538 2465 6459
537 2466 6458
536 2467 6457
535 2468 6456
534 2469 6455
533 2470 6454
532 2471 6453
531 2472 6452
530 2473 6451
529 2474 6450
528 2475 6449
527 2476 6448
526 2477 6447
525 2478 6446
524 2479 6445
523 2480 6444
522 2481 6443
521 2482 6442
520 2483 6441
519 2484 6440
518 2485 6439
517 2486 6438
516 2487 6437
515 2488 6436
514 2489 6435
513 2490 6434
512 2491 6433
511 2492 6432
510 2493 6431
509 2494 6430
508 2495 6429
507 2496 6428
506 2497 6427
505 2498 6426
504 2499 6425
503 2500 6424
502 2501 6423
501 2502 6422
500 2503 6421
499 2504 6420
498 2505 6419
497 2506 6418
496 2507 6417
495 2508 6416
494 2509 6415
493 2510 6414
492 2511 6413
491 2512 6412
490 2513 6411
489 2514 6410
488 2515 6409
487 2516 6408
486 2517 6407
485 2518 6406
484 2519 6405
483 2520 6404
482 2521 6403
481 2522 6402
480 2523 6401
479 2524 6400
478 2525 6399
477 2526 6398
476 2527 6397
475 2528 6396
474 2529 6395
473 2530 6394
472 2531 6393
471 2532 6392
470 2533 6391
469 2534 6390
468 2535 6389
467 2536 6388
466 2537 6387
465 2538 6386
464 2539 6385
463 2540 6384
462 2541 6383
461 2542 6382
460 2543 6381
459 2544 6380
458 2545 6379
457 2546 6378
456 2547 6377
455 2548 6376
454 2549 6375
453 2550 6374
452 2551 6373
451 2552 6372
450 2553 6371
449 2554 6370
448 2555 6369
447 2556 6368
446 2557 6367
445 2558 6366
444 2559 6365
443 2560 6364
442 2561 6363
441 2562 6362
440 2563 6361
439 2564 6360
438 2565 6359
437 2566 6358
436 2567 6357
435 2568 6356
434 2569 6355
433 2570 6354
432 2571 6353
431 2572 6352
430 2573 6351
429 2574 6350
428 2575 6349
427 2576 6348
426 2577 6347
425 2578 6346
424 2579 6345
423 2580 6344
422 2581 6343
421 2582 6342
420 2583 6341
419 2584 6340
418 2585 6339
417 2586 6338
416 2587 6337
415 2588 6336
414 2589 6335
413 2590 6334
412 2591 6333
411 2592 6332
410 2593 6331
409 2594 6330
408 2595 6329
407 2596 6328
406 2597 6327
405 2598 6326
404 2599 6325
403 2600 6324
402 2601 6323
401 2602 6322
400 2603 6321
399 2604 6320
398 2605 6319
397 2606 6318
396 2607 6317
395 2608 6316
394 2609 6315
393 2610 6314
392 2611 6313
391 2612 6312
390 2613 6311
389 2614 6310
388 2615 6309
387 2616 6308
386 2617 6307
385 2618 6306
384 2619 6305
383 2620 6304
382 2621 6303
381 2622 6302
380 2623 6301
379 2624 6300
378 2625 6299
377 2626 6298
376 2627 6297
375 2628 6296
374 2629 6295
373 2630 6294
372 2631 6293
371 2632 6292
370 2633 6291
369 2634 6290
368 2635 6289
367 2636 6288
366 2637 6287
365 2638 6286
364 2639 6285
363 2640 6284
362 2641 6283
361 2642 6282
360 2643 6281
359 2644 6280
358 2645 6279
357 2646 6278
356 2647 6277
355 2648 6276
354 2649 6275
353 2650 6274
352 2651 6273
351 2652 6272
350 2653 6271
349 2654 6270
348 2655 6269
347 2656 6268
346 2657 6267
345 2658 6266
344 2659 6265
343 2660 6264
342 2661 6263
341 2662 6262
340 2663 6261
339 2664 6260
338 2665 6259
337 2666 6258
336 2667 6257
335 2668 6256
334 2669 6255
333 2670 6254
332 2671 6253
331 2672 6252
330 2673 6251
329 2674 6250
328 2675 6249
327 2676 6248
326 2677 6247
325 2678 6246
324 2679 6245
323 2680 6244
322 2681 6243
321 2682 6242
320 2683 6241
319 2684 6240
318 2685 6239
317 2686 6238
316 2687 6237
315 2688 6236
314 2689 6235
313 2690 6234
312 2691 6233
311 2692 6232
310 2693 6231
309 2694 6230
308 2695 6229
307 2696 6228
306 2697 6227
305 2698 6226
304 2699 6225
303 2700 6224
302 2701 6223
301 2702 6222
300 2703 6221
299 2704 6220
298 2705 6219
297 2706 6218
296 2707 6217
295 2708 6216
294 2709 6215
293 2710 6214
292 2711 6213
291 2712 6212
290 2713 6211
289 2714 6210
288 2715 6209
287 2716 6208
286 2717 6207
285 2718 6206
284 2719 6205
283 2720 6204
282 2721 6203
281 2722 6202
280 2723 6201
279 2724 6200
278 2725 6199
277 2726 6198
276 2727 6197
275 2728 6196
274 2729 6195
273 2730 6194
272 2731 6193
271 2732 6192
270 2733 6191
269 2734 6190
268 2735 6189
267 2736 6188
266 2737 6187
265 2738 6186
264 2739 6185
263 2740 6184
262 2741 6183
261 2742 6182
260 2743 6181
259 2744 6180
258 2745 6179
257 2746 6178
256 2747 6177
255 2748 6176
254 2749 6175
253 2750 6174
252 2751 6173
251 2752 6172
250 2753 6171
249 2754 6170
248 2755 6169
247 2756 6168
246 2757 6167
245 2758 6166
244 2759 6165
243 2760 6164
242 2761 6163
241 2762 6162
240 2763 6161
239 2764 6160
238 2765 6159
237 2766 6158
236 2767 6157
235 2768 6156
234 2769 6155
233 2770 6154
232 2771 6153
231 2772 6152
230 2773 6151
229 2774 6150
228 2775 6149
227 2776 6148
226 2777 6147
225 2778 6146
224 2779 6145
223 2780 6144
222 2781 6143
221 2782 6142
220 2783 6141
219 2784 6140
218 2785 6139
217 2786 6138
216 2787 6137
215 2788 6136
214 2789 6135
213 2790 6134
212 2791 6133
211 2792 6132
210 2793 6131
209 2794 6130
208 2795 6129
207 2796 6128
206 2797 6127
205 2798 6126
204 2799 6125
203 2800 6124
202 2801 6123
201 2802 6122
200 2803 6121
199 2804 6120
198 2805 6119
197 2806 6118
196 2807 6117
195 2808 6116
194 2809 6115
193 2810 6114
192 2811 6113
191 2812 6112
190 2813 6111
189 2814 6110
188 2815 6109
187 2816 6108
186 2817 6107
185 2818 6106
184 2819 6105
183 2820 6104
182 2821 6103
181 2822 6102
180 2823 6101
179 2824 6100
178 2825 6099
177 2826 6098
176 2827 6097
175 2828 6096
174 2829 6095
173 2830 6094
172 2831 6093
171 2832 6092
170 2833 6091
169 2834 6090
168 2835 6089
167 2836 6088
166 2837 6087
165 2838 6086
164 2839 6085
163 2840 6084
162 2841 6083
161 2842 6082
160 2843 6081
159 2844 6080
158 2845 6079
157 2846 6078
156 2847 6077
155 2848 6076
154 2849 6075
153 2850 6074
152 2851 6073
151 2852 6072
150 2853 6071
149 2854 6070
148 2855 6069
147 2856 6068
146 2857 6067
145 2858 6066
144 2859 6065
143 2860 6064
142 2861 6063
141 2862 6062
140 2863 6061
139 2864 6060
138 2865 6059
137 2866 6058
136 2867 6057
135 2868 6056
134 2869 6055
133 2870 6054
132 2871 6053
131 2872 6052
130 2873 6051
129 2874 6050
128 2875 6049
127 2876 6048
126 2877 6047
125 2878 6046
124 2879 6045
123 2880 6044
122 2881 6043
121 2882 6042
120 2883 6041
119 2884 6040
118 2885 6039
117 2886 6038
116 2887 6037
115 2888 6036
114 2889 6035
113 2890 6034
112 2891 6033
111 2892 6032
110 2893 6031
109 2894 6030
108 2895 6029
107 2896 6028
106 2897 6027
105 2898 6026
104 2899 6025
103 2900 6024
102 2901 6023
101 2902 6022
100 2903 6021
99 2904 6020
98 2905 6019
97 2906 6018
96 2907 6017
95 2908 6016
94 2909 6015
93 2910 6014
92 2911 6013
91 2912 6012
90 2913 6011
89 2914 6010
88 2915 6009
87 2916 6008
86 2917 6007
85 2918 6006
84 2919 6005
83 2920 6004
82 2921 6003
81 2922 6002
80 2923 6001
