2961
3000 3 8961
2999 4 8960
2998 5 8959
2997 6 8958
2996 7 8957
2995 8 8956
2994 9 8955
2993 10 8954
2992 11 8953
2991 12 8952
2990 13 8951
2989 14 8950
2988 15 8949
2987 16 8948
2986 17 8947
2985 18 8946
2984 19 8945
2983 20 8944
2982 21 8943
2981 22 8942
2980 23 8941
2979 24 8940
2978 25 8939
2977 26 8938
2976 27 8937
2975 28 8936
2974 29 8935
2973 30 8934
2972 31 8933
2971 32 8932
2970 33 8931
2969 34 8930
2968 35 8929
2967 36 8928
2966 37 8927
2965 38 8926
2964 39 8925
2963 40 8924
2962 41 8923
2961 42 8922
2960 43 8921
2959 44 8920
2958 45 8919
2957 46 8918
2956 47 8917
2955 48 8916
2954 49 8915
2953 50 8914
2952 51 8913
2951 52 8912
2950 53 8911
2949 54 8910
2948 55 8909
2947 56 8908
2946 57 8907
2945 58 8906
2944 59 8905
2943 60 8904
2942 61 8903
2941 62 8902
2940 63 8901
2939 64 8900
2938 65 8899
2937 66 8898
2936 67 8897
2935 68 8896
2934 69 8895
2933 70 8894
2932 71 8893
2931 72 8892
2930 73 8891
2929 74 8890
2928 75 8889
2927 76 8888
2926 77 8887
2925 78 8886
2924 79 8885
2923 80 8884
2922 81 8883
2921 82 8882
2920 83 8881
2919 84 8880
2918 85 8879
2917 86 8878
2916 87 8877
2915 88 8876
2914 89 8875
2913 90 8874
2912 91 8873
2911 92 8872
2910 93 8871
2909 94 8870
2908 95 8869
2907 96 8868
2906 97 8867
2905 98 8866
2904 99 8865
2903 100 8864
2902 101 8863
2901 102 8862
2900 103 8861
2899 104 8860
2898 105 8859
2897 106 8858
2896 107 8857
2895 108 8856
2894 109 8855
2893 110 8854
2892 111 8853
2891 112 8852
2890 113 8851
2889 114 8850
2888 115 8849
2887 116 8848
2886 117 8847
2885 118 8846
2884 119 8845
2883 120 8844
2882 121 8843
2881 122 8842
2880 123 8841
2879 124 8840
2878 125 8839
2877 126 8838
2876 127 8837
2875 128 8836
2874 129 8835
2873 130 8834
2872 131 8833
2871 132 8832
2870 133 8831
2869 134 8830
2868 135 8829
2867 136 8828
2866 137 8827
2865 138 8826
2864 139 8825
2863 140 8824
2862 141 8823
2861 142 8822
2860 143 8821
2859 144 8820
2858 145 8819
2857 146 8818
2856 147 8817
2855 148 8816
2854 149 8815
2853 150 8814
2852 151 8813
2851 152 8812
2850 153 8811
2849 154 8810
2848 155 8809
2847 156 8808
2846 157 8807
2845 158 8806
2844 159 8805
2843 160 8804
2842 161 8803
2841 162 8802
2840 163 8801
2839 164 8800
2838 165 8799
2837 166 8798
2836 167 8797
2835 168 8796
2834 169 8795
2833 170 8794
2832 171 8793
2831 172 8792
2830 173 8791
2829 174 8790
2828 175 8789
2827 176 8788
2826 177 8787
2825 178 8786
2824 179 8785
2823 180 8784
2822 181 8783
2821 182 8782
2820 183 8781
2819 184 8780
2818 185 8779
2817 186 8778
2816 187 8777
2815 188 8776
2814 189 8775
2813 190 8774
2812 191 8773
2811 192 8772
2810 193 8771
2809 194 8770
2808 195 8769
2807 196 8768
2806 197 8767
2805 198 8766
2804 199 8765
2803 200 8764
2802 201 8763
2801 202 8762
2800 203 8761
2799 204 8760
2798 205 8759
2797 206 8758
2796 207 8757
2795 208 8756
2794 209 8755
2793 210 8754
2792 211 8753
2791 212 8752
2790 213 8751
2789 214 8750
2788 215 8749
2787 216 8748
2786 217 8747
2785 218 8746
2784 219 8745
2783 220 8744
2782 221 8743
2781 222 8742
2780 223 8741
2779 224 8740
2778 225 8739
2777 226 8738
2776 227 8737
2775 228 8736
2774 229 8735
2773 230 8734
2772 231 8733
2771 232 8732
2770 233 8731
2769 234 8730
2768 235 8729
2767 236 8728
2766 237 8727
2765 238 8726
2764 239 8725
2763 240 8724
2762 241 8723
2761 242 8722
2760 243 8721
2759 244 8720
2758 245 8719
2757 246 8718
2756 247 8717
2755 248 8716
2754 249 8715
2753 250 8714
2752 251 8713
2751 252 8712
2750 253 8711
2749 254 8710
2748 255 8709
2747 256 8708
2746 257 8707
2745 258 8706
2744 259 8705
2743 260 8704
2742 261 8703
2741 262 8702
2740 263 8701
2739 264 8700
2738 265 8699
2737 266 8698
2736 267 8697
2735 268 8696
2734 269 8695
2733 270 8694
2732 271 8693
2731 272 8692
2730 273 8691
2729 274 8690
2728 275 8689
2727 276 8688
2726 277 8687
2725 278 8686
2724 279 8685
2723 280 8684
2722 281 8683
2721 282 8682
2720 283 8681
2719 284 8680
2718 285 8679
2717 286 8678
2716 287 8677
2715 288 8676
2714 289 8675
2713 290 8674
2712 291 8673
2711 292 8672
2710 293 8671
2709 294 8670
2708 295 8669
2707 296 8668
2706 297 8667
2705 298 8666
2704 299 8665
2703 300 8664
2702 301 8663
2701 302 8662
2700 303 8661
2699 304 8660
2698 305 8659
2697 306 8658
2696 307 8657
2695 308 8656
2694 309 8655
2693 310 8654
2692 311 8653
2691 312 8652
2690 313 8651
2689 314 8650
2688 315 8649
2687 316 8648
2686 317 8647
2685 318 8646
2684 319 8645
2683 320 8644
2682 321 8643
2681 322 8642
2680 323 8641
2679 324 8640
2678 325 8639
2677 326 8638
2676 327 8637
2675 328 8636
2674 329 8635
2673 330 8634
2672 331 8633
2671 332 8632
2670 333 8631
2669 334 8630
2668 335 8629
2667 336 8628
2666 337 8627
2665 338 8626
2664 339 8625
2663 340 8624
2662 341 8623
2661 342 8622
2660 343 8621
2659 344 8620
2658 345 8619
2657 346 8618
2656 347 8617
2655 348 8616
2654 349 8615
2653 350 8614
2652 351 8613
2651 352 8612
2650 353 8611
2649 354 8610
2648 355 8609
2647 356 8608
2646 357 8607
2645 358 8606
2644 359 8605
2643 360 8604
2642 361 8603
2641 362 8602
2640 363 8601
2639 364 8600
2638 365 8599
2637 366 8598
2636 367 8597
2635 368 8596
2634 369 8595
2633 370 8594
2632 371 8593
2631 372 8592
2630 373 8591
2629 374 8590
2628 375 8589
2627 376 8588
2626 377 8587
2625 378 8586
2624 379 8585
2623 380 8584
2622 381 8583
2621 382 8582
2620 383 8581
2619 384 8580
2618 385 8579
2617 386 8578
2616 387 8577
2615 388 8576
2614 389 8575
2613 390 8574
2612 391 8573
2611 392 8572
2610 393 8571
2609 394 8570
2608 395 8569
2607 396 8568
2606 397 8567
2605 398 8566
2604 399 8565
2603 400 8564
2602 401 8563
2601 402 8562
2600 403 8561
2599 404 8560
2598 405 8559
2597 406 8558
2596 407 8557
2595 408 8556
2594 409 8555
2593 410 8554
2592 411 8553
2591 412 8552
2590 413 8551
2589 414 8550
2588 415 8549
2587 416 8548
2586 417 8547
2585 418 8546
2584 419 8545
2583 420 8544
2582 421 8543
2581 422 8542
2580 423 8541
2579 424 8540
2578 425 8539
2577 426 8538
2576 427 8537
2575 428 8536
2574 429 8535
2573 430 8534
2572 431 8533
2571 432 8532
2570 433 8531
2569 434 8530
2568 435 8529
2567 436 8528
2566 437 8527
2565 438 8526
2564 439 8525
2563 440 8524
2562 441 8523
2561 442 8522
2560 443 8521
2559 444 8520
2558 445 8519
2557 446 8518
2556 447 8517
2555 448 8516
2554 449 8515
2553 450 8514
2552 451 8513
2551 452 8512
2550 453 8511
2549 454 8510
2548 455 8509
2547 456 8508
2546 457 8507
2545 458 8506
2544 459 8505
2543 460 8504
2542 461 8503
2541 462 8502
2540 463 8501
2539 464 8500
2538 465 8499
2537 466 8498
2536 467 8497
2535 468 8496
2534 469 8495
2533 470 8494
2532 471 8493
2531 472 8492
2530 473 8491
2529 474 8490
2528 475 8489
2527 476 8488
2526 477 8487
2525 478 8486
2524 479 8485
2523 480 8484
2522 481 8483
2521 482 8482
2520 483 8481
2519 484 8480
2518 485 8479
2517 486 8478
2516 487 8477
2515 488 8476
2514 489 8475
2513 490 8474
2512 491 8473
2511 492 8472
2510 493 8471
2509 494 8470
2508 495 8469
2507 496 8468
2506 497 8467
2505 498 8466
2504 499 8465
2503 500 8464
2502 501 8463
2501 502 8462
2500 503 8461
2499 504 8460
2498 505 8459
2497 506 8458
2496 507 8457
2495 508 8456
2494 509 8455
2493 510 8454
2492 511 8453
2491 512 8452
2490 513 8451
2489 514 8450
2488 515 8449
2487 516 8448
2486 517 8447
2485 518 8446
2484 519 8445
2483 520 8444
2482 521 8443
2481 522 8442
2480 523 8441
2479 524 8440
2478 525 8439
2477 526 8438
2476 527 8437
2475 528 8436
2474 529 8435
2473 530 8434
2472 531 8433
2471 532 8432
2470 533 8431
2469 534 8430
2468 535 8429
2467 536 8428
2466 537 8427
2465 538 8426
2464 539 8425
2463 540 8424
2462 541 8423
2461 542 8422
2460 543 8421
2459 544 8420
2458 545 8419
2457 546 8418
2456 547 8417
2455 548 8416
2454 549 8415
2453 550 8414
2452 551 8413
2451 552 8412
2450 553 8411
2449 554 8410
2448 555 8409
2447 556 8408
2446 557 8407
2445 558 8406
2444 559 8405
2443 560 8404
2442 561 8403
2441 562 8402
2440 563 8401
2439 564 8400
2438 565 8399
2437 566 8398
2436 567 8397
2435 568 8396
2434 569 8395
2433 570 8394
2432 571 8393
2431 572 8392
2430 573 8391
2429 574 8390
2428 575 8389
2427 576 8388
2426 577 8387
2425 578 8386
2424 579 8385
2423 580 8384
2422 581 8383
2421 582 8382
2420 583 8381
2419 584 8380
2418 585 8379
2417 586 8378
2416 587 8377
2415 588 8376
2414 589 8375
2413 590 8374
2412 591 8373
2411 592 8372
2410 593 8371
2409 594 8370
2408 595 8369
2407 596 8368
2406 597 8367
2405 598 8366
2404 599 8365
2403 600 8364
2402 601 8363
2401 602 8362
2400 603 8361
2399 604 8360
2398 605 8359
2397 606 8358
2396 607 8357
2395 608 8356
2394 609 8355
2393 610 8354
2392 611 8353
2391 612 8352
2390 613 8351
2389 614 8350
2388 615 8349
2387 616 8348
2386 617 8347
2385 618 8346
2384 619 8345
2383 620 8344
2382 621 8343
2381 622 8342
2380 623 8341
2379 624 8340
2378 625 8339
2377 626 8338
2376 627 8337
2375 628 8336
2374 629 8335
2373 630 8334
2372 631 8333
2371 632 8332
2370 633 8331
2369 634 8330
2368 635 8329
2367 636 8328
2366 637 8327
2365 638 8326
2364 639 8325
2363 640 8324
2362 641 8323
2361 642 8322
2360 643 8321
2359 644 8320
2358 645 8319
2357 646 8318
2356 647 8317
2355 648 8316
2354 649 8315
2353 650 8314
2352 651 8313
2351 652 8312
2350 653 8311
2349 654 8310
2348 655 8309
2347 656 8308
2346 657 8307
2345 658 8306
2344 659 8305
2343 660 8304
2342 661 8303
2341 662 8302
2340 663 8301
2339 664 8300
2338 665 8299
2337 666 8298
2336 667 8297
2335 668 8296
2334 669 8295
2333 670 8294
2332 671 8293
2331 672 8292
2330 673 8291
2329 674 8290
2328 675 8289
2327 676 8288
2326 677 8287
2325 678 8286
2324 679 8285
2323 680 8284
2322 681 8283
2321 682 8282
2320 683 8281
2319 684 8280
2318 685 8279
2317 686 8278
2316 687 8277
2315 688 8276
2314 689 8275
2313 690 8274
2312 691 8273
2311 692 8272
2310 693 8271
2309 694 8270
2308 695 8269
2307 696 8268
2306 697 8267
2305 698 8266
2304 699 8265
2303 700 8264
2302 701 8263
2301 702 8262
2300 703 8261
2299 704 8260
2298 705 8259
2297 706 8258
2296 707 8257
2295 708 8256
2294 709 8255
2293 710 8254
2292 711 8253
2291 712 8252
2290 713 8251
2289 714 8250
2288 715 8249
2287 716 8248
2286 717 8247
2285 718 8246
2284 719 8245
2283 720 8244
2282 721 8243
2281 722 8242
2280 723 8241
2279 724 8240
2278 725 8239
2277 726 8238
2276 727 8237
2275 728 8236
2274 729 8235
2273 730 8234
2272 731 8233
2271 732 8232
2270 733 8231
2269 734 8230
2268 735 8229
2267 736 8228
2266 737 8227
2265 738 8226
2264 739 8225
2263 740 8224
2262 741 8223
2261 742 8222
2260 743 8221
2259 744 8220
2258 745 8219
2257 746 8218
2256 747 8217
2255 748 8216
2254 749 8215
2253 750 8214
2252 751 8213
2251 752 8212
2250 753 8211
2249 754 8210
2248 755 8209
2247 756 8208
2246 757 8207
2245 758 8206
2244 759 8205
2243 760 8204
2242 761 8203
2241 762 8202
2240 763 8201
2239 764 8200
2238 765 8199
2237 766 8198
2236 767 8197
2235 768 8196
2234 769 8195
2233 770 8194
2232 771 8193
2231 772 8192
2230 773 8191
2229 774 8190
2228 775 8189
2227 776 8188
2226 777 8187
2225 778 8186
2224 779 8185
2223 780 8184
2222 781 8183
2221 782 8182
2220 783 8181
2219 784 8180
2218 785 8179
2217 786 8178
2216 787 8177
2215 788 8176
2214 789 8175
2213 790 8174
2212 791 8173
2211 792 8172
2210 793 8171
2209 794 8170
2208 795 8169
2207 796 8168
2206 797 8167
2205 798 8166
2204 799 8165
2203 800 8164
2202 801 8163
2201 802 8162
2200 803 8161
2199 804 8160
2198 805 8159
2197 806 8158
2196 807 8157
2195 808 8156
2194 809 8155
2193 810 8154
2192 811 8153
2191 812 8152
2190 813 8151
2189 814 8150
2188 815 8149
2187 816 8148
2186 817 8147
2185 818 8146
2184 819 8145
2183 820 8144
2182 821 8143
2181 822 8142
2180 823 8141
2179 824 8140
2178 825 8139
2177 826 8138
2176 827 8137
2175 828 8136
2174 829 8135
2173 830 8134
2172 831 8133
2171 832 8132
2170 833 8131
2169 834 8130
2168 835 8129
2167 836 8128
2166 837 8127
2165 838 8126
2164 839 8125
2163 840 8124
2162 841 8123
2161 842 8122
2160 843 8121
2159 844 8120
2158 845 8119
2157 846 8118
2156 847 8117
2155 848 8116
2154 849 8115
2153 850 8114
2152 851 8113
2151 852 8112
2150 853 8111
2149 854 8110
2148 855 8109
2147 856 8108
2146 857 8107
2145 858 8106
2144 859 8105
2143 860 8104
2142 861 8103
2141 862 8102
2140 863 8101
2139 864 8100
2138 865 8099
2137 866 8098
2136 867 8097
2135 868 8096
2134 869 8095
2133 870 8094
2132 871 8093
2131 872 8092
2130 873 8091
2129 874 8090
2128 875 8089
2127 876 8088
2126 877 8087
2125 878 8086
2124 879 8085
2123 880 8084
2122 881 8083
2121 882 8082
2120 883 8081
2119 884 8080
2118 885 8079
2117 886 8078
2116 887 8077
2115 888 8076
2114 889 8075
2113 890 8074
2112 891 8073
2111 892 8072
2110 893 8071
2109 894 8070
2108 895 8069
2107 896 8068
2106 897 8067
2105 898 8066
2104 899 8065
2103 900 8064
2102 901 8063
2101 902 8062
2100 903 8061
2099 904 8060
2098 905 8059
2097 906 8058
2096 907 8057
2095 908 8056
2094 909 8055
2093 910 8054
2092 911 8053
2091 912 8052
2090 913 8051
2089 914 8050
2088 915 8049
2087 916 8048
2086 917 8047
2085 918 8046
2084 919 8045
2083 920 8044
2082 921 8043
2081 922 8042
2080 923 8041
2079 924 8040
2078 925 8039
2077 926 8038
2076 927 8037
2075 928 8036
2074 929 8035
2073 930 8034
2072 931 8033
2071 932 8032
2070 933 8031
2069 934 8030
2068 935 8029
2067 936 8028
2066 937 8027
2065 938 8026
2064 939 8025
2063 940 8024
2062 941 8023
2061 942 8022
2060 943 8021
2059 944 8020
2058 945 8019
2057 946 8018
2056 947 8017
2055 948 8016
2054 949 8015
2053 950 8014
2052 951 8013
2051 952 8012
2050 953 8011
2049 954 8010
2048 955 8009
2047 956 8008
2046 957 8007
2045 958 8006
2044 959 8005
2043 960 8004
2042 961 8003
2041 962 8002
2040 963 8001
2039 964 8000
2038 965 7999
2037 966 7998
2036 967 7997
2035 968 7996
2034 969 7995
2033 970 7994
2032 971 7993
2031 972 7992
2030 973 7991
2029 974 7990
2028 975 7989
2027 976 7988
2026 977 7987
2025 978 7986
2024 979 7985
2023 980 7984
2022 981 7983
2021 982 7982
2020 983 7981
2019 984 7980
2018 985 7979
2017 986 7978
2016 987 7977
2015 988 7976
2014 989 7975
2013 990 7974
2012 991 7973
2011 992 7972
2010 993 7971
2009 994 7970
2008 995 7969
2007 996 7968
2006 997 7967
2005 998 7966
2004 999 7965
2003 1000 7964
2002 1001 7963
2001 1002 7962
2000 1003 7961
1999 1004 7960
1998 1005 7959
1997 1006 7958
1996 1007 7957
1995 1008 7956
1994 1009 7955
1993 1010 7954
1992 1011 7953
1991 1012 7952
1990 1013 7951
1989 1014 7950
1988 1015 7949
1987 1016 7948
1986 1017 7947
1985 1018 7946
1984 1019 7945
1983 1020 7944
1982 1021 7943
1981 1022 7942
1980 1023 7941
1979 1024 7940
1978 1025 7939
1977 1026 7938
1976 1027 7937
1975 1028 7936
1974 1029 7935
1973 1030 7934
1972 1031 7933
1971 1032 7932
1970 1033 7931
1969 1034 7930
1968 1035 7929
1967 1036 7928
1966 1037 7927
1965 1038 7926
1964 1039 7925
1963 1040 7924
1962 1041 7923
1961 1042 7922
1960 1043 7921
1959 1044 7920
1958 1045 7919
1957 1046 7918
1956 1047 7917
1955 1048 7916
1954 1049 7915
1953 1050 7914
1952 1051 7913
1951 1052 7912
1950 1053 7911
1949 1054 7910
1948 1055 7909
1947 1056 7908
1946 1057 7907
1945 1058 7906
1944 1059 7905
1943 1060 7904
1942 1061 7903
1941 1062 7902
1940 1063 7901
1939 1064 7900
1938 1065 7899
1937 1066 7898
1936 1067 7897
1935 1068 7896
1934 1069 7895
1933 1070 7894
1932 1071 7893
1931 1072 7892
1930 1073 7891
1929 1074 7890
1928 1075 7889
1927 1076 7888
1926 1077 7887
1925 1078 7886
1924 1079 7885
1923 1080 7884
1922 1081 7883
1921 1082 7882
1920 1083 7881
1919 1084 7880
1918 1085 7879
1917 1086 7878
1916 1087 7877
1915 1088 7876
1914 1089 7875
1913 1090 7874
1912 1091 7873
1911 1092 7872
1910 1093 7871
1909 1094 7870
1908 1095 7869
1907 1096 7868
1906 1097 7867
1905 1098 7866
1904 1099 7865
1903 1100 7864
1902 1101 7863
1901 1102 7862
1900 1103 7861
1899 1104 7860
1898 1105 7859
1897 1106 7858
1896 1107 7857
1895 1108 7856
1894 1109 7855
1893 1110 7854
1892 1111 7853
1891 1112 7852
1890 1113 7851
1889 1114 7850
1888 1115 7849
1887 1116 7848
1886 1117 7847
1885 1118 7846
1884 1119 7845
1883 1120 7844
1882 1121 7843
1881 1122 7842
1880 1123 7841
1879 1124 7840
1878 1125 7839
1877 1126 7838
1876 1127 7837
1875 1128 7836
1874 1129 7835
1873 1130 7834
1872 1131 7833
1871 1132 7832
1870 1133 7831
1869 1134 7830
1868 1135 7829
1867 1136 7828
1866 1137 7827
1865 1138 7826
1864 1139 7825
1863 1140 7824
1862 1141 7823
1861 1142 7822
1860 1143 7821
1859 1144 7820
1858 1145 7819
1857 1146 7818
1856 1147 7817
1855 1148 7816
1854 1149 7815
1853 1150 7814
1852 1151 7813
1851 1152 7812
1850 1153 7811
1849 1154 7810
1848 1155 7809
1847 1156 7808
1846 1157 7807
1845 1158 7806
1844 1159 7805
1843 1160 7804
1842 1161 7803
1841 1162 7802
1840 1163 7801
1839 1164 7800
1838 1165 7799
1837 1166 7798
1836 1167 7797
1835 1168 7796
1834 1169 7795
1833 1170 7794
1832 1171 7793
1831 1172 7792
1830 1173 7791
1829 1174 7790
1828 1175 7789
1827 1176 7788
1826 1177 7787
1825 1178 7786
1824 1179 7785
1823 1180 7784
1822 1181 7783
1821 1182 7782
1820 1183 7781
1819 1184 7780
1818 1185 7779
1817 1186 7778
1816 1187 7777
1815 1188 7776
1814 1189 7775
1813 1190 7774
1812 1191 7773
1811 1192 7772
1810 1193 7771
1809 1194 7770
1808 1195 7769
1807 1196 7768
1806 1197 7767
1805 1198 7766
1804 1199 7765
1803 1200 7764
1802 1201 7763
1801 1202 7762
1800 1203 7761
1799 1204 7760
1798 1205 7759
1797 1206 7758
1796 1207 7757
1795 1208 7756
1794 1209 7755
1793 1210 7754
1792 1211 7753
1791 1212 7752
1790 1213 7751
1789 1214 7750
1788 1215 7749
1787 1216 7748
1786 1217 7747
1785 1218 7746
1784 1219 7745
1783 1220 7744
1782 1221 7743
1781 1222 7742
1780 1223 7741
1779 1224 7740
1778 1225 7739
1777 1226 7738
1776 1227 7737
1775 1228 7736
1774 1229 7735
1773 1230 7734
1772 1231 7733
1771 1232 7732
1770 1233 7731
1769 1234 7730
1768 1235 7729
1767 1236 7728
1766 1237 7727
1765 1238 7726
1764 1239 7725
1763 1240 7724
1762 1241 7723
1761 1242 7722
1760 1243 7721
1759 1244 7720
1758 1245 7719
1757 1246 7718
1756 1247 7717
1755 1248 7716
1754 1249 7715
1753 1250 7714
1752 1251 7713
1751 1252 7712
1750 1253 7711
1749 1254 7710
1748 1255 7709
1747 1256 7708
1746 1257 7707
1745 1258 7706
1744 1259 7705
1743 1260 7704
1742 1261 7703
1741 1262 7702
1740 1263 7701
1739 1264 7700
1738 1265 7699
1737 1266 7698
1736 1267 7697
1735 1268 7696
1734 1269 7695
1733 1270 7694
1732 1271 7693
1731 1272 7692
1730 1273 7691
1729 1274 7690
1728 1275 7689
1727 1276 7688
1726 1277 7687
1725 1278 7686
1724 1279 7685
1723 1280 7684
1722 1281 7683
1721 1282 7682
1720 1283 7681
1719 1284 7680
1718 1285 7679
1717 1286 7678
1716 1287 7677
1715 1288 7676
1714 1289 7675
1713 1290 7674
1712 1291 7673
1711 1292 7672
1710 1293 7671
1709 1294 7670
1708 1295 7669
1707 1296 7668
1706 1297 7667
1705 1298 7666
1704 1299 7665
1703 1300 7664
1702 1301 7663
1701 1302 7662
1700 1303 7661
1699 1304 7660
1698 1305 7659
1697 1306 7658
1696 1307 7657
1695 1308 7656
1694 1309 7655
1693 1310 7654
1692 1311 7653
1691 1312 7652
1690 1313 7651
1689 1314 7650
1688 1315 7649
1687 1316 7648
1686 1317 7647
1685 1318 7646
1684 1319 7645
1683 1320 7644
1682 1321 7643
1681 1322 7642
1680 1323 7641
1679 1324 7640
1678 1325 7639
1677 1326 7638
1676 1327 7637
1675 1328 7636
1674 1329 7635
1673 1330 7634
1672 1331 7633
1671 1332 7632
1670 1333 7631
1669 1334 7630
1668 1335 7629
1667 1336 7628
1666 1337 7627
1665 1338 7626
1664 1339 7625
1663 1340 7624
1662 1341 7623
1661 1342 7622
1660 1343 7621
1659 1344 7620
1658 1345 7619
1657 1346 7618
1656 1347 7617
1655 1348 7616
1654 1349 7615
1653 1350 7614
1652 1351 7613
1651 1352 7612
1650 1353 7611
1649 1354 7610
1648 1355 7609
1647 1356 7608
1646 1357 7607
1645 1358 7606
1644 1359 7605
1643 1360 7604
1642 1361 7603
1641 1362 7602
1640 1363 7601
1639 1364 7600
1638 1365 7599
1637 1366 7598
1636 1367 7597
1635 1368 7596
1634 1369 7595
1633 1370 7594
1632 1371 7593
1631 1372 7592
1630 1373 7591
1629 1374 7590
1628 1375 7589
1627 1376 7588
1626 1377 7587
1625 1378 7586
1624 1379 7585
1623 1380 7584
1622 1381 7583
1621 1382 7582
1620 1383 7581
1619 1384 7580
1618 1385 7579
1617 1386 7578
1616 1387 7577
1615 1388 7576
1614 1389 7575
1613 1390 7574
1612 1391 7573
1611 1392 7572
1610 1393 7571
1609 1394 7570
1608 1395 7569
1607 1396 7568
1606 1397 7567
1605 1398 7566
1604 1399 7565
1603 1400 7564
1602 1401 7563
1601 1402 7562
1600 1403 7561
1599 1404 7560
1598 1405 7559
1597 1406 7558
1596 1407 7557
1595 1408 7556
1594 1409 7555
1593 1410 7554
1592 1411 7553
1591 1412 7552
1590 1413 7551
1589 1414 7550
1588 1415 7549
1587 1416 7548
1586 1417 7547
1585 1418 7546
1584 1419 7545
1583 1420 7544
1582 1421 7543
1581 1422 7542
1580 1423 7541
1579 1424 7540
1578 1425 7539
1577 1426 7538
1576 1427 7537
1575 1428 7536
1574 1429 7535
1573 1430 7534
1572 1431 7533
1571 1432 7532
1570 1433 7531
1569 1434 7530
1568 1435 7529
1567 1436 7528
1566 1437 7527
1565 1438 7526
1564 1439 7525
1563 1440 7524
1562 1441 7523
1561 1442 7522
1560 1443 7521
1559 1444 7520
1558 1445 7519
1557 1446 7518
1556 1447 7517
1555 1448 7516
1554 1449 7515
1553 1450 7514
1552 1451 7513
1551 1452 7512
1550 1453 7511
1549 1454 7510
1548 1455 7509
1547 1456 7508
1546 1457 7507
1545 1458 7506
1544 1459 7505
1543 1460 7504
1542 1461 7503
1541 1462 7502
1540 1463 7501
1539 1464 7500
1538 1465 7499
1537 1466 7498
1536 1467 7497
1535 1468 7496
1534 1469 7495
1533 1470 7494
1532 1471 7493
1531 1472 7492
1530 1473 7491
1529 1474 7490
1528 1475 7489
1527 1476 7488
1526 1477 7487
1525 1478 7486
1524 1479 7485
1523 1480 7484
1522 1481 7483
1521 1482 7482
1520 1483 7481
1519 1484 7480
1518 1485 7479
1517 1486 7478
1516 1487 7477
1515 1488 7476
1514 1489 7475
1513 1490 7474
1512 1491 7473
1511 1492 7472
1510 1493 7471
1509 1494 7470
1508 1495 7469
1507 1496 7468
1506 1497 7467
1505 1498 7466
1504 1499 7465
1503 1500 7464
1502 1501 7463
1501 1502 7462
1500 1503 7461
1499 1504 7460
1498 1505 7459
1497 1506 7458
1496 1507 7457
1495 1508 7456
1494 1509 7455
1493 1510 7454
1492 1511 7453
1491 1512 7452
1490 1513 7451
1489 1514 7450
1488 1515 7449
1487 1516 7448
1486 1517 7447
1485 1518 7446
1484 1519 7445
1483 1520 7444
1482 1521 7443
1481 1522 7442
1480 1523 7441
1479 1524 7440
1478 1525 7439
1477 1526 7438
1476 1527 7437
1475 1528 7436
1474 1529 7435
1473 1530 7434
1472 1531 7433
1471 1532 7432
1470 1533 7431
1469 1534 7430
1468 1535 7429
1467 1536 7428
1466 1537 7427
1465 1538 7426
1464 1539 7425
1463 1540 7424
1462 1541 7423
1461 1542 7422
1460 1543 7421
1459 1544 7420
1458 1545 7419
1457 1546 7418
1456 1547 7417
1455 1548 7416
1454 1549 7415
1453 1550 7414
1452 1551 7413
1451 1552 7412
1450 1553 7411
1449 1554 7410
1448 1555 7409
1447 1556 7408
1446 1557 7407
1445 1558 7406
1444 1559 7405
1443 1560 7404
1442 1561 7403
1441 1562 7402
1440 1563 7401
1439 1564 7400
1438 1565 7399
1437 1566 7398
1436 1567 7397
1435 1568 7396
1434 1569 7395
1433 1570 7394
1432 1571 7393
1431 1572 7392
1430 1573 7391
1429 1574 7390
1428 1575 7389
1427 1576 7388
1426 1577 7387
1425 1578 7386
1424 1579 7385
1423 1580 7384
1422 1581 7383
1421 1582 7382
1420 1583 7381
1419 1584 7380
1418 1585 7379
1417 1586 7378
1416 1587 7377
1415 1588 7376
1414 1589 7375
1413 1590 7374
1412 1591 7373
1411 1592 7372
1410 1593 7371
1409 1594 7370
1408 1595 7369
1407 1596 7368
1406 1597 7367
1405 1598 7366
1404 1599 7365
1403 1600 7364
1402 1601 7363
1401 1602 7362
1400 1603 7361
1399 1604 7360
1398 1605 7359
1397 1606 7358
1396 1607 7357
1395 1608 7356
1394 1609 7355
1393 1610 7354
1392 1611 7353
1391 1612 7352
1390 1613 7351
1389 1614 7350
1388 1615 7349
1387 1616 7348
1386 1617 7347
1385 1618 7346
1384 1619 7345
1383 1620 7344
1382 1621 7343
1381 1622 7342
1380 1623 7341
1379 1624 7340
1378 1625 7339
1377 1626 7338
1376 1627 7337
1375 1628 7336
1374 1629 7335
1373 1630 7334
1372 1631 7333
1371 1632 7332
1370 1633 7331
1369 1634 7330
1368 1635 7329
1367 1636 7328
1366 1637 7327
1365 1638 7326
1364 1639 7325
1363 1640 7324
1362 1641 7323
1361 1642 7322
1360 1643 7321
1359 1644 7320
1358 1645 7319
1357 1646 7318
1356 1647 7317
1355 1648 7316
1354 1649 7315
1353 1650 7314
1352 1651 7313
1351 1652 7312
1350 1653 7311
1349 1654 7310
1348 1655 7309
1347 1656 7308
1346 1657 7307
1345 1658 7306
1344 1659 7305
1343 1660 7304
1342 1661 7303
1341 1662 7302
1340 1663 7301
1339 1664 7300
1338 1665 7299
1337 1666 7298
1336 1667 7297
1335 1668 7296
1334 1669 7295
1333 1670 7294
1332 1671 7293
1331 1672 7292
1330 1673 7291
1329 1674 7290
1328 1675 7289
1327 1676 7288
1326 1677 7287
1325 1678 7286
1324 1679 7285
1323 1680 7284
1322 1681 7283
1321 1682 7282
1320 1683 7281
1319 1684 7280
1318 1685 7279
1317 1686 7278
1316 1687 7277
1315 1688 7276
1314 1689 7275
1313 1690 7274
1312 1691 7273
1311 1692 7272
1310 1693 7271
1309 1694 7270
1308 1695 7269
1307 1696 7268
1306 1697 7267
1305 1698 7266
1304 1699 7265
1303 1700 7264
1302 1701 7263
1301 1702 7262
1300 1703 7261
1299 1704 7260
1298 1705 7259
1297 1706 7258
1296 1707 7257
1295 1708 7256
1294 1709 7255
1293 1710 7254
1292 1711 7253
1291 1712 7252
1290 1713 7251
1289 1714 7250
1288 1715 7249
1287 1716 7248
1286 1717 7247
1285 1718 7246
1284 1719 7245
1283 1720 7244
1282 1721 7243
1281 1722 7242
1280 1723 7241
1279 1724 7240
1278 1725 7239
1277 1726 7238
1276 1727 7237
1275 1728 7236
1274 1729 7235
1273 1730 7234
1272 1731 7233
1271 1732 7232
1270 1733 7231
1269 1734 7230
1268 1735 7229
1267 1736 7228
1266 1737 7227
1265 1738 7226
1264 1739 7225
1263 1740 7224
1262 1741 7223
1261 1742 7222
1260 1743 7221
1259 1744 7220
1258 1745 7219
1257 1746 7218
1256 1747 7217
1255 1748 7216
1254 1749 7215
1253 1750 7214
1252 1751 7213
1251 1752 7212
1250 1753 7211
1249 1754 7210
1248 1755 7209
1247 1756 7208
1246 1757 7207
1245 1758 7206
1244 1759 7205
1243 1760 7204
1242 1761 7203
1241 1762 7202
1240 1763 7201
1239 1764 7200
1238 1765 7199
1237 1766 7198
1236 1767 7197
1235 1768 7196
1234 1769 7195
1233 1770 7194
1232 1771 7193
1231 1772 7192
1230 1773 7191
1229 1774 7190
1228 1775 7189
1227 1776 7188
1226 1777 7187
1225 1778 7186
1224 1779 7185
1223 1780 7184
1222 1781 7183
1221 1782 7182
1220 1783 7181
1219 1784 7180
1218 1785 7179
1217 1786 7178
1216 1787 7177
1215 1788 7176
1214 1789 7175
1213 1790 7174
1212 1791 7173
1211 1792 7172
1210 1793 7171
1209 1794 7170
1208 1795 7169
1207 1796 7168
1206 1797 7167
1205 1798 7166
1204 1799 7165
1203 1800 7164
1202 1801 7163
1201 1802 7162
1200 1803 7161
1199 1804 7160
1198 1805 7159
1197 1806 7158
1196 1807 7157
1195 1808 7156
1194 1809 7155
1193 1810 7154
1192 1811 7153
1191 1812 7152
1190 1813 7151
1189 1814 7150
1188 1815 7149
1187 1816 7148
1186 1817 7147
1185 1818 7146
1184 1819 7145
1183 1820 7144
1182 1821 7143
1181 1822 7142
1180 1823 7141
1179 1824 7140
1178 1825 7139
1177 1826 7138
1176 1827 7137
1175 1828 7136
1174 1829 7135
1173 1830 7134
1172 1831 7133
1171 1832 7132
1170 1833 7131
1169 1834 7130
1168 1835 7129
1167 1836 7128
1166 1837 7127
1165 1838 7126
1164 1839 7125
1163 1840 7124
1162 1841 7123
1161 1842 7122
1160 1843 7121
1159 1844 7120
1158 1845 7119
1157 1846 7118
1156 1847 7117
1155 1848 7116
1154 1849 7115
1153 1850 7114
1152 1851 7113
1151 1852 7112
1150 1853 7111
1149 1854 7110
1148 1855 7109
1147 1856 7108
1146 1857 7107
1145 1858 7106
1144 1859 7105
1143 1860 7104
1142 1861 7103
1141 1862 7102
1140 1863 7101
1139 1864 7100
1138 1865 7099
1137 1866 7098
1136 1867 7097
1135 1868 7096
1134 1869 7095
1133 1870 7094
1132 1871 7093
1131 1872 7092
1130 1873 7091
1129 1874 7090
1128 1875 7089
1127 1876 7088
1126 1877 7087
1125 1878 7086
1124 1879 7085
1123 1880 7084
1122 1881 7083
1121 1882 7082
1120 1883 7081
1119 1884 7080
1118 1885 7079
1117 1886 7078
1116 1887 7077
1115 1888 7076
1114 1889 7075
1113 1890 7074
1112 1891 7073
1111 1892 7072
1110 1893 7071
1109 1894 7070
1108 1895 7069
1107 1896 7068
1106 1897 7067
1105 1898 7066
1104 1899 7065
1103 1900 7064
1102 1901 7063
1101 1902 7062
1100 1903 7061
1099 1904 7060
1098 1905 7059
1097 1906 7058
1096 1907 7057
1095 1908 7056
1094 1909 7055
1093 1910 7054
1092 1911 7053
1091 1912 7052
1090 1913 7051
1089 1914 7050
1088 1915 7049
1087 1916 7048
1086 1917 7047
1085 1918 7046
1084 1919 7045
1083 1920 7044
1082 1921 7043
1081 1922 7042
1080 1923 7041
1079 1924 7040
1078 1925 7039
1077 1926 7038
1076 1927 7037
1075 1928 7036
1074 1929 7035
1073 1930 7034
1072 1931 7033
1071 1932 7032
1070 1933 7031
1069 1934 7030
1068 1935 7029
1067 1936 7028
1066 1937 7027
1065 1938 7026
1064 1939 7025
1063 1940 7024
1062 1941 7023
1061 1942 7022
1060 1943 7021
1059 1944 7020
1058 1945 7019
1057 1946 7018
1056 1947 7017
1055 1948 7016
1054 1949 7015
1053 1950 7014
1052 1951 7013
1051 1952 7012
1050 1953 7011
1049 1954 7010
1048 1955 7009
1047 1956 7008
1046 1957 7007
1045 1958 7006
1044 1959 7005
1043 1960 7004
1042 1961 7003
1041 1962 7002
1040 1963 7001
1039 1964 7000
1038 1965 6999
1037 1966 6998
1036 1967 6997
1035 1968 6996
1034 1969 6995
1033 1970 6994
1032 1971 6993
1031 1972 6992
1030 1973 6991
1029 1974 6990
1028 1975 6989
1027 1976 6988
1026 1977 6987
1025 1978 6986
1024 1979 6985
1023 1980 6984
1022 1981 6983
1021 1982 6982
1020 1983 6981
1019 1984 6980
1018 1985 6979
1017 1986 6978
1016 1987 6977
1015 1988 6976
1014 1989 6975
1013 1990 6974
1012 1991 6973
1011 1992 6972
1010 1993 6971
1009 1994 6970
1008 1995 6969
1007 1996 6968
1006 1997 6967
1005 1998 6966
1004 1999 6965
1003 2000 6964
1002 2001 6963
1001 2002 6962
1000 2003 6961
999 2004 6960
998 2005 6959
997 2006 6958
996 2007 6957
995 2008 6956
994 2009 6955
993 2010 6954
992 2011 6953
991 2012 6952
990 2013 6951
989 2014 6950
988 2015 6949
987 2016 6948
986 2017 6947
985 2018 6946
984 2019 6945
983 2020 6944
982 2021 6943
981 2022 6942
980 2023 6941
979 2024 6940
978 2025 6939
977 2026 6938
976 2027 6937
975 2028 6936
974 2029 6935
973 2030 6934
972 2031 6933
971 2032 6932
970 2033 6931
969 2034 6930
968 2035 6929
967 2036 6928
966 2037 6927
965 2038 6926
964 2039 6925
963 2040 6924
962 2041 6923
961 2042 6922
960 2043 6921
959 2044 6920
958 2045 6919
957 2046 6918
956 2047 6917
955 2048 6916
954 2049 6915
953 2050 6914
952 2051 6913
951 2052 6912
950 2053 6911
949 2054 6910
948 2055 6909
947 2056 6908
946 2057 6907
945 2058 6906
944 2059 6905
943 2060 6904
942 2061 6903
941 2062 6902
940 2063 6901
939 2064 6900
938 2065 6899
937 2066 6898
936 2067 6897
935 2068 6896
934 2069 6895
933 2070 6894
932 2071 6893
931 2072 6892
930 2073 6891
929 2074 6890
928 2075 6889
927 2076 6888
926 2077 6887
925 2078 6886
924 2079 6885
923 2080 6884
922 2081 6883
921 2082 6882
920 2083 6881
919 2084 6880
918 2085 6879
917 2086 6878
916 2087 6877
915 2088 6876
914 2089 6875
913 2090 6874
912 2091 6873
911 2092 6872
910 2093 6871
909 2094 6870
908 2095 6869
907 2096 6868
906 2097 6867
905 2098 6866
904 2099 6865
903 2100 6864
902 2101 6863
901 2102 6862
900 2103 6861
899 2104 6860
898 2105 6859
897 2106 6858
896 2107 6857
895 2108 6856
894 2109 6855
893 2110 6854
892 2111 6853
891 2112 6852
890 2113 6851
889 2114 6850
888 2115 6849
887 2116 6848
886 2117 6847
885 2118 6846
884 2119 6845
883 2120 6844
882 2121 6843
881 2122 6842
880 2123 6841
879 2124 6840
878 2125 6839
877 2126 6838
876 2127 6837
875 2128 6836
874 2129 6835
873 2130 6834
872 2131 6833
871 2132 6832
870 2133 6831
869 2134 6830
868 2135 6829
867 2136 6828
866 2137 6827
865 2138 6826
864 2139 6825
863 2140 6824
862 2141 6823
861 2142 6822
860 2143 6821
859 2144 6820
858 2145 6819
857 2146 6818
856 2147 6817
855 2148 6816
854 2149 6815
853 2150 6814
852 2151 6813
851 2152 6812
850 2153 6811
849 2154 6810
848 2155 6809
847 2156 6808
846 2157 6807
845 2158 6806
844 2159 6805
843 2160 6804
842 2161 6803
841 2162 6802
840 2163 6801
839 2164 6800
838 2165 6799
837 2166 6798
836 2167 6797
835 2168 6796
834 2169 6795
833 2170 6794
832 2171 6793
831 2172 6792
830 2173 6791
829 2174 6790
828 2175 6789
827 2176 6788
826 2177 6787
825 2178 6786
824 2179 6785
823 2180 6784
822 2181 6783
821 2182 6782
820 2183 6781
819 2184 6780
818 2185 6779
817 2186 6778
816 2187 6777
815 2188 6776
814 2189 6775
813 2190 6774
812 2191 6773
811 2192 6772
810 2193 6771
809 2194 6770
808 2195 6769
807 2196 6768
806 2197 6767
805 2198 6766
804 2199 6765
803 2200 6764
802 2201 6763
801 2202 6762
800 2203 6761
799 2204 6760
798 2205 6759
797 2206 6758
796 2207 6757
795 2208 6756
794 2209 6755
793 2210 6754
792 2211 6753
791 2212 6752
790 2213 6751
789 2214 6750
788 2215 6749
787 2216 6748
786 2217 6747
785 2218 6746
784 2219 6745
783 2220 6744
782 2221 6743
781 2222 6742
780 2223 6741
779 2224 6740
778 2225 6739
777 2226 6738
776 2227 6737
775 2228 6736
774 2229 6735
773 2230 6734
772 2231 6733
771 2232 6732
770 2233 6731
769 2234 6730
768 2235 6729
767 2236 6728
766 2237 6727
765 2238 6726
764 2239 6725
763 2240 6724
762 2241 6723
761 2242 6722
760 2243 6721
759 2244 6720
758 2245 6719
757 2246 6718
756 2247 6717
755 2248 6716
754 2249 6715
753 2250 6714
752 2251 6713
751 2252 6712
750 2253 6711
749 2254 6710
748 2255 6709
747 2256 6708
746 2257 6707
745 2258 6706
744 2259 6705
743 2260 6704
742 2261 6703
741 2262 6702
740 2263 6701
739 2264 6700
738 2265 6699
737 2266 6698
736 2267 6697
735 2268 6696
734 2269 6695
733 2270 6694
732 2271 6693
731 2272 6692
730 2273 6691
729 2274 6690
728 2275 6689
727 2276 6688
726 2277 6687
725 2278 6686
724 2279 6685
723 2280 6684
722 2281 6683
721 2282 6682
720 2283 6681
719 2284 6680
718 2285 6679
717 2286 6678
716 2287 6677
715 2288 6676
714 2289 6675
713 2290 6674
712 2291 6673
711 2292 6672
710 2293 6671
709 2294 6670
708 2295 6669
707 2296 6668
706 2297 6667
705 2298 6666
704 2299 6665
703 2300 6664
702 2301 6663
701 2302 6662
700 2303 6661
699 2304 6660
698 2305 6659
697 2306 6658
696 2307 6657
695 2308 6656
694 2309 6655
693 2310 6654
692 2311 6653
691 2312 6652
690 2313 6651
689 2314 6650
688 2315 6649
687 2316 6648
686 2317 6647
685 2318 6646
684 2319 6645
683 2320 6644
682 2321 6643
681 2322 6642
680 2323 6641
679 2324 6640
678 2325 6639
677 2326 6638
676 2327 6637
675 2328 6636
674 2329 6635
673 2330 6634
672 2331 6633
671 2332 6632
670 2333 6631
669 2334 6630
668 2335 6629
667 2336 6628
666 2337 6627
665 2338 6626
664 2339 6625
663 2340 6624
662 2341 6623
661 2342 6622
660 2343 6621
659 2344 6620
658 2345 6619
657 2346 6618
656 2347 6617
655 2348 6616
654 2349 6615
653 2350 6614
652 2351 6613
651 2352 6612
650 2353 6611
649 2354 6610
648 2355 6609
647 2356 6608
646 2357 6607
645 2358 6606
644 2359 6605
643 2360 6604
642 2361 6603
641 2362 6602
640 2363 6601
639 2364 6600
638 2365 6599
637 2366 6598
636 2367 6597
635 2368 6596
634 2369 6595
633 2370 6594
632 2371 6593
631 2372 6592
630 2373 6591
629 2374 6590
628 2375 6589
627 2376 6588
626 2377 6587
625 2378 6586
624 2379 6585
623 2380 6584
622 2381 6583
621 2382 6582
620 2383 6581
619 2384 6580
618 2385 6579
617 2386 6578
616 2387 6577
615 2388 6576
614 2389 6575
613 2390 6574
612 2391 6573
611 2392 6572
610 2393 6571
609 2394 6570
608 2395 6569
607 2396 6568
606 2397 6567
605 2398 6566
604 2399 6565
603 2400 6564
602 2401 6563
601 2402 6562
600 2403 6561
599 2404 6560
598 2405 6559
597 2406 6558
596 2407 6557
595 2408 6556
594 2409 6555
593 2410 6554
592 2411 6553
591 2412 6552
590 2413 6551
589 2414 6550
588 2415 6549
587 2416 6548
586 2417 6547
585 2418 6546
584 2419 6545
583 2420 6544
582 2421 6543
581 2422 6542
580 2423 6541
579 2424 6540
578 2425 6539
577 2426 6538
576 2427 6537
575 2428 6536
574 2429 6535
573 2430 6534
572 2431 6533
571 2432 6532
570 2433 6531
569 2434 6530
568 2435 6529
567 2436 6528
566 2437 6527
565 2438 6526
564 2439 6525
563 2440 6524
562 2441 6523
561 2442 6522
560 2443 6521
559 2444 6520
558 2445 6519
557 2446 6518
556 2447 6517
555 2448 6516
554 2449 6515
553 2450 6514
552 2451 6513
551 2452 6512
550 2453 6511
549 2454 6510
548 2455 6509
547 2456 6508
546 2457 6507
545 2458 6506
544 2459 6505
543 2460 6504
542 2461 6503
541 2462 6502
540 2463 6501
539 2464 6500
538 2465 6499
537 2466 6498
536 2467 6497
535 2468 6496
534 2469 6495
533 2470 6494
532 2471 6493
531 2472 6492
530 2473 6491
529 2474 6490
528 2475 6489
527 2476 6488
526 2477 6487
525 2478 6486
524 2479 6485
523 2480 6484
522 2481 6483
521 2482 6482
520 2483 6481
519 2484 6480
518 2485 6479
517 2486 6478
516 2487 6477
515 2488 6476
514 2489 6475
513 2490 6474
512 2491 6473
511 2492 6472
510 2493 6471
509 2494 6470
508 2495 6469
507 2496 6468
506 2497 6467
505 2498 6466
504 2499 6465
503 2500 6464
502 2501 6463
501 2502 6462
500 2503 6461
499 2504 6460
498 2505 6459
497 2506 6458
496 2507 6457
495 2508 6456
494 2509 6455
493 2510 6454
492 2511 6453
491 2512 6452
490 2513 6451
489 2514 6450
488 2515 6449
487 2516 6448
486 2517 6447
485 2518 6446
484 2519 6445
483 2520 6444
482 2521 6443
481 2522 6442
480 2523 6441
479 2524 6440
478 2525 6439
477 2526 6438
476 2527 6437
475 2528 6436
474 2529 6435
473 2530 6434
472 2531 6433
471 2532 6432
470 2533 6431
469 2534 6430
468 2535 6429
467 2536 6428
466 2537 6427
465 2538 6426
464 2539 6425
463 2540 6424
462 2541 6423
461 2542 6422
460 2543 6421
459 2544 6420
458 2545 6419
457 2546 6418
456 2547 6417
455 2548 6416
454 2549 6415
453 2550 6414
452 2551 6413
451 2552 6412
450 2553 6411
449 2554 6410
448 2555 6409
447 2556 6408
446 2557 6407
445 2558 6406
444 2559 6405
443 2560 6404
442 2561 6403
441 2562 6402
440 2563 6401
439 2564 6400
438 2565 6399
437 2566 6398
436 2567 6397
435 2568 6396
434 2569 6395
433 2570 6394
432 2571 6393
431 2572 6392
430 2573 6391
429 2574 6390
428 2575 6389
427 2576 6388
426 2577 6387
425 2578 6386
424 2579 6385
423 2580 6384
422 2581 6383
421 2582 6382
420 2583 6381
419 2584 6380
418 2585 6379
417 2586 6378
416 2587 6377
415 2588 6376
414 2589 6375
413 2590 6374
412 2591 6373
411 2592 6372
410 2593 6371
409 2594 6370
408 2595 6369
407 2596 6368
406 2597 6367
405 2598 6366
404 2599 6365
403 2600 6364
402 2601 6363
401 2602 6362
400 2603 6361
399 2604 6360
398 2605 6359
397 2606 6358
396 2607 6357
395 2608 6356
394 2609 6355
393 2610 6354
392 2611 6353
391 2612 6352
390 2613 6351
389 2614 6350
388 2615 6349
387 2616 6348
386 2617 6347
385 2618 6346
384 2619 6345
383 2620 6344
382 2621 6343
381 2622 6342
380 2623 6341
379 2624 6340
378 2625 6339
377 2626 6338
376 2627 6337
375 2628 6336
374 2629 6335
373 2630 6334
372 2631 6333
371 2632 6332
370 2633 6331
369 2634 6330
368 2635 6329
367 2636 6328
366 2637 6327
365 2638 6326
364 2639 6325
363 2640 6324
362 2641 6323
361 2642 6322
360 2643 6321
359 2644 6320
358 2645 6319
357 2646 6318
356 2647 6317
355 2648 6316
354 2649 6315
353 2650 6314
352 2651 6313
351 2652 6312
350 2653 6311
349 2654 6310
348 2655 6309
347 2656 6308
346 2657 6307
345 2658 6306
344 2659 6305
343 2660 6304
342 2661 6303
341 2662 6302
340 2663 6301
339 2664 6300
338 2665 6299
337 2666 6298
336 2667 6297
335 2668 6296
334 2669 6295
333 2670 6294
332 2671 6293
331 2672 6292
330 2673 6291
329 2674 6290
328 2675 6289
327 2676 6288
326 2677 6287
325 2678 6286
324 2679 6285
323 2680 6284
322 2681 6283
321 2682 6282
320 2683 6281
319 2684 6280
318 2685 6279
317 2686 6278
316 2687 6277
315 2688 6276
314 2689 6275
313 2690 6274
312 2691 6273
311 2692 6272
310 2693 6271
309 2694 6270
308 2695 6269
307 2696 6268
306 2697 6267
305 2698 6266
304 2699 6265
303 2700 6264
302 2701 6263
301 2702 6262
300 2703 6261
299 2704 6260
298 2705 6259
297 2706 6258
296 2707 6257
295 2708 6256
294 2709 6255
293 2710 6254
292 2711 6253
291 2712 6252
290 2713 6251
289 2714 6250
288 2715 6249
287 2716 6248
286 2717 6247
285 2718 6246
284 2719 6245
283 2720 6244
282 2721 6243
281 2722 6242
280 2723 6241
279 2724 6240
278 2725 6239
277 2726 6238
276 2727 6237
275 2728 6236
274 2729 6235
273 2730 6234
272 2731 6233
271 2732 6232
270 2733 6231
269 2734 6230
268 2735 6229
267 2736 6228
266 2737 6227
265 2738 6226
264 2739 6225
263 2740 6224
262 2741 6223
261 2742 6222
260 2743 6221
259 2744 6220
258 2745 6219
257 2746 6218
256 2747 6217
255 2748 6216
254 2749 6215
253 2750 6214
252 2751 6213
251 2752 6212
250 2753 6211
249 2754 6210
248 2755 6209
247 2756 6208
246 2757 6207
245 2758 6206
244 2759 6205
243 2760 6204
242 2761 6203
241 2762 6202
240 2763 6201
239 2764 6200
238 2765 6199
237 2766 6198
236 2767 6197
235 2768 6196
234 2769 6195
233 2770 6194
232 2771 6193
231 2772 6192
230 2773 6191
229 2774 6190
228 2775 6189
227 2776 6188
226 2777 6187
225 2778 6186
224 2779 6185
223 2780 6184
222 2781 6183
221 2782 6182
220 2783 6181
219 2784 6180
218 2785 6179
217 2786 6178
216 2787 6177
215 2788 6176
214 2789 6175
213 2790 6174
212 2791 6173
211 2792 6172
210 2793 6171
209 2794 6170
208 2795 6169
207 2796 6168
206 2797 6167
205 2798 6166
204 2799 6165
203 2800 6164
202 2801 6163
201 2802 6162
200 2803 6161
199 2804 6160
198 2805 6159
197 2806 6158
196 2807 6157
195 2808 6156
194 2809 6155
193 2810 6154
192 2811 6153
191 2812 6152
190 2813 6151
189 2814 6150
188 2815 6149
187 2816 6148
186 2817 6147
185 2818 6146
184 2819 6145
183 2820 6144
182 2821 6143
181 2822 6142
180 2823 6141
179 2824 6140
178 2825 6139
177 2826 6138
176 2827 6137
175 2828 6136
174 2829 6135
173 2830 6134
172 2831 6133
171 2832 6132
170 2833 6131
169 2834 6130
168 2835 6129
167 2836 6128
166 2837 6127
165 2838 6126
164 2839 6125
163 2840 6124
162 2841 6123
161 2842 6122
160 2843 6121
159 2844 6120
158 2845 6119
157 2846 6118
156 2847 6117
155 2848 6116
154 2849 6115
153 2850 6114
152 2851 6113
151 2852 6112
150 2853 6111
149 2854 6110
148 2855 6109
147 2856 6108
146 2857 6107
145 2858 6106
144 2859 6105
143 2860 6104
142 2861 6103
141 2862 6102
140 2863 6101
139 2864 6100
138 2865 6099
137 2866 6098
136 2867 6097
135 2868 6096
134 2869 6095
133 2870 6094
132 2871 6093
131 2872 6092
130 2873 6091
129 2874 6090
128 2875 6089
127 2876 6088
126 2877 6087
125 2878 6086
124 2879 6085
123 2880 6084
122 2881 6083
121 2882 6082
120 2883 6081
119 2884 6080
118 2885 6079
117 2886 6078
116 2887 6077
115 2888 6076
114 2889 6075
113 2890 6074
112 2891 6073
111 2892 6072
110 2893 6071
109 2894 6070
108 2895 6069
107 2896 6068
106 2897 6067
105 2898 6066
104 2899 6065
103 2900 6064
102 2901 6063
101 2902 6062
100 2903 6061
99 2904 6060
98 2905 6059
97 2906 6058
96 2907 6057
95 2908 6056
94 2909 6055
93 2910 6054
92 2911 6053
91 2912 6052
90 2913 6051
89 2914 6050
88 2915 6049
87 2916 6048
86 2917 6047
85 2918 6046
84 2919 6045
83 2920 6044
82 2921 6043
81 2922 6042
80 2923 6041
79 2924 6040
78 2925 6039
77 2926 6038
76 2927 6037
75 2928 6036
74 2929 6035
73 2930 6034
72 2931 6033
71 2932 6032
70 2933 6031
69 2934 6030
68 2935 6029
67 2936 6028
66 2937 6027
65 2938 6026
64 2939 6025
63 2940 6024
62 2941 6023
61 2942 6022
60 2943 6021
59 2944 6020
58 2945 6019
57 2946 6018
56 2947 6017
55 2948 6016
54 2949 6015
53 2950 6014
52 2951 6013
51 2952 6012
50 2953 6011
49 2954 6010
48 2955 6009
47 2956 6008
46 2957 6007
45 2958 6006
44 2959 6005
43 2960 6004
42 2961 6003
41 2962 6002
40 2963 6001
