1270
3000 3 7270
2999 4 7269
2998 5 7268
2997 6 7267
2996 7 7266
2995 8 7265
2994 9 7264
2993 10 7263
2992 11 7262
2991 12 7261
2990 13 7260
2989 14 7259
2988 15 7258
2987 16 7257
2986 17 7256
2985 18 7255
2984 19 7254
2983 20 7253
2982 21 7252
2981 22 7251
2980 23 7250
2979 24 7249
2978 25 7248
2977 26 7247
2976 27 7246
2975 28 7245
2974 29 7244
2973 30 7243
2972 31 7242
2971 32 7241
2970 33 7240
2969 34 7239
2968 35 7238
2967 36 7237
2966 37 7236
2965 38 7235
2964 39 7234
2963 40 7233
2962 41 7232
2961 42 7231
2960 43 7230
2959 44 7229
2958 45 7228
2957 46 7227
2956 47 7226
2955 48 7225
2954 49 7224
2953 50 7223
2952 51 7222
2951 52 7221
2950 53 7220
2949 54 7219
2948 55 7218
2947 56 7217
2946 57 7216
2945 58 7215
2944 59 7214
2943 60 7213
2942 61 7212
2941 62 7211
2940 63 7210
2939 64 7209
2938 65 7208
2937 66 7207
2936 67 7206
2935 68 7205
2934 69 7204
2933 70 7203
2932 71 7202
2931 72 7201
2930 73 7200
2929 74 7199
2928 75 7198
2927 76 7197
2926 77 7196
2925 78 7195
2924 79 7194
2923 80 7193
2922 81 7192
2921 82 7191
2920 83 7190
2919 84 7189
2918 85 7188
2917 86 7187
2916 87 7186
2915 88 7185
2914 89 7184
2913 90 7183
2912 91 7182
2911 92 7181
2910 93 7180
2909 94 7179
2908 95 7178
2907 96 7177
2906 97 7176
2905 98 7175
2904 99 7174
2903 100 7173
2902 101 7172
2901 102 7171
2900 103 7170
2899 104 7169
2898 105 7168
2897 106 7167
2896 107 7166
2895 108 7165
2894 109 7164
2893 110 7163
2892 111 7162
2891 112 7161
2890 113 7160
2889 114 7159
2888 115 7158
2887 116 7157
2886 117 7156
2885 118 7155
2884 119 7154
2883 120 7153
2882 121 7152
2881 122 7151
2880 123 7150
2879 124 7149
2878 125 7148
2877 126 7147
2876 127 7146
2875 128 7145
2874 129 7144
2873 130 7143
2872 131 7142
2871 132 7141
2870 133 7140
2869 134 7139
2868 135 7138
2867 136 7137
2866 137 7136
2865 138 7135
2864 139 7134
2863 140 7133
2862 141 7132
2861 142 7131
2860 143 7130
2859 144 7129
2858 145 7128
2857 146 7127
2856 147 7126
2855 148 7125
2854 149 7124
2853 150 7123
2852 151 7122
2851 152 7121
2850 153 7120
2849 154 7119
2848 155 7118
2847 156 7117
2846 157 7116
2845 158 7115
2844 159 7114
2843 160 7113
2842 161 7112
2841 162 7111
2840 163 7110
2839 164 7109
2838 165 7108
2837 166 7107
2836 167 7106
2835 168 7105
2834 169 7104
2833 170 7103
2832 171 7102
2831 172 7101
2830 173 7100
2829 174 7099
2828 175 7098
2827 176 7097
2826 177 7096
2825 178 7095
2824 179 7094
2823 180 7093
2822 181 7092
2821 182 7091
2820 183 7090
2819 184 7089
2818 185 7088
2817 186 7087
2816 187 7086
2815 188 7085
2814 189 7084
2813 190 7083
2812 191 7082
2811 192 7081
2810 193 7080
2809 194 7079
2808 195 7078
2807 196 7077
2806 197 7076
2805 198 7075
2804 199 7074
2803 200 7073
2802 201 7072
2801 202 7071
2800 203 7070
2799 204 7069
2798 205 7068
2797 206 7067
2796 207 7066
2795 208 7065
2794 209 7064
2793 210 7063
2792 211 7062
2791 212 7061
2790 213 7060
2789 214 7059
2788 215 7058
2787 216 7057
2786 217 7056
2785 218 7055
2784 219 7054
2783 220 7053
2782 221 7052
2781 222 7051
2780 223 7050
2779 224 7049
2778 225 7048
2777 226 7047
2776 227 7046
2775 228 7045
2774 229 7044
2773 230 7043
2772 231 7042
2771 232 7041
2770 233 7040
2769 234 7039
2768 235 7038
2767 236 7037
2766 237 7036
2765 238 7035
2764 239 7034
2763 240 7033
2762 241 7032
2761 242 7031
2760 243 7030
2759 244 7029
2758 245 7028
2757 246 7027
2756 247 7026
2755 248 7025
2754 249 7024
2753 250 7023
2752 251 7022
2751 252 7021
2750 253 7020
2749 254 7019
2748 255 7018
2747 256 7017
2746 257 7016
2745 258 7015
2744 259 7014
2743 260 7013
2742 261 7012
2741 262 7011
2740 263 7010
2739 264 7009
2738 265 7008
2737 266 7007
2736 267 7006
2735 268 7005
2734 269 7004
2733 270 7003
2732 271 7002
2731 272 7001
2730 273 7000
2729 274 6999
2728 275 6998
2727 276 6997
2726 277 6996
2725 278 6995
2724 279 6994
2723 280 6993
2722 281 6992
2721 282 6991
2720 283 6990
2719 284 6989
2718 285 6988
2717 286 6987
2716 287 6986
2715 288 6985
2714 289 6984
2713 290 6983
2712 291 6982
2711 292 6981
2710 293 6980
2709 294 6979
2708 295 6978
2707 296 6977
2706 297 6976
2705 298 6975
2704 299 6974
2703 300 6973
2702 301 6972
2701 302 6971
2700 303 6970
2699 304 6969
2698 305 6968
2697 306 6967
2696 307 6966
2695 308 6965
2694 309 6964
2693 310 6963
2692 311 6962
2691 312 6961
2690 313 6960
2689 314 6959
2688 315 6958
2687 316 6957
2686 317 6956
2685 318 6955
2684 319 6954
2683 320 6953
2682 321 6952
2681 322 6951
2680 323 6950
2679 324 6949
2678 325 6948
2677 326 6947
2676 327 6946
2675 328 6945
2674 329 6944
2673 330 6943
2672 331 6942
2671 332 6941
2670 333 6940
2669 334 6939
2668 335 6938
2667 336 6937
2666 337 6936
2665 338 6935
2664 339 6934
2663 340 6933
2662 341 6932
2661 342 6931
2660 343 6930
2659 344 6929
2658 345 6928
2657 346 6927
2656 347 6926
2655 348 6925
2654 349 6924
2653 350 6923
2652 351 6922
2651 352 6921
2650 353 6920
2649 354 6919
2648 355 6918
2647 356 6917
2646 357 6916
2645 358 6915
2644 359 6914
2643 360 6913
2642 361 6912
2641 362 6911
2640 363 6910
2639 364 6909
2638 365 6908
2637 366 6907
2636 367 6906
2635 368 6905
2634 369 6904
2633 370 6903
2632 371 6902
2631 372 6901
2630 373 6900
2629 374 6899
2628 375 6898
2627 376 6897
2626 377 6896
2625 378 6895
2624 379 6894
2623 380 6893
2622 381 6892
2621 382 6891
2620 383 6890
2619 384 6889
2618 385 6888
2617 386 6887
2616 387 6886
2615 388 6885
2614 389 6884
2613 390 6883
2612 391 6882
2611 392 6881
2610 393 6880
2609 394 6879
2608 395 6878
2607 396 6877
2606 397 6876
2605 398 6875
2604 399 6874
2603 400 6873
2602 401 6872
2601 402 6871
2600 403 6870
2599 404 6869
2598 405 6868
2597 406 6867
2596 407 6866
2595 408 6865
2594 409 6864
2593 410 6863
2592 411 6862
2591 412 6861
2590 413 6860
2589 414 6859
2588 415 6858
2587 416 6857
2586 417 6856
2585 418 6855
2584 419 6854
2583 420 6853
2582 421 6852
2581 422 6851
2580 423 6850
2579 424 6849
2578 425 6848
2577 426 6847
2576 427 6846
2575 428 6845
2574 429 6844
2573 430 6843
2572 431 6842
2571 432 6841
2570 433 6840
2569 434 6839
2568 435 6838
2567 436 6837
2566 437 6836
2565 438 6835
2564 439 6834
2563 440 6833
2562 441 6832
2561 442 6831
2560 443 6830
2559 444 6829
2558 445 6828
2557 446 6827
2556 447 6826
2555 448 6825
2554 449 6824
2553 450 6823
2552 451 6822
2551 452 6821
2550 453 6820
2549 454 6819
2548 455 6818
2547 456 6817
2546 457 6816
2545 458 6815
2544 459 6814
2543 460 6813
2542 461 6812
2541 462 6811
2540 463 6810
2539 464 6809
2538 465 6808
2537 466 6807
2536 467 6806
2535 468 6805
2534 469 6804
2533 470 6803
2532 471 6802
2531 472 6801
2530 473 6800
2529 474 6799
2528 475 6798
2527 476 6797
2526 477 6796
2525 478 6795
2524 479 6794
2523 480 6793
2522 481 6792
2521 482 6791
2520 483 6790
2519 484 6789
2518 485 6788
2517 486 6787
2516 487 6786
2515 488 6785
2514 489 6784
2513 490 6783
2512 491 6782
2511 492 6781
2510 493 6780
2509 494 6779
2508 495 6778
2507 496 6777
2506 497 6776
2505 498 6775
2504 499 6774
2503 500 6773
2502 501 6772
2501 502 6771
2500 503 6770
2499 504 6769
2498 505 6768
2497 506 6767
2496 507 6766
2495 508 6765
2494 509 6764
2493 510 6763
2492 511 6762
2491 512 6761
2490 513 6760
2489 514 6759
2488 515 6758
2487 516 6757
2486 517 6756
2485 518 6755
2484 519 6754
2483 520 6753
2482 521 6752
2481 522 6751
2480 523 6750
2479 524 6749
2478 525 6748
2477 526 6747
2476 527 6746
2475 528 6745
2474 529 6744
2473 530 6743
2472 531 6742
2471 532 6741
2470 533 6740
2469 534 6739
2468 535 6738
2467 536 6737
2466 537 6736
2465 538 6735
2464 539 6734
2463 540 6733
2462 541 6732
2461 542 6731
2460 543 6730
2459 544 6729
2458 545 6728
2457 546 6727
2456 547 6726
2455 548 6725
2454 549 6724
2453 550 6723
2452 551 6722
2451 552 6721
2450 553 6720
2449 554 6719
2448 555 6718
2447 556 6717
2446 557 6716
2445 558 6715
2444 559 6714
2443 560 6713
2442 561 6712
2441 562 6711
2440 563 6710
2439 564 6709
2438 565 6708
2437 566 6707
2436 567 6706
2435 568 6705
2434 569 6704
2433 570 6703
2432 571 6702
2431 572 6701
2430 573 6700
2429 574 6699
2428 575 6698
2427 576 6697
2426 577 6696
2425 578 6695
2424 579 6694
2423 580 6693
2422 581 6692
2421 582 6691
2420 583 6690
2419 584 6689
2418 585 6688
2417 586 6687
2416 587 6686
2415 588 6685
2414 589 6684
2413 590 6683
2412 591 6682
2411 592 6681
2410 593 6680
2409 594 6679
2408 595 6678
2407 596 6677
2406 597 6676
2405 598 6675
2404 599 6674
2403 600 6673
2402 601 6672
2401 602 6671
2400 603 6670
2399 604 6669
2398 605 6668
2397 606 6667
2396 607 6666
2395 608 6665
2394 609 6664
2393 610 6663
2392 611 6662
2391 612 6661
2390 613 6660
2389 614 6659
2388 615 6658
2387 616 6657
2386 617 6656
2385 618 6655
2384 619 6654
2383 620 6653
2382 621 6652
2381 622 6651
2380 623 6650
2379 624 6649
2378 625 6648
2377 626 6647
2376 627 6646
2375 628 6645
2374 629 6644
2373 630 6643
2372 631 6642
2371 632 6641
2370 633 6640
2369 634 6639
2368 635 6638
2367 636 6637
2366 637 6636
2365 638 6635
2364 639 6634
2363 640 6633
2362 641 6632
2361 642 6631
2360 643 6630
2359 644 6629
2358 645 6628
2357 646 6627
2356 647 6626
2355 648 6625
2354 649 6624
2353 650 6623
2352 651 6622
2351 652 6621
2350 653 6620
2349 654 6619
2348 655 6618
2347 656 6617
2346 657 6616
2345 658 6615
2344 659 6614
2343 660 6613
2342 661 6612
2341 662 6611
2340 663 6610
2339 664 6609
2338 665 6608
2337 666 6607
2336 667 6606
2335 668 6605
2334 669 6604
2333 670 6603
2332 671 6602
2331 672 6601
2330 673 6600
2329 674 6599
2328 675 6598
2327 676 6597
2326 677 6596
2325 678 6595
2324 679 6594
2323 680 6593
2322 681 6592
2321 682 6591
2320 683 6590
2319 684 6589
2318 685 6588
2317 686 6587
2316 687 6586
2315 688 6585
2314 689 6584
2313 690 6583
2312 691 6582
2311 692 6581
2310 693 6580
2309 694 6579
2308 695 6578
2307 696 6577
2306 697 6576
2305 698 6575
2304 699 6574
2303 700 6573
2302 701 6572
2301 702 6571
2300 703 6570
2299 704 6569
2298 705 6568
2297 706 6567
2296 707 6566
2295 708 6565
2294 709 6564
2293 710 6563
2292 711 6562
2291 712 6561
2290 713 6560
2289 714 6559
2288 715 6558
2287 716 6557
2286 717 6556
2285 718 6555
2284 719 6554
2283 720 6553
2282 721 6552
2281 722 6551
2280 723 6550
2279 724 6549
2278 725 6548
2277 726 6547
2276 727 6546
2275 728 6545
2274 729 6544
2273 730 6543
2272 731 6542
2271 732 6541
2270 733 6540
2269 734 6539
2268 735 6538
2267 736 6537
2266 737 6536
2265 738 6535
2264 739 6534
2263 740 6533
2262 741 6532
2261 742 6531
2260 743 6530
2259 744 6529
2258 745 6528
2257 746 6527
2256 747 6526
2255 748 6525
2254 749 6524
2253 750 6523
2252 751 6522
2251 752 6521
2250 753 6520
2249 754 6519
2248 755 6518
2247 756 6517
2246 757 6516
2245 758 6515
2244 759 6514
2243 760 6513
2242 761 6512
2241 762 6511
2240 763 6510
2239 764 6509
2238 765 6508
2237 766 6507
2236 767 6506
2235 768 6505
2234 769 6504
2233 770 6503
2232 771 6502
2231 772 6501
2230 773 6500
2229 774 6499
2228 775 6498
2227 776 6497
2226 777 6496
2225 778 6495
2224 779 6494
2223 780 6493
2222 781 6492
2221 782 6491
2220 783 6490
2219 784 6489
2218 785 6488
2217 786 6487
2216 787 6486
2215 788 6485
2214 789 6484
2213 790 6483
2212 791 6482
2211 792 6481
2210 793 6480
2209 794 6479
2208 795 6478
2207 796 6477
2206 797 6476
2205 798 6475
2204 799 6474
2203 800 6473
2202 801 6472
2201 802 6471
2200 803 6470
2199 804 6469
2198 805 6468
2197 806 6467
2196 807 6466
2195 808 6465
2194 809 6464
2193 810 6463
2192 811 6462
2191 812 6461
2190 813 6460
2189 814 6459
2188 815 6458
2187 816 6457
2186 817 6456
2185 818 6455
2184 819 6454
2183 820 6453
2182 821 6452
2181 822 6451
2180 823 6450
2179 824 6449
2178 825 6448
2177 826 6447
2176 827 6446
2175 828 6445
2174 829 6444
2173 830 6443
2172 831 6442
2171 832 6441
2170 833 6440
2169 834 6439
2168 835 6438
2167 836 6437
2166 837 6436
2165 838 6435
2164 839 6434
2163 840 6433
2162 841 6432
2161 842 6431
2160 843 6430
2159 844 6429
2158 845 6428
2157 846 6427
2156 847 6426
2155 848 6425
2154 849 6424
2153 850 6423
2152 851 6422
2151 852 6421
2150 853 6420
2149 854 6419
2148 855 6418
2147 856 6417
2146 857 6416
2145 858 6415
2144 859 6414
2143 860 6413
2142 861 6412
2141 862 6411
2140 863 6410
2139 864 6409
2138 865 6408
2137 866 6407
2136 867 6406
2135 868 6405
2134 869 6404
2133 870 6403
2132 871 6402
2131 872 6401
2130 873 6400
2129 874 6399
2128 875 6398
2127 876 6397
2126 877 6396
2125 878 6395
2124 879 6394
2123 880 6393
2122 881 6392
2121 882 6391
2120 883 6390
2119 884 6389
2118 885 6388
2117 886 6387
2116 887 6386
2115 888 6385
2114 889 6384
2113 890 6383
2112 891 6382
2111 892 6381
2110 893 6380
2109 894 6379
2108 895 6378
2107 896 6377
2106 897 6376
2105 898 6375
2104 899 6374
2103 900 6373
2102 901 6372
2101 902 6371
2100 903 6370
2099 904 6369
2098 905 6368
2097 906 6367
2096 907 6366
2095 908 6365
2094 909 6364
2093 910 6363
2092 911 6362
2091 912 6361
2090 913 6360
2089 914 6359
2088 915 6358
2087 916 6357
2086 917 6356
2085 918 6355
2084 919 6354
2083 920 6353
2082 921 6352
2081 922 6351
2080 923 6350
2079 924 6349
2078 925 6348
2077 926 6347
2076 927 6346
2075 928 6345
2074 929 6344
2073 930 6343
2072 931 6342
2071 932 6341
2070 933 6340
2069 934 6339
2068 935 6338
2067 936 6337
2066 937 6336
2065 938 6335
2064 939 6334
2063 940 6333
2062 941 6332
2061 942 6331
2060 943 6330
2059 944 6329
2058 945 6328
2057 946 6327
2056 947 6326
2055 948 6325
2054 949 6324
2053 950 6323
2052 951 6322
2051 952 6321
2050 953 6320
2049 954 6319
2048 955 6318
2047 956 6317
2046 957 6316
2045 958 6315
2044 959 6314
2043 960 6313
2042 961 6312
2041 962 6311
2040 963 6310
2039 964 6309
2038 965 6308
2037 966 6307
2036 967 6306
2035 968 6305
2034 969 6304
2033 970 6303
2032 971 6302
2031 972 6301
2030 973 6300
2029 974 6299
2028 975 6298
2027 976 6297
2026 977 6296
2025 978 6295
2024 979 6294
2023 980 6293
2022 981 6292
2021 982 6291
2020 983 6290
2019 984 6289
2018 985 6288
2017 986 6287
2016 987 6286
2015 988 6285
2014 989 6284
2013 990 6283
2012 991 6282
2011 992 6281
2010 993 6280
2009 994 6279
2008 995 6278
2007 996 6277
2006 997 6276
2005 998 6275
2004 999 6274
2003 1000 6273
2002 1001 6272
2001 1002 6271
2000 1003 6270
1999 1004 6269
1998 1005 6268
1997 1006 6267
1996 1007 6266
1995 1008 6265
1994 1009 6264
1993 1010 6263
1992 1011 6262
1991 1012 6261
1990 1013 6260
1989 1014 6259
1988 1015 6258
1987 1016 6257
1986 1017 6256
1985 1018 6255
1984 1019 6254
1983 1020 6253
1982 1021 6252
1981 1022 6251
1980 1023 6250
1979 1024 6249
1978 1025 6248
1977 1026 6247
1976 1027 6246
1975 1028 6245
1974 1029 6244
1973 1030 6243
1972 1031 6242
1971 1032 6241
1970 1033 6240
1969 1034 6239
1968 1035 6238
1967 1036 6237
1966 1037 6236
1965 1038 6235
1964 1039 6234
1963 1040 6233
1962 1041 6232
1961 1042 6231
1960 1043 6230
1959 1044 6229
1958 1045 6228
1957 1046 6227
1956 1047 6226
1955 1048 6225
1954 1049 6224
1953 1050 6223
1952 1051 6222
1951 1052 6221
1950 1053 6220
1949 1054 6219
1948 1055 6218
1947 1056 6217
1946 1057 6216
1945 1058 6215
1944 1059 6214
1943 1060 6213
1942 1061 6212
1941 1062 6211
1940 1063 6210
1939 1064 6209
1938 1065 6208
1937 1066 6207
1936 1067 6206
1935 1068 6205
1934 1069 6204
1933 1070 6203
1932 1071 6202
1931 1072 6201
1930 1073 6200
1929 1074 6199
1928 1075 6198
1927 1076 6197
1926 1077 6196
1925 1078 6195
1924 1079 6194
1923 1080 6193
1922 1081 6192
1921 1082 6191
1920 1083 6190
1919 1084 6189
1918 1085 6188
1917 1086 6187
1916 1087 6186
1915 1088 6185
1914 1089 6184
1913 1090 6183
1912 1091 6182
1911 1092 6181
1910 1093 6180
1909 1094 6179
1908 1095 6178
1907 1096 6177
1906 1097 6176
1905 1098 6175
1904 1099 6174
1903 1100 6173
1902 1101 6172
1901 1102 6171
1900 1103 6170
1899 1104 6169
1898 1105 6168
1897 1106 6167
1896 1107 6166
1895 1108 6165
1894 1109 6164
1893 1110 6163
1892 1111 6162
1891 1112 6161
1890 1113 6160
1889 1114 6159
1888 1115 6158
1887 1116 6157
1886 1117 6156
1885 1118 6155
1884 1119 6154
1883 1120 6153
1882 1121 6152
1881 1122 6151
1880 1123 6150
1879 1124 6149
1878 1125 6148
1877 1126 6147
1876 1127 6146
1875 1128 6145
1874 1129 6144
1873 1130 6143
1872 1131 6142
1871 1132 6141
1870 1133 6140
1869 1134 6139
1868 1135 6138
1867 1136 6137
1866 1137 6136
1865 1138 6135
1864 1139 6134
1863 1140 6133
1862 1141 6132
1861 1142 6131
1860 1143 6130
1859 1144 6129
1858 1145 6128
1857 1146 6127
1856 1147 6126
1855 1148 6125
1854 1149 6124
1853 1150 6123
1852 1151 6122
1851 1152 6121
1850 1153 6120
1849 1154 6119
1848 1155 6118
1847 1156 6117
1846 1157 6116
1845 1158 6115
1844 1159 6114
1843 1160 6113
1842 1161 6112
1841 1162 6111
1840 1163 6110
1839 1164 6109
1838 1165 6108
1837 1166 6107
1836 1167 6106
1835 1168 6105
1834 1169 6104
1833 1170 6103
1832 1171 6102
1831 1172 6101
1830 1173 6100
1829 1174 6099
1828 1175 6098
1827 1176 6097
1826 1177 6096
1825 1178 6095
1824 1179 6094
1823 1180 6093
1822 1181 6092
1821 1182 6091
1820 1183 6090
1819 1184 6089
1818 1185 6088
1817 1186 6087
1816 1187 6086
1815 1188 6085
1814 1189 6084
1813 1190 6083
1812 1191 6082
1811 1192 6081
1810 1193 6080
1809 1194 6079
1808 1195 6078
1807 1196 6077
1806 1197 6076
1805 1198 6075
1804 1199 6074
1803 1200 6073
1802 1201 6072
1801 1202 6071
1800 1203 6070
1799 1204 6069
1798 1205 6068
1797 1206 6067
1796 1207 6066
1795 1208 6065
1794 1209 6064
1793 1210 6063
1792 1211 6062
1791 1212 6061
1790 1213 6060
1789 1214 6059
1788 1215 6058
1787 1216 6057
1786 1217 6056
1785 1218 6055
1784 1219 6054
1783 1220 6053
1782 1221 6052
1781 1222 6051
1780 1223 6050
1779 1224 6049
1778 1225 6048
1777 1226 6047
1776 1227 6046
1775 1228 6045
1774 1229 6044
1773 1230 6043
1772 1231 6042
1771 1232 6041
1770 1233 6040
1769 1234 6039
1768 1235 6038
1767 1236 6037
1766 1237 6036
1765 1238 6035
1764 1239 6034
1763 1240 6033
1762 1241 6032
1761 1242 6031
1760 1243 6030
1759 1244 6029
1758 1245 6028
1757 1246 6027
1756 1247 6026
1755 1248 6025
1754 1249 6024
1753 1250 6023
1752 1251 6022
1751 1252 6021
1750 1253 6020
1749 1254 6019
1748 1255 6018
1747 1256 6017
1746 1257 6016
1745 1258 6015
1744 1259 6014
1743 1260 6013
1742 1261 6012
1741 1262 6011
1740 1263 6010
1739 1264 6009
1738 1265 6008
1737 1266 6007
1736 1267 6006
1735 1268 6005
1734 1269 6004
1733 1270 6003
1732 1271 6002
1731 1272 6001
