506
3000 3 6506
2999 4 6505
2998 5 6504
2997 6 6503
2996 7 6502
2995 8 6501
2994 9 6500
2993 10 6499
2992 11 6498
2991 12 6497
2990 13 6496
2989 14 6495
2988 15 6494
2987 16 6493
2986 17 6492
2985 18 6491
2984 19 6490
2983 20 6489
2982 21 6488
2981 22 6487
2980 23 6486
2979 24 6485
2978 25 6484
2977 26 6483
2976 27 6482
2975 28 6481
2974 29 6480
2973 30 6479
2972 31 6478
2971 32 6477
2970 33 6476
2969 34 6475
2968 35 6474
2967 36 6473
2966 37 6472
2965 38 6471
2964 39 6470
2963 40 6469
2962 41 6468
2961 42 6467
2960 43 6466
2959 44 6465
2958 45 6464
2957 46 6463
2956 47 6462
2955 48 6461
2954 49 6460
2953 50 6459
2952 51 6458
2951 52 6457
2950 53 6456
2949 54 6455
2948 55 6454
2947 56 6453
2946 57 6452
2945 58 6451
2944 59 6450
2943 60 6449
2942 61 6448
2941 62 6447
2940 63 6446
2939 64 6445
2938 65 6444
2937 66 6443
2936 67 6442
2935 68 6441
2934 69 6440
2933 70 6439
2932 71 6438
2931 72 6437
2930 73 6436
2929 74 6435
2928 75 6434
2927 76 6433
2926 77 6432
2925 78 6431
2924 79 6430
2923 80 6429
2922 81 6428
2921 82 6427
2920 83 6426
2919 84 6425
2918 85 6424
2917 86 6423
2916 87 6422
2915 88 6421
2914 89 6420
2913 90 6419
2912 91 6418
2911 92 6417
2910 93 6416
2909 94 6415
2908 95 6414
2907 96 6413
2906 97 6412
2905 98 6411
2904 99 6410
2903 100 6409
2902 101 6408
2901 102 6407
2900 103 6406
2899 104 6405
2898 105 6404
2897 106 6403
2896 107 6402
2895 108 6401
2894 109 6400
2893 110 6399
2892 111 6398
2891 112 6397
2890 113 6396
2889 114 6395
2888 115 6394
2887 116 6393
2886 117 6392
2885 118 6391
2884 119 6390
2883 120 6389
2882 121 6388
2881 122 6387
2880 123 6386
2879 124 6385
2878 125 6384
2877 126 6383
2876 127 6382
2875 128 6381
2874 129 6380
2873 130 6379
2872 131 6378
2871 132 6377
2870 133 6376
2869 134 6375
2868 135 6374
2867 136 6373
2866 137 6372
2865 138 6371
2864 139 6370
2863 140 6369
2862 141 6368
2861 142 6367
2860 143 6366
2859 144 6365
2858 145 6364
2857 146 6363
2856 147 6362
2855 148 6361
2854 149 6360
2853 150 6359
2852 151 6358
2851 152 6357
2850 153 6356
2849 154 6355
2848 155 6354
2847 156 6353
2846 157 6352
2845 158 6351
2844 159 6350
2843 160 6349
2842 161 6348
2841 162 6347
2840 163 6346
2839 164 6345
2838 165 6344
2837 166 6343
2836 167 6342
2835 168 6341
2834 169 6340
2833 170 6339
2832 171 6338
2831 172 6337
2830 173 6336
2829 174 6335
2828 175 6334
2827 176 6333
2826 177 6332
2825 178 6331
2824 179 6330
2823 180 6329
2822 181 6328
2821 182 6327
2820 183 6326
2819 184 6325
2818 185 6324
2817 186 6323
2816 187 6322
2815 188 6321
2814 189 6320
2813 190 6319
2812 191 6318
2811 192 6317
2810 193 6316
2809 194 6315
2808 195 6314
2807 196 6313
2806 197 6312
2805 198 6311
2804 199 6310
2803 200 6309
2802 201 6308
2801 202 6307
2800 203 6306
2799 204 6305
2798 205 6304
2797 206 6303
2796 207 6302
2795 208 6301
2794 209 6300
2793 210 6299
2792 211 6298
2791 212 6297
2790 213 6296
2789 214 6295
2788 215 6294
2787 216 6293
2786 217 6292
2785 218 6291
2784 219 6290
2783 220 6289
2782 221 6288
2781 222 6287
2780 223 6286
2779 224 6285
2778 225 6284
2777 226 6283
2776 227 6282
2775 228 6281
2774 229 6280
2773 230 6279
2772 231 6278
2771 232 6277
2770 233 6276
2769 234 6275
2768 235 6274
2767 236 6273
2766 237 6272
2765 238 6271
2764 239 6270
2763 240 6269
2762 241 6268
2761 242 6267
2760 243 6266
2759 244 6265
2758 245 6264
2757 246 6263
2756 247 6262
2755 248 6261
2754 249 6260
2753 250 6259
2752 251 6258
2751 252 6257
2750 253 6256
2749 254 6255
2748 255 6254
2747 256 6253
2746 257 6252
2745 258 6251
2744 259 6250
2743 260 6249
2742 261 6248
2741 262 6247
2740 263 6246
2739 264 6245
2738 265 6244
2737 266 6243
2736 267 6242
2735 268 6241
2734 269 6240
2733 270 6239
2732 271 6238
2731 272 6237
2730 273 6236
2729 274 6235
2728 275 6234
2727 276 6233
2726 277 6232
2725 278 6231
2724 279 6230
2723 280 6229
2722 281 6228
2721 282 6227
2720 283 6226
2719 284 6225
2718 285 6224
2717 286 6223
2716 287 6222
2715 288 6221
2714 289 6220
2713 290 6219
2712 291 6218
2711 292 6217
2710 293 6216
2709 294 6215
2708 295 6214
2707 296 6213
2706 297 6212
2705 298 6211
2704 299 6210
2703 300 6209
2702 301 6208
2701 302 6207
2700 303 6206
2699 304 6205
2698 305 6204
2697 306 6203
2696 307 6202
2695 308 6201
2694 309 6200
2693 310 6199
2692 311 6198
2691 312 6197
2690 313 6196
2689 314 6195
2688 315 6194
2687 316 6193
2686 317 6192
2685 318 6191
2684 319 6190
2683 320 6189
2682 321 6188
2681 322 6187
2680 323 6186
2679 324 6185
2678 325 6184
2677 326 6183
2676 327 6182
2675 328 6181
2674 329 6180
2673 330 6179
2672 331 6178
2671 332 6177
2670 333 6176
2669 334 6175
2668 335 6174
2667 336 6173
2666 337 6172
2665 338 6171
2664 339 6170
2663 340 6169
2662 341 6168
2661 342 6167
2660 343 6166
2659 344 6165
2658 345 6164
2657 346 6163
2656 347 6162
2655 348 6161
2654 349 6160
2653 350 6159
2652 351 6158
2651 352 6157
2650 353 6156
2649 354 6155
2648 355 6154
2647 356 6153
2646 357 6152
2645 358 6151
2644 359 6150
2643 360 6149
2642 361 6148
2641 362 6147
2640 363 6146
2639 364 6145
2638 365 6144
2637 366 6143
2636 367 6142
2635 368 6141
2634 369 6140
2633 370 6139
2632 371 6138
2631 372 6137
2630 373 6136
2629 374 6135
2628 375 6134
2627 376 6133
2626 377 6132
2625 378 6131
2624 379 6130
2623 380 6129
2622 381 6128
2621 382 6127
2620 383 6126
2619 384 6125
2618 385 6124
2617 386 6123
2616 387 6122
2615 388 6121
2614 389 6120
2613 390 6119
2612 391 6118
2611 392 6117
2610 393 6116
2609 394 6115
2608 395 6114
2607 396 6113
2606 397 6112
2605 398 6111
2604 399 6110
2603 400 6109
2602 401 6108
2601 402 6107
2600 403 6106
2599 404 6105
2598 405 6104
2597 406 6103
2596 407 6102
2595 408 6101
2594 409 6100
2593 410 6099
2592 411 6098
2591 412 6097
2590 413 6096
2589 414 6095
2588 415 6094
2587 416 6093
2586 417 6092
2585 418 6091
2584 419 6090
2583 420 6089
2582 421 6088
2581 422 6087
2580 423 6086
2579 424 6085
2578 425 6084
2577 426 6083
2576 427 6082
2575 428 6081
2574 429 6080
2573 430 6079
2572 431 6078
2571 432 6077
2570 433 6076
2569 434 6075
2568 435 6074
2567 436 6073
2566 437 6072
2565 438 6071
2564 439 6070
2563 440 6069
2562 441 6068
2561 442 6067
2560 443 6066
2559 444 6065
2558 445 6064
2557 446 6063
2556 447 6062
2555 448 6061
2554 449 6060
2553 450 6059
2552 451 6058
2551 452 6057
2550 453 6056
2549 454 6055
2548 455 6054
2547 456 6053
2546 457 6052
2545 458 6051
2544 459 6050
2543 460 6049
2542 461 6048
2541 462 6047
2540 463 6046
2539 464 6045
2538 465 6044
2537 466 6043
2536 467 6042
2535 468 6041
2534 469 6040
2533 470 6039
2532 471 6038
2531 472 6037
2530 473 6036
2529 474 6035
2528 475 6034
2527 476 6033
2526 477 6032
2525 478 6031
2524 479 6030
2523 480 6029
2522 481 6028
2521 482 6027
2520 483 6026
2519 484 6025
2518 485 6024
2517 486 6023
2516 487 6022
2515 488 6021
2514 489 6020
2513 490 6019
2512 491 6018
2511 492 6017
2510 493 6016
2509 494 6015
2508 495 6014
2507 496 6013
2506 497 6012
2505 498 6011
2504 499 6010
2503 500 6009
2502 501 6008
2501 502 6007
2500 503 6006
2499 504 6005
2498 505 6004
2497 506 6003
2496 507 6002
2495 508 6001
