776
3000 3 6776
2999 4 6775
2998 5 6774
2997 6 6773
2996 7 6772
2995 8 6771
2994 9 6770
2993 10 6769
2992 11 6768
2991 12 6767
2990 13 6766
2989 14 6765
2988 15 6764
2987 16 6763
2986 17 6762
2985 18 6761
2984 19 6760
2983 20 6759
2982 21 6758
2981 22 6757
2980 23 6756
2979 24 6755
2978 25 6754
2977 26 6753
2976 27 6752
2975 28 6751
2974 29 6750
2973 30 6749
2972 31 6748
2971 32 6747
2970 33 6746
2969 34 6745
2968 35 6744
2967 36 6743
2966 37 6742
2965 38 6741
2964 39 6740
2963 40 6739
2962 41 6738
2961 42 6737
2960 43 6736
2959 44 6735
2958 45 6734
2957 46 6733
2956 47 6732
2955 48 6731
2954 49 6730
2953 50 6729
2952 51 6728
2951 52 6727
2950 53 6726
2949 54 6725
2948 55 6724
2947 56 6723
2946 57 6722
2945 58 6721
2944 59 6720
2943 60 6719
2942 61 6718
2941 62 6717
2940 63 6716
2939 64 6715
2938 65 6714
2937 66 6713
2936 67 6712
2935 68 6711
2934 69 6710
2933 70 6709
2932 71 6708
2931 72 6707
2930 73 6706
2929 74 6705
2928 75 6704
2927 76 6703
2926 77 6702
2925 78 6701
2924 79 6700
2923 80 6699
2922 81 6698
2921 82 6697
2920 83 6696
2919 84 6695
2918 85 6694
2917 86 6693
2916 87 6692
2915 88 6691
2914 89 6690
2913 90 6689
2912 91 6688
2911 92 6687
2910 93 6686
2909 94 6685
2908 95 6684
2907 96 6683
2906 97 6682
2905 98 6681
2904 99 6680
2903 100 6679
2902 101 6678
2901 102 6677
2900 103 6676
2899 104 6675
2898 105 6674
2897 106 6673
2896 107 6672
2895 108 6671
2894 109 6670
2893 110 6669
2892 111 6668
2891 112 6667
2890 113 6666
2889 114 6665
2888 115 6664
2887 116 6663
2886 117 6662
2885 118 6661
2884 119 6660
2883 120 6659
2882 121 6658
2881 122 6657
2880 123 6656
2879 124 6655
2878 125 6654
2877 126 6653
2876 127 6652
2875 128 6651
2874 129 6650
2873 130 6649
2872 131 6648
2871 132 6647
2870 133 6646
2869 134 6645
2868 135 6644
2867 136 6643
2866 137 6642
2865 138 6641
2864 139 6640
2863 140 6639
2862 141 6638
2861 142 6637
2860 143 6636
2859 144 6635
2858 145 6634
2857 146 6633
2856 147 6632
2855 148 6631
2854 149 6630
2853 150 6629
2852 151 6628
2851 152 6627
2850 153 6626
2849 154 6625
2848 155 6624
2847 156 6623
2846 157 6622
2845 158 6621
2844 159 6620
2843 160 6619
2842 161 6618
2841 162 6617
2840 163 6616
2839 164 6615
2838 165 6614
2837 166 6613
2836 167 6612
2835 168 6611
2834 169 6610
2833 170 6609
2832 171 6608
2831 172 6607
2830 173 6606
2829 174 6605
2828 175 6604
2827 176 6603
2826 177 6602
2825 178 6601
2824 179 6600
2823 180 6599
2822 181 6598
2821 182 6597
2820 183 6596
2819 184 6595
2818 185 6594
2817 186 6593
2816 187 6592
2815 188 6591
2814 189 6590
2813 190 6589
2812 191 6588
2811 192 6587
2810 193 6586
2809 194 6585
2808 195 6584
2807 196 6583
2806 197 6582
2805 198 6581
2804 199 6580
2803 200 6579
2802 201 6578
2801 202 6577
2800 203 6576
2799 204 6575
2798 205 6574
2797 206 6573
2796 207 6572
2795 208 6571
2794 209 6570
2793 210 6569
2792 211 6568
2791 212 6567
2790 213 6566
2789 214 6565
2788 215 6564
2787 216 6563
2786 217 6562
2785 218 6561
2784 219 6560
2783 220 6559
2782 221 6558
2781 222 6557
2780 223 6556
2779 224 6555
2778 225 6554
2777 226 6553
2776 227 6552
2775 228 6551
2774 229 6550
2773 230 6549
2772 231 6548
2771 232 6547
2770 233 6546
2769 234 6545
2768 235 6544
2767 236 6543
2766 237 6542
2765 238 6541
2764 239 6540
2763 240 6539
2762 241 6538
2761 242 6537
2760 243 6536
2759 244 6535
2758 245 6534
2757 246 6533
2756 247 6532
2755 248 6531
2754 249 6530
2753 250 6529
2752 251 6528
2751 252 6527
2750 253 6526
2749 254 6525
2748 255 6524
2747 256 6523
2746 257 6522
2745 258 6521
2744 259 6520
2743 260 6519
2742 261 6518
2741 262 6517
2740 263 6516
2739 264 6515
2738 265 6514
2737 266 6513
2736 267 6512
2735 268 6511
2734 269 6510
2733 270 6509
2732 271 6508
2731 272 6507
2730 273 6506
2729 274 6505
2728 275 6504
2727 276 6503
2726 277 6502
2725 278 6501
2724 279 6500
2723 280 6499
2722 281 6498
2721 282 6497
2720 283 6496
2719 284 6495
2718 285 6494
2717 286 6493
2716 287 6492
2715 288 6491
2714 289 6490
2713 290 6489
2712 291 6488
2711 292 6487
2710 293 6486
2709 294 6485
2708 295 6484
2707 296 6483
2706 297 6482
2705 298 6481
2704 299 6480
2703 300 6479
2702 301 6478
2701 302 6477
2700 303 6476
2699 304 6475
2698 305 6474
2697 306 6473
2696 307 6472
2695 308 6471
2694 309 6470
2693 310 6469
2692 311 6468
2691 312 6467
2690 313 6466
2689 314 6465
2688 315 6464
2687 316 6463
2686 317 6462
2685 318 6461
2684 319 6460
2683 320 6459
2682 321 6458
2681 322 6457
2680 323 6456
2679 324 6455
2678 325 6454
2677 326 6453
2676 327 6452
2675 328 6451
2674 329 6450
2673 330 6449
2672 331 6448
2671 332 6447
2670 333 6446
2669 334 6445
2668 335 6444
2667 336 6443
2666 337 6442
2665 338 6441
2664 339 6440
2663 340 6439
2662 341 6438
2661 342 6437
2660 343 6436
2659 344 6435
2658 345 6434
2657 346 6433
2656 347 6432
2655 348 6431
2654 349 6430
2653 350 6429
2652 351 6428
2651 352 6427
2650 353 6426
2649 354 6425
2648 355 6424
2647 356 6423
2646 357 6422
2645 358 6421
2644 359 6420
2643 360 6419
2642 361 6418
2641 362 6417
2640 363 6416
2639 364 6415
2638 365 6414
2637 366 6413
2636 367 6412
2635 368 6411
2634 369 6410
2633 370 6409
2632 371 6408
2631 372 6407
2630 373 6406
2629 374 6405
2628 375 6404
2627 376 6403
2626 377 6402
2625 378 6401
2624 379 6400
2623 380 6399
2622 381 6398
2621 382 6397
2620 383 6396
2619 384 6395
2618 385 6394
2617 386 6393
2616 387 6392
2615 388 6391
2614 389 6390
2613 390 6389
2612 391 6388
2611 392 6387
2610 393 6386
2609 394 6385
2608 395 6384
2607 396 6383
2606 397 6382
2605 398 6381
2604 399 6380
2603 400 6379
2602 401 6378
2601 402 6377
2600 403 6376
2599 404 6375
2598 405 6374
2597 406 6373
2596 407 6372
2595 408 6371
2594 409 6370
2593 410 6369
2592 411 6368
2591 412 6367
2590 413 6366
2589 414 6365
2588 415 6364
2587 416 6363
2586 417 6362
2585 418 6361
2584 419 6360
2583 420 6359
2582 421 6358
2581 422 6357
2580 423 6356
2579 424 6355
2578 425 6354
2577 426 6353
2576 427 6352
2575 428 6351
2574 429 6350
2573 430 6349
2572 431 6348
2571 432 6347
2570 433 6346
2569 434 6345
2568 435 6344
2567 436 6343
2566 437 6342
2565 438 6341
2564 439 6340
2563 440 6339
2562 441 6338
2561 442 6337
2560 443 6336
2559 444 6335
2558 445 6334
2557 446 6333
2556 447 6332
2555 448 6331
2554 449 6330
2553 450 6329
2552 451 6328
2551 452 6327
2550 453 6326
2549 454 6325
2548 455 6324
2547 456 6323
2546 457 6322
2545 458 6321
2544 459 6320
2543 460 6319
2542 461 6318
2541 462 6317
2540 463 6316
2539 464 6315
2538 465 6314
2537 466 6313
2536 467 6312
2535 468 6311
2534 469 6310
2533 470 6309
2532 471 6308
2531 472 6307
2530 473 6306
2529 474 6305
2528 475 6304
2527 476 6303
2526 477 6302
2525 478 6301
2524 479 6300
2523 480 6299
2522 481 6298
2521 482 6297
2520 483 6296
2519 484 6295
2518 485 6294
2517 486 6293
2516 487 6292
2515 488 6291
2514 489 6290
2513 490 6289
2512 491 6288
2511 492 6287
2510 493 6286
2509 494 6285
2508 495 6284
2507 496 6283
2506 497 6282
2505 498 6281
2504 499 6280
2503 500 6279
2502 501 6278
2501 502 6277
2500 503 6276
2499 504 6275
2498 505 6274
2497 506 6273
2496 507 6272
2495 508 6271
2494 509 6270
2493 510 6269
2492 511 6268
2491 512 6267
2490 513 6266
2489 514 6265
2488 515 6264
2487 516 6263
2486 517 6262
2485 518 6261
2484 519 6260
2483 520 6259
2482 521 6258
2481 522 6257
2480 523 6256
2479 524 6255
2478 525 6254
2477 526 6253
2476 527 6252
2475 528 6251
2474 529 6250
2473 530 6249
2472 531 6248
2471 532 6247
2470 533 6246
2469 534 6245
2468 535 6244
2467 536 6243
2466 537 6242
2465 538 6241
2464 539 6240
2463 540 6239
2462 541 6238
2461 542 6237
2460 543 6236
2459 544 6235
2458 545 6234
2457 546 6233
2456 547 6232
2455 548 6231
2454 549 6230
2453 550 6229
2452 551 6228
2451 552 6227
2450 553 6226
2449 554 6225
2448 555 6224
2447 556 6223
2446 557 6222
2445 558 6221
2444 559 6220
2443 560 6219
2442 561 6218
2441 562 6217
2440 563 6216
2439 564 6215
2438 565 6214
2437 566 6213
2436 567 6212
2435 568 6211
2434 569 6210
2433 570 6209
2432 571 6208
2431 572 6207
2430 573 6206
2429 574 6205
2428 575 6204
2427 576 6203
2426 577 6202
2425 578 6201
2424 579 6200
2423 580 6199
2422 581 6198
2421 582 6197
2420 583 6196
2419 584 6195
2418 585 6194
2417 586 6193
2416 587 6192
2415 588 6191
2414 589 6190
2413 590 6189
2412 591 6188
2411 592 6187
2410 593 6186
2409 594 6185
2408 595 6184
2407 596 6183
2406 597 6182
2405 598 6181
2404 599 6180
2403 600 6179
2402 601 6178
2401 602 6177
2400 603 6176
2399 604 6175
2398 605 6174
2397 606 6173
2396 607 6172
2395 608 6171
2394 609 6170
2393 610 6169
2392 611 6168
2391 612 6167
2390 613 6166
2389 614 6165
2388 615 6164
2387 616 6163
2386 617 6162
2385 618 6161
2384 619 6160
2383 620 6159
2382 621 6158
2381 622 6157
2380 623 6156
2379 624 6155
2378 625 6154
2377 626 6153
2376 627 6152
2375 628 6151
2374 629 6150
2373 630 6149
2372 631 6148
2371 632 6147
2370 633 6146
2369 634 6145
2368 635 6144
2367 636 6143
2366 637 6142
2365 638 6141
2364 639 6140
2363 640 6139
2362 641 6138
2361 642 6137
2360 643 6136
2359 644 6135
2358 645 6134
2357 646 6133
2356 647 6132
2355 648 6131
2354 649 6130
2353 650 6129
2352 651 6128
2351 652 6127
2350 653 6126
2349 654 6125
2348 655 6124
2347 656 6123
2346 657 6122
2345 658 6121
2344 659 6120
2343 660 6119
2342 661 6118
2341 662 6117
2340 663 6116
2339 664 6115
2338 665 6114
2337 666 6113
2336 667 6112
2335 668 6111
2334 669 6110
2333 670 6109
2332 671 6108
2331 672 6107
2330 673 6106
2329 674 6105
2328 675 6104
2327 676 6103
2326 677 6102
2325 678 6101
2324 679 6100
2323 680 6099
2322 681 6098
2321 682 6097
2320 683 6096
2319 684 6095
2318 685 6094
2317 686 6093
2316 687 6092
2315 688 6091
2314 689 6090
2313 690 6089
2312 691 6088
2311 692 6087
2310 693 6086
2309 694 6085
2308 695 6084
2307 696 6083
2306 697 6082
2305 698 6081
2304 699 6080
2303 700 6079
2302 701 6078
2301 702 6077
2300 703 6076
2299 704 6075
2298 705 6074
2297 706 6073
2296 707 6072
2295 708 6071
2294 709 6070
2293 710 6069
2292 711 6068
2291 712 6067
2290 713 6066
2289 714 6065
2288 715 6064
2287 716 6063
2286 717 6062
2285 718 6061
2284 719 6060
2283 720 6059
2282 721 6058
2281 722 6057
2280 723 6056
2279 724 6055
2278 725 6054
2277 726 6053
2276 727 6052
2275 728 6051
2274 729 6050
2273 730 6049
2272 731 6048
2271 732 6047
2270 733 6046
2269 734 6045
2268 735 6044
2267 736 6043
2266 737 6042
2265 738 6041
2264 739 6040
2263 740 6039
2262 741 6038
2261 742 6037
2260 743 6036
2259 744 6035
2258 745 6034
2257 746 6033
2256 747 6032
2255 748 6031
2254 749 6030
2253 750 6029
2252 751 6028
2251 752 6027
2250 753 6026
2249 754 6025
2248 755 6024
2247 756 6023
2246 757 6022
2245 758 6021
2244 759 6020
2243 760 6019
2242 761 6018
2241 762 6017
2240 763 6016
2239 764 6015
2238 765 6014
2237 766 6013
2236 767 6012
2235 768 6011
2234 769 6010
2233 770 6009
2232 771 6008
2231 772 6007
2230 773 6006
2229 774 6005
2228 775 6004
2227 776 6003
2226 777 6002
2225 778 6001
