1785
3000 3 7785
2999 4 7784
2998 5 7783
2997 6 7782
2996 7 7781
2995 8 7780
2994 9 7779
2993 10 7778
2992 11 7777
2991 12 7776
2990 13 7775
2989 14 7774
2988 15 7773
2987 16 7772
2986 17 7771
2985 18 7770
2984 19 7769
2983 20 7768
2982 21 7767
2981 22 7766
2980 23 7765
2979 24 7764
2978 25 7763
2977 26 7762
2976 27 7761
2975 28 7760
2974 29 7759
2973 30 7758
2972 31 7757
2971 32 7756
2970 33 7755
2969 34 7754
2968 35 7753
2967 36 7752
2966 37 7751
2965 38 7750
2964 39 7749
2963 40 7748
2962 41 7747
2961 42 7746
2960 43 7745
2959 44 7744
2958 45 7743
2957 46 7742
2956 47 7741
2955 48 7740
2954 49 7739
2953 50 7738
2952 51 7737
2951 52 7736
2950 53 7735
2949 54 7734
2948 55 7733
2947 56 7732
2946 57 7731
2945 58 7730
2944 59 7729
2943 60 7728
2942 61 7727
2941 62 7726
2940 63 7725
2939 64 7724
2938 65 7723
2937 66 7722
2936 67 7721
2935 68 7720
2934 69 7719
2933 70 7718
2932 71 7717
2931 72 7716
2930 73 7715
2929 74 7714
2928 75 7713
2927 76 7712
2926 77 7711
2925 78 7710
2924 79 7709
2923 80 7708
2922 81 7707
2921 82 7706
2920 83 7705
2919 84 7704
2918 85 7703
2917 86 7702
2916 87 7701
2915 88 7700
2914 89 7699
2913 90 7698
2912 91 7697
2911 92 7696
2910 93 7695
2909 94 7694
2908 95 7693
2907 96 7692
2906 97 7691
2905 98 7690
2904 99 7689
2903 100 7688
2902 101 7687
2901 102 7686
2900 103 7685
2899 104 7684
2898 105 7683
2897 106 7682
2896 107 7681
2895 108 7680
2894 109 7679
2893 110 7678
2892 111 7677
2891 112 7676
2890 113 7675
2889 114 7674
2888 115 7673
2887 116 7672
2886 117 7671
2885 118 7670
2884 119 7669
2883 120 7668
2882 121 7667
2881 122 7666
2880 123 7665
2879 124 7664
2878 125 7663
2877 126 7662
2876 127 7661
2875 128 7660
2874 129 7659
2873 130 7658
2872 131 7657
2871 132 7656
2870 133 7655
2869 134 7654
2868 135 7653
2867 136 7652
2866 137 7651
2865 138 7650
2864 139 7649
2863 140 7648
2862 141 7647
2861 142 7646
2860 143 7645
2859 144 7644
2858 145 7643
2857 146 7642
2856 147 7641
2855 148 7640
2854 149 7639
2853 150 7638
2852 151 7637
2851 152 7636
2850 153 7635
2849 154 7634
2848 155 7633
2847 156 7632
2846 157 7631
2845 158 7630
2844 159 7629
2843 160 7628
2842 161 7627
2841 162 7626
2840 163 7625
2839 164 7624
2838 165 7623
2837 166 7622
2836 167 7621
2835 168 7620
2834 169 7619
2833 170 7618
2832 171 7617
2831 172 7616
2830 173 7615
2829 174 7614
2828 175 7613
2827 176 7612
2826 177 7611
2825 178 7610
2824 179 7609
2823 180 7608
2822 181 7607
2821 182 7606
2820 183 7605
2819 184 7604
2818 185 7603
2817 186 7602
2816 187 7601
2815 188 7600
2814 189 7599
2813 190 7598
2812 191 7597
2811 192 7596
2810 193 7595
2809 194 7594
2808 195 7593
2807 196 7592
2806 197 7591
2805 198 7590
2804 199 7589
2803 200 7588
2802 201 7587
2801 202 7586
2800 203 7585
2799 204 7584
2798 205 7583
2797 206 7582
2796 207 7581
2795 208 7580
2794 209 7579
2793 210 7578
2792 211 7577
2791 212 7576
2790 213 7575
2789 214 7574
2788 215 7573
2787 216 7572
2786 217 7571
2785 218 7570
2784 219 7569
2783 220 7568
2782 221 7567
2781 222 7566
2780 223 7565
2779 224 7564
2778 225 7563
2777 226 7562
2776 227 7561
2775 228 7560
2774 229 7559
2773 230 7558
2772 231 7557
2771 232 7556
2770 233 7555
2769 234 7554
2768 235 7553
2767 236 7552
2766 237 7551
2765 238 7550
2764 239 7549
2763 240 7548
2762 241 7547
2761 242 7546
2760 243 7545
2759 244 7544
2758 245 7543
2757 246 7542
2756 247 7541
2755 248 7540
2754 249 7539
2753 250 7538
2752 251 7537
2751 252 7536
2750 253 7535
2749 254 7534
2748 255 7533
2747 256 7532
2746 257 7531
2745 258 7530
2744 259 7529
2743 260 7528
2742 261 7527
2741 262 7526
2740 263 7525
2739 264 7524
2738 265 7523
2737 266 7522
2736 267 7521
2735 268 7520
2734 269 7519
2733 270 7518
2732 271 7517
2731 272 7516
2730 273 7515
2729 274 7514
2728 275 7513
2727 276 7512
2726 277 7511
2725 278 7510
2724 279 7509
2723 280 7508
2722 281 7507
2721 282 7506
2720 283 7505
2719 284 7504
2718 285 7503
2717 286 7502
2716 287 7501
2715 288 7500
2714 289 7499
2713 290 7498
2712 291 7497
2711 292 7496
2710 293 7495
2709 294 7494
2708 295 7493
2707 296 7492
2706 297 7491
2705 298 7490
2704 299 7489
2703 300 7488
2702 301 7487
2701 302 7486
2700 303 7485
2699 304 7484
2698 305 7483
2697 306 7482
2696 307 7481
2695 308 7480
2694 309 7479
2693 310 7478
2692 311 7477
2691 312 7476
2690 313 7475
2689 314 7474
2688 315 7473
2687 316 7472
2686 317 7471
2685 318 7470
2684 319 7469
2683 320 7468
2682 321 7467
2681 322 7466
2680 323 7465
2679 324 7464
2678 325 7463
2677 326 7462
2676 327 7461
2675 328 7460
2674 329 7459
2673 330 7458
2672 331 7457
2671 332 7456
2670 333 7455
2669 334 7454
2668 335 7453
2667 336 7452
2666 337 7451
2665 338 7450
2664 339 7449
2663 340 7448
2662 341 7447
2661 342 7446
2660 343 7445
2659 344 7444
2658 345 7443
2657 346 7442
2656 347 7441
2655 348 7440
2654 349 7439
2653 350 7438
2652 351 7437
2651 352 7436
2650 353 7435
2649 354 7434
2648 355 7433
2647 356 7432
2646 357 7431
2645 358 7430
2644 359 7429
2643 360 7428
2642 361 7427
2641 362 7426
2640 363 7425
2639 364 7424
2638 365 7423
2637 366 7422
2636 367 7421
2635 368 7420
2634 369 7419
2633 370 7418
2632 371 7417
2631 372 7416
2630 373 7415
2629 374 7414
2628 375 7413
2627 376 7412
2626 377 7411
2625 378 7410
2624 379 7409
2623 380 7408
2622 381 7407
2621 382 7406
2620 383 7405
2619 384 7404
2618 385 7403
2617 386 7402
2616 387 7401
2615 388 7400
2614 389 7399
2613 390 7398
2612 391 7397
2611 392 7396
2610 393 7395
2609 394 7394
2608 395 7393
2607 396 7392
2606 397 7391
2605 398 7390
2604 399 7389
2603 400 7388
2602 401 7387
2601 402 7386
2600 403 7385
2599 404 7384
2598 405 7383
2597 406 7382
2596 407 7381
2595 408 7380
2594 409 7379
2593 410 7378
2592 411 7377
2591 412 7376
2590 413 7375
2589 414 7374
2588 415 7373
2587 416 7372
2586 417 7371
2585 418 7370
2584 419 7369
2583 420 7368
2582 421 7367
2581 422 7366
2580 423 7365
2579 424 7364
2578 425 7363
2577 426 7362
2576 427 7361
2575 428 7360
2574 429 7359
2573 430 7358
2572 431 7357
2571 432 7356
2570 433 7355
2569 434 7354
2568 435 7353
2567 436 7352
2566 437 7351
2565 438 7350
2564 439 7349
2563 440 7348
2562 441 7347
2561 442 7346
2560 443 7345
2559 444 7344
2558 445 7343
2557 446 7342
2556 447 7341
2555 448 7340
2554 449 7339
2553 450 7338
2552 451 7337
2551 452 7336
2550 453 7335
2549 454 7334
2548 455 7333
2547 456 7332
2546 457 7331
2545 458 7330
2544 459 7329
2543 460 7328
2542 461 7327
2541 462 7326
2540 463 7325
2539 464 7324
2538 465 7323
2537 466 7322
2536 467 7321
2535 468 7320
2534 469 7319
2533 470 7318
2532 471 7317
2531 472 7316
2530 473 7315
2529 474 7314
2528 475 7313
2527 476 7312
2526 477 7311
2525 478 7310
2524 479 7309
2523 480 7308
2522 481 7307
2521 482 7306
2520 483 7305
2519 484 7304
2518 485 7303
2517 486 7302
2516 487 7301
2515 488 7300
2514 489 7299
2513 490 7298
2512 491 7297
2511 492 7296
2510 493 7295
2509 494 7294
2508 495 7293
2507 496 7292
2506 497 7291
2505 498 7290
2504 499 7289
2503 500 7288
2502 501 7287
2501 502 7286
2500 503 7285
2499 504 7284
2498 505 7283
2497 506 7282
2496 507 7281
2495 508 7280
2494 509 7279
2493 510 7278
2492 511 7277
2491 512 7276
2490 513 7275
2489 514 7274
2488 515 7273
2487 516 7272
2486 517 7271
2485 518 7270
2484 519 7269
2483 520 7268
2482 521 7267
2481 522 7266
2480 523 7265
2479 524 7264
2478 525 7263
2477 526 7262
2476 527 7261
2475 528 7260
2474 529 7259
2473 530 7258
2472 531 7257
2471 532 7256
2470 533 7255
2469 534 7254
2468 535 7253
2467 536 7252
2466 537 7251
2465 538 7250
2464 539 7249
2463 540 7248
2462 541 7247
2461 542 7246
2460 543 7245
2459 544 7244
2458 545 7243
2457 546 7242
2456 547 7241
2455 548 7240
2454 549 7239
2453 550 7238
2452 551 7237
2451 552 7236
2450 553 7235
2449 554 7234
2448 555 7233
2447 556 7232
2446 557 7231
2445 558 7230
2444 559 7229
2443 560 7228
2442 561 7227
2441 562 7226
2440 563 7225
2439 564 7224
2438 565 7223
2437 566 7222
2436 567 7221
2435 568 7220
2434 569 7219
2433 570 7218
2432 571 7217
2431 572 7216
2430 573 7215
2429 574 7214
2428 575 7213
2427 576 7212
2426 577 7211
2425 578 7210
2424 579 7209
2423 580 7208
2422 581 7207
2421 582 7206
2420 583 7205
2419 584 7204
2418 585 7203
2417 586 7202
2416 587 7201
2415 588 7200
2414 589 7199
2413 590 7198
2412 591 7197
2411 592 7196
2410 593 7195
2409 594 7194
2408 595 7193
2407 596 7192
2406 597 7191
2405 598 7190
2404 599 7189
2403 600 7188
2402 601 7187
2401 602 7186
2400 603 7185
2399 604 7184
2398 605 7183
2397 606 7182
2396 607 7181
2395 608 7180
2394 609 7179
2393 610 7178
2392 611 7177
2391 612 7176
2390 613 7175
2389 614 7174
2388 615 7173
2387 616 7172
2386 617 7171
2385 618 7170
2384 619 7169
2383 620 7168
2382 621 7167
2381 622 7166
2380 623 7165
2379 624 7164
2378 625 7163
2377 626 7162
2376 627 7161
2375 628 7160
2374 629 7159
2373 630 7158
2372 631 7157
2371 632 7156
2370 633 7155
2369 634 7154
2368 635 7153
2367 636 7152
2366 637 7151
2365 638 7150
2364 639 7149
2363 640 7148
2362 641 7147
2361 642 7146
2360 643 7145
2359 644 7144
2358 645 7143
2357 646 7142
2356 647 7141
2355 648 7140
2354 649 7139
2353 650 7138
2352 651 7137
2351 652 7136
2350 653 7135
2349 654 7134
2348 655 7133
2347 656 7132
2346 657 7131
2345 658 7130
2344 659 7129
2343 660 7128
2342 661 7127
2341 662 7126
2340 663 7125
2339 664 7124
2338 665 7123
2337 666 7122
2336 667 7121
2335 668 7120
2334 669 7119
2333 670 7118
2332 671 7117
2331 672 7116
2330 673 7115
2329 674 7114
2328 675 7113
2327 676 7112
2326 677 7111
2325 678 7110
2324 679 7109
2323 680 7108
2322 681 7107
2321 682 7106
2320 683 7105
2319 684 7104
2318 685 7103
2317 686 7102
2316 687 7101
2315 688 7100
2314 689 7099
2313 690 7098
2312 691 7097
2311 692 7096
2310 693 7095
2309 694 7094
2308 695 7093
2307 696 7092
2306 697 7091
2305 698 7090
2304 699 7089
2303 700 7088
2302 701 7087
2301 702 7086
2300 703 7085
2299 704 7084
2298 705 7083
2297 706 7082
2296 707 7081
2295 708 7080
2294 709 7079
2293 710 7078
2292 711 7077
2291 712 7076
2290 713 7075
2289 714 7074
2288 715 7073
2287 716 7072
2286 717 7071
2285 718 7070
2284 719 7069
2283 720 7068
2282 721 7067
2281 722 7066
2280 723 7065
2279 724 7064
2278 725 7063
2277 726 7062
2276 727 7061
2275 728 7060
2274 729 7059
2273 730 7058
2272 731 7057
2271 732 7056
2270 733 7055
2269 734 7054
2268 735 7053
2267 736 7052
2266 737 7051
2265 738 7050
2264 739 7049
2263 740 7048
2262 741 7047
2261 742 7046
2260 743 7045
2259 744 7044
2258 745 7043
2257 746 7042
2256 747 7041
2255 748 7040
2254 749 7039
2253 750 7038
2252 751 7037
2251 752 7036
2250 753 7035
2249 754 7034
2248 755 7033
2247 756 7032
2246 757 7031
2245 758 7030
2244 759 7029
2243 760 7028
2242 761 7027
2241 762 7026
2240 763 7025
2239 764 7024
2238 765 7023
2237 766 7022
2236 767 7021
2235 768 7020
2234 769 7019
2233 770 7018
2232 771 7017
2231 772 7016
2230 773 7015
2229 774 7014
2228 775 7013
2227 776 7012
2226 777 7011
2225 778 7010
2224 779 7009
2223 780 7008
2222 781 7007
2221 782 7006
2220 783 7005
2219 784 7004
2218 785 7003
2217 786 7002
2216 787 7001
2215 788 7000
2214 789 6999
2213 790 6998
2212 791 6997
2211 792 6996
2210 793 6995
2209 794 6994
2208 795 6993
2207 796 6992
2206 797 6991
2205 798 6990
2204 799 6989
2203 800 6988
2202 801 6987
2201 802 6986
2200 803 6985
2199 804 6984
2198 805 6983
2197 806 6982
2196 807 6981
2195 808 6980
2194 809 6979
2193 810 6978
2192 811 6977
2191 812 6976
2190 813 6975
2189 814 6974
2188 815 6973
2187 816 6972
2186 817 6971
2185 818 6970
2184 819 6969
2183 820 6968
2182 821 6967
2181 822 6966
2180 823 6965
2179 824 6964
2178 825 6963
2177 826 6962
2176 827 6961
2175 828 6960
2174 829 6959
2173 830 6958
2172 831 6957
2171 832 6956
2170 833 6955
2169 834 6954
2168 835 6953
2167 836 6952
2166 837 6951
2165 838 6950
2164 839 6949
2163 840 6948
2162 841 6947
2161 842 6946
2160 843 6945
2159 844 6944
2158 845 6943
2157 846 6942
2156 847 6941
2155 848 6940
2154 849 6939
2153 850 6938
2152 851 6937
2151 852 6936
2150 853 6935
2149 854 6934
2148 855 6933
2147 856 6932
2146 857 6931
2145 858 6930
2144 859 6929
2143 860 6928
2142 861 6927
2141 862 6926
2140 863 6925
2139 864 6924
2138 865 6923
2137 866 6922
2136 867 6921
2135 868 6920
2134 869 6919
2133 870 6918
2132 871 6917
2131 872 6916
2130 873 6915
2129 874 6914
2128 875 6913
2127 876 6912
2126 877 6911
2125 878 6910
2124 879 6909
2123 880 6908
2122 881 6907
2121 882 6906
2120 883 6905
2119 884 6904
2118 885 6903
2117 886 6902
2116 887 6901
2115 888 6900
2114 889 6899
2113 890 6898
2112 891 6897
2111 892 6896
2110 893 6895
2109 894 6894
2108 895 6893
2107 896 6892
2106 897 6891
2105 898 6890
2104 899 6889
2103 900 6888
2102 901 6887
2101 902 6886
2100 903 6885
2099 904 6884
2098 905 6883
2097 906 6882
2096 907 6881
2095 908 6880
2094 909 6879
2093 910 6878
2092 911 6877
2091 912 6876
2090 913 6875
2089 914 6874
2088 915 6873
2087 916 6872
2086 917 6871
2085 918 6870
2084 919 6869
2083 920 6868
2082 921 6867
2081 922 6866
2080 923 6865
2079 924 6864
2078 925 6863
2077 926 6862
2076 927 6861
2075 928 6860
2074 929 6859
2073 930 6858
2072 931 6857
2071 932 6856
2070 933 6855
2069 934 6854
2068 935 6853
2067 936 6852
2066 937 6851
2065 938 6850
2064 939 6849
2063 940 6848
2062 941 6847
2061 942 6846
2060 943 6845
2059 944 6844
2058 945 6843
2057 946 6842
2056 947 6841
2055 948 6840
2054 949 6839
2053 950 6838
2052 951 6837
2051 952 6836
2050 953 6835
2049 954 6834
2048 955 6833
2047 956 6832
2046 957 6831
2045 958 6830
2044 959 6829
2043 960 6828
2042 961 6827
2041 962 6826
2040 963 6825
2039 964 6824
2038 965 6823
2037 966 6822
2036 967 6821
2035 968 6820
2034 969 6819
2033 970 6818
2032 971 6817
2031 972 6816
2030 973 6815
2029 974 6814
2028 975 6813
2027 976 6812
2026 977 6811
2025 978 6810
2024 979 6809
2023 980 6808
2022 981 6807
2021 982 6806
2020 983 6805
2019 984 6804
2018 985 6803
2017 986 6802
2016 987 6801
2015 988 6800
2014 989 6799
2013 990 6798
2012 991 6797
2011 992 6796
2010 993 6795
2009 994 6794
2008 995 6793
2007 996 6792
2006 997 6791
2005 998 6790
2004 999 6789
2003 1000 6788
2002 1001 6787
2001 1002 6786
2000 1003 6785
1999 1004 6784
1998 1005 6783
1997 1006 6782
1996 1007 6781
1995 1008 6780
1994 1009 6779
1993 1010 6778
1992 1011 6777
1991 1012 6776
1990 1013 6775
1989 1014 6774
1988 1015 6773
1987 1016 6772
1986 1017 6771
1985 1018 6770
1984 1019 6769
1983 1020 6768
1982 1021 6767
1981 1022 6766
1980 1023 6765
1979 1024 6764
1978 1025 6763
1977 1026 6762
1976 1027 6761
1975 1028 6760
1974 1029 6759
1973 1030 6758
1972 1031 6757
1971 1032 6756
1970 1033 6755
1969 1034 6754
1968 1035 6753
1967 1036 6752
1966 1037 6751
1965 1038 6750
1964 1039 6749
1963 1040 6748
1962 1041 6747
1961 1042 6746
1960 1043 6745
1959 1044 6744
1958 1045 6743
1957 1046 6742
1956 1047 6741
1955 1048 6740
1954 1049 6739
1953 1050 6738
1952 1051 6737
1951 1052 6736
1950 1053 6735
1949 1054 6734
1948 1055 6733
1947 1056 6732
1946 1057 6731
1945 1058 6730
1944 1059 6729
1943 1060 6728
1942 1061 6727
1941 1062 6726
1940 1063 6725
1939 1064 6724
1938 1065 6723
1937 1066 6722
1936 1067 6721
1935 1068 6720
1934 1069 6719
1933 1070 6718
1932 1071 6717
1931 1072 6716
1930 1073 6715
1929 1074 6714
1928 1075 6713
1927 1076 6712
1926 1077 6711
1925 1078 6710
1924 1079 6709
1923 1080 6708
1922 1081 6707
1921 1082 6706
1920 1083 6705
1919 1084 6704
1918 1085 6703
1917 1086 6702
1916 1087 6701
1915 1088 6700
1914 1089 6699
1913 1090 6698
1912 1091 6697
1911 1092 6696
1910 1093 6695
1909 1094 6694
1908 1095 6693
1907 1096 6692
1906 1097 6691
1905 1098 6690
1904 1099 6689
1903 1100 6688
1902 1101 6687
1901 1102 6686
1900 1103 6685
1899 1104 6684
1898 1105 6683
1897 1106 6682
1896 1107 6681
1895 1108 6680
1894 1109 6679
1893 1110 6678
1892 1111 6677
1891 1112 6676
1890 1113 6675
1889 1114 6674
1888 1115 6673
1887 1116 6672
1886 1117 6671
1885 1118 6670
1884 1119 6669
1883 1120 6668
1882 1121 6667
1881 1122 6666
1880 1123 6665
1879 1124 6664
1878 1125 6663
1877 1126 6662
1876 1127 6661
1875 1128 6660
1874 1129 6659
1873 1130 6658
1872 1131 6657
1871 1132 6656
1870 1133 6655
1869 1134 6654
1868 1135 6653
1867 1136 6652
1866 1137 6651
1865 1138 6650
1864 1139 6649
1863 1140 6648
1862 1141 6647
1861 1142 6646
1860 1143 6645
1859 1144 6644
1858 1145 6643
1857 1146 6642
1856 1147 6641
1855 1148 6640
1854 1149 6639
1853 1150 6638
1852 1151 6637
1851 1152 6636
1850 1153 6635
1849 1154 6634
1848 1155 6633
1847 1156 6632
1846 1157 6631
1845 1158 6630
1844 1159 6629
1843 1160 6628
1842 1161 6627
1841 1162 6626
1840 1163 6625
1839 1164 6624
1838 1165 6623
1837 1166 6622
1836 1167 6621
1835 1168 6620
1834 1169 6619
1833 1170 6618
1832 1171 6617
1831 1172 6616
1830 1173 6615
1829 1174 6614
1828 1175 6613
1827 1176 6612
1826 1177 6611
1825 1178 6610
1824 1179 6609
1823 1180 6608
1822 1181 6607
1821 1182 6606
1820 1183 6605
1819 1184 6604
1818 1185 6603
1817 1186 6602
1816 1187 6601
1815 1188 6600
1814 1189 6599
1813 1190 6598
1812 1191 6597
1811 1192 6596
1810 1193 6595
1809 1194 6594
1808 1195 6593
1807 1196 6592
1806 1197 6591
1805 1198 6590
1804 1199 6589
1803 1200 6588
1802 1201 6587
1801 1202 6586
1800 1203 6585
1799 1204 6584
1798 1205 6583
1797 1206 6582
1796 1207 6581
1795 1208 6580
1794 1209 6579
1793 1210 6578
1792 1211 6577
1791 1212 6576
1790 1213 6575
1789 1214 6574
1788 1215 6573
1787 1216 6572
1786 1217 6571
1785 1218 6570
1784 1219 6569
1783 1220 6568
1782 1221 6567
1781 1222 6566
1780 1223 6565
1779 1224 6564
1778 1225 6563
1777 1226 6562
1776 1227 6561
1775 1228 6560
1774 1229 6559
1773 1230 6558
1772 1231 6557
1771 1232 6556
1770 1233 6555
1769 1234 6554
1768 1235 6553
1767 1236 6552
1766 1237 6551
1765 1238 6550
1764 1239 6549
1763 1240 6548
1762 1241 6547
1761 1242 6546
1760 1243 6545
1759 1244 6544
1758 1245 6543
1757 1246 6542
1756 1247 6541
1755 1248 6540
1754 1249 6539
1753 1250 6538
1752 1251 6537
1751 1252 6536
1750 1253 6535
1749 1254 6534
1748 1255 6533
1747 1256 6532
1746 1257 6531
1745 1258 6530
1744 1259 6529
1743 1260 6528
1742 1261 6527
1741 1262 6526
1740 1263 6525
1739 1264 6524
1738 1265 6523
1737 1266 6522
1736 1267 6521
1735 1268 6520
1734 1269 6519
1733 1270 6518
1732 1271 6517
1731 1272 6516
1730 1273 6515
1729 1274 6514
1728 1275 6513
1727 1276 6512
1726 1277 6511
1725 1278 6510
1724 1279 6509
1723 1280 6508
1722 1281 6507
1721 1282 6506
1720 1283 6505
1719 1284 6504
1718 1285 6503
1717 1286 6502
1716 1287 6501
1715 1288 6500
1714 1289 6499
1713 1290 6498
1712 1291 6497
1711 1292 6496
1710 1293 6495
1709 1294 6494
1708 1295 6493
1707 1296 6492
1706 1297 6491
1705 1298 6490
1704 1299 6489
1703 1300 6488
1702 1301 6487
1701 1302 6486
1700 1303 6485
1699 1304 6484
1698 1305 6483
1697 1306 6482
1696 1307 6481
1695 1308 6480
1694 1309 6479
1693 1310 6478
1692 1311 6477
1691 1312 6476
1690 1313 6475
1689 1314 6474
1688 1315 6473
1687 1316 6472
1686 1317 6471
1685 1318 6470
1684 1319 6469
1683 1320 6468
1682 1321 6467
1681 1322 6466
1680 1323 6465
1679 1324 6464
1678 1325 6463
1677 1326 6462
1676 1327 6461
1675 1328 6460
1674 1329 6459
1673 1330 6458
1672 1331 6457
1671 1332 6456
1670 1333 6455
1669 1334 6454
1668 1335 6453
1667 1336 6452
1666 1337 6451
1665 1338 6450
1664 1339 6449
1663 1340 6448
1662 1341 6447
1661 1342 6446
1660 1343 6445
1659 1344 6444
1658 1345 6443
1657 1346 6442
1656 1347 6441
1655 1348 6440
1654 1349 6439
1653 1350 6438
1652 1351 6437
1651 1352 6436
1650 1353 6435
1649 1354 6434
1648 1355 6433
1647 1356 6432
1646 1357 6431
1645 1358 6430
1644 1359 6429
1643 1360 6428
1642 1361 6427
1641 1362 6426
1640 1363 6425
1639 1364 6424
1638 1365 6423
1637 1366 6422
1636 1367 6421
1635 1368 6420
1634 1369 6419
1633 1370 6418
1632 1371 6417
1631 1372 6416
1630 1373 6415
1629 1374 6414
1628 1375 6413
1627 1376 6412
1626 1377 6411
1625 1378 6410
1624 1379 6409
1623 1380 6408
1622 1381 6407
1621 1382 6406
1620 1383 6405
1619 1384 6404
1618 1385 6403
1617 1386 6402
1616 1387 6401
1615 1388 6400
1614 1389 6399
1613 1390 6398
1612 1391 6397
1611 1392 6396
1610 1393 6395
1609 1394 6394
1608 1395 6393
1607 1396 6392
1606 1397 6391
1605 1398 6390
1604 1399 6389
1603 1400 6388
1602 1401 6387
1601 1402 6386
1600 1403 6385
1599 1404 6384
1598 1405 6383
1597 1406 6382
1596 1407 6381
1595 1408 6380
1594 1409 6379
1593 1410 6378
1592 1411 6377
1591 1412 6376
1590 1413 6375
1589 1414 6374
1588 1415 6373
1587 1416 6372
1586 1417 6371
1585 1418 6370
1584 1419 6369
1583 1420 6368
1582 1421 6367
1581 1422 6366
1580 1423 6365
1579 1424 6364
1578 1425 6363
1577 1426 6362
1576 1427 6361
1575 1428 6360
1574 1429 6359
1573 1430 6358
1572 1431 6357
1571 1432 6356
1570 1433 6355
1569 1434 6354
1568 1435 6353
1567 1436 6352
1566 1437 6351
1565 1438 6350
1564 1439 6349
1563 1440 6348
1562 1441 6347
1561 1442 6346
1560 1443 6345
1559 1444 6344
1558 1445 6343
1557 1446 6342
1556 1447 6341
1555 1448 6340
1554 1449 6339
1553 1450 6338
1552 1451 6337
1551 1452 6336
1550 1453 6335
1549 1454 6334
1548 1455 6333
1547 1456 6332
1546 1457 6331
1545 1458 6330
1544 1459 6329
1543 1460 6328
1542 1461 6327
1541 1462 6326
1540 1463 6325
1539 1464 6324
1538 1465 6323
1537 1466 6322
1536 1467 6321
1535 1468 6320
1534 1469 6319
1533 1470 6318
1532 1471 6317
1531 1472 6316
1530 1473 6315
1529 1474 6314
1528 1475 6313
1527 1476 6312
1526 1477 6311
1525 1478 6310
1524 1479 6309
1523 1480 6308
1522 1481 6307
1521 1482 6306
1520 1483 6305
1519 1484 6304
1518 1485 6303
1517 1486 6302
1516 1487 6301
1515 1488 6300
1514 1489 6299
1513 1490 6298
1512 1491 6297
1511 1492 6296
1510 1493 6295
1509 1494 6294
1508 1495 6293
1507 1496 6292
1506 1497 6291
1505 1498 6290
1504 1499 6289
1503 1500 6288
1502 1501 6287
1501 1502 6286
1500 1503 6285
1499 1504 6284
1498 1505 6283
1497 1506 6282
1496 1507 6281
1495 1508 6280
1494 1509 6279
1493 1510 6278
1492 1511 6277
1491 1512 6276
1490 1513 6275
1489 1514 6274
1488 1515 6273
1487 1516 6272
1486 1517 6271
1485 1518 6270
1484 1519 6269
1483 1520 6268
1482 1521 6267
1481 1522 6266
1480 1523 6265
1479 1524 6264
1478 1525 6263
1477 1526 6262
1476 1527 6261
1475 1528 6260
1474 1529 6259
1473 1530 6258
1472 1531 6257
1471 1532 6256
1470 1533 6255
1469 1534 6254
1468 1535 6253
1467 1536 6252
1466 1537 6251
1465 1538 6250
1464 1539 6249
1463 1540 6248
1462 1541 6247
1461 1542 6246
1460 1543 6245
1459 1544 6244
1458 1545 6243
1457 1546 6242
1456 1547 6241
1455 1548 6240
1454 1549 6239
1453 1550 6238
1452 1551 6237
1451 1552 6236
1450 1553 6235
1449 1554 6234
1448 1555 6233
1447 1556 6232
1446 1557 6231
1445 1558 6230
1444 1559 6229
1443 1560 6228
1442 1561 6227
1441 1562 6226
1440 1563 6225
1439 1564 6224
1438 1565 6223
1437 1566 6222
1436 1567 6221
1435 1568 6220
1434 1569 6219
1433 1570 6218
1432 1571 6217
1431 1572 6216
1430 1573 6215
1429 1574 6214
1428 1575 6213
1427 1576 6212
1426 1577 6211
1425 1578 6210
1424 1579 6209
1423 1580 6208
1422 1581 6207
1421 1582 6206
1420 1583 6205
1419 1584 6204
1418 1585 6203
1417 1586 6202
1416 1587 6201
1415 1588 6200
1414 1589 6199
1413 1590 6198
1412 1591 6197
1411 1592 6196
1410 1593 6195
1409 1594 6194
1408 1595 6193
1407 1596 6192
1406 1597 6191
1405 1598 6190
1404 1599 6189
1403 1600 6188
1402 1601 6187
1401 1602 6186
1400 1603 6185
1399 1604 6184
1398 1605 6183
1397 1606 6182
1396 1607 6181
1395 1608 6180
1394 1609 6179
1393 1610 6178
1392 1611 6177
1391 1612 6176
1390 1613 6175
1389 1614 6174
1388 1615 6173
1387 1616 6172
1386 1617 6171
1385 1618 6170
1384 1619 6169
1383 1620 6168
1382 1621 6167
1381 1622 6166
1380 1623 6165
1379 1624 6164
1378 1625 6163
1377 1626 6162
1376 1627 6161
1375 1628 6160
1374 1629 6159
1373 1630 6158
1372 1631 6157
1371 1632 6156
1370 1633 6155
1369 1634 6154
1368 1635 6153
1367 1636 6152
1366 1637 6151
1365 1638 6150
1364 1639 6149
1363 1640 6148
1362 1641 6147
1361 1642 6146
1360 1643 6145
1359 1644 6144
1358 1645 6143
1357 1646 6142
1356 1647 6141
1355 1648 6140
1354 1649 6139
1353 1650 6138
1352 1651 6137
1351 1652 6136
1350 1653 6135
1349 1654 6134
1348 1655 6133
1347 1656 6132
1346 1657 6131
1345 1658 6130
1344 1659 6129
1343 1660 6128
1342 1661 6127
1341 1662 6126
1340 1663 6125
1339 1664 6124
1338 1665 6123
1337 1666 6122
1336 1667 6121
1335 1668 6120
1334 1669 6119
1333 1670 6118
1332 1671 6117
1331 1672 6116
1330 1673 6115
1329 1674 6114
1328 1675 6113
1327 1676 6112
1326 1677 6111
1325 1678 6110
1324 1679 6109
1323 1680 6108
1322 1681 6107
1321 1682 6106
1320 1683 6105
1319 1684 6104
1318 1685 6103
1317 1686 6102
1316 1687 6101
1315 1688 6100
1314 1689 6099
1313 1690 6098
1312 1691 6097
1311 1692 6096
1310 1693 6095
1309 1694 6094
1308 1695 6093
1307 1696 6092
1306 1697 6091
1305 1698 6090
1304 1699 6089
1303 1700 6088
1302 1701 6087
1301 1702 6086
1300 1703 6085
1299 1704 6084
1298 1705 6083
1297 1706 6082
1296 1707 6081
1295 1708 6080
1294 1709 6079
1293 1710 6078
1292 1711 6077
1291 1712 6076
1290 1713 6075
1289 1714 6074
1288 1715 6073
1287 1716 6072
1286 1717 6071
1285 1718 6070
1284 1719 6069
1283 1720 6068
1282 1721 6067
1281 1722 6066
1280 1723 6065
1279 1724 6064
1278 1725 6063
1277 1726 6062
1276 1727 6061
1275 1728 6060
1274 1729 6059
1273 1730 6058
1272 1731 6057
1271 1732 6056
1270 1733 6055
1269 1734 6054
1268 1735 6053
1267 1736 6052
1266 1737 6051
1265 1738 6050
1264 1739 6049
1263 1740 6048
1262 1741 6047
1261 1742 6046
1260 1743 6045
1259 1744 6044
1258 1745 6043
1257 1746 6042
1256 1747 6041
1255 1748 6040
1254 1749 6039
1253 1750 6038
1252 1751 6037
1251 1752 6036
1250 1753 6035
1249 1754 6034
1248 1755 6033
1247 1756 6032
1246 1757 6031
1245 1758 6030
1244 1759 6029
1243 1760 6028
1242 1761 6027
1241 1762 6026
1240 1763 6025
1239 1764 6024
1238 1765 6023
1237 1766 6022
1236 1767 6021
1235 1768 6020
1234 1769 6019
1233 1770 6018
1232 1771 6017
1231 1772 6016
1230 1773 6015
1229 1774 6014
1228 1775 6013
1227 1776 6012
1226 1777 6011
1225 1778 6010
1224 1779 6009
1223 1780 6008
1222 1781 6007
1221 1782 6006
1220 1783 6005
1219 1784 6004
1218 1785 6003
1217 1786 6002
1216 1787 6001
