2711
3000 3 8711
2999 4 8710
2998 5 8709
2997 6 8708
2996 7 8707
2995 8 8706
2994 9 8705
2993 10 8704
2992 11 8703
2991 12 8702
2990 13 8701
2989 14 8700
2988 15 8699
2987 16 8698
2986 17 8697
2985 18 8696
2984 19 8695
2983 20 8694
2982 21 8693
2981 22 8692
2980 23 8691
2979 24 8690
2978 25 8689
2977 26 8688
2976 27 8687
2975 28 8686
2974 29 8685
2973 30 8684
2972 31 8683
2971 32 8682
2970 33 8681
2969 34 8680
2968 35 8679
2967 36 8678
2966 37 8677
2965 38 8676
2964 39 8675
2963 40 8674
2962 41 8673
2961 42 8672
2960 43 8671
2959 44 8670
2958 45 8669
2957 46 8668
2956 47 8667
2955 48 8666
2954 49 8665
2953 50 8664
2952 51 8663
2951 52 8662
2950 53 8661
2949 54 8660
2948 55 8659
2947 56 8658
2946 57 8657
2945 58 8656
2944 59 8655
2943 60 8654
2942 61 8653
2941 62 8652
2940 63 8651
2939 64 8650
2938 65 8649
2937 66 8648
2936 67 8647
2935 68 8646
2934 69 8645
2933 70 8644
2932 71 8643
2931 72 8642
2930 73 8641
2929 74 8640
2928 75 8639
2927 76 8638
2926 77 8637
2925 78 8636
2924 79 8635
2923 80 8634
2922 81 8633
2921 82 8632
2920 83 8631
2919 84 8630
2918 85 8629
2917 86 8628
2916 87 8627
2915 88 8626
2914 89 8625
2913 90 8624
2912 91 8623
2911 92 8622
2910 93 8621
2909 94 8620
2908 95 8619
2907 96 8618
2906 97 8617
2905 98 8616
2904 99 8615
2903 100 8614
2902 101 8613
2901 102 8612
2900 103 8611
2899 104 8610
2898 105 8609
2897 106 8608
2896 107 8607
2895 108 8606
2894 109 8605
2893 110 8604
2892 111 8603
2891 112 8602
2890 113 8601
2889 114 8600
2888 115 8599
2887 116 8598
2886 117 8597
2885 118 8596
2884 119 8595
2883 120 8594
2882 121 8593
2881 122 8592
2880 123 8591
2879 124 8590
2878 125 8589
2877 126 8588
2876 127 8587
2875 128 8586
2874 129 8585
2873 130 8584
2872 131 8583
2871 132 8582
2870 133 8581
2869 134 8580
2868 135 8579
2867 136 8578
2866 137 8577
2865 138 8576
2864 139 8575
2863 140 8574
2862 141 8573
2861 142 8572
2860 143 8571
2859 144 8570
2858 145 8569
2857 146 8568
2856 147 8567
2855 148 8566
2854 149 8565
2853 150 8564
2852 151 8563
2851 152 8562
2850 153 8561
2849 154 8560
2848 155 8559
2847 156 8558
2846 157 8557
2845 158 8556
2844 159 8555
2843 160 8554
2842 161 8553
2841 162 8552
2840 163 8551
2839 164 8550
2838 165 8549
2837 166 8548
2836 167 8547
2835 168 8546
2834 169 8545
2833 170 8544
2832 171 8543
2831 172 8542
2830 173 8541
2829 174 8540
2828 175 8539
2827 176 8538
2826 177 8537
2825 178 8536
2824 179 8535
2823 180 8534
2822 181 8533
2821 182 8532
2820 183 8531
2819 184 8530
2818 185 8529
2817 186 8528
2816 187 8527
2815 188 8526
2814 189 8525
2813 190 8524
2812 191 8523
2811 192 8522
2810 193 8521
2809 194 8520
2808 195 8519
2807 196 8518
2806 197 8517
2805 198 8516
2804 199 8515
2803 200 8514
2802 201 8513
2801 202 8512
2800 203 8511
2799 204 8510
2798 205 8509
2797 206 8508
2796 207 8507
2795 208 8506
2794 209 8505
2793 210 8504
2792 211 8503
2791 212 8502
2790 213 8501
2789 214 8500
2788 215 8499
2787 216 8498
2786 217 8497
2785 218 8496
2784 219 8495
2783 220 8494
2782 221 8493
2781 222 8492
2780 223 8491
2779 224 8490
2778 225 8489
2777 226 8488
2776 227 8487
2775 228 8486
2774 229 8485
2773 230 8484
2772 231 8483
2771 232 8482
2770 233 8481
2769 234 8480
2768 235 8479
2767 236 8478
2766 237 8477
2765 238 8476
2764 239 8475
2763 240 8474
2762 241 8473
2761 242 8472
2760 243 8471
2759 244 8470
2758 245 8469
2757 246 8468
2756 247 8467
2755 248 8466
2754 249 8465
2753 250 8464
2752 251 8463
2751 252 8462
2750 253 8461
2749 254 8460
2748 255 8459
2747 256 8458
2746 257 8457
2745 258 8456
2744 259 8455
2743 260 8454
2742 261 8453
2741 262 8452
2740 263 8451
2739 264 8450
2738 265 8449
2737 266 8448
2736 267 8447
2735 268 8446
2734 269 8445
2733 270 8444
2732 271 8443
2731 272 8442
2730 273 8441
2729 274 8440
2728 275 8439
2727 276 8438
2726 277 8437
2725 278 8436
2724 279 8435
2723 280 8434
2722 281 8433
2721 282 8432
2720 283 8431
2719 284 8430
2718 285 8429
2717 286 8428
2716 287 8427
2715 288 8426
2714 289 8425
2713 290 8424
2712 291 8423
2711 292 8422
2710 293 8421
2709 294 8420
2708 295 8419
2707 296 8418
2706 297 8417
2705 298 8416
2704 299 8415
2703 300 8414
2702 301 8413
2701 302 8412
2700 303 8411
2699 304 8410
2698 305 8409
2697 306 8408
2696 307 8407
2695 308 8406
2694 309 8405
2693 310 8404
2692 311 8403
2691 312 8402
2690 313 8401
2689 314 8400
2688 315 8399
2687 316 8398
2686 317 8397
2685 318 8396
2684 319 8395
2683 320 8394
2682 321 8393
2681 322 8392
2680 323 8391
2679 324 8390
2678 325 8389
2677 326 8388
2676 327 8387
2675 328 8386
2674 329 8385
2673 330 8384
2672 331 8383
2671 332 8382
2670 333 8381
2669 334 8380
2668 335 8379
2667 336 8378
2666 337 8377
2665 338 8376
2664 339 8375
2663 340 8374
2662 341 8373
2661 342 8372
2660 343 8371
2659 344 8370
2658 345 8369
2657 346 8368
2656 347 8367
2655 348 8366
2654 349 8365
2653 350 8364
2652 351 8363
2651 352 8362
2650 353 8361
2649 354 8360
2648 355 8359
2647 356 8358
2646 357 8357
2645 358 8356
2644 359 8355
2643 360 8354
2642 361 8353
2641 362 8352
2640 363 8351
2639 364 8350
2638 365 8349
2637 366 8348
2636 367 8347
2635 368 8346
2634 369 8345
2633 370 8344
2632 371 8343
2631 372 8342
2630 373 8341
2629 374 8340
2628 375 8339
2627 376 8338
2626 377 8337
2625 378 8336
2624 379 8335
2623 380 8334
2622 381 8333
2621 382 8332
2620 383 8331
2619 384 8330
2618 385 8329
2617 386 8328
2616 387 8327
2615 388 8326
2614 389 8325
2613 390 8324
2612 391 8323
2611 392 8322
2610 393 8321
2609 394 8320
2608 395 8319
2607 396 8318
2606 397 8317
2605 398 8316
2604 399 8315
2603 400 8314
2602 401 8313
2601 402 8312
2600 403 8311
2599 404 8310
2598 405 8309
2597 406 8308
2596 407 8307
2595 408 8306
2594 409 8305
2593 410 8304
2592 411 8303
2591 412 8302
2590 413 8301
2589 414 8300
2588 415 8299
2587 416 8298
2586 417 8297
2585 418 8296
2584 419 8295
2583 420 8294
2582 421 8293
2581 422 8292
2580 423 8291
2579 424 8290
2578 425 8289
2577 426 8288
2576 427 8287
2575 428 8286
2574 429 8285
2573 430 8284
2572 431 8283
2571 432 8282
2570 433 8281
2569 434 8280
2568 435 8279
2567 436 8278
2566 437 8277
2565 438 8276
2564 439 8275
2563 440 8274
2562 441 8273
2561 442 8272
2560 443 8271
2559 444 8270
2558 445 8269
2557 446 8268
2556 447 8267
2555 448 8266
2554 449 8265
2553 450 8264
2552 451 8263
2551 452 8262
2550 453 8261
2549 454 8260
2548 455 8259
2547 456 8258
2546 457 8257
2545 458 8256
2544 459 8255
2543 460 8254
2542 461 8253
2541 462 8252
2540 463 8251
2539 464 8250
2538 465 8249
2537 466 8248
2536 467 8247
2535 468 8246
2534 469 8245
2533 470 8244
2532 471 8243
2531 472 8242
2530 473 8241
2529 474 8240
2528 475 8239
2527 476 8238
2526 477 8237
2525 478 8236
2524 479 8235
2523 480 8234
2522 481 8233
2521 482 8232
2520 483 8231
2519 484 8230
2518 485 8229
2517 486 8228
2516 487 8227
2515 488 8226
2514 489 8225
2513 490 8224
2512 491 8223
2511 492 8222
2510 493 8221
2509 494 8220
2508 495 8219
2507 496 8218
2506 497 8217
2505 498 8216
2504 499 8215
2503 500 8214
2502 501 8213
2501 502 8212
2500 503 8211
2499 504 8210
2498 505 8209
2497 506 8208
2496 507 8207
2495 508 8206
2494 509 8205
2493 510 8204
2492 511 8203
2491 512 8202
2490 513 8201
2489 514 8200
2488 515 8199
2487 516 8198
2486 517 8197
2485 518 8196
2484 519 8195
2483 520 8194
2482 521 8193
2481 522 8192
2480 523 8191
2479 524 8190
2478 525 8189
2477 526 8188
2476 527 8187
2475 528 8186
2474 529 8185
2473 530 8184
2472 531 8183
2471 532 8182
2470 533 8181
2469 534 8180
2468 535 8179
2467 536 8178
2466 537 8177
2465 538 8176
2464 539 8175
2463 540 8174
2462 541 8173
2461 542 8172
2460 543 8171
2459 544 8170
2458 545 8169
2457 546 8168
2456 547 8167
2455 548 8166
2454 549 8165
2453 550 8164
2452 551 8163
2451 552 8162
2450 553 8161
2449 554 8160
2448 555 8159
2447 556 8158
2446 557 8157
2445 558 8156
2444 559 8155
2443 560 8154
2442 561 8153
2441 562 8152
2440 563 8151
2439 564 8150
2438 565 8149
2437 566 8148
2436 567 8147
2435 568 8146
2434 569 8145
2433 570 8144
2432 571 8143
2431 572 8142
2430 573 8141
2429 574 8140
2428 575 8139
2427 576 8138
2426 577 8137
2425 578 8136
2424 579 8135
2423 580 8134
2422 581 8133
2421 582 8132
2420 583 8131
2419 584 8130
2418 585 8129
2417 586 8128
2416 587 8127
2415 588 8126
2414 589 8125
2413 590 8124
2412 591 8123
2411 592 8122
2410 593 8121
2409 594 8120
2408 595 8119
2407 596 8118
2406 597 8117
2405 598 8116
2404 599 8115
2403 600 8114
2402 601 8113
2401 602 8112
2400 603 8111
2399 604 8110
2398 605 8109
2397 606 8108
2396 607 8107
2395 608 8106
2394 609 8105
2393 610 8104
2392 611 8103
2391 612 8102
2390 613 8101
2389 614 8100
2388 615 8099
2387 616 8098
2386 617 8097
2385 618 8096
2384 619 8095
2383 620 8094
2382 621 8093
2381 622 8092
2380 623 8091
2379 624 8090
2378 625 8089
2377 626 8088
2376 627 8087
2375 628 8086
2374 629 8085
2373 630 8084
2372 631 8083
2371 632 8082
2370 633 8081
2369 634 8080
2368 635 8079
2367 636 8078
2366 637 8077
2365 638 8076
2364 639 8075
2363 640 8074
2362 641 8073
2361 642 8072
2360 643 8071
2359 644 8070
2358 645 8069
2357 646 8068
2356 647 8067
2355 648 8066
2354 649 8065
2353 650 8064
2352 651 8063
2351 652 8062
2350 653 8061
2349 654 8060
2348 655 8059
2347 656 8058
2346 657 8057
2345 658 8056
2344 659 8055
2343 660 8054
2342 661 8053
2341 662 8052
2340 663 8051
2339 664 8050
2338 665 8049
2337 666 8048
2336 667 8047
2335 668 8046
2334 669 8045
2333 670 8044
2332 671 8043
2331 672 8042
2330 673 8041
2329 674 8040
2328 675 8039
2327 676 8038
2326 677 8037
2325 678 8036
2324 679 8035
2323 680 8034
2322 681 8033
2321 682 8032
2320 683 8031
2319 684 8030
2318 685 8029
2317 686 8028
2316 687 8027
2315 688 8026
2314 689 8025
2313 690 8024
2312 691 8023
2311 692 8022
2310 693 8021
2309 694 8020
2308 695 8019
2307 696 8018
2306 697 8017
2305 698 8016
2304 699 8015
2303 700 8014
2302 701 8013
2301 702 8012
2300 703 8011
2299 704 8010
2298 705 8009
2297 706 8008
2296 707 8007
2295 708 8006
2294 709 8005
2293 710 8004
2292 711 8003
2291 712 8002
2290 713 8001
2289 714 8000
2288 715 7999
2287 716 7998
2286 717 7997
2285 718 7996
2284 719 7995
2283 720 7994
2282 721 7993
2281 722 7992
2280 723 7991
2279 724 7990
2278 725 7989
2277 726 7988
2276 727 7987
2275 728 7986
2274 729 7985
2273 730 7984
2272 731 7983
2271 732 7982
2270 733 7981
2269 734 7980
2268 735 7979
2267 736 7978
2266 737 7977
2265 738 7976
2264 739 7975
2263 740 7974
2262 741 7973
2261 742 7972
2260 743 7971
2259 744 7970
2258 745 7969
2257 746 7968
2256 747 7967
2255 748 7966
2254 749 7965
2253 750 7964
2252 751 7963
2251 752 7962
2250 753 7961
2249 754 7960
2248 755 7959
2247 756 7958
2246 757 7957
2245 758 7956
2244 759 7955
2243 760 7954
2242 761 7953
2241 762 7952
2240 763 7951
2239 764 7950
2238 765 7949
2237 766 7948
2236 767 7947
2235 768 7946
2234 769 7945
2233 770 7944
2232 771 7943
2231 772 7942
2230 773 7941
2229 774 7940
2228 775 7939
2227 776 7938
2226 777 7937
2225 778 7936
2224 779 7935
2223 780 7934
2222 781 7933
2221 782 7932
2220 783 7931
2219 784 7930
2218 785 7929
2217 786 7928
2216 787 7927
2215 788 7926
2214 789 7925
2213 790 7924
2212 791 7923
2211 792 7922
2210 793 7921
2209 794 7920
2208 795 7919
2207 796 7918
2206 797 7917
2205 798 7916
2204 799 7915
2203 800 7914
2202 801 7913
2201 802 7912
2200 803 7911
2199 804 7910
2198 805 7909
2197 806 7908
2196 807 7907
2195 808 7906
2194 809 7905
2193 810 7904
2192 811 7903
2191 812 7902
2190 813 7901
2189 814 7900
2188 815 7899
2187 816 7898
2186 817 7897
2185 818 7896
2184 819 7895
2183 820 7894
2182 821 7893
2181 822 7892
2180 823 7891
2179 824 7890
2178 825 7889
2177 826 7888
2176 827 7887
2175 828 7886
2174 829 7885
2173 830 7884
2172 831 7883
2171 832 7882
2170 833 7881
2169 834 7880
2168 835 7879
2167 836 7878
2166 837 7877
2165 838 7876
2164 839 7875
2163 840 7874
2162 841 7873
2161 842 7872
2160 843 7871
2159 844 7870
2158 845 7869
2157 846 7868
2156 847 7867
2155 848 7866
2154 849 7865
2153 850 7864
2152 851 7863
2151 852 7862
2150 853 7861
2149 854 7860
2148 855 7859
2147 856 7858
2146 857 7857
2145 858 7856
2144 859 7855
2143 860 7854
2142 861 7853
2141 862 7852
2140 863 7851
2139 864 7850
2138 865 7849
2137 866 7848
2136 867 7847
2135 868 7846
2134 869 7845
2133 870 7844
2132 871 7843
2131 872 7842
2130 873 7841
2129 874 7840
2128 875 7839
2127 876 7838
2126 877 7837
2125 878 7836
2124 879 7835
2123 880 7834
2122 881 7833
2121 882 7832
2120 883 7831
2119 884 7830
2118 885 7829
2117 886 7828
2116 887 7827
2115 888 7826
2114 889 7825
2113 890 7824
2112 891 7823
2111 892 7822
2110 893 7821
2109 894 7820
2108 895 7819
2107 896 7818
2106 897 7817
2105 898 7816
2104 899 7815
2103 900 7814
2102 901 7813
2101 902 7812
2100 903 7811
2099 904 7810
2098 905 7809
2097 906 7808
2096 907 7807
2095 908 7806
2094 909 7805
2093 910 7804
2092 911 7803
2091 912 7802
2090 913 7801
2089 914 7800
2088 915 7799
2087 916 7798
2086 917 7797
2085 918 7796
2084 919 7795
2083 920 7794
2082 921 7793
2081 922 7792
2080 923 7791
2079 924 7790
2078 925 7789
2077 926 7788
2076 927 7787
2075 928 7786
2074 929 7785
2073 930 7784
2072 931 7783
2071 932 7782
2070 933 7781
2069 934 7780
2068 935 7779
2067 936 7778
2066 937 7777
2065 938 7776
2064 939 7775
2063 940 7774
2062 941 7773
2061 942 7772
2060 943 7771
2059 944 7770
2058 945 7769
2057 946 7768
2056 947 7767
2055 948 7766
2054 949 7765
2053 950 7764
2052 951 7763
2051 952 7762
2050 953 7761
2049 954 7760
2048 955 7759
2047 956 7758
2046 957 7757
2045 958 7756
2044 959 7755
2043 960 7754
2042 961 7753
2041 962 7752
2040 963 7751
2039 964 7750
2038 965 7749
2037 966 7748
2036 967 7747
2035 968 7746
2034 969 7745
2033 970 7744
2032 971 7743
2031 972 7742
2030 973 7741
2029 974 7740
2028 975 7739
2027 976 7738
2026 977 7737
2025 978 7736
2024 979 7735
2023 980 7734
2022 981 7733
2021 982 7732
2020 983 7731
2019 984 7730
2018 985 7729
2017 986 7728
2016 987 7727
2015 988 7726
2014 989 7725
2013 990 7724
2012 991 7723
2011 992 7722
2010 993 7721
2009 994 7720
2008 995 7719
2007 996 7718
2006 997 7717
2005 998 7716
2004 999 7715
2003 1000 7714
2002 1001 7713
2001 1002 7712
2000 1003 7711
1999 1004 7710
1998 1005 7709
1997 1006 7708
1996 1007 7707
1995 1008 7706
1994 1009 7705
1993 1010 7704
1992 1011 7703
1991 1012 7702
1990 1013 7701
1989 1014 7700
1988 1015 7699
1987 1016 7698
1986 1017 7697
1985 1018 7696
1984 1019 7695
1983 1020 7694
1982 1021 7693
1981 1022 7692
1980 1023 7691
1979 1024 7690
1978 1025 7689
1977 1026 7688
1976 1027 7687
1975 1028 7686
1974 1029 7685
1973 1030 7684
1972 1031 7683
1971 1032 7682
1970 1033 7681
1969 1034 7680
1968 1035 7679
1967 1036 7678
1966 1037 7677
1965 1038 7676
1964 1039 7675
1963 1040 7674
1962 1041 7673
1961 1042 7672
1960 1043 7671
1959 1044 7670
1958 1045 7669
1957 1046 7668
1956 1047 7667
1955 1048 7666
1954 1049 7665
1953 1050 7664
1952 1051 7663
1951 1052 7662
1950 1053 7661
1949 1054 7660
1948 1055 7659
1947 1056 7658
1946 1057 7657
1945 1058 7656
1944 1059 7655
1943 1060 7654
1942 1061 7653
1941 1062 7652
1940 1063 7651
1939 1064 7650
1938 1065 7649
1937 1066 7648
1936 1067 7647
1935 1068 7646
1934 1069 7645
1933 1070 7644
1932 1071 7643
1931 1072 7642
1930 1073 7641
1929 1074 7640
1928 1075 7639
1927 1076 7638
1926 1077 7637
1925 1078 7636
1924 1079 7635
1923 1080 7634
1922 1081 7633
1921 1082 7632
1920 1083 7631
1919 1084 7630
1918 1085 7629
1917 1086 7628
1916 1087 7627
1915 1088 7626
1914 1089 7625
1913 1090 7624
1912 1091 7623
1911 1092 7622
1910 1093 7621
1909 1094 7620
1908 1095 7619
1907 1096 7618
1906 1097 7617
1905 1098 7616
1904 1099 7615
1903 1100 7614
1902 1101 7613
1901 1102 7612
1900 1103 7611
1899 1104 7610
1898 1105 7609
1897 1106 7608
1896 1107 7607
1895 1108 7606
1894 1109 7605
1893 1110 7604
1892 1111 7603
1891 1112 7602
1890 1113 7601
1889 1114 7600
1888 1115 7599
1887 1116 7598
1886 1117 7597
1885 1118 7596
1884 1119 7595
1883 1120 7594
1882 1121 7593
1881 1122 7592
1880 1123 7591
1879 1124 7590
1878 1125 7589
1877 1126 7588
1876 1127 7587
1875 1128 7586
1874 1129 7585
1873 1130 7584
1872 1131 7583
1871 1132 7582
1870 1133 7581
1869 1134 7580
1868 1135 7579
1867 1136 7578
1866 1137 7577
1865 1138 7576
1864 1139 7575
1863 1140 7574
1862 1141 7573
1861 1142 7572
1860 1143 7571
1859 1144 7570
1858 1145 7569
1857 1146 7568
1856 1147 7567
1855 1148 7566
1854 1149 7565
1853 1150 7564
1852 1151 7563
1851 1152 7562
1850 1153 7561
1849 1154 7560
1848 1155 7559
1847 1156 7558
1846 1157 7557
1845 1158 7556
1844 1159 7555
1843 1160 7554
1842 1161 7553
1841 1162 7552
1840 1163 7551
1839 1164 7550
1838 1165 7549
1837 1166 7548
1836 1167 7547
1835 1168 7546
1834 1169 7545
1833 1170 7544
1832 1171 7543
1831 1172 7542
1830 1173 7541
1829 1174 7540
1828 1175 7539
1827 1176 7538
1826 1177 7537
1825 1178 7536
1824 1179 7535
1823 1180 7534
1822 1181 7533
1821 1182 7532
1820 1183 7531
1819 1184 7530
1818 1185 7529
1817 1186 7528
1816 1187 7527
1815 1188 7526
1814 1189 7525
1813 1190 7524
1812 1191 7523
1811 1192 7522
1810 1193 7521
1809 1194 7520
1808 1195 7519
1807 1196 7518
1806 1197 7517
1805 1198 7516
1804 1199 7515
1803 1200 7514
1802 1201 7513
1801 1202 7512
1800 1203 7511
1799 1204 7510
1798 1205 7509
1797 1206 7508
1796 1207 7507
1795 1208 7506
1794 1209 7505
1793 1210 7504
1792 1211 7503
1791 1212 7502
1790 1213 7501
1789 1214 7500
1788 1215 7499
1787 1216 7498
1786 1217 7497
1785 1218 7496
1784 1219 7495
1783 1220 7494
1782 1221 7493
1781 1222 7492
1780 1223 7491
1779 1224 7490
1778 1225 7489
1777 1226 7488
1776 1227 7487
1775 1228 7486
1774 1229 7485
1773 1230 7484
1772 1231 7483
1771 1232 7482
1770 1233 7481
1769 1234 7480
1768 1235 7479
1767 1236 7478
1766 1237 7477
1765 1238 7476
1764 1239 7475
1763 1240 7474
1762 1241 7473
1761 1242 7472
1760 1243 7471
1759 1244 7470
1758 1245 7469
1757 1246 7468
1756 1247 7467
1755 1248 7466
1754 1249 7465
1753 1250 7464
1752 1251 7463
1751 1252 7462
1750 1253 7461
1749 1254 7460
1748 1255 7459
1747 1256 7458
1746 1257 7457
1745 1258 7456
1744 1259 7455
1743 1260 7454
1742 1261 7453
1741 1262 7452
1740 1263 7451
1739 1264 7450
1738 1265 7449
1737 1266 7448
1736 1267 7447
1735 1268 7446
1734 1269 7445
1733 1270 7444
1732 1271 7443
1731 1272 7442
1730 1273 7441
1729 1274 7440
1728 1275 7439
1727 1276 7438
1726 1277 7437
1725 1278 7436
1724 1279 7435
1723 1280 7434
1722 1281 7433
1721 1282 7432
1720 1283 7431
1719 1284 7430
1718 1285 7429
1717 1286 7428
1716 1287 7427
1715 1288 7426
1714 1289 7425
1713 1290 7424
1712 1291 7423
1711 1292 7422
1710 1293 7421
1709 1294 7420
1708 1295 7419
1707 1296 7418
1706 1297 7417
1705 1298 7416
1704 1299 7415
1703 1300 7414
1702 1301 7413
1701 1302 7412
1700 1303 7411
1699 1304 7410
1698 1305 7409
1697 1306 7408
1696 1307 7407
1695 1308 7406
1694 1309 7405
1693 1310 7404
1692 1311 7403
1691 1312 7402
1690 1313 7401
1689 1314 7400
1688 1315 7399
1687 1316 7398
1686 1317 7397
1685 1318 7396
1684 1319 7395
1683 1320 7394
1682 1321 7393
1681 1322 7392
1680 1323 7391
1679 1324 7390
1678 1325 7389
1677 1326 7388
1676 1327 7387
1675 1328 7386
1674 1329 7385
1673 1330 7384
1672 1331 7383
1671 1332 7382
1670 1333 7381
1669 1334 7380
1668 1335 7379
1667 1336 7378
1666 1337 7377
1665 1338 7376
1664 1339 7375
1663 1340 7374
1662 1341 7373
1661 1342 7372
1660 1343 7371
1659 1344 7370
1658 1345 7369
1657 1346 7368
1656 1347 7367
1655 1348 7366
1654 1349 7365
1653 1350 7364
1652 1351 7363
1651 1352 7362
1650 1353 7361
1649 1354 7360
1648 1355 7359
1647 1356 7358
1646 1357 7357
1645 1358 7356
1644 1359 7355
1643 1360 7354
1642 1361 7353
1641 1362 7352
1640 1363 7351
1639 1364 7350
1638 1365 7349
1637 1366 7348
1636 1367 7347
1635 1368 7346
1634 1369 7345
1633 1370 7344
1632 1371 7343
1631 1372 7342
1630 1373 7341
1629 1374 7340
1628 1375 7339
1627 1376 7338
1626 1377 7337
1625 1378 7336
1624 1379 7335
1623 1380 7334
1622 1381 7333
1621 1382 7332
1620 1383 7331
1619 1384 7330
1618 1385 7329
1617 1386 7328
1616 1387 7327
1615 1388 7326
1614 1389 7325
1613 1390 7324
1612 1391 7323
1611 1392 7322
1610 1393 7321
1609 1394 7320
1608 1395 7319
1607 1396 7318
1606 1397 7317
1605 1398 7316
1604 1399 7315
1603 1400 7314
1602 1401 7313
1601 1402 7312
1600 1403 7311
1599 1404 7310
1598 1405 7309
1597 1406 7308
1596 1407 7307
1595 1408 7306
1594 1409 7305
1593 1410 7304
1592 1411 7303
1591 1412 7302
1590 1413 7301
1589 1414 7300
1588 1415 7299
1587 1416 7298
1586 1417 7297
1585 1418 7296
1584 1419 7295
1583 1420 7294
1582 1421 7293
1581 1422 7292
1580 1423 7291
1579 1424 7290
1578 1425 7289
1577 1426 7288
1576 1427 7287
1575 1428 7286
1574 1429 7285
1573 1430 7284
1572 1431 7283
1571 1432 7282
1570 1433 7281
1569 1434 7280
1568 1435 7279
1567 1436 7278
1566 1437 7277
1565 1438 7276
1564 1439 7275
1563 1440 7274
1562 1441 7273
1561 1442 7272
1560 1443 7271
1559 1444 7270
1558 1445 7269
1557 1446 7268
1556 1447 7267
1555 1448 7266
1554 1449 7265
1553 1450 7264
1552 1451 7263
1551 1452 7262
1550 1453 7261
1549 1454 7260
1548 1455 7259
1547 1456 7258
1546 1457 7257
1545 1458 7256
1544 1459 7255
1543 1460 7254
1542 1461 7253
1541 1462 7252
1540 1463 7251
1539 1464 7250
1538 1465 7249
1537 1466 7248
1536 1467 7247
1535 1468 7246
1534 1469 7245
1533 1470 7244
1532 1471 7243
1531 1472 7242
1530 1473 7241
1529 1474 7240
1528 1475 7239
1527 1476 7238
1526 1477 7237
1525 1478 7236
1524 1479 7235
1523 1480 7234
1522 1481 7233
1521 1482 7232
1520 1483 7231
1519 1484 7230
1518 1485 7229
1517 1486 7228
1516 1487 7227
1515 1488 7226
1514 1489 7225
1513 1490 7224
1512 1491 7223
1511 1492 7222
1510 1493 7221
1509 1494 7220
1508 1495 7219
1507 1496 7218
1506 1497 7217
1505 1498 7216
1504 1499 7215
1503 1500 7214
1502 1501 7213
1501 1502 7212
1500 1503 7211
1499 1504 7210
1498 1505 7209
1497 1506 7208
1496 1507 7207
1495 1508 7206
1494 1509 7205
1493 1510 7204
1492 1511 7203
1491 1512 7202
1490 1513 7201
1489 1514 7200
1488 1515 7199
1487 1516 7198
1486 1517 7197
1485 1518 7196
1484 1519 7195
1483 1520 7194
1482 1521 7193
1481 1522 7192
1480 1523 7191
1479 1524 7190
1478 1525 7189
1477 1526 7188
1476 1527 7187
1475 1528 7186
1474 1529 7185
1473 1530 7184
1472 1531 7183
1471 1532 7182
1470 1533 7181
1469 1534 7180
1468 1535 7179
1467 1536 7178
1466 1537 7177
1465 1538 7176
1464 1539 7175
1463 1540 7174
1462 1541 7173
1461 1542 7172
1460 1543 7171
1459 1544 7170
1458 1545 7169
1457 1546 7168
1456 1547 7167
1455 1548 7166
1454 1549 7165
1453 1550 7164
1452 1551 7163
1451 1552 7162
1450 1553 7161
1449 1554 7160
1448 1555 7159
1447 1556 7158
1446 1557 7157
1445 1558 7156
1444 1559 7155
1443 1560 7154
1442 1561 7153
1441 1562 7152
1440 1563 7151
1439 1564 7150
1438 1565 7149
1437 1566 7148
1436 1567 7147
1435 1568 7146
1434 1569 7145
1433 1570 7144
1432 1571 7143
1431 1572 7142
1430 1573 7141
1429 1574 7140
1428 1575 7139
1427 1576 7138
1426 1577 7137
1425 1578 7136
1424 1579 7135
1423 1580 7134
1422 1581 7133
1421 1582 7132
1420 1583 7131
1419 1584 7130
1418 1585 7129
1417 1586 7128
1416 1587 7127
1415 1588 7126
1414 1589 7125
1413 1590 7124
1412 1591 7123
1411 1592 7122
1410 1593 7121
1409 1594 7120
1408 1595 7119
1407 1596 7118
1406 1597 7117
1405 1598 7116
1404 1599 7115
1403 1600 7114
1402 1601 7113
1401 1602 7112
1400 1603 7111
1399 1604 7110
1398 1605 7109
1397 1606 7108
1396 1607 7107
1395 1608 7106
1394 1609 7105
1393 1610 7104
1392 1611 7103
1391 1612 7102
1390 1613 7101
1389 1614 7100
1388 1615 7099
1387 1616 7098
1386 1617 7097
1385 1618 7096
1384 1619 7095
1383 1620 7094
1382 1621 7093
1381 1622 7092
1380 1623 7091
1379 1624 7090
1378 1625 7089
1377 1626 7088
1376 1627 7087
1375 1628 7086
1374 1629 7085
1373 1630 7084
1372 1631 7083
1371 1632 7082
1370 1633 7081
1369 1634 7080
1368 1635 7079
1367 1636 7078
1366 1637 7077
1365 1638 7076
1364 1639 7075
1363 1640 7074
1362 1641 7073
1361 1642 7072
1360 1643 7071
1359 1644 7070
1358 1645 7069
1357 1646 7068
1356 1647 7067
1355 1648 7066
1354 1649 7065
1353 1650 7064
1352 1651 7063
1351 1652 7062
1350 1653 7061
1349 1654 7060
1348 1655 7059
1347 1656 7058
1346 1657 7057
1345 1658 7056
1344 1659 7055
1343 1660 7054
1342 1661 7053
1341 1662 7052
1340 1663 7051
1339 1664 7050
1338 1665 7049
1337 1666 7048
1336 1667 7047
1335 1668 7046
1334 1669 7045
1333 1670 7044
1332 1671 7043
1331 1672 7042
1330 1673 7041
1329 1674 7040
1328 1675 7039
1327 1676 7038
1326 1677 7037
1325 1678 7036
1324 1679 7035
1323 1680 7034
1322 1681 7033
1321 1682 7032
1320 1683 7031
1319 1684 7030
1318 1685 7029
1317 1686 7028
1316 1687 7027
1315 1688 7026
1314 1689 7025
1313 1690 7024
1312 1691 7023
1311 1692 7022
1310 1693 7021
1309 1694 7020
1308 1695 7019
1307 1696 7018
1306 1697 7017
1305 1698 7016
1304 1699 7015
1303 1700 7014
1302 1701 7013
1301 1702 7012
1300 1703 7011
1299 1704 7010
1298 1705 7009
1297 1706 7008
1296 1707 7007
1295 1708 7006
1294 1709 7005
1293 1710 7004
1292 1711 7003
1291 1712 7002
1290 1713 7001
1289 1714 7000
1288 1715 6999
1287 1716 6998
1286 1717 6997
1285 1718 6996
1284 1719 6995
1283 1720 6994
1282 1721 6993
1281 1722 6992
1280 1723 6991
1279 1724 6990
1278 1725 6989
1277 1726 6988
1276 1727 6987
1275 1728 6986
1274 1729 6985
1273 1730 6984
1272 1731 6983
1271 1732 6982
1270 1733 6981
1269 1734 6980
1268 1735 6979
1267 1736 6978
1266 1737 6977
1265 1738 6976
1264 1739 6975
1263 1740 6974
1262 1741 6973
1261 1742 6972
1260 1743 6971
1259 1744 6970
1258 1745 6969
1257 1746 6968
1256 1747 6967
1255 1748 6966
1254 1749 6965
1253 1750 6964
1252 1751 6963
1251 1752 6962
1250 1753 6961
1249 1754 6960
1248 1755 6959
1247 1756 6958
1246 1757 6957
1245 1758 6956
1244 1759 6955
1243 1760 6954
1242 1761 6953
1241 1762 6952
1240 1763 6951
1239 1764 6950
1238 1765 6949
1237 1766 6948
1236 1767 6947
1235 1768 6946
1234 1769 6945
1233 1770 6944
1232 1771 6943
1231 1772 6942
1230 1773 6941
1229 1774 6940
1228 1775 6939
1227 1776 6938
1226 1777 6937
1225 1778 6936
1224 1779 6935
1223 1780 6934
1222 1781 6933
1221 1782 6932
1220 1783 6931
1219 1784 6930
1218 1785 6929
1217 1786 6928
1216 1787 6927
1215 1788 6926
1214 1789 6925
1213 1790 6924
1212 1791 6923
1211 1792 6922
1210 1793 6921
1209 1794 6920
1208 1795 6919
1207 1796 6918
1206 1797 6917
1205 1798 6916
1204 1799 6915
1203 1800 6914
1202 1801 6913
1201 1802 6912
1200 1803 6911
1199 1804 6910
1198 1805 6909
1197 1806 6908
1196 1807 6907
1195 1808 6906
1194 1809 6905
1193 1810 6904
1192 1811 6903
1191 1812 6902
1190 1813 6901
1189 1814 6900
1188 1815 6899
1187 1816 6898
1186 1817 6897
1185 1818 6896
1184 1819 6895
1183 1820 6894
1182 1821 6893
1181 1822 6892
1180 1823 6891
1179 1824 6890
1178 1825 6889
1177 1826 6888
1176 1827 6887
1175 1828 6886
1174 1829 6885
1173 1830 6884
1172 1831 6883
1171 1832 6882
1170 1833 6881
1169 1834 6880
1168 1835 6879
1167 1836 6878
1166 1837 6877
1165 1838 6876
1164 1839 6875
1163 1840 6874
1162 1841 6873
1161 1842 6872
1160 1843 6871
1159 1844 6870
1158 1845 6869
1157 1846 6868
1156 1847 6867
1155 1848 6866
1154 1849 6865
1153 1850 6864
1152 1851 6863
1151 1852 6862
1150 1853 6861
1149 1854 6860
1148 1855 6859
1147 1856 6858
1146 1857 6857
1145 1858 6856
1144 1859 6855
1143 1860 6854
1142 1861 6853
1141 1862 6852
1140 1863 6851
1139 1864 6850
1138 1865 6849
1137 1866 6848
1136 1867 6847
1135 1868 6846
1134 1869 6845
1133 1870 6844
1132 1871 6843
1131 1872 6842
1130 1873 6841
1129 1874 6840
1128 1875 6839
1127 1876 6838
1126 1877 6837
1125 1878 6836
1124 1879 6835
1123 1880 6834
1122 1881 6833
1121 1882 6832
1120 1883 6831
1119 1884 6830
1118 1885 6829
1117 1886 6828
1116 1887 6827
1115 1888 6826
1114 1889 6825
1113 1890 6824
1112 1891 6823
1111 1892 6822
1110 1893 6821
1109 1894 6820
1108 1895 6819
1107 1896 6818
1106 1897 6817
1105 1898 6816
1104 1899 6815
1103 1900 6814
1102 1901 6813
1101 1902 6812
1100 1903 6811
1099 1904 6810
1098 1905 6809
1097 1906 6808
1096 1907 6807
1095 1908 6806
1094 1909 6805
1093 1910 6804
1092 1911 6803
1091 1912 6802
1090 1913 6801
1089 1914 6800
1088 1915 6799
1087 1916 6798
1086 1917 6797
1085 1918 6796
1084 1919 6795
1083 1920 6794
1082 1921 6793
1081 1922 6792
1080 1923 6791
1079 1924 6790
1078 1925 6789
1077 1926 6788
1076 1927 6787
1075 1928 6786
1074 1929 6785
1073 1930 6784
1072 1931 6783
1071 1932 6782
1070 1933 6781
1069 1934 6780
1068 1935 6779
1067 1936 6778
1066 1937 6777
1065 1938 6776
1064 1939 6775
1063 1940 6774
1062 1941 6773
1061 1942 6772
1060 1943 6771
1059 1944 6770
1058 1945 6769
1057 1946 6768
1056 1947 6767
1055 1948 6766
1054 1949 6765
1053 1950 6764
1052 1951 6763
1051 1952 6762
1050 1953 6761
1049 1954 6760
1048 1955 6759
1047 1956 6758
1046 1957 6757
1045 1958 6756
1044 1959 6755
1043 1960 6754
1042 1961 6753
1041 1962 6752
1040 1963 6751
1039 1964 6750
1038 1965 6749
1037 1966 6748
1036 1967 6747
1035 1968 6746
1034 1969 6745
1033 1970 6744
1032 1971 6743
1031 1972 6742
1030 1973 6741
1029 1974 6740
1028 1975 6739
1027 1976 6738
1026 1977 6737
1025 1978 6736
1024 1979 6735
1023 1980 6734
1022 1981 6733
1021 1982 6732
1020 1983 6731
1019 1984 6730
1018 1985 6729
1017 1986 6728
1016 1987 6727
1015 1988 6726
1014 1989 6725
1013 1990 6724
1012 1991 6723
1011 1992 6722
1010 1993 6721
1009 1994 6720
1008 1995 6719
1007 1996 6718
1006 1997 6717
1005 1998 6716
1004 1999 6715
1003 2000 6714
1002 2001 6713
1001 2002 6712
1000 2003 6711
999 2004 6710
998 2005 6709
997 2006 6708
996 2007 6707
995 2008 6706
994 2009 6705
993 2010 6704
992 2011 6703
991 2012 6702
990 2013 6701
989 2014 6700
988 2015 6699
987 2016 6698
986 2017 6697
985 2018 6696
984 2019 6695
983 2020 6694
982 2021 6693
981 2022 6692
980 2023 6691
979 2024 6690
978 2025 6689
977 2026 6688
976 2027 6687
975 2028 6686
974 2029 6685
973 2030 6684
972 2031 6683
971 2032 6682
970 2033 6681
969 2034 6680
968 2035 6679
967 2036 6678
966 2037 6677
965 2038 6676
964 2039 6675
963 2040 6674
962 2041 6673
961 2042 6672
960 2043 6671
959 2044 6670
958 2045 6669
957 2046 6668
956 2047 6667
955 2048 6666
954 2049 6665
953 2050 6664
952 2051 6663
951 2052 6662
950 2053 6661
949 2054 6660
948 2055 6659
947 2056 6658
946 2057 6657
945 2058 6656
944 2059 6655
943 2060 6654
942 2061 6653
941 2062 6652
940 2063 6651
939 2064 6650
938 2065 6649
937 2066 6648
936 2067 6647
935 2068 6646
934 2069 6645
933 2070 6644
932 2071 6643
931 2072 6642
930 2073 6641
929 2074 6640
928 2075 6639
927 2076 6638
926 2077 6637
925 2078 6636
924 2079 6635
923 2080 6634
922 2081 6633
921 2082 6632
920 2083 6631
919 2084 6630
918 2085 6629
917 2086 6628
916 2087 6627
915 2088 6626
914 2089 6625
913 2090 6624
912 2091 6623
911 2092 6622
910 2093 6621
909 2094 6620
908 2095 6619
907 2096 6618
906 2097 6617
905 2098 6616
904 2099 6615
903 2100 6614
902 2101 6613
901 2102 6612
900 2103 6611
899 2104 6610
898 2105 6609
897 2106 6608
896 2107 6607
895 2108 6606
894 2109 6605
893 2110 6604
892 2111 6603
891 2112 6602
890 2113 6601
889 2114 6600
888 2115 6599
887 2116 6598
886 2117 6597
885 2118 6596
884 2119 6595
883 2120 6594
882 2121 6593
881 2122 6592
880 2123 6591
879 2124 6590
878 2125 6589
877 2126 6588
876 2127 6587
875 2128 6586
874 2129 6585
873 2130 6584
872 2131 6583
871 2132 6582
870 2133 6581
869 2134 6580
868 2135 6579
867 2136 6578
866 2137 6577
865 2138 6576
864 2139 6575
863 2140 6574
862 2141 6573
861 2142 6572
860 2143 6571
859 2144 6570
858 2145 6569
857 2146 6568
856 2147 6567
855 2148 6566
854 2149 6565
853 2150 6564
852 2151 6563
851 2152 6562
850 2153 6561
849 2154 6560
848 2155 6559
847 2156 6558
846 2157 6557
845 2158 6556
844 2159 6555
843 2160 6554
842 2161 6553
841 2162 6552
840 2163 6551
839 2164 6550
838 2165 6549
837 2166 6548
836 2167 6547
835 2168 6546
834 2169 6545
833 2170 6544
832 2171 6543
831 2172 6542
830 2173 6541
829 2174 6540
828 2175 6539
827 2176 6538
826 2177 6537
825 2178 6536
824 2179 6535
823 2180 6534
822 2181 6533
821 2182 6532
820 2183 6531
819 2184 6530
818 2185 6529
817 2186 6528
816 2187 6527
815 2188 6526
814 2189 6525
813 2190 6524
812 2191 6523
811 2192 6522
810 2193 6521
809 2194 6520
808 2195 6519
807 2196 6518
806 2197 6517
805 2198 6516
804 2199 6515
803 2200 6514
802 2201 6513
801 2202 6512
800 2203 6511
799 2204 6510
798 2205 6509
797 2206 6508
796 2207 6507
795 2208 6506
794 2209 6505
793 2210 6504
792 2211 6503
791 2212 6502
790 2213 6501
789 2214 6500
788 2215 6499
787 2216 6498
786 2217 6497
785 2218 6496
784 2219 6495
783 2220 6494
782 2221 6493
781 2222 6492
780 2223 6491
779 2224 6490
778 2225 6489
777 2226 6488
776 2227 6487
775 2228 6486
774 2229 6485
773 2230 6484
772 2231 6483
771 2232 6482
770 2233 6481
769 2234 6480
768 2235 6479
767 2236 6478
766 2237 6477
765 2238 6476
764 2239 6475
763 2240 6474
762 2241 6473
761 2242 6472
760 2243 6471
759 2244 6470
758 2245 6469
757 2246 6468
756 2247 6467
755 2248 6466
754 2249 6465
753 2250 6464
752 2251 6463
751 2252 6462
750 2253 6461
749 2254 6460
748 2255 6459
747 2256 6458
746 2257 6457
745 2258 6456
744 2259 6455
743 2260 6454
742 2261 6453
741 2262 6452
740 2263 6451
739 2264 6450
738 2265 6449
737 2266 6448
736 2267 6447
735 2268 6446
734 2269 6445
733 2270 6444
732 2271 6443
731 2272 6442
730 2273 6441
729 2274 6440
728 2275 6439
727 2276 6438
726 2277 6437
725 2278 6436
724 2279 6435
723 2280 6434
722 2281 6433
721 2282 6432
720 2283 6431
719 2284 6430
718 2285 6429
717 2286 6428
716 2287 6427
715 2288 6426
714 2289 6425
713 2290 6424
712 2291 6423
711 2292 6422
710 2293 6421
709 2294 6420
708 2295 6419
707 2296 6418
706 2297 6417
705 2298 6416
704 2299 6415
703 2300 6414
702 2301 6413
701 2302 6412
700 2303 6411
699 2304 6410
698 2305 6409
697 2306 6408
696 2307 6407
695 2308 6406
694 2309 6405
693 2310 6404
692 2311 6403
691 2312 6402
690 2313 6401
689 2314 6400
688 2315 6399
687 2316 6398
686 2317 6397
685 2318 6396
684 2319 6395
683 2320 6394
682 2321 6393
681 2322 6392
680 2323 6391
679 2324 6390
678 2325 6389
677 2326 6388
676 2327 6387
675 2328 6386
674 2329 6385
673 2330 6384
672 2331 6383
671 2332 6382
670 2333 6381
669 2334 6380
668 2335 6379
667 2336 6378
666 2337 6377
665 2338 6376
664 2339 6375
663 2340 6374
662 2341 6373
661 2342 6372
660 2343 6371
659 2344 6370
658 2345 6369
657 2346 6368
656 2347 6367
655 2348 6366
654 2349 6365
653 2350 6364
652 2351 6363
651 2352 6362
650 2353 6361
649 2354 6360
648 2355 6359
647 2356 6358
646 2357 6357
645 2358 6356
644 2359 6355
643 2360 6354
642 2361 6353
641 2362 6352
640 2363 6351
639 2364 6350
638 2365 6349
637 2366 6348
636 2367 6347
635 2368 6346
634 2369 6345
633 2370 6344
632 2371 6343
631 2372 6342
630 2373 6341
629 2374 6340
628 2375 6339
627 2376 6338
626 2377 6337
625 2378 6336
624 2379 6335
623 2380 6334
622 2381 6333
621 2382 6332
620 2383 6331
619 2384 6330
618 2385 6329
617 2386 6328
616 2387 6327
615 2388 6326
614 2389 6325
613 2390 6324
612 2391 6323
611 2392 6322
610 2393 6321
609 2394 6320
608 2395 6319
607 2396 6318
606 2397 6317
605 2398 6316
604 2399 6315
603 2400 6314
602 2401 6313
601 2402 6312
600 2403 6311
599 2404 6310
598 2405 6309
597 2406 6308
596 2407 6307
595 2408 6306
594 2409 6305
593 2410 6304
592 2411 6303
591 2412 6302
590 2413 6301
589 2414 6300
588 2415 6299
587 2416 6298
586 2417 6297
585 2418 6296
584 2419 6295
583 2420 6294
582 2421 6293
581 2422 6292
580 2423 6291
579 2424 6290
578 2425 6289
577 2426 6288
576 2427 6287
575 2428 6286
574 2429 6285
573 2430 6284
572 2431 6283
571 2432 6282
570 2433 6281
569 2434 6280
568 2435 6279
567 2436 6278
566 2437 6277
565 2438 6276
564 2439 6275
563 2440 6274
562 2441 6273
561 2442 6272
560 2443 6271
559 2444 6270
558 2445 6269
557 2446 6268
556 2447 6267
555 2448 6266
554 2449 6265
553 2450 6264
552 2451 6263
551 2452 6262
550 2453 6261
549 2454 6260
548 2455 6259
547 2456 6258
546 2457 6257
545 2458 6256
544 2459 6255
543 2460 6254
542 2461 6253
541 2462 6252
540 2463 6251
539 2464 6250
538 2465 6249
537 2466 6248
536 2467 6247
535 2468 6246
534 2469 6245
533 2470 6244
532 2471 6243
531 2472 6242
530 2473 6241
529 2474 6240
528 2475 6239
527 2476 6238
526 2477 6237
525 2478 6236
524 2479 6235
523 2480 6234
522 2481 6233
521 2482 6232
520 2483 6231
519 2484 6230
518 2485 6229
517 2486 6228
516 2487 6227
515 2488 6226
514 2489 6225
513 2490 6224
512 2491 6223
511 2492 6222
510 2493 6221
509 2494 6220
508 2495 6219
507 2496 6218
506 2497 6217
505 2498 6216
504 2499 6215
503 2500 6214
502 2501 6213
501 2502 6212
500 2503 6211
499 2504 6210
498 2505 6209
497 2506 6208
496 2507 6207
495 2508 6206
494 2509 6205
493 2510 6204
492 2511 6203
491 2512 6202
490 2513 6201
489 2514 6200
488 2515 6199
487 2516 6198
486 2517 6197
485 2518 6196
484 2519 6195
483 2520 6194
482 2521 6193
481 2522 6192
480 2523 6191
479 2524 6190
478 2525 6189
477 2526 6188
476 2527 6187
475 2528 6186
474 2529 6185
473 2530 6184
472 2531 6183
471 2532 6182
470 2533 6181
469 2534 6180
468 2535 6179
467 2536 6178
466 2537 6177
465 2538 6176
464 2539 6175
463 2540 6174
462 2541 6173
461 2542 6172
460 2543 6171
459 2544 6170
458 2545 6169
457 2546 6168
456 2547 6167
455 2548 6166
454 2549 6165
453 2550 6164
452 2551 6163
451 2552 6162
450 2553 6161
449 2554 6160
448 2555 6159
447 2556 6158
446 2557 6157
445 2558 6156
444 2559 6155
443 2560 6154
442 2561 6153
441 2562 6152
440 2563 6151
439 2564 6150
438 2565 6149
437 2566 6148
436 2567 6147
435 2568 6146
434 2569 6145
433 2570 6144
432 2571 6143
431 2572 6142
430 2573 6141
429 2574 6140
428 2575 6139
427 2576 6138
426 2577 6137
425 2578 6136
424 2579 6135
423 2580 6134
422 2581 6133
421 2582 6132
420 2583 6131
419 2584 6130
418 2585 6129
417 2586 6128
416 2587 6127
415 2588 6126
414 2589 6125
413 2590 6124
412 2591 6123
411 2592 6122
410 2593 6121
409 2594 6120
408 2595 6119
407 2596 6118
406 2597 6117
405 2598 6116
404 2599 6115
403 2600 6114
402 2601 6113
401 2602 6112
400 2603 6111
399 2604 6110
398 2605 6109
397 2606 6108
396 2607 6107
395 2608 6106
394 2609 6105
393 2610 6104
392 2611 6103
391 2612 6102
390 2613 6101
389 2614 6100
388 2615 6099
387 2616 6098
386 2617 6097
385 2618 6096
384 2619 6095
383 2620 6094
382 2621 6093
381 2622 6092
380 2623 6091
379 2624 6090
378 2625 6089
377 2626 6088
376 2627 6087
375 2628 6086
374 2629 6085
373 2630 6084
372 2631 6083
371 2632 6082
370 2633 6081
369 2634 6080
368 2635 6079
367 2636 6078
366 2637 6077
365 2638 6076
364 2639 6075
363 2640 6074
362 2641 6073
361 2642 6072
360 2643 6071
359 2644 6070
358 2645 6069
357 2646 6068
356 2647 6067
355 2648 6066
354 2649 6065
353 2650 6064
352 2651 6063
351 2652 6062
350 2653 6061
349 2654 6060
348 2655 6059
347 2656 6058
346 2657 6057
345 2658 6056
344 2659 6055
343 2660 6054
342 2661 6053
341 2662 6052
340 2663 6051
339 2664 6050
338 2665 6049
337 2666 6048
336 2667 6047
335 2668 6046
334 2669 6045
333 2670 6044
332 2671 6043
331 2672 6042
330 2673 6041
329 2674 6040
328 2675 6039
327 2676 6038
326 2677 6037
325 2678 6036
324 2679 6035
323 2680 6034
322 2681 6033
321 2682 6032
320 2683 6031
319 2684 6030
318 2685 6029
317 2686 6028
316 2687 6027
315 2688 6026
314 2689 6025
313 2690 6024
312 2691 6023
311 2692 6022
310 2693 6021
309 2694 6020
308 2695 6019
307 2696 6018
306 2697 6017
305 2698 6016
304 2699 6015
303 2700 6014
302 2701 6013
301 2702 6012
300 2703 6011
299 2704 6010
298 2705 6009
297 2706 6008
296 2707 6007
295 2708 6006
294 2709 6005
293 2710 6004
292 2711 6003
291 2712 6002
290 2713 6001
