1642
3000 3 7642
2999 4 7641
2998 5 7640
2997 6 7639
2996 7 7638
2995 8 7637
2994 9 7636
2993 10 7635
2992 11 7634
2991 12 7633
2990 13 7632
2989 14 7631
2988 15 7630
2987 16 7629
2986 17 7628
2985 18 7627
2984 19 7626
2983 20 7625
2982 21 7624
2981 22 7623
2980 23 7622
2979 24 7621
2978 25 7620
2977 26 7619
2976 27 7618
2975 28 7617
2974 29 7616
2973 30 7615
2972 31 7614
2971 32 7613
2970 33 7612
2969 34 7611
2968 35 7610
2967 36 7609
2966 37 7608
2965 38 7607
2964 39 7606
2963 40 7605
2962 41 7604
2961 42 7603
2960 43 7602
2959 44 7601
2958 45 7600
2957 46 7599
2956 47 7598
2955 48 7597
2954 49 7596
2953 50 7595
2952 51 7594
2951 52 7593
2950 53 7592
2949 54 7591
2948 55 7590
2947 56 7589
2946 57 7588
2945 58 7587
2944 59 7586
2943 60 7585
2942 61 7584
2941 62 7583
2940 63 7582
2939 64 7581
2938 65 7580
2937 66 7579
2936 67 7578
2935 68 7577
2934 69 7576
2933 70 7575
2932 71 7574
2931 72 7573
2930 73 7572
2929 74 7571
2928 75 7570
2927 76 7569
2926 77 7568
2925 78 7567
2924 79 7566
2923 80 7565
2922 81 7564
2921 82 7563
2920 83 7562
2919 84 7561
2918 85 7560
2917 86 7559
2916 87 7558
2915 88 7557
2914 89 7556
2913 90 7555
2912 91 7554
2911 92 7553
2910 93 7552
2909 94 7551
2908 95 7550
2907 96 7549
2906 97 7548
2905 98 7547
2904 99 7546
2903 100 7545
2902 101 7544
2901 102 7543
2900 103 7542
2899 104 7541
2898 105 7540
2897 106 7539
2896 107 7538
2895 108 7537
2894 109 7536
2893 110 7535
2892 111 7534
2891 112 7533
2890 113 7532
2889 114 7531
2888 115 7530
2887 116 7529
2886 117 7528
2885 118 7527
2884 119 7526
2883 120 7525
2882 121 7524
2881 122 7523
2880 123 7522
2879 124 7521
2878 125 7520
2877 126 7519
2876 127 7518
2875 128 7517
2874 129 7516
2873 130 7515
2872 131 7514
2871 132 7513
2870 133 7512
2869 134 7511
2868 135 7510
2867 136 7509
2866 137 7508
2865 138 7507
2864 139 7506
2863 140 7505
2862 141 7504
2861 142 7503
2860 143 7502
2859 144 7501
2858 145 7500
2857 146 7499
2856 147 7498
2855 148 7497
2854 149 7496
2853 150 7495
2852 151 7494
2851 152 7493
2850 153 7492
2849 154 7491
2848 155 7490
2847 156 7489
2846 157 7488
2845 158 7487
2844 159 7486
2843 160 7485
2842 161 7484
2841 162 7483
2840 163 7482
2839 164 7481
2838 165 7480
2837 166 7479
2836 167 7478
2835 168 7477
2834 169 7476
2833 170 7475
2832 171 7474
2831 172 7473
2830 173 7472
2829 174 7471
2828 175 7470
2827 176 7469
2826 177 7468
2825 178 7467
2824 179 7466
2823 180 7465
2822 181 7464
2821 182 7463
2820 183 7462
2819 184 7461
2818 185 7460
2817 186 7459
2816 187 7458
2815 188 7457
2814 189 7456
2813 190 7455
2812 191 7454
2811 192 7453
2810 193 7452
2809 194 7451
2808 195 7450
2807 196 7449
2806 197 7448
2805 198 7447
2804 199 7446
2803 200 7445
2802 201 7444
2801 202 7443
2800 203 7442
2799 204 7441
2798 205 7440
2797 206 7439
2796 207 7438
2795 208 7437
2794 209 7436
2793 210 7435
2792 211 7434
2791 212 7433
2790 213 7432
2789 214 7431
2788 215 7430
2787 216 7429
2786 217 7428
2785 218 7427
2784 219 7426
2783 220 7425
2782 221 7424
2781 222 7423
2780 223 7422
2779 224 7421
2778 225 7420
2777 226 7419
2776 227 7418
2775 228 7417
2774 229 7416
2773 230 7415
2772 231 7414
2771 232 7413
2770 233 7412
2769 234 7411
2768 235 7410
2767 236 7409
2766 237 7408
2765 238 7407
2764 239 7406
2763 240 7405
2762 241 7404
2761 242 7403
2760 243 7402
2759 244 7401
2758 245 7400
2757 246 7399
2756 247 7398
2755 248 7397
2754 249 7396
2753 250 7395
2752 251 7394
2751 252 7393
2750 253 7392
2749 254 7391
2748 255 7390
2747 256 7389
2746 257 7388
2745 258 7387
2744 259 7386
2743 260 7385
2742 261 7384
2741 262 7383
2740 263 7382
2739 264 7381
2738 265 7380
2737 266 7379
2736 267 7378
2735 268 7377
2734 269 7376
2733 270 7375
2732 271 7374
2731 272 7373
2730 273 7372
2729 274 7371
2728 275 7370
2727 276 7369
2726 277 7368
2725 278 7367
2724 279 7366
2723 280 7365
2722 281 7364
2721 282 7363
2720 283 7362
2719 284 7361
2718 285 7360
2717 286 7359
2716 287 7358
2715 288 7357
2714 289 7356
2713 290 7355
2712 291 7354
2711 292 7353
2710 293 7352
2709 294 7351
2708 295 7350
2707 296 7349
2706 297 7348
2705 298 7347
2704 299 7346
2703 300 7345
2702 301 7344
2701 302 7343
2700 303 7342
2699 304 7341
2698 305 7340
2697 306 7339
2696 307 7338
2695 308 7337
2694 309 7336
2693 310 7335
2692 311 7334
2691 312 7333
2690 313 7332
2689 314 7331
2688 315 7330
2687 316 7329
2686 317 7328
2685 318 7327
2684 319 7326
2683 320 7325
2682 321 7324
2681 322 7323
2680 323 7322
2679 324 7321
2678 325 7320
2677 326 7319
2676 327 7318
2675 328 7317
2674 329 7316
2673 330 7315
2672 331 7314
2671 332 7313
2670 333 7312
2669 334 7311
2668 335 7310
2667 336 7309
2666 337 7308
2665 338 7307
2664 339 7306
2663 340 7305
2662 341 7304
2661 342 7303
2660 343 7302
2659 344 7301
2658 345 7300
2657 346 7299
2656 347 7298
2655 348 7297
2654 349 7296
2653 350 7295
2652 351 7294
2651 352 7293
2650 353 7292
2649 354 7291
2648 355 7290
2647 356 7289
2646 357 7288
2645 358 7287
2644 359 7286
2643 360 7285
2642 361 7284
2641 362 7283
2640 363 7282
2639 364 7281
2638 365 7280
2637 366 7279
2636 367 7278
2635 368 7277
2634 369 7276
2633 370 7275
2632 371 7274
2631 372 7273
2630 373 7272
2629 374 7271
2628 375 7270
2627 376 7269
2626 377 7268
2625 378 7267
2624 379 7266
2623 380 7265
2622 381 7264
2621 382 7263
2620 383 7262
2619 384 7261
2618 385 7260
2617 386 7259
2616 387 7258
2615 388 7257
2614 389 7256
2613 390 7255
2612 391 7254
2611 392 7253
2610 393 7252
2609 394 7251
2608 395 7250
2607 396 7249
2606 397 7248
2605 398 7247
2604 399 7246
2603 400 7245
2602 401 7244
2601 402 7243
2600 403 7242
2599 404 7241
2598 405 7240
2597 406 7239
2596 407 7238
2595 408 7237
2594 409 7236
2593 410 7235
2592 411 7234
2591 412 7233
2590 413 7232
2589 414 7231
2588 415 7230
2587 416 7229
2586 417 7228
2585 418 7227
2584 419 7226
2583 420 7225
2582 421 7224
2581 422 7223
2580 423 7222
2579 424 7221
2578 425 7220
2577 426 7219
2576 427 7218
2575 428 7217
2574 429 7216
2573 430 7215
2572 431 7214
2571 432 7213
2570 433 7212
2569 434 7211
2568 435 7210
2567 436 7209
2566 437 7208
2565 438 7207
2564 439 7206
2563 440 7205
2562 441 7204
2561 442 7203
2560 443 7202
2559 444 7201
2558 445 7200
2557 446 7199
2556 447 7198
2555 448 7197
2554 449 7196
2553 450 7195
2552 451 7194
2551 452 7193
2550 453 7192
2549 454 7191
2548 455 7190
2547 456 7189
2546 457 7188
2545 458 7187
2544 459 7186
2543 460 7185
2542 461 7184
2541 462 7183
2540 463 7182
2539 464 7181
2538 465 7180
2537 466 7179
2536 467 7178
2535 468 7177
2534 469 7176
2533 470 7175
2532 471 7174
2531 472 7173
2530 473 7172
2529 474 7171
2528 475 7170
2527 476 7169
2526 477 7168
2525 478 7167
2524 479 7166
2523 480 7165
2522 481 7164
2521 482 7163
2520 483 7162
2519 484 7161
2518 485 7160
2517 486 7159
2516 487 7158
2515 488 7157
2514 489 7156
2513 490 7155
2512 491 7154
2511 492 7153
2510 493 7152
2509 494 7151
2508 495 7150
2507 496 7149
2506 497 7148
2505 498 7147
2504 499 7146
2503 500 7145
2502 501 7144
2501 502 7143
2500 503 7142
2499 504 7141
2498 505 7140
2497 506 7139
2496 507 7138
2495 508 7137
2494 509 7136
2493 510 7135
2492 511 7134
2491 512 7133
2490 513 7132
2489 514 7131
2488 515 7130
2487 516 7129
2486 517 7128
2485 518 7127
2484 519 7126
2483 520 7125
2482 521 7124
2481 522 7123
2480 523 7122
2479 524 7121
2478 525 7120
2477 526 7119
2476 527 7118
2475 528 7117
2474 529 7116
2473 530 7115
2472 531 7114
2471 532 7113
2470 533 7112
2469 534 7111
2468 535 7110
2467 536 7109
2466 537 7108
2465 538 7107
2464 539 7106
2463 540 7105
2462 541 7104
2461 542 7103
2460 543 7102
2459 544 7101
2458 545 7100
2457 546 7099
2456 547 7098
2455 548 7097
2454 549 7096
2453 550 7095
2452 551 7094
2451 552 7093
2450 553 7092
2449 554 7091
2448 555 7090
2447 556 7089
2446 557 7088
2445 558 7087
2444 559 7086
2443 560 7085
2442 561 7084
2441 562 7083
2440 563 7082
2439 564 7081
2438 565 7080
2437 566 7079
2436 567 7078
2435 568 7077
2434 569 7076
2433 570 7075
2432 571 7074
2431 572 7073
2430 573 7072
2429 574 7071
2428 575 7070
2427 576 7069
2426 577 7068
2425 578 7067
2424 579 7066
2423 580 7065
2422 581 7064
2421 582 7063
2420 583 7062
2419 584 7061
2418 585 7060
2417 586 7059
2416 587 7058
2415 588 7057
2414 589 7056
2413 590 7055
2412 591 7054
2411 592 7053
2410 593 7052
2409 594 7051
2408 595 7050
2407 596 7049
2406 597 7048
2405 598 7047
2404 599 7046
2403 600 7045
2402 601 7044
2401 602 7043
2400 603 7042
2399 604 7041
2398 605 7040
2397 606 7039
2396 607 7038
2395 608 7037
2394 609 7036
2393 610 7035
2392 611 7034
2391 612 7033
2390 613 7032
2389 614 7031
2388 615 7030
2387 616 7029
2386 617 7028
2385 618 7027
2384 619 7026
2383 620 7025
2382 621 7024
2381 622 7023
2380 623 7022
2379 624 7021
2378 625 7020
2377 626 7019
2376 627 7018
2375 628 7017
2374 629 7016
2373 630 7015
2372 631 7014
2371 632 7013
2370 633 7012
2369 634 7011
2368 635 7010
2367 636 7009
2366 637 7008
2365 638 7007
2364 639 7006
2363 640 7005
2362 641 7004
2361 642 7003
2360 643 7002
2359 644 7001
2358 645 7000
2357 646 6999
2356 647 6998
2355 648 6997
2354 649 6996
2353 650 6995
2352 651 6994
2351 652 6993
2350 653 6992
2349 654 6991
2348 655 6990
2347 656 6989
2346 657 6988
2345 658 6987
2344 659 6986
2343 660 6985
2342 661 6984
2341 662 6983
2340 663 6982
2339 664 6981
2338 665 6980
2337 666 6979
2336 667 6978
2335 668 6977
2334 669 6976
2333 670 6975
2332 671 6974
2331 672 6973
2330 673 6972
2329 674 6971
2328 675 6970
2327 676 6969
2326 677 6968
2325 678 6967
2324 679 6966
2323 680 6965
2322 681 6964
2321 682 6963
2320 683 6962
2319 684 6961
2318 685 6960
2317 686 6959
2316 687 6958
2315 688 6957
2314 689 6956
2313 690 6955
2312 691 6954
2311 692 6953
2310 693 6952
2309 694 6951
2308 695 6950
2307 696 6949
2306 697 6948
2305 698 6947
2304 699 6946
2303 700 6945
2302 701 6944
2301 702 6943
2300 703 6942
2299 704 6941
2298 705 6940
2297 706 6939
2296 707 6938
2295 708 6937
2294 709 6936
2293 710 6935
2292 711 6934
2291 712 6933
2290 713 6932
2289 714 6931
2288 715 6930
2287 716 6929
2286 717 6928
2285 718 6927
2284 719 6926
2283 720 6925
2282 721 6924
2281 722 6923
2280 723 6922
2279 724 6921
2278 725 6920
2277 726 6919
2276 727 6918
2275 728 6917
2274 729 6916
2273 730 6915
2272 731 6914
2271 732 6913
2270 733 6912
2269 734 6911
2268 735 6910
2267 736 6909
2266 737 6908
2265 738 6907
2264 739 6906
2263 740 6905
2262 741 6904
2261 742 6903
2260 743 6902
2259 744 6901
2258 745 6900
2257 746 6899
2256 747 6898
2255 748 6897
2254 749 6896
2253 750 6895
2252 751 6894
2251 752 6893
2250 753 6892
2249 754 6891
2248 755 6890
2247 756 6889
2246 757 6888
2245 758 6887
2244 759 6886
2243 760 6885
2242 761 6884
2241 762 6883
2240 763 6882
2239 764 6881
2238 765 6880
2237 766 6879
2236 767 6878
2235 768 6877
2234 769 6876
2233 770 6875
2232 771 6874
2231 772 6873
2230 773 6872
2229 774 6871
2228 775 6870
2227 776 6869
2226 777 6868
2225 778 6867
2224 779 6866
2223 780 6865
2222 781 6864
2221 782 6863
2220 783 6862
2219 784 6861
2218 785 6860
2217 786 6859
2216 787 6858
2215 788 6857
2214 789 6856
2213 790 6855
2212 791 6854
2211 792 6853
2210 793 6852
2209 794 6851
2208 795 6850
2207 796 6849
2206 797 6848
2205 798 6847
2204 799 6846
2203 800 6845
2202 801 6844
2201 802 6843
2200 803 6842
2199 804 6841
2198 805 6840
2197 806 6839
2196 807 6838
2195 808 6837
2194 809 6836
2193 810 6835
2192 811 6834
2191 812 6833
2190 813 6832
2189 814 6831
2188 815 6830
2187 816 6829
2186 817 6828
2185 818 6827
2184 819 6826
2183 820 6825
2182 821 6824
2181 822 6823
2180 823 6822
2179 824 6821
2178 825 6820
2177 826 6819
2176 827 6818
2175 828 6817
2174 829 6816
2173 830 6815
2172 831 6814
2171 832 6813
2170 833 6812
2169 834 6811
2168 835 6810
2167 836 6809
2166 837 6808
2165 838 6807
2164 839 6806
2163 840 6805
2162 841 6804
2161 842 6803
2160 843 6802
2159 844 6801
2158 845 6800
2157 846 6799
2156 847 6798
2155 848 6797
2154 849 6796
2153 850 6795
2152 851 6794
2151 852 6793
2150 853 6792
2149 854 6791
2148 855 6790
2147 856 6789
2146 857 6788
2145 858 6787
2144 859 6786
2143 860 6785
2142 861 6784
2141 862 6783
2140 863 6782
2139 864 6781
2138 865 6780
2137 866 6779
2136 867 6778
2135 868 6777
2134 869 6776
2133 870 6775
2132 871 6774
2131 872 6773
2130 873 6772
2129 874 6771
2128 875 6770
2127 876 6769
2126 877 6768
2125 878 6767
2124 879 6766
2123 880 6765
2122 881 6764
2121 882 6763
2120 883 6762
2119 884 6761
2118 885 6760
2117 886 6759
2116 887 6758
2115 888 6757
2114 889 6756
2113 890 6755
2112 891 6754
2111 892 6753
2110 893 6752
2109 894 6751
2108 895 6750
2107 896 6749
2106 897 6748
2105 898 6747
2104 899 6746
2103 900 6745
2102 901 6744
2101 902 6743
2100 903 6742
2099 904 6741
2098 905 6740
2097 906 6739
2096 907 6738
2095 908 6737
2094 909 6736
2093 910 6735
2092 911 6734
2091 912 6733
2090 913 6732
2089 914 6731
2088 915 6730
2087 916 6729
2086 917 6728
2085 918 6727
2084 919 6726
2083 920 6725
2082 921 6724
2081 922 6723
2080 923 6722
2079 924 6721
2078 925 6720
2077 926 6719
2076 927 6718
2075 928 6717
2074 929 6716
2073 930 6715
2072 931 6714
2071 932 6713
2070 933 6712
2069 934 6711
2068 935 6710
2067 936 6709
2066 937 6708
2065 938 6707
2064 939 6706
2063 940 6705
2062 941 6704
2061 942 6703
2060 943 6702
2059 944 6701
2058 945 6700
2057 946 6699
2056 947 6698
2055 948 6697
2054 949 6696
2053 950 6695
2052 951 6694
2051 952 6693
2050 953 6692
2049 954 6691
2048 955 6690
2047 956 6689
2046 957 6688
2045 958 6687
2044 959 6686
2043 960 6685
2042 961 6684
2041 962 6683
2040 963 6682
2039 964 6681
2038 965 6680
2037 966 6679
2036 967 6678
2035 968 6677
2034 969 6676
2033 970 6675
2032 971 6674
2031 972 6673
2030 973 6672
2029 974 6671
2028 975 6670
2027 976 6669
2026 977 6668
2025 978 6667
2024 979 6666
2023 980 6665
2022 981 6664
2021 982 6663
2020 983 6662
2019 984 6661
2018 985 6660
2017 986 6659
2016 987 6658
2015 988 6657
2014 989 6656
2013 990 6655
2012 991 6654
2011 992 6653
2010 993 6652
2009 994 6651
2008 995 6650
2007 996 6649
2006 997 6648
2005 998 6647
2004 999 6646
2003 1000 6645
2002 1001 6644
2001 1002 6643
2000 1003 6642
1999 1004 6641
1998 1005 6640
1997 1006 6639
1996 1007 6638
1995 1008 6637
1994 1009 6636
1993 1010 6635
1992 1011 6634
1991 1012 6633
1990 1013 6632
1989 1014 6631
1988 1015 6630
1987 1016 6629
1986 1017 6628
1985 1018 6627
1984 1019 6626
1983 1020 6625
1982 1021 6624
1981 1022 6623
1980 1023 6622
1979 1024 6621
1978 1025 6620
1977 1026 6619
1976 1027 6618
1975 1028 6617
1974 1029 6616
1973 1030 6615
1972 1031 6614
1971 1032 6613
1970 1033 6612
1969 1034 6611
1968 1035 6610
1967 1036 6609
1966 1037 6608
1965 1038 6607
1964 1039 6606
1963 1040 6605
1962 1041 6604
1961 1042 6603
1960 1043 6602
1959 1044 6601
1958 1045 6600
1957 1046 6599
1956 1047 6598
1955 1048 6597
1954 1049 6596
1953 1050 6595
1952 1051 6594
1951 1052 6593
1950 1053 6592
1949 1054 6591
1948 1055 6590
1947 1056 6589
1946 1057 6588
1945 1058 6587
1944 1059 6586
1943 1060 6585
1942 1061 6584
1941 1062 6583
1940 1063 6582
1939 1064 6581
1938 1065 6580
1937 1066 6579
1936 1067 6578
1935 1068 6577
1934 1069 6576
1933 1070 6575
1932 1071 6574
1931 1072 6573
1930 1073 6572
1929 1074 6571
1928 1075 6570
1927 1076 6569
1926 1077 6568
1925 1078 6567
1924 1079 6566
1923 1080 6565
1922 1081 6564
1921 1082 6563
1920 1083 6562
1919 1084 6561
1918 1085 6560
1917 1086 6559
1916 1087 6558
1915 1088 6557
1914 1089 6556
1913 1090 6555
1912 1091 6554
1911 1092 6553
1910 1093 6552
1909 1094 6551
1908 1095 6550
1907 1096 6549
1906 1097 6548
1905 1098 6547
1904 1099 6546
1903 1100 6545
1902 1101 6544
1901 1102 6543
1900 1103 6542
1899 1104 6541
1898 1105 6540
1897 1106 6539
1896 1107 6538
1895 1108 6537
1894 1109 6536
1893 1110 6535
1892 1111 6534
1891 1112 6533
1890 1113 6532
1889 1114 6531
1888 1115 6530
1887 1116 6529
1886 1117 6528
1885 1118 6527
1884 1119 6526
1883 1120 6525
1882 1121 6524
1881 1122 6523
1880 1123 6522
1879 1124 6521
1878 1125 6520
1877 1126 6519
1876 1127 6518
1875 1128 6517
1874 1129 6516
1873 1130 6515
1872 1131 6514
1871 1132 6513
1870 1133 6512
1869 1134 6511
1868 1135 6510
1867 1136 6509
1866 1137 6508
1865 1138 6507
1864 1139 6506
1863 1140 6505
1862 1141 6504
1861 1142 6503
1860 1143 6502
1859 1144 6501
1858 1145 6500
1857 1146 6499
1856 1147 6498
1855 1148 6497
1854 1149 6496
1853 1150 6495
1852 1151 6494
1851 1152 6493
1850 1153 6492
1849 1154 6491
1848 1155 6490
1847 1156 6489
1846 1157 6488
1845 1158 6487
1844 1159 6486
1843 1160 6485
1842 1161 6484
1841 1162 6483
1840 1163 6482
1839 1164 6481
1838 1165 6480
1837 1166 6479
1836 1167 6478
1835 1168 6477
1834 1169 6476
1833 1170 6475
1832 1171 6474
1831 1172 6473
1830 1173 6472
1829 1174 6471
1828 1175 6470
1827 1176 6469
1826 1177 6468
1825 1178 6467
1824 1179 6466
1823 1180 6465
1822 1181 6464
1821 1182 6463
1820 1183 6462
1819 1184 6461
1818 1185 6460
1817 1186 6459
1816 1187 6458
1815 1188 6457
1814 1189 6456
1813 1190 6455
1812 1191 6454
1811 1192 6453
1810 1193 6452
1809 1194 6451
1808 1195 6450
1807 1196 6449
1806 1197 6448
1805 1198 6447
1804 1199 6446
1803 1200 6445
1802 1201 6444
1801 1202 6443
1800 1203 6442
1799 1204 6441
1798 1205 6440
1797 1206 6439
1796 1207 6438
1795 1208 6437
1794 1209 6436
1793 1210 6435
1792 1211 6434
1791 1212 6433
1790 1213 6432
1789 1214 6431
1788 1215 6430
1787 1216 6429
1786 1217 6428
1785 1218 6427
1784 1219 6426
1783 1220 6425
1782 1221 6424
1781 1222 6423
1780 1223 6422
1779 1224 6421
1778 1225 6420
1777 1226 6419
1776 1227 6418
1775 1228 6417
1774 1229 6416
1773 1230 6415
1772 1231 6414
1771 1232 6413
1770 1233 6412
1769 1234 6411
1768 1235 6410
1767 1236 6409
1766 1237 6408
1765 1238 6407
1764 1239 6406
1763 1240 6405
1762 1241 6404
1761 1242 6403
1760 1243 6402
1759 1244 6401
1758 1245 6400
1757 1246 6399
1756 1247 6398
1755 1248 6397
1754 1249 6396
1753 1250 6395
1752 1251 6394
1751 1252 6393
1750 1253 6392
1749 1254 6391
1748 1255 6390
1747 1256 6389
1746 1257 6388
1745 1258 6387
1744 1259 6386
1743 1260 6385
1742 1261 6384
1741 1262 6383
1740 1263 6382
1739 1264 6381
1738 1265 6380
1737 1266 6379
1736 1267 6378
1735 1268 6377
1734 1269 6376
1733 1270 6375
1732 1271 6374
1731 1272 6373
1730 1273 6372
1729 1274 6371
1728 1275 6370
1727 1276 6369
1726 1277 6368
1725 1278 6367
1724 1279 6366
1723 1280 6365
1722 1281 6364
1721 1282 6363
1720 1283 6362
1719 1284 6361
1718 1285 6360
1717 1286 6359
1716 1287 6358
1715 1288 6357
1714 1289 6356
1713 1290 6355
1712 1291 6354
1711 1292 6353
1710 1293 6352
1709 1294 6351
1708 1295 6350
1707 1296 6349
1706 1297 6348
1705 1298 6347
1704 1299 6346
1703 1300 6345
1702 1301 6344
1701 1302 6343
1700 1303 6342
1699 1304 6341
1698 1305 6340
1697 1306 6339
1696 1307 6338
1695 1308 6337
1694 1309 6336
1693 1310 6335
1692 1311 6334
1691 1312 6333
1690 1313 6332
1689 1314 6331
1688 1315 6330
1687 1316 6329
1686 1317 6328
1685 1318 6327
1684 1319 6326
1683 1320 6325
1682 1321 6324
1681 1322 6323
1680 1323 6322
1679 1324 6321
1678 1325 6320
1677 1326 6319
1676 1327 6318
1675 1328 6317
1674 1329 6316
1673 1330 6315
1672 1331 6314
1671 1332 6313
1670 1333 6312
1669 1334 6311
1668 1335 6310
1667 1336 6309
1666 1337 6308
1665 1338 6307
1664 1339 6306
1663 1340 6305
1662 1341 6304
1661 1342 6303
1660 1343 6302
1659 1344 6301
1658 1345 6300
1657 1346 6299
1656 1347 6298
1655 1348 6297
1654 1349 6296
1653 1350 6295
1652 1351 6294
1651 1352 6293
1650 1353 6292
1649 1354 6291
1648 1355 6290
1647 1356 6289
1646 1357 6288
1645 1358 6287
1644 1359 6286
1643 1360 6285
1642 1361 6284
1641 1362 6283
1640 1363 6282
1639 1364 6281
1638 1365 6280
1637 1366 6279
1636 1367 6278
1635 1368 6277
1634 1369 6276
1633 1370 6275
1632 1371 6274
1631 1372 6273
1630 1373 6272
1629 1374 6271
1628 1375 6270
1627 1376 6269
1626 1377 6268
1625 1378 6267
1624 1379 6266
1623 1380 6265
1622 1381 6264
1621 1382 6263
1620 1383 6262
1619 1384 6261
1618 1385 6260
1617 1386 6259
1616 1387 6258
1615 1388 6257
1614 1389 6256
1613 1390 6255
1612 1391 6254
1611 1392 6253
1610 1393 6252
1609 1394 6251
1608 1395 6250
1607 1396 6249
1606 1397 6248
1605 1398 6247
1604 1399 6246
1603 1400 6245
1602 1401 6244
1601 1402 6243
1600 1403 6242
1599 1404 6241
1598 1405 6240
1597 1406 6239
1596 1407 6238
1595 1408 6237
1594 1409 6236
1593 1410 6235
1592 1411 6234
1591 1412 6233
1590 1413 6232
1589 1414 6231
1588 1415 6230
1587 1416 6229
1586 1417 6228
1585 1418 6227
1584 1419 6226
1583 1420 6225
1582 1421 6224
1581 1422 6223
1580 1423 6222
1579 1424 6221
1578 1425 6220
1577 1426 6219
1576 1427 6218
1575 1428 6217
1574 1429 6216
1573 1430 6215
1572 1431 6214
1571 1432 6213
1570 1433 6212
1569 1434 6211
1568 1435 6210
1567 1436 6209
1566 1437 6208
1565 1438 6207
1564 1439 6206
1563 1440 6205
1562 1441 6204
1561 1442 6203
1560 1443 6202
1559 1444 6201
1558 1445 6200
1557 1446 6199
1556 1447 6198
1555 1448 6197
1554 1449 6196
1553 1450 6195
1552 1451 6194
1551 1452 6193
1550 1453 6192
1549 1454 6191
1548 1455 6190
1547 1456 6189
1546 1457 6188
1545 1458 6187
1544 1459 6186
1543 1460 6185
1542 1461 6184
1541 1462 6183
1540 1463 6182
1539 1464 6181
1538 1465 6180
1537 1466 6179
1536 1467 6178
1535 1468 6177
1534 1469 6176
1533 1470 6175
1532 1471 6174
1531 1472 6173
1530 1473 6172
1529 1474 6171
1528 1475 6170
1527 1476 6169
1526 1477 6168
1525 1478 6167
1524 1479 6166
1523 1480 6165
1522 1481 6164
1521 1482 6163
1520 1483 6162
1519 1484 6161
1518 1485 6160
1517 1486 6159
1516 1487 6158
1515 1488 6157
1514 1489 6156
1513 1490 6155
1512 1491 6154
1511 1492 6153
1510 1493 6152
1509 1494 6151
1508 1495 6150
1507 1496 6149
1506 1497 6148
1505 1498 6147
1504 1499 6146
1503 1500 6145
1502 1501 6144
1501 1502 6143
1500 1503 6142
1499 1504 6141
1498 1505 6140
1497 1506 6139
1496 1507 6138
1495 1508 6137
1494 1509 6136
1493 1510 6135
1492 1511 6134
1491 1512 6133
1490 1513 6132
1489 1514 6131
1488 1515 6130
1487 1516 6129
1486 1517 6128
1485 1518 6127
1484 1519 6126
1483 1520 6125
1482 1521 6124
1481 1522 6123
1480 1523 6122
1479 1524 6121
1478 1525 6120
1477 1526 6119
1476 1527 6118
1475 1528 6117
1474 1529 6116
1473 1530 6115
1472 1531 6114
1471 1532 6113
1470 1533 6112
1469 1534 6111
1468 1535 6110
1467 1536 6109
1466 1537 6108
1465 1538 6107
1464 1539 6106
1463 1540 6105
1462 1541 6104
1461 1542 6103
1460 1543 6102
1459 1544 6101
1458 1545 6100
1457 1546 6099
1456 1547 6098
1455 1548 6097
1454 1549 6096
1453 1550 6095
1452 1551 6094
1451 1552 6093
1450 1553 6092
1449 1554 6091
1448 1555 6090
1447 1556 6089
1446 1557 6088
1445 1558 6087
1444 1559 6086
1443 1560 6085
1442 1561 6084
1441 1562 6083
1440 1563 6082
1439 1564 6081
1438 1565 6080
1437 1566 6079
1436 1567 6078
1435 1568 6077
1434 1569 6076
1433 1570 6075
1432 1571 6074
1431 1572 6073
1430 1573 6072
1429 1574 6071
1428 1575 6070
1427 1576 6069
1426 1577 6068
1425 1578 6067
1424 1579 6066
1423 1580 6065
1422 1581 6064
1421 1582 6063
1420 1583 6062
1419 1584 6061
1418 1585 6060
1417 1586 6059
1416 1587 6058
1415 1588 6057
1414 1589 6056
1413 1590 6055
1412 1591 6054
1411 1592 6053
1410 1593 6052
1409 1594 6051
1408 1595 6050
1407 1596 6049
1406 1597 6048
1405 1598 6047
1404 1599 6046
1403 1600 6045
1402 1601 6044
1401 1602 6043
1400 1603 6042
1399 1604 6041
1398 1605 6040
1397 1606 6039
1396 1607 6038
1395 1608 6037
1394 1609 6036
1393 1610 6035
1392 1611 6034
1391 1612 6033
1390 1613 6032
1389 1614 6031
1388 1615 6030
1387 1616 6029
1386 1617 6028
1385 1618 6027
1384 1619 6026
1383 1620 6025
1382 1621 6024
1381 1622 6023
1380 1623 6022
1379 1624 6021
1378 1625 6020
1377 1626 6019
1376 1627 6018
1375 1628 6017
1374 1629 6016
1373 1630 6015
1372 1631 6014
1371 1632 6013
1370 1633 6012
1369 1634 6011
1368 1635 6010
1367 1636 6009
1366 1637 6008
1365 1638 6007
1364 1639 6006
1363 1640 6005
1362 1641 6004
1361 1642 6003
1360 1643 6002
1359 1644 6001
