529
3000 3 6529
2999 4 6528
2998 5 6527
2997 6 6526
2996 7 6525
2995 8 6524
2994 9 6523
2993 10 6522
2992 11 6521
2991 12 6520
2990 13 6519
2989 14 6518
2988 15 6517
2987 16 6516
2986 17 6515
2985 18 6514
2984 19 6513
2983 20 6512
2982 21 6511
2981 22 6510
2980 23 6509
2979 24 6508
2978 25 6507
2977 26 6506
2976 27 6505
2975 28 6504
2974 29 6503
2973 30 6502
2972 31 6501
2971 32 6500
2970 33 6499
2969 34 6498
2968 35 6497
2967 36 6496
2966 37 6495
2965 38 6494
2964 39 6493
2963 40 6492
2962 41 6491
2961 42 6490
2960 43 6489
2959 44 6488
2958 45 6487
2957 46 6486
2956 47 6485
2955 48 6484
2954 49 6483
2953 50 6482
2952 51 6481
2951 52 6480
2950 53 6479
2949 54 6478
2948 55 6477
2947 56 6476
2946 57 6475
2945 58 6474
2944 59 6473
2943 60 6472
2942 61 6471
2941 62 6470
2940 63 6469
2939 64 6468
2938 65 6467
2937 66 6466
2936 67 6465
2935 68 6464
2934 69 6463
2933 70 6462
2932 71 6461
2931 72 6460
2930 73 6459
2929 74 6458
2928 75 6457
2927 76 6456
2926 77 6455
2925 78 6454
2924 79 6453
2923 80 6452
2922 81 6451
2921 82 6450
2920 83 6449
2919 84 6448
2918 85 6447
2917 86 6446
2916 87 6445
2915 88 6444
2914 89 6443
2913 90 6442
2912 91 6441
2911 92 6440
2910 93 6439
2909 94 6438
2908 95 6437
2907 96 6436
2906 97 6435
2905 98 6434
2904 99 6433
2903 100 6432
2902 101 6431
2901 102 6430
2900 103 6429
2899 104 6428
2898 105 6427
2897 106 6426
2896 107 6425
2895 108 6424
2894 109 6423
2893 110 6422
2892 111 6421
2891 112 6420
2890 113 6419
2889 114 6418
2888 115 6417
2887 116 6416
2886 117 6415
2885 118 6414
2884 119 6413
2883 120 6412
2882 121 6411
2881 122 6410
2880 123 6409
2879 124 6408
2878 125 6407
2877 126 6406
2876 127 6405
2875 128 6404
2874 129 6403
2873 130 6402
2872 131 6401
2871 132 6400
2870 133 6399
2869 134 6398
2868 135 6397
2867 136 6396
2866 137 6395
2865 138 6394
2864 139 6393
2863 140 6392
2862 141 6391
2861 142 6390
2860 143 6389
2859 144 6388
2858 145 6387
2857 146 6386
2856 147 6385
2855 148 6384
2854 149 6383
2853 150 6382
2852 151 6381
2851 152 6380
2850 153 6379
2849 154 6378
2848 155 6377
2847 156 6376
2846 157 6375
2845 158 6374
2844 159 6373
2843 160 6372
2842 161 6371
2841 162 6370
2840 163 6369
2839 164 6368
2838 165 6367
2837 166 6366
2836 167 6365
2835 168 6364
2834 169 6363
2833 170 6362
2832 171 6361
2831 172 6360
2830 173 6359
2829 174 6358
2828 175 6357
2827 176 6356
2826 177 6355
2825 178 6354
2824 179 6353
2823 180 6352
2822 181 6351
2821 182 6350
2820 183 6349
2819 184 6348
2818 185 6347
2817 186 6346
2816 187 6345
2815 188 6344
2814 189 6343
2813 190 6342
2812 191 6341
2811 192 6340
2810 193 6339
2809 194 6338
2808 195 6337
2807 196 6336
2806 197 6335
2805 198 6334
2804 199 6333
2803 200 6332
2802 201 6331
2801 202 6330
2800 203 6329
2799 204 6328
2798 205 6327
2797 206 6326
2796 207 6325
2795 208 6324
2794 209 6323
2793 210 6322
2792 211 6321
2791 212 6320
2790 213 6319
2789 214 6318
2788 215 6317
2787 216 6316
2786 217 6315
2785 218 6314
2784 219 6313
2783 220 6312
2782 221 6311
2781 222 6310
2780 223 6309
2779 224 6308
2778 225 6307
2777 226 6306
2776 227 6305
2775 228 6304
2774 229 6303
2773 230 6302
2772 231 6301
2771 232 6300
2770 233 6299
2769 234 6298
2768 235 6297
2767 236 6296
2766 237 6295
2765 238 6294
2764 239 6293
2763 240 6292
2762 241 6291
2761 242 6290
2760 243 6289
2759 244 6288
2758 245 6287
2757 246 6286
2756 247 6285
2755 248 6284
2754 249 6283
2753 250 6282
2752 251 6281
2751 252 6280
2750 253 6279
2749 254 6278
2748 255 6277
2747 256 6276
2746 257 6275
2745 258 6274
2744 259 6273
2743 260 6272
2742 261 6271
2741 262 6270
2740 263 6269
2739 264 6268
2738 265 6267
2737 266 6266
2736 267 6265
2735 268 6264
2734 269 6263
2733 270 6262
2732 271 6261
2731 272 6260
2730 273 6259
2729 274 6258
2728 275 6257
2727 276 6256
2726 277 6255
2725 278 6254
2724 279 6253
2723 280 6252
2722 281 6251
2721 282 6250
2720 283 6249
2719 284 6248
2718 285 6247
2717 286 6246
2716 287 6245
2715 288 6244
2714 289 6243
2713 290 6242
2712 291 6241
2711 292 6240
2710 293 6239
2709 294 6238
2708 295 6237
2707 296 6236
2706 297 6235
2705 298 6234
2704 299 6233
2703 300 6232
2702 301 6231
2701 302 6230
2700 303 6229
2699 304 6228
2698 305 6227
2697 306 6226
2696 307 6225
2695 308 6224
2694 309 6223
2693 310 6222
2692 311 6221
2691 312 6220
2690 313 6219
2689 314 6218
2688 315 6217
2687 316 6216
2686 317 6215
2685 318 6214
2684 319 6213
2683 320 6212
2682 321 6211
2681 322 6210
2680 323 6209
2679 324 6208
2678 325 6207
2677 326 6206
2676 327 6205
2675 328 6204
2674 329 6203
2673 330 6202
2672 331 6201
2671 332 6200
2670 333 6199
2669 334 6198
2668 335 6197
2667 336 6196
2666 337 6195
2665 338 6194
2664 339 6193
2663 340 6192
2662 341 6191
2661 342 6190
2660 343 6189
2659 344 6188
2658 345 6187
2657 346 6186
2656 347 6185
2655 348 6184
2654 349 6183
2653 350 6182
2652 351 6181
2651 352 6180
2650 353 6179
2649 354 6178
2648 355 6177
2647 356 6176
2646 357 6175
2645 358 6174
2644 359 6173
2643 360 6172
2642 361 6171
2641 362 6170
2640 363 6169
2639 364 6168
2638 365 6167
2637 366 6166
2636 367 6165
2635 368 6164
2634 369 6163
2633 370 6162
2632 371 6161
2631 372 6160
2630 373 6159
2629 374 6158
2628 375 6157
2627 376 6156
2626 377 6155
2625 378 6154
2624 379 6153
2623 380 6152
2622 381 6151
2621 382 6150
2620 383 6149
2619 384 6148
2618 385 6147
2617 386 6146
2616 387 6145
2615 388 6144
2614 389 6143
2613 390 6142
2612 391 6141
2611 392 6140
2610 393 6139
2609 394 6138
2608 395 6137
2607 396 6136
2606 397 6135
2605 398 6134
2604 399 6133
2603 400 6132
2602 401 6131
2601 402 6130
2600 403 6129
2599 404 6128
2598 405 6127
2597 406 6126
2596 407 6125
2595 408 6124
2594 409 6123
2593 410 6122
2592 411 6121
2591 412 6120
2590 413 6119
2589 414 6118
2588 415 6117
2587 416 6116
2586 417 6115
2585 418 6114
2584 419 6113
2583 420 6112
2582 421 6111
2581 422 6110
2580 423 6109
2579 424 6108
2578 425 6107
2577 426 6106
2576 427 6105
2575 428 6104
2574 429 6103
2573 430 6102
2572 431 6101
2571 432 6100
2570 433 6099
2569 434 6098
2568 435 6097
2567 436 6096
2566 437 6095
2565 438 6094
2564 439 6093
2563 440 6092
2562 441 6091
2561 442 6090
2560 443 6089
2559 444 6088
2558 445 6087
2557 446 6086
2556 447 6085
2555 448 6084
2554 449 6083
2553 450 6082
2552 451 6081
2551 452 6080
2550 453 6079
2549 454 6078
2548 455 6077
2547 456 6076
2546 457 6075
2545 458 6074
2544 459 6073
2543 460 6072
2542 461 6071
2541 462 6070
2540 463 6069
2539 464 6068
2538 465 6067
2537 466 6066
2536 467 6065
2535 468 6064
2534 469 6063
2533 470 6062
2532 471 6061
2531 472 6060
2530 473 6059
2529 474 6058
2528 475 6057
2527 476 6056
2526 477 6055
2525 478 6054
2524 479 6053
2523 480 6052
2522 481 6051
2521 482 6050
2520 483 6049
2519 484 6048
2518 485 6047
2517 486 6046
2516 487 6045
2515 488 6044
2514 489 6043
2513 490 6042
2512 491 6041
2511 492 6040
2510 493 6039
2509 494 6038
2508 495 6037
2507 496 6036
2506 497 6035
2505 498 6034
2504 499 6033
2503 500 6032
2502 501 6031
2501 502 6030
2500 503 6029
2499 504 6028
2498 505 6027
2497 506 6026
2496 507 6025
2495 508 6024
2494 509 6023
2493 510 6022
2492 511 6021
2491 512 6020
2490 513 6019
2489 514 6018
2488 515 6017
2487 516 6016
2486 517 6015
2485 518 6014
2484 519 6013
2483 520 6012
2482 521 6011
2481 522 6010
2480 523 6009
2479 524 6008
2478 525 6007
2477 526 6006
2476 527 6005
2475 528 6004
2474 529 6003
2473 530 6002
2472 531 6001
