568
3000 3 6568
2999 4 6567
2998 5 6566
2997 6 6565
2996 7 6564
2995 8 6563
2994 9 6562
2993 10 6561
2992 11 6560
2991 12 6559
2990 13 6558
2989 14 6557
2988 15 6556
2987 16 6555
2986 17 6554
2985 18 6553
2984 19 6552
2983 20 6551
2982 21 6550
2981 22 6549
2980 23 6548
2979 24 6547
2978 25 6546
2977 26 6545
2976 27 6544
2975 28 6543
2974 29 6542
2973 30 6541
2972 31 6540
2971 32 6539
2970 33 6538
2969 34 6537
2968 35 6536
2967 36 6535
2966 37 6534
2965 38 6533
2964 39 6532
2963 40 6531
2962 41 6530
2961 42 6529
2960 43 6528
2959 44 6527
2958 45 6526
2957 46 6525
2956 47 6524
2955 48 6523
2954 49 6522
2953 50 6521
2952 51 6520
2951 52 6519
2950 53 6518
2949 54 6517
2948 55 6516
2947 56 6515
2946 57 6514
2945 58 6513
2944 59 6512
2943 60 6511
2942 61 6510
2941 62 6509
2940 63 6508
2939 64 6507
2938 65 6506
2937 66 6505
2936 67 6504
2935 68 6503
2934 69 6502
2933 70 6501
2932 71 6500
2931 72 6499
2930 73 6498
2929 74 6497
2928 75 6496
2927 76 6495
2926 77 6494
2925 78 6493
2924 79 6492
2923 80 6491
2922 81 6490
2921 82 6489
2920 83 6488
2919 84 6487
2918 85 6486
2917 86 6485
2916 87 6484
2915 88 6483
2914 89 6482
2913 90 6481
2912 91 6480
2911 92 6479
2910 93 6478
2909 94 6477
2908 95 6476
2907 96 6475
2906 97 6474
2905 98 6473
2904 99 6472
2903 100 6471
2902 101 6470
2901 102 6469
2900 103 6468
2899 104 6467
2898 105 6466
2897 106 6465
2896 107 6464
2895 108 6463
2894 109 6462
2893 110 6461
2892 111 6460
2891 112 6459
2890 113 6458
2889 114 6457
2888 115 6456
2887 116 6455
2886 117 6454
2885 118 6453
2884 119 6452
2883 120 6451
2882 121 6450
2881 122 6449
2880 123 6448
2879 124 6447
2878 125 6446
2877 126 6445
2876 127 6444
2875 128 6443
2874 129 6442
2873 130 6441
2872 131 6440
2871 132 6439
2870 133 6438
2869 134 6437
2868 135 6436
2867 136 6435
2866 137 6434
2865 138 6433
2864 139 6432
2863 140 6431
2862 141 6430
2861 142 6429
2860 143 6428
2859 144 6427
2858 145 6426
2857 146 6425
2856 147 6424
2855 148 6423
2854 149 6422
2853 150 6421
2852 151 6420
2851 152 6419
2850 153 6418
2849 154 6417
2848 155 6416
2847 156 6415
2846 157 6414
2845 158 6413
2844 159 6412
2843 160 6411
2842 161 6410
2841 162 6409
2840 163 6408
2839 164 6407
2838 165 6406
2837 166 6405
2836 167 6404
2835 168 6403
2834 169 6402
2833 170 6401
2832 171 6400
2831 172 6399
2830 173 6398
2829 174 6397
2828 175 6396
2827 176 6395
2826 177 6394
2825 178 6393
2824 179 6392
2823 180 6391
2822 181 6390
2821 182 6389
2820 183 6388
2819 184 6387
2818 185 6386
2817 186 6385
2816 187 6384
2815 188 6383
2814 189 6382
2813 190 6381
2812 191 6380
2811 192 6379
2810 193 6378
2809 194 6377
2808 195 6376
2807 196 6375
2806 197 6374
2805 198 6373
2804 199 6372
2803 200 6371
2802 201 6370
2801 202 6369
2800 203 6368
2799 204 6367
2798 205 6366
2797 206 6365
2796 207 6364
2795 208 6363
2794 209 6362
2793 210 6361
2792 211 6360
2791 212 6359
2790 213 6358
2789 214 6357
2788 215 6356
2787 216 6355
2786 217 6354
2785 218 6353
2784 219 6352
2783 220 6351
2782 221 6350
2781 222 6349
2780 223 6348
2779 224 6347
2778 225 6346
2777 226 6345
2776 227 6344
2775 228 6343
2774 229 6342
2773 230 6341
2772 231 6340
2771 232 6339
2770 233 6338
2769 234 6337
2768 235 6336
2767 236 6335
2766 237 6334
2765 238 6333
2764 239 6332
2763 240 6331
2762 241 6330
2761 242 6329
2760 243 6328
2759 244 6327
2758 245 6326
2757 246 6325
2756 247 6324
2755 248 6323
2754 249 6322
2753 250 6321
2752 251 6320
2751 252 6319
2750 253 6318
2749 254 6317
2748 255 6316
2747 256 6315
2746 257 6314
2745 258 6313
2744 259 6312
2743 260 6311
2742 261 6310
2741 262 6309
2740 263 6308
2739 264 6307
2738 265 6306
2737 266 6305
2736 267 6304
2735 268 6303
2734 269 6302
2733 270 6301
2732 271 6300
2731 272 6299
2730 273 6298
2729 274 6297
2728 275 6296
2727 276 6295
2726 277 6294
2725 278 6293
2724 279 6292
2723 280 6291
2722 281 6290
2721 282 6289
2720 283 6288
2719 284 6287
2718 285 6286
2717 286 6285
2716 287 6284
2715 288 6283
2714 289 6282
2713 290 6281
2712 291 6280
2711 292 6279
2710 293 6278
2709 294 6277
2708 295 6276
2707 296 6275
2706 297 6274
2705 298 6273
2704 299 6272
2703 300 6271
2702 301 6270
2701 302 6269
2700 303 6268
2699 304 6267
2698 305 6266
2697 306 6265
2696 307 6264
2695 308 6263
2694 309 6262
2693 310 6261
2692 311 6260
2691 312 6259
2690 313 6258
2689 314 6257
2688 315 6256
2687 316 6255
2686 317 6254
2685 318 6253
2684 319 6252
2683 320 6251
2682 321 6250
2681 322 6249
2680 323 6248
2679 324 6247
2678 325 6246
2677 326 6245
2676 327 6244
2675 328 6243
2674 329 6242
2673 330 6241
2672 331 6240
2671 332 6239
2670 333 6238
2669 334 6237
2668 335 6236
2667 336 6235
2666 337 6234
2665 338 6233
2664 339 6232
2663 340 6231
2662 341 6230
2661 342 6229
2660 343 6228
2659 344 6227
2658 345 6226
2657 346 6225
2656 347 6224
2655 348 6223
2654 349 6222
2653 350 6221
2652 351 6220
2651 352 6219
2650 353 6218
2649 354 6217
2648 355 6216
2647 356 6215
2646 357 6214
2645 358 6213
2644 359 6212
2643 360 6211
2642 361 6210
2641 362 6209
2640 363 6208
2639 364 6207
2638 365 6206
2637 366 6205
2636 367 6204
2635 368 6203
2634 369 6202
2633 370 6201
2632 371 6200
2631 372 6199
2630 373 6198
2629 374 6197
2628 375 6196
2627 376 6195
2626 377 6194
2625 378 6193
2624 379 6192
2623 380 6191
2622 381 6190
2621 382 6189
2620 383 6188
2619 384 6187
2618 385 6186
2617 386 6185
2616 387 6184
2615 388 6183
2614 389 6182
2613 390 6181
2612 391 6180
2611 392 6179
2610 393 6178
2609 394 6177
2608 395 6176
2607 396 6175
2606 397 6174
2605 398 6173
2604 399 6172
2603 400 6171
2602 401 6170
2601 402 6169
2600 403 6168
2599 404 6167
2598 405 6166
2597 406 6165
2596 407 6164
2595 408 6163
2594 409 6162
2593 410 6161
2592 411 6160
2591 412 6159
2590 413 6158
2589 414 6157
2588 415 6156
2587 416 6155
2586 417 6154
2585 418 6153
2584 419 6152
2583 420 6151
2582 421 6150
2581 422 6149
2580 423 6148
2579 424 6147
2578 425 6146
2577 426 6145
2576 427 6144
2575 428 6143
2574 429 6142
2573 430 6141
2572 431 6140
2571 432 6139
2570 433 6138
2569 434 6137
2568 435 6136
2567 436 6135
2566 437 6134
2565 438 6133
2564 439 6132
2563 440 6131
2562 441 6130
2561 442 6129
2560 443 6128
2559 444 6127
2558 445 6126
2557 446 6125
2556 447 6124
2555 448 6123
2554 449 6122
2553 450 6121
2552 451 6120
2551 452 6119
2550 453 6118
2549 454 6117
2548 455 6116
2547 456 6115
2546 457 6114
2545 458 6113
2544 459 6112
2543 460 6111
2542 461 6110
2541 462 6109
2540 463 6108
2539 464 6107
2538 465 6106
2537 466 6105
2536 467 6104
2535 468 6103
2534 469 6102
2533 470 6101
2532 471 6100
2531 472 6099
2530 473 6098
2529 474 6097
2528 475 6096
2527 476 6095
2526 477 6094
2525 478 6093
2524 479 6092
2523 480 6091
2522 481 6090
2521 482 6089
2520 483 6088
2519 484 6087
2518 485 6086
2517 486 6085
2516 487 6084
2515 488 6083
2514 489 6082
2513 490 6081
2512 491 6080
2511 492 6079
2510 493 6078
2509 494 6077
2508 495 6076
2507 496 6075
2506 497 6074
2505 498 6073
2504 499 6072
2503 500 6071
2502 501 6070
2501 502 6069
2500 503 6068
2499 504 6067
2498 505 6066
2497 506 6065
2496 507 6064
2495 508 6063
2494 509 6062
2493 510 6061
2492 511 6060
2491 512 6059
2490 513 6058
2489 514 6057
2488 515 6056
2487 516 6055
2486 517 6054
2485 518 6053
2484 519 6052
2483 520 6051
2482 521 6050
2481 522 6049
2480 523 6048
2479 524 6047
2478 525 6046
2477 526 6045
2476 527 6044
2475 528 6043
2474 529 6042
2473 530 6041
2472 531 6040
2471 532 6039
2470 533 6038
2469 534 6037
2468 535 6036
2467 536 6035
2466 537 6034
2465 538 6033
2464 539 6032
2463 540 6031
2462 541 6030
2461 542 6029
2460 543 6028
2459 544 6027
2458 545 6026
2457 546 6025
2456 547 6024
2455 548 6023
2454 549 6022
2453 550 6021
2452 551 6020
2451 552 6019
2450 553 6018
2449 554 6017
2448 555 6016
2447 556 6015
2446 557 6014
2445 558 6013
2444 559 6012
2443 560 6011
2442 561 6010
2441 562 6009
2440 563 6008
2439 564 6007
2438 565 6006
2437 566 6005
2436 567 6004
2435 568 6003
2434 569 6002
2433 570 6001
