1885
3000 3 7885
2999 4 7884
2998 5 7883
2997 6 7882
2996 7 7881
2995 8 7880
2994 9 7879
2993 10 7878
2992 11 7877
2991 12 7876
2990 13 7875
2989 14 7874
2988 15 7873
2987 16 7872
2986 17 7871
2985 18 7870
2984 19 7869
2983 20 7868
2982 21 7867
2981 22 7866
2980 23 7865
2979 24 7864
2978 25 7863
2977 26 7862
2976 27 7861
2975 28 7860
2974 29 7859
2973 30 7858
2972 31 7857
2971 32 7856
2970 33 7855
2969 34 7854
2968 35 7853
2967 36 7852
2966 37 7851
2965 38 7850
2964 39 7849
2963 40 7848
2962 41 7847
2961 42 7846
2960 43 7845
2959 44 7844
2958 45 7843
2957 46 7842
2956 47 7841
2955 48 7840
2954 49 7839
2953 50 7838
2952 51 7837
2951 52 7836
2950 53 7835
2949 54 7834
2948 55 7833
2947 56 7832
2946 57 7831
2945 58 7830
2944 59 7829
2943 60 7828
2942 61 7827
2941 62 7826
2940 63 7825
2939 64 7824
2938 65 7823
2937 66 7822
2936 67 7821
2935 68 7820
2934 69 7819
2933 70 7818
2932 71 7817
2931 72 7816
2930 73 7815
2929 74 7814
2928 75 7813
2927 76 7812
2926 77 7811
2925 78 7810
2924 79 7809
2923 80 7808
2922 81 7807
2921 82 7806
2920 83 7805
2919 84 7804
2918 85 7803
2917 86 7802
2916 87 7801
2915 88 7800
2914 89 7799
2913 90 7798
2912 91 7797
2911 92 7796
2910 93 7795
2909 94 7794
2908 95 7793
2907 96 7792
2906 97 7791
2905 98 7790
2904 99 7789
2903 100 7788
2902 101 7787
2901 102 7786
2900 103 7785
2899 104 7784
2898 105 7783
2897 106 7782
2896 107 7781
2895 108 7780
2894 109 7779
2893 110 7778
2892 111 7777
2891 112 7776
2890 113 7775
2889 114 7774
2888 115 7773
2887 116 7772
2886 117 7771
2885 118 7770
2884 119 7769
2883 120 7768
2882 121 7767
2881 122 7766
2880 123 7765
2879 124 7764
2878 125 7763
2877 126 7762
2876 127 7761
2875 128 7760
2874 129 7759
2873 130 7758
2872 131 7757
2871 132 7756
2870 133 7755
2869 134 7754
2868 135 7753
2867 136 7752
2866 137 7751
2865 138 7750
2864 139 7749
2863 140 7748
2862 141 7747
2861 142 7746
2860 143 7745
2859 144 7744
2858 145 7743
2857 146 7742
2856 147 7741
2855 148 7740
2854 149 7739
2853 150 7738
2852 151 7737
2851 152 7736
2850 153 7735
2849 154 7734
2848 155 7733
2847 156 7732
2846 157 7731
2845 158 7730
2844 159 7729
2843 160 7728
2842 161 7727
2841 162 7726
2840 163 7725
2839 164 7724
2838 165 7723
2837 166 7722
2836 167 7721
2835 168 7720
2834 169 7719
2833 170 7718
2832 171 7717
2831 172 7716
2830 173 7715
2829 174 7714
2828 175 7713
2827 176 7712
2826 177 7711
2825 178 7710
2824 179 7709
2823 180 7708
2822 181 7707
2821 182 7706
2820 183 7705
2819 184 7704
2818 185 7703
2817 186 7702
2816 187 7701
2815 188 7700
2814 189 7699
2813 190 7698
2812 191 7697
2811 192 7696
2810 193 7695
2809 194 7694
2808 195 7693
2807 196 7692
2806 197 7691
2805 198 7690
2804 199 7689
2803 200 7688
2802 201 7687
2801 202 7686
2800 203 7685
2799 204 7684
2798 205 7683
2797 206 7682
2796 207 7681
2795 208 7680
2794 209 7679
2793 210 7678
2792 211 7677
2791 212 7676
2790 213 7675
2789 214 7674
2788 215 7673
2787 216 7672
2786 217 7671
2785 218 7670
2784 219 7669
2783 220 7668
2782 221 7667
2781 222 7666
2780 223 7665
2779 224 7664
2778 225 7663
2777 226 7662
2776 227 7661
2775 228 7660
2774 229 7659
2773 230 7658
2772 231 7657
2771 232 7656
2770 233 7655
2769 234 7654
2768 235 7653
2767 236 7652
2766 237 7651
2765 238 7650
2764 239 7649
2763 240 7648
2762 241 7647
2761 242 7646
2760 243 7645
2759 244 7644
2758 245 7643
2757 246 7642
2756 247 7641
2755 248 7640
2754 249 7639
2753 250 7638
2752 251 7637
2751 252 7636
2750 253 7635
2749 254 7634
2748 255 7633
2747 256 7632
2746 257 7631
2745 258 7630
2744 259 7629
2743 260 7628
2742 261 7627
2741 262 7626
2740 263 7625
2739 264 7624
2738 265 7623
2737 266 7622
2736 267 7621
2735 268 7620
2734 269 7619
2733 270 7618
2732 271 7617
2731 272 7616
2730 273 7615
2729 274 7614
2728 275 7613
2727 276 7612
2726 277 7611
2725 278 7610
2724 279 7609
2723 280 7608
2722 281 7607
2721 282 7606
2720 283 7605
2719 284 7604
2718 285 7603
2717 286 7602
2716 287 7601
2715 288 7600
2714 289 7599
2713 290 7598
2712 291 7597
2711 292 7596
2710 293 7595
2709 294 7594
2708 295 7593
2707 296 7592
2706 297 7591
2705 298 7590
2704 299 7589
2703 300 7588
2702 301 7587
2701 302 7586
2700 303 7585
2699 304 7584
2698 305 7583
2697 306 7582
2696 307 7581
2695 308 7580
2694 309 7579
2693 310 7578
2692 311 7577
2691 312 7576
2690 313 7575
2689 314 7574
2688 315 7573
2687 316 7572
2686 317 7571
2685 318 7570
2684 319 7569
2683 320 7568
2682 321 7567
2681 322 7566
2680 323 7565
2679 324 7564
2678 325 7563
2677 326 7562
2676 327 7561
2675 328 7560
2674 329 7559
2673 330 7558
2672 331 7557
2671 332 7556
2670 333 7555
2669 334 7554
2668 335 7553
2667 336 7552
2666 337 7551
2665 338 7550
2664 339 7549
2663 340 7548
2662 341 7547
2661 342 7546
2660 343 7545
2659 344 7544
2658 345 7543
2657 346 7542
2656 347 7541
2655 348 7540
2654 349 7539
2653 350 7538
2652 351 7537
2651 352 7536
2650 353 7535
2649 354 7534
2648 355 7533
2647 356 7532
2646 357 7531
2645 358 7530
2644 359 7529
2643 360 7528
2642 361 7527
2641 362 7526
2640 363 7525
2639 364 7524
2638 365 7523
2637 366 7522
2636 367 7521
2635 368 7520
2634 369 7519
2633 370 7518
2632 371 7517
2631 372 7516
2630 373 7515
2629 374 7514
2628 375 7513
2627 376 7512
2626 377 7511
2625 378 7510
2624 379 7509
2623 380 7508
2622 381 7507
2621 382 7506
2620 383 7505
2619 384 7504
2618 385 7503
2617 386 7502
2616 387 7501
2615 388 7500
2614 389 7499
2613 390 7498
2612 391 7497
2611 392 7496
2610 393 7495
2609 394 7494
2608 395 7493
2607 396 7492
2606 397 7491
2605 398 7490
2604 399 7489
2603 400 7488
2602 401 7487
2601 402 7486
2600 403 7485
2599 404 7484
2598 405 7483
2597 406 7482
2596 407 7481
2595 408 7480
2594 409 7479
2593 410 7478
2592 411 7477
2591 412 7476
2590 413 7475
2589 414 7474
2588 415 7473
2587 416 7472
2586 417 7471
2585 418 7470
2584 419 7469
2583 420 7468
2582 421 7467
2581 422 7466
2580 423 7465
2579 424 7464
2578 425 7463
2577 426 7462
2576 427 7461
2575 428 7460
2574 429 7459
2573 430 7458
2572 431 7457
2571 432 7456
2570 433 7455
2569 434 7454
2568 435 7453
2567 436 7452
2566 437 7451
2565 438 7450
2564 439 7449
2563 440 7448
2562 441 7447
2561 442 7446
2560 443 7445
2559 444 7444
2558 445 7443
2557 446 7442
2556 447 7441
2555 448 7440
2554 449 7439
2553 450 7438
2552 451 7437
2551 452 7436
2550 453 7435
2549 454 7434
2548 455 7433
2547 456 7432
2546 457 7431
2545 458 7430
2544 459 7429
2543 460 7428
2542 461 7427
2541 462 7426
2540 463 7425
2539 464 7424
2538 465 7423
2537 466 7422
2536 467 7421
2535 468 7420
2534 469 7419
2533 470 7418
2532 471 7417
2531 472 7416
2530 473 7415
2529 474 7414
2528 475 7413
2527 476 7412
2526 477 7411
2525 478 7410
2524 479 7409
2523 480 7408
2522 481 7407
2521 482 7406
2520 483 7405
2519 484 7404
2518 485 7403
2517 486 7402
2516 487 7401
2515 488 7400
2514 489 7399
2513 490 7398
2512 491 7397
2511 492 7396
2510 493 7395
2509 494 7394
2508 495 7393
2507 496 7392
2506 497 7391
2505 498 7390
2504 499 7389
2503 500 7388
2502 501 7387
2501 502 7386
2500 503 7385
2499 504 7384
2498 505 7383
2497 506 7382
2496 507 7381
2495 508 7380
2494 509 7379
2493 510 7378
2492 511 7377
2491 512 7376
2490 513 7375
2489 514 7374
2488 515 7373
2487 516 7372
2486 517 7371
2485 518 7370
2484 519 7369
2483 520 7368
2482 521 7367
2481 522 7366
2480 523 7365
2479 524 7364
2478 525 7363
2477 526 7362
2476 527 7361
2475 528 7360
2474 529 7359
2473 530 7358
2472 531 7357
2471 532 7356
2470 533 7355
2469 534 7354
2468 535 7353
2467 536 7352
2466 537 7351
2465 538 7350
2464 539 7349
2463 540 7348
2462 541 7347
2461 542 7346
2460 543 7345
2459 544 7344
2458 545 7343
2457 546 7342
2456 547 7341
2455 548 7340
2454 549 7339
2453 550 7338
2452 551 7337
2451 552 7336
2450 553 7335
2449 554 7334
2448 555 7333
2447 556 7332
2446 557 7331
2445 558 7330
2444 559 7329
2443 560 7328
2442 561 7327
2441 562 7326
2440 563 7325
2439 564 7324
2438 565 7323
2437 566 7322
2436 567 7321
2435 568 7320
2434 569 7319
2433 570 7318
2432 571 7317
2431 572 7316
2430 573 7315
2429 574 7314
2428 575 7313
2427 576 7312
2426 577 7311
2425 578 7310
2424 579 7309
2423 580 7308
2422 581 7307
2421 582 7306
2420 583 7305
2419 584 7304
2418 585 7303
2417 586 7302
2416 587 7301
2415 588 7300
2414 589 7299
2413 590 7298
2412 591 7297
2411 592 7296
2410 593 7295
2409 594 7294
2408 595 7293
2407 596 7292
2406 597 7291
2405 598 7290
2404 599 7289
2403 600 7288
2402 601 7287
2401 602 7286
2400 603 7285
2399 604 7284
2398 605 7283
2397 606 7282
2396 607 7281
2395 608 7280
2394 609 7279
2393 610 7278
2392 611 7277
2391 612 7276
2390 613 7275
2389 614 7274
2388 615 7273
2387 616 7272
2386 617 7271
2385 618 7270
2384 619 7269
2383 620 7268
2382 621 7267
2381 622 7266
2380 623 7265
2379 624 7264
2378 625 7263
2377 626 7262
2376 627 7261
2375 628 7260
2374 629 7259
2373 630 7258
2372 631 7257
2371 632 7256
2370 633 7255
2369 634 7254
2368 635 7253
2367 636 7252
2366 637 7251
2365 638 7250
2364 639 7249
2363 640 7248
2362 641 7247
2361 642 7246
2360 643 7245
2359 644 7244
2358 645 7243
2357 646 7242
2356 647 7241
2355 648 7240
2354 649 7239
2353 650 7238
2352 651 7237
2351 652 7236
2350 653 7235
2349 654 7234
2348 655 7233
2347 656 7232
2346 657 7231
2345 658 7230
2344 659 7229
2343 660 7228
2342 661 7227
2341 662 7226
2340 663 7225
2339 664 7224
2338 665 7223
2337 666 7222
2336 667 7221
2335 668 7220
2334 669 7219
2333 670 7218
2332 671 7217
2331 672 7216
2330 673 7215
2329 674 7214
2328 675 7213
2327 676 7212
2326 677 7211
2325 678 7210
2324 679 7209
2323 680 7208
2322 681 7207
2321 682 7206
2320 683 7205
2319 684 7204
2318 685 7203
2317 686 7202
2316 687 7201
2315 688 7200
2314 689 7199
2313 690 7198
2312 691 7197
2311 692 7196
2310 693 7195
2309 694 7194
2308 695 7193
2307 696 7192
2306 697 7191
2305 698 7190
2304 699 7189
2303 700 7188
2302 701 7187
2301 702 7186
2300 703 7185
2299 704 7184
2298 705 7183
2297 706 7182
2296 707 7181
2295 708 7180
2294 709 7179
2293 710 7178
2292 711 7177
2291 712 7176
2290 713 7175
2289 714 7174
2288 715 7173
2287 716 7172
2286 717 7171
2285 718 7170
2284 719 7169
2283 720 7168
2282 721 7167
2281 722 7166
2280 723 7165
2279 724 7164
2278 725 7163
2277 726 7162
2276 727 7161
2275 728 7160
2274 729 7159
2273 730 7158
2272 731 7157
2271 732 7156
2270 733 7155
2269 734 7154
2268 735 7153
2267 736 7152
2266 737 7151
2265 738 7150
2264 739 7149
2263 740 7148
2262 741 7147
2261 742 7146
2260 743 7145
2259 744 7144
2258 745 7143
2257 746 7142
2256 747 7141
2255 748 7140
2254 749 7139
2253 750 7138
2252 751 7137
2251 752 7136
2250 753 7135
2249 754 7134
2248 755 7133
2247 756 7132
2246 757 7131
2245 758 7130
2244 759 7129
2243 760 7128
2242 761 7127
2241 762 7126
2240 763 7125
2239 764 7124
2238 765 7123
2237 766 7122
2236 767 7121
2235 768 7120
2234 769 7119
2233 770 7118
2232 771 7117
2231 772 7116
2230 773 7115
2229 774 7114
2228 775 7113
2227 776 7112
2226 777 7111
2225 778 7110
2224 779 7109
2223 780 7108
2222 781 7107
2221 782 7106
2220 783 7105
2219 784 7104
2218 785 7103
2217 786 7102
2216 787 7101
2215 788 7100
2214 789 7099
2213 790 7098
2212 791 7097
2211 792 7096
2210 793 7095
2209 794 7094
2208 795 7093
2207 796 7092
2206 797 7091
2205 798 7090
2204 799 7089
2203 800 7088
2202 801 7087
2201 802 7086
2200 803 7085
2199 804 7084
2198 805 7083
2197 806 7082
2196 807 7081
2195 808 7080
2194 809 7079
2193 810 7078
2192 811 7077
2191 812 7076
2190 813 7075
2189 814 7074
2188 815 7073
2187 816 7072
2186 817 7071
2185 818 7070
2184 819 7069
2183 820 7068
2182 821 7067
2181 822 7066
2180 823 7065
2179 824 7064
2178 825 7063
2177 826 7062
2176 827 7061
2175 828 7060
2174 829 7059
2173 830 7058
2172 831 7057
2171 832 7056
2170 833 7055
2169 834 7054
2168 835 7053
2167 836 7052
2166 837 7051
2165 838 7050
2164 839 7049
2163 840 7048
2162 841 7047
2161 842 7046
2160 843 7045
2159 844 7044
2158 845 7043
2157 846 7042
2156 847 7041
2155 848 7040
2154 849 7039
2153 850 7038
2152 851 7037
2151 852 7036
2150 853 7035
2149 854 7034
2148 855 7033
2147 856 7032
2146 857 7031
2145 858 7030
2144 859 7029
2143 860 7028
2142 861 7027
2141 862 7026
2140 863 7025
2139 864 7024
2138 865 7023
2137 866 7022
2136 867 7021
2135 868 7020
2134 869 7019
2133 870 7018
2132 871 7017
2131 872 7016
2130 873 7015
2129 874 7014
2128 875 7013
2127 876 7012
2126 877 7011
2125 878 7010
2124 879 7009
2123 880 7008
2122 881 7007
2121 882 7006
2120 883 7005
2119 884 7004
2118 885 7003
2117 886 7002
2116 887 7001
2115 888 7000
2114 889 6999
2113 890 6998
2112 891 6997
2111 892 6996
2110 893 6995
2109 894 6994
2108 895 6993
2107 896 6992
2106 897 6991
2105 898 6990
2104 899 6989
2103 900 6988
2102 901 6987
2101 902 6986
2100 903 6985
2099 904 6984
2098 905 6983
2097 906 6982
2096 907 6981
2095 908 6980
2094 909 6979
2093 910 6978
2092 911 6977
2091 912 6976
2090 913 6975
2089 914 6974
2088 915 6973
2087 916 6972
2086 917 6971
2085 918 6970
2084 919 6969
2083 920 6968
2082 921 6967
2081 922 6966
2080 923 6965
2079 924 6964
2078 925 6963
2077 926 6962
2076 927 6961
2075 928 6960
2074 929 6959
2073 930 6958
2072 931 6957
2071 932 6956
2070 933 6955
2069 934 6954
2068 935 6953
2067 936 6952
2066 937 6951
2065 938 6950
2064 939 6949
2063 940 6948
2062 941 6947
2061 942 6946
2060 943 6945
2059 944 6944
2058 945 6943
2057 946 6942
2056 947 6941
2055 948 6940
2054 949 6939
2053 950 6938
2052 951 6937
2051 952 6936
2050 953 6935
2049 954 6934
2048 955 6933
2047 956 6932
2046 957 6931
2045 958 6930
2044 959 6929
2043 960 6928
2042 961 6927
2041 962 6926
2040 963 6925
2039 964 6924
2038 965 6923
2037 966 6922
2036 967 6921
2035 968 6920
2034 969 6919
2033 970 6918
2032 971 6917
2031 972 6916
2030 973 6915
2029 974 6914
2028 975 6913
2027 976 6912
2026 977 6911
2025 978 6910
2024 979 6909
2023 980 6908
2022 981 6907
2021 982 6906
2020 983 6905
2019 984 6904
2018 985 6903
2017 986 6902
2016 987 6901
2015 988 6900
2014 989 6899
2013 990 6898
2012 991 6897
2011 992 6896
2010 993 6895
2009 994 6894
2008 995 6893
2007 996 6892
2006 997 6891
2005 998 6890
2004 999 6889
2003 1000 6888
2002 1001 6887
2001 1002 6886
2000 1003 6885
1999 1004 6884
1998 1005 6883
1997 1006 6882
1996 1007 6881
1995 1008 6880
1994 1009 6879
1993 1010 6878
1992 1011 6877
1991 1012 6876
1990 1013 6875
1989 1014 6874
1988 1015 6873
1987 1016 6872
1986 1017 6871
1985 1018 6870
1984 1019 6869
1983 1020 6868
1982 1021 6867
1981 1022 6866
1980 1023 6865
1979 1024 6864
1978 1025 6863
1977 1026 6862
1976 1027 6861
1975 1028 6860
1974 1029 6859
1973 1030 6858
1972 1031 6857
1971 1032 6856
1970 1033 6855
1969 1034 6854
1968 1035 6853
1967 1036 6852
1966 1037 6851
1965 1038 6850
1964 1039 6849
1963 1040 6848
1962 1041 6847
1961 1042 6846
1960 1043 6845
1959 1044 6844
1958 1045 6843
1957 1046 6842
1956 1047 6841
1955 1048 6840
1954 1049 6839
1953 1050 6838
1952 1051 6837
1951 1052 6836
1950 1053 6835
1949 1054 6834
1948 1055 6833
1947 1056 6832
1946 1057 6831
1945 1058 6830
1944 1059 6829
1943 1060 6828
1942 1061 6827
1941 1062 6826
1940 1063 6825
1939 1064 6824
1938 1065 6823
1937 1066 6822
1936 1067 6821
1935 1068 6820
1934 1069 6819
1933 1070 6818
1932 1071 6817
1931 1072 6816
1930 1073 6815
1929 1074 6814
1928 1075 6813
1927 1076 6812
1926 1077 6811
1925 1078 6810
1924 1079 6809
1923 1080 6808
1922 1081 6807
1921 1082 6806
1920 1083 6805
1919 1084 6804
1918 1085 6803
1917 1086 6802
1916 1087 6801
1915 1088 6800
1914 1089 6799
1913 1090 6798
1912 1091 6797
1911 1092 6796
1910 1093 6795
1909 1094 6794
1908 1095 6793
1907 1096 6792
1906 1097 6791
1905 1098 6790
1904 1099 6789
1903 1100 6788
1902 1101 6787
1901 1102 6786
1900 1103 6785
1899 1104 6784
1898 1105 6783
1897 1106 6782
1896 1107 6781
1895 1108 6780
1894 1109 6779
1893 1110 6778
1892 1111 6777
1891 1112 6776
1890 1113 6775
1889 1114 6774
1888 1115 6773
1887 1116 6772
1886 1117 6771
1885 1118 6770
1884 1119 6769
1883 1120 6768
1882 1121 6767
1881 1122 6766
1880 1123 6765
1879 1124 6764
1878 1125 6763
1877 1126 6762
1876 1127 6761
1875 1128 6760
1874 1129 6759
1873 1130 6758
1872 1131 6757
1871 1132 6756
1870 1133 6755
1869 1134 6754
1868 1135 6753
1867 1136 6752
1866 1137 6751
1865 1138 6750
1864 1139 6749
1863 1140 6748
1862 1141 6747
1861 1142 6746
1860 1143 6745
1859 1144 6744
1858 1145 6743
1857 1146 6742
1856 1147 6741
1855 1148 6740
1854 1149 6739
1853 1150 6738
1852 1151 6737
1851 1152 6736
1850 1153 6735
1849 1154 6734
1848 1155 6733
1847 1156 6732
1846 1157 6731
1845 1158 6730
1844 1159 6729
1843 1160 6728
1842 1161 6727
1841 1162 6726
1840 1163 6725
1839 1164 6724
1838 1165 6723
1837 1166 6722
1836 1167 6721
1835 1168 6720
1834 1169 6719
1833 1170 6718
1832 1171 6717
1831 1172 6716
1830 1173 6715
1829 1174 6714
1828 1175 6713
1827 1176 6712
1826 1177 6711
1825 1178 6710
1824 1179 6709
1823 1180 6708
1822 1181 6707
1821 1182 6706
1820 1183 6705
1819 1184 6704
1818 1185 6703
1817 1186 6702
1816 1187 6701
1815 1188 6700
1814 1189 6699
1813 1190 6698
1812 1191 6697
1811 1192 6696
1810 1193 6695
1809 1194 6694
1808 1195 6693
1807 1196 6692
1806 1197 6691
1805 1198 6690
1804 1199 6689
1803 1200 6688
1802 1201 6687
1801 1202 6686
1800 1203 6685
1799 1204 6684
1798 1205 6683
1797 1206 6682
1796 1207 6681
1795 1208 6680
1794 1209 6679
1793 1210 6678
1792 1211 6677
1791 1212 6676
1790 1213 6675
1789 1214 6674
1788 1215 6673
1787 1216 6672
1786 1217 6671
1785 1218 6670
1784 1219 6669
1783 1220 6668
1782 1221 6667
1781 1222 6666
1780 1223 6665
1779 1224 6664
1778 1225 6663
1777 1226 6662
1776 1227 6661
1775 1228 6660
1774 1229 6659
1773 1230 6658
1772 1231 6657
1771 1232 6656
1770 1233 6655
1769 1234 6654
1768 1235 6653
1767 1236 6652
1766 1237 6651
1765 1238 6650
1764 1239 6649
1763 1240 6648
1762 1241 6647
1761 1242 6646
1760 1243 6645
1759 1244 6644
1758 1245 6643
1757 1246 6642
1756 1247 6641
1755 1248 6640
1754 1249 6639
1753 1250 6638
1752 1251 6637
1751 1252 6636
1750 1253 6635
1749 1254 6634
1748 1255 6633
1747 1256 6632
1746 1257 6631
1745 1258 6630
1744 1259 6629
1743 1260 6628
1742 1261 6627
1741 1262 6626
1740 1263 6625
1739 1264 6624
1738 1265 6623
1737 1266 6622
1736 1267 6621
1735 1268 6620
1734 1269 6619
1733 1270 6618
1732 1271 6617
1731 1272 6616
1730 1273 6615
1729 1274 6614
1728 1275 6613
1727 1276 6612
1726 1277 6611
1725 1278 6610
1724 1279 6609
1723 1280 6608
1722 1281 6607
1721 1282 6606
1720 1283 6605
1719 1284 6604
1718 1285 6603
1717 1286 6602
1716 1287 6601
1715 1288 6600
1714 1289 6599
1713 1290 6598
1712 1291 6597
1711 1292 6596
1710 1293 6595
1709 1294 6594
1708 1295 6593
1707 1296 6592
1706 1297 6591
1705 1298 6590
1704 1299 6589
1703 1300 6588
1702 1301 6587
1701 1302 6586
1700 1303 6585
1699 1304 6584
1698 1305 6583
1697 1306 6582
1696 1307 6581
1695 1308 6580
1694 1309 6579
1693 1310 6578
1692 1311 6577
1691 1312 6576
1690 1313 6575
1689 1314 6574
1688 1315 6573
1687 1316 6572
1686 1317 6571
1685 1318 6570
1684 1319 6569
1683 1320 6568
1682 1321 6567
1681 1322 6566
1680 1323 6565
1679 1324 6564
1678 1325 6563
1677 1326 6562
1676 1327 6561
1675 1328 6560
1674 1329 6559
1673 1330 6558
1672 1331 6557
1671 1332 6556
1670 1333 6555
1669 1334 6554
1668 1335 6553
1667 1336 6552
1666 1337 6551
1665 1338 6550
1664 1339 6549
1663 1340 6548
1662 1341 6547
1661 1342 6546
1660 1343 6545
1659 1344 6544
1658 1345 6543
1657 1346 6542
1656 1347 6541
1655 1348 6540
1654 1349 6539
1653 1350 6538
1652 1351 6537
1651 1352 6536
1650 1353 6535
1649 1354 6534
1648 1355 6533
1647 1356 6532
1646 1357 6531
1645 1358 6530
1644 1359 6529
1643 1360 6528
1642 1361 6527
1641 1362 6526
1640 1363 6525
1639 1364 6524
1638 1365 6523
1637 1366 6522
1636 1367 6521
1635 1368 6520
1634 1369 6519
1633 1370 6518
1632 1371 6517
1631 1372 6516
1630 1373 6515
1629 1374 6514
1628 1375 6513
1627 1376 6512
1626 1377 6511
1625 1378 6510
1624 1379 6509
1623 1380 6508
1622 1381 6507
1621 1382 6506
1620 1383 6505
1619 1384 6504
1618 1385 6503
1617 1386 6502
1616 1387 6501
1615 1388 6500
1614 1389 6499
1613 1390 6498
1612 1391 6497
1611 1392 6496
1610 1393 6495
1609 1394 6494
1608 1395 6493
1607 1396 6492
1606 1397 6491
1605 1398 6490
1604 1399 6489
1603 1400 6488
1602 1401 6487
1601 1402 6486
1600 1403 6485
1599 1404 6484
1598 1405 6483
1597 1406 6482
1596 1407 6481
1595 1408 6480
1594 1409 6479
1593 1410 6478
1592 1411 6477
1591 1412 6476
1590 1413 6475
1589 1414 6474
1588 1415 6473
1587 1416 6472
1586 1417 6471
1585 1418 6470
1584 1419 6469
1583 1420 6468
1582 1421 6467
1581 1422 6466
1580 1423 6465
1579 1424 6464
1578 1425 6463
1577 1426 6462
1576 1427 6461
1575 1428 6460
1574 1429 6459
1573 1430 6458
1572 1431 6457
1571 1432 6456
1570 1433 6455
1569 1434 6454
1568 1435 6453
1567 1436 6452
1566 1437 6451
1565 1438 6450
1564 1439 6449
1563 1440 6448
1562 1441 6447
1561 1442 6446
1560 1443 6445
1559 1444 6444
1558 1445 6443
1557 1446 6442
1556 1447 6441
1555 1448 6440
1554 1449 6439
1553 1450 6438
1552 1451 6437
1551 1452 6436
1550 1453 6435
1549 1454 6434
1548 1455 6433
1547 1456 6432
1546 1457 6431
1545 1458 6430
1544 1459 6429
1543 1460 6428
1542 1461 6427
1541 1462 6426
1540 1463 6425
1539 1464 6424
1538 1465 6423
1537 1466 6422
1536 1467 6421
1535 1468 6420
1534 1469 6419
1533 1470 6418
1532 1471 6417
1531 1472 6416
1530 1473 6415
1529 1474 6414
1528 1475 6413
1527 1476 6412
1526 1477 6411
1525 1478 6410
1524 1479 6409
1523 1480 6408
1522 1481 6407
1521 1482 6406
1520 1483 6405
1519 1484 6404
1518 1485 6403
1517 1486 6402
1516 1487 6401
1515 1488 6400
1514 1489 6399
1513 1490 6398
1512 1491 6397
1511 1492 6396
1510 1493 6395
1509 1494 6394
1508 1495 6393
1507 1496 6392
1506 1497 6391
1505 1498 6390
1504 1499 6389
1503 1500 6388
1502 1501 6387
1501 1502 6386
1500 1503 6385
1499 1504 6384
1498 1505 6383
1497 1506 6382
1496 1507 6381
1495 1508 6380
1494 1509 6379
1493 1510 6378
1492 1511 6377
1491 1512 6376
1490 1513 6375
1489 1514 6374
1488 1515 6373
1487 1516 6372
1486 1517 6371
1485 1518 6370
1484 1519 6369
1483 1520 6368
1482 1521 6367
1481 1522 6366
1480 1523 6365
1479 1524 6364
1478 1525 6363
1477 1526 6362
1476 1527 6361
1475 1528 6360
1474 1529 6359
1473 1530 6358
1472 1531 6357
1471 1532 6356
1470 1533 6355
1469 1534 6354
1468 1535 6353
1467 1536 6352
1466 1537 6351
1465 1538 6350
1464 1539 6349
1463 1540 6348
1462 1541 6347
1461 1542 6346
1460 1543 6345
1459 1544 6344
1458 1545 6343
1457 1546 6342
1456 1547 6341
1455 1548 6340
1454 1549 6339
1453 1550 6338
1452 1551 6337
1451 1552 6336
1450 1553 6335
1449 1554 6334
1448 1555 6333
1447 1556 6332
1446 1557 6331
1445 1558 6330
1444 1559 6329
1443 1560 6328
1442 1561 6327
1441 1562 6326
1440 1563 6325
1439 1564 6324
1438 1565 6323
1437 1566 6322
1436 1567 6321
1435 1568 6320
1434 1569 6319
1433 1570 6318
1432 1571 6317
1431 1572 6316
1430 1573 6315
1429 1574 6314
1428 1575 6313
1427 1576 6312
1426 1577 6311
1425 1578 6310
1424 1579 6309
1423 1580 6308
1422 1581 6307
1421 1582 6306
1420 1583 6305
1419 1584 6304
1418 1585 6303
1417 1586 6302
1416 1587 6301
1415 1588 6300
1414 1589 6299
1413 1590 6298
1412 1591 6297
1411 1592 6296
1410 1593 6295
1409 1594 6294
1408 1595 6293
1407 1596 6292
1406 1597 6291
1405 1598 6290
1404 1599 6289
1403 1600 6288
1402 1601 6287
1401 1602 6286
1400 1603 6285
1399 1604 6284
1398 1605 6283
1397 1606 6282
1396 1607 6281
1395 1608 6280
1394 1609 6279
1393 1610 6278
1392 1611 6277
1391 1612 6276
1390 1613 6275
1389 1614 6274
1388 1615 6273
1387 1616 6272
1386 1617 6271
1385 1618 6270
1384 1619 6269
1383 1620 6268
1382 1621 6267
1381 1622 6266
1380 1623 6265
1379 1624 6264
1378 1625 6263
1377 1626 6262
1376 1627 6261
1375 1628 6260
1374 1629 6259
1373 1630 6258
1372 1631 6257
1371 1632 6256
1370 1633 6255
1369 1634 6254
1368 1635 6253
1367 1636 6252
1366 1637 6251
1365 1638 6250
1364 1639 6249
1363 1640 6248
1362 1641 6247
1361 1642 6246
1360 1643 6245
1359 1644 6244
1358 1645 6243
1357 1646 6242
1356 1647 6241
1355 1648 6240
1354 1649 6239
1353 1650 6238
1352 1651 6237
1351 1652 6236
1350 1653 6235
1349 1654 6234
1348 1655 6233
1347 1656 6232
1346 1657 6231
1345 1658 6230
1344 1659 6229
1343 1660 6228
1342 1661 6227
1341 1662 6226
1340 1663 6225
1339 1664 6224
1338 1665 6223
1337 1666 6222
1336 1667 6221
1335 1668 6220
1334 1669 6219
1333 1670 6218
1332 1671 6217
1331 1672 6216
1330 1673 6215
1329 1674 6214
1328 1675 6213
1327 1676 6212
1326 1677 6211
1325 1678 6210
1324 1679 6209
1323 1680 6208
1322 1681 6207
1321 1682 6206
1320 1683 6205
1319 1684 6204
1318 1685 6203
1317 1686 6202
1316 1687 6201
1315 1688 6200
1314 1689 6199
1313 1690 6198
1312 1691 6197
1311 1692 6196
1310 1693 6195
1309 1694 6194
1308 1695 6193
1307 1696 6192
1306 1697 6191
1305 1698 6190
1304 1699 6189
1303 1700 6188
1302 1701 6187
1301 1702 6186
1300 1703 6185
1299 1704 6184
1298 1705 6183
1297 1706 6182
1296 1707 6181
1295 1708 6180
1294 1709 6179
1293 1710 6178
1292 1711 6177
1291 1712 6176
1290 1713 6175
1289 1714 6174
1288 1715 6173
1287 1716 6172
1286 1717 6171
1285 1718 6170
1284 1719 6169
1283 1720 6168
1282 1721 6167
1281 1722 6166
1280 1723 6165
1279 1724 6164
1278 1725 6163
1277 1726 6162
1276 1727 6161
1275 1728 6160
1274 1729 6159
1273 1730 6158
1272 1731 6157
1271 1732 6156
1270 1733 6155
1269 1734 6154
1268 1735 6153
1267 1736 6152
1266 1737 6151
1265 1738 6150
1264 1739 6149
1263 1740 6148
1262 1741 6147
1261 1742 6146
1260 1743 6145
1259 1744 6144
1258 1745 6143
1257 1746 6142
1256 1747 6141
1255 1748 6140
1254 1749 6139
1253 1750 6138
1252 1751 6137
1251 1752 6136
1250 1753 6135
1249 1754 6134
1248 1755 6133
1247 1756 6132
1246 1757 6131
1245 1758 6130
1244 1759 6129
1243 1760 6128
1242 1761 6127
1241 1762 6126
1240 1763 6125
1239 1764 6124
1238 1765 6123
1237 1766 6122
1236 1767 6121
1235 1768 6120
1234 1769 6119
1233 1770 6118
1232 1771 6117
1231 1772 6116
1230 1773 6115
1229 1774 6114
1228 1775 6113
1227 1776 6112
1226 1777 6111
1225 1778 6110
1224 1779 6109
1223 1780 6108
1222 1781 6107
1221 1782 6106
1220 1783 6105
1219 1784 6104
1218 1785 6103
1217 1786 6102
1216 1787 6101
1215 1788 6100
1214 1789 6099
1213 1790 6098
1212 1791 6097
1211 1792 6096
1210 1793 6095
1209 1794 6094
1208 1795 6093
1207 1796 6092
1206 1797 6091
1205 1798 6090
1204 1799 6089
1203 1800 6088
1202 1801 6087
1201 1802 6086
1200 1803 6085
1199 1804 6084
1198 1805 6083
1197 1806 6082
1196 1807 6081
1195 1808 6080
1194 1809 6079
1193 1810 6078
1192 1811 6077
1191 1812 6076
1190 1813 6075
1189 1814 6074
1188 1815 6073
1187 1816 6072
1186 1817 6071
1185 1818 6070
1184 1819 6069
1183 1820 6068
1182 1821 6067
1181 1822 6066
1180 1823 6065
1179 1824 6064
1178 1825 6063
1177 1826 6062
1176 1827 6061
1175 1828 6060
1174 1829 6059
1173 1830 6058
1172 1831 6057
1171 1832 6056
1170 1833 6055
1169 1834 6054
1168 1835 6053
1167 1836 6052
1166 1837 6051
1165 1838 6050
1164 1839 6049
1163 1840 6048
1162 1841 6047
1161 1842 6046
1160 1843 6045
1159 1844 6044
1158 1845 6043
1157 1846 6042
1156 1847 6041
1155 1848 6040
1154 1849 6039
1153 1850 6038
1152 1851 6037
1151 1852 6036
1150 1853 6035
1149 1854 6034
1148 1855 6033
1147 1856 6032
1146 1857 6031
1145 1858 6030
1144 1859 6029
1143 1860 6028
1142 1861 6027
1141 1862 6026
1140 1863 6025
1139 1864 6024
1138 1865 6023
1137 1866 6022
1136 1867 6021
1135 1868 6020
1134 1869 6019
1133 1870 6018
1132 1871 6017
1131 1872 6016
1130 1873 6015
1129 1874 6014
1128 1875 6013
1127 1876 6012
1126 1877 6011
1125 1878 6010
1124 1879 6009
1123 1880 6008
1122 1881 6007
1121 1882 6006
1120 1883 6005
1119 1884 6004
1118 1885 6003
1117 1886 6002
1116 1887 6001
