2958
3000 3 8958
2999 4 8957
2998 5 8956
2997 6 8955
2996 7 8954
2995 8 8953
2994 9 8952
2993 10 8951
2992 11 8950
2991 12 8949
2990 13 8948
2989 14 8947
2988 15 8946
2987 16 8945
2986 17 8944
2985 18 8943
2984 19 8942
2983 20 8941
2982 21 8940
2981 22 8939
2980 23 8938
2979 24 8937
2978 25 8936
2977 26 8935
2976 27 8934
2975 28 8933
2974 29 8932
2973 30 8931
2972 31 8930
2971 32 8929
2970 33 8928
2969 34 8927
2968 35 8926
2967 36 8925
2966 37 8924
2965 38 8923
2964 39 8922
2963 40 8921
2962 41 8920
2961 42 8919
2960 43 8918
2959 44 8917
2958 45 8916
2957 46 8915
2956 47 8914
2955 48 8913
2954 49 8912
2953 50 8911
2952 51 8910
2951 52 8909
2950 53 8908
2949 54 8907
2948 55 8906
2947 56 8905
2946 57 8904
2945 58 8903
2944 59 8902
2943 60 8901
2942 61 8900
2941 62 8899
2940 63 8898
2939 64 8897
2938 65 8896
2937 66 8895
2936 67 8894
2935 68 8893
2934 69 8892
2933 70 8891
2932 71 8890
2931 72 8889
2930 73 8888
2929 74 8887
2928 75 8886
2927 76 8885
2926 77 8884
2925 78 8883
2924 79 8882
2923 80 8881
2922 81 8880
2921 82 8879
2920 83 8878
2919 84 8877
2918 85 8876
2917 86 8875
2916 87 8874
2915 88 8873
2914 89 8872
2913 90 8871
2912 91 8870
2911 92 8869
2910 93 8868
2909 94 8867
2908 95 8866
2907 96 8865
2906 97 8864
2905 98 8863
2904 99 8862
2903 100 8861
2902 101 8860
2901 102 8859
2900 103 8858
2899 104 8857
2898 105 8856
2897 106 8855
2896 107 8854
2895 108 8853
2894 109 8852
2893 110 8851
2892 111 8850
2891 112 8849
2890 113 8848
2889 114 8847
2888 115 8846
2887 116 8845
2886 117 8844
2885 118 8843
2884 119 8842
2883 120 8841
2882 121 8840
2881 122 8839
2880 123 8838
2879 124 8837
2878 125 8836
2877 126 8835
2876 127 8834
2875 128 8833
2874 129 8832
2873 130 8831
2872 131 8830
2871 132 8829
2870 133 8828
2869 134 8827
2868 135 8826
2867 136 8825
2866 137 8824
2865 138 8823
2864 139 8822
2863 140 8821
2862 141 8820
2861 142 8819
2860 143 8818
2859 144 8817
2858 145 8816
2857 146 8815
2856 147 8814
2855 148 8813
2854 149 8812
2853 150 8811
2852 151 8810
2851 152 8809
2850 153 8808
2849 154 8807
2848 155 8806
2847 156 8805
2846 157 8804
2845 158 8803
2844 159 8802
2843 160 8801
2842 161 8800
2841 162 8799
2840 163 8798
2839 164 8797
2838 165 8796
2837 166 8795
2836 167 8794
2835 168 8793
2834 169 8792
2833 170 8791
2832 171 8790
2831 172 8789
2830 173 8788
2829 174 8787
2828 175 8786
2827 176 8785
2826 177 8784
2825 178 8783
2824 179 8782
2823 180 8781
2822 181 8780
2821 182 8779
2820 183 8778
2819 184 8777
2818 185 8776
2817 186 8775
2816 187 8774
2815 188 8773
2814 189 8772
2813 190 8771
2812 191 8770
2811 192 8769
2810 193 8768
2809 194 8767
2808 195 8766
2807 196 8765
2806 197 8764
2805 198 8763
2804 199 8762
2803 200 8761
2802 201 8760
2801 202 8759
2800 203 8758
2799 204 8757
2798 205 8756
2797 206 8755
2796 207 8754
2795 208 8753
2794 209 8752
2793 210 8751
2792 211 8750
2791 212 8749
2790 213 8748
2789 214 8747
2788 215 8746
2787 216 8745
2786 217 8744
2785 218 8743
2784 219 8742
2783 220 8741
2782 221 8740
2781 222 8739
2780 223 8738
2779 224 8737
2778 225 8736
2777 226 8735
2776 227 8734
2775 228 8733
2774 229 8732
2773 230 8731
2772 231 8730
2771 232 8729
2770 233 8728
2769 234 8727
2768 235 8726
2767 236 8725
2766 237 8724
2765 238 8723
2764 239 8722
2763 240 8721
2762 241 8720
2761 242 8719
2760 243 8718
2759 244 8717
2758 245 8716
2757 246 8715
2756 247 8714
2755 248 8713
2754 249 8712
2753 250 8711
2752 251 8710
2751 252 8709
2750 253 8708
2749 254 8707
2748 255 8706
2747 256 8705
2746 257 8704
2745 258 8703
2744 259 8702
2743 260 8701
2742 261 8700
2741 262 8699
2740 263 8698
2739 264 8697
2738 265 8696
2737 266 8695
2736 267 8694
2735 268 8693
2734 269 8692
2733 270 8691
2732 271 8690
2731 272 8689
2730 273 8688
2729 274 8687
2728 275 8686
2727 276 8685
2726 277 8684
2725 278 8683
2724 279 8682
2723 280 8681
2722 281 8680
2721 282 8679
2720 283 8678
2719 284 8677
2718 285 8676
2717 286 8675
2716 287 8674
2715 288 8673
2714 289 8672
2713 290 8671
2712 291 8670
2711 292 8669
2710 293 8668
2709 294 8667
2708 295 8666
2707 296 8665
2706 297 8664
2705 298 8663
2704 299 8662
2703 300 8661
2702 301 8660
2701 302 8659
2700 303 8658
2699 304 8657
2698 305 8656
2697 306 8655
2696 307 8654
2695 308 8653
2694 309 8652
2693 310 8651
2692 311 8650
2691 312 8649
2690 313 8648
2689 314 8647
2688 315 8646
2687 316 8645
2686 317 8644
2685 318 8643
2684 319 8642
2683 320 8641
2682 321 8640
2681 322 8639
2680 323 8638
2679 324 8637
2678 325 8636
2677 326 8635
2676 327 8634
2675 328 8633
2674 329 8632
2673 330 8631
2672 331 8630
2671 332 8629
2670 333 8628
2669 334 8627
2668 335 8626
2667 336 8625
2666 337 8624
2665 338 8623
2664 339 8622
2663 340 8621
2662 341 8620
2661 342 8619
2660 343 8618
2659 344 8617
2658 345 8616
2657 346 8615
2656 347 8614
2655 348 8613
2654 349 8612
2653 350 8611
2652 351 8610
2651 352 8609
2650 353 8608
2649 354 8607
2648 355 8606
2647 356 8605
2646 357 8604
2645 358 8603
2644 359 8602
2643 360 8601
2642 361 8600
2641 362 8599
2640 363 8598
2639 364 8597
2638 365 8596
2637 366 8595
2636 367 8594
2635 368 8593
2634 369 8592
2633 370 8591
2632 371 8590
2631 372 8589
2630 373 8588
2629 374 8587
2628 375 8586
2627 376 8585
2626 377 8584
2625 378 8583
2624 379 8582
2623 380 8581
2622 381 8580
2621 382 8579
2620 383 8578
2619 384 8577
2618 385 8576
2617 386 8575
2616 387 8574
2615 388 8573
2614 389 8572
2613 390 8571
2612 391 8570
2611 392 8569
2610 393 8568
2609 394 8567
2608 395 8566
2607 396 8565
2606 397 8564
2605 398 8563
2604 399 8562
2603 400 8561
2602 401 8560
2601 402 8559
2600 403 8558
2599 404 8557
2598 405 8556
2597 406 8555
2596 407 8554
2595 408 8553
2594 409 8552
2593 410 8551
2592 411 8550
2591 412 8549
2590 413 8548
2589 414 8547
2588 415 8546
2587 416 8545
2586 417 8544
2585 418 8543
2584 419 8542
2583 420 8541
2582 421 8540
2581 422 8539
2580 423 8538
2579 424 8537
2578 425 8536
2577 426 8535
2576 427 8534
2575 428 8533
2574 429 8532
2573 430 8531
2572 431 8530
2571 432 8529
2570 433 8528
2569 434 8527
2568 435 8526
2567 436 8525
2566 437 8524
2565 438 8523
2564 439 8522
2563 440 8521
2562 441 8520
2561 442 8519
2560 443 8518
2559 444 8517
2558 445 8516
2557 446 8515
2556 447 8514
2555 448 8513
2554 449 8512
2553 450 8511
2552 451 8510
2551 452 8509
2550 453 8508
2549 454 8507
2548 455 8506
2547 456 8505
2546 457 8504
2545 458 8503
2544 459 8502
2543 460 8501
2542 461 8500
2541 462 8499
2540 463 8498
2539 464 8497
2538 465 8496
2537 466 8495
2536 467 8494
2535 468 8493
2534 469 8492
2533 470 8491
2532 471 8490
2531 472 8489
2530 473 8488
2529 474 8487
2528 475 8486
2527 476 8485
2526 477 8484
2525 478 8483
2524 479 8482
2523 480 8481
2522 481 8480
2521 482 8479
2520 483 8478
2519 484 8477
2518 485 8476
2517 486 8475
2516 487 8474
2515 488 8473
2514 489 8472
2513 490 8471
2512 491 8470
2511 492 8469
2510 493 8468
2509 494 8467
2508 495 8466
2507 496 8465
2506 497 8464
2505 498 8463
2504 499 8462
2503 500 8461
2502 501 8460
2501 502 8459
2500 503 8458
2499 504 8457
2498 505 8456
2497 506 8455
2496 507 8454
2495 508 8453
2494 509 8452
2493 510 8451
2492 511 8450
2491 512 8449
2490 513 8448
2489 514 8447
2488 515 8446
2487 516 8445
2486 517 8444
2485 518 8443
2484 519 8442
2483 520 8441
2482 521 8440
2481 522 8439
2480 523 8438
2479 524 8437
2478 525 8436
2477 526 8435
2476 527 8434
2475 528 8433
2474 529 8432
2473 530 8431
2472 531 8430
2471 532 8429
2470 533 8428
2469 534 8427
2468 535 8426
2467 536 8425
2466 537 8424
2465 538 8423
2464 539 8422
2463 540 8421
2462 541 8420
2461 542 8419
2460 543 8418
2459 544 8417
2458 545 8416
2457 546 8415
2456 547 8414
2455 548 8413
2454 549 8412
2453 550 8411
2452 551 8410
2451 552 8409
2450 553 8408
2449 554 8407
2448 555 8406
2447 556 8405
2446 557 8404
2445 558 8403
2444 559 8402
2443 560 8401
2442 561 8400
2441 562 8399
2440 563 8398
2439 564 8397
2438 565 8396
2437 566 8395
2436 567 8394
2435 568 8393
2434 569 8392
2433 570 8391
2432 571 8390
2431 572 8389
2430 573 8388
2429 574 8387
2428 575 8386
2427 576 8385
2426 577 8384
2425 578 8383
2424 579 8382
2423 580 8381
2422 581 8380
2421 582 8379
2420 583 8378
2419 584 8377
2418 585 8376
2417 586 8375
2416 587 8374
2415 588 8373
2414 589 8372
2413 590 8371
2412 591 8370
2411 592 8369
2410 593 8368
2409 594 8367
2408 595 8366
2407 596 8365
2406 597 8364
2405 598 8363
2404 599 8362
2403 600 8361
2402 601 8360
2401 602 8359
2400 603 8358
2399 604 8357
2398 605 8356
2397 606 8355
2396 607 8354
2395 608 8353
2394 609 8352
2393 610 8351
2392 611 8350
2391 612 8349
2390 613 8348
2389 614 8347
2388 615 8346
2387 616 8345
2386 617 8344
2385 618 8343
2384 619 8342
2383 620 8341
2382 621 8340
2381 622 8339
2380 623 8338
2379 624 8337
2378 625 8336
2377 626 8335
2376 627 8334
2375 628 8333
2374 629 8332
2373 630 8331
2372 631 8330
2371 632 8329
2370 633 8328
2369 634 8327
2368 635 8326
2367 636 8325
2366 637 8324
2365 638 8323
2364 639 8322
2363 640 8321
2362 641 8320
2361 642 8319
2360 643 8318
2359 644 8317
2358 645 8316
2357 646 8315
2356 647 8314
2355 648 8313
2354 649 8312
2353 650 8311
2352 651 8310
2351 652 8309
2350 653 8308
2349 654 8307
2348 655 8306
2347 656 8305
2346 657 8304
2345 658 8303
2344 659 8302
2343 660 8301
2342 661 8300
2341 662 8299
2340 663 8298
2339 664 8297
2338 665 8296
2337 666 8295
2336 667 8294
2335 668 8293
2334 669 8292
2333 670 8291
2332 671 8290
2331 672 8289
2330 673 8288
2329 674 8287
2328 675 8286
2327 676 8285
2326 677 8284
2325 678 8283
2324 679 8282
2323 680 8281
2322 681 8280
2321 682 8279
2320 683 8278
2319 684 8277
2318 685 8276
2317 686 8275
2316 687 8274
2315 688 8273
2314 689 8272
2313 690 8271
2312 691 8270
2311 692 8269
2310 693 8268
2309 694 8267
2308 695 8266
2307 696 8265
2306 697 8264
2305 698 8263
2304 699 8262
2303 700 8261
2302 701 8260
2301 702 8259
2300 703 8258
2299 704 8257
2298 705 8256
2297 706 8255
2296 707 8254
2295 708 8253
2294 709 8252
2293 710 8251
2292 711 8250
2291 712 8249
2290 713 8248
2289 714 8247
2288 715 8246
2287 716 8245
2286 717 8244
2285 718 8243
2284 719 8242
2283 720 8241
2282 721 8240
2281 722 8239
2280 723 8238
2279 724 8237
2278 725 8236
2277 726 8235
2276 727 8234
2275 728 8233
2274 729 8232
2273 730 8231
2272 731 8230
2271 732 8229
2270 733 8228
2269 734 8227
2268 735 8226
2267 736 8225
2266 737 8224
2265 738 8223
2264 739 8222
2263 740 8221
2262 741 8220
2261 742 8219
2260 743 8218
2259 744 8217
2258 745 8216
2257 746 8215
2256 747 8214
2255 748 8213
2254 749 8212
2253 750 8211
2252 751 8210
2251 752 8209
2250 753 8208
2249 754 8207
2248 755 8206
2247 756 8205
2246 757 8204
2245 758 8203
2244 759 8202
2243 760 8201
2242 761 8200
2241 762 8199
2240 763 8198
2239 764 8197
2238 765 8196
2237 766 8195
2236 767 8194
2235 768 8193
2234 769 8192
2233 770 8191
2232 771 8190
2231 772 8189
2230 773 8188
2229 774 8187
2228 775 8186
2227 776 8185
2226 777 8184
2225 778 8183
2224 779 8182
2223 780 8181
2222 781 8180
2221 782 8179
2220 783 8178
2219 784 8177
2218 785 8176
2217 786 8175
2216 787 8174
2215 788 8173
2214 789 8172
2213 790 8171
2212 791 8170
2211 792 8169
2210 793 8168
2209 794 8167
2208 795 8166
2207 796 8165
2206 797 8164
2205 798 8163
2204 799 8162
2203 800 8161
2202 801 8160
2201 802 8159
2200 803 8158
2199 804 8157
2198 805 8156
2197 806 8155
2196 807 8154
2195 808 8153
2194 809 8152
2193 810 8151
2192 811 8150
2191 812 8149
2190 813 8148
2189 814 8147
2188 815 8146
2187 816 8145
2186 817 8144
2185 818 8143
2184 819 8142
2183 820 8141
2182 821 8140
2181 822 8139
2180 823 8138
2179 824 8137
2178 825 8136
2177 826 8135
2176 827 8134
2175 828 8133
2174 829 8132
2173 830 8131
2172 831 8130
2171 832 8129
2170 833 8128
2169 834 8127
2168 835 8126
2167 836 8125
2166 837 8124
2165 838 8123
2164 839 8122
2163 840 8121
2162 841 8120
2161 842 8119
2160 843 8118
2159 844 8117
2158 845 8116
2157 846 8115
2156 847 8114
2155 848 8113
2154 849 8112
2153 850 8111
2152 851 8110
2151 852 8109
2150 853 8108
2149 854 8107
2148 855 8106
2147 856 8105
2146 857 8104
2145 858 8103
2144 859 8102
2143 860 8101
2142 861 8100
2141 862 8099
2140 863 8098
2139 864 8097
2138 865 8096
2137 866 8095
2136 867 8094
2135 868 8093
2134 869 8092
2133 870 8091
2132 871 8090
2131 872 8089
2130 873 8088
2129 874 8087
2128 875 8086
2127 876 8085
2126 877 8084
2125 878 8083
2124 879 8082
2123 880 8081
2122 881 8080
2121 882 8079
2120 883 8078
2119 884 8077
2118 885 8076
2117 886 8075
2116 887 8074
2115 888 8073
2114 889 8072
2113 890 8071
2112 891 8070
2111 892 8069
2110 893 8068
2109 894 8067
2108 895 8066
2107 896 8065
2106 897 8064
2105 898 8063
2104 899 8062
2103 900 8061
2102 901 8060
2101 902 8059
2100 903 8058
2099 904 8057
2098 905 8056
2097 906 8055
2096 907 8054
2095 908 8053
2094 909 8052
2093 910 8051
2092 911 8050
2091 912 8049
2090 913 8048
2089 914 8047
2088 915 8046
2087 916 8045
2086 917 8044
2085 918 8043
2084 919 8042
2083 920 8041
2082 921 8040
2081 922 8039
2080 923 8038
2079 924 8037
2078 925 8036
2077 926 8035
2076 927 8034
2075 928 8033
2074 929 8032
2073 930 8031
2072 931 8030
2071 932 8029
2070 933 8028
2069 934 8027
2068 935 8026
2067 936 8025
2066 937 8024
2065 938 8023
2064 939 8022
2063 940 8021
2062 941 8020
2061 942 8019
2060 943 8018
2059 944 8017
2058 945 8016
2057 946 8015
2056 947 8014
2055 948 8013
2054 949 8012
2053 950 8011
2052 951 8010
2051 952 8009
2050 953 8008
2049 954 8007
2048 955 8006
2047 956 8005
2046 957 8004
2045 958 8003
2044 959 8002
2043 960 8001
2042 961 8000
2041 962 7999
2040 963 7998
2039 964 7997
2038 965 7996
2037 966 7995
2036 967 7994
2035 968 7993
2034 969 7992
2033 970 7991
2032 971 7990
2031 972 7989
2030 973 7988
2029 974 7987
2028 975 7986
2027 976 7985
2026 977 7984
2025 978 7983
2024 979 7982
2023 980 7981
2022 981 7980
2021 982 7979
2020 983 7978
2019 984 7977
2018 985 7976
2017 986 7975
2016 987 7974
2015 988 7973
2014 989 7972
2013 990 7971
2012 991 7970
2011 992 7969
2010 993 7968
2009 994 7967
2008 995 7966
2007 996 7965
2006 997 7964
2005 998 7963
2004 999 7962
2003 1000 7961
2002 1001 7960
2001 1002 7959
2000 1003 7958
1999 1004 7957
1998 1005 7956
1997 1006 7955
1996 1007 7954
1995 1008 7953
1994 1009 7952
1993 1010 7951
1992 1011 7950
1991 1012 7949
1990 1013 7948
1989 1014 7947
1988 1015 7946
1987 1016 7945
1986 1017 7944
1985 1018 7943
1984 1019 7942
1983 1020 7941
1982 1021 7940
1981 1022 7939
1980 1023 7938
1979 1024 7937
1978 1025 7936
1977 1026 7935
1976 1027 7934
1975 1028 7933
1974 1029 7932
1973 1030 7931
1972 1031 7930
1971 1032 7929
1970 1033 7928
1969 1034 7927
1968 1035 7926
1967 1036 7925
1966 1037 7924
1965 1038 7923
1964 1039 7922
1963 1040 7921
1962 1041 7920
1961 1042 7919
1960 1043 7918
1959 1044 7917
1958 1045 7916
1957 1046 7915
1956 1047 7914
1955 1048 7913
1954 1049 7912
1953 1050 7911
1952 1051 7910
1951 1052 7909
1950 1053 7908
1949 1054 7907
1948 1055 7906
1947 1056 7905
1946 1057 7904
1945 1058 7903
1944 1059 7902
1943 1060 7901
1942 1061 7900
1941 1062 7899
1940 1063 7898
1939 1064 7897
1938 1065 7896
1937 1066 7895
1936 1067 7894
1935 1068 7893
1934 1069 7892
1933 1070 7891
1932 1071 7890
1931 1072 7889
1930 1073 7888
1929 1074 7887
1928 1075 7886
1927 1076 7885
1926 1077 7884
1925 1078 7883
1924 1079 7882
1923 1080 7881
1922 1081 7880
1921 1082 7879
1920 1083 7878
1919 1084 7877
1918 1085 7876
1917 1086 7875
1916 1087 7874
1915 1088 7873
1914 1089 7872
1913 1090 7871
1912 1091 7870
1911 1092 7869
1910 1093 7868
1909 1094 7867
1908 1095 7866
1907 1096 7865
1906 1097 7864
1905 1098 7863
1904 1099 7862
1903 1100 7861
1902 1101 7860
1901 1102 7859
1900 1103 7858
1899 1104 7857
1898 1105 7856
1897 1106 7855
1896 1107 7854
1895 1108 7853
1894 1109 7852
1893 1110 7851
1892 1111 7850
1891 1112 7849
1890 1113 7848
1889 1114 7847
1888 1115 7846
1887 1116 7845
1886 1117 7844
1885 1118 7843
1884 1119 7842
1883 1120 7841
1882 1121 7840
1881 1122 7839
1880 1123 7838
1879 1124 7837
1878 1125 7836
1877 1126 7835
1876 1127 7834
1875 1128 7833
1874 1129 7832
1873 1130 7831
1872 1131 7830
1871 1132 7829
1870 1133 7828
1869 1134 7827
1868 1135 7826
1867 1136 7825
1866 1137 7824
1865 1138 7823
1864 1139 7822
1863 1140 7821
1862 1141 7820
1861 1142 7819
1860 1143 7818
1859 1144 7817
1858 1145 7816
1857 1146 7815
1856 1147 7814
1855 1148 7813
1854 1149 7812
1853 1150 7811
1852 1151 7810
1851 1152 7809
1850 1153 7808
1849 1154 7807
1848 1155 7806
1847 1156 7805
1846 1157 7804
1845 1158 7803
1844 1159 7802
1843 1160 7801
1842 1161 7800
1841 1162 7799
1840 1163 7798
1839 1164 7797
1838 1165 7796
1837 1166 7795
1836 1167 7794
1835 1168 7793
1834 1169 7792
1833 1170 7791
1832 1171 7790
1831 1172 7789
1830 1173 7788
1829 1174 7787
1828 1175 7786
1827 1176 7785
1826 1177 7784
1825 1178 7783
1824 1179 7782
1823 1180 7781
1822 1181 7780
1821 1182 7779
1820 1183 7778
1819 1184 7777
1818 1185 7776
1817 1186 7775
1816 1187 7774
1815 1188 7773
1814 1189 7772
1813 1190 7771
1812 1191 7770
1811 1192 7769
1810 1193 7768
1809 1194 7767
1808 1195 7766
1807 1196 7765
1806 1197 7764
1805 1198 7763
1804 1199 7762
1803 1200 7761
1802 1201 7760
1801 1202 7759
1800 1203 7758
1799 1204 7757
1798 1205 7756
1797 1206 7755
1796 1207 7754
1795 1208 7753
1794 1209 7752
1793 1210 7751
1792 1211 7750
1791 1212 7749
1790 1213 7748
1789 1214 7747
1788 1215 7746
1787 1216 7745
1786 1217 7744
1785 1218 7743
1784 1219 7742
1783 1220 7741
1782 1221 7740
1781 1222 7739
1780 1223 7738
1779 1224 7737
1778 1225 7736
1777 1226 7735
1776 1227 7734
1775 1228 7733
1774 1229 7732
1773 1230 7731
1772 1231 7730
1771 1232 7729
1770 1233 7728
1769 1234 7727
1768 1235 7726
1767 1236 7725
1766 1237 7724
1765 1238 7723
1764 1239 7722
1763 1240 7721
1762 1241 7720
1761 1242 7719
1760 1243 7718
1759 1244 7717
1758 1245 7716
1757 1246 7715
1756 1247 7714
1755 1248 7713
1754 1249 7712
1753 1250 7711
1752 1251 7710
1751 1252 7709
1750 1253 7708
1749 1254 7707
1748 1255 7706
1747 1256 7705
1746 1257 7704
1745 1258 7703
1744 1259 7702
1743 1260 7701
1742 1261 7700
1741 1262 7699
1740 1263 7698
1739 1264 7697
1738 1265 7696
1737 1266 7695
1736 1267 7694
1735 1268 7693
1734 1269 7692
1733 1270 7691
1732 1271 7690
1731 1272 7689
1730 1273 7688
1729 1274 7687
1728 1275 7686
1727 1276 7685
1726 1277 7684
1725 1278 7683
1724 1279 7682
1723 1280 7681
1722 1281 7680
1721 1282 7679
1720 1283 7678
1719 1284 7677
1718 1285 7676
1717 1286 7675
1716 1287 7674
1715 1288 7673
1714 1289 7672
1713 1290 7671
1712 1291 7670
1711 1292 7669
1710 1293 7668
1709 1294 7667
1708 1295 7666
1707 1296 7665
1706 1297 7664
1705 1298 7663
1704 1299 7662
1703 1300 7661
1702 1301 7660
1701 1302 7659
1700 1303 7658
1699 1304 7657
1698 1305 7656
1697 1306 7655
1696 1307 7654
1695 1308 7653
1694 1309 7652
1693 1310 7651
1692 1311 7650
1691 1312 7649
1690 1313 7648
1689 1314 7647
1688 1315 7646
1687 1316 7645
1686 1317 7644
1685 1318 7643
1684 1319 7642
1683 1320 7641
1682 1321 7640
1681 1322 7639
1680 1323 7638
1679 1324 7637
1678 1325 7636
1677 1326 7635
1676 1327 7634
1675 1328 7633
1674 1329 7632
1673 1330 7631
1672 1331 7630
1671 1332 7629
1670 1333 7628
1669 1334 7627
1668 1335 7626
1667 1336 7625
1666 1337 7624
1665 1338 7623
1664 1339 7622
1663 1340 7621
1662 1341 7620
1661 1342 7619
1660 1343 7618
1659 1344 7617
1658 1345 7616
1657 1346 7615
1656 1347 7614
1655 1348 7613
1654 1349 7612
1653 1350 7611
1652 1351 7610
1651 1352 7609
1650 1353 7608
1649 1354 7607
1648 1355 7606
1647 1356 7605
1646 1357 7604
1645 1358 7603
1644 1359 7602
1643 1360 7601
1642 1361 7600
1641 1362 7599
1640 1363 7598
1639 1364 7597
1638 1365 7596
1637 1366 7595
1636 1367 7594
1635 1368 7593
1634 1369 7592
1633 1370 7591
1632 1371 7590
1631 1372 7589
1630 1373 7588
1629 1374 7587
1628 1375 7586
1627 1376 7585
1626 1377 7584
1625 1378 7583
1624 1379 7582
1623 1380 7581
1622 1381 7580
1621 1382 7579
1620 1383 7578
1619 1384 7577
1618 1385 7576
1617 1386 7575
1616 1387 7574
1615 1388 7573
1614 1389 7572
1613 1390 7571
1612 1391 7570
1611 1392 7569
1610 1393 7568
1609 1394 7567
1608 1395 7566
1607 1396 7565
1606 1397 7564
1605 1398 7563
1604 1399 7562
1603 1400 7561
1602 1401 7560
1601 1402 7559
1600 1403 7558
1599 1404 7557
1598 1405 7556
1597 1406 7555
1596 1407 7554
1595 1408 7553
1594 1409 7552
1593 1410 7551
1592 1411 7550
1591 1412 7549
1590 1413 7548
1589 1414 7547
1588 1415 7546
1587 1416 7545
1586 1417 7544
1585 1418 7543
1584 1419 7542
1583 1420 7541
1582 1421 7540
1581 1422 7539
1580 1423 7538
1579 1424 7537
1578 1425 7536
1577 1426 7535
1576 1427 7534
1575 1428 7533
1574 1429 7532
1573 1430 7531
1572 1431 7530
1571 1432 7529
1570 1433 7528
1569 1434 7527
1568 1435 7526
1567 1436 7525
1566 1437 7524
1565 1438 7523
1564 1439 7522
1563 1440 7521
1562 1441 7520
1561 1442 7519
1560 1443 7518
1559 1444 7517
1558 1445 7516
1557 1446 7515
1556 1447 7514
1555 1448 7513
1554 1449 7512
1553 1450 7511
1552 1451 7510
1551 1452 7509
1550 1453 7508
1549 1454 7507
1548 1455 7506
1547 1456 7505
1546 1457 7504
1545 1458 7503
1544 1459 7502
1543 1460 7501
1542 1461 7500
1541 1462 7499
1540 1463 7498
1539 1464 7497
1538 1465 7496
1537 1466 7495
1536 1467 7494
1535 1468 7493
1534 1469 7492
1533 1470 7491
1532 1471 7490
1531 1472 7489
1530 1473 7488
1529 1474 7487
1528 1475 7486
1527 1476 7485
1526 1477 7484
1525 1478 7483
1524 1479 7482
1523 1480 7481
1522 1481 7480
1521 1482 7479
1520 1483 7478
1519 1484 7477
1518 1485 7476
1517 1486 7475
1516 1487 7474
1515 1488 7473
1514 1489 7472
1513 1490 7471
1512 1491 7470
1511 1492 7469
1510 1493 7468
1509 1494 7467
1508 1495 7466
1507 1496 7465
1506 1497 7464
1505 1498 7463
1504 1499 7462
1503 1500 7461
1502 1501 7460
1501 1502 7459
1500 1503 7458
1499 1504 7457
1498 1505 7456
1497 1506 7455
1496 1507 7454
1495 1508 7453
1494 1509 7452
1493 1510 7451
1492 1511 7450
1491 1512 7449
1490 1513 7448
1489 1514 7447
1488 1515 7446
1487 1516 7445
1486 1517 7444
1485 1518 7443
1484 1519 7442
1483 1520 7441
1482 1521 7440
1481 1522 7439
1480 1523 7438
1479 1524 7437
1478 1525 7436
1477 1526 7435
1476 1527 7434
1475 1528 7433
1474 1529 7432
1473 1530 7431
1472 1531 7430
1471 1532 7429
1470 1533 7428
1469 1534 7427
1468 1535 7426
1467 1536 7425
1466 1537 7424
1465 1538 7423
1464 1539 7422
1463 1540 7421
1462 1541 7420
1461 1542 7419
1460 1543 7418
1459 1544 7417
1458 1545 7416
1457 1546 7415
1456 1547 7414
1455 1548 7413
1454 1549 7412
1453 1550 7411
1452 1551 7410
1451 1552 7409
1450 1553 7408
1449 1554 7407
1448 1555 7406
1447 1556 7405
1446 1557 7404
1445 1558 7403
1444 1559 7402
1443 1560 7401
1442 1561 7400
1441 1562 7399
1440 1563 7398
1439 1564 7397
1438 1565 7396
1437 1566 7395
1436 1567 7394
1435 1568 7393
1434 1569 7392
1433 1570 7391
1432 1571 7390
1431 1572 7389
1430 1573 7388
1429 1574 7387
1428 1575 7386
1427 1576 7385
1426 1577 7384
1425 1578 7383
1424 1579 7382
1423 1580 7381
1422 1581 7380
1421 1582 7379
1420 1583 7378
1419 1584 7377
1418 1585 7376
1417 1586 7375
1416 1587 7374
1415 1588 7373
1414 1589 7372
1413 1590 7371
1412 1591 7370
1411 1592 7369
1410 1593 7368
1409 1594 7367
1408 1595 7366
1407 1596 7365
1406 1597 7364
1405 1598 7363
1404 1599 7362
1403 1600 7361
1402 1601 7360
1401 1602 7359
1400 1603 7358
1399 1604 7357
1398 1605 7356
1397 1606 7355
1396 1607 7354
1395 1608 7353
1394 1609 7352
1393 1610 7351
1392 1611 7350
1391 1612 7349
1390 1613 7348
1389 1614 7347
1388 1615 7346
1387 1616 7345
1386 1617 7344
1385 1618 7343
1384 1619 7342
1383 1620 7341
1382 1621 7340
1381 1622 7339
1380 1623 7338
1379 1624 7337
1378 1625 7336
1377 1626 7335
1376 1627 7334
1375 1628 7333
1374 1629 7332
1373 1630 7331
1372 1631 7330
1371 1632 7329
1370 1633 7328
1369 1634 7327
1368 1635 7326
1367 1636 7325
1366 1637 7324
1365 1638 7323
1364 1639 7322
1363 1640 7321
1362 1641 7320
1361 1642 7319
1360 1643 7318
1359 1644 7317
1358 1645 7316
1357 1646 7315
1356 1647 7314
1355 1648 7313
1354 1649 7312
1353 1650 7311
1352 1651 7310
1351 1652 7309
1350 1653 7308
1349 1654 7307
1348 1655 7306
1347 1656 7305
1346 1657 7304
1345 1658 7303
1344 1659 7302
1343 1660 7301
1342 1661 7300
1341 1662 7299
1340 1663 7298
1339 1664 7297
1338 1665 7296
1337 1666 7295
1336 1667 7294
1335 1668 7293
1334 1669 7292
1333 1670 7291
1332 1671 7290
1331 1672 7289
1330 1673 7288
1329 1674 7287
1328 1675 7286
1327 1676 7285
1326 1677 7284
1325 1678 7283
1324 1679 7282
1323 1680 7281
1322 1681 7280
1321 1682 7279
1320 1683 7278
1319 1684 7277
1318 1685 7276
1317 1686 7275
1316 1687 7274
1315 1688 7273
1314 1689 7272
1313 1690 7271
1312 1691 7270
1311 1692 7269
1310 1693 7268
1309 1694 7267
1308 1695 7266
1307 1696 7265
1306 1697 7264
1305 1698 7263
1304 1699 7262
1303 1700 7261
1302 1701 7260
1301 1702 7259
1300 1703 7258
1299 1704 7257
1298 1705 7256
1297 1706 7255
1296 1707 7254
1295 1708 7253
1294 1709 7252
1293 1710 7251
1292 1711 7250
1291 1712 7249
1290 1713 7248
1289 1714 7247
1288 1715 7246
1287 1716 7245
1286 1717 7244
1285 1718 7243
1284 1719 7242
1283 1720 7241
1282 1721 7240
1281 1722 7239
1280 1723 7238
1279 1724 7237
1278 1725 7236
1277 1726 7235
1276 1727 7234
1275 1728 7233
1274 1729 7232
1273 1730 7231
1272 1731 7230
1271 1732 7229
1270 1733 7228
1269 1734 7227
1268 1735 7226
1267 1736 7225
1266 1737 7224
1265 1738 7223
1264 1739 7222
1263 1740 7221
1262 1741 7220
1261 1742 7219
1260 1743 7218
1259 1744 7217
1258 1745 7216
1257 1746 7215
1256 1747 7214
1255 1748 7213
1254 1749 7212
1253 1750 7211
1252 1751 7210
1251 1752 7209
1250 1753 7208
1249 1754 7207
1248 1755 7206
1247 1756 7205
1246 1757 7204
1245 1758 7203
1244 1759 7202
1243 1760 7201
1242 1761 7200
1241 1762 7199
1240 1763 7198
1239 1764 7197
1238 1765 7196
1237 1766 7195
1236 1767 7194
1235 1768 7193
1234 1769 7192
1233 1770 7191
1232 1771 7190
1231 1772 7189
1230 1773 7188
1229 1774 7187
1228 1775 7186
1227 1776 7185
1226 1777 7184
1225 1778 7183
1224 1779 7182
1223 1780 7181
1222 1781 7180
1221 1782 7179
1220 1783 7178
1219 1784 7177
1218 1785 7176
1217 1786 7175
1216 1787 7174
1215 1788 7173
1214 1789 7172
1213 1790 7171
1212 1791 7170
1211 1792 7169
1210 1793 7168
1209 1794 7167
1208 1795 7166
1207 1796 7165
1206 1797 7164
1205 1798 7163
1204 1799 7162
1203 1800 7161
1202 1801 7160
1201 1802 7159
1200 1803 7158
1199 1804 7157
1198 1805 7156
1197 1806 7155
1196 1807 7154
1195 1808 7153
1194 1809 7152
1193 1810 7151
1192 1811 7150
1191 1812 7149
1190 1813 7148
1189 1814 7147
1188 1815 7146
1187 1816 7145
1186 1817 7144
1185 1818 7143
1184 1819 7142
1183 1820 7141
1182 1821 7140
1181 1822 7139
1180 1823 7138
1179 1824 7137
1178 1825 7136
1177 1826 7135
1176 1827 7134
1175 1828 7133
1174 1829 7132
1173 1830 7131
1172 1831 7130
1171 1832 7129
1170 1833 7128
1169 1834 7127
1168 1835 7126
1167 1836 7125
1166 1837 7124
1165 1838 7123
1164 1839 7122
1163 1840 7121
1162 1841 7120
1161 1842 7119
1160 1843 7118
1159 1844 7117
1158 1845 7116
1157 1846 7115
1156 1847 7114
1155 1848 7113
1154 1849 7112
1153 1850 7111
1152 1851 7110
1151 1852 7109
1150 1853 7108
1149 1854 7107
1148 1855 7106
1147 1856 7105
1146 1857 7104
1145 1858 7103
1144 1859 7102
1143 1860 7101
1142 1861 7100
1141 1862 7099
1140 1863 7098
1139 1864 7097
1138 1865 7096
1137 1866 7095
1136 1867 7094
1135 1868 7093
1134 1869 7092
1133 1870 7091
1132 1871 7090
1131 1872 7089
1130 1873 7088
1129 1874 7087
1128 1875 7086
1127 1876 7085
1126 1877 7084
1125 1878 7083
1124 1879 7082
1123 1880 7081
1122 1881 7080
1121 1882 7079
1120 1883 7078
1119 1884 7077
1118 1885 7076
1117 1886 7075
1116 1887 7074
1115 1888 7073
1114 1889 7072
1113 1890 7071
1112 1891 7070
1111 1892 7069
1110 1893 7068
1109 1894 7067
1108 1895 7066
1107 1896 7065
1106 1897 7064
1105 1898 7063
1104 1899 7062
1103 1900 7061
1102 1901 7060
1101 1902 7059
1100 1903 7058
1099 1904 7057
1098 1905 7056
1097 1906 7055
1096 1907 7054
1095 1908 7053
1094 1909 7052
1093 1910 7051
1092 1911 7050
1091 1912 7049
1090 1913 7048
1089 1914 7047
1088 1915 7046
1087 1916 7045
1086 1917 7044
1085 1918 7043
1084 1919 7042
1083 1920 7041
1082 1921 7040
1081 1922 7039
1080 1923 7038
1079 1924 7037
1078 1925 7036
1077 1926 7035
1076 1927 7034
1075 1928 7033
1074 1929 7032
1073 1930 7031
1072 1931 7030
1071 1932 7029
1070 1933 7028
1069 1934 7027
1068 1935 7026
1067 1936 7025
1066 1937 7024
1065 1938 7023
1064 1939 7022
1063 1940 7021
1062 1941 7020
1061 1942 7019
1060 1943 7018
1059 1944 7017
1058 1945 7016
1057 1946 7015
1056 1947 7014
1055 1948 7013
1054 1949 7012
1053 1950 7011
1052 1951 7010
1051 1952 7009
1050 1953 7008
1049 1954 7007
1048 1955 7006
1047 1956 7005
1046 1957 7004
1045 1958 7003
1044 1959 7002
1043 1960 7001
1042 1961 7000
1041 1962 6999
1040 1963 6998
1039 1964 6997
1038 1965 6996
1037 1966 6995
1036 1967 6994
1035 1968 6993
1034 1969 6992
1033 1970 6991
1032 1971 6990
1031 1972 6989
1030 1973 6988
1029 1974 6987
1028 1975 6986
1027 1976 6985
1026 1977 6984
1025 1978 6983
1024 1979 6982
1023 1980 6981
1022 1981 6980
1021 1982 6979
1020 1983 6978
1019 1984 6977
1018 1985 6976
1017 1986 6975
1016 1987 6974
1015 1988 6973
1014 1989 6972
1013 1990 6971
1012 1991 6970
1011 1992 6969
1010 1993 6968
1009 1994 6967
1008 1995 6966
1007 1996 6965
1006 1997 6964
1005 1998 6963
1004 1999 6962
1003 2000 6961
1002 2001 6960
1001 2002 6959
1000 2003 6958
999 2004 6957
998 2005 6956
997 2006 6955
996 2007 6954
995 2008 6953
994 2009 6952
993 2010 6951
992 2011 6950
991 2012 6949
990 2013 6948
989 2014 6947
988 2015 6946
987 2016 6945
986 2017 6944
985 2018 6943
984 2019 6942
983 2020 6941
982 2021 6940
981 2022 6939
980 2023 6938
979 2024 6937
978 2025 6936
977 2026 6935
976 2027 6934
975 2028 6933
974 2029 6932
973 2030 6931
972 2031 6930
971 2032 6929
970 2033 6928
969 2034 6927
968 2035 6926
967 2036 6925
966 2037 6924
965 2038 6923
964 2039 6922
963 2040 6921
962 2041 6920
961 2042 6919
960 2043 6918
959 2044 6917
958 2045 6916
957 2046 6915
956 2047 6914
955 2048 6913
954 2049 6912
953 2050 6911
952 2051 6910
951 2052 6909
950 2053 6908
949 2054 6907
948 2055 6906
947 2056 6905
946 2057 6904
945 2058 6903
944 2059 6902
943 2060 6901
942 2061 6900
941 2062 6899
940 2063 6898
939 2064 6897
938 2065 6896
937 2066 6895
936 2067 6894
935 2068 6893
934 2069 6892
933 2070 6891
932 2071 6890
931 2072 6889
930 2073 6888
929 2074 6887
928 2075 6886
927 2076 6885
926 2077 6884
925 2078 6883
924 2079 6882
923 2080 6881
922 2081 6880
921 2082 6879
920 2083 6878
919 2084 6877
918 2085 6876
917 2086 6875
916 2087 6874
915 2088 6873
914 2089 6872
913 2090 6871
912 2091 6870
911 2092 6869
910 2093 6868
909 2094 6867
908 2095 6866
907 2096 6865
906 2097 6864
905 2098 6863
904 2099 6862
903 2100 6861
902 2101 6860
901 2102 6859
900 2103 6858
899 2104 6857
898 2105 6856
897 2106 6855
896 2107 6854
895 2108 6853
894 2109 6852
893 2110 6851
892 2111 6850
891 2112 6849
890 2113 6848
889 2114 6847
888 2115 6846
887 2116 6845
886 2117 6844
885 2118 6843
884 2119 6842
883 2120 6841
882 2121 6840
881 2122 6839
880 2123 6838
879 2124 6837
878 2125 6836
877 2126 6835
876 2127 6834
875 2128 6833
874 2129 6832
873 2130 6831
872 2131 6830
871 2132 6829
870 2133 6828
869 2134 6827
868 2135 6826
867 2136 6825
866 2137 6824
865 2138 6823
864 2139 6822
863 2140 6821
862 2141 6820
861 2142 6819
860 2143 6818
859 2144 6817
858 2145 6816
857 2146 6815
856 2147 6814
855 2148 6813
854 2149 6812
853 2150 6811
852 2151 6810
851 2152 6809
850 2153 6808
849 2154 6807
848 2155 6806
847 2156 6805
846 2157 6804
845 2158 6803
844 2159 6802
843 2160 6801
842 2161 6800
841 2162 6799
840 2163 6798
839 2164 6797
838 2165 6796
837 2166 6795
836 2167 6794
835 2168 6793
834 2169 6792
833 2170 6791
832 2171 6790
831 2172 6789
830 2173 6788
829 2174 6787
828 2175 6786
827 2176 6785
826 2177 6784
825 2178 6783
824 2179 6782
823 2180 6781
822 2181 6780
821 2182 6779
820 2183 6778
819 2184 6777
818 2185 6776
817 2186 6775
816 2187 6774
815 2188 6773
814 2189 6772
813 2190 6771
812 2191 6770
811 2192 6769
810 2193 6768
809 2194 6767
808 2195 6766
807 2196 6765
806 2197 6764
805 2198 6763
804 2199 6762
803 2200 6761
802 2201 6760
801 2202 6759
800 2203 6758
799 2204 6757
798 2205 6756
797 2206 6755
796 2207 6754
795 2208 6753
794 2209 6752
793 2210 6751
792 2211 6750
791 2212 6749
790 2213 6748
789 2214 6747
788 2215 6746
787 2216 6745
786 2217 6744
785 2218 6743
784 2219 6742
783 2220 6741
782 2221 6740
781 2222 6739
780 2223 6738
779 2224 6737
778 2225 6736
777 2226 6735
776 2227 6734
775 2228 6733
774 2229 6732
773 2230 6731
772 2231 6730
771 2232 6729
770 2233 6728
769 2234 6727
768 2235 6726
767 2236 6725
766 2237 6724
765 2238 6723
764 2239 6722
763 2240 6721
762 2241 6720
761 2242 6719
760 2243 6718
759 2244 6717
758 2245 6716
757 2246 6715
756 2247 6714
755 2248 6713
754 2249 6712
753 2250 6711
752 2251 6710
751 2252 6709
750 2253 6708
749 2254 6707
748 2255 6706
747 2256 6705
746 2257 6704
745 2258 6703
744 2259 6702
743 2260 6701
742 2261 6700
741 2262 6699
740 2263 6698
739 2264 6697
738 2265 6696
737 2266 6695
736 2267 6694
735 2268 6693
734 2269 6692
733 2270 6691
732 2271 6690
731 2272 6689
730 2273 6688
729 2274 6687
728 2275 6686
727 2276 6685
726 2277 6684
725 2278 6683
724 2279 6682
723 2280 6681
722 2281 6680
721 2282 6679
720 2283 6678
719 2284 6677
718 2285 6676
717 2286 6675
716 2287 6674
715 2288 6673
714 2289 6672
713 2290 6671
712 2291 6670
711 2292 6669
710 2293 6668
709 2294 6667
708 2295 6666
707 2296 6665
706 2297 6664
705 2298 6663
704 2299 6662
703 2300 6661
702 2301 6660
701 2302 6659
700 2303 6658
699 2304 6657
698 2305 6656
697 2306 6655
696 2307 6654
695 2308 6653
694 2309 6652
693 2310 6651
692 2311 6650
691 2312 6649
690 2313 6648
689 2314 6647
688 2315 6646
687 2316 6645
686 2317 6644
685 2318 6643
684 2319 6642
683 2320 6641
682 2321 6640
681 2322 6639
680 2323 6638
679 2324 6637
678 2325 6636
677 2326 6635
676 2327 6634
675 2328 6633
674 2329 6632
673 2330 6631
672 2331 6630
671 2332 6629
670 2333 6628
669 2334 6627
668 2335 6626
667 2336 6625
666 2337 6624
665 2338 6623
664 2339 6622
663 2340 6621
662 2341 6620
661 2342 6619
660 2343 6618
659 2344 6617
658 2345 6616
657 2346 6615
656 2347 6614
655 2348 6613
654 2349 6612
653 2350 6611
652 2351 6610
651 2352 6609
650 2353 6608
649 2354 6607
648 2355 6606
647 2356 6605
646 2357 6604
645 2358 6603
644 2359 6602
643 2360 6601
642 2361 6600
641 2362 6599
640 2363 6598
639 2364 6597
638 2365 6596
637 2366 6595
636 2367 6594
635 2368 6593
634 2369 6592
633 2370 6591
632 2371 6590
631 2372 6589
630 2373 6588
629 2374 6587
628 2375 6586
627 2376 6585
626 2377 6584
625 2378 6583
624 2379 6582
623 2380 6581
622 2381 6580
621 2382 6579
620 2383 6578
619 2384 6577
618 2385 6576
617 2386 6575
616 2387 6574
615 2388 6573
614 2389 6572
613 2390 6571
612 2391 6570
611 2392 6569
610 2393 6568
609 2394 6567
608 2395 6566
607 2396 6565
606 2397 6564
605 2398 6563
604 2399 6562
603 2400 6561
602 2401 6560
601 2402 6559
600 2403 6558
599 2404 6557
598 2405 6556
597 2406 6555
596 2407 6554
595 2408 6553
594 2409 6552
593 2410 6551
592 2411 6550
591 2412 6549
590 2413 6548
589 2414 6547
588 2415 6546
587 2416 6545
586 2417 6544
585 2418 6543
584 2419 6542
583 2420 6541
582 2421 6540
581 2422 6539
580 2423 6538
579 2424 6537
578 2425 6536
577 2426 6535
576 2427 6534
575 2428 6533
574 2429 6532
573 2430 6531
572 2431 6530
571 2432 6529
570 2433 6528
569 2434 6527
568 2435 6526
567 2436 6525
566 2437 6524
565 2438 6523
564 2439 6522
563 2440 6521
562 2441 6520
561 2442 6519
560 2443 6518
559 2444 6517
558 2445 6516
557 2446 6515
556 2447 6514
555 2448 6513
554 2449 6512
553 2450 6511
552 2451 6510
551 2452 6509
550 2453 6508
549 2454 6507
548 2455 6506
547 2456 6505
546 2457 6504
545 2458 6503
544 2459 6502
543 2460 6501
542 2461 6500
541 2462 6499
540 2463 6498
539 2464 6497
538 2465 6496
537 2466 6495
536 2467 6494
535 2468 6493
534 2469 6492
533 2470 6491
532 2471 6490
531 2472 6489
530 2473 6488
529 2474 6487
528 2475 6486
527 2476 6485
526 2477 6484
525 2478 6483
524 2479 6482
523 2480 6481
522 2481 6480
521 2482 6479
520 2483 6478
519 2484 6477
518 2485 6476
517 2486 6475
516 2487 6474
515 2488 6473
514 2489 6472
513 2490 6471
512 2491 6470
511 2492 6469
510 2493 6468
509 2494 6467
508 2495 6466
507 2496 6465
506 2497 6464
505 2498 6463
504 2499 6462
503 2500 6461
502 2501 6460
501 2502 6459
500 2503 6458
499 2504 6457
498 2505 6456
497 2506 6455
496 2507 6454
495 2508 6453
494 2509 6452
493 2510 6451
492 2511 6450
491 2512 6449
490 2513 6448
489 2514 6447
488 2515 6446
487 2516 6445
486 2517 6444
485 2518 6443
484 2519 6442
483 2520 6441
482 2521 6440
481 2522 6439
480 2523 6438
479 2524 6437
478 2525 6436
477 2526 6435
476 2527 6434
475 2528 6433
474 2529 6432
473 2530 6431
472 2531 6430
471 2532 6429
470 2533 6428
469 2534 6427
468 2535 6426
467 2536 6425
466 2537 6424
465 2538 6423
464 2539 6422
463 2540 6421
462 2541 6420
461 2542 6419
460 2543 6418
459 2544 6417
458 2545 6416
457 2546 6415
456 2547 6414
455 2548 6413
454 2549 6412
453 2550 6411
452 2551 6410
451 2552 6409
450 2553 6408
449 2554 6407
448 2555 6406
447 2556 6405
446 2557 6404
445 2558 6403
444 2559 6402
443 2560 6401
442 2561 6400
441 2562 6399
440 2563 6398
439 2564 6397
438 2565 6396
437 2566 6395
436 2567 6394
435 2568 6393
434 2569 6392
433 2570 6391
432 2571 6390
431 2572 6389
430 2573 6388
429 2574 6387
428 2575 6386
427 2576 6385
426 2577 6384
425 2578 6383
424 2579 6382
423 2580 6381
422 2581 6380
421 2582 6379
420 2583 6378
419 2584 6377
418 2585 6376
417 2586 6375
416 2587 6374
415 2588 6373
414 2589 6372
413 2590 6371
412 2591 6370
411 2592 6369
410 2593 6368
409 2594 6367
408 2595 6366
407 2596 6365
406 2597 6364
405 2598 6363
404 2599 6362
403 2600 6361
402 2601 6360
401 2602 6359
400 2603 6358
399 2604 6357
398 2605 6356
397 2606 6355
396 2607 6354
395 2608 6353
394 2609 6352
393 2610 6351
392 2611 6350
391 2612 6349
390 2613 6348
389 2614 6347
388 2615 6346
387 2616 6345
386 2617 6344
385 2618 6343
384 2619 6342
383 2620 6341
382 2621 6340
381 2622 6339
380 2623 6338
379 2624 6337
378 2625 6336
377 2626 6335
376 2627 6334
375 2628 6333
374 2629 6332
373 2630 6331
372 2631 6330
371 2632 6329
370 2633 6328
369 2634 6327
368 2635 6326
367 2636 6325
366 2637 6324
365 2638 6323
364 2639 6322
363 2640 6321
362 2641 6320
361 2642 6319
360 2643 6318
359 2644 6317
358 2645 6316
357 2646 6315
356 2647 6314
355 2648 6313
354 2649 6312
353 2650 6311
352 2651 6310
351 2652 6309
350 2653 6308
349 2654 6307
348 2655 6306
347 2656 6305
346 2657 6304
345 2658 6303
344 2659 6302
343 2660 6301
342 2661 6300
341 2662 6299
340 2663 6298
339 2664 6297
338 2665 6296
337 2666 6295
336 2667 6294
335 2668 6293
334 2669 6292
333 2670 6291
332 2671 6290
331 2672 6289
330 2673 6288
329 2674 6287
328 2675 6286
327 2676 6285
326 2677 6284
325 2678 6283
324 2679 6282
323 2680 6281
322 2681 6280
321 2682 6279
320 2683 6278
319 2684 6277
318 2685 6276
317 2686 6275
316 2687 6274
315 2688 6273
314 2689 6272
313 2690 6271
312 2691 6270
311 2692 6269
310 2693 6268
309 2694 6267
308 2695 6266
307 2696 6265
306 2697 6264
305 2698 6263
304 2699 6262
303 2700 6261
302 2701 6260
301 2702 6259
300 2703 6258
299 2704 6257
298 2705 6256
297 2706 6255
296 2707 6254
295 2708 6253
294 2709 6252
293 2710 6251
292 2711 6250
291 2712 6249
290 2713 6248
289 2714 6247
288 2715 6246
287 2716 6245
286 2717 6244
285 2718 6243
284 2719 6242
283 2720 6241
282 2721 6240
281 2722 6239
280 2723 6238
279 2724 6237
278 2725 6236
277 2726 6235
276 2727 6234
275 2728 6233
274 2729 6232
273 2730 6231
272 2731 6230
271 2732 6229
270 2733 6228
269 2734 6227
268 2735 6226
267 2736 6225
266 2737 6224
265 2738 6223
264 2739 6222
263 2740 6221
262 2741 6220
261 2742 6219
260 2743 6218
259 2744 6217
258 2745 6216
257 2746 6215
256 2747 6214
255 2748 6213
254 2749 6212
253 2750 6211
252 2751 6210
251 2752 6209
250 2753 6208
249 2754 6207
248 2755 6206
247 2756 6205
246 2757 6204
245 2758 6203
244 2759 6202
243 2760 6201
242 2761 6200
241 2762 6199
240 2763 6198
239 2764 6197
238 2765 6196
237 2766 6195
236 2767 6194
235 2768 6193
234 2769 6192
233 2770 6191
232 2771 6190
231 2772 6189
230 2773 6188
229 2774 6187
228 2775 6186
227 2776 6185
226 2777 6184
225 2778 6183
224 2779 6182
223 2780 6181
222 2781 6180
221 2782 6179
220 2783 6178
219 2784 6177
218 2785 6176
217 2786 6175
216 2787 6174
215 2788 6173
214 2789 6172
213 2790 6171
212 2791 6170
211 2792 6169
210 2793 6168
209 2794 6167
208 2795 6166
207 2796 6165
206 2797 6164
205 2798 6163
204 2799 6162
203 2800 6161
202 2801 6160
201 2802 6159
200 2803 6158
199 2804 6157
198 2805 6156
197 2806 6155
196 2807 6154
195 2808 6153
194 2809 6152
193 2810 6151
192 2811 6150
191 2812 6149
190 2813 6148
189 2814 6147
188 2815 6146
187 2816 6145
186 2817 6144
185 2818 6143
184 2819 6142
183 2820 6141
182 2821 6140
181 2822 6139
180 2823 6138
179 2824 6137
178 2825 6136
177 2826 6135
176 2827 6134
175 2828 6133
174 2829 6132
173 2830 6131
172 2831 6130
171 2832 6129
170 2833 6128
169 2834 6127
168 2835 6126
167 2836 6125
166 2837 6124
165 2838 6123
164 2839 6122
163 2840 6121
162 2841 6120
161 2842 6119
160 2843 6118
159 2844 6117
158 2845 6116
157 2846 6115
156 2847 6114
155 2848 6113
154 2849 6112
153 2850 6111
152 2851 6110
151 2852 6109
150 2853 6108
149 2854 6107
148 2855 6106
147 2856 6105
146 2857 6104
145 2858 6103
144 2859 6102
143 2860 6101
142 2861 6100
141 2862 6099
140 2863 6098
139 2864 6097
138 2865 6096
137 2866 6095
136 2867 6094
135 2868 6093
134 2869 6092
133 2870 6091
132 2871 6090
131 2872 6089
130 2873 6088
129 2874 6087
128 2875 6086
127 2876 6085
126 2877 6084
125 2878 6083
124 2879 6082
123 2880 6081
122 2881 6080
121 2882 6079
120 2883 6078
119 2884 6077
118 2885 6076
117 2886 6075
116 2887 6074
115 2888 6073
114 2889 6072
113 2890 6071
112 2891 6070
111 2892 6069
110 2893 6068
109 2894 6067
108 2895 6066
107 2896 6065
106 2897 6064
105 2898 6063
104 2899 6062
103 2900 6061
102 2901 6060
101 2902 6059
100 2903 6058
99 2904 6057
98 2905 6056
97 2906 6055
96 2907 6054
95 2908 6053
94 2909 6052
93 2910 6051
92 2911 6050
91 2912 6049
90 2913 6048
89 2914 6047
88 2915 6046
87 2916 6045
86 2917 6044
85 2918 6043
84 2919 6042
83 2920 6041
82 2921 6040
81 2922 6039
80 2923 6038
79 2924 6037
78 2925 6036
77 2926 6035
76 2927 6034
75 2928 6033
74 2929 6032
73 2930 6031
72 2931 6030
71 2932 6029
70 2933 6028
69 2934 6027
68 2935 6026
67 2936 6025
66 2937 6024
65 2938 6023
64 2939 6022
63 2940 6021
62 2941 6020
61 2942 6019
60 2943 6018
59 2944 6017
58 2945 6016
57 2946 6015
56 2947 6014
55 2948 6013
54 2949 6012
53 2950 6011
52 2951 6010
51 2952 6009
50 2953 6008
49 2954 6007
48 2955 6006
47 2956 6005
46 2957 6004
45 2958 6003
44 2959 6002
43 2960 6001
