1033
3000 3 7033
2999 4 7032
2998 5 7031
2997 6 7030
2996 7 7029
2995 8 7028
2994 9 7027
2993 10 7026
2992 11 7025
2991 12 7024
2990 13 7023
2989 14 7022
2988 15 7021
2987 16 7020
2986 17 7019
2985 18 7018
2984 19 7017
2983 20 7016
2982 21 7015
2981 22 7014
2980 23 7013
2979 24 7012
2978 25 7011
2977 26 7010
2976 27 7009
2975 28 7008
2974 29 7007
2973 30 7006
2972 31 7005
2971 32 7004
2970 33 7003
2969 34 7002
2968 35 7001
2967 36 7000
2966 37 6999
2965 38 6998
2964 39 6997
2963 40 6996
2962 41 6995
2961 42 6994
2960 43 6993
2959 44 6992
2958 45 6991
2957 46 6990
2956 47 6989
2955 48 6988
2954 49 6987
2953 50 6986
2952 51 6985
2951 52 6984
2950 53 6983
2949 54 6982
2948 55 6981
2947 56 6980
2946 57 6979
2945 58 6978
2944 59 6977
2943 60 6976
2942 61 6975
2941 62 6974
2940 63 6973
2939 64 6972
2938 65 6971
2937 66 6970
2936 67 6969
2935 68 6968
2934 69 6967
2933 70 6966
2932 71 6965
2931 72 6964
2930 73 6963
2929 74 6962
2928 75 6961
2927 76 6960
2926 77 6959
2925 78 6958
2924 79 6957
2923 80 6956
2922 81 6955
2921 82 6954
2920 83 6953
2919 84 6952
2918 85 6951
2917 86 6950
2916 87 6949
2915 88 6948
2914 89 6947
2913 90 6946
2912 91 6945
2911 92 6944
2910 93 6943
2909 94 6942
2908 95 6941
2907 96 6940
2906 97 6939
2905 98 6938
2904 99 6937
2903 100 6936
2902 101 6935
2901 102 6934
2900 103 6933
2899 104 6932
2898 105 6931
2897 106 6930
2896 107 6929
2895 108 6928
2894 109 6927
2893 110 6926
2892 111 6925
2891 112 6924
2890 113 6923
2889 114 6922
2888 115 6921
2887 116 6920
2886 117 6919
2885 118 6918
2884 119 6917
2883 120 6916
2882 121 6915
2881 122 6914
2880 123 6913
2879 124 6912
2878 125 6911
2877 126 6910
2876 127 6909
2875 128 6908
2874 129 6907
2873 130 6906
2872 131 6905
2871 132 6904
2870 133 6903
2869 134 6902
2868 135 6901
2867 136 6900
2866 137 6899
2865 138 6898
2864 139 6897
2863 140 6896
2862 141 6895
2861 142 6894
2860 143 6893
2859 144 6892
2858 145 6891
2857 146 6890
2856 147 6889
2855 148 6888
2854 149 6887
2853 150 6886
2852 151 6885
2851 152 6884
2850 153 6883
2849 154 6882
2848 155 6881
2847 156 6880
2846 157 6879
2845 158 6878
2844 159 6877
2843 160 6876
2842 161 6875
2841 162 6874
2840 163 6873
2839 164 6872
2838 165 6871
2837 166 6870
2836 167 6869
2835 168 6868
2834 169 6867
2833 170 6866
2832 171 6865
2831 172 6864
2830 173 6863
2829 174 6862
2828 175 6861
2827 176 6860
2826 177 6859
2825 178 6858
2824 179 6857
2823 180 6856
2822 181 6855
2821 182 6854
2820 183 6853
2819 184 6852
2818 185 6851
2817 186 6850
2816 187 6849
2815 188 6848
2814 189 6847
2813 190 6846
2812 191 6845
2811 192 6844
2810 193 6843
2809 194 6842
2808 195 6841
2807 196 6840
2806 197 6839
2805 198 6838
2804 199 6837
2803 200 6836
2802 201 6835
2801 202 6834
2800 203 6833
2799 204 6832
2798 205 6831
2797 206 6830
2796 207 6829
2795 208 6828
2794 209 6827
2793 210 6826
2792 211 6825
2791 212 6824
2790 213 6823
2789 214 6822
2788 215 6821
2787 216 6820
2786 217 6819
2785 218 6818
2784 219 6817
2783 220 6816
2782 221 6815
2781 222 6814
2780 223 6813
2779 224 6812
2778 225 6811
2777 226 6810
2776 227 6809
2775 228 6808
2774 229 6807
2773 230 6806
2772 231 6805
2771 232 6804
2770 233 6803
2769 234 6802
2768 235 6801
2767 236 6800
2766 237 6799
2765 238 6798
2764 239 6797
2763 240 6796
2762 241 6795
2761 242 6794
2760 243 6793
2759 244 6792
2758 245 6791
2757 246 6790
2756 247 6789
2755 248 6788
2754 249 6787
2753 250 6786
2752 251 6785
2751 252 6784
2750 253 6783
2749 254 6782
2748 255 6781
2747 256 6780
2746 257 6779
2745 258 6778
2744 259 6777
2743 260 6776
2742 261 6775
2741 262 6774
2740 263 6773
2739 264 6772
2738 265 6771
2737 266 6770
2736 267 6769
2735 268 6768
2734 269 6767
2733 270 6766
2732 271 6765
2731 272 6764
2730 273 6763
2729 274 6762
2728 275 6761
2727 276 6760
2726 277 6759
2725 278 6758
2724 279 6757
2723 280 6756
2722 281 6755
2721 282 6754
2720 283 6753
2719 284 6752
2718 285 6751
2717 286 6750
2716 287 6749
2715 288 6748
2714 289 6747
2713 290 6746
2712 291 6745
2711 292 6744
2710 293 6743
2709 294 6742
2708 295 6741
2707 296 6740
2706 297 6739
2705 298 6738
2704 299 6737
2703 300 6736
2702 301 6735
2701 302 6734
2700 303 6733
2699 304 6732
2698 305 6731
2697 306 6730
2696 307 6729
2695 308 6728
2694 309 6727
2693 310 6726
2692 311 6725
2691 312 6724
2690 313 6723
2689 314 6722
2688 315 6721
2687 316 6720
2686 317 6719
2685 318 6718
2684 319 6717
2683 320 6716
2682 321 6715
2681 322 6714
2680 323 6713
2679 324 6712
2678 325 6711
2677 326 6710
2676 327 6709
2675 328 6708
2674 329 6707
2673 330 6706
2672 331 6705
2671 332 6704
2670 333 6703
2669 334 6702
2668 335 6701
2667 336 6700
2666 337 6699
2665 338 6698
2664 339 6697
2663 340 6696
2662 341 6695
2661 342 6694
2660 343 6693
2659 344 6692
2658 345 6691
2657 346 6690
2656 347 6689
2655 348 6688
2654 349 6687
2653 350 6686
2652 351 6685
2651 352 6684
2650 353 6683
2649 354 6682
2648 355 6681
2647 356 6680
2646 357 6679
2645 358 6678
2644 359 6677
2643 360 6676
2642 361 6675
2641 362 6674
2640 363 6673
2639 364 6672
2638 365 6671
2637 366 6670
2636 367 6669
2635 368 6668
2634 369 6667
2633 370 6666
2632 371 6665
2631 372 6664
2630 373 6663
2629 374 6662
2628 375 6661
2627 376 6660
2626 377 6659
2625 378 6658
2624 379 6657
2623 380 6656
2622 381 6655
2621 382 6654
2620 383 6653
2619 384 6652
2618 385 6651
2617 386 6650
2616 387 6649
2615 388 6648
2614 389 6647
2613 390 6646
2612 391 6645
2611 392 6644
2610 393 6643
2609 394 6642
2608 395 6641
2607 396 6640
2606 397 6639
2605 398 6638
2604 399 6637
2603 400 6636
2602 401 6635
2601 402 6634
2600 403 6633
2599 404 6632
2598 405 6631
2597 406 6630
2596 407 6629
2595 408 6628
2594 409 6627
2593 410 6626
2592 411 6625
2591 412 6624
2590 413 6623
2589 414 6622
2588 415 6621
2587 416 6620
2586 417 6619
2585 418 6618
2584 419 6617
2583 420 6616
2582 421 6615
2581 422 6614
2580 423 6613
2579 424 6612
2578 425 6611
2577 426 6610
2576 427 6609
2575 428 6608
2574 429 6607
2573 430 6606
2572 431 6605
2571 432 6604
2570 433 6603
2569 434 6602
2568 435 6601
2567 436 6600
2566 437 6599
2565 438 6598
2564 439 6597
2563 440 6596
2562 441 6595
2561 442 6594
2560 443 6593
2559 444 6592
2558 445 6591
2557 446 6590
2556 447 6589
2555 448 6588
2554 449 6587
2553 450 6586
2552 451 6585
2551 452 6584
2550 453 6583
2549 454 6582
2548 455 6581
2547 456 6580
2546 457 6579
2545 458 6578
2544 459 6577
2543 460 6576
2542 461 6575
2541 462 6574
2540 463 6573
2539 464 6572
2538 465 6571
2537 466 6570
2536 467 6569
2535 468 6568
2534 469 6567
2533 470 6566
2532 471 6565
2531 472 6564
2530 473 6563
2529 474 6562
2528 475 6561
2527 476 6560
2526 477 6559
2525 478 6558
2524 479 6557
2523 480 6556
2522 481 6555
2521 482 6554
2520 483 6553
2519 484 6552
2518 485 6551
2517 486 6550
2516 487 6549
2515 488 6548
2514 489 6547
2513 490 6546
2512 491 6545
2511 492 6544
2510 493 6543
2509 494 6542
2508 495 6541
2507 496 6540
2506 497 6539
2505 498 6538
2504 499 6537
2503 500 6536
2502 501 6535
2501 502 6534
2500 503 6533
2499 504 6532
2498 505 6531
2497 506 6530
2496 507 6529
2495 508 6528
2494 509 6527
2493 510 6526
2492 511 6525
2491 512 6524
2490 513 6523
2489 514 6522
2488 515 6521
2487 516 6520
2486 517 6519
2485 518 6518
2484 519 6517
2483 520 6516
2482 521 6515
2481 522 6514
2480 523 6513
2479 524 6512
2478 525 6511
2477 526 6510
2476 527 6509
2475 528 6508
2474 529 6507
2473 530 6506
2472 531 6505
2471 532 6504
2470 533 6503
2469 534 6502
2468 535 6501
2467 536 6500
2466 537 6499
2465 538 6498
2464 539 6497
2463 540 6496
2462 541 6495
2461 542 6494
2460 543 6493
2459 544 6492
2458 545 6491
2457 546 6490
2456 547 6489
2455 548 6488
2454 549 6487
2453 550 6486
2452 551 6485
2451 552 6484
2450 553 6483
2449 554 6482
2448 555 6481
2447 556 6480
2446 557 6479
2445 558 6478
2444 559 6477
2443 560 6476
2442 561 6475
2441 562 6474
2440 563 6473
2439 564 6472
2438 565 6471
2437 566 6470
2436 567 6469
2435 568 6468
2434 569 6467
2433 570 6466
2432 571 6465
2431 572 6464
2430 573 6463
2429 574 6462
2428 575 6461
2427 576 6460
2426 577 6459
2425 578 6458
2424 579 6457
2423 580 6456
2422 581 6455
2421 582 6454
2420 583 6453
2419 584 6452
2418 585 6451
2417 586 6450
2416 587 6449
2415 588 6448
2414 589 6447
2413 590 6446
2412 591 6445
2411 592 6444
2410 593 6443
2409 594 6442
2408 595 6441
2407 596 6440
2406 597 6439
2405 598 6438
2404 599 6437
2403 600 6436
2402 601 6435
2401 602 6434
2400 603 6433
2399 604 6432
2398 605 6431
2397 606 6430
2396 607 6429
2395 608 6428
2394 609 6427
2393 610 6426
2392 611 6425
2391 612 6424
2390 613 6423
2389 614 6422
2388 615 6421
2387 616 6420
2386 617 6419
2385 618 6418
2384 619 6417
2383 620 6416
2382 621 6415
2381 622 6414
2380 623 6413
2379 624 6412
2378 625 6411
2377 626 6410
2376 627 6409
2375 628 6408
2374 629 6407
2373 630 6406
2372 631 6405
2371 632 6404
2370 633 6403
2369 634 6402
2368 635 6401
2367 636 6400
2366 637 6399
2365 638 6398
2364 639 6397
2363 640 6396
2362 641 6395
2361 642 6394
2360 643 6393
2359 644 6392
2358 645 6391
2357 646 6390
2356 647 6389
2355 648 6388
2354 649 6387
2353 650 6386
2352 651 6385
2351 652 6384
2350 653 6383
2349 654 6382
2348 655 6381
2347 656 6380
2346 657 6379
2345 658 6378
2344 659 6377
2343 660 6376
2342 661 6375
2341 662 6374
2340 663 6373
2339 664 6372
2338 665 6371
2337 666 6370
2336 667 6369
2335 668 6368
2334 669 6367
2333 670 6366
2332 671 6365
2331 672 6364
2330 673 6363
2329 674 6362
2328 675 6361
2327 676 6360
2326 677 6359
2325 678 6358
2324 679 6357
2323 680 6356
2322 681 6355
2321 682 6354
2320 683 6353
2319 684 6352
2318 685 6351
2317 686 6350
2316 687 6349
2315 688 6348
2314 689 6347
2313 690 6346
2312 691 6345
2311 692 6344
2310 693 6343
2309 694 6342
2308 695 6341
2307 696 6340
2306 697 6339
2305 698 6338
2304 699 6337
2303 700 6336
2302 701 6335
2301 702 6334
2300 703 6333
2299 704 6332
2298 705 6331
2297 706 6330
2296 707 6329
2295 708 6328
2294 709 6327
2293 710 6326
2292 711 6325
2291 712 6324
2290 713 6323
2289 714 6322
2288 715 6321
2287 716 6320
2286 717 6319
2285 718 6318
2284 719 6317
2283 720 6316
2282 721 6315
2281 722 6314
2280 723 6313
2279 724 6312
2278 725 6311
2277 726 6310
2276 727 6309
2275 728 6308
2274 729 6307
2273 730 6306
2272 731 6305
2271 732 6304
2270 733 6303
2269 734 6302
2268 735 6301
2267 736 6300
2266 737 6299
2265 738 6298
2264 739 6297
2263 740 6296
2262 741 6295
2261 742 6294
2260 743 6293
2259 744 6292
2258 745 6291
2257 746 6290
2256 747 6289
2255 748 6288
2254 749 6287
2253 750 6286
2252 751 6285
2251 752 6284
2250 753 6283
2249 754 6282
2248 755 6281
2247 756 6280
2246 757 6279
2245 758 6278
2244 759 6277
2243 760 6276
2242 761 6275
2241 762 6274
2240 763 6273
2239 764 6272
2238 765 6271
2237 766 6270
2236 767 6269
2235 768 6268
2234 769 6267
2233 770 6266
2232 771 6265
2231 772 6264
2230 773 6263
2229 774 6262
2228 775 6261
2227 776 6260
2226 777 6259
2225 778 6258
2224 779 6257
2223 780 6256
2222 781 6255
2221 782 6254
2220 783 6253
2219 784 6252
2218 785 6251
2217 786 6250
2216 787 6249
2215 788 6248
2214 789 6247
2213 790 6246
2212 791 6245
2211 792 6244
2210 793 6243
2209 794 6242
2208 795 6241
2207 796 6240
2206 797 6239
2205 798 6238
2204 799 6237
2203 800 6236
2202 801 6235
2201 802 6234
2200 803 6233
2199 804 6232
2198 805 6231
2197 806 6230
2196 807 6229
2195 808 6228
2194 809 6227
2193 810 6226
2192 811 6225
2191 812 6224
2190 813 6223
2189 814 6222
2188 815 6221
2187 816 6220
2186 817 6219
2185 818 6218
2184 819 6217
2183 820 6216
2182 821 6215
2181 822 6214
2180 823 6213
2179 824 6212
2178 825 6211
2177 826 6210
2176 827 6209
2175 828 6208
2174 829 6207
2173 830 6206
2172 831 6205
2171 832 6204
2170 833 6203
2169 834 6202
2168 835 6201
2167 836 6200
2166 837 6199
2165 838 6198
2164 839 6197
2163 840 6196
2162 841 6195
2161 842 6194
2160 843 6193
2159 844 6192
2158 845 6191
2157 846 6190
2156 847 6189
2155 848 6188
2154 849 6187
2153 850 6186
2152 851 6185
2151 852 6184
2150 853 6183
2149 854 6182
2148 855 6181
2147 856 6180
2146 857 6179
2145 858 6178
2144 859 6177
2143 860 6176
2142 861 6175
2141 862 6174
2140 863 6173
2139 864 6172
2138 865 6171
2137 866 6170
2136 867 6169
2135 868 6168
2134 869 6167
2133 870 6166
2132 871 6165
2131 872 6164
2130 873 6163
2129 874 6162
2128 875 6161
2127 876 6160
2126 877 6159
2125 878 6158
2124 879 6157
2123 880 6156
2122 881 6155
2121 882 6154
2120 883 6153
2119 884 6152
2118 885 6151
2117 886 6150
2116 887 6149
2115 888 6148
2114 889 6147
2113 890 6146
2112 891 6145
2111 892 6144
2110 893 6143
2109 894 6142
2108 895 6141
2107 896 6140
2106 897 6139
2105 898 6138
2104 899 6137
2103 900 6136
2102 901 6135
2101 902 6134
2100 903 6133
2099 904 6132
2098 905 6131
2097 906 6130
2096 907 6129
2095 908 6128
2094 909 6127
2093 910 6126
2092 911 6125
2091 912 6124
2090 913 6123
2089 914 6122
2088 915 6121
2087 916 6120
2086 917 6119
2085 918 6118
2084 919 6117
2083 920 6116
2082 921 6115
2081 922 6114
2080 923 6113
2079 924 6112
2078 925 6111
2077 926 6110
2076 927 6109
2075 928 6108
2074 929 6107
2073 930 6106
2072 931 6105
2071 932 6104
2070 933 6103
2069 934 6102
2068 935 6101
2067 936 6100
2066 937 6099
2065 938 6098
2064 939 6097
2063 940 6096
2062 941 6095
2061 942 6094
2060 943 6093
2059 944 6092
2058 945 6091
2057 946 6090
2056 947 6089
2055 948 6088
2054 949 6087
2053 950 6086
2052 951 6085
2051 952 6084
2050 953 6083
2049 954 6082
2048 955 6081
2047 956 6080
2046 957 6079
2045 958 6078
2044 959 6077
2043 960 6076
2042 961 6075
2041 962 6074
2040 963 6073
2039 964 6072
2038 965 6071
2037 966 6070
2036 967 6069
2035 968 6068
2034 969 6067
2033 970 6066
2032 971 6065
2031 972 6064
2030 973 6063
2029 974 6062
2028 975 6061
2027 976 6060
2026 977 6059
2025 978 6058
2024 979 6057
2023 980 6056
2022 981 6055
2021 982 6054
2020 983 6053
2019 984 6052
2018 985 6051
2017 986 6050
2016 987 6049
2015 988 6048
2014 989 6047
2013 990 6046
2012 991 6045
2011 992 6044
2010 993 6043
2009 994 6042
2008 995 6041
2007 996 6040
2006 997 6039
2005 998 6038
2004 999 6037
2003 1000 6036
2002 1001 6035
2001 1002 6034
2000 1003 6033
1999 1004 6032
1998 1005 6031
1997 1006 6030
1996 1007 6029
1995 1008 6028
1994 1009 6027
1993 1010 6026
1992 1011 6025
1991 1012 6024
1990 1013 6023
1989 1014 6022
1988 1015 6021
1987 1016 6020
1986 1017 6019
1985 1018 6018
1984 1019 6017
1983 1020 6016
1982 1021 6015
1981 1022 6014
1980 1023 6013
1979 1024 6012
1978 1025 6011
1977 1026 6010
1976 1027 6009
1975 1028 6008
1974 1029 6007
1973 1030 6006
1972 1031 6005
1971 1032 6004
1970 1033 6003
1969 1034 6002
1968 1035 6001
