983
3000 3 6983
2999 4 6982
2998 5 6981
2997 6 6980
2996 7 6979
2995 8 6978
2994 9 6977
2993 10 6976
2992 11 6975
2991 12 6974
2990 13 6973
2989 14 6972
2988 15 6971
2987 16 6970
2986 17 6969
2985 18 6968
2984 19 6967
2983 20 6966
2982 21 6965
2981 22 6964
2980 23 6963
2979 24 6962
2978 25 6961
2977 26 6960
2976 27 6959
2975 28 6958
2974 29 6957
2973 30 6956
2972 31 6955
2971 32 6954
2970 33 6953
2969 34 6952
2968 35 6951
2967 36 6950
2966 37 6949
2965 38 6948
2964 39 6947
2963 40 6946
2962 41 6945
2961 42 6944
2960 43 6943
2959 44 6942
2958 45 6941
2957 46 6940
2956 47 6939
2955 48 6938
2954 49 6937
2953 50 6936
2952 51 6935
2951 52 6934
2950 53 6933
2949 54 6932
2948 55 6931
2947 56 6930
2946 57 6929
2945 58 6928
2944 59 6927
2943 60 6926
2942 61 6925
2941 62 6924
2940 63 6923
2939 64 6922
2938 65 6921
2937 66 6920
2936 67 6919
2935 68 6918
2934 69 6917
2933 70 6916
2932 71 6915
2931 72 6914
2930 73 6913
2929 74 6912
2928 75 6911
2927 76 6910
2926 77 6909
2925 78 6908
2924 79 6907
2923 80 6906
2922 81 6905
2921 82 6904
2920 83 6903
2919 84 6902
2918 85 6901
2917 86 6900
2916 87 6899
2915 88 6898
2914 89 6897
2913 90 6896
2912 91 6895
2911 92 6894
2910 93 6893
2909 94 6892
2908 95 6891
2907 96 6890
2906 97 6889
2905 98 6888
2904 99 6887
2903 100 6886
2902 101 6885
2901 102 6884
2900 103 6883
2899 104 6882
2898 105 6881
2897 106 6880
2896 107 6879
2895 108 6878
2894 109 6877
2893 110 6876
2892 111 6875
2891 112 6874
2890 113 6873
2889 114 6872
2888 115 6871
2887 116 6870
2886 117 6869
2885 118 6868
2884 119 6867
2883 120 6866
2882 121 6865
2881 122 6864
2880 123 6863
2879 124 6862
2878 125 6861
2877 126 6860
2876 127 6859
2875 128 6858
2874 129 6857
2873 130 6856
2872 131 6855
2871 132 6854
2870 133 6853
2869 134 6852
2868 135 6851
2867 136 6850
2866 137 6849
2865 138 6848
2864 139 6847
2863 140 6846
2862 141 6845
2861 142 6844
2860 143 6843
2859 144 6842
2858 145 6841
2857 146 6840
2856 147 6839
2855 148 6838
2854 149 6837
2853 150 6836
2852 151 6835
2851 152 6834
2850 153 6833
2849 154 6832
2848 155 6831
2847 156 6830
2846 157 6829
2845 158 6828
2844 159 6827
2843 160 6826
2842 161 6825
2841 162 6824
2840 163 6823
2839 164 6822
2838 165 6821
2837 166 6820
2836 167 6819
2835 168 6818
2834 169 6817
2833 170 6816
2832 171 6815
2831 172 6814
2830 173 6813
2829 174 6812
2828 175 6811
2827 176 6810
2826 177 6809
2825 178 6808
2824 179 6807
2823 180 6806
2822 181 6805
2821 182 6804
2820 183 6803
2819 184 6802
2818 185 6801
2817 186 6800
2816 187 6799
2815 188 6798
2814 189 6797
2813 190 6796
2812 191 6795
2811 192 6794
2810 193 6793
2809 194 6792
2808 195 6791
2807 196 6790
2806 197 6789
2805 198 6788
2804 199 6787
2803 200 6786
2802 201 6785
2801 202 6784
2800 203 6783
2799 204 6782
2798 205 6781
2797 206 6780
2796 207 6779
2795 208 6778
2794 209 6777
2793 210 6776
2792 211 6775
2791 212 6774
2790 213 6773
2789 214 6772
2788 215 6771
2787 216 6770
2786 217 6769
2785 218 6768
2784 219 6767
2783 220 6766
2782 221 6765
2781 222 6764
2780 223 6763
2779 224 6762
2778 225 6761
2777 226 6760
2776 227 6759
2775 228 6758
2774 229 6757
2773 230 6756
2772 231 6755
2771 232 6754
2770 233 6753
2769 234 6752
2768 235 6751
2767 236 6750
2766 237 6749
2765 238 6748
2764 239 6747
2763 240 6746
2762 241 6745
2761 242 6744
2760 243 6743
2759 244 6742
2758 245 6741
2757 246 6740
2756 247 6739
2755 248 6738
2754 249 6737
2753 250 6736
2752 251 6735
2751 252 6734
2750 253 6733
2749 254 6732
2748 255 6731
2747 256 6730
2746 257 6729
2745 258 6728
2744 259 6727
2743 260 6726
2742 261 6725
2741 262 6724
2740 263 6723
2739 264 6722
2738 265 6721
2737 266 6720
2736 267 6719
2735 268 6718
2734 269 6717
2733 270 6716
2732 271 6715
2731 272 6714
2730 273 6713
2729 274 6712
2728 275 6711
2727 276 6710
2726 277 6709
2725 278 6708
2724 279 6707
2723 280 6706
2722 281 6705
2721 282 6704
2720 283 6703
2719 284 6702
2718 285 6701
2717 286 6700
2716 287 6699
2715 288 6698
2714 289 6697
2713 290 6696
2712 291 6695
2711 292 6694
2710 293 6693
2709 294 6692
2708 295 6691
2707 296 6690
2706 297 6689
2705 298 6688
2704 299 6687
2703 300 6686
2702 301 6685
2701 302 6684
2700 303 6683
2699 304 6682
2698 305 6681
2697 306 6680
2696 307 6679
2695 308 6678
2694 309 6677
2693 310 6676
2692 311 6675
2691 312 6674
2690 313 6673
2689 314 6672
2688 315 6671
2687 316 6670
2686 317 6669
2685 318 6668
2684 319 6667
2683 320 6666
2682 321 6665
2681 322 6664
2680 323 6663
2679 324 6662
2678 325 6661
2677 326 6660
2676 327 6659
2675 328 6658
2674 329 6657
2673 330 6656
2672 331 6655
2671 332 6654
2670 333 6653
2669 334 6652
2668 335 6651
2667 336 6650
2666 337 6649
2665 338 6648
2664 339 6647
2663 340 6646
2662 341 6645
2661 342 6644
2660 343 6643
2659 344 6642
2658 345 6641
2657 346 6640
2656 347 6639
2655 348 6638
2654 349 6637
2653 350 6636
2652 351 6635
2651 352 6634
2650 353 6633
2649 354 6632
2648 355 6631
2647 356 6630
2646 357 6629
2645 358 6628
2644 359 6627
2643 360 6626
2642 361 6625
2641 362 6624
2640 363 6623
2639 364 6622
2638 365 6621
2637 366 6620
2636 367 6619
2635 368 6618
2634 369 6617
2633 370 6616
2632 371 6615
2631 372 6614
2630 373 6613
2629 374 6612
2628 375 6611
2627 376 6610
2626 377 6609
2625 378 6608
2624 379 6607
2623 380 6606
2622 381 6605
2621 382 6604
2620 383 6603
2619 384 6602
2618 385 6601
2617 386 6600
2616 387 6599
2615 388 6598
2614 389 6597
2613 390 6596
2612 391 6595
2611 392 6594
2610 393 6593
2609 394 6592
2608 395 6591
2607 396 6590
2606 397 6589
2605 398 6588
2604 399 6587
2603 400 6586
2602 401 6585
2601 402 6584
2600 403 6583
2599 404 6582
2598 405 6581
2597 406 6580
2596 407 6579
2595 408 6578
2594 409 6577
2593 410 6576
2592 411 6575
2591 412 6574
2590 413 6573
2589 414 6572
2588 415 6571
2587 416 6570
2586 417 6569
2585 418 6568
2584 419 6567
2583 420 6566
2582 421 6565
2581 422 6564
2580 423 6563
2579 424 6562
2578 425 6561
2577 426 6560
2576 427 6559
2575 428 6558
2574 429 6557
2573 430 6556
2572 431 6555
2571 432 6554
2570 433 6553
2569 434 6552
2568 435 6551
2567 436 6550
2566 437 6549
2565 438 6548
2564 439 6547
2563 440 6546
2562 441 6545
2561 442 6544
2560 443 6543
2559 444 6542
2558 445 6541
2557 446 6540
2556 447 6539
2555 448 6538
2554 449 6537
2553 450 6536
2552 451 6535
2551 452 6534
2550 453 6533
2549 454 6532
2548 455 6531
2547 456 6530
2546 457 6529
2545 458 6528
2544 459 6527
2543 460 6526
2542 461 6525
2541 462 6524
2540 463 6523
2539 464 6522
2538 465 6521
2537 466 6520
2536 467 6519
2535 468 6518
2534 469 6517
2533 470 6516
2532 471 6515
2531 472 6514
2530 473 6513
2529 474 6512
2528 475 6511
2527 476 6510
2526 477 6509
2525 478 6508
2524 479 6507
2523 480 6506
2522 481 6505
2521 482 6504
2520 483 6503
2519 484 6502
2518 485 6501
2517 486 6500
2516 487 6499
2515 488 6498
2514 489 6497
2513 490 6496
2512 491 6495
2511 492 6494
2510 493 6493
2509 494 6492
2508 495 6491
2507 496 6490
2506 497 6489
2505 498 6488
2504 499 6487
2503 500 6486
2502 501 6485
2501 502 6484
2500 503 6483
2499 504 6482
2498 505 6481
2497 506 6480
2496 507 6479
2495 508 6478
2494 509 6477
2493 510 6476
2492 511 6475
2491 512 6474
2490 513 6473
2489 514 6472
2488 515 6471
2487 516 6470
2486 517 6469
2485 518 6468
2484 519 6467
2483 520 6466
2482 521 6465
2481 522 6464
2480 523 6463
2479 524 6462
2478 525 6461
2477 526 6460
2476 527 6459
2475 528 6458
2474 529 6457
2473 530 6456
2472 531 6455
2471 532 6454
2470 533 6453
2469 534 6452
2468 535 6451
2467 536 6450
2466 537 6449
2465 538 6448
2464 539 6447
2463 540 6446
2462 541 6445
2461 542 6444
2460 543 6443
2459 544 6442
2458 545 6441
2457 546 6440
2456 547 6439
2455 548 6438
2454 549 6437
2453 550 6436
2452 551 6435
2451 552 6434
2450 553 6433
2449 554 6432
2448 555 6431
2447 556 6430
2446 557 6429
2445 558 6428
2444 559 6427
2443 560 6426
2442 561 6425
2441 562 6424
2440 563 6423
2439 564 6422
2438 565 6421
2437 566 6420
2436 567 6419
2435 568 6418
2434 569 6417
2433 570 6416
2432 571 6415
2431 572 6414
2430 573 6413
2429 574 6412
2428 575 6411
2427 576 6410
2426 577 6409
2425 578 6408
2424 579 6407
2423 580 6406
2422 581 6405
2421 582 6404
2420 583 6403
2419 584 6402
2418 585 6401
2417 586 6400
2416 587 6399
2415 588 6398
2414 589 6397
2413 590 6396
2412 591 6395
2411 592 6394
2410 593 6393
2409 594 6392
2408 595 6391
2407 596 6390
2406 597 6389
2405 598 6388
2404 599 6387
2403 600 6386
2402 601 6385
2401 602 6384
2400 603 6383
2399 604 6382
2398 605 6381
2397 606 6380
2396 607 6379
2395 608 6378
2394 609 6377
2393 610 6376
2392 611 6375
2391 612 6374
2390 613 6373
2389 614 6372
2388 615 6371
2387 616 6370
2386 617 6369
2385 618 6368
2384 619 6367
2383 620 6366
2382 621 6365
2381 622 6364
2380 623 6363
2379 624 6362
2378 625 6361
2377 626 6360
2376 627 6359
2375 628 6358
2374 629 6357
2373 630 6356
2372 631 6355
2371 632 6354
2370 633 6353
2369 634 6352
2368 635 6351
2367 636 6350
2366 637 6349
2365 638 6348
2364 639 6347
2363 640 6346
2362 641 6345
2361 642 6344
2360 643 6343
2359 644 6342
2358 645 6341
2357 646 6340
2356 647 6339
2355 648 6338
2354 649 6337
2353 650 6336
2352 651 6335
2351 652 6334
2350 653 6333
2349 654 6332
2348 655 6331
2347 656 6330
2346 657 6329
2345 658 6328
2344 659 6327
2343 660 6326
2342 661 6325
2341 662 6324
2340 663 6323
2339 664 6322
2338 665 6321
2337 666 6320
2336 667 6319
2335 668 6318
2334 669 6317
2333 670 6316
2332 671 6315
2331 672 6314
2330 673 6313
2329 674 6312
2328 675 6311
2327 676 6310
2326 677 6309
2325 678 6308
2324 679 6307
2323 680 6306
2322 681 6305
2321 682 6304
2320 683 6303
2319 684 6302
2318 685 6301
2317 686 6300
2316 687 6299
2315 688 6298
2314 689 6297
2313 690 6296
2312 691 6295
2311 692 6294
2310 693 6293
2309 694 6292
2308 695 6291
2307 696 6290
2306 697 6289
2305 698 6288
2304 699 6287
2303 700 6286
2302 701 6285
2301 702 6284
2300 703 6283
2299 704 6282
2298 705 6281
2297 706 6280
2296 707 6279
2295 708 6278
2294 709 6277
2293 710 6276
2292 711 6275
2291 712 6274
2290 713 6273
2289 714 6272
2288 715 6271
2287 716 6270
2286 717 6269
2285 718 6268
2284 719 6267
2283 720 6266
2282 721 6265
2281 722 6264
2280 723 6263
2279 724 6262
2278 725 6261
2277 726 6260
2276 727 6259
2275 728 6258
2274 729 6257
2273 730 6256
2272 731 6255
2271 732 6254
2270 733 6253
2269 734 6252
2268 735 6251
2267 736 6250
2266 737 6249
2265 738 6248
2264 739 6247
2263 740 6246
2262 741 6245
2261 742 6244
2260 743 6243
2259 744 6242
2258 745 6241
2257 746 6240
2256 747 6239
2255 748 6238
2254 749 6237
2253 750 6236
2252 751 6235
2251 752 6234
2250 753 6233
2249 754 6232
2248 755 6231
2247 756 6230
2246 757 6229
2245 758 6228
2244 759 6227
2243 760 6226
2242 761 6225
2241 762 6224
2240 763 6223
2239 764 6222
2238 765 6221
2237 766 6220
2236 767 6219
2235 768 6218
2234 769 6217
2233 770 6216
2232 771 6215
2231 772 6214
2230 773 6213
2229 774 6212
2228 775 6211
2227 776 6210
2226 777 6209
2225 778 6208
2224 779 6207
2223 780 6206
2222 781 6205
2221 782 6204
2220 783 6203
2219 784 6202
2218 785 6201
2217 786 6200
2216 787 6199
2215 788 6198
2214 789 6197
2213 790 6196
2212 791 6195
2211 792 6194
2210 793 6193
2209 794 6192
2208 795 6191
2207 796 6190
2206 797 6189
2205 798 6188
2204 799 6187
2203 800 6186
2202 801 6185
2201 802 6184
2200 803 6183
2199 804 6182
2198 805 6181
2197 806 6180
2196 807 6179
2195 808 6178
2194 809 6177
2193 810 6176
2192 811 6175
2191 812 6174
2190 813 6173
2189 814 6172
2188 815 6171
2187 816 6170
2186 817 6169
2185 818 6168
2184 819 6167
2183 820 6166
2182 821 6165
2181 822 6164
2180 823 6163
2179 824 6162
2178 825 6161
2177 826 6160
2176 827 6159
2175 828 6158
2174 829 6157
2173 830 6156
2172 831 6155
2171 832 6154
2170 833 6153
2169 834 6152
2168 835 6151
2167 836 6150
2166 837 6149
2165 838 6148
2164 839 6147
2163 840 6146
2162 841 6145
2161 842 6144
2160 843 6143
2159 844 6142
2158 845 6141
2157 846 6140
2156 847 6139
2155 848 6138
2154 849 6137
2153 850 6136
2152 851 6135
2151 852 6134
2150 853 6133
2149 854 6132
2148 855 6131
2147 856 6130
2146 857 6129
2145 858 6128
2144 859 6127
2143 860 6126
2142 861 6125
2141 862 6124
2140 863 6123
2139 864 6122
2138 865 6121
2137 866 6120
2136 867 6119
2135 868 6118
2134 869 6117
2133 870 6116
2132 871 6115
2131 872 6114
2130 873 6113
2129 874 6112
2128 875 6111
2127 876 6110
2126 877 6109
2125 878 6108
2124 879 6107
2123 880 6106
2122 881 6105
2121 882 6104
2120 883 6103
2119 884 6102
2118 885 6101
2117 886 6100
2116 887 6099
2115 888 6098
2114 889 6097
2113 890 6096
2112 891 6095
2111 892 6094
2110 893 6093
2109 894 6092
2108 895 6091
2107 896 6090
2106 897 6089
2105 898 6088
2104 899 6087
2103 900 6086
2102 901 6085
2101 902 6084
2100 903 6083
2099 904 6082
2098 905 6081
2097 906 6080
2096 907 6079
2095 908 6078
2094 909 6077
2093 910 6076
2092 911 6075
2091 912 6074
2090 913 6073
2089 914 6072
2088 915 6071
2087 916 6070
2086 917 6069
2085 918 6068
2084 919 6067
2083 920 6066
2082 921 6065
2081 922 6064
2080 923 6063
2079 924 6062
2078 925 6061
2077 926 6060
2076 927 6059
2075 928 6058
2074 929 6057
2073 930 6056
2072 931 6055
2071 932 6054
2070 933 6053
2069 934 6052
2068 935 6051
2067 936 6050
2066 937 6049
2065 938 6048
2064 939 6047
2063 940 6046
2062 941 6045
2061 942 6044
2060 943 6043
2059 944 6042
2058 945 6041
2057 946 6040
2056 947 6039
2055 948 6038
2054 949 6037
2053 950 6036
2052 951 6035
2051 952 6034
2050 953 6033
2049 954 6032
2048 955 6031
2047 956 6030
2046 957 6029
2045 958 6028
2044 959 6027
2043 960 6026
2042 961 6025
2041 962 6024
2040 963 6023
2039 964 6022
2038 965 6021
2037 966 6020
2036 967 6019
2035 968 6018
2034 969 6017
2033 970 6016
2032 971 6015
2031 972 6014
2030 973 6013
2029 974 6012
2028 975 6011
2027 976 6010
2026 977 6009
2025 978 6008
2024 979 6007
2023 980 6006
2022 981 6005
2021 982 6004
2020 983 6003
2019 984 6002
2018 985 6001
