1264
3000 3 7264
2999 4 7263
2998 5 7262
2997 6 7261
2996 7 7260
2995 8 7259
2994 9 7258
2993 10 7257
2992 11 7256
2991 12 7255
2990 13 7254
2989 14 7253
2988 15 7252
2987 16 7251
2986 17 7250
2985 18 7249
2984 19 7248
2983 20 7247
2982 21 7246
2981 22 7245
2980 23 7244
2979 24 7243
2978 25 7242
2977 26 7241
2976 27 7240
2975 28 7239
2974 29 7238
2973 30 7237
2972 31 7236
2971 32 7235
2970 33 7234
2969 34 7233
2968 35 7232
2967 36 7231
2966 37 7230
2965 38 7229
2964 39 7228
2963 40 7227
2962 41 7226
2961 42 7225
2960 43 7224
2959 44 7223
2958 45 7222
2957 46 7221
2956 47 7220
2955 48 7219
2954 49 7218
2953 50 7217
2952 51 7216
2951 52 7215
2950 53 7214
2949 54 7213
2948 55 7212
2947 56 7211
2946 57 7210
2945 58 7209
2944 59 7208
2943 60 7207
2942 61 7206
2941 62 7205
2940 63 7204
2939 64 7203
2938 65 7202
2937 66 7201
2936 67 7200
2935 68 7199
2934 69 7198
2933 70 7197
2932 71 7196
2931 72 7195
2930 73 7194
2929 74 7193
2928 75 7192
2927 76 7191
2926 77 7190
2925 78 7189
2924 79 7188
2923 80 7187
2922 81 7186
2921 82 7185
2920 83 7184
2919 84 7183
2918 85 7182
2917 86 7181
2916 87 7180
2915 88 7179
2914 89 7178
2913 90 7177
2912 91 7176
2911 92 7175
2910 93 7174
2909 94 7173
2908 95 7172
2907 96 7171
2906 97 7170
2905 98 7169
2904 99 7168
2903 100 7167
2902 101 7166
2901 102 7165
2900 103 7164
2899 104 7163
2898 105 7162
2897 106 7161
2896 107 7160
2895 108 7159
2894 109 7158
2893 110 7157
2892 111 7156
2891 112 7155
2890 113 7154
2889 114 7153
2888 115 7152
2887 116 7151
2886 117 7150
2885 118 7149
2884 119 7148
2883 120 7147
2882 121 7146
2881 122 7145
2880 123 7144
2879 124 7143
2878 125 7142
2877 126 7141
2876 127 7140
2875 128 7139
2874 129 7138
2873 130 7137
2872 131 7136
2871 132 7135
2870 133 7134
2869 134 7133
2868 135 7132
2867 136 7131
2866 137 7130
2865 138 7129
2864 139 7128
2863 140 7127
2862 141 7126
2861 142 7125
2860 143 7124
2859 144 7123
2858 145 7122
2857 146 7121
2856 147 7120
2855 148 7119
2854 149 7118
2853 150 7117
2852 151 7116
2851 152 7115
2850 153 7114
2849 154 7113
2848 155 7112
2847 156 7111
2846 157 7110
2845 158 7109
2844 159 7108
2843 160 7107
2842 161 7106
2841 162 7105
2840 163 7104
2839 164 7103
2838 165 7102
2837 166 7101
2836 167 7100
2835 168 7099
2834 169 7098
2833 170 7097
2832 171 7096
2831 172 7095
2830 173 7094
2829 174 7093
2828 175 7092
2827 176 7091
2826 177 7090
2825 178 7089
2824 179 7088
2823 180 7087
2822 181 7086
2821 182 7085
2820 183 7084
2819 184 7083
2818 185 7082
2817 186 7081
2816 187 7080
2815 188 7079
2814 189 7078
2813 190 7077
2812 191 7076
2811 192 7075
2810 193 7074
2809 194 7073
2808 195 7072
2807 196 7071
2806 197 7070
2805 198 7069
2804 199 7068
2803 200 7067
2802 201 7066
2801 202 7065
2800 203 7064
2799 204 7063
2798 205 7062
2797 206 7061
2796 207 7060
2795 208 7059
2794 209 7058
2793 210 7057
2792 211 7056
2791 212 7055
2790 213 7054
2789 214 7053
2788 215 7052
2787 216 7051
2786 217 7050
2785 218 7049
2784 219 7048
2783 220 7047
2782 221 7046
2781 222 7045
2780 223 7044
2779 224 7043
2778 225 7042
2777 226 7041
2776 227 7040
2775 228 7039
2774 229 7038
2773 230 7037
2772 231 7036
2771 232 7035
2770 233 7034
2769 234 7033
2768 235 7032
2767 236 7031
2766 237 7030
2765 238 7029
2764 239 7028
2763 240 7027
2762 241 7026
2761 242 7025
2760 243 7024
2759 244 7023
2758 245 7022
2757 246 7021
2756 247 7020
2755 248 7019
2754 249 7018
2753 250 7017
2752 251 7016
2751 252 7015
2750 253 7014
2749 254 7013
2748 255 7012
2747 256 7011
2746 257 7010
2745 258 7009
2744 259 7008
2743 260 7007
2742 261 7006
2741 262 7005
2740 263 7004
2739 264 7003
2738 265 7002
2737 266 7001
2736 267 7000
2735 268 6999
2734 269 6998
2733 270 6997
2732 271 6996
2731 272 6995
2730 273 6994
2729 274 6993
2728 275 6992
2727 276 6991
2726 277 6990
2725 278 6989
2724 279 6988
2723 280 6987
2722 281 6986
2721 282 6985
2720 283 6984
2719 284 6983
2718 285 6982
2717 286 6981
2716 287 6980
2715 288 6979
2714 289 6978
2713 290 6977
2712 291 6976
2711 292 6975
2710 293 6974
2709 294 6973
2708 295 6972
2707 296 6971
2706 297 6970
2705 298 6969
2704 299 6968
2703 300 6967
2702 301 6966
2701 302 6965
2700 303 6964
2699 304 6963
2698 305 6962
2697 306 6961
2696 307 6960
2695 308 6959
2694 309 6958
2693 310 6957
2692 311 6956
2691 312 6955
2690 313 6954
2689 314 6953
2688 315 6952
2687 316 6951
2686 317 6950
2685 318 6949
2684 319 6948
2683 320 6947
2682 321 6946
2681 322 6945
2680 323 6944
2679 324 6943
2678 325 6942
2677 326 6941
2676 327 6940
2675 328 6939
2674 329 6938
2673 330 6937
2672 331 6936
2671 332 6935
2670 333 6934
2669 334 6933
2668 335 6932
2667 336 6931
2666 337 6930
2665 338 6929
2664 339 6928
2663 340 6927
2662 341 6926
2661 342 6925
2660 343 6924
2659 344 6923
2658 345 6922
2657 346 6921
2656 347 6920
2655 348 6919
2654 349 6918
2653 350 6917
2652 351 6916
2651 352 6915
2650 353 6914
2649 354 6913
2648 355 6912
2647 356 6911
2646 357 6910
2645 358 6909
2644 359 6908
2643 360 6907
2642 361 6906
2641 362 6905
2640 363 6904
2639 364 6903
2638 365 6902
2637 366 6901
2636 367 6900
2635 368 6899
2634 369 6898
2633 370 6897
2632 371 6896
2631 372 6895
2630 373 6894
2629 374 6893
2628 375 6892
2627 376 6891
2626 377 6890
2625 378 6889
2624 379 6888
2623 380 6887
2622 381 6886
2621 382 6885
2620 383 6884
2619 384 6883
2618 385 6882
2617 386 6881
2616 387 6880
2615 388 6879
2614 389 6878
2613 390 6877
2612 391 6876
2611 392 6875
2610 393 6874
2609 394 6873
2608 395 6872
2607 396 6871
2606 397 6870
2605 398 6869
2604 399 6868
2603 400 6867
2602 401 6866
2601 402 6865
2600 403 6864
2599 404 6863
2598 405 6862
2597 406 6861
2596 407 6860
2595 408 6859
2594 409 6858
2593 410 6857
2592 411 6856
2591 412 6855
2590 413 6854
2589 414 6853
2588 415 6852
2587 416 6851
2586 417 6850
2585 418 6849
2584 419 6848
2583 420 6847
2582 421 6846
2581 422 6845
2580 423 6844
2579 424 6843
2578 425 6842
2577 426 6841
2576 427 6840
2575 428 6839
2574 429 6838
2573 430 6837
2572 431 6836
2571 432 6835
2570 433 6834
2569 434 6833
2568 435 6832
2567 436 6831
2566 437 6830
2565 438 6829
2564 439 6828
2563 440 6827
2562 441 6826
2561 442 6825
2560 443 6824
2559 444 6823
2558 445 6822
2557 446 6821
2556 447 6820
2555 448 6819
2554 449 6818
2553 450 6817
2552 451 6816
2551 452 6815
2550 453 6814
2549 454 6813
2548 455 6812
2547 456 6811
2546 457 6810
2545 458 6809
2544 459 6808
2543 460 6807
2542 461 6806
2541 462 6805
2540 463 6804
2539 464 6803
2538 465 6802
2537 466 6801
2536 467 6800
2535 468 6799
2534 469 6798
2533 470 6797
2532 471 6796
2531 472 6795
2530 473 6794
2529 474 6793
2528 475 6792
2527 476 6791
2526 477 6790
2525 478 6789
2524 479 6788
2523 480 6787
2522 481 6786
2521 482 6785
2520 483 6784
2519 484 6783
2518 485 6782
2517 486 6781
2516 487 6780
2515 488 6779
2514 489 6778
2513 490 6777
2512 491 6776
2511 492 6775
2510 493 6774
2509 494 6773
2508 495 6772
2507 496 6771
2506 497 6770
2505 498 6769
2504 499 6768
2503 500 6767
2502 501 6766
2501 502 6765
2500 503 6764
2499 504 6763
2498 505 6762
2497 506 6761
2496 507 6760
2495 508 6759
2494 509 6758
2493 510 6757
2492 511 6756
2491 512 6755
2490 513 6754
2489 514 6753
2488 515 6752
2487 516 6751
2486 517 6750
2485 518 6749
2484 519 6748
2483 520 6747
2482 521 6746
2481 522 6745
2480 523 6744
2479 524 6743
2478 525 6742
2477 526 6741
2476 527 6740
2475 528 6739
2474 529 6738
2473 530 6737
2472 531 6736
2471 532 6735
2470 533 6734
2469 534 6733
2468 535 6732
2467 536 6731
2466 537 6730
2465 538 6729
2464 539 6728
2463 540 6727
2462 541 6726
2461 542 6725
2460 543 6724
2459 544 6723
2458 545 6722
2457 546 6721
2456 547 6720
2455 548 6719
2454 549 6718
2453 550 6717
2452 551 6716
2451 552 6715
2450 553 6714
2449 554 6713
2448 555 6712
2447 556 6711
2446 557 6710
2445 558 6709
2444 559 6708
2443 560 6707
2442 561 6706
2441 562 6705
2440 563 6704
2439 564 6703
2438 565 6702
2437 566 6701
2436 567 6700
2435 568 6699
2434 569 6698
2433 570 6697
2432 571 6696
2431 572 6695
2430 573 6694
2429 574 6693
2428 575 6692
2427 576 6691
2426 577 6690
2425 578 6689
2424 579 6688
2423 580 6687
2422 581 6686
2421 582 6685
2420 583 6684
2419 584 6683
2418 585 6682
2417 586 6681
2416 587 6680
2415 588 6679
2414 589 6678
2413 590 6677
2412 591 6676
2411 592 6675
2410 593 6674
2409 594 6673
2408 595 6672
2407 596 6671
2406 597 6670
2405 598 6669
2404 599 6668
2403 600 6667
2402 601 6666
2401 602 6665
2400 603 6664
2399 604 6663
2398 605 6662
2397 606 6661
2396 607 6660
2395 608 6659
2394 609 6658
2393 610 6657
2392 611 6656
2391 612 6655
2390 613 6654
2389 614 6653
2388 615 6652
2387 616 6651
2386 617 6650
2385 618 6649
2384 619 6648
2383 620 6647
2382 621 6646
2381 622 6645
2380 623 6644
2379 624 6643
2378 625 6642
2377 626 6641
2376 627 6640
2375 628 6639
2374 629 6638
2373 630 6637
2372 631 6636
2371 632 6635
2370 633 6634
2369 634 6633
2368 635 6632
2367 636 6631
2366 637 6630
2365 638 6629
2364 639 6628
2363 640 6627
2362 641 6626
2361 642 6625
2360 643 6624
2359 644 6623
2358 645 6622
2357 646 6621
2356 647 6620
2355 648 6619
2354 649 6618
2353 650 6617
2352 651 6616
2351 652 6615
2350 653 6614
2349 654 6613
2348 655 6612
2347 656 6611
2346 657 6610
2345 658 6609
2344 659 6608
2343 660 6607
2342 661 6606
2341 662 6605
2340 663 6604
2339 664 6603
2338 665 6602
2337 666 6601
2336 667 6600
2335 668 6599
2334 669 6598
2333 670 6597
2332 671 6596
2331 672 6595
2330 673 6594
2329 674 6593
2328 675 6592
2327 676 6591
2326 677 6590
2325 678 6589
2324 679 6588
2323 680 6587
2322 681 6586
2321 682 6585
2320 683 6584
2319 684 6583
2318 685 6582
2317 686 6581
2316 687 6580
2315 688 6579
2314 689 6578
2313 690 6577
2312 691 6576
2311 692 6575
2310 693 6574
2309 694 6573
2308 695 6572
2307 696 6571
2306 697 6570
2305 698 6569
2304 699 6568
2303 700 6567
2302 701 6566
2301 702 6565
2300 703 6564
2299 704 6563
2298 705 6562
2297 706 6561
2296 707 6560
2295 708 6559
2294 709 6558
2293 710 6557
2292 711 6556
2291 712 6555
2290 713 6554
2289 714 6553
2288 715 6552
2287 716 6551
2286 717 6550
2285 718 6549
2284 719 6548
2283 720 6547
2282 721 6546
2281 722 6545
2280 723 6544
2279 724 6543
2278 725 6542
2277 726 6541
2276 727 6540
2275 728 6539
2274 729 6538
2273 730 6537
2272 731 6536
2271 732 6535
2270 733 6534
2269 734 6533
2268 735 6532
2267 736 6531
2266 737 6530
2265 738 6529
2264 739 6528
2263 740 6527
2262 741 6526
2261 742 6525
2260 743 6524
2259 744 6523
2258 745 6522
2257 746 6521
2256 747 6520
2255 748 6519
2254 749 6518
2253 750 6517
2252 751 6516
2251 752 6515
2250 753 6514
2249 754 6513
2248 755 6512
2247 756 6511
2246 757 6510
2245 758 6509
2244 759 6508
2243 760 6507
2242 761 6506
2241 762 6505
2240 763 6504
2239 764 6503
2238 765 6502
2237 766 6501
2236 767 6500
2235 768 6499
2234 769 6498
2233 770 6497
2232 771 6496
2231 772 6495
2230 773 6494
2229 774 6493
2228 775 6492
2227 776 6491
2226 777 6490
2225 778 6489
2224 779 6488
2223 780 6487
2222 781 6486
2221 782 6485
2220 783 6484
2219 784 6483
2218 785 6482
2217 786 6481
2216 787 6480
2215 788 6479
2214 789 6478
2213 790 6477
2212 791 6476
2211 792 6475
2210 793 6474
2209 794 6473
2208 795 6472
2207 796 6471
2206 797 6470
2205 798 6469
2204 799 6468
2203 800 6467
2202 801 6466
2201 802 6465
2200 803 6464
2199 804 6463
2198 805 6462
2197 806 6461
2196 807 6460
2195 808 6459
2194 809 6458
2193 810 6457
2192 811 6456
2191 812 6455
2190 813 6454
2189 814 6453
2188 815 6452
2187 816 6451
2186 817 6450
2185 818 6449
2184 819 6448
2183 820 6447
2182 821 6446
2181 822 6445
2180 823 6444
2179 824 6443
2178 825 6442
2177 826 6441
2176 827 6440
2175 828 6439
2174 829 6438
2173 830 6437
2172 831 6436
2171 832 6435
2170 833 6434
2169 834 6433
2168 835 6432
2167 836 6431
2166 837 6430
2165 838 6429
2164 839 6428
2163 840 6427
2162 841 6426
2161 842 6425
2160 843 6424
2159 844 6423
2158 845 6422
2157 846 6421
2156 847 6420
2155 848 6419
2154 849 6418
2153 850 6417
2152 851 6416
2151 852 6415
2150 853 6414
2149 854 6413
2148 855 6412
2147 856 6411
2146 857 6410
2145 858 6409
2144 859 6408
2143 860 6407
2142 861 6406
2141 862 6405
2140 863 6404
2139 864 6403
2138 865 6402
2137 866 6401
2136 867 6400
2135 868 6399
2134 869 6398
2133 870 6397
2132 871 6396
2131 872 6395
2130 873 6394
2129 874 6393
2128 875 6392
2127 876 6391
2126 877 6390
2125 878 6389
2124 879 6388
2123 880 6387
2122 881 6386
2121 882 6385
2120 883 6384
2119 884 6383
2118 885 6382
2117 886 6381
2116 887 6380
2115 888 6379
2114 889 6378
2113 890 6377
2112 891 6376
2111 892 6375
2110 893 6374
2109 894 6373
2108 895 6372
2107 896 6371
2106 897 6370
2105 898 6369
2104 899 6368
2103 900 6367
2102 901 6366
2101 902 6365
2100 903 6364
2099 904 6363
2098 905 6362
2097 906 6361
2096 907 6360
2095 908 6359
2094 909 6358
2093 910 6357
2092 911 6356
2091 912 6355
2090 913 6354
2089 914 6353
2088 915 6352
2087 916 6351
2086 917 6350
2085 918 6349
2084 919 6348
2083 920 6347
2082 921 6346
2081 922 6345
2080 923 6344
2079 924 6343
2078 925 6342
2077 926 6341
2076 927 6340
2075 928 6339
2074 929 6338
2073 930 6337
2072 931 6336
2071 932 6335
2070 933 6334
2069 934 6333
2068 935 6332
2067 936 6331
2066 937 6330
2065 938 6329
2064 939 6328
2063 940 6327
2062 941 6326
2061 942 6325
2060 943 6324
2059 944 6323
2058 945 6322
2057 946 6321
2056 947 6320
2055 948 6319
2054 949 6318
2053 950 6317
2052 951 6316
2051 952 6315
2050 953 6314
2049 954 6313
2048 955 6312
2047 956 6311
2046 957 6310
2045 958 6309
2044 959 6308
2043 960 6307
2042 961 6306
2041 962 6305
2040 963 6304
2039 964 6303
2038 965 6302
2037 966 6301
2036 967 6300
2035 968 6299
2034 969 6298
2033 970 6297
2032 971 6296
2031 972 6295
2030 973 6294
2029 974 6293
2028 975 6292
2027 976 6291
2026 977 6290
2025 978 6289
2024 979 6288
2023 980 6287
2022 981 6286
2021 982 6285
2020 983 6284
2019 984 6283
2018 985 6282
2017 986 6281
2016 987 6280
2015 988 6279
2014 989 6278
2013 990 6277
2012 991 6276
2011 992 6275
2010 993 6274
2009 994 6273
2008 995 6272
2007 996 6271
2006 997 6270
2005 998 6269
2004 999 6268
2003 1000 6267
2002 1001 6266
2001 1002 6265
2000 1003 6264
1999 1004 6263
1998 1005 6262
1997 1006 6261
1996 1007 6260
1995 1008 6259
1994 1009 6258
1993 1010 6257
1992 1011 6256
1991 1012 6255
1990 1013 6254
1989 1014 6253
1988 1015 6252
1987 1016 6251
1986 1017 6250
1985 1018 6249
1984 1019 6248
1983 1020 6247
1982 1021 6246
1981 1022 6245
1980 1023 6244
1979 1024 6243
1978 1025 6242
1977 1026 6241
1976 1027 6240
1975 1028 6239
1974 1029 6238
1973 1030 6237
1972 1031 6236
1971 1032 6235
1970 1033 6234
1969 1034 6233
1968 1035 6232
1967 1036 6231
1966 1037 6230
1965 1038 6229
1964 1039 6228
1963 1040 6227
1962 1041 6226
1961 1042 6225
1960 1043 6224
1959 1044 6223
1958 1045 6222
1957 1046 6221
1956 1047 6220
1955 1048 6219
1954 1049 6218
1953 1050 6217
1952 1051 6216
1951 1052 6215
1950 1053 6214
1949 1054 6213
1948 1055 6212
1947 1056 6211
1946 1057 6210
1945 1058 6209
1944 1059 6208
1943 1060 6207
1942 1061 6206
1941 1062 6205
1940 1063 6204
1939 1064 6203
1938 1065 6202
1937 1066 6201
1936 1067 6200
1935 1068 6199
1934 1069 6198
1933 1070 6197
1932 1071 6196
1931 1072 6195
1930 1073 6194
1929 1074 6193
1928 1075 6192
1927 1076 6191
1926 1077 6190
1925 1078 6189
1924 1079 6188
1923 1080 6187
1922 1081 6186
1921 1082 6185
1920 1083 6184
1919 1084 6183
1918 1085 6182
1917 1086 6181
1916 1087 6180
1915 1088 6179
1914 1089 6178
1913 1090 6177
1912 1091 6176
1911 1092 6175
1910 1093 6174
1909 1094 6173
1908 1095 6172
1907 1096 6171
1906 1097 6170
1905 1098 6169
1904 1099 6168
1903 1100 6167
1902 1101 6166
1901 1102 6165
1900 1103 6164
1899 1104 6163
1898 1105 6162
1897 1106 6161
1896 1107 6160
1895 1108 6159
1894 1109 6158
1893 1110 6157
1892 1111 6156
1891 1112 6155
1890 1113 6154
1889 1114 6153
1888 1115 6152
1887 1116 6151
1886 1117 6150
1885 1118 6149
1884 1119 6148
1883 1120 6147
1882 1121 6146
1881 1122 6145
1880 1123 6144
1879 1124 6143
1878 1125 6142
1877 1126 6141
1876 1127 6140
1875 1128 6139
1874 1129 6138
1873 1130 6137
1872 1131 6136
1871 1132 6135
1870 1133 6134
1869 1134 6133
1868 1135 6132
1867 1136 6131
1866 1137 6130
1865 1138 6129
1864 1139 6128
1863 1140 6127
1862 1141 6126
1861 1142 6125
1860 1143 6124
1859 1144 6123
1858 1145 6122
1857 1146 6121
1856 1147 6120
1855 1148 6119
1854 1149 6118
1853 1150 6117
1852 1151 6116
1851 1152 6115
1850 1153 6114
1849 1154 6113
1848 1155 6112
1847 1156 6111
1846 1157 6110
1845 1158 6109
1844 1159 6108
1843 1160 6107
1842 1161 6106
1841 1162 6105
1840 1163 6104
1839 1164 6103
1838 1165 6102
1837 1166 6101
1836 1167 6100
1835 1168 6099
1834 1169 6098
1833 1170 6097
1832 1171 6096
1831 1172 6095
1830 1173 6094
1829 1174 6093
1828 1175 6092
1827 1176 6091
1826 1177 6090
1825 1178 6089
1824 1179 6088
1823 1180 6087
1822 1181 6086
1821 1182 6085
1820 1183 6084
1819 1184 6083
1818 1185 6082
1817 1186 6081
1816 1187 6080
1815 1188 6079
1814 1189 6078
1813 1190 6077
1812 1191 6076
1811 1192 6075
1810 1193 6074
1809 1194 6073
1808 1195 6072
1807 1196 6071
1806 1197 6070
1805 1198 6069
1804 1199 6068
1803 1200 6067
1802 1201 6066
1801 1202 6065
1800 1203 6064
1799 1204 6063
1798 1205 6062
1797 1206 6061
1796 1207 6060
1795 1208 6059
1794 1209 6058
1793 1210 6057
1792 1211 6056
1791 1212 6055
1790 1213 6054
1789 1214 6053
1788 1215 6052
1787 1216 6051
1786 1217 6050
1785 1218 6049
1784 1219 6048
1783 1220 6047
1782 1221 6046
1781 1222 6045
1780 1223 6044
1779 1224 6043
1778 1225 6042
1777 1226 6041
1776 1227 6040
1775 1228 6039
1774 1229 6038
1773 1230 6037
1772 1231 6036
1771 1232 6035
1770 1233 6034
1769 1234 6033
1768 1235 6032
1767 1236 6031
1766 1237 6030
1765 1238 6029
1764 1239 6028
1763 1240 6027
1762 1241 6026
1761 1242 6025
1760 1243 6024
1759 1244 6023
1758 1245 6022
1757 1246 6021
1756 1247 6020
1755 1248 6019
1754 1249 6018
1753 1250 6017
1752 1251 6016
1751 1252 6015
1750 1253 6014
1749 1254 6013
1748 1255 6012
1747 1256 6011
1746 1257 6010
1745 1258 6009
1744 1259 6008
1743 1260 6007
1742 1261 6006
1741 1262 6005
1740 1263 6004
1739 1264 6003
1738 1265 6002
1737 1266 6001
