2032
3000 3 8032
2999 4 8031
2998 5 8030
2997 6 8029
2996 7 8028
2995 8 8027
2994 9 8026
2993 10 8025
2992 11 8024
2991 12 8023
2990 13 8022
2989 14 8021
2988 15 8020
2987 16 8019
2986 17 8018
2985 18 8017
2984 19 8016
2983 20 8015
2982 21 8014
2981 22 8013
2980 23 8012
2979 24 8011
2978 25 8010
2977 26 8009
2976 27 8008
2975 28 8007
2974 29 8006
2973 30 8005
2972 31 8004
2971 32 8003
2970 33 8002
2969 34 8001
2968 35 8000
2967 36 7999
2966 37 7998
2965 38 7997
2964 39 7996
2963 40 7995
2962 41 7994
2961 42 7993
2960 43 7992
2959 44 7991
2958 45 7990
2957 46 7989
2956 47 7988
2955 48 7987
2954 49 7986
2953 50 7985
2952 51 7984
2951 52 7983
2950 53 7982
2949 54 7981
2948 55 7980
2947 56 7979
2946 57 7978
2945 58 7977
2944 59 7976
2943 60 7975
2942 61 7974
2941 62 7973
2940 63 7972
2939 64 7971
2938 65 7970
2937 66 7969
2936 67 7968
2935 68 7967
2934 69 7966
2933 70 7965
2932 71 7964
2931 72 7963
2930 73 7962
2929 74 7961
2928 75 7960
2927 76 7959
2926 77 7958
2925 78 7957
2924 79 7956
2923 80 7955
2922 81 7954
2921 82 7953
2920 83 7952
2919 84 7951
2918 85 7950
2917 86 7949
2916 87 7948
2915 88 7947
2914 89 7946
2913 90 7945
2912 91 7944
2911 92 7943
2910 93 7942
2909 94 7941
2908 95 7940
2907 96 7939
2906 97 7938
2905 98 7937
2904 99 7936
2903 100 7935
2902 101 7934
2901 102 7933
2900 103 7932
2899 104 7931
2898 105 7930
2897 106 7929
2896 107 7928
2895 108 7927
2894 109 7926
2893 110 7925
2892 111 7924
2891 112 7923
2890 113 7922
2889 114 7921
2888 115 7920
2887 116 7919
2886 117 7918
2885 118 7917
2884 119 7916
2883 120 7915
2882 121 7914
2881 122 7913
2880 123 7912
2879 124 7911
2878 125 7910
2877 126 7909
2876 127 7908
2875 128 7907
2874 129 7906
2873 130 7905
2872 131 7904
2871 132 7903
2870 133 7902
2869 134 7901
2868 135 7900
2867 136 7899
2866 137 7898
2865 138 7897
2864 139 7896
2863 140 7895
2862 141 7894
2861 142 7893
2860 143 7892
2859 144 7891
2858 145 7890
2857 146 7889
2856 147 7888
2855 148 7887
2854 149 7886
2853 150 7885
2852 151 7884
2851 152 7883
2850 153 7882
2849 154 7881
2848 155 7880
2847 156 7879
2846 157 7878
2845 158 7877
2844 159 7876
2843 160 7875
2842 161 7874
2841 162 7873
2840 163 7872
2839 164 7871
2838 165 7870
2837 166 7869
2836 167 7868
2835 168 7867
2834 169 7866
2833 170 7865
2832 171 7864
2831 172 7863
2830 173 7862
2829 174 7861
2828 175 7860
2827 176 7859
2826 177 7858
2825 178 7857
2824 179 7856
2823 180 7855
2822 181 7854
2821 182 7853
2820 183 7852
2819 184 7851
2818 185 7850
2817 186 7849
2816 187 7848
2815 188 7847
2814 189 7846
2813 190 7845
2812 191 7844
2811 192 7843
2810 193 7842
2809 194 7841
2808 195 7840
2807 196 7839
2806 197 7838
2805 198 7837
2804 199 7836
2803 200 7835
2802 201 7834
2801 202 7833
2800 203 7832
2799 204 7831
2798 205 7830
2797 206 7829
2796 207 7828
2795 208 7827
2794 209 7826
2793 210 7825
2792 211 7824
2791 212 7823
2790 213 7822
2789 214 7821
2788 215 7820
2787 216 7819
2786 217 7818
2785 218 7817
2784 219 7816
2783 220 7815
2782 221 7814
2781 222 7813
2780 223 7812
2779 224 7811
2778 225 7810
2777 226 7809
2776 227 7808
2775 228 7807
2774 229 7806
2773 230 7805
2772 231 7804
2771 232 7803
2770 233 7802
2769 234 7801
2768 235 7800
2767 236 7799
2766 237 7798
2765 238 7797
2764 239 7796
2763 240 7795
2762 241 7794
2761 242 7793
2760 243 7792
2759 244 7791
2758 245 7790
2757 246 7789
2756 247 7788
2755 248 7787
2754 249 7786
2753 250 7785
2752 251 7784
2751 252 7783
2750 253 7782
2749 254 7781
2748 255 7780
2747 256 7779
2746 257 7778
2745 258 7777
2744 259 7776
2743 260 7775
2742 261 7774
2741 262 7773
2740 263 7772
2739 264 7771
2738 265 7770
2737 266 7769
2736 267 7768
2735 268 7767
2734 269 7766
2733 270 7765
2732 271 7764
2731 272 7763
2730 273 7762
2729 274 7761
2728 275 7760
2727 276 7759
2726 277 7758
2725 278 7757
2724 279 7756
2723 280 7755
2722 281 7754
2721 282 7753
2720 283 7752
2719 284 7751
2718 285 7750
2717 286 7749
2716 287 7748
2715 288 7747
2714 289 7746
2713 290 7745
2712 291 7744
2711 292 7743
2710 293 7742
2709 294 7741
2708 295 7740
2707 296 7739
2706 297 7738
2705 298 7737
2704 299 7736
2703 300 7735
2702 301 7734
2701 302 7733
2700 303 7732
2699 304 7731
2698 305 7730
2697 306 7729
2696 307 7728
2695 308 7727
2694 309 7726
2693 310 7725
2692 311 7724
2691 312 7723
2690 313 7722
2689 314 7721
2688 315 7720
2687 316 7719
2686 317 7718
2685 318 7717
2684 319 7716
2683 320 7715
2682 321 7714
2681 322 7713
2680 323 7712
2679 324 7711
2678 325 7710
2677 326 7709
2676 327 7708
2675 328 7707
2674 329 7706
2673 330 7705
2672 331 7704
2671 332 7703
2670 333 7702
2669 334 7701
2668 335 7700
2667 336 7699
2666 337 7698
2665 338 7697
2664 339 7696
2663 340 7695
2662 341 7694
2661 342 7693
2660 343 7692
2659 344 7691
2658 345 7690
2657 346 7689
2656 347 7688
2655 348 7687
2654 349 7686
2653 350 7685
2652 351 7684
2651 352 7683
2650 353 7682
2649 354 7681
2648 355 7680
2647 356 7679
2646 357 7678
2645 358 7677
2644 359 7676
2643 360 7675
2642 361 7674
2641 362 7673
2640 363 7672
2639 364 7671
2638 365 7670
2637 366 7669
2636 367 7668
2635 368 7667
2634 369 7666
2633 370 7665
2632 371 7664
2631 372 7663
2630 373 7662
2629 374 7661
2628 375 7660
2627 376 7659
2626 377 7658
2625 378 7657
2624 379 7656
2623 380 7655
2622 381 7654
2621 382 7653
2620 383 7652
2619 384 7651
2618 385 7650
2617 386 7649
2616 387 7648
2615 388 7647
2614 389 7646
2613 390 7645
2612 391 7644
2611 392 7643
2610 393 7642
2609 394 7641
2608 395 7640
2607 396 7639
2606 397 7638
2605 398 7637
2604 399 7636
2603 400 7635
2602 401 7634
2601 402 7633
2600 403 7632
2599 404 7631
2598 405 7630
2597 406 7629
2596 407 7628
2595 408 7627
2594 409 7626
2593 410 7625
2592 411 7624
2591 412 7623
2590 413 7622
2589 414 7621
2588 415 7620
2587 416 7619
2586 417 7618
2585 418 7617
2584 419 7616
2583 420 7615
2582 421 7614
2581 422 7613
2580 423 7612
2579 424 7611
2578 425 7610
2577 426 7609
2576 427 7608
2575 428 7607
2574 429 7606
2573 430 7605
2572 431 7604
2571 432 7603
2570 433 7602
2569 434 7601
2568 435 7600
2567 436 7599
2566 437 7598
2565 438 7597
2564 439 7596
2563 440 7595
2562 441 7594
2561 442 7593
2560 443 7592
2559 444 7591
2558 445 7590
2557 446 7589
2556 447 7588
2555 448 7587
2554 449 7586
2553 450 7585
2552 451 7584
2551 452 7583
2550 453 7582
2549 454 7581
2548 455 7580
2547 456 7579
2546 457 7578
2545 458 7577
2544 459 7576
2543 460 7575
2542 461 7574
2541 462 7573
2540 463 7572
2539 464 7571
2538 465 7570
2537 466 7569
2536 467 7568
2535 468 7567
2534 469 7566
2533 470 7565
2532 471 7564
2531 472 7563
2530 473 7562
2529 474 7561
2528 475 7560
2527 476 7559
2526 477 7558
2525 478 7557
2524 479 7556
2523 480 7555
2522 481 7554
2521 482 7553
2520 483 7552
2519 484 7551
2518 485 7550
2517 486 7549
2516 487 7548
2515 488 7547
2514 489 7546
2513 490 7545
2512 491 7544
2511 492 7543
2510 493 7542
2509 494 7541
2508 495 7540
2507 496 7539
2506 497 7538
2505 498 7537
2504 499 7536
2503 500 7535
2502 501 7534
2501 502 7533
2500 503 7532
2499 504 7531
2498 505 7530
2497 506 7529
2496 507 7528
2495 508 7527
2494 509 7526
2493 510 7525
2492 511 7524
2491 512 7523
2490 513 7522
2489 514 7521
2488 515 7520
2487 516 7519
2486 517 7518
2485 518 7517
2484 519 7516
2483 520 7515
2482 521 7514
2481 522 7513
2480 523 7512
2479 524 7511
2478 525 7510
2477 526 7509
2476 527 7508
2475 528 7507
2474 529 7506
2473 530 7505
2472 531 7504
2471 532 7503
2470 533 7502
2469 534 7501
2468 535 7500
2467 536 7499
2466 537 7498
2465 538 7497
2464 539 7496
2463 540 7495
2462 541 7494
2461 542 7493
2460 543 7492
2459 544 7491
2458 545 7490
2457 546 7489
2456 547 7488
2455 548 7487
2454 549 7486
2453 550 7485
2452 551 7484
2451 552 7483
2450 553 7482
2449 554 7481
2448 555 7480
2447 556 7479
2446 557 7478
2445 558 7477
2444 559 7476
2443 560 7475
2442 561 7474
2441 562 7473
2440 563 7472
2439 564 7471
2438 565 7470
2437 566 7469
2436 567 7468
2435 568 7467
2434 569 7466
2433 570 7465
2432 571 7464
2431 572 7463
2430 573 7462
2429 574 7461
2428 575 7460
2427 576 7459
2426 577 7458
2425 578 7457
2424 579 7456
2423 580 7455
2422 581 7454
2421 582 7453
2420 583 7452
2419 584 7451
2418 585 7450
2417 586 7449
2416 587 7448
2415 588 7447
2414 589 7446
2413 590 7445
2412 591 7444
2411 592 7443
2410 593 7442
2409 594 7441
2408 595 7440
2407 596 7439
2406 597 7438
2405 598 7437
2404 599 7436
2403 600 7435
2402 601 7434
2401 602 7433
2400 603 7432
2399 604 7431
2398 605 7430
2397 606 7429
2396 607 7428
2395 608 7427
2394 609 7426
2393 610 7425
2392 611 7424
2391 612 7423
2390 613 7422
2389 614 7421
2388 615 7420
2387 616 7419
2386 617 7418
2385 618 7417
2384 619 7416
2383 620 7415
2382 621 7414
2381 622 7413
2380 623 7412
2379 624 7411
2378 625 7410
2377 626 7409
2376 627 7408
2375 628 7407
2374 629 7406
2373 630 7405
2372 631 7404
2371 632 7403
2370 633 7402
2369 634 7401
2368 635 7400
2367 636 7399
2366 637 7398
2365 638 7397
2364 639 7396
2363 640 7395
2362 641 7394
2361 642 7393
2360 643 7392
2359 644 7391
2358 645 7390
2357 646 7389
2356 647 7388
2355 648 7387
2354 649 7386
2353 650 7385
2352 651 7384
2351 652 7383
2350 653 7382
2349 654 7381
2348 655 7380
2347 656 7379
2346 657 7378
2345 658 7377
2344 659 7376
2343 660 7375
2342 661 7374
2341 662 7373
2340 663 7372
2339 664 7371
2338 665 7370
2337 666 7369
2336 667 7368
2335 668 7367
2334 669 7366
2333 670 7365
2332 671 7364
2331 672 7363
2330 673 7362
2329 674 7361
2328 675 7360
2327 676 7359
2326 677 7358
2325 678 7357
2324 679 7356
2323 680 7355
2322 681 7354
2321 682 7353
2320 683 7352
2319 684 7351
2318 685 7350
2317 686 7349
2316 687 7348
2315 688 7347
2314 689 7346
2313 690 7345
2312 691 7344
2311 692 7343
2310 693 7342
2309 694 7341
2308 695 7340
2307 696 7339
2306 697 7338
2305 698 7337
2304 699 7336
2303 700 7335
2302 701 7334
2301 702 7333
2300 703 7332
2299 704 7331
2298 705 7330
2297 706 7329
2296 707 7328
2295 708 7327
2294 709 7326
2293 710 7325
2292 711 7324
2291 712 7323
2290 713 7322
2289 714 7321
2288 715 7320
2287 716 7319
2286 717 7318
2285 718 7317
2284 719 7316
2283 720 7315
2282 721 7314
2281 722 7313
2280 723 7312
2279 724 7311
2278 725 7310
2277 726 7309
2276 727 7308
2275 728 7307
2274 729 7306
2273 730 7305
2272 731 7304
2271 732 7303
2270 733 7302
2269 734 7301
2268 735 7300
2267 736 7299
2266 737 7298
2265 738 7297
2264 739 7296
2263 740 7295
2262 741 7294
2261 742 7293
2260 743 7292
2259 744 7291
2258 745 7290
2257 746 7289
2256 747 7288
2255 748 7287
2254 749 7286
2253 750 7285
2252 751 7284
2251 752 7283
2250 753 7282
2249 754 7281
2248 755 7280
2247 756 7279
2246 757 7278
2245 758 7277
2244 759 7276
2243 760 7275
2242 761 7274
2241 762 7273
2240 763 7272
2239 764 7271
2238 765 7270
2237 766 7269
2236 767 7268
2235 768 7267
2234 769 7266
2233 770 7265
2232 771 7264
2231 772 7263
2230 773 7262
2229 774 7261
2228 775 7260
2227 776 7259
2226 777 7258
2225 778 7257
2224 779 7256
2223 780 7255
2222 781 7254
2221 782 7253
2220 783 7252
2219 784 7251
2218 785 7250
2217 786 7249
2216 787 7248
2215 788 7247
2214 789 7246
2213 790 7245
2212 791 7244
2211 792 7243
2210 793 7242
2209 794 7241
2208 795 7240
2207 796 7239
2206 797 7238
2205 798 7237
2204 799 7236
2203 800 7235
2202 801 7234
2201 802 7233
2200 803 7232
2199 804 7231
2198 805 7230
2197 806 7229
2196 807 7228
2195 808 7227
2194 809 7226
2193 810 7225
2192 811 7224
2191 812 7223
2190 813 7222
2189 814 7221
2188 815 7220
2187 816 7219
2186 817 7218
2185 818 7217
2184 819 7216
2183 820 7215
2182 821 7214
2181 822 7213
2180 823 7212
2179 824 7211
2178 825 7210
2177 826 7209
2176 827 7208
2175 828 7207
2174 829 7206
2173 830 7205
2172 831 7204
2171 832 7203
2170 833 7202
2169 834 7201
2168 835 7200
2167 836 7199
2166 837 7198
2165 838 7197
2164 839 7196
2163 840 7195
2162 841 7194
2161 842 7193
2160 843 7192
2159 844 7191
2158 845 7190
2157 846 7189
2156 847 7188
2155 848 7187
2154 849 7186
2153 850 7185
2152 851 7184
2151 852 7183
2150 853 7182
2149 854 7181
2148 855 7180
2147 856 7179
2146 857 7178
2145 858 7177
2144 859 7176
2143 860 7175
2142 861 7174
2141 862 7173
2140 863 7172
2139 864 7171
2138 865 7170
2137 866 7169
2136 867 7168
2135 868 7167
2134 869 7166
2133 870 7165
2132 871 7164
2131 872 7163
2130 873 7162
2129 874 7161
2128 875 7160
2127 876 7159
2126 877 7158
2125 878 7157
2124 879 7156
2123 880 7155
2122 881 7154
2121 882 7153
2120 883 7152
2119 884 7151
2118 885 7150
2117 886 7149
2116 887 7148
2115 888 7147
2114 889 7146
2113 890 7145
2112 891 7144
2111 892 7143
2110 893 7142
2109 894 7141
2108 895 7140
2107 896 7139
2106 897 7138
2105 898 7137
2104 899 7136
2103 900 7135
2102 901 7134
2101 902 7133
2100 903 7132
2099 904 7131
2098 905 7130
2097 906 7129
2096 907 7128
2095 908 7127
2094 909 7126
2093 910 7125
2092 911 7124
2091 912 7123
2090 913 7122
2089 914 7121
2088 915 7120
2087 916 7119
2086 917 7118
2085 918 7117
2084 919 7116
2083 920 7115
2082 921 7114
2081 922 7113
2080 923 7112
2079 924 7111
2078 925 7110
2077 926 7109
2076 927 7108
2075 928 7107
2074 929 7106
2073 930 7105
2072 931 7104
2071 932 7103
2070 933 7102
2069 934 7101
2068 935 7100
2067 936 7099
2066 937 7098
2065 938 7097
2064 939 7096
2063 940 7095
2062 941 7094
2061 942 7093
2060 943 7092
2059 944 7091
2058 945 7090
2057 946 7089
2056 947 7088
2055 948 7087
2054 949 7086
2053 950 7085
2052 951 7084
2051 952 7083
2050 953 7082
2049 954 7081
2048 955 7080
2047 956 7079
2046 957 7078
2045 958 7077
2044 959 7076
2043 960 7075
2042 961 7074
2041 962 7073
2040 963 7072
2039 964 7071
2038 965 7070
2037 966 7069
2036 967 7068
2035 968 7067
2034 969 7066
2033 970 7065
2032 971 7064
2031 972 7063
2030 973 7062
2029 974 7061
2028 975 7060
2027 976 7059
2026 977 7058
2025 978 7057
2024 979 7056
2023 980 7055
2022 981 7054
2021 982 7053
2020 983 7052
2019 984 7051
2018 985 7050
2017 986 7049
2016 987 7048
2015 988 7047
2014 989 7046
2013 990 7045
2012 991 7044
2011 992 7043
2010 993 7042
2009 994 7041
2008 995 7040
2007 996 7039
2006 997 7038
2005 998 7037
2004 999 7036
2003 1000 7035
2002 1001 7034
2001 1002 7033
2000 1003 7032
1999 1004 7031
1998 1005 7030
1997 1006 7029
1996 1007 7028
1995 1008 7027
1994 1009 7026
1993 1010 7025
1992 1011 7024
1991 1012 7023
1990 1013 7022
1989 1014 7021
1988 1015 7020
1987 1016 7019
1986 1017 7018
1985 1018 7017
1984 1019 7016
1983 1020 7015
1982 1021 7014
1981 1022 7013
1980 1023 7012
1979 1024 7011
1978 1025 7010
1977 1026 7009
1976 1027 7008
1975 1028 7007
1974 1029 7006
1973 1030 7005
1972 1031 7004
1971 1032 7003
1970 1033 7002
1969 1034 7001
1968 1035 7000
1967 1036 6999
1966 1037 6998
1965 1038 6997
1964 1039 6996
1963 1040 6995
1962 1041 6994
1961 1042 6993
1960 1043 6992
1959 1044 6991
1958 1045 6990
1957 1046 6989
1956 1047 6988
1955 1048 6987
1954 1049 6986
1953 1050 6985
1952 1051 6984
1951 1052 6983
1950 1053 6982
1949 1054 6981
1948 1055 6980
1947 1056 6979
1946 1057 6978
1945 1058 6977
1944 1059 6976
1943 1060 6975
1942 1061 6974
1941 1062 6973
1940 1063 6972
1939 1064 6971
1938 1065 6970
1937 1066 6969
1936 1067 6968
1935 1068 6967
1934 1069 6966
1933 1070 6965
1932 1071 6964
1931 1072 6963
1930 1073 6962
1929 1074 6961
1928 1075 6960
1927 1076 6959
1926 1077 6958
1925 1078 6957
1924 1079 6956
1923 1080 6955
1922 1081 6954
1921 1082 6953
1920 1083 6952
1919 1084 6951
1918 1085 6950
1917 1086 6949
1916 1087 6948
1915 1088 6947
1914 1089 6946
1913 1090 6945
1912 1091 6944
1911 1092 6943
1910 1093 6942
1909 1094 6941
1908 1095 6940
1907 1096 6939
1906 1097 6938
1905 1098 6937
1904 1099 6936
1903 1100 6935
1902 1101 6934
1901 1102 6933
1900 1103 6932
1899 1104 6931
1898 1105 6930
1897 1106 6929
1896 1107 6928
1895 1108 6927
1894 1109 6926
1893 1110 6925
1892 1111 6924
1891 1112 6923
1890 1113 6922
1889 1114 6921
1888 1115 6920
1887 1116 6919
1886 1117 6918
1885 1118 6917
1884 1119 6916
1883 1120 6915
1882 1121 6914
1881 1122 6913
1880 1123 6912
1879 1124 6911
1878 1125 6910
1877 1126 6909
1876 1127 6908
1875 1128 6907
1874 1129 6906
1873 1130 6905
1872 1131 6904
1871 1132 6903
1870 1133 6902
1869 1134 6901
1868 1135 6900
1867 1136 6899
1866 1137 6898
1865 1138 6897
1864 1139 6896
1863 1140 6895
1862 1141 6894
1861 1142 6893
1860 1143 6892
1859 1144 6891
1858 1145 6890
1857 1146 6889
1856 1147 6888
1855 1148 6887
1854 1149 6886
1853 1150 6885
1852 1151 6884
1851 1152 6883
1850 1153 6882
1849 1154 6881
1848 1155 6880
1847 1156 6879
1846 1157 6878
1845 1158 6877
1844 1159 6876
1843 1160 6875
1842 1161 6874
1841 1162 6873
1840 1163 6872
1839 1164 6871
1838 1165 6870
1837 1166 6869
1836 1167 6868
1835 1168 6867
1834 1169 6866
1833 1170 6865
1832 1171 6864
1831 1172 6863
1830 1173 6862
1829 1174 6861
1828 1175 6860
1827 1176 6859
1826 1177 6858
1825 1178 6857
1824 1179 6856
1823 1180 6855
1822 1181 6854
1821 1182 6853
1820 1183 6852
1819 1184 6851
1818 1185 6850
1817 1186 6849
1816 1187 6848
1815 1188 6847
1814 1189 6846
1813 1190 6845
1812 1191 6844
1811 1192 6843
1810 1193 6842
1809 1194 6841
1808 1195 6840
1807 1196 6839
1806 1197 6838
1805 1198 6837
1804 1199 6836
1803 1200 6835
1802 1201 6834
1801 1202 6833
1800 1203 6832
1799 1204 6831
1798 1205 6830
1797 1206 6829
1796 1207 6828
1795 1208 6827
1794 1209 6826
1793 1210 6825
1792 1211 6824
1791 1212 6823
1790 1213 6822
1789 1214 6821
1788 1215 6820
1787 1216 6819
1786 1217 6818
1785 1218 6817
1784 1219 6816
1783 1220 6815
1782 1221 6814
1781 1222 6813
1780 1223 6812
1779 1224 6811
1778 1225 6810
1777 1226 6809
1776 1227 6808
1775 1228 6807
1774 1229 6806
1773 1230 6805
1772 1231 6804
1771 1232 6803
1770 1233 6802
1769 1234 6801
1768 1235 6800
1767 1236 6799
1766 1237 6798
1765 1238 6797
1764 1239 6796
1763 1240 6795
1762 1241 6794
1761 1242 6793
1760 1243 6792
1759 1244 6791
1758 1245 6790
1757 1246 6789
1756 1247 6788
1755 1248 6787
1754 1249 6786
1753 1250 6785
1752 1251 6784
1751 1252 6783
1750 1253 6782
1749 1254 6781
1748 1255 6780
1747 1256 6779
1746 1257 6778
1745 1258 6777
1744 1259 6776
1743 1260 6775
1742 1261 6774
1741 1262 6773
1740 1263 6772
1739 1264 6771
1738 1265 6770
1737 1266 6769
1736 1267 6768
1735 1268 6767
1734 1269 6766
1733 1270 6765
1732 1271 6764
1731 1272 6763
1730 1273 6762
1729 1274 6761
1728 1275 6760
1727 1276 6759
1726 1277 6758
1725 1278 6757
1724 1279 6756
1723 1280 6755
1722 1281 6754
1721 1282 6753
1720 1283 6752
1719 1284 6751
1718 1285 6750
1717 1286 6749
1716 1287 6748
1715 1288 6747
1714 1289 6746
1713 1290 6745
1712 1291 6744
1711 1292 6743
1710 1293 6742
1709 1294 6741
1708 1295 6740
1707 1296 6739
1706 1297 6738
1705 1298 6737
1704 1299 6736
1703 1300 6735
1702 1301 6734
1701 1302 6733
1700 1303 6732
1699 1304 6731
1698 1305 6730
1697 1306 6729
1696 1307 6728
1695 1308 6727
1694 1309 6726
1693 1310 6725
1692 1311 6724
1691 1312 6723
1690 1313 6722
1689 1314 6721
1688 1315 6720
1687 1316 6719
1686 1317 6718
1685 1318 6717
1684 1319 6716
1683 1320 6715
1682 1321 6714
1681 1322 6713
1680 1323 6712
1679 1324 6711
1678 1325 6710
1677 1326 6709
1676 1327 6708
1675 1328 6707
1674 1329 6706
1673 1330 6705
1672 1331 6704
1671 1332 6703
1670 1333 6702
1669 1334 6701
1668 1335 6700
1667 1336 6699
1666 1337 6698
1665 1338 6697
1664 1339 6696
1663 1340 6695
1662 1341 6694
1661 1342 6693
1660 1343 6692
1659 1344 6691
1658 1345 6690
1657 1346 6689
1656 1347 6688
1655 1348 6687
1654 1349 6686
1653 1350 6685
1652 1351 6684
1651 1352 6683
1650 1353 6682
1649 1354 6681
1648 1355 6680
1647 1356 6679
1646 1357 6678
1645 1358 6677
1644 1359 6676
1643 1360 6675
1642 1361 6674
1641 1362 6673
1640 1363 6672
1639 1364 6671
1638 1365 6670
1637 1366 6669
1636 1367 6668
1635 1368 6667
1634 1369 6666
1633 1370 6665
1632 1371 6664
1631 1372 6663
1630 1373 6662
1629 1374 6661
1628 1375 6660
1627 1376 6659
1626 1377 6658
1625 1378 6657
1624 1379 6656
1623 1380 6655
1622 1381 6654
1621 1382 6653
1620 1383 6652
1619 1384 6651
1618 1385 6650
1617 1386 6649
1616 1387 6648
1615 1388 6647
1614 1389 6646
1613 1390 6645
1612 1391 6644
1611 1392 6643
1610 1393 6642
1609 1394 6641
1608 1395 6640
1607 1396 6639
1606 1397 6638
1605 1398 6637
1604 1399 6636
1603 1400 6635
1602 1401 6634
1601 1402 6633
1600 1403 6632
1599 1404 6631
1598 1405 6630
1597 1406 6629
1596 1407 6628
1595 1408 6627
1594 1409 6626
1593 1410 6625
1592 1411 6624
1591 1412 6623
1590 1413 6622
1589 1414 6621
1588 1415 6620
1587 1416 6619
1586 1417 6618
1585 1418 6617
1584 1419 6616
1583 1420 6615
1582 1421 6614
1581 1422 6613
1580 1423 6612
1579 1424 6611
1578 1425 6610
1577 1426 6609
1576 1427 6608
1575 1428 6607
1574 1429 6606
1573 1430 6605
1572 1431 6604
1571 1432 6603
1570 1433 6602
1569 1434 6601
1568 1435 6600
1567 1436 6599
1566 1437 6598
1565 1438 6597
1564 1439 6596
1563 1440 6595
1562 1441 6594
1561 1442 6593
1560 1443 6592
1559 1444 6591
1558 1445 6590
1557 1446 6589
1556 1447 6588
1555 1448 6587
1554 1449 6586
1553 1450 6585
1552 1451 6584
1551 1452 6583
1550 1453 6582
1549 1454 6581
1548 1455 6580
1547 1456 6579
1546 1457 6578
1545 1458 6577
1544 1459 6576
1543 1460 6575
1542 1461 6574
1541 1462 6573
1540 1463 6572
1539 1464 6571
1538 1465 6570
1537 1466 6569
1536 1467 6568
1535 1468 6567
1534 1469 6566
1533 1470 6565
1532 1471 6564
1531 1472 6563
1530 1473 6562
1529 1474 6561
1528 1475 6560
1527 1476 6559
1526 1477 6558
1525 1478 6557
1524 1479 6556
1523 1480 6555
1522 1481 6554
1521 1482 6553
1520 1483 6552
1519 1484 6551
1518 1485 6550
1517 1486 6549
1516 1487 6548
1515 1488 6547
1514 1489 6546
1513 1490 6545
1512 1491 6544
1511 1492 6543
1510 1493 6542
1509 1494 6541
1508 1495 6540
1507 1496 6539
1506 1497 6538
1505 1498 6537
1504 1499 6536
1503 1500 6535
1502 1501 6534
1501 1502 6533
1500 1503 6532
1499 1504 6531
1498 1505 6530
1497 1506 6529
1496 1507 6528
1495 1508 6527
1494 1509 6526
1493 1510 6525
1492 1511 6524
1491 1512 6523
1490 1513 6522
1489 1514 6521
1488 1515 6520
1487 1516 6519
1486 1517 6518
1485 1518 6517
1484 1519 6516
1483 1520 6515
1482 1521 6514
1481 1522 6513
1480 1523 6512
1479 1524 6511
1478 1525 6510
1477 1526 6509
1476 1527 6508
1475 1528 6507
1474 1529 6506
1473 1530 6505
1472 1531 6504
1471 1532 6503
1470 1533 6502
1469 1534 6501
1468 1535 6500
1467 1536 6499
1466 1537 6498
1465 1538 6497
1464 1539 6496
1463 1540 6495
1462 1541 6494
1461 1542 6493
1460 1543 6492
1459 1544 6491
1458 1545 6490
1457 1546 6489
1456 1547 6488
1455 1548 6487
1454 1549 6486
1453 1550 6485
1452 1551 6484
1451 1552 6483
1450 1553 6482
1449 1554 6481
1448 1555 6480
1447 1556 6479
1446 1557 6478
1445 1558 6477
1444 1559 6476
1443 1560 6475
1442 1561 6474
1441 1562 6473
1440 1563 6472
1439 1564 6471
1438 1565 6470
1437 1566 6469
1436 1567 6468
1435 1568 6467
1434 1569 6466
1433 1570 6465
1432 1571 6464
1431 1572 6463
1430 1573 6462
1429 1574 6461
1428 1575 6460
1427 1576 6459
1426 1577 6458
1425 1578 6457
1424 1579 6456
1423 1580 6455
1422 1581 6454
1421 1582 6453
1420 1583 6452
1419 1584 6451
1418 1585 6450
1417 1586 6449
1416 1587 6448
1415 1588 6447
1414 1589 6446
1413 1590 6445
1412 1591 6444
1411 1592 6443
1410 1593 6442
1409 1594 6441
1408 1595 6440
1407 1596 6439
1406 1597 6438
1405 1598 6437
1404 1599 6436
1403 1600 6435
1402 1601 6434
1401 1602 6433
1400 1603 6432
1399 1604 6431
1398 1605 6430
1397 1606 6429
1396 1607 6428
1395 1608 6427
1394 1609 6426
1393 1610 6425
1392 1611 6424
1391 1612 6423
1390 1613 6422
1389 1614 6421
1388 1615 6420
1387 1616 6419
1386 1617 6418
1385 1618 6417
1384 1619 6416
1383 1620 6415
1382 1621 6414
1381 1622 6413
1380 1623 6412
1379 1624 6411
1378 1625 6410
1377 1626 6409
1376 1627 6408
1375 1628 6407
1374 1629 6406
1373 1630 6405
1372 1631 6404
1371 1632 6403
1370 1633 6402
1369 1634 6401
1368 1635 6400
1367 1636 6399
1366 1637 6398
1365 1638 6397
1364 1639 6396
1363 1640 6395
1362 1641 6394
1361 1642 6393
1360 1643 6392
1359 1644 6391
1358 1645 6390
1357 1646 6389
1356 1647 6388
1355 1648 6387
1354 1649 6386
1353 1650 6385
1352 1651 6384
1351 1652 6383
1350 1653 6382
1349 1654 6381
1348 1655 6380
1347 1656 6379
1346 1657 6378
1345 1658 6377
1344 1659 6376
1343 1660 6375
1342 1661 6374
1341 1662 6373
1340 1663 6372
1339 1664 6371
1338 1665 6370
1337 1666 6369
1336 1667 6368
1335 1668 6367
1334 1669 6366
1333 1670 6365
1332 1671 6364
1331 1672 6363
1330 1673 6362
1329 1674 6361
1328 1675 6360
1327 1676 6359
1326 1677 6358
1325 1678 6357
1324 1679 6356
1323 1680 6355
1322 1681 6354
1321 1682 6353
1320 1683 6352
1319 1684 6351
1318 1685 6350
1317 1686 6349
1316 1687 6348
1315 1688 6347
1314 1689 6346
1313 1690 6345
1312 1691 6344
1311 1692 6343
1310 1693 6342
1309 1694 6341
1308 1695 6340
1307 1696 6339
1306 1697 6338
1305 1698 6337
1304 1699 6336
1303 1700 6335
1302 1701 6334
1301 1702 6333
1300 1703 6332
1299 1704 6331
1298 1705 6330
1297 1706 6329
1296 1707 6328
1295 1708 6327
1294 1709 6326
1293 1710 6325
1292 1711 6324
1291 1712 6323
1290 1713 6322
1289 1714 6321
1288 1715 6320
1287 1716 6319
1286 1717 6318
1285 1718 6317
1284 1719 6316
1283 1720 6315
1282 1721 6314
1281 1722 6313
1280 1723 6312
1279 1724 6311
1278 1725 6310
1277 1726 6309
1276 1727 6308
1275 1728 6307
1274 1729 6306
1273 1730 6305
1272 1731 6304
1271 1732 6303
1270 1733 6302
1269 1734 6301
1268 1735 6300
1267 1736 6299
1266 1737 6298
1265 1738 6297
1264 1739 6296
1263 1740 6295
1262 1741 6294
1261 1742 6293
1260 1743 6292
1259 1744 6291
1258 1745 6290
1257 1746 6289
1256 1747 6288
1255 1748 6287
1254 1749 6286
1253 1750 6285
1252 1751 6284
1251 1752 6283
1250 1753 6282
1249 1754 6281
1248 1755 6280
1247 1756 6279
1246 1757 6278
1245 1758 6277
1244 1759 6276
1243 1760 6275
1242 1761 6274
1241 1762 6273
1240 1763 6272
1239 1764 6271
1238 1765 6270
1237 1766 6269
1236 1767 6268
1235 1768 6267
1234 1769 6266
1233 1770 6265
1232 1771 6264
1231 1772 6263
1230 1773 6262
1229 1774 6261
1228 1775 6260
1227 1776 6259
1226 1777 6258
1225 1778 6257
1224 1779 6256
1223 1780 6255
1222 1781 6254
1221 1782 6253
1220 1783 6252
1219 1784 6251
1218 1785 6250
1217 1786 6249
1216 1787 6248
1215 1788 6247
1214 1789 6246
1213 1790 6245
1212 1791 6244
1211 1792 6243
1210 1793 6242
1209 1794 6241
1208 1795 6240
1207 1796 6239
1206 1797 6238
1205 1798 6237
1204 1799 6236
1203 1800 6235
1202 1801 6234
1201 1802 6233
1200 1803 6232
1199 1804 6231
1198 1805 6230
1197 1806 6229
1196 1807 6228
1195 1808 6227
1194 1809 6226
1193 1810 6225
1192 1811 6224
1191 1812 6223
1190 1813 6222
1189 1814 6221
1188 1815 6220
1187 1816 6219
1186 1817 6218
1185 1818 6217
1184 1819 6216
1183 1820 6215
1182 1821 6214
1181 1822 6213
1180 1823 6212
1179 1824 6211
1178 1825 6210
1177 1826 6209
1176 1827 6208
1175 1828 6207
1174 1829 6206
1173 1830 6205
1172 1831 6204
1171 1832 6203
1170 1833 6202
1169 1834 6201
1168 1835 6200
1167 1836 6199
1166 1837 6198
1165 1838 6197
1164 1839 6196
1163 1840 6195
1162 1841 6194
1161 1842 6193
1160 1843 6192
1159 1844 6191
1158 1845 6190
1157 1846 6189
1156 1847 6188
1155 1848 6187
1154 1849 6186
1153 1850 6185
1152 1851 6184
1151 1852 6183
1150 1853 6182
1149 1854 6181
1148 1855 6180
1147 1856 6179
1146 1857 6178
1145 1858 6177
1144 1859 6176
1143 1860 6175
1142 1861 6174
1141 1862 6173
1140 1863 6172
1139 1864 6171
1138 1865 6170
1137 1866 6169
1136 1867 6168
1135 1868 6167
1134 1869 6166
1133 1870 6165
1132 1871 6164
1131 1872 6163
1130 1873 6162
1129 1874 6161
1128 1875 6160
1127 1876 6159
1126 1877 6158
1125 1878 6157
1124 1879 6156
1123 1880 6155
1122 1881 6154
1121 1882 6153
1120 1883 6152
1119 1884 6151
1118 1885 6150
1117 1886 6149
1116 1887 6148
1115 1888 6147
1114 1889 6146
1113 1890 6145
1112 1891 6144
1111 1892 6143
1110 1893 6142
1109 1894 6141
1108 1895 6140
1107 1896 6139
1106 1897 6138
1105 1898 6137
1104 1899 6136
1103 1900 6135
1102 1901 6134
1101 1902 6133
1100 1903 6132
1099 1904 6131
1098 1905 6130
1097 1906 6129
1096 1907 6128
1095 1908 6127
1094 1909 6126
1093 1910 6125
1092 1911 6124
1091 1912 6123
1090 1913 6122
1089 1914 6121
1088 1915 6120
1087 1916 6119
1086 1917 6118
1085 1918 6117
1084 1919 6116
1083 1920 6115
1082 1921 6114
1081 1922 6113
1080 1923 6112
1079 1924 6111
1078 1925 6110
1077 1926 6109
1076 1927 6108
1075 1928 6107
1074 1929 6106
1073 1930 6105
1072 1931 6104
1071 1932 6103
1070 1933 6102
1069 1934 6101
1068 1935 6100
1067 1936 6099
1066 1937 6098
1065 1938 6097
1064 1939 6096
1063 1940 6095
1062 1941 6094
1061 1942 6093
1060 1943 6092
1059 1944 6091
1058 1945 6090
1057 1946 6089
1056 1947 6088
1055 1948 6087
1054 1949 6086
1053 1950 6085
1052 1951 6084
1051 1952 6083
1050 1953 6082
1049 1954 6081
1048 1955 6080
1047 1956 6079
1046 1957 6078
1045 1958 6077
1044 1959 6076
1043 1960 6075
1042 1961 6074
1041 1962 6073
1040 1963 6072
1039 1964 6071
1038 1965 6070
1037 1966 6069
1036 1967 6068
1035 1968 6067
1034 1969 6066
1033 1970 6065
1032 1971 6064
1031 1972 6063
1030 1973 6062
1029 1974 6061
1028 1975 6060
1027 1976 6059
1026 1977 6058
1025 1978 6057
1024 1979 6056
1023 1980 6055
1022 1981 6054
1021 1982 6053
1020 1983 6052
1019 1984 6051
1018 1985 6050
1017 1986 6049
1016 1987 6048
1015 1988 6047
1014 1989 6046
1013 1990 6045
1012 1991 6044
1011 1992 6043
1010 1993 6042
1009 1994 6041
1008 1995 6040
1007 1996 6039
1006 1997 6038
1005 1998 6037
1004 1999 6036
1003 2000 6035
1002 2001 6034
1001 2002 6033
1000 2003 6032
999 2004 6031
998 2005 6030
997 2006 6029
996 2007 6028
995 2008 6027
994 2009 6026
993 2010 6025
992 2011 6024
991 2012 6023
990 2013 6022
989 2014 6021
988 2015 6020
987 2016 6019
986 2017 6018
985 2018 6017
984 2019 6016
983 2020 6015
982 2021 6014
981 2022 6013
980 2023 6012
979 2024 6011
978 2025 6010
977 2026 6009
976 2027 6008
975 2028 6007
974 2029 6006
973 2030 6005
972 2031 6004
971 2032 6003
970 2033 6002
969 2034 6001
