416
3000 3 6416
2999 4 6415
2998 5 6414
2997 6 6413
2996 7 6412
2995 8 6411
2994 9 6410
2993 10 6409
2992 11 6408
2991 12 6407
2990 13 6406
2989 14 6405
2988 15 6404
2987 16 6403
2986 17 6402
2985 18 6401
2984 19 6400
2983 20 6399
2982 21 6398
2981 22 6397
2980 23 6396
2979 24 6395
2978 25 6394
2977 26 6393
2976 27 6392
2975 28 6391
2974 29 6390
2973 30 6389
2972 31 6388
2971 32 6387
2970 33 6386
2969 34 6385
2968 35 6384
2967 36 6383
2966 37 6382
2965 38 6381
2964 39 6380
2963 40 6379
2962 41 6378
2961 42 6377
2960 43 6376
2959 44 6375
2958 45 6374
2957 46 6373
2956 47 6372
2955 48 6371
2954 49 6370
2953 50 6369
2952 51 6368
2951 52 6367
2950 53 6366
2949 54 6365
2948 55 6364
2947 56 6363
2946 57 6362
2945 58 6361
2944 59 6360
2943 60 6359
2942 61 6358
2941 62 6357
2940 63 6356
2939 64 6355
2938 65 6354
2937 66 6353
2936 67 6352
2935 68 6351
2934 69 6350
2933 70 6349
2932 71 6348
2931 72 6347
2930 73 6346
2929 74 6345
2928 75 6344
2927 76 6343
2926 77 6342
2925 78 6341
2924 79 6340
2923 80 6339
2922 81 6338
2921 82 6337
2920 83 6336
2919 84 6335
2918 85 6334
2917 86 6333
2916 87 6332
2915 88 6331
2914 89 6330
2913 90 6329
2912 91 6328
2911 92 6327
2910 93 6326
2909 94 6325
2908 95 6324
2907 96 6323
2906 97 6322
2905 98 6321
2904 99 6320
2903 100 6319
2902 101 6318
2901 102 6317
2900 103 6316
2899 104 6315
2898 105 6314
2897 106 6313
2896 107 6312
2895 108 6311
2894 109 6310
2893 110 6309
2892 111 6308
2891 112 6307
2890 113 6306
2889 114 6305
2888 115 6304
2887 116 6303
2886 117 6302
2885 118 6301
2884 119 6300
2883 120 6299
2882 121 6298
2881 122 6297
2880 123 6296
2879 124 6295
2878 125 6294
2877 126 6293
2876 127 6292
2875 128 6291
2874 129 6290
2873 130 6289
2872 131 6288
2871 132 6287
2870 133 6286
2869 134 6285
2868 135 6284
2867 136 6283
2866 137 6282
2865 138 6281
2864 139 6280
2863 140 6279
2862 141 6278
2861 142 6277
2860 143 6276
2859 144 6275
2858 145 6274
2857 146 6273
2856 147 6272
2855 148 6271
2854 149 6270
2853 150 6269
2852 151 6268
2851 152 6267
2850 153 6266
2849 154 6265
2848 155 6264
2847 156 6263
2846 157 6262
2845 158 6261
2844 159 6260
2843 160 6259
2842 161 6258
2841 162 6257
2840 163 6256
2839 164 6255
2838 165 6254
2837 166 6253
2836 167 6252
2835 168 6251
2834 169 6250
2833 170 6249
2832 171 6248
2831 172 6247
2830 173 6246
2829 174 6245
2828 175 6244
2827 176 6243
2826 177 6242
2825 178 6241
2824 179 6240
2823 180 6239
2822 181 6238
2821 182 6237
2820 183 6236
2819 184 6235
2818 185 6234
2817 186 6233
2816 187 6232
2815 188 6231
2814 189 6230
2813 190 6229
2812 191 6228
2811 192 6227
2810 193 6226
2809 194 6225
2808 195 6224
2807 196 6223
2806 197 6222
2805 198 6221
2804 199 6220
2803 200 6219
2802 201 6218
2801 202 6217
2800 203 6216
2799 204 6215
2798 205 6214
2797 206 6213
2796 207 6212
2795 208 6211
2794 209 6210
2793 210 6209
2792 211 6208
2791 212 6207
2790 213 6206
2789 214 6205
2788 215 6204
2787 216 6203
2786 217 6202
2785 218 6201
2784 219 6200
2783 220 6199
2782 221 6198
2781 222 6197
2780 223 6196
2779 224 6195
2778 225 6194
2777 226 6193
2776 227 6192
2775 228 6191
2774 229 6190
2773 230 6189
2772 231 6188
2771 232 6187
2770 233 6186
2769 234 6185
2768 235 6184
2767 236 6183
2766 237 6182
2765 238 6181
2764 239 6180
2763 240 6179
2762 241 6178
2761 242 6177
2760 243 6176
2759 244 6175
2758 245 6174
2757 246 6173
2756 247 6172
2755 248 6171
2754 249 6170
2753 250 6169
2752 251 6168
2751 252 6167
2750 253 6166
2749 254 6165
2748 255 6164
2747 256 6163
2746 257 6162
2745 258 6161
2744 259 6160
2743 260 6159
2742 261 6158
2741 262 6157
2740 263 6156
2739 264 6155
2738 265 6154
2737 266 6153
2736 267 6152
2735 268 6151
2734 269 6150
2733 270 6149
2732 271 6148
2731 272 6147
2730 273 6146
2729 274 6145
2728 275 6144
2727 276 6143
2726 277 6142
2725 278 6141
2724 279 6140
2723 280 6139
2722 281 6138
2721 282 6137
2720 283 6136
2719 284 6135
2718 285 6134
2717 286 6133
2716 287 6132
2715 288 6131
2714 289 6130
2713 290 6129
2712 291 6128
2711 292 6127
2710 293 6126
2709 294 6125
2708 295 6124
2707 296 6123
2706 297 6122
2705 298 6121
2704 299 6120
2703 300 6119
2702 301 6118
2701 302 6117
2700 303 6116
2699 304 6115
2698 305 6114
2697 306 6113
2696 307 6112
2695 308 6111
2694 309 6110
2693 310 6109
2692 311 6108
2691 312 6107
2690 313 6106
2689 314 6105
2688 315 6104
2687 316 6103
2686 317 6102
2685 318 6101
2684 319 6100
2683 320 6099
2682 321 6098
2681 322 6097
2680 323 6096
2679 324 6095
2678 325 6094
2677 326 6093
2676 327 6092
2675 328 6091
2674 329 6090
2673 330 6089
2672 331 6088
2671 332 6087
2670 333 6086
2669 334 6085
2668 335 6084
2667 336 6083
2666 337 6082
2665 338 6081
2664 339 6080
2663 340 6079
2662 341 6078
2661 342 6077
2660 343 6076
2659 344 6075
2658 345 6074
2657 346 6073
2656 347 6072
2655 348 6071
2654 349 6070
2653 350 6069
2652 351 6068
2651 352 6067
2650 353 6066
2649 354 6065
2648 355 6064
2647 356 6063
2646 357 6062
2645 358 6061
2644 359 6060
2643 360 6059
2642 361 6058
2641 362 6057
2640 363 6056
2639 364 6055
2638 365 6054
2637 366 6053
2636 367 6052
2635 368 6051
2634 369 6050
2633 370 6049
2632 371 6048
2631 372 6047
2630 373 6046
2629 374 6045
2628 375 6044
2627 376 6043
2626 377 6042
2625 378 6041
2624 379 6040
2623 380 6039
2622 381 6038
2621 382 6037
2620 383 6036
2619 384 6035
2618 385 6034
2617 386 6033
2616 387 6032
2615 388 6031
2614 389 6030
2613 390 6029
2612 391 6028
2611 392 6027
2610 393 6026
2609 394 6025
2608 395 6024
2607 396 6023
2606 397 6022
2605 398 6021
2604 399 6020
2603 400 6019
2602 401 6018
2601 402 6017
2600 403 6016
2599 404 6015
2598 405 6014
2597 406 6013
2596 407 6012
2595 408 6011
2594 409 6010
2593 410 6009
2592 411 6008
2591 412 6007
2590 413 6006
2589 414 6005
2588 415 6004
2587 416 6003
2586 417 6002
2585 418 6001
