1118
3000 3 7118
2999 4 7117
2998 5 7116
2997 6 7115
2996 7 7114
2995 8 7113
2994 9 7112
2993 10 7111
2992 11 7110
2991 12 7109
2990 13 7108
2989 14 7107
2988 15 7106
2987 16 7105
2986 17 7104
2985 18 7103
2984 19 7102
2983 20 7101
2982 21 7100
2981 22 7099
2980 23 7098
2979 24 7097
2978 25 7096
2977 26 7095
2976 27 7094
2975 28 7093
2974 29 7092
2973 30 7091
2972 31 7090
2971 32 7089
2970 33 7088
2969 34 7087
2968 35 7086
2967 36 7085
2966 37 7084
2965 38 7083
2964 39 7082
2963 40 7081
2962 41 7080
2961 42 7079
2960 43 7078
2959 44 7077
2958 45 7076
2957 46 7075
2956 47 7074
2955 48 7073
2954 49 7072
2953 50 7071
2952 51 7070
2951 52 7069
2950 53 7068
2949 54 7067
2948 55 7066
2947 56 7065
2946 57 7064
2945 58 7063
2944 59 7062
2943 60 7061
2942 61 7060
2941 62 7059
2940 63 7058
2939 64 7057
2938 65 7056
2937 66 7055
2936 67 7054
2935 68 7053
2934 69 7052
2933 70 7051
2932 71 7050
2931 72 7049
2930 73 7048
2929 74 7047
2928 75 7046
2927 76 7045
2926 77 7044
2925 78 7043
2924 79 7042
2923 80 7041
2922 81 7040
2921 82 7039
2920 83 7038
2919 84 7037
2918 85 7036
2917 86 7035
2916 87 7034
2915 88 7033
2914 89 7032
2913 90 7031
2912 91 7030
2911 92 7029
2910 93 7028
2909 94 7027
2908 95 7026
2907 96 7025
2906 97 7024
2905 98 7023
2904 99 7022
2903 100 7021
2902 101 7020
2901 102 7019
2900 103 7018
2899 104 7017
2898 105 7016
2897 106 7015
2896 107 7014
2895 108 7013
2894 109 7012
2893 110 7011
2892 111 7010
2891 112 7009
2890 113 7008
2889 114 7007
2888 115 7006
2887 116 7005
2886 117 7004
2885 118 7003
2884 119 7002
2883 120 7001
2882 121 7000
2881 122 6999
2880 123 6998
2879 124 6997
2878 125 6996
2877 126 6995
2876 127 6994
2875 128 6993
2874 129 6992
2873 130 6991
2872 131 6990
2871 132 6989
2870 133 6988
2869 134 6987
2868 135 6986
2867 136 6985
2866 137 6984
2865 138 6983
2864 139 6982
2863 140 6981
2862 141 6980
2861 142 6979
2860 143 6978
2859 144 6977
2858 145 6976
2857 146 6975
2856 147 6974
2855 148 6973
2854 149 6972
2853 150 6971
2852 151 6970
2851 152 6969
2850 153 6968
2849 154 6967
2848 155 6966
2847 156 6965
2846 157 6964
2845 158 6963
2844 159 6962
2843 160 6961
2842 161 6960
2841 162 6959
2840 163 6958
2839 164 6957
2838 165 6956
2837 166 6955
2836 167 6954
2835 168 6953
2834 169 6952
2833 170 6951
2832 171 6950
2831 172 6949
2830 173 6948
2829 174 6947
2828 175 6946
2827 176 6945
2826 177 6944
2825 178 6943
2824 179 6942
2823 180 6941
2822 181 6940
2821 182 6939
2820 183 6938
2819 184 6937
2818 185 6936
2817 186 6935
2816 187 6934
2815 188 6933
2814 189 6932
2813 190 6931
2812 191 6930
2811 192 6929
2810 193 6928
2809 194 6927
2808 195 6926
2807 196 6925
2806 197 6924
2805 198 6923
2804 199 6922
2803 200 6921
2802 201 6920
2801 202 6919
2800 203 6918
2799 204 6917
2798 205 6916
2797 206 6915
2796 207 6914
2795 208 6913
2794 209 6912
2793 210 6911
2792 211 6910
2791 212 6909
2790 213 6908
2789 214 6907
2788 215 6906
2787 216 6905
2786 217 6904
2785 218 6903
2784 219 6902
2783 220 6901
2782 221 6900
2781 222 6899
2780 223 6898
2779 224 6897
2778 225 6896
2777 226 6895
2776 227 6894
2775 228 6893
2774 229 6892
2773 230 6891
2772 231 6890
2771 232 6889
2770 233 6888
2769 234 6887
2768 235 6886
2767 236 6885
2766 237 6884
2765 238 6883
2764 239 6882
2763 240 6881
2762 241 6880
2761 242 6879
2760 243 6878
2759 244 6877
2758 245 6876
2757 246 6875
2756 247 6874
2755 248 6873
2754 249 6872
2753 250 6871
2752 251 6870
2751 252 6869
2750 253 6868
2749 254 6867
2748 255 6866
2747 256 6865
2746 257 6864
2745 258 6863
2744 259 6862
2743 260 6861
2742 261 6860
2741 262 6859
2740 263 6858
2739 264 6857
2738 265 6856
2737 266 6855
2736 267 6854
2735 268 6853
2734 269 6852
2733 270 6851
2732 271 6850
2731 272 6849
2730 273 6848
2729 274 6847
2728 275 6846
2727 276 6845
2726 277 6844
2725 278 6843
2724 279 6842
2723 280 6841
2722 281 6840
2721 282 6839
2720 283 6838
2719 284 6837
2718 285 6836
2717 286 6835
2716 287 6834
2715 288 6833
2714 289 6832
2713 290 6831
2712 291 6830
2711 292 6829
2710 293 6828
2709 294 6827
2708 295 6826
2707 296 6825
2706 297 6824
2705 298 6823
2704 299 6822
2703 300 6821
2702 301 6820
2701 302 6819
2700 303 6818
2699 304 6817
2698 305 6816
2697 306 6815
2696 307 6814
2695 308 6813
2694 309 6812
2693 310 6811
2692 311 6810
2691 312 6809
2690 313 6808
2689 314 6807
2688 315 6806
2687 316 6805
2686 317 6804
2685 318 6803
2684 319 6802
2683 320 6801
2682 321 6800
2681 322 6799
2680 323 6798
2679 324 6797
2678 325 6796
2677 326 6795
2676 327 6794
2675 328 6793
2674 329 6792
2673 330 6791
2672 331 6790
2671 332 6789
2670 333 6788
2669 334 6787
2668 335 6786
2667 336 6785
2666 337 6784
2665 338 6783
2664 339 6782
2663 340 6781
2662 341 6780
2661 342 6779
2660 343 6778
2659 344 6777
2658 345 6776
2657 346 6775
2656 347 6774
2655 348 6773
2654 349 6772
2653 350 6771
2652 351 6770
2651 352 6769
2650 353 6768
2649 354 6767
2648 355 6766
2647 356 6765
2646 357 6764
2645 358 6763
2644 359 6762
2643 360 6761
2642 361 6760
2641 362 6759
2640 363 6758
2639 364 6757
2638 365 6756
2637 366 6755
2636 367 6754
2635 368 6753
2634 369 6752
2633 370 6751
2632 371 6750
2631 372 6749
2630 373 6748
2629 374 6747
2628 375 6746
2627 376 6745
2626 377 6744
2625 378 6743
2624 379 6742
2623 380 6741
2622 381 6740
2621 382 6739
2620 383 6738
2619 384 6737
2618 385 6736
2617 386 6735
2616 387 6734
2615 388 6733
2614 389 6732
2613 390 6731
2612 391 6730
2611 392 6729
2610 393 6728
2609 394 6727
2608 395 6726
2607 396 6725
2606 397 6724
2605 398 6723
2604 399 6722
2603 400 6721
2602 401 6720
2601 402 6719
2600 403 6718
2599 404 6717
2598 405 6716
2597 406 6715
2596 407 6714
2595 408 6713
2594 409 6712
2593 410 6711
2592 411 6710
2591 412 6709
2590 413 6708
2589 414 6707
2588 415 6706
2587 416 6705
2586 417 6704
2585 418 6703
2584 419 6702
2583 420 6701
2582 421 6700
2581 422 6699
2580 423 6698
2579 424 6697
2578 425 6696
2577 426 6695
2576 427 6694
2575 428 6693
2574 429 6692
2573 430 6691
2572 431 6690
2571 432 6689
2570 433 6688
2569 434 6687
2568 435 6686
2567 436 6685
2566 437 6684
2565 438 6683
2564 439 6682
2563 440 6681
2562 441 6680
2561 442 6679
2560 443 6678
2559 444 6677
2558 445 6676
2557 446 6675
2556 447 6674
2555 448 6673
2554 449 6672
2553 450 6671
2552 451 6670
2551 452 6669
2550 453 6668
2549 454 6667
2548 455 6666
2547 456 6665
2546 457 6664
2545 458 6663
2544 459 6662
2543 460 6661
2542 461 6660
2541 462 6659
2540 463 6658
2539 464 6657
2538 465 6656
2537 466 6655
2536 467 6654
2535 468 6653
2534 469 6652
2533 470 6651
2532 471 6650
2531 472 6649
2530 473 6648
2529 474 6647
2528 475 6646
2527 476 6645
2526 477 6644
2525 478 6643
2524 479 6642
2523 480 6641
2522 481 6640
2521 482 6639
2520 483 6638
2519 484 6637
2518 485 6636
2517 486 6635
2516 487 6634
2515 488 6633
2514 489 6632
2513 490 6631
2512 491 6630
2511 492 6629
2510 493 6628
2509 494 6627
2508 495 6626
2507 496 6625
2506 497 6624
2505 498 6623
2504 499 6622
2503 500 6621
2502 501 6620
2501 502 6619
2500 503 6618
2499 504 6617
2498 505 6616
2497 506 6615
2496 507 6614
2495 508 6613
2494 509 6612
2493 510 6611
2492 511 6610
2491 512 6609
2490 513 6608
2489 514 6607
2488 515 6606
2487 516 6605
2486 517 6604
2485 518 6603
2484 519 6602
2483 520 6601
2482 521 6600
2481 522 6599
2480 523 6598
2479 524 6597
2478 525 6596
2477 526 6595
2476 527 6594
2475 528 6593
2474 529 6592
2473 530 6591
2472 531 6590
2471 532 6589
2470 533 6588
2469 534 6587
2468 535 6586
2467 536 6585
2466 537 6584
2465 538 6583
2464 539 6582
2463 540 6581
2462 541 6580
2461 542 6579
2460 543 6578
2459 544 6577
2458 545 6576
2457 546 6575
2456 547 6574
2455 548 6573
2454 549 6572
2453 550 6571
2452 551 6570
2451 552 6569
2450 553 6568
2449 554 6567
2448 555 6566
2447 556 6565
2446 557 6564
2445 558 6563
2444 559 6562
2443 560 6561
2442 561 6560
2441 562 6559
2440 563 6558
2439 564 6557
2438 565 6556
2437 566 6555
2436 567 6554
2435 568 6553
2434 569 6552
2433 570 6551
2432 571 6550
2431 572 6549
2430 573 6548
2429 574 6547
2428 575 6546
2427 576 6545
2426 577 6544
2425 578 6543
2424 579 6542
2423 580 6541
2422 581 6540
2421 582 6539
2420 583 6538
2419 584 6537
2418 585 6536
2417 586 6535
2416 587 6534
2415 588 6533
2414 589 6532
2413 590 6531
2412 591 6530
2411 592 6529
2410 593 6528
2409 594 6527
2408 595 6526
2407 596 6525
2406 597 6524
2405 598 6523
2404 599 6522
2403 600 6521
2402 601 6520
2401 602 6519
2400 603 6518
2399 604 6517
2398 605 6516
2397 606 6515
2396 607 6514
2395 608 6513
2394 609 6512
2393 610 6511
2392 611 6510
2391 612 6509
2390 613 6508
2389 614 6507
2388 615 6506
2387 616 6505
2386 617 6504
2385 618 6503
2384 619 6502
2383 620 6501
2382 621 6500
2381 622 6499
2380 623 6498
2379 624 6497
2378 625 6496
2377 626 6495
2376 627 6494
2375 628 6493
2374 629 6492
2373 630 6491
2372 631 6490
2371 632 6489
2370 633 6488
2369 634 6487
2368 635 6486
2367 636 6485
2366 637 6484
2365 638 6483
2364 639 6482
2363 640 6481
2362 641 6480
2361 642 6479
2360 643 6478
2359 644 6477
2358 645 6476
2357 646 6475
2356 647 6474
2355 648 6473
2354 649 6472
2353 650 6471
2352 651 6470
2351 652 6469
2350 653 6468
2349 654 6467
2348 655 6466
2347 656 6465
2346 657 6464
2345 658 6463
2344 659 6462
2343 660 6461
2342 661 6460
2341 662 6459
2340 663 6458
2339 664 6457
2338 665 6456
2337 666 6455
2336 667 6454
2335 668 6453
2334 669 6452
2333 670 6451
2332 671 6450
2331 672 6449
2330 673 6448
2329 674 6447
2328 675 6446
2327 676 6445
2326 677 6444
2325 678 6443
2324 679 6442
2323 680 6441
2322 681 6440
2321 682 6439
2320 683 6438
2319 684 6437
2318 685 6436
2317 686 6435
2316 687 6434
2315 688 6433
2314 689 6432
2313 690 6431
2312 691 6430
2311 692 6429
2310 693 6428
2309 694 6427
2308 695 6426
2307 696 6425
2306 697 6424
2305 698 6423
2304 699 6422
2303 700 6421
2302 701 6420
2301 702 6419
2300 703 6418
2299 704 6417
2298 705 6416
2297 706 6415
2296 707 6414
2295 708 6413
2294 709 6412
2293 710 6411
2292 711 6410
2291 712 6409
2290 713 6408
2289 714 6407
2288 715 6406
2287 716 6405
2286 717 6404
2285 718 6403
2284 719 6402
2283 720 6401
2282 721 6400
2281 722 6399
2280 723 6398
2279 724 6397
2278 725 6396
2277 726 6395
2276 727 6394
2275 728 6393
2274 729 6392
2273 730 6391
2272 731 6390
2271 732 6389
2270 733 6388
2269 734 6387
2268 735 6386
2267 736 6385
2266 737 6384
2265 738 6383
2264 739 6382
2263 740 6381
2262 741 6380
2261 742 6379
2260 743 6378
2259 744 6377
2258 745 6376
2257 746 6375
2256 747 6374
2255 748 6373
2254 749 6372
2253 750 6371
2252 751 6370
2251 752 6369
2250 753 6368
2249 754 6367
2248 755 6366
2247 756 6365
2246 757 6364
2245 758 6363
2244 759 6362
2243 760 6361
2242 761 6360
2241 762 6359
2240 763 6358
2239 764 6357
2238 765 6356
2237 766 6355
2236 767 6354
2235 768 6353
2234 769 6352
2233 770 6351
2232 771 6350
2231 772 6349
2230 773 6348
2229 774 6347
2228 775 6346
2227 776 6345
2226 777 6344
2225 778 6343
2224 779 6342
2223 780 6341
2222 781 6340
2221 782 6339
2220 783 6338
2219 784 6337
2218 785 6336
2217 786 6335
2216 787 6334
2215 788 6333
2214 789 6332
2213 790 6331
2212 791 6330
2211 792 6329
2210 793 6328
2209 794 6327
2208 795 6326
2207 796 6325
2206 797 6324
2205 798 6323
2204 799 6322
2203 800 6321
2202 801 6320
2201 802 6319
2200 803 6318
2199 804 6317
2198 805 6316
2197 806 6315
2196 807 6314
2195 808 6313
2194 809 6312
2193 810 6311
2192 811 6310
2191 812 6309
2190 813 6308
2189 814 6307
2188 815 6306
2187 816 6305
2186 817 6304
2185 818 6303
2184 819 6302
2183 820 6301
2182 821 6300
2181 822 6299
2180 823 6298
2179 824 6297
2178 825 6296
2177 826 6295
2176 827 6294
2175 828 6293
2174 829 6292
2173 830 6291
2172 831 6290
2171 832 6289
2170 833 6288
2169 834 6287
2168 835 6286
2167 836 6285
2166 837 6284
2165 838 6283
2164 839 6282
2163 840 6281
2162 841 6280
2161 842 6279
2160 843 6278
2159 844 6277
2158 845 6276
2157 846 6275
2156 847 6274
2155 848 6273
2154 849 6272
2153 850 6271
2152 851 6270
2151 852 6269
2150 853 6268
2149 854 6267
2148 855 6266
2147 856 6265
2146 857 6264
2145 858 6263
2144 859 6262
2143 860 6261
2142 861 6260
2141 862 6259
2140 863 6258
2139 864 6257
2138 865 6256
2137 866 6255
2136 867 6254
2135 868 6253
2134 869 6252
2133 870 6251
2132 871 6250
2131 872 6249
2130 873 6248
2129 874 6247
2128 875 6246
2127 876 6245
2126 877 6244
2125 878 6243
2124 879 6242
2123 880 6241
2122 881 6240
2121 882 6239
2120 883 6238
2119 884 6237
2118 885 6236
2117 886 6235
2116 887 6234
2115 888 6233
2114 889 6232
2113 890 6231
2112 891 6230
2111 892 6229
2110 893 6228
2109 894 6227
2108 895 6226
2107 896 6225
2106 897 6224
2105 898 6223
2104 899 6222
2103 900 6221
2102 901 6220
2101 902 6219
2100 903 6218
2099 904 6217
2098 905 6216
2097 906 6215
2096 907 6214
2095 908 6213
2094 909 6212
2093 910 6211
2092 911 6210
2091 912 6209
2090 913 6208
2089 914 6207
2088 915 6206
2087 916 6205
2086 917 6204
2085 918 6203
2084 919 6202
2083 920 6201
2082 921 6200
2081 922 6199
2080 923 6198
2079 924 6197
2078 925 6196
2077 926 6195
2076 927 6194
2075 928 6193
2074 929 6192
2073 930 6191
2072 931 6190
2071 932 6189
2070 933 6188
2069 934 6187
2068 935 6186
2067 936 6185
2066 937 6184
2065 938 6183
2064 939 6182
2063 940 6181
2062 941 6180
2061 942 6179
2060 943 6178
2059 944 6177
2058 945 6176
2057 946 6175
2056 947 6174
2055 948 6173
2054 949 6172
2053 950 6171
2052 951 6170
2051 952 6169
2050 953 6168
2049 954 6167
2048 955 6166
2047 956 6165
2046 957 6164
2045 958 6163
2044 959 6162
2043 960 6161
2042 961 6160
2041 962 6159
2040 963 6158
2039 964 6157
2038 965 6156
2037 966 6155
2036 967 6154
2035 968 6153
2034 969 6152
2033 970 6151
2032 971 6150
2031 972 6149
2030 973 6148
2029 974 6147
2028 975 6146
2027 976 6145
2026 977 6144
2025 978 6143
2024 979 6142
2023 980 6141
2022 981 6140
2021 982 6139
2020 983 6138
2019 984 6137
2018 985 6136
2017 986 6135
2016 987 6134
2015 988 6133
2014 989 6132
2013 990 6131
2012 991 6130
2011 992 6129
2010 993 6128
2009 994 6127
2008 995 6126
2007 996 6125
2006 997 6124
2005 998 6123
2004 999 6122
2003 1000 6121
2002 1001 6120
2001 1002 6119
2000 1003 6118
1999 1004 6117
1998 1005 6116
1997 1006 6115
1996 1007 6114
1995 1008 6113
1994 1009 6112
1993 1010 6111
1992 1011 6110
1991 1012 6109
1990 1013 6108
1989 1014 6107
1988 1015 6106
1987 1016 6105
1986 1017 6104
1985 1018 6103
1984 1019 6102
1983 1020 6101
1982 1021 6100
1981 1022 6099
1980 1023 6098
1979 1024 6097
1978 1025 6096
1977 1026 6095
1976 1027 6094
1975 1028 6093
1974 1029 6092
1973 1030 6091
1972 1031 6090
1971 1032 6089
1970 1033 6088
1969 1034 6087
1968 1035 6086
1967 1036 6085
1966 1037 6084
1965 1038 6083
1964 1039 6082
1963 1040 6081
1962 1041 6080
1961 1042 6079
1960 1043 6078
1959 1044 6077
1958 1045 6076
1957 1046 6075
1956 1047 6074
1955 1048 6073
1954 1049 6072
1953 1050 6071
1952 1051 6070
1951 1052 6069
1950 1053 6068
1949 1054 6067
1948 1055 6066
1947 1056 6065
1946 1057 6064
1945 1058 6063
1944 1059 6062
1943 1060 6061
1942 1061 6060
1941 1062 6059
1940 1063 6058
1939 1064 6057
1938 1065 6056
1937 1066 6055
1936 1067 6054
1935 1068 6053
1934 1069 6052
1933 1070 6051
1932 1071 6050
1931 1072 6049
1930 1073 6048
1929 1074 6047
1928 1075 6046
1927 1076 6045
1926 1077 6044
1925 1078 6043
1924 1079 6042
1923 1080 6041
1922 1081 6040
1921 1082 6039
1920 1083 6038
1919 1084 6037
1918 1085 6036
1917 1086 6035
1916 1087 6034
1915 1088 6033
1914 1089 6032
1913 1090 6031
1912 1091 6030
1911 1092 6029
1910 1093 6028
1909 1094 6027
1908 1095 6026
1907 1096 6025
1906 1097 6024
1905 1098 6023
1904 1099 6022
1903 1100 6021
1902 1101 6020
1901 1102 6019
1900 1103 6018
1899 1104 6017
1898 1105 6016
1897 1106 6015
1896 1107 6014
1895 1108 6013
1894 1109 6012
1893 1110 6011
1892 1111 6010
1891 1112 6009
1890 1113 6008
1889 1114 6007
1888 1115 6006
1887 1116 6005
1886 1117 6004
1885 1118 6003
1884 1119 6002
1883 1120 6001
