1855
3000 3 7855
2999 4 7854
2998 5 7853
2997 6 7852
2996 7 7851
2995 8 7850
2994 9 7849
2993 10 7848
2992 11 7847
2991 12 7846
2990 13 7845
2989 14 7844
2988 15 7843
2987 16 7842
2986 17 7841
2985 18 7840
2984 19 7839
2983 20 7838
2982 21 7837
2981 22 7836
2980 23 7835
2979 24 7834
2978 25 7833
2977 26 7832
2976 27 7831
2975 28 7830
2974 29 7829
2973 30 7828
2972 31 7827
2971 32 7826
2970 33 7825
2969 34 7824
2968 35 7823
2967 36 7822
2966 37 7821
2965 38 7820
2964 39 7819
2963 40 7818
2962 41 7817
2961 42 7816
2960 43 7815
2959 44 7814
2958 45 7813
2957 46 7812
2956 47 7811
2955 48 7810
2954 49 7809
2953 50 7808
2952 51 7807
2951 52 7806
2950 53 7805
2949 54 7804
2948 55 7803
2947 56 7802
2946 57 7801
2945 58 7800
2944 59 7799
2943 60 7798
2942 61 7797
2941 62 7796
2940 63 7795
2939 64 7794
2938 65 7793
2937 66 7792
2936 67 7791
2935 68 7790
2934 69 7789
2933 70 7788
2932 71 7787
2931 72 7786
2930 73 7785
2929 74 7784
2928 75 7783
2927 76 7782
2926 77 7781
2925 78 7780
2924 79 7779
2923 80 7778
2922 81 7777
2921 82 7776
2920 83 7775
2919 84 7774
2918 85 7773
2917 86 7772
2916 87 7771
2915 88 7770
2914 89 7769
2913 90 7768
2912 91 7767
2911 92 7766
2910 93 7765
2909 94 7764
2908 95 7763
2907 96 7762
2906 97 7761
2905 98 7760
2904 99 7759
2903 100 7758
2902 101 7757
2901 102 7756
2900 103 7755
2899 104 7754
2898 105 7753
2897 106 7752
2896 107 7751
2895 108 7750
2894 109 7749
2893 110 7748
2892 111 7747
2891 112 7746
2890 113 7745
2889 114 7744
2888 115 7743
2887 116 7742
2886 117 7741
2885 118 7740
2884 119 7739
2883 120 7738
2882 121 7737
2881 122 7736
2880 123 7735
2879 124 7734
2878 125 7733
2877 126 7732
2876 127 7731
2875 128 7730
2874 129 7729
2873 130 7728
2872 131 7727
2871 132 7726
2870 133 7725
2869 134 7724
2868 135 7723
2867 136 7722
2866 137 7721
2865 138 7720
2864 139 7719
2863 140 7718
2862 141 7717
2861 142 7716
2860 143 7715
2859 144 7714
2858 145 7713
2857 146 7712
2856 147 7711
2855 148 7710
2854 149 7709
2853 150 7708
2852 151 7707
2851 152 7706
2850 153 7705
2849 154 7704
2848 155 7703
2847 156 7702
2846 157 7701
2845 158 7700
2844 159 7699
2843 160 7698
2842 161 7697
2841 162 7696
2840 163 7695
2839 164 7694
2838 165 7693
2837 166 7692
2836 167 7691
2835 168 7690
2834 169 7689
2833 170 7688
2832 171 7687
2831 172 7686
2830 173 7685
2829 174 7684
2828 175 7683
2827 176 7682
2826 177 7681
2825 178 7680
2824 179 7679
2823 180 7678
2822 181 7677
2821 182 7676
2820 183 7675
2819 184 7674
2818 185 7673
2817 186 7672
2816 187 7671
2815 188 7670
2814 189 7669
2813 190 7668
2812 191 7667
2811 192 7666
2810 193 7665
2809 194 7664
2808 195 7663
2807 196 7662
2806 197 7661
2805 198 7660
2804 199 7659
2803 200 7658
2802 201 7657
2801 202 7656
2800 203 7655
2799 204 7654
2798 205 7653
2797 206 7652
2796 207 7651
2795 208 7650
2794 209 7649
2793 210 7648
2792 211 7647
2791 212 7646
2790 213 7645
2789 214 7644
2788 215 7643
2787 216 7642
2786 217 7641
2785 218 7640
2784 219 7639
2783 220 7638
2782 221 7637
2781 222 7636
2780 223 7635
2779 224 7634
2778 225 7633
2777 226 7632
2776 227 7631
2775 228 7630
2774 229 7629
2773 230 7628
2772 231 7627
2771 232 7626
2770 233 7625
2769 234 7624
2768 235 7623
2767 236 7622
2766 237 7621
2765 238 7620
2764 239 7619
2763 240 7618
2762 241 7617
2761 242 7616
2760 243 7615
2759 244 7614
2758 245 7613
2757 246 7612
2756 247 7611
2755 248 7610
2754 249 7609
2753 250 7608
2752 251 7607
2751 252 7606
2750 253 7605
2749 254 7604
2748 255 7603
2747 256 7602
2746 257 7601
2745 258 7600
2744 259 7599
2743 260 7598
2742 261 7597
2741 262 7596
2740 263 7595
2739 264 7594
2738 265 7593
2737 266 7592
2736 267 7591
2735 268 7590
2734 269 7589
2733 270 7588
2732 271 7587
2731 272 7586
2730 273 7585
2729 274 7584
2728 275 7583
2727 276 7582
2726 277 7581
2725 278 7580
2724 279 7579
2723 280 7578
2722 281 7577
2721 282 7576
2720 283 7575
2719 284 7574
2718 285 7573
2717 286 7572
2716 287 7571
2715 288 7570
2714 289 7569
2713 290 7568
2712 291 7567
2711 292 7566
2710 293 7565
2709 294 7564
2708 295 7563
2707 296 7562
2706 297 7561
2705 298 7560
2704 299 7559
2703 300 7558
2702 301 7557
2701 302 7556
2700 303 7555
2699 304 7554
2698 305 7553
2697 306 7552
2696 307 7551
2695 308 7550
2694 309 7549
2693 310 7548
2692 311 7547
2691 312 7546
2690 313 7545
2689 314 7544
2688 315 7543
2687 316 7542
2686 317 7541
2685 318 7540
2684 319 7539
2683 320 7538
2682 321 7537
2681 322 7536
2680 323 7535
2679 324 7534
2678 325 7533
2677 326 7532
2676 327 7531
2675 328 7530
2674 329 7529
2673 330 7528
2672 331 7527
2671 332 7526
2670 333 7525
2669 334 7524
2668 335 7523
2667 336 7522
2666 337 7521
2665 338 7520
2664 339 7519
2663 340 7518
2662 341 7517
2661 342 7516
2660 343 7515
2659 344 7514
2658 345 7513
2657 346 7512
2656 347 7511
2655 348 7510
2654 349 7509
2653 350 7508
2652 351 7507
2651 352 7506
2650 353 7505
2649 354 7504
2648 355 7503
2647 356 7502
2646 357 7501
2645 358 7500
2644 359 7499
2643 360 7498
2642 361 7497
2641 362 7496
2640 363 7495
2639 364 7494
2638 365 7493
2637 366 7492
2636 367 7491
2635 368 7490
2634 369 7489
2633 370 7488
2632 371 7487
2631 372 7486
2630 373 7485
2629 374 7484
2628 375 7483
2627 376 7482
2626 377 7481
2625 378 7480
2624 379 7479
2623 380 7478
2622 381 7477
2621 382 7476
2620 383 7475
2619 384 7474
2618 385 7473
2617 386 7472
2616 387 7471
2615 388 7470
2614 389 7469
2613 390 7468
2612 391 7467
2611 392 7466
2610 393 7465
2609 394 7464
2608 395 7463
2607 396 7462
2606 397 7461
2605 398 7460
2604 399 7459
2603 400 7458
2602 401 7457
2601 402 7456
2600 403 7455
2599 404 7454
2598 405 7453
2597 406 7452
2596 407 7451
2595 408 7450
2594 409 7449
2593 410 7448
2592 411 7447
2591 412 7446
2590 413 7445
2589 414 7444
2588 415 7443
2587 416 7442
2586 417 7441
2585 418 7440
2584 419 7439
2583 420 7438
2582 421 7437
2581 422 7436
2580 423 7435
2579 424 7434
2578 425 7433
2577 426 7432
2576 427 7431
2575 428 7430
2574 429 7429
2573 430 7428
2572 431 7427
2571 432 7426
2570 433 7425
2569 434 7424
2568 435 7423
2567 436 7422
2566 437 7421
2565 438 7420
2564 439 7419
2563 440 7418
2562 441 7417
2561 442 7416
2560 443 7415
2559 444 7414
2558 445 7413
2557 446 7412
2556 447 7411
2555 448 7410
2554 449 7409
2553 450 7408
2552 451 7407
2551 452 7406
2550 453 7405
2549 454 7404
2548 455 7403
2547 456 7402
2546 457 7401
2545 458 7400
2544 459 7399
2543 460 7398
2542 461 7397
2541 462 7396
2540 463 7395
2539 464 7394
2538 465 7393
2537 466 7392
2536 467 7391
2535 468 7390
2534 469 7389
2533 470 7388
2532 471 7387
2531 472 7386
2530 473 7385
2529 474 7384
2528 475 7383
2527 476 7382
2526 477 7381
2525 478 7380
2524 479 7379
2523 480 7378
2522 481 7377
2521 482 7376
2520 483 7375
2519 484 7374
2518 485 7373
2517 486 7372
2516 487 7371
2515 488 7370
2514 489 7369
2513 490 7368
2512 491 7367
2511 492 7366
2510 493 7365
2509 494 7364
2508 495 7363
2507 496 7362
2506 497 7361
2505 498 7360
2504 499 7359
2503 500 7358
2502 501 7357
2501 502 7356
2500 503 7355
2499 504 7354
2498 505 7353
2497 506 7352
2496 507 7351
2495 508 7350
2494 509 7349
2493 510 7348
2492 511 7347
2491 512 7346
2490 513 7345
2489 514 7344
2488 515 7343
2487 516 7342
2486 517 7341
2485 518 7340
2484 519 7339
2483 520 7338
2482 521 7337
2481 522 7336
2480 523 7335
2479 524 7334
2478 525 7333
2477 526 7332
2476 527 7331
2475 528 7330
2474 529 7329
2473 530 7328
2472 531 7327
2471 532 7326
2470 533 7325
2469 534 7324
2468 535 7323
2467 536 7322
2466 537 7321
2465 538 7320
2464 539 7319
2463 540 7318
2462 541 7317
2461 542 7316
2460 543 7315
2459 544 7314
2458 545 7313
2457 546 7312
2456 547 7311
2455 548 7310
2454 549 7309
2453 550 7308
2452 551 7307
2451 552 7306
2450 553 7305
2449 554 7304
2448 555 7303
2447 556 7302
2446 557 7301
2445 558 7300
2444 559 7299
2443 560 7298
2442 561 7297
2441 562 7296
2440 563 7295
2439 564 7294
2438 565 7293
2437 566 7292
2436 567 7291
2435 568 7290
2434 569 7289
2433 570 7288
2432 571 7287
2431 572 7286
2430 573 7285
2429 574 7284
2428 575 7283
2427 576 7282
2426 577 7281
2425 578 7280
2424 579 7279
2423 580 7278
2422 581 7277
2421 582 7276
2420 583 7275
2419 584 7274
2418 585 7273
2417 586 7272
2416 587 7271
2415 588 7270
2414 589 7269
2413 590 7268
2412 591 7267
2411 592 7266
2410 593 7265
2409 594 7264
2408 595 7263
2407 596 7262
2406 597 7261
2405 598 7260
2404 599 7259
2403 600 7258
2402 601 7257
2401 602 7256
2400 603 7255
2399 604 7254
2398 605 7253
2397 606 7252
2396 607 7251
2395 608 7250
2394 609 7249
2393 610 7248
2392 611 7247
2391 612 7246
2390 613 7245
2389 614 7244
2388 615 7243
2387 616 7242
2386 617 7241
2385 618 7240
2384 619 7239
2383 620 7238
2382 621 7237
2381 622 7236
2380 623 7235
2379 624 7234
2378 625 7233
2377 626 7232
2376 627 7231
2375 628 7230
2374 629 7229
2373 630 7228
2372 631 7227
2371 632 7226
2370 633 7225
2369 634 7224
2368 635 7223
2367 636 7222
2366 637 7221
2365 638 7220
2364 639 7219
2363 640 7218
2362 641 7217
2361 642 7216
2360 643 7215
2359 644 7214
2358 645 7213
2357 646 7212
2356 647 7211
2355 648 7210
2354 649 7209
2353 650 7208
2352 651 7207
2351 652 7206
2350 653 7205
2349 654 7204
2348 655 7203
2347 656 7202
2346 657 7201
2345 658 7200
2344 659 7199
2343 660 7198
2342 661 7197
2341 662 7196
2340 663 7195
2339 664 7194
2338 665 7193
2337 666 7192
2336 667 7191
2335 668 7190
2334 669 7189
2333 670 7188
2332 671 7187
2331 672 7186
2330 673 7185
2329 674 7184
2328 675 7183
2327 676 7182
2326 677 7181
2325 678 7180
2324 679 7179
2323 680 7178
2322 681 7177
2321 682 7176
2320 683 7175
2319 684 7174
2318 685 7173
2317 686 7172
2316 687 7171
2315 688 7170
2314 689 7169
2313 690 7168
2312 691 7167
2311 692 7166
2310 693 7165
2309 694 7164
2308 695 7163
2307 696 7162
2306 697 7161
2305 698 7160
2304 699 7159
2303 700 7158
2302 701 7157
2301 702 7156
2300 703 7155
2299 704 7154
2298 705 7153
2297 706 7152
2296 707 7151
2295 708 7150
2294 709 7149
2293 710 7148
2292 711 7147
2291 712 7146
2290 713 7145
2289 714 7144
2288 715 7143
2287 716 7142
2286 717 7141
2285 718 7140
2284 719 7139
2283 720 7138
2282 721 7137
2281 722 7136
2280 723 7135
2279 724 7134
2278 725 7133
2277 726 7132
2276 727 7131
2275 728 7130
2274 729 7129
2273 730 7128
2272 731 7127
2271 732 7126
2270 733 7125
2269 734 7124
2268 735 7123
2267 736 7122
2266 737 7121
2265 738 7120
2264 739 7119
2263 740 7118
2262 741 7117
2261 742 7116
2260 743 7115
2259 744 7114
2258 745 7113
2257 746 7112
2256 747 7111
2255 748 7110
2254 749 7109
2253 750 7108
2252 751 7107
2251 752 7106
2250 753 7105
2249 754 7104
2248 755 7103
2247 756 7102
2246 757 7101
2245 758 7100
2244 759 7099
2243 760 7098
2242 761 7097
2241 762 7096
2240 763 7095
2239 764 7094
2238 765 7093
2237 766 7092
2236 767 7091
2235 768 7090
2234 769 7089
2233 770 7088
2232 771 7087
2231 772 7086
2230 773 7085
2229 774 7084
2228 775 7083
2227 776 7082
2226 777 7081
2225 778 7080
2224 779 7079
2223 780 7078
2222 781 7077
2221 782 7076
2220 783 7075
2219 784 7074
2218 785 7073
2217 786 7072
2216 787 7071
2215 788 7070
2214 789 7069
2213 790 7068
2212 791 7067
2211 792 7066
2210 793 7065
2209 794 7064
2208 795 7063
2207 796 7062
2206 797 7061
2205 798 7060
2204 799 7059
2203 800 7058
2202 801 7057
2201 802 7056
2200 803 7055
2199 804 7054
2198 805 7053
2197 806 7052
2196 807 7051
2195 808 7050
2194 809 7049
2193 810 7048
2192 811 7047
2191 812 7046
2190 813 7045
2189 814 7044
2188 815 7043
2187 816 7042
2186 817 7041
2185 818 7040
2184 819 7039
2183 820 7038
2182 821 7037
2181 822 7036
2180 823 7035
2179 824 7034
2178 825 7033
2177 826 7032
2176 827 7031
2175 828 7030
2174 829 7029
2173 830 7028
2172 831 7027
2171 832 7026
2170 833 7025
2169 834 7024
2168 835 7023
2167 836 7022
2166 837 7021
2165 838 7020
2164 839 7019
2163 840 7018
2162 841 7017
2161 842 7016
2160 843 7015
2159 844 7014
2158 845 7013
2157 846 7012
2156 847 7011
2155 848 7010
2154 849 7009
2153 850 7008
2152 851 7007
2151 852 7006
2150 853 7005
2149 854 7004
2148 855 7003
2147 856 7002
2146 857 7001
2145 858 7000
2144 859 6999
2143 860 6998
2142 861 6997
2141 862 6996
2140 863 6995
2139 864 6994
2138 865 6993
2137 866 6992
2136 867 6991
2135 868 6990
2134 869 6989
2133 870 6988
2132 871 6987
2131 872 6986
2130 873 6985
2129 874 6984
2128 875 6983
2127 876 6982
2126 877 6981
2125 878 6980
2124 879 6979
2123 880 6978
2122 881 6977
2121 882 6976
2120 883 6975
2119 884 6974
2118 885 6973
2117 886 6972
2116 887 6971
2115 888 6970
2114 889 6969
2113 890 6968
2112 891 6967
2111 892 6966
2110 893 6965
2109 894 6964
2108 895 6963
2107 896 6962
2106 897 6961
2105 898 6960
2104 899 6959
2103 900 6958
2102 901 6957
2101 902 6956
2100 903 6955
2099 904 6954
2098 905 6953
2097 906 6952
2096 907 6951
2095 908 6950
2094 909 6949
2093 910 6948
2092 911 6947
2091 912 6946
2090 913 6945
2089 914 6944
2088 915 6943
2087 916 6942
2086 917 6941
2085 918 6940
2084 919 6939
2083 920 6938
2082 921 6937
2081 922 6936
2080 923 6935
2079 924 6934
2078 925 6933
2077 926 6932
2076 927 6931
2075 928 6930
2074 929 6929
2073 930 6928
2072 931 6927
2071 932 6926
2070 933 6925
2069 934 6924
2068 935 6923
2067 936 6922
2066 937 6921
2065 938 6920
2064 939 6919
2063 940 6918
2062 941 6917
2061 942 6916
2060 943 6915
2059 944 6914
2058 945 6913
2057 946 6912
2056 947 6911
2055 948 6910
2054 949 6909
2053 950 6908
2052 951 6907
2051 952 6906
2050 953 6905
2049 954 6904
2048 955 6903
2047 956 6902
2046 957 6901
2045 958 6900
2044 959 6899
2043 960 6898
2042 961 6897
2041 962 6896
2040 963 6895
2039 964 6894
2038 965 6893
2037 966 6892
2036 967 6891
2035 968 6890
2034 969 6889
2033 970 6888
2032 971 6887
2031 972 6886
2030 973 6885
2029 974 6884
2028 975 6883
2027 976 6882
2026 977 6881
2025 978 6880
2024 979 6879
2023 980 6878
2022 981 6877
2021 982 6876
2020 983 6875
2019 984 6874
2018 985 6873
2017 986 6872
2016 987 6871
2015 988 6870
2014 989 6869
2013 990 6868
2012 991 6867
2011 992 6866
2010 993 6865
2009 994 6864
2008 995 6863
2007 996 6862
2006 997 6861
2005 998 6860
2004 999 6859
2003 1000 6858
2002 1001 6857
2001 1002 6856
2000 1003 6855
1999 1004 6854
1998 1005 6853
1997 1006 6852
1996 1007 6851
1995 1008 6850
1994 1009 6849
1993 1010 6848
1992 1011 6847
1991 1012 6846
1990 1013 6845
1989 1014 6844
1988 1015 6843
1987 1016 6842
1986 1017 6841
1985 1018 6840
1984 1019 6839
1983 1020 6838
1982 1021 6837
1981 1022 6836
1980 1023 6835
1979 1024 6834
1978 1025 6833
1977 1026 6832
1976 1027 6831
1975 1028 6830
1974 1029 6829
1973 1030 6828
1972 1031 6827
1971 1032 6826
1970 1033 6825
1969 1034 6824
1968 1035 6823
1967 1036 6822
1966 1037 6821
1965 1038 6820
1964 1039 6819
1963 1040 6818
1962 1041 6817
1961 1042 6816
1960 1043 6815
1959 1044 6814
1958 1045 6813
1957 1046 6812
1956 1047 6811
1955 1048 6810
1954 1049 6809
1953 1050 6808
1952 1051 6807
1951 1052 6806
1950 1053 6805
1949 1054 6804
1948 1055 6803
1947 1056 6802
1946 1057 6801
1945 1058 6800
1944 1059 6799
1943 1060 6798
1942 1061 6797
1941 1062 6796
1940 1063 6795
1939 1064 6794
1938 1065 6793
1937 1066 6792
1936 1067 6791
1935 1068 6790
1934 1069 6789
1933 1070 6788
1932 1071 6787
1931 1072 6786
1930 1073 6785
1929 1074 6784
1928 1075 6783
1927 1076 6782
1926 1077 6781
1925 1078 6780
1924 1079 6779
1923 1080 6778
1922 1081 6777
1921 1082 6776
1920 1083 6775
1919 1084 6774
1918 1085 6773
1917 1086 6772
1916 1087 6771
1915 1088 6770
1914 1089 6769
1913 1090 6768
1912 1091 6767
1911 1092 6766
1910 1093 6765
1909 1094 6764
1908 1095 6763
1907 1096 6762
1906 1097 6761
1905 1098 6760
1904 1099 6759
1903 1100 6758
1902 1101 6757
1901 1102 6756
1900 1103 6755
1899 1104 6754
1898 1105 6753
1897 1106 6752
1896 1107 6751
1895 1108 6750
1894 1109 6749
1893 1110 6748
1892 1111 6747
1891 1112 6746
1890 1113 6745
1889 1114 6744
1888 1115 6743
1887 1116 6742
1886 1117 6741
1885 1118 6740
1884 1119 6739
1883 1120 6738
1882 1121 6737
1881 1122 6736
1880 1123 6735
1879 1124 6734
1878 1125 6733
1877 1126 6732
1876 1127 6731
1875 1128 6730
1874 1129 6729
1873 1130 6728
1872 1131 6727
1871 1132 6726
1870 1133 6725
1869 1134 6724
1868 1135 6723
1867 1136 6722
1866 1137 6721
1865 1138 6720
1864 1139 6719
1863 1140 6718
1862 1141 6717
1861 1142 6716
1860 1143 6715
1859 1144 6714
1858 1145 6713
1857 1146 6712
1856 1147 6711
1855 1148 6710
1854 1149 6709
1853 1150 6708
1852 1151 6707
1851 1152 6706
1850 1153 6705
1849 1154 6704
1848 1155 6703
1847 1156 6702
1846 1157 6701
1845 1158 6700
1844 1159 6699
1843 1160 6698
1842 1161 6697
1841 1162 6696
1840 1163 6695
1839 1164 6694
1838 1165 6693
1837 1166 6692
1836 1167 6691
1835 1168 6690
1834 1169 6689
1833 1170 6688
1832 1171 6687
1831 1172 6686
1830 1173 6685
1829 1174 6684
1828 1175 6683
1827 1176 6682
1826 1177 6681
1825 1178 6680
1824 1179 6679
1823 1180 6678
1822 1181 6677
1821 1182 6676
1820 1183 6675
1819 1184 6674
1818 1185 6673
1817 1186 6672
1816 1187 6671
1815 1188 6670
1814 1189 6669
1813 1190 6668
1812 1191 6667
1811 1192 6666
1810 1193 6665
1809 1194 6664
1808 1195 6663
1807 1196 6662
1806 1197 6661
1805 1198 6660
1804 1199 6659
1803 1200 6658
1802 1201 6657
1801 1202 6656
1800 1203 6655
1799 1204 6654
1798 1205 6653
1797 1206 6652
1796 1207 6651
1795 1208 6650
1794 1209 6649
1793 1210 6648
1792 1211 6647
1791 1212 6646
1790 1213 6645
1789 1214 6644
1788 1215 6643
1787 1216 6642
1786 1217 6641
1785 1218 6640
1784 1219 6639
1783 1220 6638
1782 1221 6637
1781 1222 6636
1780 1223 6635
1779 1224 6634
1778 1225 6633
1777 1226 6632
1776 1227 6631
1775 1228 6630
1774 1229 6629
1773 1230 6628
1772 1231 6627
1771 1232 6626
1770 1233 6625
1769 1234 6624
1768 1235 6623
1767 1236 6622
1766 1237 6621
1765 1238 6620
1764 1239 6619
1763 1240 6618
1762 1241 6617
1761 1242 6616
1760 1243 6615
1759 1244 6614
1758 1245 6613
1757 1246 6612
1756 1247 6611
1755 1248 6610
1754 1249 6609
1753 1250 6608
1752 1251 6607
1751 1252 6606
1750 1253 6605
1749 1254 6604
1748 1255 6603
1747 1256 6602
1746 1257 6601
1745 1258 6600
1744 1259 6599
1743 1260 6598
1742 1261 6597
1741 1262 6596
1740 1263 6595
1739 1264 6594
1738 1265 6593
1737 1266 6592
1736 1267 6591
1735 1268 6590
1734 1269 6589
1733 1270 6588
1732 1271 6587
1731 1272 6586
1730 1273 6585
1729 1274 6584
1728 1275 6583
1727 1276 6582
1726 1277 6581
1725 1278 6580
1724 1279 6579
1723 1280 6578
1722 1281 6577
1721 1282 6576
1720 1283 6575
1719 1284 6574
1718 1285 6573
1717 1286 6572
1716 1287 6571
1715 1288 6570
1714 1289 6569
1713 1290 6568
1712 1291 6567
1711 1292 6566
1710 1293 6565
1709 1294 6564
1708 1295 6563
1707 1296 6562
1706 1297 6561
1705 1298 6560
1704 1299 6559
1703 1300 6558
1702 1301 6557
1701 1302 6556
1700 1303 6555
1699 1304 6554
1698 1305 6553
1697 1306 6552
1696 1307 6551
1695 1308 6550
1694 1309 6549
1693 1310 6548
1692 1311 6547
1691 1312 6546
1690 1313 6545
1689 1314 6544
1688 1315 6543
1687 1316 6542
1686 1317 6541
1685 1318 6540
1684 1319 6539
1683 1320 6538
1682 1321 6537
1681 1322 6536
1680 1323 6535
1679 1324 6534
1678 1325 6533
1677 1326 6532
1676 1327 6531
1675 1328 6530
1674 1329 6529
1673 1330 6528
1672 1331 6527
1671 1332 6526
1670 1333 6525
1669 1334 6524
1668 1335 6523
1667 1336 6522
1666 1337 6521
1665 1338 6520
1664 1339 6519
1663 1340 6518
1662 1341 6517
1661 1342 6516
1660 1343 6515
1659 1344 6514
1658 1345 6513
1657 1346 6512
1656 1347 6511
1655 1348 6510
1654 1349 6509
1653 1350 6508
1652 1351 6507
1651 1352 6506
1650 1353 6505
1649 1354 6504
1648 1355 6503
1647 1356 6502
1646 1357 6501
1645 1358 6500
1644 1359 6499
1643 1360 6498
1642 1361 6497
1641 1362 6496
1640 1363 6495
1639 1364 6494
1638 1365 6493
1637 1366 6492
1636 1367 6491
1635 1368 6490
1634 1369 6489
1633 1370 6488
1632 1371 6487
1631 1372 6486
1630 1373 6485
1629 1374 6484
1628 1375 6483
1627 1376 6482
1626 1377 6481
1625 1378 6480
1624 1379 6479
1623 1380 6478
1622 1381 6477
1621 1382 6476
1620 1383 6475
1619 1384 6474
1618 1385 6473
1617 1386 6472
1616 1387 6471
1615 1388 6470
1614 1389 6469
1613 1390 6468
1612 1391 6467
1611 1392 6466
1610 1393 6465
1609 1394 6464
1608 1395 6463
1607 1396 6462
1606 1397 6461
1605 1398 6460
1604 1399 6459
1603 1400 6458
1602 1401 6457
1601 1402 6456
1600 1403 6455
1599 1404 6454
1598 1405 6453
1597 1406 6452
1596 1407 6451
1595 1408 6450
1594 1409 6449
1593 1410 6448
1592 1411 6447
1591 1412 6446
1590 1413 6445
1589 1414 6444
1588 1415 6443
1587 1416 6442
1586 1417 6441
1585 1418 6440
1584 1419 6439
1583 1420 6438
1582 1421 6437
1581 1422 6436
1580 1423 6435
1579 1424 6434
1578 1425 6433
1577 1426 6432
1576 1427 6431
1575 1428 6430
1574 1429 6429
1573 1430 6428
1572 1431 6427
1571 1432 6426
1570 1433 6425
1569 1434 6424
1568 1435 6423
1567 1436 6422
1566 1437 6421
1565 1438 6420
1564 1439 6419
1563 1440 6418
1562 1441 6417
1561 1442 6416
1560 1443 6415
1559 1444 6414
1558 1445 6413
1557 1446 6412
1556 1447 6411
1555 1448 6410
1554 1449 6409
1553 1450 6408
1552 1451 6407
1551 1452 6406
1550 1453 6405
1549 1454 6404
1548 1455 6403
1547 1456 6402
1546 1457 6401
1545 1458 6400
1544 1459 6399
1543 1460 6398
1542 1461 6397
1541 1462 6396
1540 1463 6395
1539 1464 6394
1538 1465 6393
1537 1466 6392
1536 1467 6391
1535 1468 6390
1534 1469 6389
1533 1470 6388
1532 1471 6387
1531 1472 6386
1530 1473 6385
1529 1474 6384
1528 1475 6383
1527 1476 6382
1526 1477 6381
1525 1478 6380
1524 1479 6379
1523 1480 6378
1522 1481 6377
1521 1482 6376
1520 1483 6375
1519 1484 6374
1518 1485 6373
1517 1486 6372
1516 1487 6371
1515 1488 6370
1514 1489 6369
1513 1490 6368
1512 1491 6367
1511 1492 6366
1510 1493 6365
1509 1494 6364
1508 1495 6363
1507 1496 6362
1506 1497 6361
1505 1498 6360
1504 1499 6359
1503 1500 6358
1502 1501 6357
1501 1502 6356
1500 1503 6355
1499 1504 6354
1498 1505 6353
1497 1506 6352
1496 1507 6351
1495 1508 6350
1494 1509 6349
1493 1510 6348
1492 1511 6347
1491 1512 6346
1490 1513 6345
1489 1514 6344
1488 1515 6343
1487 1516 6342
1486 1517 6341
1485 1518 6340
1484 1519 6339
1483 1520 6338
1482 1521 6337
1481 1522 6336
1480 1523 6335
1479 1524 6334
1478 1525 6333
1477 1526 6332
1476 1527 6331
1475 1528 6330
1474 1529 6329
1473 1530 6328
1472 1531 6327
1471 1532 6326
1470 1533 6325
1469 1534 6324
1468 1535 6323
1467 1536 6322
1466 1537 6321
1465 1538 6320
1464 1539 6319
1463 1540 6318
1462 1541 6317
1461 1542 6316
1460 1543 6315
1459 1544 6314
1458 1545 6313
1457 1546 6312
1456 1547 6311
1455 1548 6310
1454 1549 6309
1453 1550 6308
1452 1551 6307
1451 1552 6306
1450 1553 6305
1449 1554 6304
1448 1555 6303
1447 1556 6302
1446 1557 6301
1445 1558 6300
1444 1559 6299
1443 1560 6298
1442 1561 6297
1441 1562 6296
1440 1563 6295
1439 1564 6294
1438 1565 6293
1437 1566 6292
1436 1567 6291
1435 1568 6290
1434 1569 6289
1433 1570 6288
1432 1571 6287
1431 1572 6286
1430 1573 6285
1429 1574 6284
1428 1575 6283
1427 1576 6282
1426 1577 6281
1425 1578 6280
1424 1579 6279
1423 1580 6278
1422 1581 6277
1421 1582 6276
1420 1583 6275
1419 1584 6274
1418 1585 6273
1417 1586 6272
1416 1587 6271
1415 1588 6270
1414 1589 6269
1413 1590 6268
1412 1591 6267
1411 1592 6266
1410 1593 6265
1409 1594 6264
1408 1595 6263
1407 1596 6262
1406 1597 6261
1405 1598 6260
1404 1599 6259
1403 1600 6258
1402 1601 6257
1401 1602 6256
1400 1603 6255
1399 1604 6254
1398 1605 6253
1397 1606 6252
1396 1607 6251
1395 1608 6250
1394 1609 6249
1393 1610 6248
1392 1611 6247
1391 1612 6246
1390 1613 6245
1389 1614 6244
1388 1615 6243
1387 1616 6242
1386 1617 6241
1385 1618 6240
1384 1619 6239
1383 1620 6238
1382 1621 6237
1381 1622 6236
1380 1623 6235
1379 1624 6234
1378 1625 6233
1377 1626 6232
1376 1627 6231
1375 1628 6230
1374 1629 6229
1373 1630 6228
1372 1631 6227
1371 1632 6226
1370 1633 6225
1369 1634 6224
1368 1635 6223
1367 1636 6222
1366 1637 6221
1365 1638 6220
1364 1639 6219
1363 1640 6218
1362 1641 6217
1361 1642 6216
1360 1643 6215
1359 1644 6214
1358 1645 6213
1357 1646 6212
1356 1647 6211
1355 1648 6210
1354 1649 6209
1353 1650 6208
1352 1651 6207
1351 1652 6206
1350 1653 6205
1349 1654 6204
1348 1655 6203
1347 1656 6202
1346 1657 6201
1345 1658 6200
1344 1659 6199
1343 1660 6198
1342 1661 6197
1341 1662 6196
1340 1663 6195
1339 1664 6194
1338 1665 6193
1337 1666 6192
1336 1667 6191
1335 1668 6190
1334 1669 6189
1333 1670 6188
1332 1671 6187
1331 1672 6186
1330 1673 6185
1329 1674 6184
1328 1675 6183
1327 1676 6182
1326 1677 6181
1325 1678 6180
1324 1679 6179
1323 1680 6178
1322 1681 6177
1321 1682 6176
1320 1683 6175
1319 1684 6174
1318 1685 6173
1317 1686 6172
1316 1687 6171
1315 1688 6170
1314 1689 6169
1313 1690 6168
1312 1691 6167
1311 1692 6166
1310 1693 6165
1309 1694 6164
1308 1695 6163
1307 1696 6162
1306 1697 6161
1305 1698 6160
1304 1699 6159
1303 1700 6158
1302 1701 6157
1301 1702 6156
1300 1703 6155
1299 1704 6154
1298 1705 6153
1297 1706 6152
1296 1707 6151
1295 1708 6150
1294 1709 6149
1293 1710 6148
1292 1711 6147
1291 1712 6146
1290 1713 6145
1289 1714 6144
1288 1715 6143
1287 1716 6142
1286 1717 6141
1285 1718 6140
1284 1719 6139
1283 1720 6138
1282 1721 6137
1281 1722 6136
1280 1723 6135
1279 1724 6134
1278 1725 6133
1277 1726 6132
1276 1727 6131
1275 1728 6130
1274 1729 6129
1273 1730 6128
1272 1731 6127
1271 1732 6126
1270 1733 6125
1269 1734 6124
1268 1735 6123
1267 1736 6122
1266 1737 6121
1265 1738 6120
1264 1739 6119
1263 1740 6118
1262 1741 6117
1261 1742 6116
1260 1743 6115
1259 1744 6114
1258 1745 6113
1257 1746 6112
1256 1747 6111
1255 1748 6110
1254 1749 6109
1253 1750 6108
1252 1751 6107
1251 1752 6106
1250 1753 6105
1249 1754 6104
1248 1755 6103
1247 1756 6102
1246 1757 6101
1245 1758 6100
1244 1759 6099
1243 1760 6098
1242 1761 6097
1241 1762 6096
1240 1763 6095
1239 1764 6094
1238 1765 6093
1237 1766 6092
1236 1767 6091
1235 1768 6090
1234 1769 6089
1233 1770 6088
1232 1771 6087
1231 1772 6086
1230 1773 6085
1229 1774 6084
1228 1775 6083
1227 1776 6082
1226 1777 6081
1225 1778 6080
1224 1779 6079
1223 1780 6078
1222 1781 6077
1221 1782 6076
1220 1783 6075
1219 1784 6074
1218 1785 6073
1217 1786 6072
1216 1787 6071
1215 1788 6070
1214 1789 6069
1213 1790 6068
1212 1791 6067
1211 1792 6066
1210 1793 6065
1209 1794 6064
1208 1795 6063
1207 1796 6062
1206 1797 6061
1205 1798 6060
1204 1799 6059
1203 1800 6058
1202 1801 6057
1201 1802 6056
1200 1803 6055
1199 1804 6054
1198 1805 6053
1197 1806 6052
1196 1807 6051
1195 1808 6050
1194 1809 6049
1193 1810 6048
1192 1811 6047
1191 1812 6046
1190 1813 6045
1189 1814 6044
1188 1815 6043
1187 1816 6042
1186 1817 6041
1185 1818 6040
1184 1819 6039
1183 1820 6038
1182 1821 6037
1181 1822 6036
1180 1823 6035
1179 1824 6034
1178 1825 6033
1177 1826 6032
1176 1827 6031
1175 1828 6030
1174 1829 6029
1173 1830 6028
1172 1831 6027
1171 1832 6026
1170 1833 6025
1169 1834 6024
1168 1835 6023
1167 1836 6022
1166 1837 6021
1165 1838 6020
1164 1839 6019
1163 1840 6018
1162 1841 6017
1161 1842 6016
1160 1843 6015
1159 1844 6014
1158 1845 6013
1157 1846 6012
1156 1847 6011
1155 1848 6010
1154 1849 6009
1153 1850 6008
1152 1851 6007
1151 1852 6006
1150 1853 6005
1149 1854 6004
1148 1855 6003
1147 1856 6002
1146 1857 6001
