468
3000 3 6468
2999 4 6467
2998 5 6466
2997 6 6465
2996 7 6464
2995 8 6463
2994 9 6462
2993 10 6461
2992 11 6460
2991 12 6459
2990 13 6458
2989 14 6457
2988 15 6456
2987 16 6455
2986 17 6454
2985 18 6453
2984 19 6452
2983 20 6451
2982 21 6450
2981 22 6449
2980 23 6448
2979 24 6447
2978 25 6446
2977 26 6445
2976 27 6444
2975 28 6443
2974 29 6442
2973 30 6441
2972 31 6440
2971 32 6439
2970 33 6438
2969 34 6437
2968 35 6436
2967 36 6435
2966 37 6434
2965 38 6433
2964 39 6432
2963 40 6431
2962 41 6430
2961 42 6429
2960 43 6428
2959 44 6427
2958 45 6426
2957 46 6425
2956 47 6424
2955 48 6423
2954 49 6422
2953 50 6421
2952 51 6420
2951 52 6419
2950 53 6418
2949 54 6417
2948 55 6416
2947 56 6415
2946 57 6414
2945 58 6413
2944 59 6412
2943 60 6411
2942 61 6410
2941 62 6409
2940 63 6408
2939 64 6407
2938 65 6406
2937 66 6405
2936 67 6404
2935 68 6403
2934 69 6402
2933 70 6401
2932 71 6400
2931 72 6399
2930 73 6398
2929 74 6397
2928 75 6396
2927 76 6395
2926 77 6394
2925 78 6393
2924 79 6392
2923 80 6391
2922 81 6390
2921 82 6389
2920 83 6388
2919 84 6387
2918 85 6386
2917 86 6385
2916 87 6384
2915 88 6383
2914 89 6382
2913 90 6381
2912 91 6380
2911 92 6379
2910 93 6378
2909 94 6377
2908 95 6376
2907 96 6375
2906 97 6374
2905 98 6373
2904 99 6372
2903 100 6371
2902 101 6370
2901 102 6369
2900 103 6368
2899 104 6367
2898 105 6366
2897 106 6365
2896 107 6364
2895 108 6363
2894 109 6362
2893 110 6361
2892 111 6360
2891 112 6359
2890 113 6358
2889 114 6357
2888 115 6356
2887 116 6355
2886 117 6354
2885 118 6353
2884 119 6352
2883 120 6351
2882 121 6350
2881 122 6349
2880 123 6348
2879 124 6347
2878 125 6346
2877 126 6345
2876 127 6344
2875 128 6343
2874 129 6342
2873 130 6341
2872 131 6340
2871 132 6339
2870 133 6338
2869 134 6337
2868 135 6336
2867 136 6335
2866 137 6334
2865 138 6333
2864 139 6332
2863 140 6331
2862 141 6330
2861 142 6329
2860 143 6328
2859 144 6327
2858 145 6326
2857 146 6325
2856 147 6324
2855 148 6323
2854 149 6322
2853 150 6321
2852 151 6320
2851 152 6319
2850 153 6318
2849 154 6317
2848 155 6316
2847 156 6315
2846 157 6314
2845 158 6313
2844 159 6312
2843 160 6311
2842 161 6310
2841 162 6309
2840 163 6308
2839 164 6307
2838 165 6306
2837 166 6305
2836 167 6304
2835 168 6303
2834 169 6302
2833 170 6301
2832 171 6300
2831 172 6299
2830 173 6298
2829 174 6297
2828 175 6296
2827 176 6295
2826 177 6294
2825 178 6293
2824 179 6292
2823 180 6291
2822 181 6290
2821 182 6289
2820 183 6288
2819 184 6287
2818 185 6286
2817 186 6285
2816 187 6284
2815 188 6283
2814 189 6282
2813 190 6281
2812 191 6280
2811 192 6279
2810 193 6278
2809 194 6277
2808 195 6276
2807 196 6275
2806 197 6274
2805 198 6273
2804 199 6272
2803 200 6271
2802 201 6270
2801 202 6269
2800 203 6268
2799 204 6267
2798 205 6266
2797 206 6265
2796 207 6264
2795 208 6263
2794 209 6262
2793 210 6261
2792 211 6260
2791 212 6259
2790 213 6258
2789 214 6257
2788 215 6256
2787 216 6255
2786 217 6254
2785 218 6253
2784 219 6252
2783 220 6251
2782 221 6250
2781 222 6249
2780 223 6248
2779 224 6247
2778 225 6246
2777 226 6245
2776 227 6244
2775 228 6243
2774 229 6242
2773 230 6241
2772 231 6240
2771 232 6239
2770 233 6238
2769 234 6237
2768 235 6236
2767 236 6235
2766 237 6234
2765 238 6233
2764 239 6232
2763 240 6231
2762 241 6230
2761 242 6229
2760 243 6228
2759 244 6227
2758 245 6226
2757 246 6225
2756 247 6224
2755 248 6223
2754 249 6222
2753 250 6221
2752 251 6220
2751 252 6219
2750 253 6218
2749 254 6217
2748 255 6216
2747 256 6215
2746 257 6214
2745 258 6213
2744 259 6212
2743 260 6211
2742 261 6210
2741 262 6209
2740 263 6208
2739 264 6207
2738 265 6206
2737 266 6205
2736 267 6204
2735 268 6203
2734 269 6202
2733 270 6201
2732 271 6200
2731 272 6199
2730 273 6198
2729 274 6197
2728 275 6196
2727 276 6195
2726 277 6194
2725 278 6193
2724 279 6192
2723 280 6191
2722 281 6190
2721 282 6189
2720 283 6188
2719 284 6187
2718 285 6186
2717 286 6185
2716 287 6184
2715 288 6183
2714 289 6182
2713 290 6181
2712 291 6180
2711 292 6179
2710 293 6178
2709 294 6177
2708 295 6176
2707 296 6175
2706 297 6174
2705 298 6173
2704 299 6172
2703 300 6171
2702 301 6170
2701 302 6169
2700 303 6168
2699 304 6167
2698 305 6166
2697 306 6165
2696 307 6164
2695 308 6163
2694 309 6162
2693 310 6161
2692 311 6160
2691 312 6159
2690 313 6158
2689 314 6157
2688 315 6156
2687 316 6155
2686 317 6154
2685 318 6153
2684 319 6152
2683 320 6151
2682 321 6150
2681 322 6149
2680 323 6148
2679 324 6147
2678 325 6146
2677 326 6145
2676 327 6144
2675 328 6143
2674 329 6142
2673 330 6141
2672 331 6140
2671 332 6139
2670 333 6138
2669 334 6137
2668 335 6136
2667 336 6135
2666 337 6134
2665 338 6133
2664 339 6132
2663 340 6131
2662 341 6130
2661 342 6129
2660 343 6128
2659 344 6127
2658 345 6126
2657 346 6125
2656 347 6124
2655 348 6123
2654 349 6122
2653 350 6121
2652 351 6120
2651 352 6119
2650 353 6118
2649 354 6117
2648 355 6116
2647 356 6115
2646 357 6114
2645 358 6113
2644 359 6112
2643 360 6111
2642 361 6110
2641 362 6109
2640 363 6108
2639 364 6107
2638 365 6106
2637 366 6105
2636 367 6104
2635 368 6103
2634 369 6102
2633 370 6101
2632 371 6100
2631 372 6099
2630 373 6098
2629 374 6097
2628 375 6096
2627 376 6095
2626 377 6094
2625 378 6093
2624 379 6092
2623 380 6091
2622 381 6090
2621 382 6089
2620 383 6088
2619 384 6087
2618 385 6086
2617 386 6085
2616 387 6084
2615 388 6083
2614 389 6082
2613 390 6081
2612 391 6080
2611 392 6079
2610 393 6078
2609 394 6077
2608 395 6076
2607 396 6075
2606 397 6074
2605 398 6073
2604 399 6072
2603 400 6071
2602 401 6070
2601 402 6069
2600 403 6068
2599 404 6067
2598 405 6066
2597 406 6065
2596 407 6064
2595 408 6063
2594 409 6062
2593 410 6061
2592 411 6060
2591 412 6059
2590 413 6058
2589 414 6057
2588 415 6056
2587 416 6055
2586 417 6054
2585 418 6053
2584 419 6052
2583 420 6051
2582 421 6050
2581 422 6049
2580 423 6048
2579 424 6047
2578 425 6046
2577 426 6045
2576 427 6044
2575 428 6043
2574 429 6042
2573 430 6041
2572 431 6040
2571 432 6039
2570 433 6038
2569 434 6037
2568 435 6036
2567 436 6035
2566 437 6034
2565 438 6033
2564 439 6032
2563 440 6031
2562 441 6030
2561 442 6029
2560 443 6028
2559 444 6027
2558 445 6026
2557 446 6025
2556 447 6024
2555 448 6023
2554 449 6022
2553 450 6021
2552 451 6020
2551 452 6019
2550 453 6018
2549 454 6017
2548 455 6016
2547 456 6015
2546 457 6014
2545 458 6013
2544 459 6012
2543 460 6011
2542 461 6010
2541 462 6009
2540 463 6008
2539 464 6007
2538 465 6006
2537 466 6005
2536 467 6004
2535 468 6003
2534 469 6002
2533 470 6001
