806
3000 3 6806
2999 4 6805
2998 5 6804
2997 6 6803
2996 7 6802
2995 8 6801
2994 9 6800
2993 10 6799
2992 11 6798
2991 12 6797
2990 13 6796
2989 14 6795
2988 15 6794
2987 16 6793
2986 17 6792
2985 18 6791
2984 19 6790
2983 20 6789
2982 21 6788
2981 22 6787
2980 23 6786
2979 24 6785
2978 25 6784
2977 26 6783
2976 27 6782
2975 28 6781
2974 29 6780
2973 30 6779
2972 31 6778
2971 32 6777
2970 33 6776
2969 34 6775
2968 35 6774
2967 36 6773
2966 37 6772
2965 38 6771
2964 39 6770
2963 40 6769
2962 41 6768
2961 42 6767
2960 43 6766
2959 44 6765
2958 45 6764
2957 46 6763
2956 47 6762
2955 48 6761
2954 49 6760
2953 50 6759
2952 51 6758
2951 52 6757
2950 53 6756
2949 54 6755
2948 55 6754
2947 56 6753
2946 57 6752
2945 58 6751
2944 59 6750
2943 60 6749
2942 61 6748
2941 62 6747
2940 63 6746
2939 64 6745
2938 65 6744
2937 66 6743
2936 67 6742
2935 68 6741
2934 69 6740
2933 70 6739
2932 71 6738
2931 72 6737
2930 73 6736
2929 74 6735
2928 75 6734
2927 76 6733
2926 77 6732
2925 78 6731
2924 79 6730
2923 80 6729
2922 81 6728
2921 82 6727
2920 83 6726
2919 84 6725
2918 85 6724
2917 86 6723
2916 87 6722
2915 88 6721
2914 89 6720
2913 90 6719
2912 91 6718
2911 92 6717
2910 93 6716
2909 94 6715
2908 95 6714
2907 96 6713
2906 97 6712
2905 98 6711
2904 99 6710
2903 100 6709
2902 101 6708
2901 102 6707
2900 103 6706
2899 104 6705
2898 105 6704
2897 106 6703
2896 107 6702
2895 108 6701
2894 109 6700
2893 110 6699
2892 111 6698
2891 112 6697
2890 113 6696
2889 114 6695
2888 115 6694
2887 116 6693
2886 117 6692
2885 118 6691
2884 119 6690
2883 120 6689
2882 121 6688
2881 122 6687
2880 123 6686
2879 124 6685
2878 125 6684
2877 126 6683
2876 127 6682
2875 128 6681
2874 129 6680
2873 130 6679
2872 131 6678
2871 132 6677
2870 133 6676
2869 134 6675
2868 135 6674
2867 136 6673
2866 137 6672
2865 138 6671
2864 139 6670
2863 140 6669
2862 141 6668
2861 142 6667
2860 143 6666
2859 144 6665
2858 145 6664
2857 146 6663
2856 147 6662
2855 148 6661
2854 149 6660
2853 150 6659
2852 151 6658
2851 152 6657
2850 153 6656
2849 154 6655
2848 155 6654
2847 156 6653
2846 157 6652
2845 158 6651
2844 159 6650
2843 160 6649
2842 161 6648
2841 162 6647
2840 163 6646
2839 164 6645
2838 165 6644
2837 166 6643
2836 167 6642
2835 168 6641
2834 169 6640
2833 170 6639
2832 171 6638
2831 172 6637
2830 173 6636
2829 174 6635
2828 175 6634
2827 176 6633
2826 177 6632
2825 178 6631
2824 179 6630
2823 180 6629
2822 181 6628
2821 182 6627
2820 183 6626
2819 184 6625
2818 185 6624
2817 186 6623
2816 187 6622
2815 188 6621
2814 189 6620
2813 190 6619
2812 191 6618
2811 192 6617
2810 193 6616
2809 194 6615
2808 195 6614
2807 196 6613
2806 197 6612
2805 198 6611
2804 199 6610
2803 200 6609
2802 201 6608
2801 202 6607
2800 203 6606
2799 204 6605
2798 205 6604
2797 206 6603
2796 207 6602
2795 208 6601
2794 209 6600
2793 210 6599
2792 211 6598
2791 212 6597
2790 213 6596
2789 214 6595
2788 215 6594
2787 216 6593
2786 217 6592
2785 218 6591
2784 219 6590
2783 220 6589
2782 221 6588
2781 222 6587
2780 223 6586
2779 224 6585
2778 225 6584
2777 226 6583
2776 227 6582
2775 228 6581
2774 229 6580
2773 230 6579
2772 231 6578
2771 232 6577
2770 233 6576
2769 234 6575
2768 235 6574
2767 236 6573
2766 237 6572
2765 238 6571
2764 239 6570
2763 240 6569
2762 241 6568
2761 242 6567
2760 243 6566
2759 244 6565
2758 245 6564
2757 246 6563
2756 247 6562
2755 248 6561
2754 249 6560
2753 250 6559
2752 251 6558
2751 252 6557
2750 253 6556
2749 254 6555
2748 255 6554
2747 256 6553
2746 257 6552
2745 258 6551
2744 259 6550
2743 260 6549
2742 261 6548
2741 262 6547
2740 263 6546
2739 264 6545
2738 265 6544
2737 266 6543
2736 267 6542
2735 268 6541
2734 269 6540
2733 270 6539
2732 271 6538
2731 272 6537
2730 273 6536
2729 274 6535
2728 275 6534
2727 276 6533
2726 277 6532
2725 278 6531
2724 279 6530
2723 280 6529
2722 281 6528
2721 282 6527
2720 283 6526
2719 284 6525
2718 285 6524
2717 286 6523
2716 287 6522
2715 288 6521
2714 289 6520
2713 290 6519
2712 291 6518
2711 292 6517
2710 293 6516
2709 294 6515
2708 295 6514
2707 296 6513
2706 297 6512
2705 298 6511
2704 299 6510
2703 300 6509
2702 301 6508
2701 302 6507
2700 303 6506
2699 304 6505
2698 305 6504
2697 306 6503
2696 307 6502
2695 308 6501
2694 309 6500
2693 310 6499
2692 311 6498
2691 312 6497
2690 313 6496
2689 314 6495
2688 315 6494
2687 316 6493
2686 317 6492
2685 318 6491
2684 319 6490
2683 320 6489
2682 321 6488
2681 322 6487
2680 323 6486
2679 324 6485
2678 325 6484
2677 326 6483
2676 327 6482
2675 328 6481
2674 329 6480
2673 330 6479
2672 331 6478
2671 332 6477
2670 333 6476
2669 334 6475
2668 335 6474
2667 336 6473
2666 337 6472
2665 338 6471
2664 339 6470
2663 340 6469
2662 341 6468
2661 342 6467
2660 343 6466
2659 344 6465
2658 345 6464
2657 346 6463
2656 347 6462
2655 348 6461
2654 349 6460
2653 350 6459
2652 351 6458
2651 352 6457
2650 353 6456
2649 354 6455
2648 355 6454
2647 356 6453
2646 357 6452
2645 358 6451
2644 359 6450
2643 360 6449
2642 361 6448
2641 362 6447
2640 363 6446
2639 364 6445
2638 365 6444
2637 366 6443
2636 367 6442
2635 368 6441
2634 369 6440
2633 370 6439
2632 371 6438
2631 372 6437
2630 373 6436
2629 374 6435
2628 375 6434
2627 376 6433
2626 377 6432
2625 378 6431
2624 379 6430
2623 380 6429
2622 381 6428
2621 382 6427
2620 383 6426
2619 384 6425
2618 385 6424
2617 386 6423
2616 387 6422
2615 388 6421
2614 389 6420
2613 390 6419
2612 391 6418
2611 392 6417
2610 393 6416
2609 394 6415
2608 395 6414
2607 396 6413
2606 397 6412
2605 398 6411
2604 399 6410
2603 400 6409
2602 401 6408
2601 402 6407
2600 403 6406
2599 404 6405
2598 405 6404
2597 406 6403
2596 407 6402
2595 408 6401
2594 409 6400
2593 410 6399
2592 411 6398
2591 412 6397
2590 413 6396
2589 414 6395
2588 415 6394
2587 416 6393
2586 417 6392
2585 418 6391
2584 419 6390
2583 420 6389
2582 421 6388
2581 422 6387
2580 423 6386
2579 424 6385
2578 425 6384
2577 426 6383
2576 427 6382
2575 428 6381
2574 429 6380
2573 430 6379
2572 431 6378
2571 432 6377
2570 433 6376
2569 434 6375
2568 435 6374
2567 436 6373
2566 437 6372
2565 438 6371
2564 439 6370
2563 440 6369
2562 441 6368
2561 442 6367
2560 443 6366
2559 444 6365
2558 445 6364
2557 446 6363
2556 447 6362
2555 448 6361
2554 449 6360
2553 450 6359
2552 451 6358
2551 452 6357
2550 453 6356
2549 454 6355
2548 455 6354
2547 456 6353
2546 457 6352
2545 458 6351
2544 459 6350
2543 460 6349
2542 461 6348
2541 462 6347
2540 463 6346
2539 464 6345
2538 465 6344
2537 466 6343
2536 467 6342
2535 468 6341
2534 469 6340
2533 470 6339
2532 471 6338
2531 472 6337
2530 473 6336
2529 474 6335
2528 475 6334
2527 476 6333
2526 477 6332
2525 478 6331
2524 479 6330
2523 480 6329
2522 481 6328
2521 482 6327
2520 483 6326
2519 484 6325
2518 485 6324
2517 486 6323
2516 487 6322
2515 488 6321
2514 489 6320
2513 490 6319
2512 491 6318
2511 492 6317
2510 493 6316
2509 494 6315
2508 495 6314
2507 496 6313
2506 497 6312
2505 498 6311
2504 499 6310
2503 500 6309
2502 501 6308
2501 502 6307
2500 503 6306
2499 504 6305
2498 505 6304
2497 506 6303
2496 507 6302
2495 508 6301
2494 509 6300
2493 510 6299
2492 511 6298
2491 512 6297
2490 513 6296
2489 514 6295
2488 515 6294
2487 516 6293
2486 517 6292
2485 518 6291
2484 519 6290
2483 520 6289
2482 521 6288
2481 522 6287
2480 523 6286
2479 524 6285
2478 525 6284
2477 526 6283
2476 527 6282
2475 528 6281
2474 529 6280
2473 530 6279
2472 531 6278
2471 532 6277
2470 533 6276
2469 534 6275
2468 535 6274
2467 536 6273
2466 537 6272
2465 538 6271
2464 539 6270
2463 540 6269
2462 541 6268
2461 542 6267
2460 543 6266
2459 544 6265
2458 545 6264
2457 546 6263
2456 547 6262
2455 548 6261
2454 549 6260
2453 550 6259
2452 551 6258
2451 552 6257
2450 553 6256
2449 554 6255
2448 555 6254
2447 556 6253
2446 557 6252
2445 558 6251
2444 559 6250
2443 560 6249
2442 561 6248
2441 562 6247
2440 563 6246
2439 564 6245
2438 565 6244
2437 566 6243
2436 567 6242
2435 568 6241
2434 569 6240
2433 570 6239
2432 571 6238
2431 572 6237
2430 573 6236
2429 574 6235
2428 575 6234
2427 576 6233
2426 577 6232
2425 578 6231
2424 579 6230
2423 580 6229
2422 581 6228
2421 582 6227
2420 583 6226
2419 584 6225
2418 585 6224
2417 586 6223
2416 587 6222
2415 588 6221
2414 589 6220
2413 590 6219
2412 591 6218
2411 592 6217
2410 593 6216
2409 594 6215
2408 595 6214
2407 596 6213
2406 597 6212
2405 598 6211
2404 599 6210
2403 600 6209
2402 601 6208
2401 602 6207
2400 603 6206
2399 604 6205
2398 605 6204
2397 606 6203
2396 607 6202
2395 608 6201
2394 609 6200
2393 610 6199
2392 611 6198
2391 612 6197
2390 613 6196
2389 614 6195
2388 615 6194
2387 616 6193
2386 617 6192
2385 618 6191
2384 619 6190
2383 620 6189
2382 621 6188
2381 622 6187
2380 623 6186
2379 624 6185
2378 625 6184
2377 626 6183
2376 627 6182
2375 628 6181
2374 629 6180
2373 630 6179
2372 631 6178
2371 632 6177
2370 633 6176
2369 634 6175
2368 635 6174
2367 636 6173
2366 637 6172
2365 638 6171
2364 639 6170
2363 640 6169
2362 641 6168
2361 642 6167
2360 643 6166
2359 644 6165
2358 645 6164
2357 646 6163
2356 647 6162
2355 648 6161
2354 649 6160
2353 650 6159
2352 651 6158
2351 652 6157
2350 653 6156
2349 654 6155
2348 655 6154
2347 656 6153
2346 657 6152
2345 658 6151
2344 659 6150
2343 660 6149
2342 661 6148
2341 662 6147
2340 663 6146
2339 664 6145
2338 665 6144
2337 666 6143
2336 667 6142
2335 668 6141
2334 669 6140
2333 670 6139
2332 671 6138
2331 672 6137
2330 673 6136
2329 674 6135
2328 675 6134
2327 676 6133
2326 677 6132
2325 678 6131
2324 679 6130
2323 680 6129
2322 681 6128
2321 682 6127
2320 683 6126
2319 684 6125
2318 685 6124
2317 686 6123
2316 687 6122
2315 688 6121
2314 689 6120
2313 690 6119
2312 691 6118
2311 692 6117
2310 693 6116
2309 694 6115
2308 695 6114
2307 696 6113
2306 697 6112
2305 698 6111
2304 699 6110
2303 700 6109
2302 701 6108
2301 702 6107
2300 703 6106
2299 704 6105
2298 705 6104
2297 706 6103
2296 707 6102
2295 708 6101
2294 709 6100
2293 710 6099
2292 711 6098
2291 712 6097
2290 713 6096
2289 714 6095
2288 715 6094
2287 716 6093
2286 717 6092
2285 718 6091
2284 719 6090
2283 720 6089
2282 721 6088
2281 722 6087
2280 723 6086
2279 724 6085
2278 725 6084
2277 726 6083
2276 727 6082
2275 728 6081
2274 729 6080
2273 730 6079
2272 731 6078
2271 732 6077
2270 733 6076
2269 734 6075
2268 735 6074
2267 736 6073
2266 737 6072
2265 738 6071
2264 739 6070
2263 740 6069
2262 741 6068
2261 742 6067
2260 743 6066
2259 744 6065
2258 745 6064
2257 746 6063
2256 747 6062
2255 748 6061
2254 749 6060
2253 750 6059
2252 751 6058
2251 752 6057
2250 753 6056
2249 754 6055
2248 755 6054
2247 756 6053
2246 757 6052
2245 758 6051
2244 759 6050
2243 760 6049
2242 761 6048
2241 762 6047
2240 763 6046
2239 764 6045
2238 765 6044
2237 766 6043
2236 767 6042
2235 768 6041
2234 769 6040
2233 770 6039
2232 771 6038
2231 772 6037
2230 773 6036
2229 774 6035
2228 775 6034
2227 776 6033
2226 777 6032
2225 778 6031
2224 779 6030
2223 780 6029
2222 781 6028
2221 782 6027
2220 783 6026
2219 784 6025
2218 785 6024
2217 786 6023
2216 787 6022
2215 788 6021
2214 789 6020
2213 790 6019
2212 791 6018
2211 792 6017
2210 793 6016
2209 794 6015
2208 795 6014
2207 796 6013
2206 797 6012
2205 798 6011
2204 799 6010
2203 800 6009
2202 801 6008
2201 802 6007
2200 803 6006
2199 804 6005
2198 805 6004
2197 806 6003
2196 807 6002
2195 808 6001
