1790
3000 3 7790
2999 4 7789
2998 5 7788
2997 6 7787
2996 7 7786
2995 8 7785
2994 9 7784
2993 10 7783
2992 11 7782
2991 12 7781
2990 13 7780
2989 14 7779
2988 15 7778
2987 16 7777
2986 17 7776
2985 18 7775
2984 19 7774
2983 20 7773
2982 21 7772
2981 22 7771
2980 23 7770
2979 24 7769
2978 25 7768
2977 26 7767
2976 27 7766
2975 28 7765
2974 29 7764
2973 30 7763
2972 31 7762
2971 32 7761
2970 33 7760
2969 34 7759
2968 35 7758
2967 36 7757
2966 37 7756
2965 38 7755
2964 39 7754
2963 40 7753
2962 41 7752
2961 42 7751
2960 43 7750
2959 44 7749
2958 45 7748
2957 46 7747
2956 47 7746
2955 48 7745
2954 49 7744
2953 50 7743
2952 51 7742
2951 52 7741
2950 53 7740
2949 54 7739
2948 55 7738
2947 56 7737
2946 57 7736
2945 58 7735
2944 59 7734
2943 60 7733
2942 61 7732
2941 62 7731
2940 63 7730
2939 64 7729
2938 65 7728
2937 66 7727
2936 67 7726
2935 68 7725
2934 69 7724
2933 70 7723
2932 71 7722
2931 72 7721
2930 73 7720
2929 74 7719
2928 75 7718
2927 76 7717
2926 77 7716
2925 78 7715
2924 79 7714
2923 80 7713
2922 81 7712
2921 82 7711
2920 83 7710
2919 84 7709
2918 85 7708
2917 86 7707
2916 87 7706
2915 88 7705
2914 89 7704
2913 90 7703
2912 91 7702
2911 92 7701
2910 93 7700
2909 94 7699
2908 95 7698
2907 96 7697
2906 97 7696
2905 98 7695
2904 99 7694
2903 100 7693
2902 101 7692
2901 102 7691
2900 103 7690
2899 104 7689
2898 105 7688
2897 106 7687
2896 107 7686
2895 108 7685
2894 109 7684
2893 110 7683
2892 111 7682
2891 112 7681
2890 113 7680
2889 114 7679
2888 115 7678
2887 116 7677
2886 117 7676
2885 118 7675
2884 119 7674
2883 120 7673
2882 121 7672
2881 122 7671
2880 123 7670
2879 124 7669
2878 125 7668
2877 126 7667
2876 127 7666
2875 128 7665
2874 129 7664
2873 130 7663
2872 131 7662
2871 132 7661
2870 133 7660
2869 134 7659
2868 135 7658
2867 136 7657
2866 137 7656
2865 138 7655
2864 139 7654
2863 140 7653
2862 141 7652
2861 142 7651
2860 143 7650
2859 144 7649
2858 145 7648
2857 146 7647
2856 147 7646
2855 148 7645
2854 149 7644
2853 150 7643
2852 151 7642
2851 152 7641
2850 153 7640
2849 154 7639
2848 155 7638
2847 156 7637
2846 157 7636
2845 158 7635
2844 159 7634
2843 160 7633
2842 161 7632
2841 162 7631
2840 163 7630
2839 164 7629
2838 165 7628
2837 166 7627
2836 167 7626
2835 168 7625
2834 169 7624
2833 170 7623
2832 171 7622
2831 172 7621
2830 173 7620
2829 174 7619
2828 175 7618
2827 176 7617
2826 177 7616
2825 178 7615
2824 179 7614
2823 180 7613
2822 181 7612
2821 182 7611
2820 183 7610
2819 184 7609
2818 185 7608
2817 186 7607
2816 187 7606
2815 188 7605
2814 189 7604
2813 190 7603
2812 191 7602
2811 192 7601
2810 193 7600
2809 194 7599
2808 195 7598
2807 196 7597
2806 197 7596
2805 198 7595
2804 199 7594
2803 200 7593
2802 201 7592
2801 202 7591
2800 203 7590
2799 204 7589
2798 205 7588
2797 206 7587
2796 207 7586
2795 208 7585
2794 209 7584
2793 210 7583
2792 211 7582
2791 212 7581
2790 213 7580
2789 214 7579
2788 215 7578
2787 216 7577
2786 217 7576
2785 218 7575
2784 219 7574
2783 220 7573
2782 221 7572
2781 222 7571
2780 223 7570
2779 224 7569
2778 225 7568
2777 226 7567
2776 227 7566
2775 228 7565
2774 229 7564
2773 230 7563
2772 231 7562
2771 232 7561
2770 233 7560
2769 234 7559
2768 235 7558
2767 236 7557
2766 237 7556
2765 238 7555
2764 239 7554
2763 240 7553
2762 241 7552
2761 242 7551
2760 243 7550
2759 244 7549
2758 245 7548
2757 246 7547
2756 247 7546
2755 248 7545
2754 249 7544
2753 250 7543
2752 251 7542
2751 252 7541
2750 253 7540
2749 254 7539
2748 255 7538
2747 256 7537
2746 257 7536
2745 258 7535
2744 259 7534
2743 260 7533
2742 261 7532
2741 262 7531
2740 263 7530
2739 264 7529
2738 265 7528
2737 266 7527
2736 267 7526
2735 268 7525
2734 269 7524
2733 270 7523
2732 271 7522
2731 272 7521
2730 273 7520
2729 274 7519
2728 275 7518
2727 276 7517
2726 277 7516
2725 278 7515
2724 279 7514
2723 280 7513
2722 281 7512
2721 282 7511
2720 283 7510
2719 284 7509
2718 285 7508
2717 286 7507
2716 287 7506
2715 288 7505
2714 289 7504
2713 290 7503
2712 291 7502
2711 292 7501
2710 293 7500
2709 294 7499
2708 295 7498
2707 296 7497
2706 297 7496
2705 298 7495
2704 299 7494
2703 300 7493
2702 301 7492
2701 302 7491
2700 303 7490
2699 304 7489
2698 305 7488
2697 306 7487
2696 307 7486
2695 308 7485
2694 309 7484
2693 310 7483
2692 311 7482
2691 312 7481
2690 313 7480
2689 314 7479
2688 315 7478
2687 316 7477
2686 317 7476
2685 318 7475
2684 319 7474
2683 320 7473
2682 321 7472
2681 322 7471
2680 323 7470
2679 324 7469
2678 325 7468
2677 326 7467
2676 327 7466
2675 328 7465
2674 329 7464
2673 330 7463
2672 331 7462
2671 332 7461
2670 333 7460
2669 334 7459
2668 335 7458
2667 336 7457
2666 337 7456
2665 338 7455
2664 339 7454
2663 340 7453
2662 341 7452
2661 342 7451
2660 343 7450
2659 344 7449
2658 345 7448
2657 346 7447
2656 347 7446
2655 348 7445
2654 349 7444
2653 350 7443
2652 351 7442
2651 352 7441
2650 353 7440
2649 354 7439
2648 355 7438
2647 356 7437
2646 357 7436
2645 358 7435
2644 359 7434
2643 360 7433
2642 361 7432
2641 362 7431
2640 363 7430
2639 364 7429
2638 365 7428
2637 366 7427
2636 367 7426
2635 368 7425
2634 369 7424
2633 370 7423
2632 371 7422
2631 372 7421
2630 373 7420
2629 374 7419
2628 375 7418
2627 376 7417
2626 377 7416
2625 378 7415
2624 379 7414
2623 380 7413
2622 381 7412
2621 382 7411
2620 383 7410
2619 384 7409
2618 385 7408
2617 386 7407
2616 387 7406
2615 388 7405
2614 389 7404
2613 390 7403
2612 391 7402
2611 392 7401
2610 393 7400
2609 394 7399
2608 395 7398
2607 396 7397
2606 397 7396
2605 398 7395
2604 399 7394
2603 400 7393
2602 401 7392
2601 402 7391
2600 403 7390
2599 404 7389
2598 405 7388
2597 406 7387
2596 407 7386
2595 408 7385
2594 409 7384
2593 410 7383
2592 411 7382
2591 412 7381
2590 413 7380
2589 414 7379
2588 415 7378
2587 416 7377
2586 417 7376
2585 418 7375
2584 419 7374
2583 420 7373
2582 421 7372
2581 422 7371
2580 423 7370
2579 424 7369
2578 425 7368
2577 426 7367
2576 427 7366
2575 428 7365
2574 429 7364
2573 430 7363
2572 431 7362
2571 432 7361
2570 433 7360
2569 434 7359
2568 435 7358
2567 436 7357
2566 437 7356
2565 438 7355
2564 439 7354
2563 440 7353
2562 441 7352
2561 442 7351
2560 443 7350
2559 444 7349
2558 445 7348
2557 446 7347
2556 447 7346
2555 448 7345
2554 449 7344
2553 450 7343
2552 451 7342
2551 452 7341
2550 453 7340
2549 454 7339
2548 455 7338
2547 456 7337
2546 457 7336
2545 458 7335
2544 459 7334
2543 460 7333
2542 461 7332
2541 462 7331
2540 463 7330
2539 464 7329
2538 465 7328
2537 466 7327
2536 467 7326
2535 468 7325
2534 469 7324
2533 470 7323
2532 471 7322
2531 472 7321
2530 473 7320
2529 474 7319
2528 475 7318
2527 476 7317
2526 477 7316
2525 478 7315
2524 479 7314
2523 480 7313
2522 481 7312
2521 482 7311
2520 483 7310
2519 484 7309
2518 485 7308
2517 486 7307
2516 487 7306
2515 488 7305
2514 489 7304
2513 490 7303
2512 491 7302
2511 492 7301
2510 493 7300
2509 494 7299
2508 495 7298
2507 496 7297
2506 497 7296
2505 498 7295
2504 499 7294
2503 500 7293
2502 501 7292
2501 502 7291
2500 503 7290
2499 504 7289
2498 505 7288
2497 506 7287
2496 507 7286
2495 508 7285
2494 509 7284
2493 510 7283
2492 511 7282
2491 512 7281
2490 513 7280
2489 514 7279
2488 515 7278
2487 516 7277
2486 517 7276
2485 518 7275
2484 519 7274
2483 520 7273
2482 521 7272
2481 522 7271
2480 523 7270
2479 524 7269
2478 525 7268
2477 526 7267
2476 527 7266
2475 528 7265
2474 529 7264
2473 530 7263
2472 531 7262
2471 532 7261
2470 533 7260
2469 534 7259
2468 535 7258
2467 536 7257
2466 537 7256
2465 538 7255
2464 539 7254
2463 540 7253
2462 541 7252
2461 542 7251
2460 543 7250
2459 544 7249
2458 545 7248
2457 546 7247
2456 547 7246
2455 548 7245
2454 549 7244
2453 550 7243
2452 551 7242
2451 552 7241
2450 553 7240
2449 554 7239
2448 555 7238
2447 556 7237
2446 557 7236
2445 558 7235
2444 559 7234
2443 560 7233
2442 561 7232
2441 562 7231
2440 563 7230
2439 564 7229
2438 565 7228
2437 566 7227
2436 567 7226
2435 568 7225
2434 569 7224
2433 570 7223
2432 571 7222
2431 572 7221
2430 573 7220
2429 574 7219
2428 575 7218
2427 576 7217
2426 577 7216
2425 578 7215
2424 579 7214
2423 580 7213
2422 581 7212
2421 582 7211
2420 583 7210
2419 584 7209
2418 585 7208
2417 586 7207
2416 587 7206
2415 588 7205
2414 589 7204
2413 590 7203
2412 591 7202
2411 592 7201
2410 593 7200
2409 594 7199
2408 595 7198
2407 596 7197
2406 597 7196
2405 598 7195
2404 599 7194
2403 600 7193
2402 601 7192
2401 602 7191
2400 603 7190
2399 604 7189
2398 605 7188
2397 606 7187
2396 607 7186
2395 608 7185
2394 609 7184
2393 610 7183
2392 611 7182
2391 612 7181
2390 613 7180
2389 614 7179
2388 615 7178
2387 616 7177
2386 617 7176
2385 618 7175
2384 619 7174
2383 620 7173
2382 621 7172
2381 622 7171
2380 623 7170
2379 624 7169
2378 625 7168
2377 626 7167
2376 627 7166
2375 628 7165
2374 629 7164
2373 630 7163
2372 631 7162
2371 632 7161
2370 633 7160
2369 634 7159
2368 635 7158
2367 636 7157
2366 637 7156
2365 638 7155
2364 639 7154
2363 640 7153
2362 641 7152
2361 642 7151
2360 643 7150
2359 644 7149
2358 645 7148
2357 646 7147
2356 647 7146
2355 648 7145
2354 649 7144
2353 650 7143
2352 651 7142
2351 652 7141
2350 653 7140
2349 654 7139
2348 655 7138
2347 656 7137
2346 657 7136
2345 658 7135
2344 659 7134
2343 660 7133
2342 661 7132
2341 662 7131
2340 663 7130
2339 664 7129
2338 665 7128
2337 666 7127
2336 667 7126
2335 668 7125
2334 669 7124
2333 670 7123
2332 671 7122
2331 672 7121
2330 673 7120
2329 674 7119
2328 675 7118
2327 676 7117
2326 677 7116
2325 678 7115
2324 679 7114
2323 680 7113
2322 681 7112
2321 682 7111
2320 683 7110
2319 684 7109
2318 685 7108
2317 686 7107
2316 687 7106
2315 688 7105
2314 689 7104
2313 690 7103
2312 691 7102
2311 692 7101
2310 693 7100
2309 694 7099
2308 695 7098
2307 696 7097
2306 697 7096
2305 698 7095
2304 699 7094
2303 700 7093
2302 701 7092
2301 702 7091
2300 703 7090
2299 704 7089
2298 705 7088
2297 706 7087
2296 707 7086
2295 708 7085
2294 709 7084
2293 710 7083
2292 711 7082
2291 712 7081
2290 713 7080
2289 714 7079
2288 715 7078
2287 716 7077
2286 717 7076
2285 718 7075
2284 719 7074
2283 720 7073
2282 721 7072
2281 722 7071
2280 723 7070
2279 724 7069
2278 725 7068
2277 726 7067
2276 727 7066
2275 728 7065
2274 729 7064
2273 730 7063
2272 731 7062
2271 732 7061
2270 733 7060
2269 734 7059
2268 735 7058
2267 736 7057
2266 737 7056
2265 738 7055
2264 739 7054
2263 740 7053
2262 741 7052
2261 742 7051
2260 743 7050
2259 744 7049
2258 745 7048
2257 746 7047
2256 747 7046
2255 748 7045
2254 749 7044
2253 750 7043
2252 751 7042
2251 752 7041
2250 753 7040
2249 754 7039
2248 755 7038
2247 756 7037
2246 757 7036
2245 758 7035
2244 759 7034
2243 760 7033
2242 761 7032
2241 762 7031
2240 763 7030
2239 764 7029
2238 765 7028
2237 766 7027
2236 767 7026
2235 768 7025
2234 769 7024
2233 770 7023
2232 771 7022
2231 772 7021
2230 773 7020
2229 774 7019
2228 775 7018
2227 776 7017
2226 777 7016
2225 778 7015
2224 779 7014
2223 780 7013
2222 781 7012
2221 782 7011
2220 783 7010
2219 784 7009
2218 785 7008
2217 786 7007
2216 787 7006
2215 788 7005
2214 789 7004
2213 790 7003
2212 791 7002
2211 792 7001
2210 793 7000
2209 794 6999
2208 795 6998
2207 796 6997
2206 797 6996
2205 798 6995
2204 799 6994
2203 800 6993
2202 801 6992
2201 802 6991
2200 803 6990
2199 804 6989
2198 805 6988
2197 806 6987
2196 807 6986
2195 808 6985
2194 809 6984
2193 810 6983
2192 811 6982
2191 812 6981
2190 813 6980
2189 814 6979
2188 815 6978
2187 816 6977
2186 817 6976
2185 818 6975
2184 819 6974
2183 820 6973
2182 821 6972
2181 822 6971
2180 823 6970
2179 824 6969
2178 825 6968
2177 826 6967
2176 827 6966
2175 828 6965
2174 829 6964
2173 830 6963
2172 831 6962
2171 832 6961
2170 833 6960
2169 834 6959
2168 835 6958
2167 836 6957
2166 837 6956
2165 838 6955
2164 839 6954
2163 840 6953
2162 841 6952
2161 842 6951
2160 843 6950
2159 844 6949
2158 845 6948
2157 846 6947
2156 847 6946
2155 848 6945
2154 849 6944
2153 850 6943
2152 851 6942
2151 852 6941
2150 853 6940
2149 854 6939
2148 855 6938
2147 856 6937
2146 857 6936
2145 858 6935
2144 859 6934
2143 860 6933
2142 861 6932
2141 862 6931
2140 863 6930
2139 864 6929
2138 865 6928
2137 866 6927
2136 867 6926
2135 868 6925
2134 869 6924
2133 870 6923
2132 871 6922
2131 872 6921
2130 873 6920
2129 874 6919
2128 875 6918
2127 876 6917
2126 877 6916
2125 878 6915
2124 879 6914
2123 880 6913
2122 881 6912
2121 882 6911
2120 883 6910
2119 884 6909
2118 885 6908
2117 886 6907
2116 887 6906
2115 888 6905
2114 889 6904
2113 890 6903
2112 891 6902
2111 892 6901
2110 893 6900
2109 894 6899
2108 895 6898
2107 896 6897
2106 897 6896
2105 898 6895
2104 899 6894
2103 900 6893
2102 901 6892
2101 902 6891
2100 903 6890
2099 904 6889
2098 905 6888
2097 906 6887
2096 907 6886
2095 908 6885
2094 909 6884
2093 910 6883
2092 911 6882
2091 912 6881
2090 913 6880
2089 914 6879
2088 915 6878
2087 916 6877
2086 917 6876
2085 918 6875
2084 919 6874
2083 920 6873
2082 921 6872
2081 922 6871
2080 923 6870
2079 924 6869
2078 925 6868
2077 926 6867
2076 927 6866
2075 928 6865
2074 929 6864
2073 930 6863
2072 931 6862
2071 932 6861
2070 933 6860
2069 934 6859
2068 935 6858
2067 936 6857
2066 937 6856
2065 938 6855
2064 939 6854
2063 940 6853
2062 941 6852
2061 942 6851
2060 943 6850
2059 944 6849
2058 945 6848
2057 946 6847
2056 947 6846
2055 948 6845
2054 949 6844
2053 950 6843
2052 951 6842
2051 952 6841
2050 953 6840
2049 954 6839
2048 955 6838
2047 956 6837
2046 957 6836
2045 958 6835
2044 959 6834
2043 960 6833
2042 961 6832
2041 962 6831
2040 963 6830
2039 964 6829
2038 965 6828
2037 966 6827
2036 967 6826
2035 968 6825
2034 969 6824
2033 970 6823
2032 971 6822
2031 972 6821
2030 973 6820
2029 974 6819
2028 975 6818
2027 976 6817
2026 977 6816
2025 978 6815
2024 979 6814
2023 980 6813
2022 981 6812
2021 982 6811
2020 983 6810
2019 984 6809
2018 985 6808
2017 986 6807
2016 987 6806
2015 988 6805
2014 989 6804
2013 990 6803
2012 991 6802
2011 992 6801
2010 993 6800
2009 994 6799
2008 995 6798
2007 996 6797
2006 997 6796
2005 998 6795
2004 999 6794
2003 1000 6793
2002 1001 6792
2001 1002 6791
2000 1003 6790
1999 1004 6789
1998 1005 6788
1997 1006 6787
1996 1007 6786
1995 1008 6785
1994 1009 6784
1993 1010 6783
1992 1011 6782
1991 1012 6781
1990 1013 6780
1989 1014 6779
1988 1015 6778
1987 1016 6777
1986 1017 6776
1985 1018 6775
1984 1019 6774
1983 1020 6773
1982 1021 6772
1981 1022 6771
1980 1023 6770
1979 1024 6769
1978 1025 6768
1977 1026 6767
1976 1027 6766
1975 1028 6765
1974 1029 6764
1973 1030 6763
1972 1031 6762
1971 1032 6761
1970 1033 6760
1969 1034 6759
1968 1035 6758
1967 1036 6757
1966 1037 6756
1965 1038 6755
1964 1039 6754
1963 1040 6753
1962 1041 6752
1961 1042 6751
1960 1043 6750
1959 1044 6749
1958 1045 6748
1957 1046 6747
1956 1047 6746
1955 1048 6745
1954 1049 6744
1953 1050 6743
1952 1051 6742
1951 1052 6741
1950 1053 6740
1949 1054 6739
1948 1055 6738
1947 1056 6737
1946 1057 6736
1945 1058 6735
1944 1059 6734
1943 1060 6733
1942 1061 6732
1941 1062 6731
1940 1063 6730
1939 1064 6729
1938 1065 6728
1937 1066 6727
1936 1067 6726
1935 1068 6725
1934 1069 6724
1933 1070 6723
1932 1071 6722
1931 1072 6721
1930 1073 6720
1929 1074 6719
1928 1075 6718
1927 1076 6717
1926 1077 6716
1925 1078 6715
1924 1079 6714
1923 1080 6713
1922 1081 6712
1921 1082 6711
1920 1083 6710
1919 1084 6709
1918 1085 6708
1917 1086 6707
1916 1087 6706
1915 1088 6705
1914 1089 6704
1913 1090 6703
1912 1091 6702
1911 1092 6701
1910 1093 6700
1909 1094 6699
1908 1095 6698
1907 1096 6697
1906 1097 6696
1905 1098 6695
1904 1099 6694
1903 1100 6693
1902 1101 6692
1901 1102 6691
1900 1103 6690
1899 1104 6689
1898 1105 6688
1897 1106 6687
1896 1107 6686
1895 1108 6685
1894 1109 6684
1893 1110 6683
1892 1111 6682
1891 1112 6681
1890 1113 6680
1889 1114 6679
1888 1115 6678
1887 1116 6677
1886 1117 6676
1885 1118 6675
1884 1119 6674
1883 1120 6673
1882 1121 6672
1881 1122 6671
1880 1123 6670
1879 1124 6669
1878 1125 6668
1877 1126 6667
1876 1127 6666
1875 1128 6665
1874 1129 6664
1873 1130 6663
1872 1131 6662
1871 1132 6661
1870 1133 6660
1869 1134 6659
1868 1135 6658
1867 1136 6657
1866 1137 6656
1865 1138 6655
1864 1139 6654
1863 1140 6653
1862 1141 6652
1861 1142 6651
1860 1143 6650
1859 1144 6649
1858 1145 6648
1857 1146 6647
1856 1147 6646
1855 1148 6645
1854 1149 6644
1853 1150 6643
1852 1151 6642
1851 1152 6641
1850 1153 6640
1849 1154 6639
1848 1155 6638
1847 1156 6637
1846 1157 6636
1845 1158 6635
1844 1159 6634
1843 1160 6633
1842 1161 6632
1841 1162 6631
1840 1163 6630
1839 1164 6629
1838 1165 6628
1837 1166 6627
1836 1167 6626
1835 1168 6625
1834 1169 6624
1833 1170 6623
1832 1171 6622
1831 1172 6621
1830 1173 6620
1829 1174 6619
1828 1175 6618
1827 1176 6617
1826 1177 6616
1825 1178 6615
1824 1179 6614
1823 1180 6613
1822 1181 6612
1821 1182 6611
1820 1183 6610
1819 1184 6609
1818 1185 6608
1817 1186 6607
1816 1187 6606
1815 1188 6605
1814 1189 6604
1813 1190 6603
1812 1191 6602
1811 1192 6601
1810 1193 6600
1809 1194 6599
1808 1195 6598
1807 1196 6597
1806 1197 6596
1805 1198 6595
1804 1199 6594
1803 1200 6593
1802 1201 6592
1801 1202 6591
1800 1203 6590
1799 1204 6589
1798 1205 6588
1797 1206 6587
1796 1207 6586
1795 1208 6585
1794 1209 6584
1793 1210 6583
1792 1211 6582
1791 1212 6581
1790 1213 6580
1789 1214 6579
1788 1215 6578
1787 1216 6577
1786 1217 6576
1785 1218 6575
1784 1219 6574
1783 1220 6573
1782 1221 6572
1781 1222 6571
1780 1223 6570
1779 1224 6569
1778 1225 6568
1777 1226 6567
1776 1227 6566
1775 1228 6565
1774 1229 6564
1773 1230 6563
1772 1231 6562
1771 1232 6561
1770 1233 6560
1769 1234 6559
1768 1235 6558
1767 1236 6557
1766 1237 6556
1765 1238 6555
1764 1239 6554
1763 1240 6553
1762 1241 6552
1761 1242 6551
1760 1243 6550
1759 1244 6549
1758 1245 6548
1757 1246 6547
1756 1247 6546
1755 1248 6545
1754 1249 6544
1753 1250 6543
1752 1251 6542
1751 1252 6541
1750 1253 6540
1749 1254 6539
1748 1255 6538
1747 1256 6537
1746 1257 6536
1745 1258 6535
1744 1259 6534
1743 1260 6533
1742 1261 6532
1741 1262 6531
1740 1263 6530
1739 1264 6529
1738 1265 6528
1737 1266 6527
1736 1267 6526
1735 1268 6525
1734 1269 6524
1733 1270 6523
1732 1271 6522
1731 1272 6521
1730 1273 6520
1729 1274 6519
1728 1275 6518
1727 1276 6517
1726 1277 6516
1725 1278 6515
1724 1279 6514
1723 1280 6513
1722 1281 6512
1721 1282 6511
1720 1283 6510
1719 1284 6509
1718 1285 6508
1717 1286 6507
1716 1287 6506
1715 1288 6505
1714 1289 6504
1713 1290 6503
1712 1291 6502
1711 1292 6501
1710 1293 6500
1709 1294 6499
1708 1295 6498
1707 1296 6497
1706 1297 6496
1705 1298 6495
1704 1299 6494
1703 1300 6493
1702 1301 6492
1701 1302 6491
1700 1303 6490
1699 1304 6489
1698 1305 6488
1697 1306 6487
1696 1307 6486
1695 1308 6485
1694 1309 6484
1693 1310 6483
1692 1311 6482
1691 1312 6481
1690 1313 6480
1689 1314 6479
1688 1315 6478
1687 1316 6477
1686 1317 6476
1685 1318 6475
1684 1319 6474
1683 1320 6473
1682 1321 6472
1681 1322 6471
1680 1323 6470
1679 1324 6469
1678 1325 6468
1677 1326 6467
1676 1327 6466
1675 1328 6465
1674 1329 6464
1673 1330 6463
1672 1331 6462
1671 1332 6461
1670 1333 6460
1669 1334 6459
1668 1335 6458
1667 1336 6457
1666 1337 6456
1665 1338 6455
1664 1339 6454
1663 1340 6453
1662 1341 6452
1661 1342 6451
1660 1343 6450
1659 1344 6449
1658 1345 6448
1657 1346 6447
1656 1347 6446
1655 1348 6445
1654 1349 6444
1653 1350 6443
1652 1351 6442
1651 1352 6441
1650 1353 6440
1649 1354 6439
1648 1355 6438
1647 1356 6437
1646 1357 6436
1645 1358 6435
1644 1359 6434
1643 1360 6433
1642 1361 6432
1641 1362 6431
1640 1363 6430
1639 1364 6429
1638 1365 6428
1637 1366 6427
1636 1367 6426
1635 1368 6425
1634 1369 6424
1633 1370 6423
1632 1371 6422
1631 1372 6421
1630 1373 6420
1629 1374 6419
1628 1375 6418
1627 1376 6417
1626 1377 6416
1625 1378 6415
1624 1379 6414
1623 1380 6413
1622 1381 6412
1621 1382 6411
1620 1383 6410
1619 1384 6409
1618 1385 6408
1617 1386 6407
1616 1387 6406
1615 1388 6405
1614 1389 6404
1613 1390 6403
1612 1391 6402
1611 1392 6401
1610 1393 6400
1609 1394 6399
1608 1395 6398
1607 1396 6397
1606 1397 6396
1605 1398 6395
1604 1399 6394
1603 1400 6393
1602 1401 6392
1601 1402 6391
1600 1403 6390
1599 1404 6389
1598 1405 6388
1597 1406 6387
1596 1407 6386
1595 1408 6385
1594 1409 6384
1593 1410 6383
1592 1411 6382
1591 1412 6381
1590 1413 6380
1589 1414 6379
1588 1415 6378
1587 1416 6377
1586 1417 6376
1585 1418 6375
1584 1419 6374
1583 1420 6373
1582 1421 6372
1581 1422 6371
1580 1423 6370
1579 1424 6369
1578 1425 6368
1577 1426 6367
1576 1427 6366
1575 1428 6365
1574 1429 6364
1573 1430 6363
1572 1431 6362
1571 1432 6361
1570 1433 6360
1569 1434 6359
1568 1435 6358
1567 1436 6357
1566 1437 6356
1565 1438 6355
1564 1439 6354
1563 1440 6353
1562 1441 6352
1561 1442 6351
1560 1443 6350
1559 1444 6349
1558 1445 6348
1557 1446 6347
1556 1447 6346
1555 1448 6345
1554 1449 6344
1553 1450 6343
1552 1451 6342
1551 1452 6341
1550 1453 6340
1549 1454 6339
1548 1455 6338
1547 1456 6337
1546 1457 6336
1545 1458 6335
1544 1459 6334
1543 1460 6333
1542 1461 6332
1541 1462 6331
1540 1463 6330
1539 1464 6329
1538 1465 6328
1537 1466 6327
1536 1467 6326
1535 1468 6325
1534 1469 6324
1533 1470 6323
1532 1471 6322
1531 1472 6321
1530 1473 6320
1529 1474 6319
1528 1475 6318
1527 1476 6317
1526 1477 6316
1525 1478 6315
1524 1479 6314
1523 1480 6313
1522 1481 6312
1521 1482 6311
1520 1483 6310
1519 1484 6309
1518 1485 6308
1517 1486 6307
1516 1487 6306
1515 1488 6305
1514 1489 6304
1513 1490 6303
1512 1491 6302
1511 1492 6301
1510 1493 6300
1509 1494 6299
1508 1495 6298
1507 1496 6297
1506 1497 6296
1505 1498 6295
1504 1499 6294
1503 1500 6293
1502 1501 6292
1501 1502 6291
1500 1503 6290
1499 1504 6289
1498 1505 6288
1497 1506 6287
1496 1507 6286
1495 1508 6285
1494 1509 6284
1493 1510 6283
1492 1511 6282
1491 1512 6281
1490 1513 6280
1489 1514 6279
1488 1515 6278
1487 1516 6277
1486 1517 6276
1485 1518 6275
1484 1519 6274
1483 1520 6273
1482 1521 6272
1481 1522 6271
1480 1523 6270
1479 1524 6269
1478 1525 6268
1477 1526 6267
1476 1527 6266
1475 1528 6265
1474 1529 6264
1473 1530 6263
1472 1531 6262
1471 1532 6261
1470 1533 6260
1469 1534 6259
1468 1535 6258
1467 1536 6257
1466 1537 6256
1465 1538 6255
1464 1539 6254
1463 1540 6253
1462 1541 6252
1461 1542 6251
1460 1543 6250
1459 1544 6249
1458 1545 6248
1457 1546 6247
1456 1547 6246
1455 1548 6245
1454 1549 6244
1453 1550 6243
1452 1551 6242
1451 1552 6241
1450 1553 6240
1449 1554 6239
1448 1555 6238
1447 1556 6237
1446 1557 6236
1445 1558 6235
1444 1559 6234
1443 1560 6233
1442 1561 6232
1441 1562 6231
1440 1563 6230
1439 1564 6229
1438 1565 6228
1437 1566 6227
1436 1567 6226
1435 1568 6225
1434 1569 6224
1433 1570 6223
1432 1571 6222
1431 1572 6221
1430 1573 6220
1429 1574 6219
1428 1575 6218
1427 1576 6217
1426 1577 6216
1425 1578 6215
1424 1579 6214
1423 1580 6213
1422 1581 6212
1421 1582 6211
1420 1583 6210
1419 1584 6209
1418 1585 6208
1417 1586 6207
1416 1587 6206
1415 1588 6205
1414 1589 6204
1413 1590 6203
1412 1591 6202
1411 1592 6201
1410 1593 6200
1409 1594 6199
1408 1595 6198
1407 1596 6197
1406 1597 6196
1405 1598 6195
1404 1599 6194
1403 1600 6193
1402 1601 6192
1401 1602 6191
1400 1603 6190
1399 1604 6189
1398 1605 6188
1397 1606 6187
1396 1607 6186
1395 1608 6185
1394 1609 6184
1393 1610 6183
1392 1611 6182
1391 1612 6181
1390 1613 6180
1389 1614 6179
1388 1615 6178
1387 1616 6177
1386 1617 6176
1385 1618 6175
1384 1619 6174
1383 1620 6173
1382 1621 6172
1381 1622 6171
1380 1623 6170
1379 1624 6169
1378 1625 6168
1377 1626 6167
1376 1627 6166
1375 1628 6165
1374 1629 6164
1373 1630 6163
1372 1631 6162
1371 1632 6161
1370 1633 6160
1369 1634 6159
1368 1635 6158
1367 1636 6157
1366 1637 6156
1365 1638 6155
1364 1639 6154
1363 1640 6153
1362 1641 6152
1361 1642 6151
1360 1643 6150
1359 1644 6149
1358 1645 6148
1357 1646 6147
1356 1647 6146
1355 1648 6145
1354 1649 6144
1353 1650 6143
1352 1651 6142
1351 1652 6141
1350 1653 6140
1349 1654 6139
1348 1655 6138
1347 1656 6137
1346 1657 6136
1345 1658 6135
1344 1659 6134
1343 1660 6133
1342 1661 6132
1341 1662 6131
1340 1663 6130
1339 1664 6129
1338 1665 6128
1337 1666 6127
1336 1667 6126
1335 1668 6125
1334 1669 6124
1333 1670 6123
1332 1671 6122
1331 1672 6121
1330 1673 6120
1329 1674 6119
1328 1675 6118
1327 1676 6117
1326 1677 6116
1325 1678 6115
1324 1679 6114
1323 1680 6113
1322 1681 6112
1321 1682 6111
1320 1683 6110
1319 1684 6109
1318 1685 6108
1317 1686 6107
1316 1687 6106
1315 1688 6105
1314 1689 6104
1313 1690 6103
1312 1691 6102
1311 1692 6101
1310 1693 6100
1309 1694 6099
1308 1695 6098
1307 1696 6097
1306 1697 6096
1305 1698 6095
1304 1699 6094
1303 1700 6093
1302 1701 6092
1301 1702 6091
1300 1703 6090
1299 1704 6089
1298 1705 6088
1297 1706 6087
1296 1707 6086
1295 1708 6085
1294 1709 6084
1293 1710 6083
1292 1711 6082
1291 1712 6081
1290 1713 6080
1289 1714 6079
1288 1715 6078
1287 1716 6077
1286 1717 6076
1285 1718 6075
1284 1719 6074
1283 1720 6073
1282 1721 6072
1281 1722 6071
1280 1723 6070
1279 1724 6069
1278 1725 6068
1277 1726 6067
1276 1727 6066
1275 1728 6065
1274 1729 6064
1273 1730 6063
1272 1731 6062
1271 1732 6061
1270 1733 6060
1269 1734 6059
1268 1735 6058
1267 1736 6057
1266 1737 6056
1265 1738 6055
1264 1739 6054
1263 1740 6053
1262 1741 6052
1261 1742 6051
1260 1743 6050
1259 1744 6049
1258 1745 6048
1257 1746 6047
1256 1747 6046
1255 1748 6045
1254 1749 6044
1253 1750 6043
1252 1751 6042
1251 1752 6041
1250 1753 6040
1249 1754 6039
1248 1755 6038
1247 1756 6037
1246 1757 6036
1245 1758 6035
1244 1759 6034
1243 1760 6033
1242 1761 6032
1241 1762 6031
1240 1763 6030
1239 1764 6029
1238 1765 6028
1237 1766 6027
1236 1767 6026
1235 1768 6025
1234 1769 6024
1233 1770 6023
1232 1771 6022
1231 1772 6021
1230 1773 6020
1229 1774 6019
1228 1775 6018
1227 1776 6017
1226 1777 6016
1225 1778 6015
1224 1779 6014
1223 1780 6013
1222 1781 6012
1221 1782 6011
1220 1783 6010
1219 1784 6009
1218 1785 6008
1217 1786 6007
1216 1787 6006
1215 1788 6005
1214 1789 6004
1213 1790 6003
1212 1791 6002
1211 1792 6001
