1470
3000 3 7470
2999 4 7469
2998 5 7468
2997 6 7467
2996 7 7466
2995 8 7465
2994 9 7464
2993 10 7463
2992 11 7462
2991 12 7461
2990 13 7460
2989 14 7459
2988 15 7458
2987 16 7457
2986 17 7456
2985 18 7455
2984 19 7454
2983 20 7453
2982 21 7452
2981 22 7451
2980 23 7450
2979 24 7449
2978 25 7448
2977 26 7447
2976 27 7446
2975 28 7445
2974 29 7444
2973 30 7443
2972 31 7442
2971 32 7441
2970 33 7440
2969 34 7439
2968 35 7438
2967 36 7437
2966 37 7436
2965 38 7435
2964 39 7434
2963 40 7433
2962 41 7432
2961 42 7431
2960 43 7430
2959 44 7429
2958 45 7428
2957 46 7427
2956 47 7426
2955 48 7425
2954 49 7424
2953 50 7423
2952 51 7422
2951 52 7421
2950 53 7420
2949 54 7419
2948 55 7418
2947 56 7417
2946 57 7416
2945 58 7415
2944 59 7414
2943 60 7413
2942 61 7412
2941 62 7411
2940 63 7410
2939 64 7409
2938 65 7408
2937 66 7407
2936 67 7406
2935 68 7405
2934 69 7404
2933 70 7403
2932 71 7402
2931 72 7401
2930 73 7400
2929 74 7399
2928 75 7398
2927 76 7397
2926 77 7396
2925 78 7395
2924 79 7394
2923 80 7393
2922 81 7392
2921 82 7391
2920 83 7390
2919 84 7389
2918 85 7388
2917 86 7387
2916 87 7386
2915 88 7385
2914 89 7384
2913 90 7383
2912 91 7382
2911 92 7381
2910 93 7380
2909 94 7379
2908 95 7378
2907 96 7377
2906 97 7376
2905 98 7375
2904 99 7374
2903 100 7373
2902 101 7372
2901 102 7371
2900 103 7370
2899 104 7369
2898 105 7368
2897 106 7367
2896 107 7366
2895 108 7365
2894 109 7364
2893 110 7363
2892 111 7362
2891 112 7361
2890 113 7360
2889 114 7359
2888 115 7358
2887 116 7357
2886 117 7356
2885 118 7355
2884 119 7354
2883 120 7353
2882 121 7352
2881 122 7351
2880 123 7350
2879 124 7349
2878 125 7348
2877 126 7347
2876 127 7346
2875 128 7345
2874 129 7344
2873 130 7343
2872 131 7342
2871 132 7341
2870 133 7340
2869 134 7339
2868 135 7338
2867 136 7337
2866 137 7336
2865 138 7335
2864 139 7334
2863 140 7333
2862 141 7332
2861 142 7331
2860 143 7330
2859 144 7329
2858 145 7328
2857 146 7327
2856 147 7326
2855 148 7325
2854 149 7324
2853 150 7323
2852 151 7322
2851 152 7321
2850 153 7320
2849 154 7319
2848 155 7318
2847 156 7317
2846 157 7316
2845 158 7315
2844 159 7314
2843 160 7313
2842 161 7312
2841 162 7311
2840 163 7310
2839 164 7309
2838 165 7308
2837 166 7307
2836 167 7306
2835 168 7305
2834 169 7304
2833 170 7303
2832 171 7302
2831 172 7301
2830 173 7300
2829 174 7299
2828 175 7298
2827 176 7297
2826 177 7296
2825 178 7295
2824 179 7294
2823 180 7293
2822 181 7292
2821 182 7291
2820 183 7290
2819 184 7289
2818 185 7288
2817 186 7287
2816 187 7286
2815 188 7285
2814 189 7284
2813 190 7283
2812 191 7282
2811 192 7281
2810 193 7280
2809 194 7279
2808 195 7278
2807 196 7277
2806 197 7276
2805 198 7275
2804 199 7274
2803 200 7273
2802 201 7272
2801 202 7271
2800 203 7270
2799 204 7269
2798 205 7268
2797 206 7267
2796 207 7266
2795 208 7265
2794 209 7264
2793 210 7263
2792 211 7262
2791 212 7261
2790 213 7260
2789 214 7259
2788 215 7258
2787 216 7257
2786 217 7256
2785 218 7255
2784 219 7254
2783 220 7253
2782 221 7252
2781 222 7251
2780 223 7250
2779 224 7249
2778 225 7248
2777 226 7247
2776 227 7246
2775 228 7245
2774 229 7244
2773 230 7243
2772 231 7242
2771 232 7241
2770 233 7240
2769 234 7239
2768 235 7238
2767 236 7237
2766 237 7236
2765 238 7235
2764 239 7234
2763 240 7233
2762 241 7232
2761 242 7231
2760 243 7230
2759 244 7229
2758 245 7228
2757 246 7227
2756 247 7226
2755 248 7225
2754 249 7224
2753 250 7223
2752 251 7222
2751 252 7221
2750 253 7220
2749 254 7219
2748 255 7218
2747 256 7217
2746 257 7216
2745 258 7215
2744 259 7214
2743 260 7213
2742 261 7212
2741 262 7211
2740 263 7210
2739 264 7209
2738 265 7208
2737 266 7207
2736 267 7206
2735 268 7205
2734 269 7204
2733 270 7203
2732 271 7202
2731 272 7201
2730 273 7200
2729 274 7199
2728 275 7198
2727 276 7197
2726 277 7196
2725 278 7195
2724 279 7194
2723 280 7193
2722 281 7192
2721 282 7191
2720 283 7190
2719 284 7189
2718 285 7188
2717 286 7187
2716 287 7186
2715 288 7185
2714 289 7184
2713 290 7183
2712 291 7182
2711 292 7181
2710 293 7180
2709 294 7179
2708 295 7178
2707 296 7177
2706 297 7176
2705 298 7175
2704 299 7174
2703 300 7173
2702 301 7172
2701 302 7171
2700 303 7170
2699 304 7169
2698 305 7168
2697 306 7167
2696 307 7166
2695 308 7165
2694 309 7164
2693 310 7163
2692 311 7162
2691 312 7161
2690 313 7160
2689 314 7159
2688 315 7158
2687 316 7157
2686 317 7156
2685 318 7155
2684 319 7154
2683 320 7153
2682 321 7152
2681 322 7151
2680 323 7150
2679 324 7149
2678 325 7148
2677 326 7147
2676 327 7146
2675 328 7145
2674 329 7144
2673 330 7143
2672 331 7142
2671 332 7141
2670 333 7140
2669 334 7139
2668 335 7138
2667 336 7137
2666 337 7136
2665 338 7135
2664 339 7134
2663 340 7133
2662 341 7132
2661 342 7131
2660 343 7130
2659 344 7129
2658 345 7128
2657 346 7127
2656 347 7126
2655 348 7125
2654 349 7124
2653 350 7123
2652 351 7122
2651 352 7121
2650 353 7120
2649 354 7119
2648 355 7118
2647 356 7117
2646 357 7116
2645 358 7115
2644 359 7114
2643 360 7113
2642 361 7112
2641 362 7111
2640 363 7110
2639 364 7109
2638 365 7108
2637 366 7107
2636 367 7106
2635 368 7105
2634 369 7104
2633 370 7103
2632 371 7102
2631 372 7101
2630 373 7100
2629 374 7099
2628 375 7098
2627 376 7097
2626 377 7096
2625 378 7095
2624 379 7094
2623 380 7093
2622 381 7092
2621 382 7091
2620 383 7090
2619 384 7089
2618 385 7088
2617 386 7087
2616 387 7086
2615 388 7085
2614 389 7084
2613 390 7083
2612 391 7082
2611 392 7081
2610 393 7080
2609 394 7079
2608 395 7078
2607 396 7077
2606 397 7076
2605 398 7075
2604 399 7074
2603 400 7073
2602 401 7072
2601 402 7071
2600 403 7070
2599 404 7069
2598 405 7068
2597 406 7067
2596 407 7066
2595 408 7065
2594 409 7064
2593 410 7063
2592 411 7062
2591 412 7061
2590 413 7060
2589 414 7059
2588 415 7058
2587 416 7057
2586 417 7056
2585 418 7055
2584 419 7054
2583 420 7053
2582 421 7052
2581 422 7051
2580 423 7050
2579 424 7049
2578 425 7048
2577 426 7047
2576 427 7046
2575 428 7045
2574 429 7044
2573 430 7043
2572 431 7042
2571 432 7041
2570 433 7040
2569 434 7039
2568 435 7038
2567 436 7037
2566 437 7036
2565 438 7035
2564 439 7034
2563 440 7033
2562 441 7032
2561 442 7031
2560 443 7030
2559 444 7029
2558 445 7028
2557 446 7027
2556 447 7026
2555 448 7025
2554 449 7024
2553 450 7023
2552 451 7022
2551 452 7021
2550 453 7020
2549 454 7019
2548 455 7018
2547 456 7017
2546 457 7016
2545 458 7015
2544 459 7014
2543 460 7013
2542 461 7012
2541 462 7011
2540 463 7010
2539 464 7009
2538 465 7008
2537 466 7007
2536 467 7006
2535 468 7005
2534 469 7004
2533 470 7003
2532 471 7002
2531 472 7001
2530 473 7000
2529 474 6999
2528 475 6998
2527 476 6997
2526 477 6996
2525 478 6995
2524 479 6994
2523 480 6993
2522 481 6992
2521 482 6991
2520 483 6990
2519 484 6989
2518 485 6988
2517 486 6987
2516 487 6986
2515 488 6985
2514 489 6984
2513 490 6983
2512 491 6982
2511 492 6981
2510 493 6980
2509 494 6979
2508 495 6978
2507 496 6977
2506 497 6976
2505 498 6975
2504 499 6974
2503 500 6973
2502 501 6972
2501 502 6971
2500 503 6970
2499 504 6969
2498 505 6968
2497 506 6967
2496 507 6966
2495 508 6965
2494 509 6964
2493 510 6963
2492 511 6962
2491 512 6961
2490 513 6960
2489 514 6959
2488 515 6958
2487 516 6957
2486 517 6956
2485 518 6955
2484 519 6954
2483 520 6953
2482 521 6952
2481 522 6951
2480 523 6950
2479 524 6949
2478 525 6948
2477 526 6947
2476 527 6946
2475 528 6945
2474 529 6944
2473 530 6943
2472 531 6942
2471 532 6941
2470 533 6940
2469 534 6939
2468 535 6938
2467 536 6937
2466 537 6936
2465 538 6935
2464 539 6934
2463 540 6933
2462 541 6932
2461 542 6931
2460 543 6930
2459 544 6929
2458 545 6928
2457 546 6927
2456 547 6926
2455 548 6925
2454 549 6924
2453 550 6923
2452 551 6922
2451 552 6921
2450 553 6920
2449 554 6919
2448 555 6918
2447 556 6917
2446 557 6916
2445 558 6915
2444 559 6914
2443 560 6913
2442 561 6912
2441 562 6911
2440 563 6910
2439 564 6909
2438 565 6908
2437 566 6907
2436 567 6906
2435 568 6905
2434 569 6904
2433 570 6903
2432 571 6902
2431 572 6901
2430 573 6900
2429 574 6899
2428 575 6898
2427 576 6897
2426 577 6896
2425 578 6895
2424 579 6894
2423 580 6893
2422 581 6892
2421 582 6891
2420 583 6890
2419 584 6889
2418 585 6888
2417 586 6887
2416 587 6886
2415 588 6885
2414 589 6884
2413 590 6883
2412 591 6882
2411 592 6881
2410 593 6880
2409 594 6879
2408 595 6878
2407 596 6877
2406 597 6876
2405 598 6875
2404 599 6874
2403 600 6873
2402 601 6872
2401 602 6871
2400 603 6870
2399 604 6869
2398 605 6868
2397 606 6867
2396 607 6866
2395 608 6865
2394 609 6864
2393 610 6863
2392 611 6862
2391 612 6861
2390 613 6860
2389 614 6859
2388 615 6858
2387 616 6857
2386 617 6856
2385 618 6855
2384 619 6854
2383 620 6853
2382 621 6852
2381 622 6851
2380 623 6850
2379 624 6849
2378 625 6848
2377 626 6847
2376 627 6846
2375 628 6845
2374 629 6844
2373 630 6843
2372 631 6842
2371 632 6841
2370 633 6840
2369 634 6839
2368 635 6838
2367 636 6837
2366 637 6836
2365 638 6835
2364 639 6834
2363 640 6833
2362 641 6832
2361 642 6831
2360 643 6830
2359 644 6829
2358 645 6828
2357 646 6827
2356 647 6826
2355 648 6825
2354 649 6824
2353 650 6823
2352 651 6822
2351 652 6821
2350 653 6820
2349 654 6819
2348 655 6818
2347 656 6817
2346 657 6816
2345 658 6815
2344 659 6814
2343 660 6813
2342 661 6812
2341 662 6811
2340 663 6810
2339 664 6809
2338 665 6808
2337 666 6807
2336 667 6806
2335 668 6805
2334 669 6804
2333 670 6803
2332 671 6802
2331 672 6801
2330 673 6800
2329 674 6799
2328 675 6798
2327 676 6797
2326 677 6796
2325 678 6795
2324 679 6794
2323 680 6793
2322 681 6792
2321 682 6791
2320 683 6790
2319 684 6789
2318 685 6788
2317 686 6787
2316 687 6786
2315 688 6785
2314 689 6784
2313 690 6783
2312 691 6782
2311 692 6781
2310 693 6780
2309 694 6779
2308 695 6778
2307 696 6777
2306 697 6776
2305 698 6775
2304 699 6774
2303 700 6773
2302 701 6772
2301 702 6771
2300 703 6770
2299 704 6769
2298 705 6768
2297 706 6767
2296 707 6766
2295 708 6765
2294 709 6764
2293 710 6763
2292 711 6762
2291 712 6761
2290 713 6760
2289 714 6759
2288 715 6758
2287 716 6757
2286 717 6756
2285 718 6755
2284 719 6754
2283 720 6753
2282 721 6752
2281 722 6751
2280 723 6750
2279 724 6749
2278 725 6748
2277 726 6747
2276 727 6746
2275 728 6745
2274 729 6744
2273 730 6743
2272 731 6742
2271 732 6741
2270 733 6740
2269 734 6739
2268 735 6738
2267 736 6737
2266 737 6736
2265 738 6735
2264 739 6734
2263 740 6733
2262 741 6732
2261 742 6731
2260 743 6730
2259 744 6729
2258 745 6728
2257 746 6727
2256 747 6726
2255 748 6725
2254 749 6724
2253 750 6723
2252 751 6722
2251 752 6721
2250 753 6720
2249 754 6719
2248 755 6718
2247 756 6717
2246 757 6716
2245 758 6715
2244 759 6714
2243 760 6713
2242 761 6712
2241 762 6711
2240 763 6710
2239 764 6709
2238 765 6708
2237 766 6707
2236 767 6706
2235 768 6705
2234 769 6704
2233 770 6703
2232 771 6702
2231 772 6701
2230 773 6700
2229 774 6699
2228 775 6698
2227 776 6697
2226 777 6696
2225 778 6695
2224 779 6694
2223 780 6693
2222 781 6692
2221 782 6691
2220 783 6690
2219 784 6689
2218 785 6688
2217 786 6687
2216 787 6686
2215 788 6685
2214 789 6684
2213 790 6683
2212 791 6682
2211 792 6681
2210 793 6680
2209 794 6679
2208 795 6678
2207 796 6677
2206 797 6676
2205 798 6675
2204 799 6674
2203 800 6673
2202 801 6672
2201 802 6671
2200 803 6670
2199 804 6669
2198 805 6668
2197 806 6667
2196 807 6666
2195 808 6665
2194 809 6664
2193 810 6663
2192 811 6662
2191 812 6661
2190 813 6660
2189 814 6659
2188 815 6658
2187 816 6657
2186 817 6656
2185 818 6655
2184 819 6654
2183 820 6653
2182 821 6652
2181 822 6651
2180 823 6650
2179 824 6649
2178 825 6648
2177 826 6647
2176 827 6646
2175 828 6645
2174 829 6644
2173 830 6643
2172 831 6642
2171 832 6641
2170 833 6640
2169 834 6639
2168 835 6638
2167 836 6637
2166 837 6636
2165 838 6635
2164 839 6634
2163 840 6633
2162 841 6632
2161 842 6631
2160 843 6630
2159 844 6629
2158 845 6628
2157 846 6627
2156 847 6626
2155 848 6625
2154 849 6624
2153 850 6623
2152 851 6622
2151 852 6621
2150 853 6620
2149 854 6619
2148 855 6618
2147 856 6617
2146 857 6616
2145 858 6615
2144 859 6614
2143 860 6613
2142 861 6612
2141 862 6611
2140 863 6610
2139 864 6609
2138 865 6608
2137 866 6607
2136 867 6606
2135 868 6605
2134 869 6604
2133 870 6603
2132 871 6602
2131 872 6601
2130 873 6600
2129 874 6599
2128 875 6598
2127 876 6597
2126 877 6596
2125 878 6595
2124 879 6594
2123 880 6593
2122 881 6592
2121 882 6591
2120 883 6590
2119 884 6589
2118 885 6588
2117 886 6587
2116 887 6586
2115 888 6585
2114 889 6584
2113 890 6583
2112 891 6582
2111 892 6581
2110 893 6580
2109 894 6579
2108 895 6578
2107 896 6577
2106 897 6576
2105 898 6575
2104 899 6574
2103 900 6573
2102 901 6572
2101 902 6571
2100 903 6570
2099 904 6569
2098 905 6568
2097 906 6567
2096 907 6566
2095 908 6565
2094 909 6564
2093 910 6563
2092 911 6562
2091 912 6561
2090 913 6560
2089 914 6559
2088 915 6558
2087 916 6557
2086 917 6556
2085 918 6555
2084 919 6554
2083 920 6553
2082 921 6552
2081 922 6551
2080 923 6550
2079 924 6549
2078 925 6548
2077 926 6547
2076 927 6546
2075 928 6545
2074 929 6544
2073 930 6543
2072 931 6542
2071 932 6541
2070 933 6540
2069 934 6539
2068 935 6538
2067 936 6537
2066 937 6536
2065 938 6535
2064 939 6534
2063 940 6533
2062 941 6532
2061 942 6531
2060 943 6530
2059 944 6529
2058 945 6528
2057 946 6527
2056 947 6526
2055 948 6525
2054 949 6524
2053 950 6523
2052 951 6522
2051 952 6521
2050 953 6520
2049 954 6519
2048 955 6518
2047 956 6517
2046 957 6516
2045 958 6515
2044 959 6514
2043 960 6513
2042 961 6512
2041 962 6511
2040 963 6510
2039 964 6509
2038 965 6508
2037 966 6507
2036 967 6506
2035 968 6505
2034 969 6504
2033 970 6503
2032 971 6502
2031 972 6501
2030 973 6500
2029 974 6499
2028 975 6498
2027 976 6497
2026 977 6496
2025 978 6495
2024 979 6494
2023 980 6493
2022 981 6492
2021 982 6491
2020 983 6490
2019 984 6489
2018 985 6488
2017 986 6487
2016 987 6486
2015 988 6485
2014 989 6484
2013 990 6483
2012 991 6482
2011 992 6481
2010 993 6480
2009 994 6479
2008 995 6478
2007 996 6477
2006 997 6476
2005 998 6475
2004 999 6474
2003 1000 6473
2002 1001 6472
2001 1002 6471
2000 1003 6470
1999 1004 6469
1998 1005 6468
1997 1006 6467
1996 1007 6466
1995 1008 6465
1994 1009 6464
1993 1010 6463
1992 1011 6462
1991 1012 6461
1990 1013 6460
1989 1014 6459
1988 1015 6458
1987 1016 6457
1986 1017 6456
1985 1018 6455
1984 1019 6454
1983 1020 6453
1982 1021 6452
1981 1022 6451
1980 1023 6450
1979 1024 6449
1978 1025 6448
1977 1026 6447
1976 1027 6446
1975 1028 6445
1974 1029 6444
1973 1030 6443
1972 1031 6442
1971 1032 6441
1970 1033 6440
1969 1034 6439
1968 1035 6438
1967 1036 6437
1966 1037 6436
1965 1038 6435
1964 1039 6434
1963 1040 6433
1962 1041 6432
1961 1042 6431
1960 1043 6430
1959 1044 6429
1958 1045 6428
1957 1046 6427
1956 1047 6426
1955 1048 6425
1954 1049 6424
1953 1050 6423
1952 1051 6422
1951 1052 6421
1950 1053 6420
1949 1054 6419
1948 1055 6418
1947 1056 6417
1946 1057 6416
1945 1058 6415
1944 1059 6414
1943 1060 6413
1942 1061 6412
1941 1062 6411
1940 1063 6410
1939 1064 6409
1938 1065 6408
1937 1066 6407
1936 1067 6406
1935 1068 6405
1934 1069 6404
1933 1070 6403
1932 1071 6402
1931 1072 6401
1930 1073 6400
1929 1074 6399
1928 1075 6398
1927 1076 6397
1926 1077 6396
1925 1078 6395
1924 1079 6394
1923 1080 6393
1922 1081 6392
1921 1082 6391
1920 1083 6390
1919 1084 6389
1918 1085 6388
1917 1086 6387
1916 1087 6386
1915 1088 6385
1914 1089 6384
1913 1090 6383
1912 1091 6382
1911 1092 6381
1910 1093 6380
1909 1094 6379
1908 1095 6378
1907 1096 6377
1906 1097 6376
1905 1098 6375
1904 1099 6374
1903 1100 6373
1902 1101 6372
1901 1102 6371
1900 1103 6370
1899 1104 6369
1898 1105 6368
1897 1106 6367
1896 1107 6366
1895 1108 6365
1894 1109 6364
1893 1110 6363
1892 1111 6362
1891 1112 6361
1890 1113 6360
1889 1114 6359
1888 1115 6358
1887 1116 6357
1886 1117 6356
1885 1118 6355
1884 1119 6354
1883 1120 6353
1882 1121 6352
1881 1122 6351
1880 1123 6350
1879 1124 6349
1878 1125 6348
1877 1126 6347
1876 1127 6346
1875 1128 6345
1874 1129 6344
1873 1130 6343
1872 1131 6342
1871 1132 6341
1870 1133 6340
1869 1134 6339
1868 1135 6338
1867 1136 6337
1866 1137 6336
1865 1138 6335
1864 1139 6334
1863 1140 6333
1862 1141 6332
1861 1142 6331
1860 1143 6330
1859 1144 6329
1858 1145 6328
1857 1146 6327
1856 1147 6326
1855 1148 6325
1854 1149 6324
1853 1150 6323
1852 1151 6322
1851 1152 6321
1850 1153 6320
1849 1154 6319
1848 1155 6318
1847 1156 6317
1846 1157 6316
1845 1158 6315
1844 1159 6314
1843 1160 6313
1842 1161 6312
1841 1162 6311
1840 1163 6310
1839 1164 6309
1838 1165 6308
1837 1166 6307
1836 1167 6306
1835 1168 6305
1834 1169 6304
1833 1170 6303
1832 1171 6302
1831 1172 6301
1830 1173 6300
1829 1174 6299
1828 1175 6298
1827 1176 6297
1826 1177 6296
1825 1178 6295
1824 1179 6294
1823 1180 6293
1822 1181 6292
1821 1182 6291
1820 1183 6290
1819 1184 6289
1818 1185 6288
1817 1186 6287
1816 1187 6286
1815 1188 6285
1814 1189 6284
1813 1190 6283
1812 1191 6282
1811 1192 6281
1810 1193 6280
1809 1194 6279
1808 1195 6278
1807 1196 6277
1806 1197 6276
1805 1198 6275
1804 1199 6274
1803 1200 6273
1802 1201 6272
1801 1202 6271
1800 1203 6270
1799 1204 6269
1798 1205 6268
1797 1206 6267
1796 1207 6266
1795 1208 6265
1794 1209 6264
1793 1210 6263
1792 1211 6262
1791 1212 6261
1790 1213 6260
1789 1214 6259
1788 1215 6258
1787 1216 6257
1786 1217 6256
1785 1218 6255
1784 1219 6254
1783 1220 6253
1782 1221 6252
1781 1222 6251
1780 1223 6250
1779 1224 6249
1778 1225 6248
1777 1226 6247
1776 1227 6246
1775 1228 6245
1774 1229 6244
1773 1230 6243
1772 1231 6242
1771 1232 6241
1770 1233 6240
1769 1234 6239
1768 1235 6238
1767 1236 6237
1766 1237 6236
1765 1238 6235
1764 1239 6234
1763 1240 6233
1762 1241 6232
1761 1242 6231
1760 1243 6230
1759 1244 6229
1758 1245 6228
1757 1246 6227
1756 1247 6226
1755 1248 6225
1754 1249 6224
1753 1250 6223
1752 1251 6222
1751 1252 6221
1750 1253 6220
1749 1254 6219
1748 1255 6218
1747 1256 6217
1746 1257 6216
1745 1258 6215
1744 1259 6214
1743 1260 6213
1742 1261 6212
1741 1262 6211
1740 1263 6210
1739 1264 6209
1738 1265 6208
1737 1266 6207
1736 1267 6206
1735 1268 6205
1734 1269 6204
1733 1270 6203
1732 1271 6202
1731 1272 6201
1730 1273 6200
1729 1274 6199
1728 1275 6198
1727 1276 6197
1726 1277 6196
1725 1278 6195
1724 1279 6194
1723 1280 6193
1722 1281 6192
1721 1282 6191
1720 1283 6190
1719 1284 6189
1718 1285 6188
1717 1286 6187
1716 1287 6186
1715 1288 6185
1714 1289 6184
1713 1290 6183
1712 1291 6182
1711 1292 6181
1710 1293 6180
1709 1294 6179
1708 1295 6178
1707 1296 6177
1706 1297 6176
1705 1298 6175
1704 1299 6174
1703 1300 6173
1702 1301 6172
1701 1302 6171
1700 1303 6170
1699 1304 6169
1698 1305 6168
1697 1306 6167
1696 1307 6166
1695 1308 6165
1694 1309 6164
1693 1310 6163
1692 1311 6162
1691 1312 6161
1690 1313 6160
1689 1314 6159
1688 1315 6158
1687 1316 6157
1686 1317 6156
1685 1318 6155
1684 1319 6154
1683 1320 6153
1682 1321 6152
1681 1322 6151
1680 1323 6150
1679 1324 6149
1678 1325 6148
1677 1326 6147
1676 1327 6146
1675 1328 6145
1674 1329 6144
1673 1330 6143
1672 1331 6142
1671 1332 6141
1670 1333 6140
1669 1334 6139
1668 1335 6138
1667 1336 6137
1666 1337 6136
1665 1338 6135
1664 1339 6134
1663 1340 6133
1662 1341 6132
1661 1342 6131
1660 1343 6130
1659 1344 6129
1658 1345 6128
1657 1346 6127
1656 1347 6126
1655 1348 6125
1654 1349 6124
1653 1350 6123
1652 1351 6122
1651 1352 6121
1650 1353 6120
1649 1354 6119
1648 1355 6118
1647 1356 6117
1646 1357 6116
1645 1358 6115
1644 1359 6114
1643 1360 6113
1642 1361 6112
1641 1362 6111
1640 1363 6110
1639 1364 6109
1638 1365 6108
1637 1366 6107
1636 1367 6106
1635 1368 6105
1634 1369 6104
1633 1370 6103
1632 1371 6102
1631 1372 6101
1630 1373 6100
1629 1374 6099
1628 1375 6098
1627 1376 6097
1626 1377 6096
1625 1378 6095
1624 1379 6094
1623 1380 6093
1622 1381 6092
1621 1382 6091
1620 1383 6090
1619 1384 6089
1618 1385 6088
1617 1386 6087
1616 1387 6086
1615 1388 6085
1614 1389 6084
1613 1390 6083
1612 1391 6082
1611 1392 6081
1610 1393 6080
1609 1394 6079
1608 1395 6078
1607 1396 6077
1606 1397 6076
1605 1398 6075
1604 1399 6074
1603 1400 6073
1602 1401 6072
1601 1402 6071
1600 1403 6070
1599 1404 6069
1598 1405 6068
1597 1406 6067
1596 1407 6066
1595 1408 6065
1594 1409 6064
1593 1410 6063
1592 1411 6062
1591 1412 6061
1590 1413 6060
1589 1414 6059
1588 1415 6058
1587 1416 6057
1586 1417 6056
1585 1418 6055
1584 1419 6054
1583 1420 6053
1582 1421 6052
1581 1422 6051
1580 1423 6050
1579 1424 6049
1578 1425 6048
1577 1426 6047
1576 1427 6046
1575 1428 6045
1574 1429 6044
1573 1430 6043
1572 1431 6042
1571 1432 6041
1570 1433 6040
1569 1434 6039
1568 1435 6038
1567 1436 6037
1566 1437 6036
1565 1438 6035
1564 1439 6034
1563 1440 6033
1562 1441 6032
1561 1442 6031
1560 1443 6030
1559 1444 6029
1558 1445 6028
1557 1446 6027
1556 1447 6026
1555 1448 6025
1554 1449 6024
1553 1450 6023
1552 1451 6022
1551 1452 6021
1550 1453 6020
1549 1454 6019
1548 1455 6018
1547 1456 6017
1546 1457 6016
1545 1458 6015
1544 1459 6014
1543 1460 6013
1542 1461 6012
1541 1462 6011
1540 1463 6010
1539 1464 6009
1538 1465 6008
1537 1466 6007
1536 1467 6006
1535 1468 6005
1534 1469 6004
1533 1470 6003
1532 1471 6002
1531 1472 6001
