2453
3000 3 8453
2999 4 8452
2998 5 8451
2997 6 8450
2996 7 8449
2995 8 8448
2994 9 8447
2993 10 8446
2992 11 8445
2991 12 8444
2990 13 8443
2989 14 8442
2988 15 8441
2987 16 8440
2986 17 8439
2985 18 8438
2984 19 8437
2983 20 8436
2982 21 8435
2981 22 8434
2980 23 8433
2979 24 8432
2978 25 8431
2977 26 8430
2976 27 8429
2975 28 8428
2974 29 8427
2973 30 8426
2972 31 8425
2971 32 8424
2970 33 8423
2969 34 8422
2968 35 8421
2967 36 8420
2966 37 8419
2965 38 8418
2964 39 8417
2963 40 8416
2962 41 8415
2961 42 8414
2960 43 8413
2959 44 8412
2958 45 8411
2957 46 8410
2956 47 8409
2955 48 8408
2954 49 8407
2953 50 8406
2952 51 8405
2951 52 8404
2950 53 8403
2949 54 8402
2948 55 8401
2947 56 8400
2946 57 8399
2945 58 8398
2944 59 8397
2943 60 8396
2942 61 8395
2941 62 8394
2940 63 8393
2939 64 8392
2938 65 8391
2937 66 8390
2936 67 8389
2935 68 8388
2934 69 8387
2933 70 8386
2932 71 8385
2931 72 8384
2930 73 8383
2929 74 8382
2928 75 8381
2927 76 8380
2926 77 8379
2925 78 8378
2924 79 8377
2923 80 8376
2922 81 8375
2921 82 8374
2920 83 8373
2919 84 8372
2918 85 8371
2917 86 8370
2916 87 8369
2915 88 8368
2914 89 8367
2913 90 8366
2912 91 8365
2911 92 8364
2910 93 8363
2909 94 8362
2908 95 8361
2907 96 8360
2906 97 8359
2905 98 8358
2904 99 8357
2903 100 8356
2902 101 8355
2901 102 8354
2900 103 8353
2899 104 8352
2898 105 8351
2897 106 8350
2896 107 8349
2895 108 8348
2894 109 8347
2893 110 8346
2892 111 8345
2891 112 8344
2890 113 8343
2889 114 8342
2888 115 8341
2887 116 8340
2886 117 8339
2885 118 8338
2884 119 8337
2883 120 8336
2882 121 8335
2881 122 8334
2880 123 8333
2879 124 8332
2878 125 8331
2877 126 8330
2876 127 8329
2875 128 8328
2874 129 8327
2873 130 8326
2872 131 8325
2871 132 8324
2870 133 8323
2869 134 8322
2868 135 8321
2867 136 8320
2866 137 8319
2865 138 8318
2864 139 8317
2863 140 8316
2862 141 8315
2861 142 8314
2860 143 8313
2859 144 8312
2858 145 8311
2857 146 8310
2856 147 8309
2855 148 8308
2854 149 8307
2853 150 8306
2852 151 8305
2851 152 8304
2850 153 8303
2849 154 8302
2848 155 8301
2847 156 8300
2846 157 8299
2845 158 8298
2844 159 8297
2843 160 8296
2842 161 8295
2841 162 8294
2840 163 8293
2839 164 8292
2838 165 8291
2837 166 8290
2836 167 8289
2835 168 8288
2834 169 8287
2833 170 8286
2832 171 8285
2831 172 8284
2830 173 8283
2829 174 8282
2828 175 8281
2827 176 8280
2826 177 8279
2825 178 8278
2824 179 8277
2823 180 8276
2822 181 8275
2821 182 8274
2820 183 8273
2819 184 8272
2818 185 8271
2817 186 8270
2816 187 8269
2815 188 8268
2814 189 8267
2813 190 8266
2812 191 8265
2811 192 8264
2810 193 8263
2809 194 8262
2808 195 8261
2807 196 8260
2806 197 8259
2805 198 8258
2804 199 8257
2803 200 8256
2802 201 8255
2801 202 8254
2800 203 8253
2799 204 8252
2798 205 8251
2797 206 8250
2796 207 8249
2795 208 8248
2794 209 8247
2793 210 8246
2792 211 8245
2791 212 8244
2790 213 8243
2789 214 8242
2788 215 8241
2787 216 8240
2786 217 8239
2785 218 8238
2784 219 8237
2783 220 8236
2782 221 8235
2781 222 8234
2780 223 8233
2779 224 8232
2778 225 8231
2777 226 8230
2776 227 8229
2775 228 8228
2774 229 8227
2773 230 8226
2772 231 8225
2771 232 8224
2770 233 8223
2769 234 8222
2768 235 8221
2767 236 8220
2766 237 8219
2765 238 8218
2764 239 8217
2763 240 8216
2762 241 8215
2761 242 8214
2760 243 8213
2759 244 8212
2758 245 8211
2757 246 8210
2756 247 8209
2755 248 8208
2754 249 8207
2753 250 8206
2752 251 8205
2751 252 8204
2750 253 8203
2749 254 8202
2748 255 8201
2747 256 8200
2746 257 8199
2745 258 8198
2744 259 8197
2743 260 8196
2742 261 8195
2741 262 8194
2740 263 8193
2739 264 8192
2738 265 8191
2737 266 8190
2736 267 8189
2735 268 8188
2734 269 8187
2733 270 8186
2732 271 8185
2731 272 8184
2730 273 8183
2729 274 8182
2728 275 8181
2727 276 8180
2726 277 8179
2725 278 8178
2724 279 8177
2723 280 8176
2722 281 8175
2721 282 8174
2720 283 8173
2719 284 8172
2718 285 8171
2717 286 8170
2716 287 8169
2715 288 8168
2714 289 8167
2713 290 8166
2712 291 8165
2711 292 8164
2710 293 8163
2709 294 8162
2708 295 8161
2707 296 8160
2706 297 8159
2705 298 8158
2704 299 8157
2703 300 8156
2702 301 8155
2701 302 8154
2700 303 8153
2699 304 8152
2698 305 8151
2697 306 8150
2696 307 8149
2695 308 8148
2694 309 8147
2693 310 8146
2692 311 8145
2691 312 8144
2690 313 8143
2689 314 8142
2688 315 8141
2687 316 8140
2686 317 8139
2685 318 8138
2684 319 8137
2683 320 8136
2682 321 8135
2681 322 8134
2680 323 8133
2679 324 8132
2678 325 8131
2677 326 8130
2676 327 8129
2675 328 8128
2674 329 8127
2673 330 8126
2672 331 8125
2671 332 8124
2670 333 8123
2669 334 8122
2668 335 8121
2667 336 8120
2666 337 8119
2665 338 8118
2664 339 8117
2663 340 8116
2662 341 8115
2661 342 8114
2660 343 8113
2659 344 8112
2658 345 8111
2657 346 8110
2656 347 8109
2655 348 8108
2654 349 8107
2653 350 8106
2652 351 8105
2651 352 8104
2650 353 8103
2649 354 8102
2648 355 8101
2647 356 8100
2646 357 8099
2645 358 8098
2644 359 8097
2643 360 8096
2642 361 8095
2641 362 8094
2640 363 8093
2639 364 8092
2638 365 8091
2637 366 8090
2636 367 8089
2635 368 8088
2634 369 8087
2633 370 8086
2632 371 8085
2631 372 8084
2630 373 8083
2629 374 8082
2628 375 8081
2627 376 8080
2626 377 8079
2625 378 8078
2624 379 8077
2623 380 8076
2622 381 8075
2621 382 8074
2620 383 8073
2619 384 8072
2618 385 8071
2617 386 8070
2616 387 8069
2615 388 8068
2614 389 8067
2613 390 8066
2612 391 8065
2611 392 8064
2610 393 8063
2609 394 8062
2608 395 8061
2607 396 8060
2606 397 8059
2605 398 8058
2604 399 8057
2603 400 8056
2602 401 8055
2601 402 8054
2600 403 8053
2599 404 8052
2598 405 8051
2597 406 8050
2596 407 8049
2595 408 8048
2594 409 8047
2593 410 8046
2592 411 8045
2591 412 8044
2590 413 8043
2589 414 8042
2588 415 8041
2587 416 8040
2586 417 8039
2585 418 8038
2584 419 8037
2583 420 8036
2582 421 8035
2581 422 8034
2580 423 8033
2579 424 8032
2578 425 8031
2577 426 8030
2576 427 8029
2575 428 8028
2574 429 8027
2573 430 8026
2572 431 8025
2571 432 8024
2570 433 8023
2569 434 8022
2568 435 8021
2567 436 8020
2566 437 8019
2565 438 8018
2564 439 8017
2563 440 8016
2562 441 8015
2561 442 8014
2560 443 8013
2559 444 8012
2558 445 8011
2557 446 8010
2556 447 8009
2555 448 8008
2554 449 8007
2553 450 8006
2552 451 8005
2551 452 8004
2550 453 8003
2549 454 8002
2548 455 8001
2547 456 8000
2546 457 7999
2545 458 7998
2544 459 7997
2543 460 7996
2542 461 7995
2541 462 7994
2540 463 7993
2539 464 7992
2538 465 7991
2537 466 7990
2536 467 7989
2535 468 7988
2534 469 7987
2533 470 7986
2532 471 7985
2531 472 7984
2530 473 7983
2529 474 7982
2528 475 7981
2527 476 7980
2526 477 7979
2525 478 7978
2524 479 7977
2523 480 7976
2522 481 7975
2521 482 7974
2520 483 7973
2519 484 7972
2518 485 7971
2517 486 7970
2516 487 7969
2515 488 7968
2514 489 7967
2513 490 7966
2512 491 7965
2511 492 7964
2510 493 7963
2509 494 7962
2508 495 7961
2507 496 7960
2506 497 7959
2505 498 7958
2504 499 7957
2503 500 7956
2502 501 7955
2501 502 7954
2500 503 7953
2499 504 7952
2498 505 7951
2497 506 7950
2496 507 7949
2495 508 7948
2494 509 7947
2493 510 7946
2492 511 7945
2491 512 7944
2490 513 7943
2489 514 7942
2488 515 7941
2487 516 7940
2486 517 7939
2485 518 7938
2484 519 7937
2483 520 7936
2482 521 7935
2481 522 7934
2480 523 7933
2479 524 7932
2478 525 7931
2477 526 7930
2476 527 7929
2475 528 7928
2474 529 7927
2473 530 7926
2472 531 7925
2471 532 7924
2470 533 7923
2469 534 7922
2468 535 7921
2467 536 7920
2466 537 7919
2465 538 7918
2464 539 7917
2463 540 7916
2462 541 7915
2461 542 7914
2460 543 7913
2459 544 7912
2458 545 7911
2457 546 7910
2456 547 7909
2455 548 7908
2454 549 7907
2453 550 7906
2452 551 7905
2451 552 7904
2450 553 7903
2449 554 7902
2448 555 7901
2447 556 7900
2446 557 7899
2445 558 7898
2444 559 7897
2443 560 7896
2442 561 7895
2441 562 7894
2440 563 7893
2439 564 7892
2438 565 7891
2437 566 7890
2436 567 7889
2435 568 7888
2434 569 7887
2433 570 7886
2432 571 7885
2431 572 7884
2430 573 7883
2429 574 7882
2428 575 7881
2427 576 7880
2426 577 7879
2425 578 7878
2424 579 7877
2423 580 7876
2422 581 7875
2421 582 7874
2420 583 7873
2419 584 7872
2418 585 7871
2417 586 7870
2416 587 7869
2415 588 7868
2414 589 7867
2413 590 7866
2412 591 7865
2411 592 7864
2410 593 7863
2409 594 7862
2408 595 7861
2407 596 7860
2406 597 7859
2405 598 7858
2404 599 7857
2403 600 7856
2402 601 7855
2401 602 7854
2400 603 7853
2399 604 7852
2398 605 7851
2397 606 7850
2396 607 7849
2395 608 7848
2394 609 7847
2393 610 7846
2392 611 7845
2391 612 7844
2390 613 7843
2389 614 7842
2388 615 7841
2387 616 7840
2386 617 7839
2385 618 7838
2384 619 7837
2383 620 7836
2382 621 7835
2381 622 7834
2380 623 7833
2379 624 7832
2378 625 7831
2377 626 7830
2376 627 7829
2375 628 7828
2374 629 7827
2373 630 7826
2372 631 7825
2371 632 7824
2370 633 7823
2369 634 7822
2368 635 7821
2367 636 7820
2366 637 7819
2365 638 7818
2364 639 7817
2363 640 7816
2362 641 7815
2361 642 7814
2360 643 7813
2359 644 7812
2358 645 7811
2357 646 7810
2356 647 7809
2355 648 7808
2354 649 7807
2353 650 7806
2352 651 7805
2351 652 7804
2350 653 7803
2349 654 7802
2348 655 7801
2347 656 7800
2346 657 7799
2345 658 7798
2344 659 7797
2343 660 7796
2342 661 7795
2341 662 7794
2340 663 7793
2339 664 7792
2338 665 7791
2337 666 7790
2336 667 7789
2335 668 7788
2334 669 7787
2333 670 7786
2332 671 7785
2331 672 7784
2330 673 7783
2329 674 7782
2328 675 7781
2327 676 7780
2326 677 7779
2325 678 7778
2324 679 7777
2323 680 7776
2322 681 7775
2321 682 7774
2320 683 7773
2319 684 7772
2318 685 7771
2317 686 7770
2316 687 7769
2315 688 7768
2314 689 7767
2313 690 7766
2312 691 7765
2311 692 7764
2310 693 7763
2309 694 7762
2308 695 7761
2307 696 7760
2306 697 7759
2305 698 7758
2304 699 7757
2303 700 7756
2302 701 7755
2301 702 7754
2300 703 7753
2299 704 7752
2298 705 7751
2297 706 7750
2296 707 7749
2295 708 7748
2294 709 7747
2293 710 7746
2292 711 7745
2291 712 7744
2290 713 7743
2289 714 7742
2288 715 7741
2287 716 7740
2286 717 7739
2285 718 7738
2284 719 7737
2283 720 7736
2282 721 7735
2281 722 7734
2280 723 7733
2279 724 7732
2278 725 7731
2277 726 7730
2276 727 7729
2275 728 7728
2274 729 7727
2273 730 7726
2272 731 7725
2271 732 7724
2270 733 7723
2269 734 7722
2268 735 7721
2267 736 7720
2266 737 7719
2265 738 7718
2264 739 7717
2263 740 7716
2262 741 7715
2261 742 7714
2260 743 7713
2259 744 7712
2258 745 7711
2257 746 7710
2256 747 7709
2255 748 7708
2254 749 7707
2253 750 7706
2252 751 7705
2251 752 7704
2250 753 7703
2249 754 7702
2248 755 7701
2247 756 7700
2246 757 7699
2245 758 7698
2244 759 7697
2243 760 7696
2242 761 7695
2241 762 7694
2240 763 7693
2239 764 7692
2238 765 7691
2237 766 7690
2236 767 7689
2235 768 7688
2234 769 7687
2233 770 7686
2232 771 7685
2231 772 7684
2230 773 7683
2229 774 7682
2228 775 7681
2227 776 7680
2226 777 7679
2225 778 7678
2224 779 7677
2223 780 7676
2222 781 7675
2221 782 7674
2220 783 7673
2219 784 7672
2218 785 7671
2217 786 7670
2216 787 7669
2215 788 7668
2214 789 7667
2213 790 7666
2212 791 7665
2211 792 7664
2210 793 7663
2209 794 7662
2208 795 7661
2207 796 7660
2206 797 7659
2205 798 7658
2204 799 7657
2203 800 7656
2202 801 7655
2201 802 7654
2200 803 7653
2199 804 7652
2198 805 7651
2197 806 7650
2196 807 7649
2195 808 7648
2194 809 7647
2193 810 7646
2192 811 7645
2191 812 7644
2190 813 7643
2189 814 7642
2188 815 7641
2187 816 7640
2186 817 7639
2185 818 7638
2184 819 7637
2183 820 7636
2182 821 7635
2181 822 7634
2180 823 7633
2179 824 7632
2178 825 7631
2177 826 7630
2176 827 7629
2175 828 7628
2174 829 7627
2173 830 7626
2172 831 7625
2171 832 7624
2170 833 7623
2169 834 7622
2168 835 7621
2167 836 7620
2166 837 7619
2165 838 7618
2164 839 7617
2163 840 7616
2162 841 7615
2161 842 7614
2160 843 7613
2159 844 7612
2158 845 7611
2157 846 7610
2156 847 7609
2155 848 7608
2154 849 7607
2153 850 7606
2152 851 7605
2151 852 7604
2150 853 7603
2149 854 7602
2148 855 7601
2147 856 7600
2146 857 7599
2145 858 7598
2144 859 7597
2143 860 7596
2142 861 7595
2141 862 7594
2140 863 7593
2139 864 7592
2138 865 7591
2137 866 7590
2136 867 7589
2135 868 7588
2134 869 7587
2133 870 7586
2132 871 7585
2131 872 7584
2130 873 7583
2129 874 7582
2128 875 7581
2127 876 7580
2126 877 7579
2125 878 7578
2124 879 7577
2123 880 7576
2122 881 7575
2121 882 7574
2120 883 7573
2119 884 7572
2118 885 7571
2117 886 7570
2116 887 7569
2115 888 7568
2114 889 7567
2113 890 7566
2112 891 7565
2111 892 7564
2110 893 7563
2109 894 7562
2108 895 7561
2107 896 7560
2106 897 7559
2105 898 7558
2104 899 7557
2103 900 7556
2102 901 7555
2101 902 7554
2100 903 7553
2099 904 7552
2098 905 7551
2097 906 7550
2096 907 7549
2095 908 7548
2094 909 7547
2093 910 7546
2092 911 7545
2091 912 7544
2090 913 7543
2089 914 7542
2088 915 7541
2087 916 7540
2086 917 7539
2085 918 7538
2084 919 7537
2083 920 7536
2082 921 7535
2081 922 7534
2080 923 7533
2079 924 7532
2078 925 7531
2077 926 7530
2076 927 7529
2075 928 7528
2074 929 7527
2073 930 7526
2072 931 7525
2071 932 7524
2070 933 7523
2069 934 7522
2068 935 7521
2067 936 7520
2066 937 7519
2065 938 7518
2064 939 7517
2063 940 7516
2062 941 7515
2061 942 7514
2060 943 7513
2059 944 7512
2058 945 7511
2057 946 7510
2056 947 7509
2055 948 7508
2054 949 7507
2053 950 7506
2052 951 7505
2051 952 7504
2050 953 7503
2049 954 7502
2048 955 7501
2047 956 7500
2046 957 7499
2045 958 7498
2044 959 7497
2043 960 7496
2042 961 7495
2041 962 7494
2040 963 7493
2039 964 7492
2038 965 7491
2037 966 7490
2036 967 7489
2035 968 7488
2034 969 7487
2033 970 7486
2032 971 7485
2031 972 7484
2030 973 7483
2029 974 7482
2028 975 7481
2027 976 7480
2026 977 7479
2025 978 7478
2024 979 7477
2023 980 7476
2022 981 7475
2021 982 7474
2020 983 7473
2019 984 7472
2018 985 7471
2017 986 7470
2016 987 7469
2015 988 7468
2014 989 7467
2013 990 7466
2012 991 7465
2011 992 7464
2010 993 7463
2009 994 7462
2008 995 7461
2007 996 7460
2006 997 7459
2005 998 7458
2004 999 7457
2003 1000 7456
2002 1001 7455
2001 1002 7454
2000 1003 7453
1999 1004 7452
1998 1005 7451
1997 1006 7450
1996 1007 7449
1995 1008 7448
1994 1009 7447
1993 1010 7446
1992 1011 7445
1991 1012 7444
1990 1013 7443
1989 1014 7442
1988 1015 7441
1987 1016 7440
1986 1017 7439
1985 1018 7438
1984 1019 7437
1983 1020 7436
1982 1021 7435
1981 1022 7434
1980 1023 7433
1979 1024 7432
1978 1025 7431
1977 1026 7430
1976 1027 7429
1975 1028 7428
1974 1029 7427
1973 1030 7426
1972 1031 7425
1971 1032 7424
1970 1033 7423
1969 1034 7422
1968 1035 7421
1967 1036 7420
1966 1037 7419
1965 1038 7418
1964 1039 7417
1963 1040 7416
1962 1041 7415
1961 1042 7414
1960 1043 7413
1959 1044 7412
1958 1045 7411
1957 1046 7410
1956 1047 7409
1955 1048 7408
1954 1049 7407
1953 1050 7406
1952 1051 7405
1951 1052 7404
1950 1053 7403
1949 1054 7402
1948 1055 7401
1947 1056 7400
1946 1057 7399
1945 1058 7398
1944 1059 7397
1943 1060 7396
1942 1061 7395
1941 1062 7394
1940 1063 7393
1939 1064 7392
1938 1065 7391
1937 1066 7390
1936 1067 7389
1935 1068 7388
1934 1069 7387
1933 1070 7386
1932 1071 7385
1931 1072 7384
1930 1073 7383
1929 1074 7382
1928 1075 7381
1927 1076 7380
1926 1077 7379
1925 1078 7378
1924 1079 7377
1923 1080 7376
1922 1081 7375
1921 1082 7374
1920 1083 7373
1919 1084 7372
1918 1085 7371
1917 1086 7370
1916 1087 7369
1915 1088 7368
1914 1089 7367
1913 1090 7366
1912 1091 7365
1911 1092 7364
1910 1093 7363
1909 1094 7362
1908 1095 7361
1907 1096 7360
1906 1097 7359
1905 1098 7358
1904 1099 7357
1903 1100 7356
1902 1101 7355
1901 1102 7354
1900 1103 7353
1899 1104 7352
1898 1105 7351
1897 1106 7350
1896 1107 7349
1895 1108 7348
1894 1109 7347
1893 1110 7346
1892 1111 7345
1891 1112 7344
1890 1113 7343
1889 1114 7342
1888 1115 7341
1887 1116 7340
1886 1117 7339
1885 1118 7338
1884 1119 7337
1883 1120 7336
1882 1121 7335
1881 1122 7334
1880 1123 7333
1879 1124 7332
1878 1125 7331
1877 1126 7330
1876 1127 7329
1875 1128 7328
1874 1129 7327
1873 1130 7326
1872 1131 7325
1871 1132 7324
1870 1133 7323
1869 1134 7322
1868 1135 7321
1867 1136 7320
1866 1137 7319
1865 1138 7318
1864 1139 7317
1863 1140 7316
1862 1141 7315
1861 1142 7314
1860 1143 7313
1859 1144 7312
1858 1145 7311
1857 1146 7310
1856 1147 7309
1855 1148 7308
1854 1149 7307
1853 1150 7306
1852 1151 7305
1851 1152 7304
1850 1153 7303
1849 1154 7302
1848 1155 7301
1847 1156 7300
1846 1157 7299
1845 1158 7298
1844 1159 7297
1843 1160 7296
1842 1161 7295
1841 1162 7294
1840 1163 7293
1839 1164 7292
1838 1165 7291
1837 1166 7290
1836 1167 7289
1835 1168 7288
1834 1169 7287
1833 1170 7286
1832 1171 7285
1831 1172 7284
1830 1173 7283
1829 1174 7282
1828 1175 7281
1827 1176 7280
1826 1177 7279
1825 1178 7278
1824 1179 7277
1823 1180 7276
1822 1181 7275
1821 1182 7274
1820 1183 7273
1819 1184 7272
1818 1185 7271
1817 1186 7270
1816 1187 7269
1815 1188 7268
1814 1189 7267
1813 1190 7266
1812 1191 7265
1811 1192 7264
1810 1193 7263
1809 1194 7262
1808 1195 7261
1807 1196 7260
1806 1197 7259
1805 1198 7258
1804 1199 7257
1803 1200 7256
1802 1201 7255
1801 1202 7254
1800 1203 7253
1799 1204 7252
1798 1205 7251
1797 1206 7250
1796 1207 7249
1795 1208 7248
1794 1209 7247
1793 1210 7246
1792 1211 7245
1791 1212 7244
1790 1213 7243
1789 1214 7242
1788 1215 7241
1787 1216 7240
1786 1217 7239
1785 1218 7238
1784 1219 7237
1783 1220 7236
1782 1221 7235
1781 1222 7234
1780 1223 7233
1779 1224 7232
1778 1225 7231
1777 1226 7230
1776 1227 7229
1775 1228 7228
1774 1229 7227
1773 1230 7226
1772 1231 7225
1771 1232 7224
1770 1233 7223
1769 1234 7222
1768 1235 7221
1767 1236 7220
1766 1237 7219
1765 1238 7218
1764 1239 7217
1763 1240 7216
1762 1241 7215
1761 1242 7214
1760 1243 7213
1759 1244 7212
1758 1245 7211
1757 1246 7210
1756 1247 7209
1755 1248 7208
1754 1249 7207
1753 1250 7206
1752 1251 7205
1751 1252 7204
1750 1253 7203
1749 1254 7202
1748 1255 7201
1747 1256 7200
1746 1257 7199
1745 1258 7198
1744 1259 7197
1743 1260 7196
1742 1261 7195
1741 1262 7194
1740 1263 7193
1739 1264 7192
1738 1265 7191
1737 1266 7190
1736 1267 7189
1735 1268 7188
1734 1269 7187
1733 1270 7186
1732 1271 7185
1731 1272 7184
1730 1273 7183
1729 1274 7182
1728 1275 7181
1727 1276 7180
1726 1277 7179
1725 1278 7178
1724 1279 7177
1723 1280 7176
1722 1281 7175
1721 1282 7174
1720 1283 7173
1719 1284 7172
1718 1285 7171
1717 1286 7170
1716 1287 7169
1715 1288 7168
1714 1289 7167
1713 1290 7166
1712 1291 7165
1711 1292 7164
1710 1293 7163
1709 1294 7162
1708 1295 7161
1707 1296 7160
1706 1297 7159
1705 1298 7158
1704 1299 7157
1703 1300 7156
1702 1301 7155
1701 1302 7154
1700 1303 7153
1699 1304 7152
1698 1305 7151
1697 1306 7150
1696 1307 7149
1695 1308 7148
1694 1309 7147
1693 1310 7146
1692 1311 7145
1691 1312 7144
1690 1313 7143
1689 1314 7142
1688 1315 7141
1687 1316 7140
1686 1317 7139
1685 1318 7138
1684 1319 7137
1683 1320 7136
1682 1321 7135
1681 1322 7134
1680 1323 7133
1679 1324 7132
1678 1325 7131
1677 1326 7130
1676 1327 7129
1675 1328 7128
1674 1329 7127
1673 1330 7126
1672 1331 7125
1671 1332 7124
1670 1333 7123
1669 1334 7122
1668 1335 7121
1667 1336 7120
1666 1337 7119
1665 1338 7118
1664 1339 7117
1663 1340 7116
1662 1341 7115
1661 1342 7114
1660 1343 7113
1659 1344 7112
1658 1345 7111
1657 1346 7110
1656 1347 7109
1655 1348 7108
1654 1349 7107
1653 1350 7106
1652 1351 7105
1651 1352 7104
1650 1353 7103
1649 1354 7102
1648 1355 7101
1647 1356 7100
1646 1357 7099
1645 1358 7098
1644 1359 7097
1643 1360 7096
1642 1361 7095
1641 1362 7094
1640 1363 7093
1639 1364 7092
1638 1365 7091
1637 1366 7090
1636 1367 7089
1635 1368 7088
1634 1369 7087
1633 1370 7086
1632 1371 7085
1631 1372 7084
1630 1373 7083
1629 1374 7082
1628 1375 7081
1627 1376 7080
1626 1377 7079
1625 1378 7078
1624 1379 7077
1623 1380 7076
1622 1381 7075
1621 1382 7074
1620 1383 7073
1619 1384 7072
1618 1385 7071
1617 1386 7070
1616 1387 7069
1615 1388 7068
1614 1389 7067
1613 1390 7066
1612 1391 7065
1611 1392 7064
1610 1393 7063
1609 1394 7062
1608 1395 7061
1607 1396 7060
1606 1397 7059
1605 1398 7058
1604 1399 7057
1603 1400 7056
1602 1401 7055
1601 1402 7054
1600 1403 7053
1599 1404 7052
1598 1405 7051
1597 1406 7050
1596 1407 7049
1595 1408 7048
1594 1409 7047
1593 1410 7046
1592 1411 7045
1591 1412 7044
1590 1413 7043
1589 1414 7042
1588 1415 7041
1587 1416 7040
1586 1417 7039
1585 1418 7038
1584 1419 7037
1583 1420 7036
1582 1421 7035
1581 1422 7034
1580 1423 7033
1579 1424 7032
1578 1425 7031
1577 1426 7030
1576 1427 7029
1575 1428 7028
1574 1429 7027
1573 1430 7026
1572 1431 7025
1571 1432 7024
1570 1433 7023
1569 1434 7022
1568 1435 7021
1567 1436 7020
1566 1437 7019
1565 1438 7018
1564 1439 7017
1563 1440 7016
1562 1441 7015
1561 1442 7014
1560 1443 7013
1559 1444 7012
1558 1445 7011
1557 1446 7010
1556 1447 7009
1555 1448 7008
1554 1449 7007
1553 1450 7006
1552 1451 7005
1551 1452 7004
1550 1453 7003
1549 1454 7002
1548 1455 7001
1547 1456 7000
1546 1457 6999
1545 1458 6998
1544 1459 6997
1543 1460 6996
1542 1461 6995
1541 1462 6994
1540 1463 6993
1539 1464 6992
1538 1465 6991
1537 1466 6990
1536 1467 6989
1535 1468 6988
1534 1469 6987
1533 1470 6986
1532 1471 6985
1531 1472 6984
1530 1473 6983
1529 1474 6982
1528 1475 6981
1527 1476 6980
1526 1477 6979
1525 1478 6978
1524 1479 6977
1523 1480 6976
1522 1481 6975
1521 1482 6974
1520 1483 6973
1519 1484 6972
1518 1485 6971
1517 1486 6970
1516 1487 6969
1515 1488 6968
1514 1489 6967
1513 1490 6966
1512 1491 6965
1511 1492 6964
1510 1493 6963
1509 1494 6962
1508 1495 6961
1507 1496 6960
1506 1497 6959
1505 1498 6958
1504 1499 6957
1503 1500 6956
1502 1501 6955
1501 1502 6954
1500 1503 6953
1499 1504 6952
1498 1505 6951
1497 1506 6950
1496 1507 6949
1495 1508 6948
1494 1509 6947
1493 1510 6946
1492 1511 6945
1491 1512 6944
1490 1513 6943
1489 1514 6942
1488 1515 6941
1487 1516 6940
1486 1517 6939
1485 1518 6938
1484 1519 6937
1483 1520 6936
1482 1521 6935
1481 1522 6934
1480 1523 6933
1479 1524 6932
1478 1525 6931
1477 1526 6930
1476 1527 6929
1475 1528 6928
1474 1529 6927
1473 1530 6926
1472 1531 6925
1471 1532 6924
1470 1533 6923
1469 1534 6922
1468 1535 6921
1467 1536 6920
1466 1537 6919
1465 1538 6918
1464 1539 6917
1463 1540 6916
1462 1541 6915
1461 1542 6914
1460 1543 6913
1459 1544 6912
1458 1545 6911
1457 1546 6910
1456 1547 6909
1455 1548 6908
1454 1549 6907
1453 1550 6906
1452 1551 6905
1451 1552 6904
1450 1553 6903
1449 1554 6902
1448 1555 6901
1447 1556 6900
1446 1557 6899
1445 1558 6898
1444 1559 6897
1443 1560 6896
1442 1561 6895
1441 1562 6894
1440 1563 6893
1439 1564 6892
1438 1565 6891
1437 1566 6890
1436 1567 6889
1435 1568 6888
1434 1569 6887
1433 1570 6886
1432 1571 6885
1431 1572 6884
1430 1573 6883
1429 1574 6882
1428 1575 6881
1427 1576 6880
1426 1577 6879
1425 1578 6878
1424 1579 6877
1423 1580 6876
1422 1581 6875
1421 1582 6874
1420 1583 6873
1419 1584 6872
1418 1585 6871
1417 1586 6870
1416 1587 6869
1415 1588 6868
1414 1589 6867
1413 1590 6866
1412 1591 6865
1411 1592 6864
1410 1593 6863
1409 1594 6862
1408 1595 6861
1407 1596 6860
1406 1597 6859
1405 1598 6858
1404 1599 6857
1403 1600 6856
1402 1601 6855
1401 1602 6854
1400 1603 6853
1399 1604 6852
1398 1605 6851
1397 1606 6850
1396 1607 6849
1395 1608 6848
1394 1609 6847
1393 1610 6846
1392 1611 6845
1391 1612 6844
1390 1613 6843
1389 1614 6842
1388 1615 6841
1387 1616 6840
1386 1617 6839
1385 1618 6838
1384 1619 6837
1383 1620 6836
1382 1621 6835
1381 1622 6834
1380 1623 6833
1379 1624 6832
1378 1625 6831
1377 1626 6830
1376 1627 6829
1375 1628 6828
1374 1629 6827
1373 1630 6826
1372 1631 6825
1371 1632 6824
1370 1633 6823
1369 1634 6822
1368 1635 6821
1367 1636 6820
1366 1637 6819
1365 1638 6818
1364 1639 6817
1363 1640 6816
1362 1641 6815
1361 1642 6814
1360 1643 6813
1359 1644 6812
1358 1645 6811
1357 1646 6810
1356 1647 6809
1355 1648 6808
1354 1649 6807
1353 1650 6806
1352 1651 6805
1351 1652 6804
1350 1653 6803
1349 1654 6802
1348 1655 6801
1347 1656 6800
1346 1657 6799
1345 1658 6798
1344 1659 6797
1343 1660 6796
1342 1661 6795
1341 1662 6794
1340 1663 6793
1339 1664 6792
1338 1665 6791
1337 1666 6790
1336 1667 6789
1335 1668 6788
1334 1669 6787
1333 1670 6786
1332 1671 6785
1331 1672 6784
1330 1673 6783
1329 1674 6782
1328 1675 6781
1327 1676 6780
1326 1677 6779
1325 1678 6778
1324 1679 6777
1323 1680 6776
1322 1681 6775
1321 1682 6774
1320 1683 6773
1319 1684 6772
1318 1685 6771
1317 1686 6770
1316 1687 6769
1315 1688 6768
1314 1689 6767
1313 1690 6766
1312 1691 6765
1311 1692 6764
1310 1693 6763
1309 1694 6762
1308 1695 6761
1307 1696 6760
1306 1697 6759
1305 1698 6758
1304 1699 6757
1303 1700 6756
1302 1701 6755
1301 1702 6754
1300 1703 6753
1299 1704 6752
1298 1705 6751
1297 1706 6750
1296 1707 6749
1295 1708 6748
1294 1709 6747
1293 1710 6746
1292 1711 6745
1291 1712 6744
1290 1713 6743
1289 1714 6742
1288 1715 6741
1287 1716 6740
1286 1717 6739
1285 1718 6738
1284 1719 6737
1283 1720 6736
1282 1721 6735
1281 1722 6734
1280 1723 6733
1279 1724 6732
1278 1725 6731
1277 1726 6730
1276 1727 6729
1275 1728 6728
1274 1729 6727
1273 1730 6726
1272 1731 6725
1271 1732 6724
1270 1733 6723
1269 1734 6722
1268 1735 6721
1267 1736 6720
1266 1737 6719
1265 1738 6718
1264 1739 6717
1263 1740 6716
1262 1741 6715
1261 1742 6714
1260 1743 6713
1259 1744 6712
1258 1745 6711
1257 1746 6710
1256 1747 6709
1255 1748 6708
1254 1749 6707
1253 1750 6706
1252 1751 6705
1251 1752 6704
1250 1753 6703
1249 1754 6702
1248 1755 6701
1247 1756 6700
1246 1757 6699
1245 1758 6698
1244 1759 6697
1243 1760 6696
1242 1761 6695
1241 1762 6694
1240 1763 6693
1239 1764 6692
1238 1765 6691
1237 1766 6690
1236 1767 6689
1235 1768 6688
1234 1769 6687
1233 1770 6686
1232 1771 6685
1231 1772 6684
1230 1773 6683
1229 1774 6682
1228 1775 6681
1227 1776 6680
1226 1777 6679
1225 1778 6678
1224 1779 6677
1223 1780 6676
1222 1781 6675
1221 1782 6674
1220 1783 6673
1219 1784 6672
1218 1785 6671
1217 1786 6670
1216 1787 6669
1215 1788 6668
1214 1789 6667
1213 1790 6666
1212 1791 6665
1211 1792 6664
1210 1793 6663
1209 1794 6662
1208 1795 6661
1207 1796 6660
1206 1797 6659
1205 1798 6658
1204 1799 6657
1203 1800 6656
1202 1801 6655
1201 1802 6654
1200 1803 6653
1199 1804 6652
1198 1805 6651
1197 1806 6650
1196 1807 6649
1195 1808 6648
1194 1809 6647
1193 1810 6646
1192 1811 6645
1191 1812 6644
1190 1813 6643
1189 1814 6642
1188 1815 6641
1187 1816 6640
1186 1817 6639
1185 1818 6638
1184 1819 6637
1183 1820 6636
1182 1821 6635
1181 1822 6634
1180 1823 6633
1179 1824 6632
1178 1825 6631
1177 1826 6630
1176 1827 6629
1175 1828 6628
1174 1829 6627
1173 1830 6626
1172 1831 6625
1171 1832 6624
1170 1833 6623
1169 1834 6622
1168 1835 6621
1167 1836 6620
1166 1837 6619
1165 1838 6618
1164 1839 6617
1163 1840 6616
1162 1841 6615
1161 1842 6614
1160 1843 6613
1159 1844 6612
1158 1845 6611
1157 1846 6610
1156 1847 6609
1155 1848 6608
1154 1849 6607
1153 1850 6606
1152 1851 6605
1151 1852 6604
1150 1853 6603
1149 1854 6602
1148 1855 6601
1147 1856 6600
1146 1857 6599
1145 1858 6598
1144 1859 6597
1143 1860 6596
1142 1861 6595
1141 1862 6594
1140 1863 6593
1139 1864 6592
1138 1865 6591
1137 1866 6590
1136 1867 6589
1135 1868 6588
1134 1869 6587
1133 1870 6586
1132 1871 6585
1131 1872 6584
1130 1873 6583
1129 1874 6582
1128 1875 6581
1127 1876 6580
1126 1877 6579
1125 1878 6578
1124 1879 6577
1123 1880 6576
1122 1881 6575
1121 1882 6574
1120 1883 6573
1119 1884 6572
1118 1885 6571
1117 1886 6570
1116 1887 6569
1115 1888 6568
1114 1889 6567
1113 1890 6566
1112 1891 6565
1111 1892 6564
1110 1893 6563
1109 1894 6562
1108 1895 6561
1107 1896 6560
1106 1897 6559
1105 1898 6558
1104 1899 6557
1103 1900 6556
1102 1901 6555
1101 1902 6554
1100 1903 6553
1099 1904 6552
1098 1905 6551
1097 1906 6550
1096 1907 6549
1095 1908 6548
1094 1909 6547
1093 1910 6546
1092 1911 6545
1091 1912 6544
1090 1913 6543
1089 1914 6542
1088 1915 6541
1087 1916 6540
1086 1917 6539
1085 1918 6538
1084 1919 6537
1083 1920 6536
1082 1921 6535
1081 1922 6534
1080 1923 6533
1079 1924 6532
1078 1925 6531
1077 1926 6530
1076 1927 6529
1075 1928 6528
1074 1929 6527
1073 1930 6526
1072 1931 6525
1071 1932 6524
1070 1933 6523
1069 1934 6522
1068 1935 6521
1067 1936 6520
1066 1937 6519
1065 1938 6518
1064 1939 6517
1063 1940 6516
1062 1941 6515
1061 1942 6514
1060 1943 6513
1059 1944 6512
1058 1945 6511
1057 1946 6510
1056 1947 6509
1055 1948 6508
1054 1949 6507
1053 1950 6506
1052 1951 6505
1051 1952 6504
1050 1953 6503
1049 1954 6502
1048 1955 6501
1047 1956 6500
1046 1957 6499
1045 1958 6498
1044 1959 6497
1043 1960 6496
1042 1961 6495
1041 1962 6494
1040 1963 6493
1039 1964 6492
1038 1965 6491
1037 1966 6490
1036 1967 6489
1035 1968 6488
1034 1969 6487
1033 1970 6486
1032 1971 6485
1031 1972 6484
1030 1973 6483
1029 1974 6482
1028 1975 6481
1027 1976 6480
1026 1977 6479
1025 1978 6478
1024 1979 6477
1023 1980 6476
1022 1981 6475
1021 1982 6474
1020 1983 6473
1019 1984 6472
1018 1985 6471
1017 1986 6470
1016 1987 6469
1015 1988 6468
1014 1989 6467
1013 1990 6466
1012 1991 6465
1011 1992 6464
1010 1993 6463
1009 1994 6462
1008 1995 6461
1007 1996 6460
1006 1997 6459
1005 1998 6458
1004 1999 6457
1003 2000 6456
1002 2001 6455
1001 2002 6454
1000 2003 6453
999 2004 6452
998 2005 6451
997 2006 6450
996 2007 6449
995 2008 6448
994 2009 6447
993 2010 6446
992 2011 6445
991 2012 6444
990 2013 6443
989 2014 6442
988 2015 6441
987 2016 6440
986 2017 6439
985 2018 6438
984 2019 6437
983 2020 6436
982 2021 6435
981 2022 6434
980 2023 6433
979 2024 6432
978 2025 6431
977 2026 6430
976 2027 6429
975 2028 6428
974 2029 6427
973 2030 6426
972 2031 6425
971 2032 6424
970 2033 6423
969 2034 6422
968 2035 6421
967 2036 6420
966 2037 6419
965 2038 6418
964 2039 6417
963 2040 6416
962 2041 6415
961 2042 6414
960 2043 6413
959 2044 6412
958 2045 6411
957 2046 6410
956 2047 6409
955 2048 6408
954 2049 6407
953 2050 6406
952 2051 6405
951 2052 6404
950 2053 6403
949 2054 6402
948 2055 6401
947 2056 6400
946 2057 6399
945 2058 6398
944 2059 6397
943 2060 6396
942 2061 6395
941 2062 6394
940 2063 6393
939 2064 6392
938 2065 6391
937 2066 6390
936 2067 6389
935 2068 6388
934 2069 6387
933 2070 6386
932 2071 6385
931 2072 6384
930 2073 6383
929 2074 6382
928 2075 6381
927 2076 6380
926 2077 6379
925 2078 6378
924 2079 6377
923 2080 6376
922 2081 6375
921 2082 6374
920 2083 6373
919 2084 6372
918 2085 6371
917 2086 6370
916 2087 6369
915 2088 6368
914 2089 6367
913 2090 6366
912 2091 6365
911 2092 6364
910 2093 6363
909 2094 6362
908 2095 6361
907 2096 6360
906 2097 6359
905 2098 6358
904 2099 6357
903 2100 6356
902 2101 6355
901 2102 6354
900 2103 6353
899 2104 6352
898 2105 6351
897 2106 6350
896 2107 6349
895 2108 6348
894 2109 6347
893 2110 6346
892 2111 6345
891 2112 6344
890 2113 6343
889 2114 6342
888 2115 6341
887 2116 6340
886 2117 6339
885 2118 6338
884 2119 6337
883 2120 6336
882 2121 6335
881 2122 6334
880 2123 6333
879 2124 6332
878 2125 6331
877 2126 6330
876 2127 6329
875 2128 6328
874 2129 6327
873 2130 6326
872 2131 6325
871 2132 6324
870 2133 6323
869 2134 6322
868 2135 6321
867 2136 6320
866 2137 6319
865 2138 6318
864 2139 6317
863 2140 6316
862 2141 6315
861 2142 6314
860 2143 6313
859 2144 6312
858 2145 6311
857 2146 6310
856 2147 6309
855 2148 6308
854 2149 6307
853 2150 6306
852 2151 6305
851 2152 6304
850 2153 6303
849 2154 6302
848 2155 6301
847 2156 6300
846 2157 6299
845 2158 6298
844 2159 6297
843 2160 6296
842 2161 6295
841 2162 6294
840 2163 6293
839 2164 6292
838 2165 6291
837 2166 6290
836 2167 6289
835 2168 6288
834 2169 6287
833 2170 6286
832 2171 6285
831 2172 6284
830 2173 6283
829 2174 6282
828 2175 6281
827 2176 6280
826 2177 6279
825 2178 6278
824 2179 6277
823 2180 6276
822 2181 6275
821 2182 6274
820 2183 6273
819 2184 6272
818 2185 6271
817 2186 6270
816 2187 6269
815 2188 6268
814 2189 6267
813 2190 6266
812 2191 6265
811 2192 6264
810 2193 6263
809 2194 6262
808 2195 6261
807 2196 6260
806 2197 6259
805 2198 6258
804 2199 6257
803 2200 6256
802 2201 6255
801 2202 6254
800 2203 6253
799 2204 6252
798 2205 6251
797 2206 6250
796 2207 6249
795 2208 6248
794 2209 6247
793 2210 6246
792 2211 6245
791 2212 6244
790 2213 6243
789 2214 6242
788 2215 6241
787 2216 6240
786 2217 6239
785 2218 6238
784 2219 6237
783 2220 6236
782 2221 6235
781 2222 6234
780 2223 6233
779 2224 6232
778 2225 6231
777 2226 6230
776 2227 6229
775 2228 6228
774 2229 6227
773 2230 6226
772 2231 6225
771 2232 6224
770 2233 6223
769 2234 6222
768 2235 6221
767 2236 6220
766 2237 6219
765 2238 6218
764 2239 6217
763 2240 6216
762 2241 6215
761 2242 6214
760 2243 6213
759 2244 6212
758 2245 6211
757 2246 6210
756 2247 6209
755 2248 6208
754 2249 6207
753 2250 6206
752 2251 6205
751 2252 6204
750 2253 6203
749 2254 6202
748 2255 6201
747 2256 6200
746 2257 6199
745 2258 6198
744 2259 6197
743 2260 6196
742 2261 6195
741 2262 6194
740 2263 6193
739 2264 6192
738 2265 6191
737 2266 6190
736 2267 6189
735 2268 6188
734 2269 6187
733 2270 6186
732 2271 6185
731 2272 6184
730 2273 6183
729 2274 6182
728 2275 6181
727 2276 6180
726 2277 6179
725 2278 6178
724 2279 6177
723 2280 6176
722 2281 6175
721 2282 6174
720 2283 6173
719 2284 6172
718 2285 6171
717 2286 6170
716 2287 6169
715 2288 6168
714 2289 6167
713 2290 6166
712 2291 6165
711 2292 6164
710 2293 6163
709 2294 6162
708 2295 6161
707 2296 6160
706 2297 6159
705 2298 6158
704 2299 6157
703 2300 6156
702 2301 6155
701 2302 6154
700 2303 6153
699 2304 6152
698 2305 6151
697 2306 6150
696 2307 6149
695 2308 6148
694 2309 6147
693 2310 6146
692 2311 6145
691 2312 6144
690 2313 6143
689 2314 6142
688 2315 6141
687 2316 6140
686 2317 6139
685 2318 6138
684 2319 6137
683 2320 6136
682 2321 6135
681 2322 6134
680 2323 6133
679 2324 6132
678 2325 6131
677 2326 6130
676 2327 6129
675 2328 6128
674 2329 6127
673 2330 6126
672 2331 6125
671 2332 6124
670 2333 6123
669 2334 6122
668 2335 6121
667 2336 6120
666 2337 6119
665 2338 6118
664 2339 6117
663 2340 6116
662 2341 6115
661 2342 6114
660 2343 6113
659 2344 6112
658 2345 6111
657 2346 6110
656 2347 6109
655 2348 6108
654 2349 6107
653 2350 6106
652 2351 6105
651 2352 6104
650 2353 6103
649 2354 6102
648 2355 6101
647 2356 6100
646 2357 6099
645 2358 6098
644 2359 6097
643 2360 6096
642 2361 6095
641 2362 6094
640 2363 6093
639 2364 6092
638 2365 6091
637 2366 6090
636 2367 6089
635 2368 6088
634 2369 6087
633 2370 6086
632 2371 6085
631 2372 6084
630 2373 6083
629 2374 6082
628 2375 6081
627 2376 6080
626 2377 6079
625 2378 6078
624 2379 6077
623 2380 6076
622 2381 6075
621 2382 6074
620 2383 6073
619 2384 6072
618 2385 6071
617 2386 6070
616 2387 6069
615 2388 6068
614 2389 6067
613 2390 6066
612 2391 6065
611 2392 6064
610 2393 6063
609 2394 6062
608 2395 6061
607 2396 6060
606 2397 6059
605 2398 6058
604 2399 6057
603 2400 6056
602 2401 6055
601 2402 6054
600 2403 6053
599 2404 6052
598 2405 6051
597 2406 6050
596 2407 6049
595 2408 6048
594 2409 6047
593 2410 6046
592 2411 6045
591 2412 6044
590 2413 6043
589 2414 6042
588 2415 6041
587 2416 6040
586 2417 6039
585 2418 6038
584 2419 6037
583 2420 6036
582 2421 6035
581 2422 6034
580 2423 6033
579 2424 6032
578 2425 6031
577 2426 6030
576 2427 6029
575 2428 6028
574 2429 6027
573 2430 6026
572 2431 6025
571 2432 6024
570 2433 6023
569 2434 6022
568 2435 6021
567 2436 6020
566 2437 6019
565 2438 6018
564 2439 6017
563 2440 6016
562 2441 6015
561 2442 6014
560 2443 6013
559 2444 6012
558 2445 6011
557 2446 6010
556 2447 6009
555 2448 6008
554 2449 6007
553 2450 6006
552 2451 6005
551 2452 6004
550 2453 6003
549 2454 6002
548 2455 6001
