2545
3000 3 8545
2999 4 8544
2998 5 8543
2997 6 8542
2996 7 8541
2995 8 8540
2994 9 8539
2993 10 8538
2992 11 8537
2991 12 8536
2990 13 8535
2989 14 8534
2988 15 8533
2987 16 8532
2986 17 8531
2985 18 8530
2984 19 8529
2983 20 8528
2982 21 8527
2981 22 8526
2980 23 8525
2979 24 8524
2978 25 8523
2977 26 8522
2976 27 8521
2975 28 8520
2974 29 8519
2973 30 8518
2972 31 8517
2971 32 8516
2970 33 8515
2969 34 8514
2968 35 8513
2967 36 8512
2966 37 8511
2965 38 8510
2964 39 8509
2963 40 8508
2962 41 8507
2961 42 8506
2960 43 8505
2959 44 8504
2958 45 8503
2957 46 8502
2956 47 8501
2955 48 8500
2954 49 8499
2953 50 8498
2952 51 8497
2951 52 8496
2950 53 8495
2949 54 8494
2948 55 8493
2947 56 8492
2946 57 8491
2945 58 8490
2944 59 8489
2943 60 8488
2942 61 8487
2941 62 8486
2940 63 8485
2939 64 8484
2938 65 8483
2937 66 8482
2936 67 8481
2935 68 8480
2934 69 8479
2933 70 8478
2932 71 8477
2931 72 8476
2930 73 8475
2929 74 8474
2928 75 8473
2927 76 8472
2926 77 8471
2925 78 8470
2924 79 8469
2923 80 8468
2922 81 8467
2921 82 8466
2920 83 8465
2919 84 8464
2918 85 8463
2917 86 8462
2916 87 8461
2915 88 8460
2914 89 8459
2913 90 8458
2912 91 8457
2911 92 8456
2910 93 8455
2909 94 8454
2908 95 8453
2907 96 8452
2906 97 8451
2905 98 8450
2904 99 8449
2903 100 8448
2902 101 8447
2901 102 8446
2900 103 8445
2899 104 8444
2898 105 8443
2897 106 8442
2896 107 8441
2895 108 8440
2894 109 8439
2893 110 8438
2892 111 8437
2891 112 8436
2890 113 8435
2889 114 8434
2888 115 8433
2887 116 8432
2886 117 8431
2885 118 8430
2884 119 8429
2883 120 8428
2882 121 8427
2881 122 8426
2880 123 8425
2879 124 8424
2878 125 8423
2877 126 8422
2876 127 8421
2875 128 8420
2874 129 8419
2873 130 8418
2872 131 8417
2871 132 8416
2870 133 8415
2869 134 8414
2868 135 8413
2867 136 8412
2866 137 8411
2865 138 8410
2864 139 8409
2863 140 8408
2862 141 8407
2861 142 8406
2860 143 8405
2859 144 8404
2858 145 8403
2857 146 8402
2856 147 8401
2855 148 8400
2854 149 8399
2853 150 8398
2852 151 8397
2851 152 8396
2850 153 8395
2849 154 8394
2848 155 8393
2847 156 8392
2846 157 8391
2845 158 8390
2844 159 8389
2843 160 8388
2842 161 8387
2841 162 8386
2840 163 8385
2839 164 8384
2838 165 8383
2837 166 8382
2836 167 8381
2835 168 8380
2834 169 8379
2833 170 8378
2832 171 8377
2831 172 8376
2830 173 8375
2829 174 8374
2828 175 8373
2827 176 8372
2826 177 8371
2825 178 8370
2824 179 8369
2823 180 8368
2822 181 8367
2821 182 8366
2820 183 8365
2819 184 8364
2818 185 8363
2817 186 8362
2816 187 8361
2815 188 8360
2814 189 8359
2813 190 8358
2812 191 8357
2811 192 8356
2810 193 8355
2809 194 8354
2808 195 8353
2807 196 8352
2806 197 8351
2805 198 8350
2804 199 8349
2803 200 8348
2802 201 8347
2801 202 8346
2800 203 8345
2799 204 8344
2798 205 8343
2797 206 8342
2796 207 8341
2795 208 8340
2794 209 8339
2793 210 8338
2792 211 8337
2791 212 8336
2790 213 8335
2789 214 8334
2788 215 8333
2787 216 8332
2786 217 8331
2785 218 8330
2784 219 8329
2783 220 8328
2782 221 8327
2781 222 8326
2780 223 8325
2779 224 8324
2778 225 8323
2777 226 8322
2776 227 8321
2775 228 8320
2774 229 8319
2773 230 8318
2772 231 8317
2771 232 8316
2770 233 8315
2769 234 8314
2768 235 8313
2767 236 8312
2766 237 8311
2765 238 8310
2764 239 8309
2763 240 8308
2762 241 8307
2761 242 8306
2760 243 8305
2759 244 8304
2758 245 8303
2757 246 8302
2756 247 8301
2755 248 8300
2754 249 8299
2753 250 8298
2752 251 8297
2751 252 8296
2750 253 8295
2749 254 8294
2748 255 8293
2747 256 8292
2746 257 8291
2745 258 8290
2744 259 8289
2743 260 8288
2742 261 8287
2741 262 8286
2740 263 8285
2739 264 8284
2738 265 8283
2737 266 8282
2736 267 8281
2735 268 8280
2734 269 8279
2733 270 8278
2732 271 8277
2731 272 8276
2730 273 8275
2729 274 8274
2728 275 8273
2727 276 8272
2726 277 8271
2725 278 8270
2724 279 8269
2723 280 8268
2722 281 8267
2721 282 8266
2720 283 8265
2719 284 8264
2718 285 8263
2717 286 8262
2716 287 8261
2715 288 8260
2714 289 8259
2713 290 8258
2712 291 8257
2711 292 8256
2710 293 8255
2709 294 8254
2708 295 8253
2707 296 8252
2706 297 8251
2705 298 8250
2704 299 8249
2703 300 8248
2702 301 8247
2701 302 8246
2700 303 8245
2699 304 8244
2698 305 8243
2697 306 8242
2696 307 8241
2695 308 8240
2694 309 8239
2693 310 8238
2692 311 8237
2691 312 8236
2690 313 8235
2689 314 8234
2688 315 8233
2687 316 8232
2686 317 8231
2685 318 8230
2684 319 8229
2683 320 8228
2682 321 8227
2681 322 8226
2680 323 8225
2679 324 8224
2678 325 8223
2677 326 8222
2676 327 8221
2675 328 8220
2674 329 8219
2673 330 8218
2672 331 8217
2671 332 8216
2670 333 8215
2669 334 8214
2668 335 8213
2667 336 8212
2666 337 8211
2665 338 8210
2664 339 8209
2663 340 8208
2662 341 8207
2661 342 8206
2660 343 8205
2659 344 8204
2658 345 8203
2657 346 8202
2656 347 8201
2655 348 8200
2654 349 8199
2653 350 8198
2652 351 8197
2651 352 8196
2650 353 8195
2649 354 8194
2648 355 8193
2647 356 8192
2646 357 8191
2645 358 8190
2644 359 8189
2643 360 8188
2642 361 8187
2641 362 8186
2640 363 8185
2639 364 8184
2638 365 8183
2637 366 8182
2636 367 8181
2635 368 8180
2634 369 8179
2633 370 8178
2632 371 8177
2631 372 8176
2630 373 8175
2629 374 8174
2628 375 8173
2627 376 8172
2626 377 8171
2625 378 8170
2624 379 8169
2623 380 8168
2622 381 8167
2621 382 8166
2620 383 8165
2619 384 8164
2618 385 8163
2617 386 8162
2616 387 8161
2615 388 8160
2614 389 8159
2613 390 8158
2612 391 8157
2611 392 8156
2610 393 8155
2609 394 8154
2608 395 8153
2607 396 8152
2606 397 8151
2605 398 8150
2604 399 8149
2603 400 8148
2602 401 8147
2601 402 8146
2600 403 8145
2599 404 8144
2598 405 8143
2597 406 8142
2596 407 8141
2595 408 8140
2594 409 8139
2593 410 8138
2592 411 8137
2591 412 8136
2590 413 8135
2589 414 8134
2588 415 8133
2587 416 8132
2586 417 8131
2585 418 8130
2584 419 8129
2583 420 8128
2582 421 8127
2581 422 8126
2580 423 8125
2579 424 8124
2578 425 8123
2577 426 8122
2576 427 8121
2575 428 8120
2574 429 8119
2573 430 8118
2572 431 8117
2571 432 8116
2570 433 8115
2569 434 8114
2568 435 8113
2567 436 8112
2566 437 8111
2565 438 8110
2564 439 8109
2563 440 8108
2562 441 8107
2561 442 8106
2560 443 8105
2559 444 8104
2558 445 8103
2557 446 8102
2556 447 8101
2555 448 8100
2554 449 8099
2553 450 8098
2552 451 8097
2551 452 8096
2550 453 8095
2549 454 8094
2548 455 8093
2547 456 8092
2546 457 8091
2545 458 8090
2544 459 8089
2543 460 8088
2542 461 8087
2541 462 8086
2540 463 8085
2539 464 8084
2538 465 8083
2537 466 8082
2536 467 8081
2535 468 8080
2534 469 8079
2533 470 8078
2532 471 8077
2531 472 8076
2530 473 8075
2529 474 8074
2528 475 8073
2527 476 8072
2526 477 8071
2525 478 8070
2524 479 8069
2523 480 8068
2522 481 8067
2521 482 8066
2520 483 8065
2519 484 8064
2518 485 8063
2517 486 8062
2516 487 8061
2515 488 8060
2514 489 8059
2513 490 8058
2512 491 8057
2511 492 8056
2510 493 8055
2509 494 8054
2508 495 8053
2507 496 8052
2506 497 8051
2505 498 8050
2504 499 8049
2503 500 8048
2502 501 8047
2501 502 8046
2500 503 8045
2499 504 8044
2498 505 8043
2497 506 8042
2496 507 8041
2495 508 8040
2494 509 8039
2493 510 8038
2492 511 8037
2491 512 8036
2490 513 8035
2489 514 8034
2488 515 8033
2487 516 8032
2486 517 8031
2485 518 8030
2484 519 8029
2483 520 8028
2482 521 8027
2481 522 8026
2480 523 8025
2479 524 8024
2478 525 8023
2477 526 8022
2476 527 8021
2475 528 8020
2474 529 8019
2473 530 8018
2472 531 8017
2471 532 8016
2470 533 8015
2469 534 8014
2468 535 8013
2467 536 8012
2466 537 8011
2465 538 8010
2464 539 8009
2463 540 8008
2462 541 8007
2461 542 8006
2460 543 8005
2459 544 8004
2458 545 8003
2457 546 8002
2456 547 8001
2455 548 8000
2454 549 7999
2453 550 7998
2452 551 7997
2451 552 7996
2450 553 7995
2449 554 7994
2448 555 7993
2447 556 7992
2446 557 7991
2445 558 7990
2444 559 7989
2443 560 7988
2442 561 7987
2441 562 7986
2440 563 7985
2439 564 7984
2438 565 7983
2437 566 7982
2436 567 7981
2435 568 7980
2434 569 7979
2433 570 7978
2432 571 7977
2431 572 7976
2430 573 7975
2429 574 7974
2428 575 7973
2427 576 7972
2426 577 7971
2425 578 7970
2424 579 7969
2423 580 7968
2422 581 7967
2421 582 7966
2420 583 7965
2419 584 7964
2418 585 7963
2417 586 7962
2416 587 7961
2415 588 7960
2414 589 7959
2413 590 7958
2412 591 7957
2411 592 7956
2410 593 7955
2409 594 7954
2408 595 7953
2407 596 7952
2406 597 7951
2405 598 7950
2404 599 7949
2403 600 7948
2402 601 7947
2401 602 7946
2400 603 7945
2399 604 7944
2398 605 7943
2397 606 7942
2396 607 7941
2395 608 7940
2394 609 7939
2393 610 7938
2392 611 7937
2391 612 7936
2390 613 7935
2389 614 7934
2388 615 7933
2387 616 7932
2386 617 7931
2385 618 7930
2384 619 7929
2383 620 7928
2382 621 7927
2381 622 7926
2380 623 7925
2379 624 7924
2378 625 7923
2377 626 7922
2376 627 7921
2375 628 7920
2374 629 7919
2373 630 7918
2372 631 7917
2371 632 7916
2370 633 7915
2369 634 7914
2368 635 7913
2367 636 7912
2366 637 7911
2365 638 7910
2364 639 7909
2363 640 7908
2362 641 7907
2361 642 7906
2360 643 7905
2359 644 7904
2358 645 7903
2357 646 7902
2356 647 7901
2355 648 7900
2354 649 7899
2353 650 7898
2352 651 7897
2351 652 7896
2350 653 7895
2349 654 7894
2348 655 7893
2347 656 7892
2346 657 7891
2345 658 7890
2344 659 7889
2343 660 7888
2342 661 7887
2341 662 7886
2340 663 7885
2339 664 7884
2338 665 7883
2337 666 7882
2336 667 7881
2335 668 7880
2334 669 7879
2333 670 7878
2332 671 7877
2331 672 7876
2330 673 7875
2329 674 7874
2328 675 7873
2327 676 7872
2326 677 7871
2325 678 7870
2324 679 7869
2323 680 7868
2322 681 7867
2321 682 7866
2320 683 7865
2319 684 7864
2318 685 7863
2317 686 7862
2316 687 7861
2315 688 7860
2314 689 7859
2313 690 7858
2312 691 7857
2311 692 7856
2310 693 7855
2309 694 7854
2308 695 7853
2307 696 7852
2306 697 7851
2305 698 7850
2304 699 7849
2303 700 7848
2302 701 7847
2301 702 7846
2300 703 7845
2299 704 7844
2298 705 7843
2297 706 7842
2296 707 7841
2295 708 7840
2294 709 7839
2293 710 7838
2292 711 7837
2291 712 7836
2290 713 7835
2289 714 7834
2288 715 7833
2287 716 7832
2286 717 7831
2285 718 7830
2284 719 7829
2283 720 7828
2282 721 7827
2281 722 7826
2280 723 7825
2279 724 7824
2278 725 7823
2277 726 7822
2276 727 7821
2275 728 7820
2274 729 7819
2273 730 7818
2272 731 7817
2271 732 7816
2270 733 7815
2269 734 7814
2268 735 7813
2267 736 7812
2266 737 7811
2265 738 7810
2264 739 7809
2263 740 7808
2262 741 7807
2261 742 7806
2260 743 7805
2259 744 7804
2258 745 7803
2257 746 7802
2256 747 7801
2255 748 7800
2254 749 7799
2253 750 7798
2252 751 7797
2251 752 7796
2250 753 7795
2249 754 7794
2248 755 7793
2247 756 7792
2246 757 7791
2245 758 7790
2244 759 7789
2243 760 7788
2242 761 7787
2241 762 7786
2240 763 7785
2239 764 7784
2238 765 7783
2237 766 7782
2236 767 7781
2235 768 7780
2234 769 7779
2233 770 7778
2232 771 7777
2231 772 7776
2230 773 7775
2229 774 7774
2228 775 7773
2227 776 7772
2226 777 7771
2225 778 7770
2224 779 7769
2223 780 7768
2222 781 7767
2221 782 7766
2220 783 7765
2219 784 7764
2218 785 7763
2217 786 7762
2216 787 7761
2215 788 7760
2214 789 7759
2213 790 7758
2212 791 7757
2211 792 7756
2210 793 7755
2209 794 7754
2208 795 7753
2207 796 7752
2206 797 7751
2205 798 7750
2204 799 7749
2203 800 7748
2202 801 7747
2201 802 7746
2200 803 7745
2199 804 7744
2198 805 7743
2197 806 7742
2196 807 7741
2195 808 7740
2194 809 7739
2193 810 7738
2192 811 7737
2191 812 7736
2190 813 7735
2189 814 7734
2188 815 7733
2187 816 7732
2186 817 7731
2185 818 7730
2184 819 7729
2183 820 7728
2182 821 7727
2181 822 7726
2180 823 7725
2179 824 7724
2178 825 7723
2177 826 7722
2176 827 7721
2175 828 7720
2174 829 7719
2173 830 7718
2172 831 7717
2171 832 7716
2170 833 7715
2169 834 7714
2168 835 7713
2167 836 7712
2166 837 7711
2165 838 7710
2164 839 7709
2163 840 7708
2162 841 7707
2161 842 7706
2160 843 7705
2159 844 7704
2158 845 7703
2157 846 7702
2156 847 7701
2155 848 7700
2154 849 7699
2153 850 7698
2152 851 7697
2151 852 7696
2150 853 7695
2149 854 7694
2148 855 7693
2147 856 7692
2146 857 7691
2145 858 7690
2144 859 7689
2143 860 7688
2142 861 7687
2141 862 7686
2140 863 7685
2139 864 7684
2138 865 7683
2137 866 7682
2136 867 7681
2135 868 7680
2134 869 7679
2133 870 7678
2132 871 7677
2131 872 7676
2130 873 7675
2129 874 7674
2128 875 7673
2127 876 7672
2126 877 7671
2125 878 7670
2124 879 7669
2123 880 7668
2122 881 7667
2121 882 7666
2120 883 7665
2119 884 7664
2118 885 7663
2117 886 7662
2116 887 7661
2115 888 7660
2114 889 7659
2113 890 7658
2112 891 7657
2111 892 7656
2110 893 7655
2109 894 7654
2108 895 7653
2107 896 7652
2106 897 7651
2105 898 7650
2104 899 7649
2103 900 7648
2102 901 7647
2101 902 7646
2100 903 7645
2099 904 7644
2098 905 7643
2097 906 7642
2096 907 7641
2095 908 7640
2094 909 7639
2093 910 7638
2092 911 7637
2091 912 7636
2090 913 7635
2089 914 7634
2088 915 7633
2087 916 7632
2086 917 7631
2085 918 7630
2084 919 7629
2083 920 7628
2082 921 7627
2081 922 7626
2080 923 7625
2079 924 7624
2078 925 7623
2077 926 7622
2076 927 7621
2075 928 7620
2074 929 7619
2073 930 7618
2072 931 7617
2071 932 7616
2070 933 7615
2069 934 7614
2068 935 7613
2067 936 7612
2066 937 7611
2065 938 7610
2064 939 7609
2063 940 7608
2062 941 7607
2061 942 7606
2060 943 7605
2059 944 7604
2058 945 7603
2057 946 7602
2056 947 7601
2055 948 7600
2054 949 7599
2053 950 7598
2052 951 7597
2051 952 7596
2050 953 7595
2049 954 7594
2048 955 7593
2047 956 7592
2046 957 7591
2045 958 7590
2044 959 7589
2043 960 7588
2042 961 7587
2041 962 7586
2040 963 7585
2039 964 7584
2038 965 7583
2037 966 7582
2036 967 7581
2035 968 7580
2034 969 7579
2033 970 7578
2032 971 7577
2031 972 7576
2030 973 7575
2029 974 7574
2028 975 7573
2027 976 7572
2026 977 7571
2025 978 7570
2024 979 7569
2023 980 7568
2022 981 7567
2021 982 7566
2020 983 7565
2019 984 7564
2018 985 7563
2017 986 7562
2016 987 7561
2015 988 7560
2014 989 7559
2013 990 7558
2012 991 7557
2011 992 7556
2010 993 7555
2009 994 7554
2008 995 7553
2007 996 7552
2006 997 7551
2005 998 7550
2004 999 7549
2003 1000 7548
2002 1001 7547
2001 1002 7546
2000 1003 7545
1999 1004 7544
1998 1005 7543
1997 1006 7542
1996 1007 7541
1995 1008 7540
1994 1009 7539
1993 1010 7538
1992 1011 7537
1991 1012 7536
1990 1013 7535
1989 1014 7534
1988 1015 7533
1987 1016 7532
1986 1017 7531
1985 1018 7530
1984 1019 7529
1983 1020 7528
1982 1021 7527
1981 1022 7526
1980 1023 7525
1979 1024 7524
1978 1025 7523
1977 1026 7522
1976 1027 7521
1975 1028 7520
1974 1029 7519
1973 1030 7518
1972 1031 7517
1971 1032 7516
1970 1033 7515
1969 1034 7514
1968 1035 7513
1967 1036 7512
1966 1037 7511
1965 1038 7510
1964 1039 7509
1963 1040 7508
1962 1041 7507
1961 1042 7506
1960 1043 7505
1959 1044 7504
1958 1045 7503
1957 1046 7502
1956 1047 7501
1955 1048 7500
1954 1049 7499
1953 1050 7498
1952 1051 7497
1951 1052 7496
1950 1053 7495
1949 1054 7494
1948 1055 7493
1947 1056 7492
1946 1057 7491
1945 1058 7490
1944 1059 7489
1943 1060 7488
1942 1061 7487
1941 1062 7486
1940 1063 7485
1939 1064 7484
1938 1065 7483
1937 1066 7482
1936 1067 7481
1935 1068 7480
1934 1069 7479
1933 1070 7478
1932 1071 7477
1931 1072 7476
1930 1073 7475
1929 1074 7474
1928 1075 7473
1927 1076 7472
1926 1077 7471
1925 1078 7470
1924 1079 7469
1923 1080 7468
1922 1081 7467
1921 1082 7466
1920 1083 7465
1919 1084 7464
1918 1085 7463
1917 1086 7462
1916 1087 7461
1915 1088 7460
1914 1089 7459
1913 1090 7458
1912 1091 7457
1911 1092 7456
1910 1093 7455
1909 1094 7454
1908 1095 7453
1907 1096 7452
1906 1097 7451
1905 1098 7450
1904 1099 7449
1903 1100 7448
1902 1101 7447
1901 1102 7446
1900 1103 7445
1899 1104 7444
1898 1105 7443
1897 1106 7442
1896 1107 7441
1895 1108 7440
1894 1109 7439
1893 1110 7438
1892 1111 7437
1891 1112 7436
1890 1113 7435
1889 1114 7434
1888 1115 7433
1887 1116 7432
1886 1117 7431
1885 1118 7430
1884 1119 7429
1883 1120 7428
1882 1121 7427
1881 1122 7426
1880 1123 7425
1879 1124 7424
1878 1125 7423
1877 1126 7422
1876 1127 7421
1875 1128 7420
1874 1129 7419
1873 1130 7418
1872 1131 7417
1871 1132 7416
1870 1133 7415
1869 1134 7414
1868 1135 7413
1867 1136 7412
1866 1137 7411
1865 1138 7410
1864 1139 7409
1863 1140 7408
1862 1141 7407
1861 1142 7406
1860 1143 7405
1859 1144 7404
1858 1145 7403
1857 1146 7402
1856 1147 7401
1855 1148 7400
1854 1149 7399
1853 1150 7398
1852 1151 7397
1851 1152 7396
1850 1153 7395
1849 1154 7394
1848 1155 7393
1847 1156 7392
1846 1157 7391
1845 1158 7390
1844 1159 7389
1843 1160 7388
1842 1161 7387
1841 1162 7386
1840 1163 7385
1839 1164 7384
1838 1165 7383
1837 1166 7382
1836 1167 7381
1835 1168 7380
1834 1169 7379
1833 1170 7378
1832 1171 7377
1831 1172 7376
1830 1173 7375
1829 1174 7374
1828 1175 7373
1827 1176 7372
1826 1177 7371
1825 1178 7370
1824 1179 7369
1823 1180 7368
1822 1181 7367
1821 1182 7366
1820 1183 7365
1819 1184 7364
1818 1185 7363
1817 1186 7362
1816 1187 7361
1815 1188 7360
1814 1189 7359
1813 1190 7358
1812 1191 7357
1811 1192 7356
1810 1193 7355
1809 1194 7354
1808 1195 7353
1807 1196 7352
1806 1197 7351
1805 1198 7350
1804 1199 7349
1803 1200 7348
1802 1201 7347
1801 1202 7346
1800 1203 7345
1799 1204 7344
1798 1205 7343
1797 1206 7342
1796 1207 7341
1795 1208 7340
1794 1209 7339
1793 1210 7338
1792 1211 7337
1791 1212 7336
1790 1213 7335
1789 1214 7334
1788 1215 7333
1787 1216 7332
1786 1217 7331
1785 1218 7330
1784 1219 7329
1783 1220 7328
1782 1221 7327
1781 1222 7326
1780 1223 7325
1779 1224 7324
1778 1225 7323
1777 1226 7322
1776 1227 7321
1775 1228 7320
1774 1229 7319
1773 1230 7318
1772 1231 7317
1771 1232 7316
1770 1233 7315
1769 1234 7314
1768 1235 7313
1767 1236 7312
1766 1237 7311
1765 1238 7310
1764 1239 7309
1763 1240 7308
1762 1241 7307
1761 1242 7306
1760 1243 7305
1759 1244 7304
1758 1245 7303
1757 1246 7302
1756 1247 7301
1755 1248 7300
1754 1249 7299
1753 1250 7298
1752 1251 7297
1751 1252 7296
1750 1253 7295
1749 1254 7294
1748 1255 7293
1747 1256 7292
1746 1257 7291
1745 1258 7290
1744 1259 7289
1743 1260 7288
1742 1261 7287
1741 1262 7286
1740 1263 7285
1739 1264 7284
1738 1265 7283
1737 1266 7282
1736 1267 7281
1735 1268 7280
1734 1269 7279
1733 1270 7278
1732 1271 7277
1731 1272 7276
1730 1273 7275
1729 1274 7274
1728 1275 7273
1727 1276 7272
1726 1277 7271
1725 1278 7270
1724 1279 7269
1723 1280 7268
1722 1281 7267
1721 1282 7266
1720 1283 7265
1719 1284 7264
1718 1285 7263
1717 1286 7262
1716 1287 7261
1715 1288 7260
1714 1289 7259
1713 1290 7258
1712 1291 7257
1711 1292 7256
1710 1293 7255
1709 1294 7254
1708 1295 7253
1707 1296 7252
1706 1297 7251
1705 1298 7250
1704 1299 7249
1703 1300 7248
1702 1301 7247
1701 1302 7246
1700 1303 7245
1699 1304 7244
1698 1305 7243
1697 1306 7242
1696 1307 7241
1695 1308 7240
1694 1309 7239
1693 1310 7238
1692 1311 7237
1691 1312 7236
1690 1313 7235
1689 1314 7234
1688 1315 7233
1687 1316 7232
1686 1317 7231
1685 1318 7230
1684 1319 7229
1683 1320 7228
1682 1321 7227
1681 1322 7226
1680 1323 7225
1679 1324 7224
1678 1325 7223
1677 1326 7222
1676 1327 7221
1675 1328 7220
1674 1329 7219
1673 1330 7218
1672 1331 7217
1671 1332 7216
1670 1333 7215
1669 1334 7214
1668 1335 7213
1667 1336 7212
1666 1337 7211
1665 1338 7210
1664 1339 7209
1663 1340 7208
1662 1341 7207
1661 1342 7206
1660 1343 7205
1659 1344 7204
1658 1345 7203
1657 1346 7202
1656 1347 7201
1655 1348 7200
1654 1349 7199
1653 1350 7198
1652 1351 7197
1651 1352 7196
1650 1353 7195
1649 1354 7194
1648 1355 7193
1647 1356 7192
1646 1357 7191
1645 1358 7190
1644 1359 7189
1643 1360 7188
1642 1361 7187
1641 1362 7186
1640 1363 7185
1639 1364 7184
1638 1365 7183
1637 1366 7182
1636 1367 7181
1635 1368 7180
1634 1369 7179
1633 1370 7178
1632 1371 7177
1631 1372 7176
1630 1373 7175
1629 1374 7174
1628 1375 7173
1627 1376 7172
1626 1377 7171
1625 1378 7170
1624 1379 7169
1623 1380 7168
1622 1381 7167
1621 1382 7166
1620 1383 7165
1619 1384 7164
1618 1385 7163
1617 1386 7162
1616 1387 7161
1615 1388 7160
1614 1389 7159
1613 1390 7158
1612 1391 7157
1611 1392 7156
1610 1393 7155
1609 1394 7154
1608 1395 7153
1607 1396 7152
1606 1397 7151
1605 1398 7150
1604 1399 7149
1603 1400 7148
1602 1401 7147
1601 1402 7146
1600 1403 7145
1599 1404 7144
1598 1405 7143
1597 1406 7142
1596 1407 7141
1595 1408 7140
1594 1409 7139
1593 1410 7138
1592 1411 7137
1591 1412 7136
1590 1413 7135
1589 1414 7134
1588 1415 7133
1587 1416 7132
1586 1417 7131
1585 1418 7130
1584 1419 7129
1583 1420 7128
1582 1421 7127
1581 1422 7126
1580 1423 7125
1579 1424 7124
1578 1425 7123
1577 1426 7122
1576 1427 7121
1575 1428 7120
1574 1429 7119
1573 1430 7118
1572 1431 7117
1571 1432 7116
1570 1433 7115
1569 1434 7114
1568 1435 7113
1567 1436 7112
1566 1437 7111
1565 1438 7110
1564 1439 7109
1563 1440 7108
1562 1441 7107
1561 1442 7106
1560 1443 7105
1559 1444 7104
1558 1445 7103
1557 1446 7102
1556 1447 7101
1555 1448 7100
1554 1449 7099
1553 1450 7098
1552 1451 7097
1551 1452 7096
1550 1453 7095
1549 1454 7094
1548 1455 7093
1547 1456 7092
1546 1457 7091
1545 1458 7090
1544 1459 7089
1543 1460 7088
1542 1461 7087
1541 1462 7086
1540 1463 7085
1539 1464 7084
1538 1465 7083
1537 1466 7082
1536 1467 7081
1535 1468 7080
1534 1469 7079
1533 1470 7078
1532 1471 7077
1531 1472 7076
1530 1473 7075
1529 1474 7074
1528 1475 7073
1527 1476 7072
1526 1477 7071
1525 1478 7070
1524 1479 7069
1523 1480 7068
1522 1481 7067
1521 1482 7066
1520 1483 7065
1519 1484 7064
1518 1485 7063
1517 1486 7062
1516 1487 7061
1515 1488 7060
1514 1489 7059
1513 1490 7058
1512 1491 7057
1511 1492 7056
1510 1493 7055
1509 1494 7054
1508 1495 7053
1507 1496 7052
1506 1497 7051
1505 1498 7050
1504 1499 7049
1503 1500 7048
1502 1501 7047
1501 1502 7046
1500 1503 7045
1499 1504 7044
1498 1505 7043
1497 1506 7042
1496 1507 7041
1495 1508 7040
1494 1509 7039
1493 1510 7038
1492 1511 7037
1491 1512 7036
1490 1513 7035
1489 1514 7034
1488 1515 7033
1487 1516 7032
1486 1517 7031
1485 1518 7030
1484 1519 7029
1483 1520 7028
1482 1521 7027
1481 1522 7026
1480 1523 7025
1479 1524 7024
1478 1525 7023
1477 1526 7022
1476 1527 7021
1475 1528 7020
1474 1529 7019
1473 1530 7018
1472 1531 7017
1471 1532 7016
1470 1533 7015
1469 1534 7014
1468 1535 7013
1467 1536 7012
1466 1537 7011
1465 1538 7010
1464 1539 7009
1463 1540 7008
1462 1541 7007
1461 1542 7006
1460 1543 7005
1459 1544 7004
1458 1545 7003
1457 1546 7002
1456 1547 7001
1455 1548 7000
1454 1549 6999
1453 1550 6998
1452 1551 6997
1451 1552 6996
1450 1553 6995
1449 1554 6994
1448 1555 6993
1447 1556 6992
1446 1557 6991
1445 1558 6990
1444 1559 6989
1443 1560 6988
1442 1561 6987
1441 1562 6986
1440 1563 6985
1439 1564 6984
1438 1565 6983
1437 1566 6982
1436 1567 6981
1435 1568 6980
1434 1569 6979
1433 1570 6978
1432 1571 6977
1431 1572 6976
1430 1573 6975
1429 1574 6974
1428 1575 6973
1427 1576 6972
1426 1577 6971
1425 1578 6970
1424 1579 6969
1423 1580 6968
1422 1581 6967
1421 1582 6966
1420 1583 6965
1419 1584 6964
1418 1585 6963
1417 1586 6962
1416 1587 6961
1415 1588 6960
1414 1589 6959
1413 1590 6958
1412 1591 6957
1411 1592 6956
1410 1593 6955
1409 1594 6954
1408 1595 6953
1407 1596 6952
1406 1597 6951
1405 1598 6950
1404 1599 6949
1403 1600 6948
1402 1601 6947
1401 1602 6946
1400 1603 6945
1399 1604 6944
1398 1605 6943
1397 1606 6942
1396 1607 6941
1395 1608 6940
1394 1609 6939
1393 1610 6938
1392 1611 6937
1391 1612 6936
1390 1613 6935
1389 1614 6934
1388 1615 6933
1387 1616 6932
1386 1617 6931
1385 1618 6930
1384 1619 6929
1383 1620 6928
1382 1621 6927
1381 1622 6926
1380 1623 6925
1379 1624 6924
1378 1625 6923
1377 1626 6922
1376 1627 6921
1375 1628 6920
1374 1629 6919
1373 1630 6918
1372 1631 6917
1371 1632 6916
1370 1633 6915
1369 1634 6914
1368 1635 6913
1367 1636 6912
1366 1637 6911
1365 1638 6910
1364 1639 6909
1363 1640 6908
1362 1641 6907
1361 1642 6906
1360 1643 6905
1359 1644 6904
1358 1645 6903
1357 1646 6902
1356 1647 6901
1355 1648 6900
1354 1649 6899
1353 1650 6898
1352 1651 6897
1351 1652 6896
1350 1653 6895
1349 1654 6894
1348 1655 6893
1347 1656 6892
1346 1657 6891
1345 1658 6890
1344 1659 6889
1343 1660 6888
1342 1661 6887
1341 1662 6886
1340 1663 6885
1339 1664 6884
1338 1665 6883
1337 1666 6882
1336 1667 6881
1335 1668 6880
1334 1669 6879
1333 1670 6878
1332 1671 6877
1331 1672 6876
1330 1673 6875
1329 1674 6874
1328 1675 6873
1327 1676 6872
1326 1677 6871
1325 1678 6870
1324 1679 6869
1323 1680 6868
1322 1681 6867
1321 1682 6866
1320 1683 6865
1319 1684 6864
1318 1685 6863
1317 1686 6862
1316 1687 6861
1315 1688 6860
1314 1689 6859
1313 1690 6858
1312 1691 6857
1311 1692 6856
1310 1693 6855
1309 1694 6854
1308 1695 6853
1307 1696 6852
1306 1697 6851
1305 1698 6850
1304 1699 6849
1303 1700 6848
1302 1701 6847
1301 1702 6846
1300 1703 6845
1299 1704 6844
1298 1705 6843
1297 1706 6842
1296 1707 6841
1295 1708 6840
1294 1709 6839
1293 1710 6838
1292 1711 6837
1291 1712 6836
1290 1713 6835
1289 1714 6834
1288 1715 6833
1287 1716 6832
1286 1717 6831
1285 1718 6830
1284 1719 6829
1283 1720 6828
1282 1721 6827
1281 1722 6826
1280 1723 6825
1279 1724 6824
1278 1725 6823
1277 1726 6822
1276 1727 6821
1275 1728 6820
1274 1729 6819
1273 1730 6818
1272 1731 6817
1271 1732 6816
1270 1733 6815
1269 1734 6814
1268 1735 6813
1267 1736 6812
1266 1737 6811
1265 1738 6810
1264 1739 6809
1263 1740 6808
1262 1741 6807
1261 1742 6806
1260 1743 6805
1259 1744 6804
1258 1745 6803
1257 1746 6802
1256 1747 6801
1255 1748 6800
1254 1749 6799
1253 1750 6798
1252 1751 6797
1251 1752 6796
1250 1753 6795
1249 1754 6794
1248 1755 6793
1247 1756 6792
1246 1757 6791
1245 1758 6790
1244 1759 6789
1243 1760 6788
1242 1761 6787
1241 1762 6786
1240 1763 6785
1239 1764 6784
1238 1765 6783
1237 1766 6782
1236 1767 6781
1235 1768 6780
1234 1769 6779
1233 1770 6778
1232 1771 6777
1231 1772 6776
1230 1773 6775
1229 1774 6774
1228 1775 6773
1227 1776 6772
1226 1777 6771
1225 1778 6770
1224 1779 6769
1223 1780 6768
1222 1781 6767
1221 1782 6766
1220 1783 6765
1219 1784 6764
1218 1785 6763
1217 1786 6762
1216 1787 6761
1215 1788 6760
1214 1789 6759
1213 1790 6758
1212 1791 6757
1211 1792 6756
1210 1793 6755
1209 1794 6754
1208 1795 6753
1207 1796 6752
1206 1797 6751
1205 1798 6750
1204 1799 6749
1203 1800 6748
1202 1801 6747
1201 1802 6746
1200 1803 6745
1199 1804 6744
1198 1805 6743
1197 1806 6742
1196 1807 6741
1195 1808 6740
1194 1809 6739
1193 1810 6738
1192 1811 6737
1191 1812 6736
1190 1813 6735
1189 1814 6734
1188 1815 6733
1187 1816 6732
1186 1817 6731
1185 1818 6730
1184 1819 6729
1183 1820 6728
1182 1821 6727
1181 1822 6726
1180 1823 6725
1179 1824 6724
1178 1825 6723
1177 1826 6722
1176 1827 6721
1175 1828 6720
1174 1829 6719
1173 1830 6718
1172 1831 6717
1171 1832 6716
1170 1833 6715
1169 1834 6714
1168 1835 6713
1167 1836 6712
1166 1837 6711
1165 1838 6710
1164 1839 6709
1163 1840 6708
1162 1841 6707
1161 1842 6706
1160 1843 6705
1159 1844 6704
1158 1845 6703
1157 1846 6702
1156 1847 6701
1155 1848 6700
1154 1849 6699
1153 1850 6698
1152 1851 6697
1151 1852 6696
1150 1853 6695
1149 1854 6694
1148 1855 6693
1147 1856 6692
1146 1857 6691
1145 1858 6690
1144 1859 6689
1143 1860 6688
1142 1861 6687
1141 1862 6686
1140 1863 6685
1139 1864 6684
1138 1865 6683
1137 1866 6682
1136 1867 6681
1135 1868 6680
1134 1869 6679
1133 1870 6678
1132 1871 6677
1131 1872 6676
1130 1873 6675
1129 1874 6674
1128 1875 6673
1127 1876 6672
1126 1877 6671
1125 1878 6670
1124 1879 6669
1123 1880 6668
1122 1881 6667
1121 1882 6666
1120 1883 6665
1119 1884 6664
1118 1885 6663
1117 1886 6662
1116 1887 6661
1115 1888 6660
1114 1889 6659
1113 1890 6658
1112 1891 6657
1111 1892 6656
1110 1893 6655
1109 1894 6654
1108 1895 6653
1107 1896 6652
1106 1897 6651
1105 1898 6650
1104 1899 6649
1103 1900 6648
1102 1901 6647
1101 1902 6646
1100 1903 6645
1099 1904 6644
1098 1905 6643
1097 1906 6642
1096 1907 6641
1095 1908 6640
1094 1909 6639
1093 1910 6638
1092 1911 6637
1091 1912 6636
1090 1913 6635
1089 1914 6634
1088 1915 6633
1087 1916 6632
1086 1917 6631
1085 1918 6630
1084 1919 6629
1083 1920 6628
1082 1921 6627
1081 1922 6626
1080 1923 6625
1079 1924 6624
1078 1925 6623
1077 1926 6622
1076 1927 6621
1075 1928 6620
1074 1929 6619
1073 1930 6618
1072 1931 6617
1071 1932 6616
1070 1933 6615
1069 1934 6614
1068 1935 6613
1067 1936 6612
1066 1937 6611
1065 1938 6610
1064 1939 6609
1063 1940 6608
1062 1941 6607
1061 1942 6606
1060 1943 6605
1059 1944 6604
1058 1945 6603
1057 1946 6602
1056 1947 6601
1055 1948 6600
1054 1949 6599
1053 1950 6598
1052 1951 6597
1051 1952 6596
1050 1953 6595
1049 1954 6594
1048 1955 6593
1047 1956 6592
1046 1957 6591
1045 1958 6590
1044 1959 6589
1043 1960 6588
1042 1961 6587
1041 1962 6586
1040 1963 6585
1039 1964 6584
1038 1965 6583
1037 1966 6582
1036 1967 6581
1035 1968 6580
1034 1969 6579
1033 1970 6578
1032 1971 6577
1031 1972 6576
1030 1973 6575
1029 1974 6574
1028 1975 6573
1027 1976 6572
1026 1977 6571
1025 1978 6570
1024 1979 6569
1023 1980 6568
1022 1981 6567
1021 1982 6566
1020 1983 6565
1019 1984 6564
1018 1985 6563
1017 1986 6562
1016 1987 6561
1015 1988 6560
1014 1989 6559
1013 1990 6558
1012 1991 6557
1011 1992 6556
1010 1993 6555
1009 1994 6554
1008 1995 6553
1007 1996 6552
1006 1997 6551
1005 1998 6550
1004 1999 6549
1003 2000 6548
1002 2001 6547
1001 2002 6546
1000 2003 6545
999 2004 6544
998 2005 6543
997 2006 6542
996 2007 6541
995 2008 6540
994 2009 6539
993 2010 6538
992 2011 6537
991 2012 6536
990 2013 6535
989 2014 6534
988 2015 6533
987 2016 6532
986 2017 6531
985 2018 6530
984 2019 6529
983 2020 6528
982 2021 6527
981 2022 6526
980 2023 6525
979 2024 6524
978 2025 6523
977 2026 6522
976 2027 6521
975 2028 6520
974 2029 6519
973 2030 6518
972 2031 6517
971 2032 6516
970 2033 6515
969 2034 6514
968 2035 6513
967 2036 6512
966 2037 6511
965 2038 6510
964 2039 6509
963 2040 6508
962 2041 6507
961 2042 6506
960 2043 6505
959 2044 6504
958 2045 6503
957 2046 6502
956 2047 6501
955 2048 6500
954 2049 6499
953 2050 6498
952 2051 6497
951 2052 6496
950 2053 6495
949 2054 6494
948 2055 6493
947 2056 6492
946 2057 6491
945 2058 6490
944 2059 6489
943 2060 6488
942 2061 6487
941 2062 6486
940 2063 6485
939 2064 6484
938 2065 6483
937 2066 6482
936 2067 6481
935 2068 6480
934 2069 6479
933 2070 6478
932 2071 6477
931 2072 6476
930 2073 6475
929 2074 6474
928 2075 6473
927 2076 6472
926 2077 6471
925 2078 6470
924 2079 6469
923 2080 6468
922 2081 6467
921 2082 6466
920 2083 6465
919 2084 6464
918 2085 6463
917 2086 6462
916 2087 6461
915 2088 6460
914 2089 6459
913 2090 6458
912 2091 6457
911 2092 6456
910 2093 6455
909 2094 6454
908 2095 6453
907 2096 6452
906 2097 6451
905 2098 6450
904 2099 6449
903 2100 6448
902 2101 6447
901 2102 6446
900 2103 6445
899 2104 6444
898 2105 6443
897 2106 6442
896 2107 6441
895 2108 6440
894 2109 6439
893 2110 6438
892 2111 6437
891 2112 6436
890 2113 6435
889 2114 6434
888 2115 6433
887 2116 6432
886 2117 6431
885 2118 6430
884 2119 6429
883 2120 6428
882 2121 6427
881 2122 6426
880 2123 6425
879 2124 6424
878 2125 6423
877 2126 6422
876 2127 6421
875 2128 6420
874 2129 6419
873 2130 6418
872 2131 6417
871 2132 6416
870 2133 6415
869 2134 6414
868 2135 6413
867 2136 6412
866 2137 6411
865 2138 6410
864 2139 6409
863 2140 6408
862 2141 6407
861 2142 6406
860 2143 6405
859 2144 6404
858 2145 6403
857 2146 6402
856 2147 6401
855 2148 6400
854 2149 6399
853 2150 6398
852 2151 6397
851 2152 6396
850 2153 6395
849 2154 6394
848 2155 6393
847 2156 6392
846 2157 6391
845 2158 6390
844 2159 6389
843 2160 6388
842 2161 6387
841 2162 6386
840 2163 6385
839 2164 6384
838 2165 6383
837 2166 6382
836 2167 6381
835 2168 6380
834 2169 6379
833 2170 6378
832 2171 6377
831 2172 6376
830 2173 6375
829 2174 6374
828 2175 6373
827 2176 6372
826 2177 6371
825 2178 6370
824 2179 6369
823 2180 6368
822 2181 6367
821 2182 6366
820 2183 6365
819 2184 6364
818 2185 6363
817 2186 6362
816 2187 6361
815 2188 6360
814 2189 6359
813 2190 6358
812 2191 6357
811 2192 6356
810 2193 6355
809 2194 6354
808 2195 6353
807 2196 6352
806 2197 6351
805 2198 6350
804 2199 6349
803 2200 6348
802 2201 6347
801 2202 6346
800 2203 6345
799 2204 6344
798 2205 6343
797 2206 6342
796 2207 6341
795 2208 6340
794 2209 6339
793 2210 6338
792 2211 6337
791 2212 6336
790 2213 6335
789 2214 6334
788 2215 6333
787 2216 6332
786 2217 6331
785 2218 6330
784 2219 6329
783 2220 6328
782 2221 6327
781 2222 6326
780 2223 6325
779 2224 6324
778 2225 6323
777 2226 6322
776 2227 6321
775 2228 6320
774 2229 6319
773 2230 6318
772 2231 6317
771 2232 6316
770 2233 6315
769 2234 6314
768 2235 6313
767 2236 6312
766 2237 6311
765 2238 6310
764 2239 6309
763 2240 6308
762 2241 6307
761 2242 6306
760 2243 6305
759 2244 6304
758 2245 6303
757 2246 6302
756 2247 6301
755 2248 6300
754 2249 6299
753 2250 6298
752 2251 6297
751 2252 6296
750 2253 6295
749 2254 6294
748 2255 6293
747 2256 6292
746 2257 6291
745 2258 6290
744 2259 6289
743 2260 6288
742 2261 6287
741 2262 6286
740 2263 6285
739 2264 6284
738 2265 6283
737 2266 6282
736 2267 6281
735 2268 6280
734 2269 6279
733 2270 6278
732 2271 6277
731 2272 6276
730 2273 6275
729 2274 6274
728 2275 6273
727 2276 6272
726 2277 6271
725 2278 6270
724 2279 6269
723 2280 6268
722 2281 6267
721 2282 6266
720 2283 6265
719 2284 6264
718 2285 6263
717 2286 6262
716 2287 6261
715 2288 6260
714 2289 6259
713 2290 6258
712 2291 6257
711 2292 6256
710 2293 6255
709 2294 6254
708 2295 6253
707 2296 6252
706 2297 6251
705 2298 6250
704 2299 6249
703 2300 6248
702 2301 6247
701 2302 6246
700 2303 6245
699 2304 6244
698 2305 6243
697 2306 6242
696 2307 6241
695 2308 6240
694 2309 6239
693 2310 6238
692 2311 6237
691 2312 6236
690 2313 6235
689 2314 6234
688 2315 6233
687 2316 6232
686 2317 6231
685 2318 6230
684 2319 6229
683 2320 6228
682 2321 6227
681 2322 6226
680 2323 6225
679 2324 6224
678 2325 6223
677 2326 6222
676 2327 6221
675 2328 6220
674 2329 6219
673 2330 6218
672 2331 6217
671 2332 6216
670 2333 6215
669 2334 6214
668 2335 6213
667 2336 6212
666 2337 6211
665 2338 6210
664 2339 6209
663 2340 6208
662 2341 6207
661 2342 6206
660 2343 6205
659 2344 6204
658 2345 6203
657 2346 6202
656 2347 6201
655 2348 6200
654 2349 6199
653 2350 6198
652 2351 6197
651 2352 6196
650 2353 6195
649 2354 6194
648 2355 6193
647 2356 6192
646 2357 6191
645 2358 6190
644 2359 6189
643 2360 6188
642 2361 6187
641 2362 6186
640 2363 6185
639 2364 6184
638 2365 6183
637 2366 6182
636 2367 6181
635 2368 6180
634 2369 6179
633 2370 6178
632 2371 6177
631 2372 6176
630 2373 6175
629 2374 6174
628 2375 6173
627 2376 6172
626 2377 6171
625 2378 6170
624 2379 6169
623 2380 6168
622 2381 6167
621 2382 6166
620 2383 6165
619 2384 6164
618 2385 6163
617 2386 6162
616 2387 6161
615 2388 6160
614 2389 6159
613 2390 6158
612 2391 6157
611 2392 6156
610 2393 6155
609 2394 6154
608 2395 6153
607 2396 6152
606 2397 6151
605 2398 6150
604 2399 6149
603 2400 6148
602 2401 6147
601 2402 6146
600 2403 6145
599 2404 6144
598 2405 6143
597 2406 6142
596 2407 6141
595 2408 6140
594 2409 6139
593 2410 6138
592 2411 6137
591 2412 6136
590 2413 6135
589 2414 6134
588 2415 6133
587 2416 6132
586 2417 6131
585 2418 6130
584 2419 6129
583 2420 6128
582 2421 6127
581 2422 6126
580 2423 6125
579 2424 6124
578 2425 6123
577 2426 6122
576 2427 6121
575 2428 6120
574 2429 6119
573 2430 6118
572 2431 6117
571 2432 6116
570 2433 6115
569 2434 6114
568 2435 6113
567 2436 6112
566 2437 6111
565 2438 6110
564 2439 6109
563 2440 6108
562 2441 6107
561 2442 6106
560 2443 6105
559 2444 6104
558 2445 6103
557 2446 6102
556 2447 6101
555 2448 6100
554 2449 6099
553 2450 6098
552 2451 6097
551 2452 6096
550 2453 6095
549 2454 6094
548 2455 6093
547 2456 6092
546 2457 6091
545 2458 6090
544 2459 6089
543 2460 6088
542 2461 6087
541 2462 6086
540 2463 6085
539 2464 6084
538 2465 6083
537 2466 6082
536 2467 6081
535 2468 6080
534 2469 6079
533 2470 6078
532 2471 6077
531 2472 6076
530 2473 6075
529 2474 6074
528 2475 6073
527 2476 6072
526 2477 6071
525 2478 6070
524 2479 6069
523 2480 6068
522 2481 6067
521 2482 6066
520 2483 6065
519 2484 6064
518 2485 6063
517 2486 6062
516 2487 6061
515 2488 6060
514 2489 6059
513 2490 6058
512 2491 6057
511 2492 6056
510 2493 6055
509 2494 6054
508 2495 6053
507 2496 6052
506 2497 6051
505 2498 6050
504 2499 6049
503 2500 6048
502 2501 6047
501 2502 6046
500 2503 6045
499 2504 6044
498 2505 6043
497 2506 6042
496 2507 6041
495 2508 6040
494 2509 6039
493 2510 6038
492 2511 6037
491 2512 6036
490 2513 6035
489 2514 6034
488 2515 6033
487 2516 6032
486 2517 6031
485 2518 6030
484 2519 6029
483 2520 6028
482 2521 6027
481 2522 6026
480 2523 6025
479 2524 6024
478 2525 6023
477 2526 6022
476 2527 6021
475 2528 6020
474 2529 6019
473 2530 6018
472 2531 6017
471 2532 6016
470 2533 6015
469 2534 6014
468 2535 6013
467 2536 6012
466 2537 6011
465 2538 6010
464 2539 6009
463 2540 6008
462 2541 6007
461 2542 6006
460 2543 6005
459 2544 6004
458 2545 6003
457 2546 6002
456 2547 6001
