877
3000 3 6877
2999 4 6876
2998 5 6875
2997 6 6874
2996 7 6873
2995 8 6872
2994 9 6871
2993 10 6870
2992 11 6869
2991 12 6868
2990 13 6867
2989 14 6866
2988 15 6865
2987 16 6864
2986 17 6863
2985 18 6862
2984 19 6861
2983 20 6860
2982 21 6859
2981 22 6858
2980 23 6857
2979 24 6856
2978 25 6855
2977 26 6854
2976 27 6853
2975 28 6852
2974 29 6851
2973 30 6850
2972 31 6849
2971 32 6848
2970 33 6847
2969 34 6846
2968 35 6845
2967 36 6844
2966 37 6843
2965 38 6842
2964 39 6841
2963 40 6840
2962 41 6839
2961 42 6838
2960 43 6837
2959 44 6836
2958 45 6835
2957 46 6834
2956 47 6833
2955 48 6832
2954 49 6831
2953 50 6830
2952 51 6829
2951 52 6828
2950 53 6827
2949 54 6826
2948 55 6825
2947 56 6824
2946 57 6823
2945 58 6822
2944 59 6821
2943 60 6820
2942 61 6819
2941 62 6818
2940 63 6817
2939 64 6816
2938 65 6815
2937 66 6814
2936 67 6813
2935 68 6812
2934 69 6811
2933 70 6810
2932 71 6809
2931 72 6808
2930 73 6807
2929 74 6806
2928 75 6805
2927 76 6804
2926 77 6803
2925 78 6802
2924 79 6801
2923 80 6800
2922 81 6799
2921 82 6798
2920 83 6797
2919 84 6796
2918 85 6795
2917 86 6794
2916 87 6793
2915 88 6792
2914 89 6791
2913 90 6790
2912 91 6789
2911 92 6788
2910 93 6787
2909 94 6786
2908 95 6785
2907 96 6784
2906 97 6783
2905 98 6782
2904 99 6781
2903 100 6780
2902 101 6779
2901 102 6778
2900 103 6777
2899 104 6776
2898 105 6775
2897 106 6774
2896 107 6773
2895 108 6772
2894 109 6771
2893 110 6770
2892 111 6769
2891 112 6768
2890 113 6767
2889 114 6766
2888 115 6765
2887 116 6764
2886 117 6763
2885 118 6762
2884 119 6761
2883 120 6760
2882 121 6759
2881 122 6758
2880 123 6757
2879 124 6756
2878 125 6755
2877 126 6754
2876 127 6753
2875 128 6752
2874 129 6751
2873 130 6750
2872 131 6749
2871 132 6748
2870 133 6747
2869 134 6746
2868 135 6745
2867 136 6744
2866 137 6743
2865 138 6742
2864 139 6741
2863 140 6740
2862 141 6739
2861 142 6738
2860 143 6737
2859 144 6736
2858 145 6735
2857 146 6734
2856 147 6733
2855 148 6732
2854 149 6731
2853 150 6730
2852 151 6729
2851 152 6728
2850 153 6727
2849 154 6726
2848 155 6725
2847 156 6724
2846 157 6723
2845 158 6722
2844 159 6721
2843 160 6720
2842 161 6719
2841 162 6718
2840 163 6717
2839 164 6716
2838 165 6715
2837 166 6714
2836 167 6713
2835 168 6712
2834 169 6711
2833 170 6710
2832 171 6709
2831 172 6708
2830 173 6707
2829 174 6706
2828 175 6705
2827 176 6704
2826 177 6703
2825 178 6702
2824 179 6701
2823 180 6700
2822 181 6699
2821 182 6698
2820 183 6697
2819 184 6696
2818 185 6695
2817 186 6694
2816 187 6693
2815 188 6692
2814 189 6691
2813 190 6690
2812 191 6689
2811 192 6688
2810 193 6687
2809 194 6686
2808 195 6685
2807 196 6684
2806 197 6683
2805 198 6682
2804 199 6681
2803 200 6680
2802 201 6679
2801 202 6678
2800 203 6677
2799 204 6676
2798 205 6675
2797 206 6674
2796 207 6673
2795 208 6672
2794 209 6671
2793 210 6670
2792 211 6669
2791 212 6668
2790 213 6667
2789 214 6666
2788 215 6665
2787 216 6664
2786 217 6663
2785 218 6662
2784 219 6661
2783 220 6660
2782 221 6659
2781 222 6658
2780 223 6657
2779 224 6656
2778 225 6655
2777 226 6654
2776 227 6653
2775 228 6652
2774 229 6651
2773 230 6650
2772 231 6649
2771 232 6648
2770 233 6647
2769 234 6646
2768 235 6645
2767 236 6644
2766 237 6643
2765 238 6642
2764 239 6641
2763 240 6640
2762 241 6639
2761 242 6638
2760 243 6637
2759 244 6636
2758 245 6635
2757 246 6634
2756 247 6633
2755 248 6632
2754 249 6631
2753 250 6630
2752 251 6629
2751 252 6628
2750 253 6627
2749 254 6626
2748 255 6625
2747 256 6624
2746 257 6623
2745 258 6622
2744 259 6621
2743 260 6620
2742 261 6619
2741 262 6618
2740 263 6617
2739 264 6616
2738 265 6615
2737 266 6614
2736 267 6613
2735 268 6612
2734 269 6611
2733 270 6610
2732 271 6609
2731 272 6608
2730 273 6607
2729 274 6606
2728 275 6605
2727 276 6604
2726 277 6603
2725 278 6602
2724 279 6601
2723 280 6600
2722 281 6599
2721 282 6598
2720 283 6597
2719 284 6596
2718 285 6595
2717 286 6594
2716 287 6593
2715 288 6592
2714 289 6591
2713 290 6590
2712 291 6589
2711 292 6588
2710 293 6587
2709 294 6586
2708 295 6585
2707 296 6584
2706 297 6583
2705 298 6582
2704 299 6581
2703 300 6580
2702 301 6579
2701 302 6578
2700 303 6577
2699 304 6576
2698 305 6575
2697 306 6574
2696 307 6573
2695 308 6572
2694 309 6571
2693 310 6570
2692 311 6569
2691 312 6568
2690 313 6567
2689 314 6566
2688 315 6565
2687 316 6564
2686 317 6563
2685 318 6562
2684 319 6561
2683 320 6560
2682 321 6559
2681 322 6558
2680 323 6557
2679 324 6556
2678 325 6555
2677 326 6554
2676 327 6553
2675 328 6552
2674 329 6551
2673 330 6550
2672 331 6549
2671 332 6548
2670 333 6547
2669 334 6546
2668 335 6545
2667 336 6544
2666 337 6543
2665 338 6542
2664 339 6541
2663 340 6540
2662 341 6539
2661 342 6538
2660 343 6537
2659 344 6536
2658 345 6535
2657 346 6534
2656 347 6533
2655 348 6532
2654 349 6531
2653 350 6530
2652 351 6529
2651 352 6528
2650 353 6527
2649 354 6526
2648 355 6525
2647 356 6524
2646 357 6523
2645 358 6522
2644 359 6521
2643 360 6520
2642 361 6519
2641 362 6518
2640 363 6517
2639 364 6516
2638 365 6515
2637 366 6514
2636 367 6513
2635 368 6512
2634 369 6511
2633 370 6510
2632 371 6509
2631 372 6508
2630 373 6507
2629 374 6506
2628 375 6505
2627 376 6504
2626 377 6503
2625 378 6502
2624 379 6501
2623 380 6500
2622 381 6499
2621 382 6498
2620 383 6497
2619 384 6496
2618 385 6495
2617 386 6494
2616 387 6493
2615 388 6492
2614 389 6491
2613 390 6490
2612 391 6489
2611 392 6488
2610 393 6487
2609 394 6486
2608 395 6485
2607 396 6484
2606 397 6483
2605 398 6482
2604 399 6481
2603 400 6480
2602 401 6479
2601 402 6478
2600 403 6477
2599 404 6476
2598 405 6475
2597 406 6474
2596 407 6473
2595 408 6472
2594 409 6471
2593 410 6470
2592 411 6469
2591 412 6468
2590 413 6467
2589 414 6466
2588 415 6465
2587 416 6464
2586 417 6463
2585 418 6462
2584 419 6461
2583 420 6460
2582 421 6459
2581 422 6458
2580 423 6457
2579 424 6456
2578 425 6455
2577 426 6454
2576 427 6453
2575 428 6452
2574 429 6451
2573 430 6450
2572 431 6449
2571 432 6448
2570 433 6447
2569 434 6446
2568 435 6445
2567 436 6444
2566 437 6443
2565 438 6442
2564 439 6441
2563 440 6440
2562 441 6439
2561 442 6438
2560 443 6437
2559 444 6436
2558 445 6435
2557 446 6434
2556 447 6433
2555 448 6432
2554 449 6431
2553 450 6430
2552 451 6429
2551 452 6428
2550 453 6427
2549 454 6426
2548 455 6425
2547 456 6424
2546 457 6423
2545 458 6422
2544 459 6421
2543 460 6420
2542 461 6419
2541 462 6418
2540 463 6417
2539 464 6416
2538 465 6415
2537 466 6414
2536 467 6413
2535 468 6412
2534 469 6411
2533 470 6410
2532 471 6409
2531 472 6408
2530 473 6407
2529 474 6406
2528 475 6405
2527 476 6404
2526 477 6403
2525 478 6402
2524 479 6401
2523 480 6400
2522 481 6399
2521 482 6398
2520 483 6397
2519 484 6396
2518 485 6395
2517 486 6394
2516 487 6393
2515 488 6392
2514 489 6391
2513 490 6390
2512 491 6389
2511 492 6388
2510 493 6387
2509 494 6386
2508 495 6385
2507 496 6384
2506 497 6383
2505 498 6382
2504 499 6381
2503 500 6380
2502 501 6379
2501 502 6378
2500 503 6377
2499 504 6376
2498 505 6375
2497 506 6374
2496 507 6373
2495 508 6372
2494 509 6371
2493 510 6370
2492 511 6369
2491 512 6368
2490 513 6367
2489 514 6366
2488 515 6365
2487 516 6364
2486 517 6363
2485 518 6362
2484 519 6361
2483 520 6360
2482 521 6359
2481 522 6358
2480 523 6357
2479 524 6356
2478 525 6355
2477 526 6354
2476 527 6353
2475 528 6352
2474 529 6351
2473 530 6350
2472 531 6349
2471 532 6348
2470 533 6347
2469 534 6346
2468 535 6345
2467 536 6344
2466 537 6343
2465 538 6342
2464 539 6341
2463 540 6340
2462 541 6339
2461 542 6338
2460 543 6337
2459 544 6336
2458 545 6335
2457 546 6334
2456 547 6333
2455 548 6332
2454 549 6331
2453 550 6330
2452 551 6329
2451 552 6328
2450 553 6327
2449 554 6326
2448 555 6325
2447 556 6324
2446 557 6323
2445 558 6322
2444 559 6321
2443 560 6320
2442 561 6319
2441 562 6318
2440 563 6317
2439 564 6316
2438 565 6315
2437 566 6314
2436 567 6313
2435 568 6312
2434 569 6311
2433 570 6310
2432 571 6309
2431 572 6308
2430 573 6307
2429 574 6306
2428 575 6305
2427 576 6304
2426 577 6303
2425 578 6302
2424 579 6301
2423 580 6300
2422 581 6299
2421 582 6298
2420 583 6297
2419 584 6296
2418 585 6295
2417 586 6294
2416 587 6293
2415 588 6292
2414 589 6291
2413 590 6290
2412 591 6289
2411 592 6288
2410 593 6287
2409 594 6286
2408 595 6285
2407 596 6284
2406 597 6283
2405 598 6282
2404 599 6281
2403 600 6280
2402 601 6279
2401 602 6278
2400 603 6277
2399 604 6276
2398 605 6275
2397 606 6274
2396 607 6273
2395 608 6272
2394 609 6271
2393 610 6270
2392 611 6269
2391 612 6268
2390 613 6267
2389 614 6266
2388 615 6265
2387 616 6264
2386 617 6263
2385 618 6262
2384 619 6261
2383 620 6260
2382 621 6259
2381 622 6258
2380 623 6257
2379 624 6256
2378 625 6255
2377 626 6254
2376 627 6253
2375 628 6252
2374 629 6251
2373 630 6250
2372 631 6249
2371 632 6248
2370 633 6247
2369 634 6246
2368 635 6245
2367 636 6244
2366 637 6243
2365 638 6242
2364 639 6241
2363 640 6240
2362 641 6239
2361 642 6238
2360 643 6237
2359 644 6236
2358 645 6235
2357 646 6234
2356 647 6233
2355 648 6232
2354 649 6231
2353 650 6230
2352 651 6229
2351 652 6228
2350 653 6227
2349 654 6226
2348 655 6225
2347 656 6224
2346 657 6223
2345 658 6222
2344 659 6221
2343 660 6220
2342 661 6219
2341 662 6218
2340 663 6217
2339 664 6216
2338 665 6215
2337 666 6214
2336 667 6213
2335 668 6212
2334 669 6211
2333 670 6210
2332 671 6209
2331 672 6208
2330 673 6207
2329 674 6206
2328 675 6205
2327 676 6204
2326 677 6203
2325 678 6202
2324 679 6201
2323 680 6200
2322 681 6199
2321 682 6198
2320 683 6197
2319 684 6196
2318 685 6195
2317 686 6194
2316 687 6193
2315 688 6192
2314 689 6191
2313 690 6190
2312 691 6189
2311 692 6188
2310 693 6187
2309 694 6186
2308 695 6185
2307 696 6184
2306 697 6183
2305 698 6182
2304 699 6181
2303 700 6180
2302 701 6179
2301 702 6178
2300 703 6177
2299 704 6176
2298 705 6175
2297 706 6174
2296 707 6173
2295 708 6172
2294 709 6171
2293 710 6170
2292 711 6169
2291 712 6168
2290 713 6167
2289 714 6166
2288 715 6165
2287 716 6164
2286 717 6163
2285 718 6162
2284 719 6161
2283 720 6160
2282 721 6159
2281 722 6158
2280 723 6157
2279 724 6156
2278 725 6155
2277 726 6154
2276 727 6153
2275 728 6152
2274 729 6151
2273 730 6150
2272 731 6149
2271 732 6148
2270 733 6147
2269 734 6146
2268 735 6145
2267 736 6144
2266 737 6143
2265 738 6142
2264 739 6141
2263 740 6140
2262 741 6139
2261 742 6138
2260 743 6137
2259 744 6136
2258 745 6135
2257 746 6134
2256 747 6133
2255 748 6132
2254 749 6131
2253 750 6130
2252 751 6129
2251 752 6128
2250 753 6127
2249 754 6126
2248 755 6125
2247 756 6124
2246 757 6123
2245 758 6122
2244 759 6121
2243 760 6120
2242 761 6119
2241 762 6118
2240 763 6117
2239 764 6116
2238 765 6115
2237 766 6114
2236 767 6113
2235 768 6112
2234 769 6111
2233 770 6110
2232 771 6109
2231 772 6108
2230 773 6107
2229 774 6106
2228 775 6105
2227 776 6104
2226 777 6103
2225 778 6102
2224 779 6101
2223 780 6100
2222 781 6099
2221 782 6098
2220 783 6097
2219 784 6096
2218 785 6095
2217 786 6094
2216 787 6093
2215 788 6092
2214 789 6091
2213 790 6090
2212 791 6089
2211 792 6088
2210 793 6087
2209 794 6086
2208 795 6085
2207 796 6084
2206 797 6083
2205 798 6082
2204 799 6081
2203 800 6080
2202 801 6079
2201 802 6078
2200 803 6077
2199 804 6076
2198 805 6075
2197 806 6074
2196 807 6073
2195 808 6072
2194 809 6071
2193 810 6070
2192 811 6069
2191 812 6068
2190 813 6067
2189 814 6066
2188 815 6065
2187 816 6064
2186 817 6063
2185 818 6062
2184 819 6061
2183 820 6060
2182 821 6059
2181 822 6058
2180 823 6057
2179 824 6056
2178 825 6055
2177 826 6054
2176 827 6053
2175 828 6052
2174 829 6051
2173 830 6050
2172 831 6049
2171 832 6048
2170 833 6047
2169 834 6046
2168 835 6045
2167 836 6044
2166 837 6043
2165 838 6042
2164 839 6041
2163 840 6040
2162 841 6039
2161 842 6038
2160 843 6037
2159 844 6036
2158 845 6035
2157 846 6034
2156 847 6033
2155 848 6032
2154 849 6031
2153 850 6030
2152 851 6029
2151 852 6028
2150 853 6027
2149 854 6026
2148 855 6025
2147 856 6024
2146 857 6023
2145 858 6022
2144 859 6021
2143 860 6020
2142 861 6019
2141 862 6018
2140 863 6017
2139 864 6016
2138 865 6015
2137 866 6014
2136 867 6013
2135 868 6012
2134 869 6011
2133 870 6010
2132 871 6009
2131 872 6008
2130 873 6007
2129 874 6006
2128 875 6005
2127 876 6004
2126 877 6003
2125 878 6002
2124 879 6001
