2518
3000 3 8518
2999 4 8517
2998 5 8516
2997 6 8515
2996 7 8514
2995 8 8513
2994 9 8512
2993 10 8511
2992 11 8510
2991 12 8509
2990 13 8508
2989 14 8507
2988 15 8506
2987 16 8505
2986 17 8504
2985 18 8503
2984 19 8502
2983 20 8501
2982 21 8500
2981 22 8499
2980 23 8498
2979 24 8497
2978 25 8496
2977 26 8495
2976 27 8494
2975 28 8493
2974 29 8492
2973 30 8491
2972 31 8490
2971 32 8489
2970 33 8488
2969 34 8487
2968 35 8486
2967 36 8485
2966 37 8484
2965 38 8483
2964 39 8482
2963 40 8481
2962 41 8480
2961 42 8479
2960 43 8478
2959 44 8477
2958 45 8476
2957 46 8475
2956 47 8474
2955 48 8473
2954 49 8472
2953 50 8471
2952 51 8470
2951 52 8469
2950 53 8468
2949 54 8467
2948 55 8466
2947 56 8465
2946 57 8464
2945 58 8463
2944 59 8462
2943 60 8461
2942 61 8460
2941 62 8459
2940 63 8458
2939 64 8457
2938 65 8456
2937 66 8455
2936 67 8454
2935 68 8453
2934 69 8452
2933 70 8451
2932 71 8450
2931 72 8449
2930 73 8448
2929 74 8447
2928 75 8446
2927 76 8445
2926 77 8444
2925 78 8443
2924 79 8442
2923 80 8441
2922 81 8440
2921 82 8439
2920 83 8438
2919 84 8437
2918 85 8436
2917 86 8435
2916 87 8434
2915 88 8433
2914 89 8432
2913 90 8431
2912 91 8430
2911 92 8429
2910 93 8428
2909 94 8427
2908 95 8426
2907 96 8425
2906 97 8424
2905 98 8423
2904 99 8422
2903 100 8421
2902 101 8420
2901 102 8419
2900 103 8418
2899 104 8417
2898 105 8416
2897 106 8415
2896 107 8414
2895 108 8413
2894 109 8412
2893 110 8411
2892 111 8410
2891 112 8409
2890 113 8408
2889 114 8407
2888 115 8406
2887 116 8405
2886 117 8404
2885 118 8403
2884 119 8402
2883 120 8401
2882 121 8400
2881 122 8399
2880 123 8398
2879 124 8397
2878 125 8396
2877 126 8395
2876 127 8394
2875 128 8393
2874 129 8392
2873 130 8391
2872 131 8390
2871 132 8389
2870 133 8388
2869 134 8387
2868 135 8386
2867 136 8385
2866 137 8384
2865 138 8383
2864 139 8382
2863 140 8381
2862 141 8380
2861 142 8379
2860 143 8378
2859 144 8377
2858 145 8376
2857 146 8375
2856 147 8374
2855 148 8373
2854 149 8372
2853 150 8371
2852 151 8370
2851 152 8369
2850 153 8368
2849 154 8367
2848 155 8366
2847 156 8365
2846 157 8364
2845 158 8363
2844 159 8362
2843 160 8361
2842 161 8360
2841 162 8359
2840 163 8358
2839 164 8357
2838 165 8356
2837 166 8355
2836 167 8354
2835 168 8353
2834 169 8352
2833 170 8351
2832 171 8350
2831 172 8349
2830 173 8348
2829 174 8347
2828 175 8346
2827 176 8345
2826 177 8344
2825 178 8343
2824 179 8342
2823 180 8341
2822 181 8340
2821 182 8339
2820 183 8338
2819 184 8337
2818 185 8336
2817 186 8335
2816 187 8334
2815 188 8333
2814 189 8332
2813 190 8331
2812 191 8330
2811 192 8329
2810 193 8328
2809 194 8327
2808 195 8326
2807 196 8325
2806 197 8324
2805 198 8323
2804 199 8322
2803 200 8321
2802 201 8320
2801 202 8319
2800 203 8318
2799 204 8317
2798 205 8316
2797 206 8315
2796 207 8314
2795 208 8313
2794 209 8312
2793 210 8311
2792 211 8310
2791 212 8309
2790 213 8308
2789 214 8307
2788 215 8306
2787 216 8305
2786 217 8304
2785 218 8303
2784 219 8302
2783 220 8301
2782 221 8300
2781 222 8299
2780 223 8298
2779 224 8297
2778 225 8296
2777 226 8295
2776 227 8294
2775 228 8293
2774 229 8292
2773 230 8291
2772 231 8290
2771 232 8289
2770 233 8288
2769 234 8287
2768 235 8286
2767 236 8285
2766 237 8284
2765 238 8283
2764 239 8282
2763 240 8281
2762 241 8280
2761 242 8279
2760 243 8278
2759 244 8277
2758 245 8276
2757 246 8275
2756 247 8274
2755 248 8273
2754 249 8272
2753 250 8271
2752 251 8270
2751 252 8269
2750 253 8268
2749 254 8267
2748 255 8266
2747 256 8265
2746 257 8264
2745 258 8263
2744 259 8262
2743 260 8261
2742 261 8260
2741 262 8259
2740 263 8258
2739 264 8257
2738 265 8256
2737 266 8255
2736 267 8254
2735 268 8253
2734 269 8252
2733 270 8251
2732 271 8250
2731 272 8249
2730 273 8248
2729 274 8247
2728 275 8246
2727 276 8245
2726 277 8244
2725 278 8243
2724 279 8242
2723 280 8241
2722 281 8240
2721 282 8239
2720 283 8238
2719 284 8237
2718 285 8236
2717 286 8235
2716 287 8234
2715 288 8233
2714 289 8232
2713 290 8231
2712 291 8230
2711 292 8229
2710 293 8228
2709 294 8227
2708 295 8226
2707 296 8225
2706 297 8224
2705 298 8223
2704 299 8222
2703 300 8221
2702 301 8220
2701 302 8219
2700 303 8218
2699 304 8217
2698 305 8216
2697 306 8215
2696 307 8214
2695 308 8213
2694 309 8212
2693 310 8211
2692 311 8210
2691 312 8209
2690 313 8208
2689 314 8207
2688 315 8206
2687 316 8205
2686 317 8204
2685 318 8203
2684 319 8202
2683 320 8201
2682 321 8200
2681 322 8199
2680 323 8198
2679 324 8197
2678 325 8196
2677 326 8195
2676 327 8194
2675 328 8193
2674 329 8192
2673 330 8191
2672 331 8190
2671 332 8189
2670 333 8188
2669 334 8187
2668 335 8186
2667 336 8185
2666 337 8184
2665 338 8183
2664 339 8182
2663 340 8181
2662 341 8180
2661 342 8179
2660 343 8178
2659 344 8177
2658 345 8176
2657 346 8175
2656 347 8174
2655 348 8173
2654 349 8172
2653 350 8171
2652 351 8170
2651 352 8169
2650 353 8168
2649 354 8167
2648 355 8166
2647 356 8165
2646 357 8164
2645 358 8163
2644 359 8162
2643 360 8161
2642 361 8160
2641 362 8159
2640 363 8158
2639 364 8157
2638 365 8156
2637 366 8155
2636 367 8154
2635 368 8153
2634 369 8152
2633 370 8151
2632 371 8150
2631 372 8149
2630 373 8148
2629 374 8147
2628 375 8146
2627 376 8145
2626 377 8144
2625 378 8143
2624 379 8142
2623 380 8141
2622 381 8140
2621 382 8139
2620 383 8138
2619 384 8137
2618 385 8136
2617 386 8135
2616 387 8134
2615 388 8133
2614 389 8132
2613 390 8131
2612 391 8130
2611 392 8129
2610 393 8128
2609 394 8127
2608 395 8126
2607 396 8125
2606 397 8124
2605 398 8123
2604 399 8122
2603 400 8121
2602 401 8120
2601 402 8119
2600 403 8118
2599 404 8117
2598 405 8116
2597 406 8115
2596 407 8114
2595 408 8113
2594 409 8112
2593 410 8111
2592 411 8110
2591 412 8109
2590 413 8108
2589 414 8107
2588 415 8106
2587 416 8105
2586 417 8104
2585 418 8103
2584 419 8102
2583 420 8101
2582 421 8100
2581 422 8099
2580 423 8098
2579 424 8097
2578 425 8096
2577 426 8095
2576 427 8094
2575 428 8093
2574 429 8092
2573 430 8091
2572 431 8090
2571 432 8089
2570 433 8088
2569 434 8087
2568 435 8086
2567 436 8085
2566 437 8084
2565 438 8083
2564 439 8082
2563 440 8081
2562 441 8080
2561 442 8079
2560 443 8078
2559 444 8077
2558 445 8076
2557 446 8075
2556 447 8074
2555 448 8073
2554 449 8072
2553 450 8071
2552 451 8070
2551 452 8069
2550 453 8068
2549 454 8067
2548 455 8066
2547 456 8065
2546 457 8064
2545 458 8063
2544 459 8062
2543 460 8061
2542 461 8060
2541 462 8059
2540 463 8058
2539 464 8057
2538 465 8056
2537 466 8055
2536 467 8054
2535 468 8053
2534 469 8052
2533 470 8051
2532 471 8050
2531 472 8049
2530 473 8048
2529 474 8047
2528 475 8046
2527 476 8045
2526 477 8044
2525 478 8043
2524 479 8042
2523 480 8041
2522 481 8040
2521 482 8039
2520 483 8038
2519 484 8037
2518 485 8036
2517 486 8035
2516 487 8034
2515 488 8033
2514 489 8032
2513 490 8031
2512 491 8030
2511 492 8029
2510 493 8028
2509 494 8027
2508 495 8026
2507 496 8025
2506 497 8024
2505 498 8023
2504 499 8022
2503 500 8021
2502 501 8020
2501 502 8019
2500 503 8018
2499 504 8017
2498 505 8016
2497 506 8015
2496 507 8014
2495 508 8013
2494 509 8012
2493 510 8011
2492 511 8010
2491 512 8009
2490 513 8008
2489 514 8007
2488 515 8006
2487 516 8005
2486 517 8004
2485 518 8003
2484 519 8002
2483 520 8001
2482 521 8000
2481 522 7999
2480 523 7998
2479 524 7997
2478 525 7996
2477 526 7995
2476 527 7994
2475 528 7993
2474 529 7992
2473 530 7991
2472 531 7990
2471 532 7989
2470 533 7988
2469 534 7987
2468 535 7986
2467 536 7985
2466 537 7984
2465 538 7983
2464 539 7982
2463 540 7981
2462 541 7980
2461 542 7979
2460 543 7978
2459 544 7977
2458 545 7976
2457 546 7975
2456 547 7974
2455 548 7973
2454 549 7972
2453 550 7971
2452 551 7970
2451 552 7969
2450 553 7968
2449 554 7967
2448 555 7966
2447 556 7965
2446 557 7964
2445 558 7963
2444 559 7962
2443 560 7961
2442 561 7960
2441 562 7959
2440 563 7958
2439 564 7957
2438 565 7956
2437 566 7955
2436 567 7954
2435 568 7953
2434 569 7952
2433 570 7951
2432 571 7950
2431 572 7949
2430 573 7948
2429 574 7947
2428 575 7946
2427 576 7945
2426 577 7944
2425 578 7943
2424 579 7942
2423 580 7941
2422 581 7940
2421 582 7939
2420 583 7938
2419 584 7937
2418 585 7936
2417 586 7935
2416 587 7934
2415 588 7933
2414 589 7932
2413 590 7931
2412 591 7930
2411 592 7929
2410 593 7928
2409 594 7927
2408 595 7926
2407 596 7925
2406 597 7924
2405 598 7923
2404 599 7922
2403 600 7921
2402 601 7920
2401 602 7919
2400 603 7918
2399 604 7917
2398 605 7916
2397 606 7915
2396 607 7914
2395 608 7913
2394 609 7912
2393 610 7911
2392 611 7910
2391 612 7909
2390 613 7908
2389 614 7907
2388 615 7906
2387 616 7905
2386 617 7904
2385 618 7903
2384 619 7902
2383 620 7901
2382 621 7900
2381 622 7899
2380 623 7898
2379 624 7897
2378 625 7896
2377 626 7895
2376 627 7894
2375 628 7893
2374 629 7892
2373 630 7891
2372 631 7890
2371 632 7889
2370 633 7888
2369 634 7887
2368 635 7886
2367 636 7885
2366 637 7884
2365 638 7883
2364 639 7882
2363 640 7881
2362 641 7880
2361 642 7879
2360 643 7878
2359 644 7877
2358 645 7876
2357 646 7875
2356 647 7874
2355 648 7873
2354 649 7872
2353 650 7871
2352 651 7870
2351 652 7869
2350 653 7868
2349 654 7867
2348 655 7866
2347 656 7865
2346 657 7864
2345 658 7863
2344 659 7862
2343 660 7861
2342 661 7860
2341 662 7859
2340 663 7858
2339 664 7857
2338 665 7856
2337 666 7855
2336 667 7854
2335 668 7853
2334 669 7852
2333 670 7851
2332 671 7850
2331 672 7849
2330 673 7848
2329 674 7847
2328 675 7846
2327 676 7845
2326 677 7844
2325 678 7843
2324 679 7842
2323 680 7841
2322 681 7840
2321 682 7839
2320 683 7838
2319 684 7837
2318 685 7836
2317 686 7835
2316 687 7834
2315 688 7833
2314 689 7832
2313 690 7831
2312 691 7830
2311 692 7829
2310 693 7828
2309 694 7827
2308 695 7826
2307 696 7825
2306 697 7824
2305 698 7823
2304 699 7822
2303 700 7821
2302 701 7820
2301 702 7819
2300 703 7818
2299 704 7817
2298 705 7816
2297 706 7815
2296 707 7814
2295 708 7813
2294 709 7812
2293 710 7811
2292 711 7810
2291 712 7809
2290 713 7808
2289 714 7807
2288 715 7806
2287 716 7805
2286 717 7804
2285 718 7803
2284 719 7802
2283 720 7801
2282 721 7800
2281 722 7799
2280 723 7798
2279 724 7797
2278 725 7796
2277 726 7795
2276 727 7794
2275 728 7793
2274 729 7792
2273 730 7791
2272 731 7790
2271 732 7789
2270 733 7788
2269 734 7787
2268 735 7786
2267 736 7785
2266 737 7784
2265 738 7783
2264 739 7782
2263 740 7781
2262 741 7780
2261 742 7779
2260 743 7778
2259 744 7777
2258 745 7776
2257 746 7775
2256 747 7774
2255 748 7773
2254 749 7772
2253 750 7771
2252 751 7770
2251 752 7769
2250 753 7768
2249 754 7767
2248 755 7766
2247 756 7765
2246 757 7764
2245 758 7763
2244 759 7762
2243 760 7761
2242 761 7760
2241 762 7759
2240 763 7758
2239 764 7757
2238 765 7756
2237 766 7755
2236 767 7754
2235 768 7753
2234 769 7752
2233 770 7751
2232 771 7750
2231 772 7749
2230 773 7748
2229 774 7747
2228 775 7746
2227 776 7745
2226 777 7744
2225 778 7743
2224 779 7742
2223 780 7741
2222 781 7740
2221 782 7739
2220 783 7738
2219 784 7737
2218 785 7736
2217 786 7735
2216 787 7734
2215 788 7733
2214 789 7732
2213 790 7731
2212 791 7730
2211 792 7729
2210 793 7728
2209 794 7727
2208 795 7726
2207 796 7725
2206 797 7724
2205 798 7723
2204 799 7722
2203 800 7721
2202 801 7720
2201 802 7719
2200 803 7718
2199 804 7717
2198 805 7716
2197 806 7715
2196 807 7714
2195 808 7713
2194 809 7712
2193 810 7711
2192 811 7710
2191 812 7709
2190 813 7708
2189 814 7707
2188 815 7706
2187 816 7705
2186 817 7704
2185 818 7703
2184 819 7702
2183 820 7701
2182 821 7700
2181 822 7699
2180 823 7698
2179 824 7697
2178 825 7696
2177 826 7695
2176 827 7694
2175 828 7693
2174 829 7692
2173 830 7691
2172 831 7690
2171 832 7689
2170 833 7688
2169 834 7687
2168 835 7686
2167 836 7685
2166 837 7684
2165 838 7683
2164 839 7682
2163 840 7681
2162 841 7680
2161 842 7679
2160 843 7678
2159 844 7677
2158 845 7676
2157 846 7675
2156 847 7674
2155 848 7673
2154 849 7672
2153 850 7671
2152 851 7670
2151 852 7669
2150 853 7668
2149 854 7667
2148 855 7666
2147 856 7665
2146 857 7664
2145 858 7663
2144 859 7662
2143 860 7661
2142 861 7660
2141 862 7659
2140 863 7658
2139 864 7657
2138 865 7656
2137 866 7655
2136 867 7654
2135 868 7653
2134 869 7652
2133 870 7651
2132 871 7650
2131 872 7649
2130 873 7648
2129 874 7647
2128 875 7646
2127 876 7645
2126 877 7644
2125 878 7643
2124 879 7642
2123 880 7641
2122 881 7640
2121 882 7639
2120 883 7638
2119 884 7637
2118 885 7636
2117 886 7635
2116 887 7634
2115 888 7633
2114 889 7632
2113 890 7631
2112 891 7630
2111 892 7629
2110 893 7628
2109 894 7627
2108 895 7626
2107 896 7625
2106 897 7624
2105 898 7623
2104 899 7622
2103 900 7621
2102 901 7620
2101 902 7619
2100 903 7618
2099 904 7617
2098 905 7616
2097 906 7615
2096 907 7614
2095 908 7613
2094 909 7612
2093 910 7611
2092 911 7610
2091 912 7609
2090 913 7608
2089 914 7607
2088 915 7606
2087 916 7605
2086 917 7604
2085 918 7603
2084 919 7602
2083 920 7601
2082 921 7600
2081 922 7599
2080 923 7598
2079 924 7597
2078 925 7596
2077 926 7595
2076 927 7594
2075 928 7593
2074 929 7592
2073 930 7591
2072 931 7590
2071 932 7589
2070 933 7588
2069 934 7587
2068 935 7586
2067 936 7585
2066 937 7584
2065 938 7583
2064 939 7582
2063 940 7581
2062 941 7580
2061 942 7579
2060 943 7578
2059 944 7577
2058 945 7576
2057 946 7575
2056 947 7574
2055 948 7573
2054 949 7572
2053 950 7571
2052 951 7570
2051 952 7569
2050 953 7568
2049 954 7567
2048 955 7566
2047 956 7565
2046 957 7564
2045 958 7563
2044 959 7562
2043 960 7561
2042 961 7560
2041 962 7559
2040 963 7558
2039 964 7557
2038 965 7556
2037 966 7555
2036 967 7554
2035 968 7553
2034 969 7552
2033 970 7551
2032 971 7550
2031 972 7549
2030 973 7548
2029 974 7547
2028 975 7546
2027 976 7545
2026 977 7544
2025 978 7543
2024 979 7542
2023 980 7541
2022 981 7540
2021 982 7539
2020 983 7538
2019 984 7537
2018 985 7536
2017 986 7535
2016 987 7534
2015 988 7533
2014 989 7532
2013 990 7531
2012 991 7530
2011 992 7529
2010 993 7528
2009 994 7527
2008 995 7526
2007 996 7525
2006 997 7524
2005 998 7523
2004 999 7522
2003 1000 7521
2002 1001 7520
2001 1002 7519
2000 1003 7518
1999 1004 7517
1998 1005 7516
1997 1006 7515
1996 1007 7514
1995 1008 7513
1994 1009 7512
1993 1010 7511
1992 1011 7510
1991 1012 7509
1990 1013 7508
1989 1014 7507
1988 1015 7506
1987 1016 7505
1986 1017 7504
1985 1018 7503
1984 1019 7502
1983 1020 7501
1982 1021 7500
1981 1022 7499
1980 1023 7498
1979 1024 7497
1978 1025 7496
1977 1026 7495
1976 1027 7494
1975 1028 7493
1974 1029 7492
1973 1030 7491
1972 1031 7490
1971 1032 7489
1970 1033 7488
1969 1034 7487
1968 1035 7486
1967 1036 7485
1966 1037 7484
1965 1038 7483
1964 1039 7482
1963 1040 7481
1962 1041 7480
1961 1042 7479
1960 1043 7478
1959 1044 7477
1958 1045 7476
1957 1046 7475
1956 1047 7474
1955 1048 7473
1954 1049 7472
1953 1050 7471
1952 1051 7470
1951 1052 7469
1950 1053 7468
1949 1054 7467
1948 1055 7466
1947 1056 7465
1946 1057 7464
1945 1058 7463
1944 1059 7462
1943 1060 7461
1942 1061 7460
1941 1062 7459
1940 1063 7458
1939 1064 7457
1938 1065 7456
1937 1066 7455
1936 1067 7454
1935 1068 7453
1934 1069 7452
1933 1070 7451
1932 1071 7450
1931 1072 7449
1930 1073 7448
1929 1074 7447
1928 1075 7446
1927 1076 7445
1926 1077 7444
1925 1078 7443
1924 1079 7442
1923 1080 7441
1922 1081 7440
1921 1082 7439
1920 1083 7438
1919 1084 7437
1918 1085 7436
1917 1086 7435
1916 1087 7434
1915 1088 7433
1914 1089 7432
1913 1090 7431
1912 1091 7430
1911 1092 7429
1910 1093 7428
1909 1094 7427
1908 1095 7426
1907 1096 7425
1906 1097 7424
1905 1098 7423
1904 1099 7422
1903 1100 7421
1902 1101 7420
1901 1102 7419
1900 1103 7418
1899 1104 7417
1898 1105 7416
1897 1106 7415
1896 1107 7414
1895 1108 7413
1894 1109 7412
1893 1110 7411
1892 1111 7410
1891 1112 7409
1890 1113 7408
1889 1114 7407
1888 1115 7406
1887 1116 7405
1886 1117 7404
1885 1118 7403
1884 1119 7402
1883 1120 7401
1882 1121 7400
1881 1122 7399
1880 1123 7398
1879 1124 7397
1878 1125 7396
1877 1126 7395
1876 1127 7394
1875 1128 7393
1874 1129 7392
1873 1130 7391
1872 1131 7390
1871 1132 7389
1870 1133 7388
1869 1134 7387
1868 1135 7386
1867 1136 7385
1866 1137 7384
1865 1138 7383
1864 1139 7382
1863 1140 7381
1862 1141 7380
1861 1142 7379
1860 1143 7378
1859 1144 7377
1858 1145 7376
1857 1146 7375
1856 1147 7374
1855 1148 7373
1854 1149 7372
1853 1150 7371
1852 1151 7370
1851 1152 7369
1850 1153 7368
1849 1154 7367
1848 1155 7366
1847 1156 7365
1846 1157 7364
1845 1158 7363
1844 1159 7362
1843 1160 7361
1842 1161 7360
1841 1162 7359
1840 1163 7358
1839 1164 7357
1838 1165 7356
1837 1166 7355
1836 1167 7354
1835 1168 7353
1834 1169 7352
1833 1170 7351
1832 1171 7350
1831 1172 7349
1830 1173 7348
1829 1174 7347
1828 1175 7346
1827 1176 7345
1826 1177 7344
1825 1178 7343
1824 1179 7342
1823 1180 7341
1822 1181 7340
1821 1182 7339
1820 1183 7338
1819 1184 7337
1818 1185 7336
1817 1186 7335
1816 1187 7334
1815 1188 7333
1814 1189 7332
1813 1190 7331
1812 1191 7330
1811 1192 7329
1810 1193 7328
1809 1194 7327
1808 1195 7326
1807 1196 7325
1806 1197 7324
1805 1198 7323
1804 1199 7322
1803 1200 7321
1802 1201 7320
1801 1202 7319
1800 1203 7318
1799 1204 7317
1798 1205 7316
1797 1206 7315
1796 1207 7314
1795 1208 7313
1794 1209 7312
1793 1210 7311
1792 1211 7310
1791 1212 7309
1790 1213 7308
1789 1214 7307
1788 1215 7306
1787 1216 7305
1786 1217 7304
1785 1218 7303
1784 1219 7302
1783 1220 7301
1782 1221 7300
1781 1222 7299
1780 1223 7298
1779 1224 7297
1778 1225 7296
1777 1226 7295
1776 1227 7294
1775 1228 7293
1774 1229 7292
1773 1230 7291
1772 1231 7290
1771 1232 7289
1770 1233 7288
1769 1234 7287
1768 1235 7286
1767 1236 7285
1766 1237 7284
1765 1238 7283
1764 1239 7282
1763 1240 7281
1762 1241 7280
1761 1242 7279
1760 1243 7278
1759 1244 7277
1758 1245 7276
1757 1246 7275
1756 1247 7274
1755 1248 7273
1754 1249 7272
1753 1250 7271
1752 1251 7270
1751 1252 7269
1750 1253 7268
1749 1254 7267
1748 1255 7266
1747 1256 7265
1746 1257 7264
1745 1258 7263
1744 1259 7262
1743 1260 7261
1742 1261 7260
1741 1262 7259
1740 1263 7258
1739 1264 7257
1738 1265 7256
1737 1266 7255
1736 1267 7254
1735 1268 7253
1734 1269 7252
1733 1270 7251
1732 1271 7250
1731 1272 7249
1730 1273 7248
1729 1274 7247
1728 1275 7246
1727 1276 7245
1726 1277 7244
1725 1278 7243
1724 1279 7242
1723 1280 7241
1722 1281 7240
1721 1282 7239
1720 1283 7238
1719 1284 7237
1718 1285 7236
1717 1286 7235
1716 1287 7234
1715 1288 7233
1714 1289 7232
1713 1290 7231
1712 1291 7230
1711 1292 7229
1710 1293 7228
1709 1294 7227
1708 1295 7226
1707 1296 7225
1706 1297 7224
1705 1298 7223
1704 1299 7222
1703 1300 7221
1702 1301 7220
1701 1302 7219
1700 1303 7218
1699 1304 7217
1698 1305 7216
1697 1306 7215
1696 1307 7214
1695 1308 7213
1694 1309 7212
1693 1310 7211
1692 1311 7210
1691 1312 7209
1690 1313 7208
1689 1314 7207
1688 1315 7206
1687 1316 7205
1686 1317 7204
1685 1318 7203
1684 1319 7202
1683 1320 7201
1682 1321 7200
1681 1322 7199
1680 1323 7198
1679 1324 7197
1678 1325 7196
1677 1326 7195
1676 1327 7194
1675 1328 7193
1674 1329 7192
1673 1330 7191
1672 1331 7190
1671 1332 7189
1670 1333 7188
1669 1334 7187
1668 1335 7186
1667 1336 7185
1666 1337 7184
1665 1338 7183
1664 1339 7182
1663 1340 7181
1662 1341 7180
1661 1342 7179
1660 1343 7178
1659 1344 7177
1658 1345 7176
1657 1346 7175
1656 1347 7174
1655 1348 7173
1654 1349 7172
1653 1350 7171
1652 1351 7170
1651 1352 7169
1650 1353 7168
1649 1354 7167
1648 1355 7166
1647 1356 7165
1646 1357 7164
1645 1358 7163
1644 1359 7162
1643 1360 7161
1642 1361 7160
1641 1362 7159
1640 1363 7158
1639 1364 7157
1638 1365 7156
1637 1366 7155
1636 1367 7154
1635 1368 7153
1634 1369 7152
1633 1370 7151
1632 1371 7150
1631 1372 7149
1630 1373 7148
1629 1374 7147
1628 1375 7146
1627 1376 7145
1626 1377 7144
1625 1378 7143
1624 1379 7142
1623 1380 7141
1622 1381 7140
1621 1382 7139
1620 1383 7138
1619 1384 7137
1618 1385 7136
1617 1386 7135
1616 1387 7134
1615 1388 7133
1614 1389 7132
1613 1390 7131
1612 1391 7130
1611 1392 7129
1610 1393 7128
1609 1394 7127
1608 1395 7126
1607 1396 7125
1606 1397 7124
1605 1398 7123
1604 1399 7122
1603 1400 7121
1602 1401 7120
1601 1402 7119
1600 1403 7118
1599 1404 7117
1598 1405 7116
1597 1406 7115
1596 1407 7114
1595 1408 7113
1594 1409 7112
1593 1410 7111
1592 1411 7110
1591 1412 7109
1590 1413 7108
1589 1414 7107
1588 1415 7106
1587 1416 7105
1586 1417 7104
1585 1418 7103
1584 1419 7102
1583 1420 7101
1582 1421 7100
1581 1422 7099
1580 1423 7098
1579 1424 7097
1578 1425 7096
1577 1426 7095
1576 1427 7094
1575 1428 7093
1574 1429 7092
1573 1430 7091
1572 1431 7090
1571 1432 7089
1570 1433 7088
1569 1434 7087
1568 1435 7086
1567 1436 7085
1566 1437 7084
1565 1438 7083
1564 1439 7082
1563 1440 7081
1562 1441 7080
1561 1442 7079
1560 1443 7078
1559 1444 7077
1558 1445 7076
1557 1446 7075
1556 1447 7074
1555 1448 7073
1554 1449 7072
1553 1450 7071
1552 1451 7070
1551 1452 7069
1550 1453 7068
1549 1454 7067
1548 1455 7066
1547 1456 7065
1546 1457 7064
1545 1458 7063
1544 1459 7062
1543 1460 7061
1542 1461 7060
1541 1462 7059
1540 1463 7058
1539 1464 7057
1538 1465 7056
1537 1466 7055
1536 1467 7054
1535 1468 7053
1534 1469 7052
1533 1470 7051
1532 1471 7050
1531 1472 7049
1530 1473 7048
1529 1474 7047
1528 1475 7046
1527 1476 7045
1526 1477 7044
1525 1478 7043
1524 1479 7042
1523 1480 7041
1522 1481 7040
1521 1482 7039
1520 1483 7038
1519 1484 7037
1518 1485 7036
1517 1486 7035
1516 1487 7034
1515 1488 7033
1514 1489 7032
1513 1490 7031
1512 1491 7030
1511 1492 7029
1510 1493 7028
1509 1494 7027
1508 1495 7026
1507 1496 7025
1506 1497 7024
1505 1498 7023
1504 1499 7022
1503 1500 7021
1502 1501 7020
1501 1502 7019
1500 1503 7018
1499 1504 7017
1498 1505 7016
1497 1506 7015
1496 1507 7014
1495 1508 7013
1494 1509 7012
1493 1510 7011
1492 1511 7010
1491 1512 7009
1490 1513 7008
1489 1514 7007
1488 1515 7006
1487 1516 7005
1486 1517 7004
1485 1518 7003
1484 1519 7002
1483 1520 7001
1482 1521 7000
1481 1522 6999
1480 1523 6998
1479 1524 6997
1478 1525 6996
1477 1526 6995
1476 1527 6994
1475 1528 6993
1474 1529 6992
1473 1530 6991
1472 1531 6990
1471 1532 6989
1470 1533 6988
1469 1534 6987
1468 1535 6986
1467 1536 6985
1466 1537 6984
1465 1538 6983
1464 1539 6982
1463 1540 6981
1462 1541 6980
1461 1542 6979
1460 1543 6978
1459 1544 6977
1458 1545 6976
1457 1546 6975
1456 1547 6974
1455 1548 6973
1454 1549 6972
1453 1550 6971
1452 1551 6970
1451 1552 6969
1450 1553 6968
1449 1554 6967
1448 1555 6966
1447 1556 6965
1446 1557 6964
1445 1558 6963
1444 1559 6962
1443 1560 6961
1442 1561 6960
1441 1562 6959
1440 1563 6958
1439 1564 6957
1438 1565 6956
1437 1566 6955
1436 1567 6954
1435 1568 6953
1434 1569 6952
1433 1570 6951
1432 1571 6950
1431 1572 6949
1430 1573 6948
1429 1574 6947
1428 1575 6946
1427 1576 6945
1426 1577 6944
1425 1578 6943
1424 1579 6942
1423 1580 6941
1422 1581 6940
1421 1582 6939
1420 1583 6938
1419 1584 6937
1418 1585 6936
1417 1586 6935
1416 1587 6934
1415 1588 6933
1414 1589 6932
1413 1590 6931
1412 1591 6930
1411 1592 6929
1410 1593 6928
1409 1594 6927
1408 1595 6926
1407 1596 6925
1406 1597 6924
1405 1598 6923
1404 1599 6922
1403 1600 6921
1402 1601 6920
1401 1602 6919
1400 1603 6918
1399 1604 6917
1398 1605 6916
1397 1606 6915
1396 1607 6914
1395 1608 6913
1394 1609 6912
1393 1610 6911
1392 1611 6910
1391 1612 6909
1390 1613 6908
1389 1614 6907
1388 1615 6906
1387 1616 6905
1386 1617 6904
1385 1618 6903
1384 1619 6902
1383 1620 6901
1382 1621 6900
1381 1622 6899
1380 1623 6898
1379 1624 6897
1378 1625 6896
1377 1626 6895
1376 1627 6894
1375 1628 6893
1374 1629 6892
1373 1630 6891
1372 1631 6890
1371 1632 6889
1370 1633 6888
1369 1634 6887
1368 1635 6886
1367 1636 6885
1366 1637 6884
1365 1638 6883
1364 1639 6882
1363 1640 6881
1362 1641 6880
1361 1642 6879
1360 1643 6878
1359 1644 6877
1358 1645 6876
1357 1646 6875
1356 1647 6874
1355 1648 6873
1354 1649 6872
1353 1650 6871
1352 1651 6870
1351 1652 6869
1350 1653 6868
1349 1654 6867
1348 1655 6866
1347 1656 6865
1346 1657 6864
1345 1658 6863
1344 1659 6862
1343 1660 6861
1342 1661 6860
1341 1662 6859
1340 1663 6858
1339 1664 6857
1338 1665 6856
1337 1666 6855
1336 1667 6854
1335 1668 6853
1334 1669 6852
1333 1670 6851
1332 1671 6850
1331 1672 6849
1330 1673 6848
1329 1674 6847
1328 1675 6846
1327 1676 6845
1326 1677 6844
1325 1678 6843
1324 1679 6842
1323 1680 6841
1322 1681 6840
1321 1682 6839
1320 1683 6838
1319 1684 6837
1318 1685 6836
1317 1686 6835
1316 1687 6834
1315 1688 6833
1314 1689 6832
1313 1690 6831
1312 1691 6830
1311 1692 6829
1310 1693 6828
1309 1694 6827
1308 1695 6826
1307 1696 6825
1306 1697 6824
1305 1698 6823
1304 1699 6822
1303 1700 6821
1302 1701 6820
1301 1702 6819
1300 1703 6818
1299 1704 6817
1298 1705 6816
1297 1706 6815
1296 1707 6814
1295 1708 6813
1294 1709 6812
1293 1710 6811
1292 1711 6810
1291 1712 6809
1290 1713 6808
1289 1714 6807
1288 1715 6806
1287 1716 6805
1286 1717 6804
1285 1718 6803
1284 1719 6802
1283 1720 6801
1282 1721 6800
1281 1722 6799
1280 1723 6798
1279 1724 6797
1278 1725 6796
1277 1726 6795
1276 1727 6794
1275 1728 6793
1274 1729 6792
1273 1730 6791
1272 1731 6790
1271 1732 6789
1270 1733 6788
1269 1734 6787
1268 1735 6786
1267 1736 6785
1266 1737 6784
1265 1738 6783
1264 1739 6782
1263 1740 6781
1262 1741 6780
1261 1742 6779
1260 1743 6778
1259 1744 6777
1258 1745 6776
1257 1746 6775
1256 1747 6774
1255 1748 6773
1254 1749 6772
1253 1750 6771
1252 1751 6770
1251 1752 6769
1250 1753 6768
1249 1754 6767
1248 1755 6766
1247 1756 6765
1246 1757 6764
1245 1758 6763
1244 1759 6762
1243 1760 6761
1242 1761 6760
1241 1762 6759
1240 1763 6758
1239 1764 6757
1238 1765 6756
1237 1766 6755
1236 1767 6754
1235 1768 6753
1234 1769 6752
1233 1770 6751
1232 1771 6750
1231 1772 6749
1230 1773 6748
1229 1774 6747
1228 1775 6746
1227 1776 6745
1226 1777 6744
1225 1778 6743
1224 1779 6742
1223 1780 6741
1222 1781 6740
1221 1782 6739
1220 1783 6738
1219 1784 6737
1218 1785 6736
1217 1786 6735
1216 1787 6734
1215 1788 6733
1214 1789 6732
1213 1790 6731
1212 1791 6730
1211 1792 6729
1210 1793 6728
1209 1794 6727
1208 1795 6726
1207 1796 6725
1206 1797 6724
1205 1798 6723
1204 1799 6722
1203 1800 6721
1202 1801 6720
1201 1802 6719
1200 1803 6718
1199 1804 6717
1198 1805 6716
1197 1806 6715
1196 1807 6714
1195 1808 6713
1194 1809 6712
1193 1810 6711
1192 1811 6710
1191 1812 6709
1190 1813 6708
1189 1814 6707
1188 1815 6706
1187 1816 6705
1186 1817 6704
1185 1818 6703
1184 1819 6702
1183 1820 6701
1182 1821 6700
1181 1822 6699
1180 1823 6698
1179 1824 6697
1178 1825 6696
1177 1826 6695
1176 1827 6694
1175 1828 6693
1174 1829 6692
1173 1830 6691
1172 1831 6690
1171 1832 6689
1170 1833 6688
1169 1834 6687
1168 1835 6686
1167 1836 6685
1166 1837 6684
1165 1838 6683
1164 1839 6682
1163 1840 6681
1162 1841 6680
1161 1842 6679
1160 1843 6678
1159 1844 6677
1158 1845 6676
1157 1846 6675
1156 1847 6674
1155 1848 6673
1154 1849 6672
1153 1850 6671
1152 1851 6670
1151 1852 6669
1150 1853 6668
1149 1854 6667
1148 1855 6666
1147 1856 6665
1146 1857 6664
1145 1858 6663
1144 1859 6662
1143 1860 6661
1142 1861 6660
1141 1862 6659
1140 1863 6658
1139 1864 6657
1138 1865 6656
1137 1866 6655
1136 1867 6654
1135 1868 6653
1134 1869 6652
1133 1870 6651
1132 1871 6650
1131 1872 6649
1130 1873 6648
1129 1874 6647
1128 1875 6646
1127 1876 6645
1126 1877 6644
1125 1878 6643
1124 1879 6642
1123 1880 6641
1122 1881 6640
1121 1882 6639
1120 1883 6638
1119 1884 6637
1118 1885 6636
1117 1886 6635
1116 1887 6634
1115 1888 6633
1114 1889 6632
1113 1890 6631
1112 1891 6630
1111 1892 6629
1110 1893 6628
1109 1894 6627
1108 1895 6626
1107 1896 6625
1106 1897 6624
1105 1898 6623
1104 1899 6622
1103 1900 6621
1102 1901 6620
1101 1902 6619
1100 1903 6618
1099 1904 6617
1098 1905 6616
1097 1906 6615
1096 1907 6614
1095 1908 6613
1094 1909 6612
1093 1910 6611
1092 1911 6610
1091 1912 6609
1090 1913 6608
1089 1914 6607
1088 1915 6606
1087 1916 6605
1086 1917 6604
1085 1918 6603
1084 1919 6602
1083 1920 6601
1082 1921 6600
1081 1922 6599
1080 1923 6598
1079 1924 6597
1078 1925 6596
1077 1926 6595
1076 1927 6594
1075 1928 6593
1074 1929 6592
1073 1930 6591
1072 1931 6590
1071 1932 6589
1070 1933 6588
1069 1934 6587
1068 1935 6586
1067 1936 6585
1066 1937 6584
1065 1938 6583
1064 1939 6582
1063 1940 6581
1062 1941 6580
1061 1942 6579
1060 1943 6578
1059 1944 6577
1058 1945 6576
1057 1946 6575
1056 1947 6574
1055 1948 6573
1054 1949 6572
1053 1950 6571
1052 1951 6570
1051 1952 6569
1050 1953 6568
1049 1954 6567
1048 1955 6566
1047 1956 6565
1046 1957 6564
1045 1958 6563
1044 1959 6562
1043 1960 6561
1042 1961 6560
1041 1962 6559
1040 1963 6558
1039 1964 6557
1038 1965 6556
1037 1966 6555
1036 1967 6554
1035 1968 6553
1034 1969 6552
1033 1970 6551
1032 1971 6550
1031 1972 6549
1030 1973 6548
1029 1974 6547
1028 1975 6546
1027 1976 6545
1026 1977 6544
1025 1978 6543
1024 1979 6542
1023 1980 6541
1022 1981 6540
1021 1982 6539
1020 1983 6538
1019 1984 6537
1018 1985 6536
1017 1986 6535
1016 1987 6534
1015 1988 6533
1014 1989 6532
1013 1990 6531
1012 1991 6530
1011 1992 6529
1010 1993 6528
1009 1994 6527
1008 1995 6526
1007 1996 6525
1006 1997 6524
1005 1998 6523
1004 1999 6522
1003 2000 6521
1002 2001 6520
1001 2002 6519
1000 2003 6518
999 2004 6517
998 2005 6516
997 2006 6515
996 2007 6514
995 2008 6513
994 2009 6512
993 2010 6511
992 2011 6510
991 2012 6509
990 2013 6508
989 2014 6507
988 2015 6506
987 2016 6505
986 2017 6504
985 2018 6503
984 2019 6502
983 2020 6501
982 2021 6500
981 2022 6499
980 2023 6498
979 2024 6497
978 2025 6496
977 2026 6495
976 2027 6494
975 2028 6493
974 2029 6492
973 2030 6491
972 2031 6490
971 2032 6489
970 2033 6488
969 2034 6487
968 2035 6486
967 2036 6485
966 2037 6484
965 2038 6483
964 2039 6482
963 2040 6481
962 2041 6480
961 2042 6479
960 2043 6478
959 2044 6477
958 2045 6476
957 2046 6475
956 2047 6474
955 2048 6473
954 2049 6472
953 2050 6471
952 2051 6470
951 2052 6469
950 2053 6468
949 2054 6467
948 2055 6466
947 2056 6465
946 2057 6464
945 2058 6463
944 2059 6462
943 2060 6461
942 2061 6460
941 2062 6459
940 2063 6458
939 2064 6457
938 2065 6456
937 2066 6455
936 2067 6454
935 2068 6453
934 2069 6452
933 2070 6451
932 2071 6450
931 2072 6449
930 2073 6448
929 2074 6447
928 2075 6446
927 2076 6445
926 2077 6444
925 2078 6443
924 2079 6442
923 2080 6441
922 2081 6440
921 2082 6439
920 2083 6438
919 2084 6437
918 2085 6436
917 2086 6435
916 2087 6434
915 2088 6433
914 2089 6432
913 2090 6431
912 2091 6430
911 2092 6429
910 2093 6428
909 2094 6427
908 2095 6426
907 2096 6425
906 2097 6424
905 2098 6423
904 2099 6422
903 2100 6421
902 2101 6420
901 2102 6419
900 2103 6418
899 2104 6417
898 2105 6416
897 2106 6415
896 2107 6414
895 2108 6413
894 2109 6412
893 2110 6411
892 2111 6410
891 2112 6409
890 2113 6408
889 2114 6407
888 2115 6406
887 2116 6405
886 2117 6404
885 2118 6403
884 2119 6402
883 2120 6401
882 2121 6400
881 2122 6399
880 2123 6398
879 2124 6397
878 2125 6396
877 2126 6395
876 2127 6394
875 2128 6393
874 2129 6392
873 2130 6391
872 2131 6390
871 2132 6389
870 2133 6388
869 2134 6387
868 2135 6386
867 2136 6385
866 2137 6384
865 2138 6383
864 2139 6382
863 2140 6381
862 2141 6380
861 2142 6379
860 2143 6378
859 2144 6377
858 2145 6376
857 2146 6375
856 2147 6374
855 2148 6373
854 2149 6372
853 2150 6371
852 2151 6370
851 2152 6369
850 2153 6368
849 2154 6367
848 2155 6366
847 2156 6365
846 2157 6364
845 2158 6363
844 2159 6362
843 2160 6361
842 2161 6360
841 2162 6359
840 2163 6358
839 2164 6357
838 2165 6356
837 2166 6355
836 2167 6354
835 2168 6353
834 2169 6352
833 2170 6351
832 2171 6350
831 2172 6349
830 2173 6348
829 2174 6347
828 2175 6346
827 2176 6345
826 2177 6344
825 2178 6343
824 2179 6342
823 2180 6341
822 2181 6340
821 2182 6339
820 2183 6338
819 2184 6337
818 2185 6336
817 2186 6335
816 2187 6334
815 2188 6333
814 2189 6332
813 2190 6331
812 2191 6330
811 2192 6329
810 2193 6328
809 2194 6327
808 2195 6326
807 2196 6325
806 2197 6324
805 2198 6323
804 2199 6322
803 2200 6321
802 2201 6320
801 2202 6319
800 2203 6318
799 2204 6317
798 2205 6316
797 2206 6315
796 2207 6314
795 2208 6313
794 2209 6312
793 2210 6311
792 2211 6310
791 2212 6309
790 2213 6308
789 2214 6307
788 2215 6306
787 2216 6305
786 2217 6304
785 2218 6303
784 2219 6302
783 2220 6301
782 2221 6300
781 2222 6299
780 2223 6298
779 2224 6297
778 2225 6296
777 2226 6295
776 2227 6294
775 2228 6293
774 2229 6292
773 2230 6291
772 2231 6290
771 2232 6289
770 2233 6288
769 2234 6287
768 2235 6286
767 2236 6285
766 2237 6284
765 2238 6283
764 2239 6282
763 2240 6281
762 2241 6280
761 2242 6279
760 2243 6278
759 2244 6277
758 2245 6276
757 2246 6275
756 2247 6274
755 2248 6273
754 2249 6272
753 2250 6271
752 2251 6270
751 2252 6269
750 2253 6268
749 2254 6267
748 2255 6266
747 2256 6265
746 2257 6264
745 2258 6263
744 2259 6262
743 2260 6261
742 2261 6260
741 2262 6259
740 2263 6258
739 2264 6257
738 2265 6256
737 2266 6255
736 2267 6254
735 2268 6253
734 2269 6252
733 2270 6251
732 2271 6250
731 2272 6249
730 2273 6248
729 2274 6247
728 2275 6246
727 2276 6245
726 2277 6244
725 2278 6243
724 2279 6242
723 2280 6241
722 2281 6240
721 2282 6239
720 2283 6238
719 2284 6237
718 2285 6236
717 2286 6235
716 2287 6234
715 2288 6233
714 2289 6232
713 2290 6231
712 2291 6230
711 2292 6229
710 2293 6228
709 2294 6227
708 2295 6226
707 2296 6225
706 2297 6224
705 2298 6223
704 2299 6222
703 2300 6221
702 2301 6220
701 2302 6219
700 2303 6218
699 2304 6217
698 2305 6216
697 2306 6215
696 2307 6214
695 2308 6213
694 2309 6212
693 2310 6211
692 2311 6210
691 2312 6209
690 2313 6208
689 2314 6207
688 2315 6206
687 2316 6205
686 2317 6204
685 2318 6203
684 2319 6202
683 2320 6201
682 2321 6200
681 2322 6199
680 2323 6198
679 2324 6197
678 2325 6196
677 2326 6195
676 2327 6194
675 2328 6193
674 2329 6192
673 2330 6191
672 2331 6190
671 2332 6189
670 2333 6188
669 2334 6187
668 2335 6186
667 2336 6185
666 2337 6184
665 2338 6183
664 2339 6182
663 2340 6181
662 2341 6180
661 2342 6179
660 2343 6178
659 2344 6177
658 2345 6176
657 2346 6175
656 2347 6174
655 2348 6173
654 2349 6172
653 2350 6171
652 2351 6170
651 2352 6169
650 2353 6168
649 2354 6167
648 2355 6166
647 2356 6165
646 2357 6164
645 2358 6163
644 2359 6162
643 2360 6161
642 2361 6160
641 2362 6159
640 2363 6158
639 2364 6157
638 2365 6156
637 2366 6155
636 2367 6154
635 2368 6153
634 2369 6152
633 2370 6151
632 2371 6150
631 2372 6149
630 2373 6148
629 2374 6147
628 2375 6146
627 2376 6145
626 2377 6144
625 2378 6143
624 2379 6142
623 2380 6141
622 2381 6140
621 2382 6139
620 2383 6138
619 2384 6137
618 2385 6136
617 2386 6135
616 2387 6134
615 2388 6133
614 2389 6132
613 2390 6131
612 2391 6130
611 2392 6129
610 2393 6128
609 2394 6127
608 2395 6126
607 2396 6125
606 2397 6124
605 2398 6123
604 2399 6122
603 2400 6121
602 2401 6120
601 2402 6119
600 2403 6118
599 2404 6117
598 2405 6116
597 2406 6115
596 2407 6114
595 2408 6113
594 2409 6112
593 2410 6111
592 2411 6110
591 2412 6109
590 2413 6108
589 2414 6107
588 2415 6106
587 2416 6105
586 2417 6104
585 2418 6103
584 2419 6102
583 2420 6101
582 2421 6100
581 2422 6099
580 2423 6098
579 2424 6097
578 2425 6096
577 2426 6095
576 2427 6094
575 2428 6093
574 2429 6092
573 2430 6091
572 2431 6090
571 2432 6089
570 2433 6088
569 2434 6087
568 2435 6086
567 2436 6085
566 2437 6084
565 2438 6083
564 2439 6082
563 2440 6081
562 2441 6080
561 2442 6079
560 2443 6078
559 2444 6077
558 2445 6076
557 2446 6075
556 2447 6074
555 2448 6073
554 2449 6072
553 2450 6071
552 2451 6070
551 2452 6069
550 2453 6068
549 2454 6067
548 2455 6066
547 2456 6065
546 2457 6064
545 2458 6063
544 2459 6062
543 2460 6061
542 2461 6060
541 2462 6059
540 2463 6058
539 2464 6057
538 2465 6056
537 2466 6055
536 2467 6054
535 2468 6053
534 2469 6052
533 2470 6051
532 2471 6050
531 2472 6049
530 2473 6048
529 2474 6047
528 2475 6046
527 2476 6045
526 2477 6044
525 2478 6043
524 2479 6042
523 2480 6041
522 2481 6040
521 2482 6039
520 2483 6038
519 2484 6037
518 2485 6036
517 2486 6035
516 2487 6034
515 2488 6033
514 2489 6032
513 2490 6031
512 2491 6030
511 2492 6029
510 2493 6028
509 2494 6027
508 2495 6026
507 2496 6025
506 2497 6024
505 2498 6023
504 2499 6022
503 2500 6021
502 2501 6020
501 2502 6019
500 2503 6018
499 2504 6017
498 2505 6016
497 2506 6015
496 2507 6014
495 2508 6013
494 2509 6012
493 2510 6011
492 2511 6010
491 2512 6009
490 2513 6008
489 2514 6007
488 2515 6006
487 2516 6005
486 2517 6004
485 2518 6003
484 2519 6002
483 2520 6001
