1151
3000 3 7151
2999 4 7150
2998 5 7149
2997 6 7148
2996 7 7147
2995 8 7146
2994 9 7145
2993 10 7144
2992 11 7143
2991 12 7142
2990 13 7141
2989 14 7140
2988 15 7139
2987 16 7138
2986 17 7137
2985 18 7136
2984 19 7135
2983 20 7134
2982 21 7133
2981 22 7132
2980 23 7131
2979 24 7130
2978 25 7129
2977 26 7128
2976 27 7127
2975 28 7126
2974 29 7125
2973 30 7124
2972 31 7123
2971 32 7122
2970 33 7121
2969 34 7120
2968 35 7119
2967 36 7118
2966 37 7117
2965 38 7116
2964 39 7115
2963 40 7114
2962 41 7113
2961 42 7112
2960 43 7111
2959 44 7110
2958 45 7109
2957 46 7108
2956 47 7107
2955 48 7106
2954 49 7105
2953 50 7104
2952 51 7103
2951 52 7102
2950 53 7101
2949 54 7100
2948 55 7099
2947 56 7098
2946 57 7097
2945 58 7096
2944 59 7095
2943 60 7094
2942 61 7093
2941 62 7092
2940 63 7091
2939 64 7090
2938 65 7089
2937 66 7088
2936 67 7087
2935 68 7086
2934 69 7085
2933 70 7084
2932 71 7083
2931 72 7082
2930 73 7081
2929 74 7080
2928 75 7079
2927 76 7078
2926 77 7077
2925 78 7076
2924 79 7075
2923 80 7074
2922 81 7073
2921 82 7072
2920 83 7071
2919 84 7070
2918 85 7069
2917 86 7068
2916 87 7067
2915 88 7066
2914 89 7065
2913 90 7064
2912 91 7063
2911 92 7062
2910 93 7061
2909 94 7060
2908 95 7059
2907 96 7058
2906 97 7057
2905 98 7056
2904 99 7055
2903 100 7054
2902 101 7053
2901 102 7052
2900 103 7051
2899 104 7050
2898 105 7049
2897 106 7048
2896 107 7047
2895 108 7046
2894 109 7045
2893 110 7044
2892 111 7043
2891 112 7042
2890 113 7041
2889 114 7040
2888 115 7039
2887 116 7038
2886 117 7037
2885 118 7036
2884 119 7035
2883 120 7034
2882 121 7033
2881 122 7032
2880 123 7031
2879 124 7030
2878 125 7029
2877 126 7028
2876 127 7027
2875 128 7026
2874 129 7025
2873 130 7024
2872 131 7023
2871 132 7022
2870 133 7021
2869 134 7020
2868 135 7019
2867 136 7018
2866 137 7017
2865 138 7016
2864 139 7015
2863 140 7014
2862 141 7013
2861 142 7012
2860 143 7011
2859 144 7010
2858 145 7009
2857 146 7008
2856 147 7007
2855 148 7006
2854 149 7005
2853 150 7004
2852 151 7003
2851 152 7002
2850 153 7001
2849 154 7000
2848 155 6999
2847 156 6998
2846 157 6997
2845 158 6996
2844 159 6995
2843 160 6994
2842 161 6993
2841 162 6992
2840 163 6991
2839 164 6990
2838 165 6989
2837 166 6988
2836 167 6987
2835 168 6986
2834 169 6985
2833 170 6984
2832 171 6983
2831 172 6982
2830 173 6981
2829 174 6980
2828 175 6979
2827 176 6978
2826 177 6977
2825 178 6976
2824 179 6975
2823 180 6974
2822 181 6973
2821 182 6972
2820 183 6971
2819 184 6970
2818 185 6969
2817 186 6968
2816 187 6967
2815 188 6966
2814 189 6965
2813 190 6964
2812 191 6963
2811 192 6962
2810 193 6961
2809 194 6960
2808 195 6959
2807 196 6958
2806 197 6957
2805 198 6956
2804 199 6955
2803 200 6954
2802 201 6953
2801 202 6952
2800 203 6951
2799 204 6950
2798 205 6949
2797 206 6948
2796 207 6947
2795 208 6946
2794 209 6945
2793 210 6944
2792 211 6943
2791 212 6942
2790 213 6941
2789 214 6940
2788 215 6939
2787 216 6938
2786 217 6937
2785 218 6936
2784 219 6935
2783 220 6934
2782 221 6933
2781 222 6932
2780 223 6931
2779 224 6930
2778 225 6929
2777 226 6928
2776 227 6927
2775 228 6926
2774 229 6925
2773 230 6924
2772 231 6923
2771 232 6922
2770 233 6921
2769 234 6920
2768 235 6919
2767 236 6918
2766 237 6917
2765 238 6916
2764 239 6915
2763 240 6914
2762 241 6913
2761 242 6912
2760 243 6911
2759 244 6910
2758 245 6909
2757 246 6908
2756 247 6907
2755 248 6906
2754 249 6905
2753 250 6904
2752 251 6903
2751 252 6902
2750 253 6901
2749 254 6900
2748 255 6899
2747 256 6898
2746 257 6897
2745 258 6896
2744 259 6895
2743 260 6894
2742 261 6893
2741 262 6892
2740 263 6891
2739 264 6890
2738 265 6889
2737 266 6888
2736 267 6887
2735 268 6886
2734 269 6885
2733 270 6884
2732 271 6883
2731 272 6882
2730 273 6881
2729 274 6880
2728 275 6879
2727 276 6878
2726 277 6877
2725 278 6876
2724 279 6875
2723 280 6874
2722 281 6873
2721 282 6872
2720 283 6871
2719 284 6870
2718 285 6869
2717 286 6868
2716 287 6867
2715 288 6866
2714 289 6865
2713 290 6864
2712 291 6863
2711 292 6862
2710 293 6861
2709 294 6860
2708 295 6859
2707 296 6858
2706 297 6857
2705 298 6856
2704 299 6855
2703 300 6854
2702 301 6853
2701 302 6852
2700 303 6851
2699 304 6850
2698 305 6849
2697 306 6848
2696 307 6847
2695 308 6846
2694 309 6845
2693 310 6844
2692 311 6843
2691 312 6842
2690 313 6841
2689 314 6840
2688 315 6839
2687 316 6838
2686 317 6837
2685 318 6836
2684 319 6835
2683 320 6834
2682 321 6833
2681 322 6832
2680 323 6831
2679 324 6830
2678 325 6829
2677 326 6828
2676 327 6827
2675 328 6826
2674 329 6825
2673 330 6824
2672 331 6823
2671 332 6822
2670 333 6821
2669 334 6820
2668 335 6819
2667 336 6818
2666 337 6817
2665 338 6816
2664 339 6815
2663 340 6814
2662 341 6813
2661 342 6812
2660 343 6811
2659 344 6810
2658 345 6809
2657 346 6808
2656 347 6807
2655 348 6806
2654 349 6805
2653 350 6804
2652 351 6803
2651 352 6802
2650 353 6801
2649 354 6800
2648 355 6799
2647 356 6798
2646 357 6797
2645 358 6796
2644 359 6795
2643 360 6794
2642 361 6793
2641 362 6792
2640 363 6791
2639 364 6790
2638 365 6789
2637 366 6788
2636 367 6787
2635 368 6786
2634 369 6785
2633 370 6784
2632 371 6783
2631 372 6782
2630 373 6781
2629 374 6780
2628 375 6779
2627 376 6778
2626 377 6777
2625 378 6776
2624 379 6775
2623 380 6774
2622 381 6773
2621 382 6772
2620 383 6771
2619 384 6770
2618 385 6769
2617 386 6768
2616 387 6767
2615 388 6766
2614 389 6765
2613 390 6764
2612 391 6763
2611 392 6762
2610 393 6761
2609 394 6760
2608 395 6759
2607 396 6758
2606 397 6757
2605 398 6756
2604 399 6755
2603 400 6754
2602 401 6753
2601 402 6752
2600 403 6751
2599 404 6750
2598 405 6749
2597 406 6748
2596 407 6747
2595 408 6746
2594 409 6745
2593 410 6744
2592 411 6743
2591 412 6742
2590 413 6741
2589 414 6740
2588 415 6739
2587 416 6738
2586 417 6737
2585 418 6736
2584 419 6735
2583 420 6734
2582 421 6733
2581 422 6732
2580 423 6731
2579 424 6730
2578 425 6729
2577 426 6728
2576 427 6727
2575 428 6726
2574 429 6725
2573 430 6724
2572 431 6723
2571 432 6722
2570 433 6721
2569 434 6720
2568 435 6719
2567 436 6718
2566 437 6717
2565 438 6716
2564 439 6715
2563 440 6714
2562 441 6713
2561 442 6712
2560 443 6711
2559 444 6710
2558 445 6709
2557 446 6708
2556 447 6707
2555 448 6706
2554 449 6705
2553 450 6704
2552 451 6703
2551 452 6702
2550 453 6701
2549 454 6700
2548 455 6699
2547 456 6698
2546 457 6697
2545 458 6696
2544 459 6695
2543 460 6694
2542 461 6693
2541 462 6692
2540 463 6691
2539 464 6690
2538 465 6689
2537 466 6688
2536 467 6687
2535 468 6686
2534 469 6685
2533 470 6684
2532 471 6683
2531 472 6682
2530 473 6681
2529 474 6680
2528 475 6679
2527 476 6678
2526 477 6677
2525 478 6676
2524 479 6675
2523 480 6674
2522 481 6673
2521 482 6672
2520 483 6671
2519 484 6670
2518 485 6669
2517 486 6668
2516 487 6667
2515 488 6666
2514 489 6665
2513 490 6664
2512 491 6663
2511 492 6662
2510 493 6661
2509 494 6660
2508 495 6659
2507 496 6658
2506 497 6657
2505 498 6656
2504 499 6655
2503 500 6654
2502 501 6653
2501 502 6652
2500 503 6651
2499 504 6650
2498 505 6649
2497 506 6648
2496 507 6647
2495 508 6646
2494 509 6645
2493 510 6644
2492 511 6643
2491 512 6642
2490 513 6641
2489 514 6640
2488 515 6639
2487 516 6638
2486 517 6637
2485 518 6636
2484 519 6635
2483 520 6634
2482 521 6633
2481 522 6632
2480 523 6631
2479 524 6630
2478 525 6629
2477 526 6628
2476 527 6627
2475 528 6626
2474 529 6625
2473 530 6624
2472 531 6623
2471 532 6622
2470 533 6621
2469 534 6620
2468 535 6619
2467 536 6618
2466 537 6617
2465 538 6616
2464 539 6615
2463 540 6614
2462 541 6613
2461 542 6612
2460 543 6611
2459 544 6610
2458 545 6609
2457 546 6608
2456 547 6607
2455 548 6606
2454 549 6605
2453 550 6604
2452 551 6603
2451 552 6602
2450 553 6601
2449 554 6600
2448 555 6599
2447 556 6598
2446 557 6597
2445 558 6596
2444 559 6595
2443 560 6594
2442 561 6593
2441 562 6592
2440 563 6591
2439 564 6590
2438 565 6589
2437 566 6588
2436 567 6587
2435 568 6586
2434 569 6585
2433 570 6584
2432 571 6583
2431 572 6582
2430 573 6581
2429 574 6580
2428 575 6579
2427 576 6578
2426 577 6577
2425 578 6576
2424 579 6575
2423 580 6574
2422 581 6573
2421 582 6572
2420 583 6571
2419 584 6570
2418 585 6569
2417 586 6568
2416 587 6567
2415 588 6566
2414 589 6565
2413 590 6564
2412 591 6563
2411 592 6562
2410 593 6561
2409 594 6560
2408 595 6559
2407 596 6558
2406 597 6557
2405 598 6556
2404 599 6555
2403 600 6554
2402 601 6553
2401 602 6552
2400 603 6551
2399 604 6550
2398 605 6549
2397 606 6548
2396 607 6547
2395 608 6546
2394 609 6545
2393 610 6544
2392 611 6543
2391 612 6542
2390 613 6541
2389 614 6540
2388 615 6539
2387 616 6538
2386 617 6537
2385 618 6536
2384 619 6535
2383 620 6534
2382 621 6533
2381 622 6532
2380 623 6531
2379 624 6530
2378 625 6529
2377 626 6528
2376 627 6527
2375 628 6526
2374 629 6525
2373 630 6524
2372 631 6523
2371 632 6522
2370 633 6521
2369 634 6520
2368 635 6519
2367 636 6518
2366 637 6517
2365 638 6516
2364 639 6515
2363 640 6514
2362 641 6513
2361 642 6512
2360 643 6511
2359 644 6510
2358 645 6509
2357 646 6508
2356 647 6507
2355 648 6506
2354 649 6505
2353 650 6504
2352 651 6503
2351 652 6502
2350 653 6501
2349 654 6500
2348 655 6499
2347 656 6498
2346 657 6497
2345 658 6496
2344 659 6495
2343 660 6494
2342 661 6493
2341 662 6492
2340 663 6491
2339 664 6490
2338 665 6489
2337 666 6488
2336 667 6487
2335 668 6486
2334 669 6485
2333 670 6484
2332 671 6483
2331 672 6482
2330 673 6481
2329 674 6480
2328 675 6479
2327 676 6478
2326 677 6477
2325 678 6476
2324 679 6475
2323 680 6474
2322 681 6473
2321 682 6472
2320 683 6471
2319 684 6470
2318 685 6469
2317 686 6468
2316 687 6467
2315 688 6466
2314 689 6465
2313 690 6464
2312 691 6463
2311 692 6462
2310 693 6461
2309 694 6460
2308 695 6459
2307 696 6458
2306 697 6457
2305 698 6456
2304 699 6455
2303 700 6454
2302 701 6453
2301 702 6452
2300 703 6451
2299 704 6450
2298 705 6449
2297 706 6448
2296 707 6447
2295 708 6446
2294 709 6445
2293 710 6444
2292 711 6443
2291 712 6442
2290 713 6441
2289 714 6440
2288 715 6439
2287 716 6438
2286 717 6437
2285 718 6436
2284 719 6435
2283 720 6434
2282 721 6433
2281 722 6432
2280 723 6431
2279 724 6430
2278 725 6429
2277 726 6428
2276 727 6427
2275 728 6426
2274 729 6425
2273 730 6424
2272 731 6423
2271 732 6422
2270 733 6421
2269 734 6420
2268 735 6419
2267 736 6418
2266 737 6417
2265 738 6416
2264 739 6415
2263 740 6414
2262 741 6413
2261 742 6412
2260 743 6411
2259 744 6410
2258 745 6409
2257 746 6408
2256 747 6407
2255 748 6406
2254 749 6405
2253 750 6404
2252 751 6403
2251 752 6402
2250 753 6401
2249 754 6400
2248 755 6399
2247 756 6398
2246 757 6397
2245 758 6396
2244 759 6395
2243 760 6394
2242 761 6393
2241 762 6392
2240 763 6391
2239 764 6390
2238 765 6389
2237 766 6388
2236 767 6387
2235 768 6386
2234 769 6385
2233 770 6384
2232 771 6383
2231 772 6382
2230 773 6381
2229 774 6380
2228 775 6379
2227 776 6378
2226 777 6377
2225 778 6376
2224 779 6375
2223 780 6374
2222 781 6373
2221 782 6372
2220 783 6371
2219 784 6370
2218 785 6369
2217 786 6368
2216 787 6367
2215 788 6366
2214 789 6365
2213 790 6364
2212 791 6363
2211 792 6362
2210 793 6361
2209 794 6360
2208 795 6359
2207 796 6358
2206 797 6357
2205 798 6356
2204 799 6355
2203 800 6354
2202 801 6353
2201 802 6352
2200 803 6351
2199 804 6350
2198 805 6349
2197 806 6348
2196 807 6347
2195 808 6346
2194 809 6345
2193 810 6344
2192 811 6343
2191 812 6342
2190 813 6341
2189 814 6340
2188 815 6339
2187 816 6338
2186 817 6337
2185 818 6336
2184 819 6335
2183 820 6334
2182 821 6333
2181 822 6332
2180 823 6331
2179 824 6330
2178 825 6329
2177 826 6328
2176 827 6327
2175 828 6326
2174 829 6325
2173 830 6324
2172 831 6323
2171 832 6322
2170 833 6321
2169 834 6320
2168 835 6319
2167 836 6318
2166 837 6317
2165 838 6316
2164 839 6315
2163 840 6314
2162 841 6313
2161 842 6312
2160 843 6311
2159 844 6310
2158 845 6309
2157 846 6308
2156 847 6307
2155 848 6306
2154 849 6305
2153 850 6304
2152 851 6303
2151 852 6302
2150 853 6301
2149 854 6300
2148 855 6299
2147 856 6298
2146 857 6297
2145 858 6296
2144 859 6295
2143 860 6294
2142 861 6293
2141 862 6292
2140 863 6291
2139 864 6290
2138 865 6289
2137 866 6288
2136 867 6287
2135 868 6286
2134 869 6285
2133 870 6284
2132 871 6283
2131 872 6282
2130 873 6281
2129 874 6280
2128 875 6279
2127 876 6278
2126 877 6277
2125 878 6276
2124 879 6275
2123 880 6274
2122 881 6273
2121 882 6272
2120 883 6271
2119 884 6270
2118 885 6269
2117 886 6268
2116 887 6267
2115 888 6266
2114 889 6265
2113 890 6264
2112 891 6263
2111 892 6262
2110 893 6261
2109 894 6260
2108 895 6259
2107 896 6258
2106 897 6257
2105 898 6256
2104 899 6255
2103 900 6254
2102 901 6253
2101 902 6252
2100 903 6251
2099 904 6250
2098 905 6249
2097 906 6248
2096 907 6247
2095 908 6246
2094 909 6245
2093 910 6244
2092 911 6243
2091 912 6242
2090 913 6241
2089 914 6240
2088 915 6239
2087 916 6238
2086 917 6237
2085 918 6236
2084 919 6235
2083 920 6234
2082 921 6233
2081 922 6232
2080 923 6231
2079 924 6230
2078 925 6229
2077 926 6228
2076 927 6227
2075 928 6226
2074 929 6225
2073 930 6224
2072 931 6223
2071 932 6222
2070 933 6221
2069 934 6220
2068 935 6219
2067 936 6218
2066 937 6217
2065 938 6216
2064 939 6215
2063 940 6214
2062 941 6213
2061 942 6212
2060 943 6211
2059 944 6210
2058 945 6209
2057 946 6208
2056 947 6207
2055 948 6206
2054 949 6205
2053 950 6204
2052 951 6203
2051 952 6202
2050 953 6201
2049 954 6200
2048 955 6199
2047 956 6198
2046 957 6197
2045 958 6196
2044 959 6195
2043 960 6194
2042 961 6193
2041 962 6192
2040 963 6191
2039 964 6190
2038 965 6189
2037 966 6188
2036 967 6187
2035 968 6186
2034 969 6185
2033 970 6184
2032 971 6183
2031 972 6182
2030 973 6181
2029 974 6180
2028 975 6179
2027 976 6178
2026 977 6177
2025 978 6176
2024 979 6175
2023 980 6174
2022 981 6173
2021 982 6172
2020 983 6171
2019 984 6170
2018 985 6169
2017 986 6168
2016 987 6167
2015 988 6166
2014 989 6165
2013 990 6164
2012 991 6163
2011 992 6162
2010 993 6161
2009 994 6160
2008 995 6159
2007 996 6158
2006 997 6157
2005 998 6156
2004 999 6155
2003 1000 6154
2002 1001 6153
2001 1002 6152
2000 1003 6151
1999 1004 6150
1998 1005 6149
1997 1006 6148
1996 1007 6147
1995 1008 6146
1994 1009 6145
1993 1010 6144
1992 1011 6143
1991 1012 6142
1990 1013 6141
1989 1014 6140
1988 1015 6139
1987 1016 6138
1986 1017 6137
1985 1018 6136
1984 1019 6135
1983 1020 6134
1982 1021 6133
1981 1022 6132
1980 1023 6131
1979 1024 6130
1978 1025 6129
1977 1026 6128
1976 1027 6127
1975 1028 6126
1974 1029 6125
1973 1030 6124
1972 1031 6123
1971 1032 6122
1970 1033 6121
1969 1034 6120
1968 1035 6119
1967 1036 6118
1966 1037 6117
1965 1038 6116
1964 1039 6115
1963 1040 6114
1962 1041 6113
1961 1042 6112
1960 1043 6111
1959 1044 6110
1958 1045 6109
1957 1046 6108
1956 1047 6107
1955 1048 6106
1954 1049 6105
1953 1050 6104
1952 1051 6103
1951 1052 6102
1950 1053 6101
1949 1054 6100
1948 1055 6099
1947 1056 6098
1946 1057 6097
1945 1058 6096
1944 1059 6095
1943 1060 6094
1942 1061 6093
1941 1062 6092
1940 1063 6091
1939 1064 6090
1938 1065 6089
1937 1066 6088
1936 1067 6087
1935 1068 6086
1934 1069 6085
1933 1070 6084
1932 1071 6083
1931 1072 6082
1930 1073 6081
1929 1074 6080
1928 1075 6079
1927 1076 6078
1926 1077 6077
1925 1078 6076
1924 1079 6075
1923 1080 6074
1922 1081 6073
1921 1082 6072
1920 1083 6071
1919 1084 6070
1918 1085 6069
1917 1086 6068
1916 1087 6067
1915 1088 6066
1914 1089 6065
1913 1090 6064
1912 1091 6063
1911 1092 6062
1910 1093 6061
1909 1094 6060
1908 1095 6059
1907 1096 6058
1906 1097 6057
1905 1098 6056
1904 1099 6055
1903 1100 6054
1902 1101 6053
1901 1102 6052
1900 1103 6051
1899 1104 6050
1898 1105 6049
1897 1106 6048
1896 1107 6047
1895 1108 6046
1894 1109 6045
1893 1110 6044
1892 1111 6043
1891 1112 6042
1890 1113 6041
1889 1114 6040
1888 1115 6039
1887 1116 6038
1886 1117 6037
1885 1118 6036
1884 1119 6035
1883 1120 6034
1882 1121 6033
1881 1122 6032
1880 1123 6031
1879 1124 6030
1878 1125 6029
1877 1126 6028
1876 1127 6027
1875 1128 6026
1874 1129 6025
1873 1130 6024
1872 1131 6023
1871 1132 6022
1870 1133 6021
1869 1134 6020
1868 1135 6019
1867 1136 6018
1866 1137 6017
1865 1138 6016
1864 1139 6015
1863 1140 6014
1862 1141 6013
1861 1142 6012
1860 1143 6011
1859 1144 6010
1858 1145 6009
1857 1146 6008
1856 1147 6007
1855 1148 6006
1854 1149 6005
1853 1150 6004
1852 1151 6003
1851 1152 6002
1850 1153 6001
