2331
3000 3 8331
2999 4 8330
2998 5 8329
2997 6 8328
2996 7 8327
2995 8 8326
2994 9 8325
2993 10 8324
2992 11 8323
2991 12 8322
2990 13 8321
2989 14 8320
2988 15 8319
2987 16 8318
2986 17 8317
2985 18 8316
2984 19 8315
2983 20 8314
2982 21 8313
2981 22 8312
2980 23 8311
2979 24 8310
2978 25 8309
2977 26 8308
2976 27 8307
2975 28 8306
2974 29 8305
2973 30 8304
2972 31 8303
2971 32 8302
2970 33 8301
2969 34 8300
2968 35 8299
2967 36 8298
2966 37 8297
2965 38 8296
2964 39 8295
2963 40 8294
2962 41 8293
2961 42 8292
2960 43 8291
2959 44 8290
2958 45 8289
2957 46 8288
2956 47 8287
2955 48 8286
2954 49 8285
2953 50 8284
2952 51 8283
2951 52 8282
2950 53 8281
2949 54 8280
2948 55 8279
2947 56 8278
2946 57 8277
2945 58 8276
2944 59 8275
2943 60 8274
2942 61 8273
2941 62 8272
2940 63 8271
2939 64 8270
2938 65 8269
2937 66 8268
2936 67 8267
2935 68 8266
2934 69 8265
2933 70 8264
2932 71 8263
2931 72 8262
2930 73 8261
2929 74 8260
2928 75 8259
2927 76 8258
2926 77 8257
2925 78 8256
2924 79 8255
2923 80 8254
2922 81 8253
2921 82 8252
2920 83 8251
2919 84 8250
2918 85 8249
2917 86 8248
2916 87 8247
2915 88 8246
2914 89 8245
2913 90 8244
2912 91 8243
2911 92 8242
2910 93 8241
2909 94 8240
2908 95 8239
2907 96 8238
2906 97 8237
2905 98 8236
2904 99 8235
2903 100 8234
2902 101 8233
2901 102 8232
2900 103 8231
2899 104 8230
2898 105 8229
2897 106 8228
2896 107 8227
2895 108 8226
2894 109 8225
2893 110 8224
2892 111 8223
2891 112 8222
2890 113 8221
2889 114 8220
2888 115 8219
2887 116 8218
2886 117 8217
2885 118 8216
2884 119 8215
2883 120 8214
2882 121 8213
2881 122 8212
2880 123 8211
2879 124 8210
2878 125 8209
2877 126 8208
2876 127 8207
2875 128 8206
2874 129 8205
2873 130 8204
2872 131 8203
2871 132 8202
2870 133 8201
2869 134 8200
2868 135 8199
2867 136 8198
2866 137 8197
2865 138 8196
2864 139 8195
2863 140 8194
2862 141 8193
2861 142 8192
2860 143 8191
2859 144 8190
2858 145 8189
2857 146 8188
2856 147 8187
2855 148 8186
2854 149 8185
2853 150 8184
2852 151 8183
2851 152 8182
2850 153 8181
2849 154 8180
2848 155 8179
2847 156 8178
2846 157 8177
2845 158 8176
2844 159 8175
2843 160 8174
2842 161 8173
2841 162 8172
2840 163 8171
2839 164 8170
2838 165 8169
2837 166 8168
2836 167 8167
2835 168 8166
2834 169 8165
2833 170 8164
2832 171 8163
2831 172 8162
2830 173 8161
2829 174 8160
2828 175 8159
2827 176 8158
2826 177 8157
2825 178 8156
2824 179 8155
2823 180 8154
2822 181 8153
2821 182 8152
2820 183 8151
2819 184 8150
2818 185 8149
2817 186 8148
2816 187 8147
2815 188 8146
2814 189 8145
2813 190 8144
2812 191 8143
2811 192 8142
2810 193 8141
2809 194 8140
2808 195 8139
2807 196 8138
2806 197 8137
2805 198 8136
2804 199 8135
2803 200 8134
2802 201 8133
2801 202 8132
2800 203 8131
2799 204 8130
2798 205 8129
2797 206 8128
2796 207 8127
2795 208 8126
2794 209 8125
2793 210 8124
2792 211 8123
2791 212 8122
2790 213 8121
2789 214 8120
2788 215 8119
2787 216 8118
2786 217 8117
2785 218 8116
2784 219 8115
2783 220 8114
2782 221 8113
2781 222 8112
2780 223 8111
2779 224 8110
2778 225 8109
2777 226 8108
2776 227 8107
2775 228 8106
2774 229 8105
2773 230 8104
2772 231 8103
2771 232 8102
2770 233 8101
2769 234 8100
2768 235 8099
2767 236 8098
2766 237 8097
2765 238 8096
2764 239 8095
2763 240 8094
2762 241 8093
2761 242 8092
2760 243 8091
2759 244 8090
2758 245 8089
2757 246 8088
2756 247 8087
2755 248 8086
2754 249 8085
2753 250 8084
2752 251 8083
2751 252 8082
2750 253 8081
2749 254 8080
2748 255 8079
2747 256 8078
2746 257 8077
2745 258 8076
2744 259 8075
2743 260 8074
2742 261 8073
2741 262 8072
2740 263 8071
2739 264 8070
2738 265 8069
2737 266 8068
2736 267 8067
2735 268 8066
2734 269 8065
2733 270 8064
2732 271 8063
2731 272 8062
2730 273 8061
2729 274 8060
2728 275 8059
2727 276 8058
2726 277 8057
2725 278 8056
2724 279 8055
2723 280 8054
2722 281 8053
2721 282 8052
2720 283 8051
2719 284 8050
2718 285 8049
2717 286 8048
2716 287 8047
2715 288 8046
2714 289 8045
2713 290 8044
2712 291 8043
2711 292 8042
2710 293 8041
2709 294 8040
2708 295 8039
2707 296 8038
2706 297 8037
2705 298 8036
2704 299 8035
2703 300 8034
2702 301 8033
2701 302 8032
2700 303 8031
2699 304 8030
2698 305 8029
2697 306 8028
2696 307 8027
2695 308 8026
2694 309 8025
2693 310 8024
2692 311 8023
2691 312 8022
2690 313 8021
2689 314 8020
2688 315 8019
2687 316 8018
2686 317 8017
2685 318 8016
2684 319 8015
2683 320 8014
2682 321 8013
2681 322 8012
2680 323 8011
2679 324 8010
2678 325 8009
2677 326 8008
2676 327 8007
2675 328 8006
2674 329 8005
2673 330 8004
2672 331 8003
2671 332 8002
2670 333 8001
2669 334 8000
2668 335 7999
2667 336 7998
2666 337 7997
2665 338 7996
2664 339 7995
2663 340 7994
2662 341 7993
2661 342 7992
2660 343 7991
2659 344 7990
2658 345 7989
2657 346 7988
2656 347 7987
2655 348 7986
2654 349 7985
2653 350 7984
2652 351 7983
2651 352 7982
2650 353 7981
2649 354 7980
2648 355 7979
2647 356 7978
2646 357 7977
2645 358 7976
2644 359 7975
2643 360 7974
2642 361 7973
2641 362 7972
2640 363 7971
2639 364 7970
2638 365 7969
2637 366 7968
2636 367 7967
2635 368 7966
2634 369 7965
2633 370 7964
2632 371 7963
2631 372 7962
2630 373 7961
2629 374 7960
2628 375 7959
2627 376 7958
2626 377 7957
2625 378 7956
2624 379 7955
2623 380 7954
2622 381 7953
2621 382 7952
2620 383 7951
2619 384 7950
2618 385 7949
2617 386 7948
2616 387 7947
2615 388 7946
2614 389 7945
2613 390 7944
2612 391 7943
2611 392 7942
2610 393 7941
2609 394 7940
2608 395 7939
2607 396 7938
2606 397 7937
2605 398 7936
2604 399 7935
2603 400 7934
2602 401 7933
2601 402 7932
2600 403 7931
2599 404 7930
2598 405 7929
2597 406 7928
2596 407 7927
2595 408 7926
2594 409 7925
2593 410 7924
2592 411 7923
2591 412 7922
2590 413 7921
2589 414 7920
2588 415 7919
2587 416 7918
2586 417 7917
2585 418 7916
2584 419 7915
2583 420 7914
2582 421 7913
2581 422 7912
2580 423 7911
2579 424 7910
2578 425 7909
2577 426 7908
2576 427 7907
2575 428 7906
2574 429 7905
2573 430 7904
2572 431 7903
2571 432 7902
2570 433 7901
2569 434 7900
2568 435 7899
2567 436 7898
2566 437 7897
2565 438 7896
2564 439 7895
2563 440 7894
2562 441 7893
2561 442 7892
2560 443 7891
2559 444 7890
2558 445 7889
2557 446 7888
2556 447 7887
2555 448 7886
2554 449 7885
2553 450 7884
2552 451 7883
2551 452 7882
2550 453 7881
2549 454 7880
2548 455 7879
2547 456 7878
2546 457 7877
2545 458 7876
2544 459 7875
2543 460 7874
2542 461 7873
2541 462 7872
2540 463 7871
2539 464 7870
2538 465 7869
2537 466 7868
2536 467 7867
2535 468 7866
2534 469 7865
2533 470 7864
2532 471 7863
2531 472 7862
2530 473 7861
2529 474 7860
2528 475 7859
2527 476 7858
2526 477 7857
2525 478 7856
2524 479 7855
2523 480 7854
2522 481 7853
2521 482 7852
2520 483 7851
2519 484 7850
2518 485 7849
2517 486 7848
2516 487 7847
2515 488 7846
2514 489 7845
2513 490 7844
2512 491 7843
2511 492 7842
2510 493 7841
2509 494 7840
2508 495 7839
2507 496 7838
2506 497 7837
2505 498 7836
2504 499 7835
2503 500 7834
2502 501 7833
2501 502 7832
2500 503 7831
2499 504 7830
2498 505 7829
2497 506 7828
2496 507 7827
2495 508 7826
2494 509 7825
2493 510 7824
2492 511 7823
2491 512 7822
2490 513 7821
2489 514 7820
2488 515 7819
2487 516 7818
2486 517 7817
2485 518 7816
2484 519 7815
2483 520 7814
2482 521 7813
2481 522 7812
2480 523 7811
2479 524 7810
2478 525 7809
2477 526 7808
2476 527 7807
2475 528 7806
2474 529 7805
2473 530 7804
2472 531 7803
2471 532 7802
2470 533 7801
2469 534 7800
2468 535 7799
2467 536 7798
2466 537 7797
2465 538 7796
2464 539 7795
2463 540 7794
2462 541 7793
2461 542 7792
2460 543 7791
2459 544 7790
2458 545 7789
2457 546 7788
2456 547 7787
2455 548 7786
2454 549 7785
2453 550 7784
2452 551 7783
2451 552 7782
2450 553 7781
2449 554 7780
2448 555 7779
2447 556 7778
2446 557 7777
2445 558 7776
2444 559 7775
2443 560 7774
2442 561 7773
2441 562 7772
2440 563 7771
2439 564 7770
2438 565 7769
2437 566 7768
2436 567 7767
2435 568 7766
2434 569 7765
2433 570 7764
2432 571 7763
2431 572 7762
2430 573 7761
2429 574 7760
2428 575 7759
2427 576 7758
2426 577 7757
2425 578 7756
2424 579 7755
2423 580 7754
2422 581 7753
2421 582 7752
2420 583 7751
2419 584 7750
2418 585 7749
2417 586 7748
2416 587 7747
2415 588 7746
2414 589 7745
2413 590 7744
2412 591 7743
2411 592 7742
2410 593 7741
2409 594 7740
2408 595 7739
2407 596 7738
2406 597 7737
2405 598 7736
2404 599 7735
2403 600 7734
2402 601 7733
2401 602 7732
2400 603 7731
2399 604 7730
2398 605 7729
2397 606 7728
2396 607 7727
2395 608 7726
2394 609 7725
2393 610 7724
2392 611 7723
2391 612 7722
2390 613 7721
2389 614 7720
2388 615 7719
2387 616 7718
2386 617 7717
2385 618 7716
2384 619 7715
2383 620 7714
2382 621 7713
2381 622 7712
2380 623 7711
2379 624 7710
2378 625 7709
2377 626 7708
2376 627 7707
2375 628 7706
2374 629 7705
2373 630 7704
2372 631 7703
2371 632 7702
2370 633 7701
2369 634 7700
2368 635 7699
2367 636 7698
2366 637 7697
2365 638 7696
2364 639 7695
2363 640 7694
2362 641 7693
2361 642 7692
2360 643 7691
2359 644 7690
2358 645 7689
2357 646 7688
2356 647 7687
2355 648 7686
2354 649 7685
2353 650 7684
2352 651 7683
2351 652 7682
2350 653 7681
2349 654 7680
2348 655 7679
2347 656 7678
2346 657 7677
2345 658 7676
2344 659 7675
2343 660 7674
2342 661 7673
2341 662 7672
2340 663 7671
2339 664 7670
2338 665 7669
2337 666 7668
2336 667 7667
2335 668 7666
2334 669 7665
2333 670 7664
2332 671 7663
2331 672 7662
2330 673 7661
2329 674 7660
2328 675 7659
2327 676 7658
2326 677 7657
2325 678 7656
2324 679 7655
2323 680 7654
2322 681 7653
2321 682 7652
2320 683 7651
2319 684 7650
2318 685 7649
2317 686 7648
2316 687 7647
2315 688 7646
2314 689 7645
2313 690 7644
2312 691 7643
2311 692 7642
2310 693 7641
2309 694 7640
2308 695 7639
2307 696 7638
2306 697 7637
2305 698 7636
2304 699 7635
2303 700 7634
2302 701 7633
2301 702 7632
2300 703 7631
2299 704 7630
2298 705 7629
2297 706 7628
2296 707 7627
2295 708 7626
2294 709 7625
2293 710 7624
2292 711 7623
2291 712 7622
2290 713 7621
2289 714 7620
2288 715 7619
2287 716 7618
2286 717 7617
2285 718 7616
2284 719 7615
2283 720 7614
2282 721 7613
2281 722 7612
2280 723 7611
2279 724 7610
2278 725 7609
2277 726 7608
2276 727 7607
2275 728 7606
2274 729 7605
2273 730 7604
2272 731 7603
2271 732 7602
2270 733 7601
2269 734 7600
2268 735 7599
2267 736 7598
2266 737 7597
2265 738 7596
2264 739 7595
2263 740 7594
2262 741 7593
2261 742 7592
2260 743 7591
2259 744 7590
2258 745 7589
2257 746 7588
2256 747 7587
2255 748 7586
2254 749 7585
2253 750 7584
2252 751 7583
2251 752 7582
2250 753 7581
2249 754 7580
2248 755 7579
2247 756 7578
2246 757 7577
2245 758 7576
2244 759 7575
2243 760 7574
2242 761 7573
2241 762 7572
2240 763 7571
2239 764 7570
2238 765 7569
2237 766 7568
2236 767 7567
2235 768 7566
2234 769 7565
2233 770 7564
2232 771 7563
2231 772 7562
2230 773 7561
2229 774 7560
2228 775 7559
2227 776 7558
2226 777 7557
2225 778 7556
2224 779 7555
2223 780 7554
2222 781 7553
2221 782 7552
2220 783 7551
2219 784 7550
2218 785 7549
2217 786 7548
2216 787 7547
2215 788 7546
2214 789 7545
2213 790 7544
2212 791 7543
2211 792 7542
2210 793 7541
2209 794 7540
2208 795 7539
2207 796 7538
2206 797 7537
2205 798 7536
2204 799 7535
2203 800 7534
2202 801 7533
2201 802 7532
2200 803 7531
2199 804 7530
2198 805 7529
2197 806 7528
2196 807 7527
2195 808 7526
2194 809 7525
2193 810 7524
2192 811 7523
2191 812 7522
2190 813 7521
2189 814 7520
2188 815 7519
2187 816 7518
2186 817 7517
2185 818 7516
2184 819 7515
2183 820 7514
2182 821 7513
2181 822 7512
2180 823 7511
2179 824 7510
2178 825 7509
2177 826 7508
2176 827 7507
2175 828 7506
2174 829 7505
2173 830 7504
2172 831 7503
2171 832 7502
2170 833 7501
2169 834 7500
2168 835 7499
2167 836 7498
2166 837 7497
2165 838 7496
2164 839 7495
2163 840 7494
2162 841 7493
2161 842 7492
2160 843 7491
2159 844 7490
2158 845 7489
2157 846 7488
2156 847 7487
2155 848 7486
2154 849 7485
2153 850 7484
2152 851 7483
2151 852 7482
2150 853 7481
2149 854 7480
2148 855 7479
2147 856 7478
2146 857 7477
2145 858 7476
2144 859 7475
2143 860 7474
2142 861 7473
2141 862 7472
2140 863 7471
2139 864 7470
2138 865 7469
2137 866 7468
2136 867 7467
2135 868 7466
2134 869 7465
2133 870 7464
2132 871 7463
2131 872 7462
2130 873 7461
2129 874 7460
2128 875 7459
2127 876 7458
2126 877 7457
2125 878 7456
2124 879 7455
2123 880 7454
2122 881 7453
2121 882 7452
2120 883 7451
2119 884 7450
2118 885 7449
2117 886 7448
2116 887 7447
2115 888 7446
2114 889 7445
2113 890 7444
2112 891 7443
2111 892 7442
2110 893 7441
2109 894 7440
2108 895 7439
2107 896 7438
2106 897 7437
2105 898 7436
2104 899 7435
2103 900 7434
2102 901 7433
2101 902 7432
2100 903 7431
2099 904 7430
2098 905 7429
2097 906 7428
2096 907 7427
2095 908 7426
2094 909 7425
2093 910 7424
2092 911 7423
2091 912 7422
2090 913 7421
2089 914 7420
2088 915 7419
2087 916 7418
2086 917 7417
2085 918 7416
2084 919 7415
2083 920 7414
2082 921 7413
2081 922 7412
2080 923 7411
2079 924 7410
2078 925 7409
2077 926 7408
2076 927 7407
2075 928 7406
2074 929 7405
2073 930 7404
2072 931 7403
2071 932 7402
2070 933 7401
2069 934 7400
2068 935 7399
2067 936 7398
2066 937 7397
2065 938 7396
2064 939 7395
2063 940 7394
2062 941 7393
2061 942 7392
2060 943 7391
2059 944 7390
2058 945 7389
2057 946 7388
2056 947 7387
2055 948 7386
2054 949 7385
2053 950 7384
2052 951 7383
2051 952 7382
2050 953 7381
2049 954 7380
2048 955 7379
2047 956 7378
2046 957 7377
2045 958 7376
2044 959 7375
2043 960 7374
2042 961 7373
2041 962 7372
2040 963 7371
2039 964 7370
2038 965 7369
2037 966 7368
2036 967 7367
2035 968 7366
2034 969 7365
2033 970 7364
2032 971 7363
2031 972 7362
2030 973 7361
2029 974 7360
2028 975 7359
2027 976 7358
2026 977 7357
2025 978 7356
2024 979 7355
2023 980 7354
2022 981 7353
2021 982 7352
2020 983 7351
2019 984 7350
2018 985 7349
2017 986 7348
2016 987 7347
2015 988 7346
2014 989 7345
2013 990 7344
2012 991 7343
2011 992 7342
2010 993 7341
2009 994 7340
2008 995 7339
2007 996 7338
2006 997 7337
2005 998 7336
2004 999 7335
2003 1000 7334
2002 1001 7333
2001 1002 7332
2000 1003 7331
1999 1004 7330
1998 1005 7329
1997 1006 7328
1996 1007 7327
1995 1008 7326
1994 1009 7325
1993 1010 7324
1992 1011 7323
1991 1012 7322
1990 1013 7321
1989 1014 7320
1988 1015 7319
1987 1016 7318
1986 1017 7317
1985 1018 7316
1984 1019 7315
1983 1020 7314
1982 1021 7313
1981 1022 7312
1980 1023 7311
1979 1024 7310
1978 1025 7309
1977 1026 7308
1976 1027 7307
1975 1028 7306
1974 1029 7305
1973 1030 7304
1972 1031 7303
1971 1032 7302
1970 1033 7301
1969 1034 7300
1968 1035 7299
1967 1036 7298
1966 1037 7297
1965 1038 7296
1964 1039 7295
1963 1040 7294
1962 1041 7293
1961 1042 7292
1960 1043 7291
1959 1044 7290
1958 1045 7289
1957 1046 7288
1956 1047 7287
1955 1048 7286
1954 1049 7285
1953 1050 7284
1952 1051 7283
1951 1052 7282
1950 1053 7281
1949 1054 7280
1948 1055 7279
1947 1056 7278
1946 1057 7277
1945 1058 7276
1944 1059 7275
1943 1060 7274
1942 1061 7273
1941 1062 7272
1940 1063 7271
1939 1064 7270
1938 1065 7269
1937 1066 7268
1936 1067 7267
1935 1068 7266
1934 1069 7265
1933 1070 7264
1932 1071 7263
1931 1072 7262
1930 1073 7261
1929 1074 7260
1928 1075 7259
1927 1076 7258
1926 1077 7257
1925 1078 7256
1924 1079 7255
1923 1080 7254
1922 1081 7253
1921 1082 7252
1920 1083 7251
1919 1084 7250
1918 1085 7249
1917 1086 7248
1916 1087 7247
1915 1088 7246
1914 1089 7245
1913 1090 7244
1912 1091 7243
1911 1092 7242
1910 1093 7241
1909 1094 7240
1908 1095 7239
1907 1096 7238
1906 1097 7237
1905 1098 7236
1904 1099 7235
1903 1100 7234
1902 1101 7233
1901 1102 7232
1900 1103 7231
1899 1104 7230
1898 1105 7229
1897 1106 7228
1896 1107 7227
1895 1108 7226
1894 1109 7225
1893 1110 7224
1892 1111 7223
1891 1112 7222
1890 1113 7221
1889 1114 7220
1888 1115 7219
1887 1116 7218
1886 1117 7217
1885 1118 7216
1884 1119 7215
1883 1120 7214
1882 1121 7213
1881 1122 7212
1880 1123 7211
1879 1124 7210
1878 1125 7209
1877 1126 7208
1876 1127 7207
1875 1128 7206
1874 1129 7205
1873 1130 7204
1872 1131 7203
1871 1132 7202
1870 1133 7201
1869 1134 7200
1868 1135 7199
1867 1136 7198
1866 1137 7197
1865 1138 7196
1864 1139 7195
1863 1140 7194
1862 1141 7193
1861 1142 7192
1860 1143 7191
1859 1144 7190
1858 1145 7189
1857 1146 7188
1856 1147 7187
1855 1148 7186
1854 1149 7185
1853 1150 7184
1852 1151 7183
1851 1152 7182
1850 1153 7181
1849 1154 7180
1848 1155 7179
1847 1156 7178
1846 1157 7177
1845 1158 7176
1844 1159 7175
1843 1160 7174
1842 1161 7173
1841 1162 7172
1840 1163 7171
1839 1164 7170
1838 1165 7169
1837 1166 7168
1836 1167 7167
1835 1168 7166
1834 1169 7165
1833 1170 7164
1832 1171 7163
1831 1172 7162
1830 1173 7161
1829 1174 7160
1828 1175 7159
1827 1176 7158
1826 1177 7157
1825 1178 7156
1824 1179 7155
1823 1180 7154
1822 1181 7153
1821 1182 7152
1820 1183 7151
1819 1184 7150
1818 1185 7149
1817 1186 7148
1816 1187 7147
1815 1188 7146
1814 1189 7145
1813 1190 7144
1812 1191 7143
1811 1192 7142
1810 1193 7141
1809 1194 7140
1808 1195 7139
1807 1196 7138
1806 1197 7137
1805 1198 7136
1804 1199 7135
1803 1200 7134
1802 1201 7133
1801 1202 7132
1800 1203 7131
1799 1204 7130
1798 1205 7129
1797 1206 7128
1796 1207 7127
1795 1208 7126
1794 1209 7125
1793 1210 7124
1792 1211 7123
1791 1212 7122
1790 1213 7121
1789 1214 7120
1788 1215 7119
1787 1216 7118
1786 1217 7117
1785 1218 7116
1784 1219 7115
1783 1220 7114
1782 1221 7113
1781 1222 7112
1780 1223 7111
1779 1224 7110
1778 1225 7109
1777 1226 7108
1776 1227 7107
1775 1228 7106
1774 1229 7105
1773 1230 7104
1772 1231 7103
1771 1232 7102
1770 1233 7101
1769 1234 7100
1768 1235 7099
1767 1236 7098
1766 1237 7097
1765 1238 7096
1764 1239 7095
1763 1240 7094
1762 1241 7093
1761 1242 7092
1760 1243 7091
1759 1244 7090
1758 1245 7089
1757 1246 7088
1756 1247 7087
1755 1248 7086
1754 1249 7085
1753 1250 7084
1752 1251 7083
1751 1252 7082
1750 1253 7081
1749 1254 7080
1748 1255 7079
1747 1256 7078
1746 1257 7077
1745 1258 7076
1744 1259 7075
1743 1260 7074
1742 1261 7073
1741 1262 7072
1740 1263 7071
1739 1264 7070
1738 1265 7069
1737 1266 7068
1736 1267 7067
1735 1268 7066
1734 1269 7065
1733 1270 7064
1732 1271 7063
1731 1272 7062
1730 1273 7061
1729 1274 7060
1728 1275 7059
1727 1276 7058
1726 1277 7057
1725 1278 7056
1724 1279 7055
1723 1280 7054
1722 1281 7053
1721 1282 7052
1720 1283 7051
1719 1284 7050
1718 1285 7049
1717 1286 7048
1716 1287 7047
1715 1288 7046
1714 1289 7045
1713 1290 7044
1712 1291 7043
1711 1292 7042
1710 1293 7041
1709 1294 7040
1708 1295 7039
1707 1296 7038
1706 1297 7037
1705 1298 7036
1704 1299 7035
1703 1300 7034
1702 1301 7033
1701 1302 7032
1700 1303 7031
1699 1304 7030
1698 1305 7029
1697 1306 7028
1696 1307 7027
1695 1308 7026
1694 1309 7025
1693 1310 7024
1692 1311 7023
1691 1312 7022
1690 1313 7021
1689 1314 7020
1688 1315 7019
1687 1316 7018
1686 1317 7017
1685 1318 7016
1684 1319 7015
1683 1320 7014
1682 1321 7013
1681 1322 7012
1680 1323 7011
1679 1324 7010
1678 1325 7009
1677 1326 7008
1676 1327 7007
1675 1328 7006
1674 1329 7005
1673 1330 7004
1672 1331 7003
1671 1332 7002
1670 1333 7001
1669 1334 7000
1668 1335 6999
1667 1336 6998
1666 1337 6997
1665 1338 6996
1664 1339 6995
1663 1340 6994
1662 1341 6993
1661 1342 6992
1660 1343 6991
1659 1344 6990
1658 1345 6989
1657 1346 6988
1656 1347 6987
1655 1348 6986
1654 1349 6985
1653 1350 6984
1652 1351 6983
1651 1352 6982
1650 1353 6981
1649 1354 6980
1648 1355 6979
1647 1356 6978
1646 1357 6977
1645 1358 6976
1644 1359 6975
1643 1360 6974
1642 1361 6973
1641 1362 6972
1640 1363 6971
1639 1364 6970
1638 1365 6969
1637 1366 6968
1636 1367 6967
1635 1368 6966
1634 1369 6965
1633 1370 6964
1632 1371 6963
1631 1372 6962
1630 1373 6961
1629 1374 6960
1628 1375 6959
1627 1376 6958
1626 1377 6957
1625 1378 6956
1624 1379 6955
1623 1380 6954
1622 1381 6953
1621 1382 6952
1620 1383 6951
1619 1384 6950
1618 1385 6949
1617 1386 6948
1616 1387 6947
1615 1388 6946
1614 1389 6945
1613 1390 6944
1612 1391 6943
1611 1392 6942
1610 1393 6941
1609 1394 6940
1608 1395 6939
1607 1396 6938
1606 1397 6937
1605 1398 6936
1604 1399 6935
1603 1400 6934
1602 1401 6933
1601 1402 6932
1600 1403 6931
1599 1404 6930
1598 1405 6929
1597 1406 6928
1596 1407 6927
1595 1408 6926
1594 1409 6925
1593 1410 6924
1592 1411 6923
1591 1412 6922
1590 1413 6921
1589 1414 6920
1588 1415 6919
1587 1416 6918
1586 1417 6917
1585 1418 6916
1584 1419 6915
1583 1420 6914
1582 1421 6913
1581 1422 6912
1580 1423 6911
1579 1424 6910
1578 1425 6909
1577 1426 6908
1576 1427 6907
1575 1428 6906
1574 1429 6905
1573 1430 6904
1572 1431 6903
1571 1432 6902
1570 1433 6901
1569 1434 6900
1568 1435 6899
1567 1436 6898
1566 1437 6897
1565 1438 6896
1564 1439 6895
1563 1440 6894
1562 1441 6893
1561 1442 6892
1560 1443 6891
1559 1444 6890
1558 1445 6889
1557 1446 6888
1556 1447 6887
1555 1448 6886
1554 1449 6885
1553 1450 6884
1552 1451 6883
1551 1452 6882
1550 1453 6881
1549 1454 6880
1548 1455 6879
1547 1456 6878
1546 1457 6877
1545 1458 6876
1544 1459 6875
1543 1460 6874
1542 1461 6873
1541 1462 6872
1540 1463 6871
1539 1464 6870
1538 1465 6869
1537 1466 6868
1536 1467 6867
1535 1468 6866
1534 1469 6865
1533 1470 6864
1532 1471 6863
1531 1472 6862
1530 1473 6861
1529 1474 6860
1528 1475 6859
1527 1476 6858
1526 1477 6857
1525 1478 6856
1524 1479 6855
1523 1480 6854
1522 1481 6853
1521 1482 6852
1520 1483 6851
1519 1484 6850
1518 1485 6849
1517 1486 6848
1516 1487 6847
1515 1488 6846
1514 1489 6845
1513 1490 6844
1512 1491 6843
1511 1492 6842
1510 1493 6841
1509 1494 6840
1508 1495 6839
1507 1496 6838
1506 1497 6837
1505 1498 6836
1504 1499 6835
1503 1500 6834
1502 1501 6833
1501 1502 6832
1500 1503 6831
1499 1504 6830
1498 1505 6829
1497 1506 6828
1496 1507 6827
1495 1508 6826
1494 1509 6825
1493 1510 6824
1492 1511 6823
1491 1512 6822
1490 1513 6821
1489 1514 6820
1488 1515 6819
1487 1516 6818
1486 1517 6817
1485 1518 6816
1484 1519 6815
1483 1520 6814
1482 1521 6813
1481 1522 6812
1480 1523 6811
1479 1524 6810
1478 1525 6809
1477 1526 6808
1476 1527 6807
1475 1528 6806
1474 1529 6805
1473 1530 6804
1472 1531 6803
1471 1532 6802
1470 1533 6801
1469 1534 6800
1468 1535 6799
1467 1536 6798
1466 1537 6797
1465 1538 6796
1464 1539 6795
1463 1540 6794
1462 1541 6793
1461 1542 6792
1460 1543 6791
1459 1544 6790
1458 1545 6789
1457 1546 6788
1456 1547 6787
1455 1548 6786
1454 1549 6785
1453 1550 6784
1452 1551 6783
1451 1552 6782
1450 1553 6781
1449 1554 6780
1448 1555 6779
1447 1556 6778
1446 1557 6777
1445 1558 6776
1444 1559 6775
1443 1560 6774
1442 1561 6773
1441 1562 6772
1440 1563 6771
1439 1564 6770
1438 1565 6769
1437 1566 6768
1436 1567 6767
1435 1568 6766
1434 1569 6765
1433 1570 6764
1432 1571 6763
1431 1572 6762
1430 1573 6761
1429 1574 6760
1428 1575 6759
1427 1576 6758
1426 1577 6757
1425 1578 6756
1424 1579 6755
1423 1580 6754
1422 1581 6753
1421 1582 6752
1420 1583 6751
1419 1584 6750
1418 1585 6749
1417 1586 6748
1416 1587 6747
1415 1588 6746
1414 1589 6745
1413 1590 6744
1412 1591 6743
1411 1592 6742
1410 1593 6741
1409 1594 6740
1408 1595 6739
1407 1596 6738
1406 1597 6737
1405 1598 6736
1404 1599 6735
1403 1600 6734
1402 1601 6733
1401 1602 6732
1400 1603 6731
1399 1604 6730
1398 1605 6729
1397 1606 6728
1396 1607 6727
1395 1608 6726
1394 1609 6725
1393 1610 6724
1392 1611 6723
1391 1612 6722
1390 1613 6721
1389 1614 6720
1388 1615 6719
1387 1616 6718
1386 1617 6717
1385 1618 6716
1384 1619 6715
1383 1620 6714
1382 1621 6713
1381 1622 6712
1380 1623 6711
1379 1624 6710
1378 1625 6709
1377 1626 6708
1376 1627 6707
1375 1628 6706
1374 1629 6705
1373 1630 6704
1372 1631 6703
1371 1632 6702
1370 1633 6701
1369 1634 6700
1368 1635 6699
1367 1636 6698
1366 1637 6697
1365 1638 6696
1364 1639 6695
1363 1640 6694
1362 1641 6693
1361 1642 6692
1360 1643 6691
1359 1644 6690
1358 1645 6689
1357 1646 6688
1356 1647 6687
1355 1648 6686
1354 1649 6685
1353 1650 6684
1352 1651 6683
1351 1652 6682
1350 1653 6681
1349 1654 6680
1348 1655 6679
1347 1656 6678
1346 1657 6677
1345 1658 6676
1344 1659 6675
1343 1660 6674
1342 1661 6673
1341 1662 6672
1340 1663 6671
1339 1664 6670
1338 1665 6669
1337 1666 6668
1336 1667 6667
1335 1668 6666
1334 1669 6665
1333 1670 6664
1332 1671 6663
1331 1672 6662
1330 1673 6661
1329 1674 6660
1328 1675 6659
1327 1676 6658
1326 1677 6657
1325 1678 6656
1324 1679 6655
1323 1680 6654
1322 1681 6653
1321 1682 6652
1320 1683 6651
1319 1684 6650
1318 1685 6649
1317 1686 6648
1316 1687 6647
1315 1688 6646
1314 1689 6645
1313 1690 6644
1312 1691 6643
1311 1692 6642
1310 1693 6641
1309 1694 6640
1308 1695 6639
1307 1696 6638
1306 1697 6637
1305 1698 6636
1304 1699 6635
1303 1700 6634
1302 1701 6633
1301 1702 6632
1300 1703 6631
1299 1704 6630
1298 1705 6629
1297 1706 6628
1296 1707 6627
1295 1708 6626
1294 1709 6625
1293 1710 6624
1292 1711 6623
1291 1712 6622
1290 1713 6621
1289 1714 6620
1288 1715 6619
1287 1716 6618
1286 1717 6617
1285 1718 6616
1284 1719 6615
1283 1720 6614
1282 1721 6613
1281 1722 6612
1280 1723 6611
1279 1724 6610
1278 1725 6609
1277 1726 6608
1276 1727 6607
1275 1728 6606
1274 1729 6605
1273 1730 6604
1272 1731 6603
1271 1732 6602
1270 1733 6601
1269 1734 6600
1268 1735 6599
1267 1736 6598
1266 1737 6597
1265 1738 6596
1264 1739 6595
1263 1740 6594
1262 1741 6593
1261 1742 6592
1260 1743 6591
1259 1744 6590
1258 1745 6589
1257 1746 6588
1256 1747 6587
1255 1748 6586
1254 1749 6585
1253 1750 6584
1252 1751 6583
1251 1752 6582
1250 1753 6581
1249 1754 6580
1248 1755 6579
1247 1756 6578
1246 1757 6577
1245 1758 6576
1244 1759 6575
1243 1760 6574
1242 1761 6573
1241 1762 6572
1240 1763 6571
1239 1764 6570
1238 1765 6569
1237 1766 6568
1236 1767 6567
1235 1768 6566
1234 1769 6565
1233 1770 6564
1232 1771 6563
1231 1772 6562
1230 1773 6561
1229 1774 6560
1228 1775 6559
1227 1776 6558
1226 1777 6557
1225 1778 6556
1224 1779 6555
1223 1780 6554
1222 1781 6553
1221 1782 6552
1220 1783 6551
1219 1784 6550
1218 1785 6549
1217 1786 6548
1216 1787 6547
1215 1788 6546
1214 1789 6545
1213 1790 6544
1212 1791 6543
1211 1792 6542
1210 1793 6541
1209 1794 6540
1208 1795 6539
1207 1796 6538
1206 1797 6537
1205 1798 6536
1204 1799 6535
1203 1800 6534
1202 1801 6533
1201 1802 6532
1200 1803 6531
1199 1804 6530
1198 1805 6529
1197 1806 6528
1196 1807 6527
1195 1808 6526
1194 1809 6525
1193 1810 6524
1192 1811 6523
1191 1812 6522
1190 1813 6521
1189 1814 6520
1188 1815 6519
1187 1816 6518
1186 1817 6517
1185 1818 6516
1184 1819 6515
1183 1820 6514
1182 1821 6513
1181 1822 6512
1180 1823 6511
1179 1824 6510
1178 1825 6509
1177 1826 6508
1176 1827 6507
1175 1828 6506
1174 1829 6505
1173 1830 6504
1172 1831 6503
1171 1832 6502
1170 1833 6501
1169 1834 6500
1168 1835 6499
1167 1836 6498
1166 1837 6497
1165 1838 6496
1164 1839 6495
1163 1840 6494
1162 1841 6493
1161 1842 6492
1160 1843 6491
1159 1844 6490
1158 1845 6489
1157 1846 6488
1156 1847 6487
1155 1848 6486
1154 1849 6485
1153 1850 6484
1152 1851 6483
1151 1852 6482
1150 1853 6481
1149 1854 6480
1148 1855 6479
1147 1856 6478
1146 1857 6477
1145 1858 6476
1144 1859 6475
1143 1860 6474
1142 1861 6473
1141 1862 6472
1140 1863 6471
1139 1864 6470
1138 1865 6469
1137 1866 6468
1136 1867 6467
1135 1868 6466
1134 1869 6465
1133 1870 6464
1132 1871 6463
1131 1872 6462
1130 1873 6461
1129 1874 6460
1128 1875 6459
1127 1876 6458
1126 1877 6457
1125 1878 6456
1124 1879 6455
1123 1880 6454
1122 1881 6453
1121 1882 6452
1120 1883 6451
1119 1884 6450
1118 1885 6449
1117 1886 6448
1116 1887 6447
1115 1888 6446
1114 1889 6445
1113 1890 6444
1112 1891 6443
1111 1892 6442
1110 1893 6441
1109 1894 6440
1108 1895 6439
1107 1896 6438
1106 1897 6437
1105 1898 6436
1104 1899 6435
1103 1900 6434
1102 1901 6433
1101 1902 6432
1100 1903 6431
1099 1904 6430
1098 1905 6429
1097 1906 6428
1096 1907 6427
1095 1908 6426
1094 1909 6425
1093 1910 6424
1092 1911 6423
1091 1912 6422
1090 1913 6421
1089 1914 6420
1088 1915 6419
1087 1916 6418
1086 1917 6417
1085 1918 6416
1084 1919 6415
1083 1920 6414
1082 1921 6413
1081 1922 6412
1080 1923 6411
1079 1924 6410
1078 1925 6409
1077 1926 6408
1076 1927 6407
1075 1928 6406
1074 1929 6405
1073 1930 6404
1072 1931 6403
1071 1932 6402
1070 1933 6401
1069 1934 6400
1068 1935 6399
1067 1936 6398
1066 1937 6397
1065 1938 6396
1064 1939 6395
1063 1940 6394
1062 1941 6393
1061 1942 6392
1060 1943 6391
1059 1944 6390
1058 1945 6389
1057 1946 6388
1056 1947 6387
1055 1948 6386
1054 1949 6385
1053 1950 6384
1052 1951 6383
1051 1952 6382
1050 1953 6381
1049 1954 6380
1048 1955 6379
1047 1956 6378
1046 1957 6377
1045 1958 6376
1044 1959 6375
1043 1960 6374
1042 1961 6373
1041 1962 6372
1040 1963 6371
1039 1964 6370
1038 1965 6369
1037 1966 6368
1036 1967 6367
1035 1968 6366
1034 1969 6365
1033 1970 6364
1032 1971 6363
1031 1972 6362
1030 1973 6361
1029 1974 6360
1028 1975 6359
1027 1976 6358
1026 1977 6357
1025 1978 6356
1024 1979 6355
1023 1980 6354
1022 1981 6353
1021 1982 6352
1020 1983 6351
1019 1984 6350
1018 1985 6349
1017 1986 6348
1016 1987 6347
1015 1988 6346
1014 1989 6345
1013 1990 6344
1012 1991 6343
1011 1992 6342
1010 1993 6341
1009 1994 6340
1008 1995 6339
1007 1996 6338
1006 1997 6337
1005 1998 6336
1004 1999 6335
1003 2000 6334
1002 2001 6333
1001 2002 6332
1000 2003 6331
999 2004 6330
998 2005 6329
997 2006 6328
996 2007 6327
995 2008 6326
994 2009 6325
993 2010 6324
992 2011 6323
991 2012 6322
990 2013 6321
989 2014 6320
988 2015 6319
987 2016 6318
986 2017 6317
985 2018 6316
984 2019 6315
983 2020 6314
982 2021 6313
981 2022 6312
980 2023 6311
979 2024 6310
978 2025 6309
977 2026 6308
976 2027 6307
975 2028 6306
974 2029 6305
973 2030 6304
972 2031 6303
971 2032 6302
970 2033 6301
969 2034 6300
968 2035 6299
967 2036 6298
966 2037 6297
965 2038 6296
964 2039 6295
963 2040 6294
962 2041 6293
961 2042 6292
960 2043 6291
959 2044 6290
958 2045 6289
957 2046 6288
956 2047 6287
955 2048 6286
954 2049 6285
953 2050 6284
952 2051 6283
951 2052 6282
950 2053 6281
949 2054 6280
948 2055 6279
947 2056 6278
946 2057 6277
945 2058 6276
944 2059 6275
943 2060 6274
942 2061 6273
941 2062 6272
940 2063 6271
939 2064 6270
938 2065 6269
937 2066 6268
936 2067 6267
935 2068 6266
934 2069 6265
933 2070 6264
932 2071 6263
931 2072 6262
930 2073 6261
929 2074 6260
928 2075 6259
927 2076 6258
926 2077 6257
925 2078 6256
924 2079 6255
923 2080 6254
922 2081 6253
921 2082 6252
920 2083 6251
919 2084 6250
918 2085 6249
917 2086 6248
916 2087 6247
915 2088 6246
914 2089 6245
913 2090 6244
912 2091 6243
911 2092 6242
910 2093 6241
909 2094 6240
908 2095 6239
907 2096 6238
906 2097 6237
905 2098 6236
904 2099 6235
903 2100 6234
902 2101 6233
901 2102 6232
900 2103 6231
899 2104 6230
898 2105 6229
897 2106 6228
896 2107 6227
895 2108 6226
894 2109 6225
893 2110 6224
892 2111 6223
891 2112 6222
890 2113 6221
889 2114 6220
888 2115 6219
887 2116 6218
886 2117 6217
885 2118 6216
884 2119 6215
883 2120 6214
882 2121 6213
881 2122 6212
880 2123 6211
879 2124 6210
878 2125 6209
877 2126 6208
876 2127 6207
875 2128 6206
874 2129 6205
873 2130 6204
872 2131 6203
871 2132 6202
870 2133 6201
869 2134 6200
868 2135 6199
867 2136 6198
866 2137 6197
865 2138 6196
864 2139 6195
863 2140 6194
862 2141 6193
861 2142 6192
860 2143 6191
859 2144 6190
858 2145 6189
857 2146 6188
856 2147 6187
855 2148 6186
854 2149 6185
853 2150 6184
852 2151 6183
851 2152 6182
850 2153 6181
849 2154 6180
848 2155 6179
847 2156 6178
846 2157 6177
845 2158 6176
844 2159 6175
843 2160 6174
842 2161 6173
841 2162 6172
840 2163 6171
839 2164 6170
838 2165 6169
837 2166 6168
836 2167 6167
835 2168 6166
834 2169 6165
833 2170 6164
832 2171 6163
831 2172 6162
830 2173 6161
829 2174 6160
828 2175 6159
827 2176 6158
826 2177 6157
825 2178 6156
824 2179 6155
823 2180 6154
822 2181 6153
821 2182 6152
820 2183 6151
819 2184 6150
818 2185 6149
817 2186 6148
816 2187 6147
815 2188 6146
814 2189 6145
813 2190 6144
812 2191 6143
811 2192 6142
810 2193 6141
809 2194 6140
808 2195 6139
807 2196 6138
806 2197 6137
805 2198 6136
804 2199 6135
803 2200 6134
802 2201 6133
801 2202 6132
800 2203 6131
799 2204 6130
798 2205 6129
797 2206 6128
796 2207 6127
795 2208 6126
794 2209 6125
793 2210 6124
792 2211 6123
791 2212 6122
790 2213 6121
789 2214 6120
788 2215 6119
787 2216 6118
786 2217 6117
785 2218 6116
784 2219 6115
783 2220 6114
782 2221 6113
781 2222 6112
780 2223 6111
779 2224 6110
778 2225 6109
777 2226 6108
776 2227 6107
775 2228 6106
774 2229 6105
773 2230 6104
772 2231 6103
771 2232 6102
770 2233 6101
769 2234 6100
768 2235 6099
767 2236 6098
766 2237 6097
765 2238 6096
764 2239 6095
763 2240 6094
762 2241 6093
761 2242 6092
760 2243 6091
759 2244 6090
758 2245 6089
757 2246 6088
756 2247 6087
755 2248 6086
754 2249 6085
753 2250 6084
752 2251 6083
751 2252 6082
750 2253 6081
749 2254 6080
748 2255 6079
747 2256 6078
746 2257 6077
745 2258 6076
744 2259 6075
743 2260 6074
742 2261 6073
741 2262 6072
740 2263 6071
739 2264 6070
738 2265 6069
737 2266 6068
736 2267 6067
735 2268 6066
734 2269 6065
733 2270 6064
732 2271 6063
731 2272 6062
730 2273 6061
729 2274 6060
728 2275 6059
727 2276 6058
726 2277 6057
725 2278 6056
724 2279 6055
723 2280 6054
722 2281 6053
721 2282 6052
720 2283 6051
719 2284 6050
718 2285 6049
717 2286 6048
716 2287 6047
715 2288 6046
714 2289 6045
713 2290 6044
712 2291 6043
711 2292 6042
710 2293 6041
709 2294 6040
708 2295 6039
707 2296 6038
706 2297 6037
705 2298 6036
704 2299 6035
703 2300 6034
702 2301 6033
701 2302 6032
700 2303 6031
699 2304 6030
698 2305 6029
697 2306 6028
696 2307 6027
695 2308 6026
694 2309 6025
693 2310 6024
692 2311 6023
691 2312 6022
690 2313 6021
689 2314 6020
688 2315 6019
687 2316 6018
686 2317 6017
685 2318 6016
684 2319 6015
683 2320 6014
682 2321 6013
681 2322 6012
680 2323 6011
679 2324 6010
678 2325 6009
677 2326 6008
676 2327 6007
675 2328 6006
674 2329 6005
673 2330 6004
672 2331 6003
671 2332 6002
670 2333 6001
