1242
3000 3 7242
2999 4 7241
2998 5 7240
2997 6 7239
2996 7 7238
2995 8 7237
2994 9 7236
2993 10 7235
2992 11 7234
2991 12 7233
2990 13 7232
2989 14 7231
2988 15 7230
2987 16 7229
2986 17 7228
2985 18 7227
2984 19 7226
2983 20 7225
2982 21 7224
2981 22 7223
2980 23 7222
2979 24 7221
2978 25 7220
2977 26 7219
2976 27 7218
2975 28 7217
2974 29 7216
2973 30 7215
2972 31 7214
2971 32 7213
2970 33 7212
2969 34 7211
2968 35 7210
2967 36 7209
2966 37 7208
2965 38 7207
2964 39 7206
2963 40 7205
2962 41 7204
2961 42 7203
2960 43 7202
2959 44 7201
2958 45 7200
2957 46 7199
2956 47 7198
2955 48 7197
2954 49 7196
2953 50 7195
2952 51 7194
2951 52 7193
2950 53 7192
2949 54 7191
2948 55 7190
2947 56 7189
2946 57 7188
2945 58 7187
2944 59 7186
2943 60 7185
2942 61 7184
2941 62 7183
2940 63 7182
2939 64 7181
2938 65 7180
2937 66 7179
2936 67 7178
2935 68 7177
2934 69 7176
2933 70 7175
2932 71 7174
2931 72 7173
2930 73 7172
2929 74 7171
2928 75 7170
2927 76 7169
2926 77 7168
2925 78 7167
2924 79 7166
2923 80 7165
2922 81 7164
2921 82 7163
2920 83 7162
2919 84 7161
2918 85 7160
2917 86 7159
2916 87 7158
2915 88 7157
2914 89 7156
2913 90 7155
2912 91 7154
2911 92 7153
2910 93 7152
2909 94 7151
2908 95 7150
2907 96 7149
2906 97 7148
2905 98 7147
2904 99 7146
2903 100 7145
2902 101 7144
2901 102 7143
2900 103 7142
2899 104 7141
2898 105 7140
2897 106 7139
2896 107 7138
2895 108 7137
2894 109 7136
2893 110 7135
2892 111 7134
2891 112 7133
2890 113 7132
2889 114 7131
2888 115 7130
2887 116 7129
2886 117 7128
2885 118 7127
2884 119 7126
2883 120 7125
2882 121 7124
2881 122 7123
2880 123 7122
2879 124 7121
2878 125 7120
2877 126 7119
2876 127 7118
2875 128 7117
2874 129 7116
2873 130 7115
2872 131 7114
2871 132 7113
2870 133 7112
2869 134 7111
2868 135 7110
2867 136 7109
2866 137 7108
2865 138 7107
2864 139 7106
2863 140 7105
2862 141 7104
2861 142 7103
2860 143 7102
2859 144 7101
2858 145 7100
2857 146 7099
2856 147 7098
2855 148 7097
2854 149 7096
2853 150 7095
2852 151 7094
2851 152 7093
2850 153 7092
2849 154 7091
2848 155 7090
2847 156 7089
2846 157 7088
2845 158 7087
2844 159 7086
2843 160 7085
2842 161 7084
2841 162 7083
2840 163 7082
2839 164 7081
2838 165 7080
2837 166 7079
2836 167 7078
2835 168 7077
2834 169 7076
2833 170 7075
2832 171 7074
2831 172 7073
2830 173 7072
2829 174 7071
2828 175 7070
2827 176 7069
2826 177 7068
2825 178 7067
2824 179 7066
2823 180 7065
2822 181 7064
2821 182 7063
2820 183 7062
2819 184 7061
2818 185 7060
2817 186 7059
2816 187 7058
2815 188 7057
2814 189 7056
2813 190 7055
2812 191 7054
2811 192 7053
2810 193 7052
2809 194 7051
2808 195 7050
2807 196 7049
2806 197 7048
2805 198 7047
2804 199 7046
2803 200 7045
2802 201 7044
2801 202 7043
2800 203 7042
2799 204 7041
2798 205 7040
2797 206 7039
2796 207 7038
2795 208 7037
2794 209 7036
2793 210 7035
2792 211 7034
2791 212 7033
2790 213 7032
2789 214 7031
2788 215 7030
2787 216 7029
2786 217 7028
2785 218 7027
2784 219 7026
2783 220 7025
2782 221 7024
2781 222 7023
2780 223 7022
2779 224 7021
2778 225 7020
2777 226 7019
2776 227 7018
2775 228 7017
2774 229 7016
2773 230 7015
2772 231 7014
2771 232 7013
2770 233 7012
2769 234 7011
2768 235 7010
2767 236 7009
2766 237 7008
2765 238 7007
2764 239 7006
2763 240 7005
2762 241 7004
2761 242 7003
2760 243 7002
2759 244 7001
2758 245 7000
2757 246 6999
2756 247 6998
2755 248 6997
2754 249 6996
2753 250 6995
2752 251 6994
2751 252 6993
2750 253 6992
2749 254 6991
2748 255 6990
2747 256 6989
2746 257 6988
2745 258 6987
2744 259 6986
2743 260 6985
2742 261 6984
2741 262 6983
2740 263 6982
2739 264 6981
2738 265 6980
2737 266 6979
2736 267 6978
2735 268 6977
2734 269 6976
2733 270 6975
2732 271 6974
2731 272 6973
2730 273 6972
2729 274 6971
2728 275 6970
2727 276 6969
2726 277 6968
2725 278 6967
2724 279 6966
2723 280 6965
2722 281 6964
2721 282 6963
2720 283 6962
2719 284 6961
2718 285 6960
2717 286 6959
2716 287 6958
2715 288 6957
2714 289 6956
2713 290 6955
2712 291 6954
2711 292 6953
2710 293 6952
2709 294 6951
2708 295 6950
2707 296 6949
2706 297 6948
2705 298 6947
2704 299 6946
2703 300 6945
2702 301 6944
2701 302 6943
2700 303 6942
2699 304 6941
2698 305 6940
2697 306 6939
2696 307 6938
2695 308 6937
2694 309 6936
2693 310 6935
2692 311 6934
2691 312 6933
2690 313 6932
2689 314 6931
2688 315 6930
2687 316 6929
2686 317 6928
2685 318 6927
2684 319 6926
2683 320 6925
2682 321 6924
2681 322 6923
2680 323 6922
2679 324 6921
2678 325 6920
2677 326 6919
2676 327 6918
2675 328 6917
2674 329 6916
2673 330 6915
2672 331 6914
2671 332 6913
2670 333 6912
2669 334 6911
2668 335 6910
2667 336 6909
2666 337 6908
2665 338 6907
2664 339 6906
2663 340 6905
2662 341 6904
2661 342 6903
2660 343 6902
2659 344 6901
2658 345 6900
2657 346 6899
2656 347 6898
2655 348 6897
2654 349 6896
2653 350 6895
2652 351 6894
2651 352 6893
2650 353 6892
2649 354 6891
2648 355 6890
2647 356 6889
2646 357 6888
2645 358 6887
2644 359 6886
2643 360 6885
2642 361 6884
2641 362 6883
2640 363 6882
2639 364 6881
2638 365 6880
2637 366 6879
2636 367 6878
2635 368 6877
2634 369 6876
2633 370 6875
2632 371 6874
2631 372 6873
2630 373 6872
2629 374 6871
2628 375 6870
2627 376 6869
2626 377 6868
2625 378 6867
2624 379 6866
2623 380 6865
2622 381 6864
2621 382 6863
2620 383 6862
2619 384 6861
2618 385 6860
2617 386 6859
2616 387 6858
2615 388 6857
2614 389 6856
2613 390 6855
2612 391 6854
2611 392 6853
2610 393 6852
2609 394 6851
2608 395 6850
2607 396 6849
2606 397 6848
2605 398 6847
2604 399 6846
2603 400 6845
2602 401 6844
2601 402 6843
2600 403 6842
2599 404 6841
2598 405 6840
2597 406 6839
2596 407 6838
2595 408 6837
2594 409 6836
2593 410 6835
2592 411 6834
2591 412 6833
2590 413 6832
2589 414 6831
2588 415 6830
2587 416 6829
2586 417 6828
2585 418 6827
2584 419 6826
2583 420 6825
2582 421 6824
2581 422 6823
2580 423 6822
2579 424 6821
2578 425 6820
2577 426 6819
2576 427 6818
2575 428 6817
2574 429 6816
2573 430 6815
2572 431 6814
2571 432 6813
2570 433 6812
2569 434 6811
2568 435 6810
2567 436 6809
2566 437 6808
2565 438 6807
2564 439 6806
2563 440 6805
2562 441 6804
2561 442 6803
2560 443 6802
2559 444 6801
2558 445 6800
2557 446 6799
2556 447 6798
2555 448 6797
2554 449 6796
2553 450 6795
2552 451 6794
2551 452 6793
2550 453 6792
2549 454 6791
2548 455 6790
2547 456 6789
2546 457 6788
2545 458 6787
2544 459 6786
2543 460 6785
2542 461 6784
2541 462 6783
2540 463 6782
2539 464 6781
2538 465 6780
2537 466 6779
2536 467 6778
2535 468 6777
2534 469 6776
2533 470 6775
2532 471 6774
2531 472 6773
2530 473 6772
2529 474 6771
2528 475 6770
2527 476 6769
2526 477 6768
2525 478 6767
2524 479 6766
2523 480 6765
2522 481 6764
2521 482 6763
2520 483 6762
2519 484 6761
2518 485 6760
2517 486 6759
2516 487 6758
2515 488 6757
2514 489 6756
2513 490 6755
2512 491 6754
2511 492 6753
2510 493 6752
2509 494 6751
2508 495 6750
2507 496 6749
2506 497 6748
2505 498 6747
2504 499 6746
2503 500 6745
2502 501 6744
2501 502 6743
2500 503 6742
2499 504 6741
2498 505 6740
2497 506 6739
2496 507 6738
2495 508 6737
2494 509 6736
2493 510 6735
2492 511 6734
2491 512 6733
2490 513 6732
2489 514 6731
2488 515 6730
2487 516 6729
2486 517 6728
2485 518 6727
2484 519 6726
2483 520 6725
2482 521 6724
2481 522 6723
2480 523 6722
2479 524 6721
2478 525 6720
2477 526 6719
2476 527 6718
2475 528 6717
2474 529 6716
2473 530 6715
2472 531 6714
2471 532 6713
2470 533 6712
2469 534 6711
2468 535 6710
2467 536 6709
2466 537 6708
2465 538 6707
2464 539 6706
2463 540 6705
2462 541 6704
2461 542 6703
2460 543 6702
2459 544 6701
2458 545 6700
2457 546 6699
2456 547 6698
2455 548 6697
2454 549 6696
2453 550 6695
2452 551 6694
2451 552 6693
2450 553 6692
2449 554 6691
2448 555 6690
2447 556 6689
2446 557 6688
2445 558 6687
2444 559 6686
2443 560 6685
2442 561 6684
2441 562 6683
2440 563 6682
2439 564 6681
2438 565 6680
2437 566 6679
2436 567 6678
2435 568 6677
2434 569 6676
2433 570 6675
2432 571 6674
2431 572 6673
2430 573 6672
2429 574 6671
2428 575 6670
2427 576 6669
2426 577 6668
2425 578 6667
2424 579 6666
2423 580 6665
2422 581 6664
2421 582 6663
2420 583 6662
2419 584 6661
2418 585 6660
2417 586 6659
2416 587 6658
2415 588 6657
2414 589 6656
2413 590 6655
2412 591 6654
2411 592 6653
2410 593 6652
2409 594 6651
2408 595 6650
2407 596 6649
2406 597 6648
2405 598 6647
2404 599 6646
2403 600 6645
2402 601 6644
2401 602 6643
2400 603 6642
2399 604 6641
2398 605 6640
2397 606 6639
2396 607 6638
2395 608 6637
2394 609 6636
2393 610 6635
2392 611 6634
2391 612 6633
2390 613 6632
2389 614 6631
2388 615 6630
2387 616 6629
2386 617 6628
2385 618 6627
2384 619 6626
2383 620 6625
2382 621 6624
2381 622 6623
2380 623 6622
2379 624 6621
2378 625 6620
2377 626 6619
2376 627 6618
2375 628 6617
2374 629 6616
2373 630 6615
2372 631 6614
2371 632 6613
2370 633 6612
2369 634 6611
2368 635 6610
2367 636 6609
2366 637 6608
2365 638 6607
2364 639 6606
2363 640 6605
2362 641 6604
2361 642 6603
2360 643 6602
2359 644 6601
2358 645 6600
2357 646 6599
2356 647 6598
2355 648 6597
2354 649 6596
2353 650 6595
2352 651 6594
2351 652 6593
2350 653 6592
2349 654 6591
2348 655 6590
2347 656 6589
2346 657 6588
2345 658 6587
2344 659 6586
2343 660 6585
2342 661 6584
2341 662 6583
2340 663 6582
2339 664 6581
2338 665 6580
2337 666 6579
2336 667 6578
2335 668 6577
2334 669 6576
2333 670 6575
2332 671 6574
2331 672 6573
2330 673 6572
2329 674 6571
2328 675 6570
2327 676 6569
2326 677 6568
2325 678 6567
2324 679 6566
2323 680 6565
2322 681 6564
2321 682 6563
2320 683 6562
2319 684 6561
2318 685 6560
2317 686 6559
2316 687 6558
2315 688 6557
2314 689 6556
2313 690 6555
2312 691 6554
2311 692 6553
2310 693 6552
2309 694 6551
2308 695 6550
2307 696 6549
2306 697 6548
2305 698 6547
2304 699 6546
2303 700 6545
2302 701 6544
2301 702 6543
2300 703 6542
2299 704 6541
2298 705 6540
2297 706 6539
2296 707 6538
2295 708 6537
2294 709 6536
2293 710 6535
2292 711 6534
2291 712 6533
2290 713 6532
2289 714 6531
2288 715 6530
2287 716 6529
2286 717 6528
2285 718 6527
2284 719 6526
2283 720 6525
2282 721 6524
2281 722 6523
2280 723 6522
2279 724 6521
2278 725 6520
2277 726 6519
2276 727 6518
2275 728 6517
2274 729 6516
2273 730 6515
2272 731 6514
2271 732 6513
2270 733 6512
2269 734 6511
2268 735 6510
2267 736 6509
2266 737 6508
2265 738 6507
2264 739 6506
2263 740 6505
2262 741 6504
2261 742 6503
2260 743 6502
2259 744 6501
2258 745 6500
2257 746 6499
2256 747 6498
2255 748 6497
2254 749 6496
2253 750 6495
2252 751 6494
2251 752 6493
2250 753 6492
2249 754 6491
2248 755 6490
2247 756 6489
2246 757 6488
2245 758 6487
2244 759 6486
2243 760 6485
2242 761 6484
2241 762 6483
2240 763 6482
2239 764 6481
2238 765 6480
2237 766 6479
2236 767 6478
2235 768 6477
2234 769 6476
2233 770 6475
2232 771 6474
2231 772 6473
2230 773 6472
2229 774 6471
2228 775 6470
2227 776 6469
2226 777 6468
2225 778 6467
2224 779 6466
2223 780 6465
2222 781 6464
2221 782 6463
2220 783 6462
2219 784 6461
2218 785 6460
2217 786 6459
2216 787 6458
2215 788 6457
2214 789 6456
2213 790 6455
2212 791 6454
2211 792 6453
2210 793 6452
2209 794 6451
2208 795 6450
2207 796 6449
2206 797 6448
2205 798 6447
2204 799 6446
2203 800 6445
2202 801 6444
2201 802 6443
2200 803 6442
2199 804 6441
2198 805 6440
2197 806 6439
2196 807 6438
2195 808 6437
2194 809 6436
2193 810 6435
2192 811 6434
2191 812 6433
2190 813 6432
2189 814 6431
2188 815 6430
2187 816 6429
2186 817 6428
2185 818 6427
2184 819 6426
2183 820 6425
2182 821 6424
2181 822 6423
2180 823 6422
2179 824 6421
2178 825 6420
2177 826 6419
2176 827 6418
2175 828 6417
2174 829 6416
2173 830 6415
2172 831 6414
2171 832 6413
2170 833 6412
2169 834 6411
2168 835 6410
2167 836 6409
2166 837 6408
2165 838 6407
2164 839 6406
2163 840 6405
2162 841 6404
2161 842 6403
2160 843 6402
2159 844 6401
2158 845 6400
2157 846 6399
2156 847 6398
2155 848 6397
2154 849 6396
2153 850 6395
2152 851 6394
2151 852 6393
2150 853 6392
2149 854 6391
2148 855 6390
2147 856 6389
2146 857 6388
2145 858 6387
2144 859 6386
2143 860 6385
2142 861 6384
2141 862 6383
2140 863 6382
2139 864 6381
2138 865 6380
2137 866 6379
2136 867 6378
2135 868 6377
2134 869 6376
2133 870 6375
2132 871 6374
2131 872 6373
2130 873 6372
2129 874 6371
2128 875 6370
2127 876 6369
2126 877 6368
2125 878 6367
2124 879 6366
2123 880 6365
2122 881 6364
2121 882 6363
2120 883 6362
2119 884 6361
2118 885 6360
2117 886 6359
2116 887 6358
2115 888 6357
2114 889 6356
2113 890 6355
2112 891 6354
2111 892 6353
2110 893 6352
2109 894 6351
2108 895 6350
2107 896 6349
2106 897 6348
2105 898 6347
2104 899 6346
2103 900 6345
2102 901 6344
2101 902 6343
2100 903 6342
2099 904 6341
2098 905 6340
2097 906 6339
2096 907 6338
2095 908 6337
2094 909 6336
2093 910 6335
2092 911 6334
2091 912 6333
2090 913 6332
2089 914 6331
2088 915 6330
2087 916 6329
2086 917 6328
2085 918 6327
2084 919 6326
2083 920 6325
2082 921 6324
2081 922 6323
2080 923 6322
2079 924 6321
2078 925 6320
2077 926 6319
2076 927 6318
2075 928 6317
2074 929 6316
2073 930 6315
2072 931 6314
2071 932 6313
2070 933 6312
2069 934 6311
2068 935 6310
2067 936 6309
2066 937 6308
2065 938 6307
2064 939 6306
2063 940 6305
2062 941 6304
2061 942 6303
2060 943 6302
2059 944 6301
2058 945 6300
2057 946 6299
2056 947 6298
2055 948 6297
2054 949 6296
2053 950 6295
2052 951 6294
2051 952 6293
2050 953 6292
2049 954 6291
2048 955 6290
2047 956 6289
2046 957 6288
2045 958 6287
2044 959 6286
2043 960 6285
2042 961 6284
2041 962 6283
2040 963 6282
2039 964 6281
2038 965 6280
2037 966 6279
2036 967 6278
2035 968 6277
2034 969 6276
2033 970 6275
2032 971 6274
2031 972 6273
2030 973 6272
2029 974 6271
2028 975 6270
2027 976 6269
2026 977 6268
2025 978 6267
2024 979 6266
2023 980 6265
2022 981 6264
2021 982 6263
2020 983 6262
2019 984 6261
2018 985 6260
2017 986 6259
2016 987 6258
2015 988 6257
2014 989 6256
2013 990 6255
2012 991 6254
2011 992 6253
2010 993 6252
2009 994 6251
2008 995 6250
2007 996 6249
2006 997 6248
2005 998 6247
2004 999 6246
2003 1000 6245
2002 1001 6244
2001 1002 6243
2000 1003 6242
1999 1004 6241
1998 1005 6240
1997 1006 6239
1996 1007 6238
1995 1008 6237
1994 1009 6236
1993 1010 6235
1992 1011 6234
1991 1012 6233
1990 1013 6232
1989 1014 6231
1988 1015 6230
1987 1016 6229
1986 1017 6228
1985 1018 6227
1984 1019 6226
1983 1020 6225
1982 1021 6224
1981 1022 6223
1980 1023 6222
1979 1024 6221
1978 1025 6220
1977 1026 6219
1976 1027 6218
1975 1028 6217
1974 1029 6216
1973 1030 6215
1972 1031 6214
1971 1032 6213
1970 1033 6212
1969 1034 6211
1968 1035 6210
1967 1036 6209
1966 1037 6208
1965 1038 6207
1964 1039 6206
1963 1040 6205
1962 1041 6204
1961 1042 6203
1960 1043 6202
1959 1044 6201
1958 1045 6200
1957 1046 6199
1956 1047 6198
1955 1048 6197
1954 1049 6196
1953 1050 6195
1952 1051 6194
1951 1052 6193
1950 1053 6192
1949 1054 6191
1948 1055 6190
1947 1056 6189
1946 1057 6188
1945 1058 6187
1944 1059 6186
1943 1060 6185
1942 1061 6184
1941 1062 6183
1940 1063 6182
1939 1064 6181
1938 1065 6180
1937 1066 6179
1936 1067 6178
1935 1068 6177
1934 1069 6176
1933 1070 6175
1932 1071 6174
1931 1072 6173
1930 1073 6172
1929 1074 6171
1928 1075 6170
1927 1076 6169
1926 1077 6168
1925 1078 6167
1924 1079 6166
1923 1080 6165
1922 1081 6164
1921 1082 6163
1920 1083 6162
1919 1084 6161
1918 1085 6160
1917 1086 6159
1916 1087 6158
1915 1088 6157
1914 1089 6156
1913 1090 6155
1912 1091 6154
1911 1092 6153
1910 1093 6152
1909 1094 6151
1908 1095 6150
1907 1096 6149
1906 1097 6148
1905 1098 6147
1904 1099 6146
1903 1100 6145
1902 1101 6144
1901 1102 6143
1900 1103 6142
1899 1104 6141
1898 1105 6140
1897 1106 6139
1896 1107 6138
1895 1108 6137
1894 1109 6136
1893 1110 6135
1892 1111 6134
1891 1112 6133
1890 1113 6132
1889 1114 6131
1888 1115 6130
1887 1116 6129
1886 1117 6128
1885 1118 6127
1884 1119 6126
1883 1120 6125
1882 1121 6124
1881 1122 6123
1880 1123 6122
1879 1124 6121
1878 1125 6120
1877 1126 6119
1876 1127 6118
1875 1128 6117
1874 1129 6116
1873 1130 6115
1872 1131 6114
1871 1132 6113
1870 1133 6112
1869 1134 6111
1868 1135 6110
1867 1136 6109
1866 1137 6108
1865 1138 6107
1864 1139 6106
1863 1140 6105
1862 1141 6104
1861 1142 6103
1860 1143 6102
1859 1144 6101
1858 1145 6100
1857 1146 6099
1856 1147 6098
1855 1148 6097
1854 1149 6096
1853 1150 6095
1852 1151 6094
1851 1152 6093
1850 1153 6092
1849 1154 6091
1848 1155 6090
1847 1156 6089
1846 1157 6088
1845 1158 6087
1844 1159 6086
1843 1160 6085
1842 1161 6084
1841 1162 6083
1840 1163 6082
1839 1164 6081
1838 1165 6080
1837 1166 6079
1836 1167 6078
1835 1168 6077
1834 1169 6076
1833 1170 6075
1832 1171 6074
1831 1172 6073
1830 1173 6072
1829 1174 6071
1828 1175 6070
1827 1176 6069
1826 1177 6068
1825 1178 6067
1824 1179 6066
1823 1180 6065
1822 1181 6064
1821 1182 6063
1820 1183 6062
1819 1184 6061
1818 1185 6060
1817 1186 6059
1816 1187 6058
1815 1188 6057
1814 1189 6056
1813 1190 6055
1812 1191 6054
1811 1192 6053
1810 1193 6052
1809 1194 6051
1808 1195 6050
1807 1196 6049
1806 1197 6048
1805 1198 6047
1804 1199 6046
1803 1200 6045
1802 1201 6044
1801 1202 6043
1800 1203 6042
1799 1204 6041
1798 1205 6040
1797 1206 6039
1796 1207 6038
1795 1208 6037
1794 1209 6036
1793 1210 6035
1792 1211 6034
1791 1212 6033
1790 1213 6032
1789 1214 6031
1788 1215 6030
1787 1216 6029
1786 1217 6028
1785 1218 6027
1784 1219 6026
1783 1220 6025
1782 1221 6024
1781 1222 6023
1780 1223 6022
1779 1224 6021
1778 1225 6020
1777 1226 6019
1776 1227 6018
1775 1228 6017
1774 1229 6016
1773 1230 6015
1772 1231 6014
1771 1232 6013
1770 1233 6012
1769 1234 6011
1768 1235 6010
1767 1236 6009
1766 1237 6008
1765 1238 6007
1764 1239 6006
1763 1240 6005
1762 1241 6004
1761 1242 6003
1760 1243 6002
1759 1244 6001
