567
3000 3 6567
2999 4 6566
2998 5 6565
2997 6 6564
2996 7 6563
2995 8 6562
2994 9 6561
2993 10 6560
2992 11 6559
2991 12 6558
2990 13 6557
2989 14 6556
2988 15 6555
2987 16 6554
2986 17 6553
2985 18 6552
2984 19 6551
2983 20 6550
2982 21 6549
2981 22 6548
2980 23 6547
2979 24 6546
2978 25 6545
2977 26 6544
2976 27 6543
2975 28 6542
2974 29 6541
2973 30 6540
2972 31 6539
2971 32 6538
2970 33 6537
2969 34 6536
2968 35 6535
2967 36 6534
2966 37 6533
2965 38 6532
2964 39 6531
2963 40 6530
2962 41 6529
2961 42 6528
2960 43 6527
2959 44 6526
2958 45 6525
2957 46 6524
2956 47 6523
2955 48 6522
2954 49 6521
2953 50 6520
2952 51 6519
2951 52 6518
2950 53 6517
2949 54 6516
2948 55 6515
2947 56 6514
2946 57 6513
2945 58 6512
2944 59 6511
2943 60 6510
2942 61 6509
2941 62 6508
2940 63 6507
2939 64 6506
2938 65 6505
2937 66 6504
2936 67 6503
2935 68 6502
2934 69 6501
2933 70 6500
2932 71 6499
2931 72 6498
2930 73 6497
2929 74 6496
2928 75 6495
2927 76 6494
2926 77 6493
2925 78 6492
2924 79 6491
2923 80 6490
2922 81 6489
2921 82 6488
2920 83 6487
2919 84 6486
2918 85 6485
2917 86 6484
2916 87 6483
2915 88 6482
2914 89 6481
2913 90 6480
2912 91 6479
2911 92 6478
2910 93 6477
2909 94 6476
2908 95 6475
2907 96 6474
2906 97 6473
2905 98 6472
2904 99 6471
2903 100 6470
2902 101 6469
2901 102 6468
2900 103 6467
2899 104 6466
2898 105 6465
2897 106 6464
2896 107 6463
2895 108 6462
2894 109 6461
2893 110 6460
2892 111 6459
2891 112 6458
2890 113 6457
2889 114 6456
2888 115 6455
2887 116 6454
2886 117 6453
2885 118 6452
2884 119 6451
2883 120 6450
2882 121 6449
2881 122 6448
2880 123 6447
2879 124 6446
2878 125 6445
2877 126 6444
2876 127 6443
2875 128 6442
2874 129 6441
2873 130 6440
2872 131 6439
2871 132 6438
2870 133 6437
2869 134 6436
2868 135 6435
2867 136 6434
2866 137 6433
2865 138 6432
2864 139 6431
2863 140 6430
2862 141 6429
2861 142 6428
2860 143 6427
2859 144 6426
2858 145 6425
2857 146 6424
2856 147 6423
2855 148 6422
2854 149 6421
2853 150 6420
2852 151 6419
2851 152 6418
2850 153 6417
2849 154 6416
2848 155 6415
2847 156 6414
2846 157 6413
2845 158 6412
2844 159 6411
2843 160 6410
2842 161 6409
2841 162 6408
2840 163 6407
2839 164 6406
2838 165 6405
2837 166 6404
2836 167 6403
2835 168 6402
2834 169 6401
2833 170 6400
2832 171 6399
2831 172 6398
2830 173 6397
2829 174 6396
2828 175 6395
2827 176 6394
2826 177 6393
2825 178 6392
2824 179 6391
2823 180 6390
2822 181 6389
2821 182 6388
2820 183 6387
2819 184 6386
2818 185 6385
2817 186 6384
2816 187 6383
2815 188 6382
2814 189 6381
2813 190 6380
2812 191 6379
2811 192 6378
2810 193 6377
2809 194 6376
2808 195 6375
2807 196 6374
2806 197 6373
2805 198 6372
2804 199 6371
2803 200 6370
2802 201 6369
2801 202 6368
2800 203 6367
2799 204 6366
2798 205 6365
2797 206 6364
2796 207 6363
2795 208 6362
2794 209 6361
2793 210 6360
2792 211 6359
2791 212 6358
2790 213 6357
2789 214 6356
2788 215 6355
2787 216 6354
2786 217 6353
2785 218 6352
2784 219 6351
2783 220 6350
2782 221 6349
2781 222 6348
2780 223 6347
2779 224 6346
2778 225 6345
2777 226 6344
2776 227 6343
2775 228 6342
2774 229 6341
2773 230 6340
2772 231 6339
2771 232 6338
2770 233 6337
2769 234 6336
2768 235 6335
2767 236 6334
2766 237 6333
2765 238 6332
2764 239 6331
2763 240 6330
2762 241 6329
2761 242 6328
2760 243 6327
2759 244 6326
2758 245 6325
2757 246 6324
2756 247 6323
2755 248 6322
2754 249 6321
2753 250 6320
2752 251 6319
2751 252 6318
2750 253 6317
2749 254 6316
2748 255 6315
2747 256 6314
2746 257 6313
2745 258 6312
2744 259 6311
2743 260 6310
2742 261 6309
2741 262 6308
2740 263 6307
2739 264 6306
2738 265 6305
2737 266 6304
2736 267 6303
2735 268 6302
2734 269 6301
2733 270 6300
2732 271 6299
2731 272 6298
2730 273 6297
2729 274 6296
2728 275 6295
2727 276 6294
2726 277 6293
2725 278 6292
2724 279 6291
2723 280 6290
2722 281 6289
2721 282 6288
2720 283 6287
2719 284 6286
2718 285 6285
2717 286 6284
2716 287 6283
2715 288 6282
2714 289 6281
2713 290 6280
2712 291 6279
2711 292 6278
2710 293 6277
2709 294 6276
2708 295 6275
2707 296 6274
2706 297 6273
2705 298 6272
2704 299 6271
2703 300 6270
2702 301 6269
2701 302 6268
2700 303 6267
2699 304 6266
2698 305 6265
2697 306 6264
2696 307 6263
2695 308 6262
2694 309 6261
2693 310 6260
2692 311 6259
2691 312 6258
2690 313 6257
2689 314 6256
2688 315 6255
2687 316 6254
2686 317 6253
2685 318 6252
2684 319 6251
2683 320 6250
2682 321 6249
2681 322 6248
2680 323 6247
2679 324 6246
2678 325 6245
2677 326 6244
2676 327 6243
2675 328 6242
2674 329 6241
2673 330 6240
2672 331 6239
2671 332 6238
2670 333 6237
2669 334 6236
2668 335 6235
2667 336 6234
2666 337 6233
2665 338 6232
2664 339 6231
2663 340 6230
2662 341 6229
2661 342 6228
2660 343 6227
2659 344 6226
2658 345 6225
2657 346 6224
2656 347 6223
2655 348 6222
2654 349 6221
2653 350 6220
2652 351 6219
2651 352 6218
2650 353 6217
2649 354 6216
2648 355 6215
2647 356 6214
2646 357 6213
2645 358 6212
2644 359 6211
2643 360 6210
2642 361 6209
2641 362 6208
2640 363 6207
2639 364 6206
2638 365 6205
2637 366 6204
2636 367 6203
2635 368 6202
2634 369 6201
2633 370 6200
2632 371 6199
2631 372 6198
2630 373 6197
2629 374 6196
2628 375 6195
2627 376 6194
2626 377 6193
2625 378 6192
2624 379 6191
2623 380 6190
2622 381 6189
2621 382 6188
2620 383 6187
2619 384 6186
2618 385 6185
2617 386 6184
2616 387 6183
2615 388 6182
2614 389 6181
2613 390 6180
2612 391 6179
2611 392 6178
2610 393 6177
2609 394 6176
2608 395 6175
2607 396 6174
2606 397 6173
2605 398 6172
2604 399 6171
2603 400 6170
2602 401 6169
2601 402 6168
2600 403 6167
2599 404 6166
2598 405 6165
2597 406 6164
2596 407 6163
2595 408 6162
2594 409 6161
2593 410 6160
2592 411 6159
2591 412 6158
2590 413 6157
2589 414 6156
2588 415 6155
2587 416 6154
2586 417 6153
2585 418 6152
2584 419 6151
2583 420 6150
2582 421 6149
2581 422 6148
2580 423 6147
2579 424 6146
2578 425 6145
2577 426 6144
2576 427 6143
2575 428 6142
2574 429 6141
2573 430 6140
2572 431 6139
2571 432 6138
2570 433 6137
2569 434 6136
2568 435 6135
2567 436 6134
2566 437 6133
2565 438 6132
2564 439 6131
2563 440 6130
2562 441 6129
2561 442 6128
2560 443 6127
2559 444 6126
2558 445 6125
2557 446 6124
2556 447 6123
2555 448 6122
2554 449 6121
2553 450 6120
2552 451 6119
2551 452 6118
2550 453 6117
2549 454 6116
2548 455 6115
2547 456 6114
2546 457 6113
2545 458 6112
2544 459 6111
2543 460 6110
2542 461 6109
2541 462 6108
2540 463 6107
2539 464 6106
2538 465 6105
2537 466 6104
2536 467 6103
2535 468 6102
2534 469 6101
2533 470 6100
2532 471 6099
2531 472 6098
2530 473 6097
2529 474 6096
2528 475 6095
2527 476 6094
2526 477 6093
2525 478 6092
2524 479 6091
2523 480 6090
2522 481 6089
2521 482 6088
2520 483 6087
2519 484 6086
2518 485 6085
2517 486 6084
2516 487 6083
2515 488 6082
2514 489 6081
2513 490 6080
2512 491 6079
2511 492 6078
2510 493 6077
2509 494 6076
2508 495 6075
2507 496 6074
2506 497 6073
2505 498 6072
2504 499 6071
2503 500 6070
2502 501 6069
2501 502 6068
2500 503 6067
2499 504 6066
2498 505 6065
2497 506 6064
2496 507 6063
2495 508 6062
2494 509 6061
2493 510 6060
2492 511 6059
2491 512 6058
2490 513 6057
2489 514 6056
2488 515 6055
2487 516 6054
2486 517 6053
2485 518 6052
2484 519 6051
2483 520 6050
2482 521 6049
2481 522 6048
2480 523 6047
2479 524 6046
2478 525 6045
2477 526 6044
2476 527 6043
2475 528 6042
2474 529 6041
2473 530 6040
2472 531 6039
2471 532 6038
2470 533 6037
2469 534 6036
2468 535 6035
2467 536 6034
2466 537 6033
2465 538 6032
2464 539 6031
2463 540 6030
2462 541 6029
2461 542 6028
2460 543 6027
2459 544 6026
2458 545 6025
2457 546 6024
2456 547 6023
2455 548 6022
2454 549 6021
2453 550 6020
2452 551 6019
2451 552 6018
2450 553 6017
2449 554 6016
2448 555 6015
2447 556 6014
2446 557 6013
2445 558 6012
2444 559 6011
2443 560 6010
2442 561 6009
2441 562 6008
2440 563 6007
2439 564 6006
2438 565 6005
2437 566 6004
2436 567 6003
2435 568 6002
2434 569 6001
