2061
3000 3 8061
2999 4 8060
2998 5 8059
2997 6 8058
2996 7 8057
2995 8 8056
2994 9 8055
2993 10 8054
2992 11 8053
2991 12 8052
2990 13 8051
2989 14 8050
2988 15 8049
2987 16 8048
2986 17 8047
2985 18 8046
2984 19 8045
2983 20 8044
2982 21 8043
2981 22 8042
2980 23 8041
2979 24 8040
2978 25 8039
2977 26 8038
2976 27 8037
2975 28 8036
2974 29 8035
2973 30 8034
2972 31 8033
2971 32 8032
2970 33 8031
2969 34 8030
2968 35 8029
2967 36 8028
2966 37 8027
2965 38 8026
2964 39 8025
2963 40 8024
2962 41 8023
2961 42 8022
2960 43 8021
2959 44 8020
2958 45 8019
2957 46 8018
2956 47 8017
2955 48 8016
2954 49 8015
2953 50 8014
2952 51 8013
2951 52 8012
2950 53 8011
2949 54 8010
2948 55 8009
2947 56 8008
2946 57 8007
2945 58 8006
2944 59 8005
2943 60 8004
2942 61 8003
2941 62 8002
2940 63 8001
2939 64 8000
2938 65 7999
2937 66 7998
2936 67 7997
2935 68 7996
2934 69 7995
2933 70 7994
2932 71 7993
2931 72 7992
2930 73 7991
2929 74 7990
2928 75 7989
2927 76 7988
2926 77 7987
2925 78 7986
2924 79 7985
2923 80 7984
2922 81 7983
2921 82 7982
2920 83 7981
2919 84 7980
2918 85 7979
2917 86 7978
2916 87 7977
2915 88 7976
2914 89 7975
2913 90 7974
2912 91 7973
2911 92 7972
2910 93 7971
2909 94 7970
2908 95 7969
2907 96 7968
2906 97 7967
2905 98 7966
2904 99 7965
2903 100 7964
2902 101 7963
2901 102 7962
2900 103 7961
2899 104 7960
2898 105 7959
2897 106 7958
2896 107 7957
2895 108 7956
2894 109 7955
2893 110 7954
2892 111 7953
2891 112 7952
2890 113 7951
2889 114 7950
2888 115 7949
2887 116 7948
2886 117 7947
2885 118 7946
2884 119 7945
2883 120 7944
2882 121 7943
2881 122 7942
2880 123 7941
2879 124 7940
2878 125 7939
2877 126 7938
2876 127 7937
2875 128 7936
2874 129 7935
2873 130 7934
2872 131 7933
2871 132 7932
2870 133 7931
2869 134 7930
2868 135 7929
2867 136 7928
2866 137 7927
2865 138 7926
2864 139 7925
2863 140 7924
2862 141 7923
2861 142 7922
2860 143 7921
2859 144 7920
2858 145 7919
2857 146 7918
2856 147 7917
2855 148 7916
2854 149 7915
2853 150 7914
2852 151 7913
2851 152 7912
2850 153 7911
2849 154 7910
2848 155 7909
2847 156 7908
2846 157 7907
2845 158 7906
2844 159 7905
2843 160 7904
2842 161 7903
2841 162 7902
2840 163 7901
2839 164 7900
2838 165 7899
2837 166 7898
2836 167 7897
2835 168 7896
2834 169 7895
2833 170 7894
2832 171 7893
2831 172 7892
2830 173 7891
2829 174 7890
2828 175 7889
2827 176 7888
2826 177 7887
2825 178 7886
2824 179 7885
2823 180 7884
2822 181 7883
2821 182 7882
2820 183 7881
2819 184 7880
2818 185 7879
2817 186 7878
2816 187 7877
2815 188 7876
2814 189 7875
2813 190 7874
2812 191 7873
2811 192 7872
2810 193 7871
2809 194 7870
2808 195 7869
2807 196 7868
2806 197 7867
2805 198 7866
2804 199 7865
2803 200 7864
2802 201 7863
2801 202 7862
2800 203 7861
2799 204 7860
2798 205 7859
2797 206 7858
2796 207 7857
2795 208 7856
2794 209 7855
2793 210 7854
2792 211 7853
2791 212 7852
2790 213 7851
2789 214 7850
2788 215 7849
2787 216 7848
2786 217 7847
2785 218 7846
2784 219 7845
2783 220 7844
2782 221 7843
2781 222 7842
2780 223 7841
2779 224 7840
2778 225 7839
2777 226 7838
2776 227 7837
2775 228 7836
2774 229 7835
2773 230 7834
2772 231 7833
2771 232 7832
2770 233 7831
2769 234 7830
2768 235 7829
2767 236 7828
2766 237 7827
2765 238 7826
2764 239 7825
2763 240 7824
2762 241 7823
2761 242 7822
2760 243 7821
2759 244 7820
2758 245 7819
2757 246 7818
2756 247 7817
2755 248 7816
2754 249 7815
2753 250 7814
2752 251 7813
2751 252 7812
2750 253 7811
2749 254 7810
2748 255 7809
2747 256 7808
2746 257 7807
2745 258 7806
2744 259 7805
2743 260 7804
2742 261 7803
2741 262 7802
2740 263 7801
2739 264 7800
2738 265 7799
2737 266 7798
2736 267 7797
2735 268 7796
2734 269 7795
2733 270 7794
2732 271 7793
2731 272 7792
2730 273 7791
2729 274 7790
2728 275 7789
2727 276 7788
2726 277 7787
2725 278 7786
2724 279 7785
2723 280 7784
2722 281 7783
2721 282 7782
2720 283 7781
2719 284 7780
2718 285 7779
2717 286 7778
2716 287 7777
2715 288 7776
2714 289 7775
2713 290 7774
2712 291 7773
2711 292 7772
2710 293 7771
2709 294 7770
2708 295 7769
2707 296 7768
2706 297 7767
2705 298 7766
2704 299 7765
2703 300 7764
2702 301 7763
2701 302 7762
2700 303 7761
2699 304 7760
2698 305 7759
2697 306 7758
2696 307 7757
2695 308 7756
2694 309 7755
2693 310 7754
2692 311 7753
2691 312 7752
2690 313 7751
2689 314 7750
2688 315 7749
2687 316 7748
2686 317 7747
2685 318 7746
2684 319 7745
2683 320 7744
2682 321 7743
2681 322 7742
2680 323 7741
2679 324 7740
2678 325 7739
2677 326 7738
2676 327 7737
2675 328 7736
2674 329 7735
2673 330 7734
2672 331 7733
2671 332 7732
2670 333 7731
2669 334 7730
2668 335 7729
2667 336 7728
2666 337 7727
2665 338 7726
2664 339 7725
2663 340 7724
2662 341 7723
2661 342 7722
2660 343 7721
2659 344 7720
2658 345 7719
2657 346 7718
2656 347 7717
2655 348 7716
2654 349 7715
2653 350 7714
2652 351 7713
2651 352 7712
2650 353 7711
2649 354 7710
2648 355 7709
2647 356 7708
2646 357 7707
2645 358 7706
2644 359 7705
2643 360 7704
2642 361 7703
2641 362 7702
2640 363 7701
2639 364 7700
2638 365 7699
2637 366 7698
2636 367 7697
2635 368 7696
2634 369 7695
2633 370 7694
2632 371 7693
2631 372 7692
2630 373 7691
2629 374 7690
2628 375 7689
2627 376 7688
2626 377 7687
2625 378 7686
2624 379 7685
2623 380 7684
2622 381 7683
2621 382 7682
2620 383 7681
2619 384 7680
2618 385 7679
2617 386 7678
2616 387 7677
2615 388 7676
2614 389 7675
2613 390 7674
2612 391 7673
2611 392 7672
2610 393 7671
2609 394 7670
2608 395 7669
2607 396 7668
2606 397 7667
2605 398 7666
2604 399 7665
2603 400 7664
2602 401 7663
2601 402 7662
2600 403 7661
2599 404 7660
2598 405 7659
2597 406 7658
2596 407 7657
2595 408 7656
2594 409 7655
2593 410 7654
2592 411 7653
2591 412 7652
2590 413 7651
2589 414 7650
2588 415 7649
2587 416 7648
2586 417 7647
2585 418 7646
2584 419 7645
2583 420 7644
2582 421 7643
2581 422 7642
2580 423 7641
2579 424 7640
2578 425 7639
2577 426 7638
2576 427 7637
2575 428 7636
2574 429 7635
2573 430 7634
2572 431 7633
2571 432 7632
2570 433 7631
2569 434 7630
2568 435 7629
2567 436 7628
2566 437 7627
2565 438 7626
2564 439 7625
2563 440 7624
2562 441 7623
2561 442 7622
2560 443 7621
2559 444 7620
2558 445 7619
2557 446 7618
2556 447 7617
2555 448 7616
2554 449 7615
2553 450 7614
2552 451 7613
2551 452 7612
2550 453 7611
2549 454 7610
2548 455 7609
2547 456 7608
2546 457 7607
2545 458 7606
2544 459 7605
2543 460 7604
2542 461 7603
2541 462 7602
2540 463 7601
2539 464 7600
2538 465 7599
2537 466 7598
2536 467 7597
2535 468 7596
2534 469 7595
2533 470 7594
2532 471 7593
2531 472 7592
2530 473 7591
2529 474 7590
2528 475 7589
2527 476 7588
2526 477 7587
2525 478 7586
2524 479 7585
2523 480 7584
2522 481 7583
2521 482 7582
2520 483 7581
2519 484 7580
2518 485 7579
2517 486 7578
2516 487 7577
2515 488 7576
2514 489 7575
2513 490 7574
2512 491 7573
2511 492 7572
2510 493 7571
2509 494 7570
2508 495 7569
2507 496 7568
2506 497 7567
2505 498 7566
2504 499 7565
2503 500 7564
2502 501 7563
2501 502 7562
2500 503 7561
2499 504 7560
2498 505 7559
2497 506 7558
2496 507 7557
2495 508 7556
2494 509 7555
2493 510 7554
2492 511 7553
2491 512 7552
2490 513 7551
2489 514 7550
2488 515 7549
2487 516 7548
2486 517 7547
2485 518 7546
2484 519 7545
2483 520 7544
2482 521 7543
2481 522 7542
2480 523 7541
2479 524 7540
2478 525 7539
2477 526 7538
2476 527 7537
2475 528 7536
2474 529 7535
2473 530 7534
2472 531 7533
2471 532 7532
2470 533 7531
2469 534 7530
2468 535 7529
2467 536 7528
2466 537 7527
2465 538 7526
2464 539 7525
2463 540 7524
2462 541 7523
2461 542 7522
2460 543 7521
2459 544 7520
2458 545 7519
2457 546 7518
2456 547 7517
2455 548 7516
2454 549 7515
2453 550 7514
2452 551 7513
2451 552 7512
2450 553 7511
2449 554 7510
2448 555 7509
2447 556 7508
2446 557 7507
2445 558 7506
2444 559 7505
2443 560 7504
2442 561 7503
2441 562 7502
2440 563 7501
2439 564 7500
2438 565 7499
2437 566 7498
2436 567 7497
2435 568 7496
2434 569 7495
2433 570 7494
2432 571 7493
2431 572 7492
2430 573 7491
2429 574 7490
2428 575 7489
2427 576 7488
2426 577 7487
2425 578 7486
2424 579 7485
2423 580 7484
2422 581 7483
2421 582 7482
2420 583 7481
2419 584 7480
2418 585 7479
2417 586 7478
2416 587 7477
2415 588 7476
2414 589 7475
2413 590 7474
2412 591 7473
2411 592 7472
2410 593 7471
2409 594 7470
2408 595 7469
2407 596 7468
2406 597 7467
2405 598 7466
2404 599 7465
2403 600 7464
2402 601 7463
2401 602 7462
2400 603 7461
2399 604 7460
2398 605 7459
2397 606 7458
2396 607 7457
2395 608 7456
2394 609 7455
2393 610 7454
2392 611 7453
2391 612 7452
2390 613 7451
2389 614 7450
2388 615 7449
2387 616 7448
2386 617 7447
2385 618 7446
2384 619 7445
2383 620 7444
2382 621 7443
2381 622 7442
2380 623 7441
2379 624 7440
2378 625 7439
2377 626 7438
2376 627 7437
2375 628 7436
2374 629 7435
2373 630 7434
2372 631 7433
2371 632 7432
2370 633 7431
2369 634 7430
2368 635 7429
2367 636 7428
2366 637 7427
2365 638 7426
2364 639 7425
2363 640 7424
2362 641 7423
2361 642 7422
2360 643 7421
2359 644 7420
2358 645 7419
2357 646 7418
2356 647 7417
2355 648 7416
2354 649 7415
2353 650 7414
2352 651 7413
2351 652 7412
2350 653 7411
2349 654 7410
2348 655 7409
2347 656 7408
2346 657 7407
2345 658 7406
2344 659 7405
2343 660 7404
2342 661 7403
2341 662 7402
2340 663 7401
2339 664 7400
2338 665 7399
2337 666 7398
2336 667 7397
2335 668 7396
2334 669 7395
2333 670 7394
2332 671 7393
2331 672 7392
2330 673 7391
2329 674 7390
2328 675 7389
2327 676 7388
2326 677 7387
2325 678 7386
2324 679 7385
2323 680 7384
2322 681 7383
2321 682 7382
2320 683 7381
2319 684 7380
2318 685 7379
2317 686 7378
2316 687 7377
2315 688 7376
2314 689 7375
2313 690 7374
2312 691 7373
2311 692 7372
2310 693 7371
2309 694 7370
2308 695 7369
2307 696 7368
2306 697 7367
2305 698 7366
2304 699 7365
2303 700 7364
2302 701 7363
2301 702 7362
2300 703 7361
2299 704 7360
2298 705 7359
2297 706 7358
2296 707 7357
2295 708 7356
2294 709 7355
2293 710 7354
2292 711 7353
2291 712 7352
2290 713 7351
2289 714 7350
2288 715 7349
2287 716 7348
2286 717 7347
2285 718 7346
2284 719 7345
2283 720 7344
2282 721 7343
2281 722 7342
2280 723 7341
2279 724 7340
2278 725 7339
2277 726 7338
2276 727 7337
2275 728 7336
2274 729 7335
2273 730 7334
2272 731 7333
2271 732 7332
2270 733 7331
2269 734 7330
2268 735 7329
2267 736 7328
2266 737 7327
2265 738 7326
2264 739 7325
2263 740 7324
2262 741 7323
2261 742 7322
2260 743 7321
2259 744 7320
2258 745 7319
2257 746 7318
2256 747 7317
2255 748 7316
2254 749 7315
2253 750 7314
2252 751 7313
2251 752 7312
2250 753 7311
2249 754 7310
2248 755 7309
2247 756 7308
2246 757 7307
2245 758 7306
2244 759 7305
2243 760 7304
2242 761 7303
2241 762 7302
2240 763 7301
2239 764 7300
2238 765 7299
2237 766 7298
2236 767 7297
2235 768 7296
2234 769 7295
2233 770 7294
2232 771 7293
2231 772 7292
2230 773 7291
2229 774 7290
2228 775 7289
2227 776 7288
2226 777 7287
2225 778 7286
2224 779 7285
2223 780 7284
2222 781 7283
2221 782 7282
2220 783 7281
2219 784 7280
2218 785 7279
2217 786 7278
2216 787 7277
2215 788 7276
2214 789 7275
2213 790 7274
2212 791 7273
2211 792 7272
2210 793 7271
2209 794 7270
2208 795 7269
2207 796 7268
2206 797 7267
2205 798 7266
2204 799 7265
2203 800 7264
2202 801 7263
2201 802 7262
2200 803 7261
2199 804 7260
2198 805 7259
2197 806 7258
2196 807 7257
2195 808 7256
2194 809 7255
2193 810 7254
2192 811 7253
2191 812 7252
2190 813 7251
2189 814 7250
2188 815 7249
2187 816 7248
2186 817 7247
2185 818 7246
2184 819 7245
2183 820 7244
2182 821 7243
2181 822 7242
2180 823 7241
2179 824 7240
2178 825 7239
2177 826 7238
2176 827 7237
2175 828 7236
2174 829 7235
2173 830 7234
2172 831 7233
2171 832 7232
2170 833 7231
2169 834 7230
2168 835 7229
2167 836 7228
2166 837 7227
2165 838 7226
2164 839 7225
2163 840 7224
2162 841 7223
2161 842 7222
2160 843 7221
2159 844 7220
2158 845 7219
2157 846 7218
2156 847 7217
2155 848 7216
2154 849 7215
2153 850 7214
2152 851 7213
2151 852 7212
2150 853 7211
2149 854 7210
2148 855 7209
2147 856 7208
2146 857 7207
2145 858 7206
2144 859 7205
2143 860 7204
2142 861 7203
2141 862 7202
2140 863 7201
2139 864 7200
2138 865 7199
2137 866 7198
2136 867 7197
2135 868 7196
2134 869 7195
2133 870 7194
2132 871 7193
2131 872 7192
2130 873 7191
2129 874 7190
2128 875 7189
2127 876 7188
2126 877 7187
2125 878 7186
2124 879 7185
2123 880 7184
2122 881 7183
2121 882 7182
2120 883 7181
2119 884 7180
2118 885 7179
2117 886 7178
2116 887 7177
2115 888 7176
2114 889 7175
2113 890 7174
2112 891 7173
2111 892 7172
2110 893 7171
2109 894 7170
2108 895 7169
2107 896 7168
2106 897 7167
2105 898 7166
2104 899 7165
2103 900 7164
2102 901 7163
2101 902 7162
2100 903 7161
2099 904 7160
2098 905 7159
2097 906 7158
2096 907 7157
2095 908 7156
2094 909 7155
2093 910 7154
2092 911 7153
2091 912 7152
2090 913 7151
2089 914 7150
2088 915 7149
2087 916 7148
2086 917 7147
2085 918 7146
2084 919 7145
2083 920 7144
2082 921 7143
2081 922 7142
2080 923 7141
2079 924 7140
2078 925 7139
2077 926 7138
2076 927 7137
2075 928 7136
2074 929 7135
2073 930 7134
2072 931 7133
2071 932 7132
2070 933 7131
2069 934 7130
2068 935 7129
2067 936 7128
2066 937 7127
2065 938 7126
2064 939 7125
2063 940 7124
2062 941 7123
2061 942 7122
2060 943 7121
2059 944 7120
2058 945 7119
2057 946 7118
2056 947 7117
2055 948 7116
2054 949 7115
2053 950 7114
2052 951 7113
2051 952 7112
2050 953 7111
2049 954 7110
2048 955 7109
2047 956 7108
2046 957 7107
2045 958 7106
2044 959 7105
2043 960 7104
2042 961 7103
2041 962 7102
2040 963 7101
2039 964 7100
2038 965 7099
2037 966 7098
2036 967 7097
2035 968 7096
2034 969 7095
2033 970 7094
2032 971 7093
2031 972 7092
2030 973 7091
2029 974 7090
2028 975 7089
2027 976 7088
2026 977 7087
2025 978 7086
2024 979 7085
2023 980 7084
2022 981 7083
2021 982 7082
2020 983 7081
2019 984 7080
2018 985 7079
2017 986 7078
2016 987 7077
2015 988 7076
2014 989 7075
2013 990 7074
2012 991 7073
2011 992 7072
2010 993 7071
2009 994 7070
2008 995 7069
2007 996 7068
2006 997 7067
2005 998 7066
2004 999 7065
2003 1000 7064
2002 1001 7063
2001 1002 7062
2000 1003 7061
1999 1004 7060
1998 1005 7059
1997 1006 7058
1996 1007 7057
1995 1008 7056
1994 1009 7055
1993 1010 7054
1992 1011 7053
1991 1012 7052
1990 1013 7051
1989 1014 7050
1988 1015 7049
1987 1016 7048
1986 1017 7047
1985 1018 7046
1984 1019 7045
1983 1020 7044
1982 1021 7043
1981 1022 7042
1980 1023 7041
1979 1024 7040
1978 1025 7039
1977 1026 7038
1976 1027 7037
1975 1028 7036
1974 1029 7035
1973 1030 7034
1972 1031 7033
1971 1032 7032
1970 1033 7031
1969 1034 7030
1968 1035 7029
1967 1036 7028
1966 1037 7027
1965 1038 7026
1964 1039 7025
1963 1040 7024
1962 1041 7023
1961 1042 7022
1960 1043 7021
1959 1044 7020
1958 1045 7019
1957 1046 7018
1956 1047 7017
1955 1048 7016
1954 1049 7015
1953 1050 7014
1952 1051 7013
1951 1052 7012
1950 1053 7011
1949 1054 7010
1948 1055 7009
1947 1056 7008
1946 1057 7007
1945 1058 7006
1944 1059 7005
1943 1060 7004
1942 1061 7003
1941 1062 7002
1940 1063 7001
1939 1064 7000
1938 1065 6999
1937 1066 6998
1936 1067 6997
1935 1068 6996
1934 1069 6995
1933 1070 6994
1932 1071 6993
1931 1072 6992
1930 1073 6991
1929 1074 6990
1928 1075 6989
1927 1076 6988
1926 1077 6987
1925 1078 6986
1924 1079 6985
1923 1080 6984
1922 1081 6983
1921 1082 6982
1920 1083 6981
1919 1084 6980
1918 1085 6979
1917 1086 6978
1916 1087 6977
1915 1088 6976
1914 1089 6975
1913 1090 6974
1912 1091 6973
1911 1092 6972
1910 1093 6971
1909 1094 6970
1908 1095 6969
1907 1096 6968
1906 1097 6967
1905 1098 6966
1904 1099 6965
1903 1100 6964
1902 1101 6963
1901 1102 6962
1900 1103 6961
1899 1104 6960
1898 1105 6959
1897 1106 6958
1896 1107 6957
1895 1108 6956
1894 1109 6955
1893 1110 6954
1892 1111 6953
1891 1112 6952
1890 1113 6951
1889 1114 6950
1888 1115 6949
1887 1116 6948
1886 1117 6947
1885 1118 6946
1884 1119 6945
1883 1120 6944
1882 1121 6943
1881 1122 6942
1880 1123 6941
1879 1124 6940
1878 1125 6939
1877 1126 6938
1876 1127 6937
1875 1128 6936
1874 1129 6935
1873 1130 6934
1872 1131 6933
1871 1132 6932
1870 1133 6931
1869 1134 6930
1868 1135 6929
1867 1136 6928
1866 1137 6927
1865 1138 6926
1864 1139 6925
1863 1140 6924
1862 1141 6923
1861 1142 6922
1860 1143 6921
1859 1144 6920
1858 1145 6919
1857 1146 6918
1856 1147 6917
1855 1148 6916
1854 1149 6915
1853 1150 6914
1852 1151 6913
1851 1152 6912
1850 1153 6911
1849 1154 6910
1848 1155 6909
1847 1156 6908
1846 1157 6907
1845 1158 6906
1844 1159 6905
1843 1160 6904
1842 1161 6903
1841 1162 6902
1840 1163 6901
1839 1164 6900
1838 1165 6899
1837 1166 6898
1836 1167 6897
1835 1168 6896
1834 1169 6895
1833 1170 6894
1832 1171 6893
1831 1172 6892
1830 1173 6891
1829 1174 6890
1828 1175 6889
1827 1176 6888
1826 1177 6887
1825 1178 6886
1824 1179 6885
1823 1180 6884
1822 1181 6883
1821 1182 6882
1820 1183 6881
1819 1184 6880
1818 1185 6879
1817 1186 6878
1816 1187 6877
1815 1188 6876
1814 1189 6875
1813 1190 6874
1812 1191 6873
1811 1192 6872
1810 1193 6871
1809 1194 6870
1808 1195 6869
1807 1196 6868
1806 1197 6867
1805 1198 6866
1804 1199 6865
1803 1200 6864
1802 1201 6863
1801 1202 6862
1800 1203 6861
1799 1204 6860
1798 1205 6859
1797 1206 6858
1796 1207 6857
1795 1208 6856
1794 1209 6855
1793 1210 6854
1792 1211 6853
1791 1212 6852
1790 1213 6851
1789 1214 6850
1788 1215 6849
1787 1216 6848
1786 1217 6847
1785 1218 6846
1784 1219 6845
1783 1220 6844
1782 1221 6843
1781 1222 6842
1780 1223 6841
1779 1224 6840
1778 1225 6839
1777 1226 6838
1776 1227 6837
1775 1228 6836
1774 1229 6835
1773 1230 6834
1772 1231 6833
1771 1232 6832
1770 1233 6831
1769 1234 6830
1768 1235 6829
1767 1236 6828
1766 1237 6827
1765 1238 6826
1764 1239 6825
1763 1240 6824
1762 1241 6823
1761 1242 6822
1760 1243 6821
1759 1244 6820
1758 1245 6819
1757 1246 6818
1756 1247 6817
1755 1248 6816
1754 1249 6815
1753 1250 6814
1752 1251 6813
1751 1252 6812
1750 1253 6811
1749 1254 6810
1748 1255 6809
1747 1256 6808
1746 1257 6807
1745 1258 6806
1744 1259 6805
1743 1260 6804
1742 1261 6803
1741 1262 6802
1740 1263 6801
1739 1264 6800
1738 1265 6799
1737 1266 6798
1736 1267 6797
1735 1268 6796
1734 1269 6795
1733 1270 6794
1732 1271 6793
1731 1272 6792
1730 1273 6791
1729 1274 6790
1728 1275 6789
1727 1276 6788
1726 1277 6787
1725 1278 6786
1724 1279 6785
1723 1280 6784
1722 1281 6783
1721 1282 6782
1720 1283 6781
1719 1284 6780
1718 1285 6779
1717 1286 6778
1716 1287 6777
1715 1288 6776
1714 1289 6775
1713 1290 6774
1712 1291 6773
1711 1292 6772
1710 1293 6771
1709 1294 6770
1708 1295 6769
1707 1296 6768
1706 1297 6767
1705 1298 6766
1704 1299 6765
1703 1300 6764
1702 1301 6763
1701 1302 6762
1700 1303 6761
1699 1304 6760
1698 1305 6759
1697 1306 6758
1696 1307 6757
1695 1308 6756
1694 1309 6755
1693 1310 6754
1692 1311 6753
1691 1312 6752
1690 1313 6751
1689 1314 6750
1688 1315 6749
1687 1316 6748
1686 1317 6747
1685 1318 6746
1684 1319 6745
1683 1320 6744
1682 1321 6743
1681 1322 6742
1680 1323 6741
1679 1324 6740
1678 1325 6739
1677 1326 6738
1676 1327 6737
1675 1328 6736
1674 1329 6735
1673 1330 6734
1672 1331 6733
1671 1332 6732
1670 1333 6731
1669 1334 6730
1668 1335 6729
1667 1336 6728
1666 1337 6727
1665 1338 6726
1664 1339 6725
1663 1340 6724
1662 1341 6723
1661 1342 6722
1660 1343 6721
1659 1344 6720
1658 1345 6719
1657 1346 6718
1656 1347 6717
1655 1348 6716
1654 1349 6715
1653 1350 6714
1652 1351 6713
1651 1352 6712
1650 1353 6711
1649 1354 6710
1648 1355 6709
1647 1356 6708
1646 1357 6707
1645 1358 6706
1644 1359 6705
1643 1360 6704
1642 1361 6703
1641 1362 6702
1640 1363 6701
1639 1364 6700
1638 1365 6699
1637 1366 6698
1636 1367 6697
1635 1368 6696
1634 1369 6695
1633 1370 6694
1632 1371 6693
1631 1372 6692
1630 1373 6691
1629 1374 6690
1628 1375 6689
1627 1376 6688
1626 1377 6687
1625 1378 6686
1624 1379 6685
1623 1380 6684
1622 1381 6683
1621 1382 6682
1620 1383 6681
1619 1384 6680
1618 1385 6679
1617 1386 6678
1616 1387 6677
1615 1388 6676
1614 1389 6675
1613 1390 6674
1612 1391 6673
1611 1392 6672
1610 1393 6671
1609 1394 6670
1608 1395 6669
1607 1396 6668
1606 1397 6667
1605 1398 6666
1604 1399 6665
1603 1400 6664
1602 1401 6663
1601 1402 6662
1600 1403 6661
1599 1404 6660
1598 1405 6659
1597 1406 6658
1596 1407 6657
1595 1408 6656
1594 1409 6655
1593 1410 6654
1592 1411 6653
1591 1412 6652
1590 1413 6651
1589 1414 6650
1588 1415 6649
1587 1416 6648
1586 1417 6647
1585 1418 6646
1584 1419 6645
1583 1420 6644
1582 1421 6643
1581 1422 6642
1580 1423 6641
1579 1424 6640
1578 1425 6639
1577 1426 6638
1576 1427 6637
1575 1428 6636
1574 1429 6635
1573 1430 6634
1572 1431 6633
1571 1432 6632
1570 1433 6631
1569 1434 6630
1568 1435 6629
1567 1436 6628
1566 1437 6627
1565 1438 6626
1564 1439 6625
1563 1440 6624
1562 1441 6623
1561 1442 6622
1560 1443 6621
1559 1444 6620
1558 1445 6619
1557 1446 6618
1556 1447 6617
1555 1448 6616
1554 1449 6615
1553 1450 6614
1552 1451 6613
1551 1452 6612
1550 1453 6611
1549 1454 6610
1548 1455 6609
1547 1456 6608
1546 1457 6607
1545 1458 6606
1544 1459 6605
1543 1460 6604
1542 1461 6603
1541 1462 6602
1540 1463 6601
1539 1464 6600
1538 1465 6599
1537 1466 6598
1536 1467 6597
1535 1468 6596
1534 1469 6595
1533 1470 6594
1532 1471 6593
1531 1472 6592
1530 1473 6591
1529 1474 6590
1528 1475 6589
1527 1476 6588
1526 1477 6587
1525 1478 6586
1524 1479 6585
1523 1480 6584
1522 1481 6583
1521 1482 6582
1520 1483 6581
1519 1484 6580
1518 1485 6579
1517 1486 6578
1516 1487 6577
1515 1488 6576
1514 1489 6575
1513 1490 6574
1512 1491 6573
1511 1492 6572
1510 1493 6571
1509 1494 6570
1508 1495 6569
1507 1496 6568
1506 1497 6567
1505 1498 6566
1504 1499 6565
1503 1500 6564
1502 1501 6563
1501 1502 6562
1500 1503 6561
1499 1504 6560
1498 1505 6559
1497 1506 6558
1496 1507 6557
1495 1508 6556
1494 1509 6555
1493 1510 6554
1492 1511 6553
1491 1512 6552
1490 1513 6551
1489 1514 6550
1488 1515 6549
1487 1516 6548
1486 1517 6547
1485 1518 6546
1484 1519 6545
1483 1520 6544
1482 1521 6543
1481 1522 6542
1480 1523 6541
1479 1524 6540
1478 1525 6539
1477 1526 6538
1476 1527 6537
1475 1528 6536
1474 1529 6535
1473 1530 6534
1472 1531 6533
1471 1532 6532
1470 1533 6531
1469 1534 6530
1468 1535 6529
1467 1536 6528
1466 1537 6527
1465 1538 6526
1464 1539 6525
1463 1540 6524
1462 1541 6523
1461 1542 6522
1460 1543 6521
1459 1544 6520
1458 1545 6519
1457 1546 6518
1456 1547 6517
1455 1548 6516
1454 1549 6515
1453 1550 6514
1452 1551 6513
1451 1552 6512
1450 1553 6511
1449 1554 6510
1448 1555 6509
1447 1556 6508
1446 1557 6507
1445 1558 6506
1444 1559 6505
1443 1560 6504
1442 1561 6503
1441 1562 6502
1440 1563 6501
1439 1564 6500
1438 1565 6499
1437 1566 6498
1436 1567 6497
1435 1568 6496
1434 1569 6495
1433 1570 6494
1432 1571 6493
1431 1572 6492
1430 1573 6491
1429 1574 6490
1428 1575 6489
1427 1576 6488
1426 1577 6487
1425 1578 6486
1424 1579 6485
1423 1580 6484
1422 1581 6483
1421 1582 6482
1420 1583 6481
1419 1584 6480
1418 1585 6479
1417 1586 6478
1416 1587 6477
1415 1588 6476
1414 1589 6475
1413 1590 6474
1412 1591 6473
1411 1592 6472
1410 1593 6471
1409 1594 6470
1408 1595 6469
1407 1596 6468
1406 1597 6467
1405 1598 6466
1404 1599 6465
1403 1600 6464
1402 1601 6463
1401 1602 6462
1400 1603 6461
1399 1604 6460
1398 1605 6459
1397 1606 6458
1396 1607 6457
1395 1608 6456
1394 1609 6455
1393 1610 6454
1392 1611 6453
1391 1612 6452
1390 1613 6451
1389 1614 6450
1388 1615 6449
1387 1616 6448
1386 1617 6447
1385 1618 6446
1384 1619 6445
1383 1620 6444
1382 1621 6443
1381 1622 6442
1380 1623 6441
1379 1624 6440
1378 1625 6439
1377 1626 6438
1376 1627 6437
1375 1628 6436
1374 1629 6435
1373 1630 6434
1372 1631 6433
1371 1632 6432
1370 1633 6431
1369 1634 6430
1368 1635 6429
1367 1636 6428
1366 1637 6427
1365 1638 6426
1364 1639 6425
1363 1640 6424
1362 1641 6423
1361 1642 6422
1360 1643 6421
1359 1644 6420
1358 1645 6419
1357 1646 6418
1356 1647 6417
1355 1648 6416
1354 1649 6415
1353 1650 6414
1352 1651 6413
1351 1652 6412
1350 1653 6411
1349 1654 6410
1348 1655 6409
1347 1656 6408
1346 1657 6407
1345 1658 6406
1344 1659 6405
1343 1660 6404
1342 1661 6403
1341 1662 6402
1340 1663 6401
1339 1664 6400
1338 1665 6399
1337 1666 6398
1336 1667 6397
1335 1668 6396
1334 1669 6395
1333 1670 6394
1332 1671 6393
1331 1672 6392
1330 1673 6391
1329 1674 6390
1328 1675 6389
1327 1676 6388
1326 1677 6387
1325 1678 6386
1324 1679 6385
1323 1680 6384
1322 1681 6383
1321 1682 6382
1320 1683 6381
1319 1684 6380
1318 1685 6379
1317 1686 6378
1316 1687 6377
1315 1688 6376
1314 1689 6375
1313 1690 6374
1312 1691 6373
1311 1692 6372
1310 1693 6371
1309 1694 6370
1308 1695 6369
1307 1696 6368
1306 1697 6367
1305 1698 6366
1304 1699 6365
1303 1700 6364
1302 1701 6363
1301 1702 6362
1300 1703 6361
1299 1704 6360
1298 1705 6359
1297 1706 6358
1296 1707 6357
1295 1708 6356
1294 1709 6355
1293 1710 6354
1292 1711 6353
1291 1712 6352
1290 1713 6351
1289 1714 6350
1288 1715 6349
1287 1716 6348
1286 1717 6347
1285 1718 6346
1284 1719 6345
1283 1720 6344
1282 1721 6343
1281 1722 6342
1280 1723 6341
1279 1724 6340
1278 1725 6339
1277 1726 6338
1276 1727 6337
1275 1728 6336
1274 1729 6335
1273 1730 6334
1272 1731 6333
1271 1732 6332
1270 1733 6331
1269 1734 6330
1268 1735 6329
1267 1736 6328
1266 1737 6327
1265 1738 6326
1264 1739 6325
1263 1740 6324
1262 1741 6323
1261 1742 6322
1260 1743 6321
1259 1744 6320
1258 1745 6319
1257 1746 6318
1256 1747 6317
1255 1748 6316
1254 1749 6315
1253 1750 6314
1252 1751 6313
1251 1752 6312
1250 1753 6311
1249 1754 6310
1248 1755 6309
1247 1756 6308
1246 1757 6307
1245 1758 6306
1244 1759 6305
1243 1760 6304
1242 1761 6303
1241 1762 6302
1240 1763 6301
1239 1764 6300
1238 1765 6299
1237 1766 6298
1236 1767 6297
1235 1768 6296
1234 1769 6295
1233 1770 6294
1232 1771 6293
1231 1772 6292
1230 1773 6291
1229 1774 6290
1228 1775 6289
1227 1776 6288
1226 1777 6287
1225 1778 6286
1224 1779 6285
1223 1780 6284
1222 1781 6283
1221 1782 6282
1220 1783 6281
1219 1784 6280
1218 1785 6279
1217 1786 6278
1216 1787 6277
1215 1788 6276
1214 1789 6275
1213 1790 6274
1212 1791 6273
1211 1792 6272
1210 1793 6271
1209 1794 6270
1208 1795 6269
1207 1796 6268
1206 1797 6267
1205 1798 6266
1204 1799 6265
1203 1800 6264
1202 1801 6263
1201 1802 6262
1200 1803 6261
1199 1804 6260
1198 1805 6259
1197 1806 6258
1196 1807 6257
1195 1808 6256
1194 1809 6255
1193 1810 6254
1192 1811 6253
1191 1812 6252
1190 1813 6251
1189 1814 6250
1188 1815 6249
1187 1816 6248
1186 1817 6247
1185 1818 6246
1184 1819 6245
1183 1820 6244
1182 1821 6243
1181 1822 6242
1180 1823 6241
1179 1824 6240
1178 1825 6239
1177 1826 6238
1176 1827 6237
1175 1828 6236
1174 1829 6235
1173 1830 6234
1172 1831 6233
1171 1832 6232
1170 1833 6231
1169 1834 6230
1168 1835 6229
1167 1836 6228
1166 1837 6227
1165 1838 6226
1164 1839 6225
1163 1840 6224
1162 1841 6223
1161 1842 6222
1160 1843 6221
1159 1844 6220
1158 1845 6219
1157 1846 6218
1156 1847 6217
1155 1848 6216
1154 1849 6215
1153 1850 6214
1152 1851 6213
1151 1852 6212
1150 1853 6211
1149 1854 6210
1148 1855 6209
1147 1856 6208
1146 1857 6207
1145 1858 6206
1144 1859 6205
1143 1860 6204
1142 1861 6203
1141 1862 6202
1140 1863 6201
1139 1864 6200
1138 1865 6199
1137 1866 6198
1136 1867 6197
1135 1868 6196
1134 1869 6195
1133 1870 6194
1132 1871 6193
1131 1872 6192
1130 1873 6191
1129 1874 6190
1128 1875 6189
1127 1876 6188
1126 1877 6187
1125 1878 6186
1124 1879 6185
1123 1880 6184
1122 1881 6183
1121 1882 6182
1120 1883 6181
1119 1884 6180
1118 1885 6179
1117 1886 6178
1116 1887 6177
1115 1888 6176
1114 1889 6175
1113 1890 6174
1112 1891 6173
1111 1892 6172
1110 1893 6171
1109 1894 6170
1108 1895 6169
1107 1896 6168
1106 1897 6167
1105 1898 6166
1104 1899 6165
1103 1900 6164
1102 1901 6163
1101 1902 6162
1100 1903 6161
1099 1904 6160
1098 1905 6159
1097 1906 6158
1096 1907 6157
1095 1908 6156
1094 1909 6155
1093 1910 6154
1092 1911 6153
1091 1912 6152
1090 1913 6151
1089 1914 6150
1088 1915 6149
1087 1916 6148
1086 1917 6147
1085 1918 6146
1084 1919 6145
1083 1920 6144
1082 1921 6143
1081 1922 6142
1080 1923 6141
1079 1924 6140
1078 1925 6139
1077 1926 6138
1076 1927 6137
1075 1928 6136
1074 1929 6135
1073 1930 6134
1072 1931 6133
1071 1932 6132
1070 1933 6131
1069 1934 6130
1068 1935 6129
1067 1936 6128
1066 1937 6127
1065 1938 6126
1064 1939 6125
1063 1940 6124
1062 1941 6123
1061 1942 6122
1060 1943 6121
1059 1944 6120
1058 1945 6119
1057 1946 6118
1056 1947 6117
1055 1948 6116
1054 1949 6115
1053 1950 6114
1052 1951 6113
1051 1952 6112
1050 1953 6111
1049 1954 6110
1048 1955 6109
1047 1956 6108
1046 1957 6107
1045 1958 6106
1044 1959 6105
1043 1960 6104
1042 1961 6103
1041 1962 6102
1040 1963 6101
1039 1964 6100
1038 1965 6099
1037 1966 6098
1036 1967 6097
1035 1968 6096
1034 1969 6095
1033 1970 6094
1032 1971 6093
1031 1972 6092
1030 1973 6091
1029 1974 6090
1028 1975 6089
1027 1976 6088
1026 1977 6087
1025 1978 6086
1024 1979 6085
1023 1980 6084
1022 1981 6083
1021 1982 6082
1020 1983 6081
1019 1984 6080
1018 1985 6079
1017 1986 6078
1016 1987 6077
1015 1988 6076
1014 1989 6075
1013 1990 6074
1012 1991 6073
1011 1992 6072
1010 1993 6071
1009 1994 6070
1008 1995 6069
1007 1996 6068
1006 1997 6067
1005 1998 6066
1004 1999 6065
1003 2000 6064
1002 2001 6063
1001 2002 6062
1000 2003 6061
999 2004 6060
998 2005 6059
997 2006 6058
996 2007 6057
995 2008 6056
994 2009 6055
993 2010 6054
992 2011 6053
991 2012 6052
990 2013 6051
989 2014 6050
988 2015 6049
987 2016 6048
986 2017 6047
985 2018 6046
984 2019 6045
983 2020 6044
982 2021 6043
981 2022 6042
980 2023 6041
979 2024 6040
978 2025 6039
977 2026 6038
976 2027 6037
975 2028 6036
974 2029 6035
973 2030 6034
972 2031 6033
971 2032 6032
970 2033 6031
969 2034 6030
968 2035 6029
967 2036 6028
966 2037 6027
965 2038 6026
964 2039 6025
963 2040 6024
962 2041 6023
961 2042 6022
960 2043 6021
959 2044 6020
958 2045 6019
957 2046 6018
956 2047 6017
955 2048 6016
954 2049 6015
953 2050 6014
952 2051 6013
951 2052 6012
950 2053 6011
949 2054 6010
948 2055 6009
947 2056 6008
946 2057 6007
945 2058 6006
944 2059 6005
943 2060 6004
942 2061 6003
941 2062 6002
940 2063 6001
