380
3000 3 6380
2999 4 6379
2998 5 6378
2997 6 6377
2996 7 6376
2995 8 6375
2994 9 6374
2993 10 6373
2992 11 6372
2991 12 6371
2990 13 6370
2989 14 6369
2988 15 6368
2987 16 6367
2986 17 6366
2985 18 6365
2984 19 6364
2983 20 6363
2982 21 6362
2981 22 6361
2980 23 6360
2979 24 6359
2978 25 6358
2977 26 6357
2976 27 6356
2975 28 6355
2974 29 6354
2973 30 6353
2972 31 6352
2971 32 6351
2970 33 6350
2969 34 6349
2968 35 6348
2967 36 6347
2966 37 6346
2965 38 6345
2964 39 6344
2963 40 6343
2962 41 6342
2961 42 6341
2960 43 6340
2959 44 6339
2958 45 6338
2957 46 6337
2956 47 6336
2955 48 6335
2954 49 6334
2953 50 6333
2952 51 6332
2951 52 6331
2950 53 6330
2949 54 6329
2948 55 6328
2947 56 6327
2946 57 6326
2945 58 6325
2944 59 6324
2943 60 6323
2942 61 6322
2941 62 6321
2940 63 6320
2939 64 6319
2938 65 6318
2937 66 6317
2936 67 6316
2935 68 6315
2934 69 6314
2933 70 6313
2932 71 6312
2931 72 6311
2930 73 6310
2929 74 6309
2928 75 6308
2927 76 6307
2926 77 6306
2925 78 6305
2924 79 6304
2923 80 6303
2922 81 6302
2921 82 6301
2920 83 6300
2919 84 6299
2918 85 6298
2917 86 6297
2916 87 6296
2915 88 6295
2914 89 6294
2913 90 6293
2912 91 6292
2911 92 6291
2910 93 6290
2909 94 6289
2908 95 6288
2907 96 6287
2906 97 6286
2905 98 6285
2904 99 6284
2903 100 6283
2902 101 6282
2901 102 6281
2900 103 6280
2899 104 6279
2898 105 6278
2897 106 6277
2896 107 6276
2895 108 6275
2894 109 6274
2893 110 6273
2892 111 6272
2891 112 6271
2890 113 6270
2889 114 6269
2888 115 6268
2887 116 6267
2886 117 6266
2885 118 6265
2884 119 6264
2883 120 6263
2882 121 6262
2881 122 6261
2880 123 6260
2879 124 6259
2878 125 6258
2877 126 6257
2876 127 6256
2875 128 6255
2874 129 6254
2873 130 6253
2872 131 6252
2871 132 6251
2870 133 6250
2869 134 6249
2868 135 6248
2867 136 6247
2866 137 6246
2865 138 6245
2864 139 6244
2863 140 6243
2862 141 6242
2861 142 6241
2860 143 6240
2859 144 6239
2858 145 6238
2857 146 6237
2856 147 6236
2855 148 6235
2854 149 6234
2853 150 6233
2852 151 6232
2851 152 6231
2850 153 6230
2849 154 6229
2848 155 6228
2847 156 6227
2846 157 6226
2845 158 6225
2844 159 6224
2843 160 6223
2842 161 6222
2841 162 6221
2840 163 6220
2839 164 6219
2838 165 6218
2837 166 6217
2836 167 6216
2835 168 6215
2834 169 6214
2833 170 6213
2832 171 6212
2831 172 6211
2830 173 6210
2829 174 6209
2828 175 6208
2827 176 6207
2826 177 6206
2825 178 6205
2824 179 6204
2823 180 6203
2822 181 6202
2821 182 6201
2820 183 6200
2819 184 6199
2818 185 6198
2817 186 6197
2816 187 6196
2815 188 6195
2814 189 6194
2813 190 6193
2812 191 6192
2811 192 6191
2810 193 6190
2809 194 6189
2808 195 6188
2807 196 6187
2806 197 6186
2805 198 6185
2804 199 6184
2803 200 6183
2802 201 6182
2801 202 6181
2800 203 6180
2799 204 6179
2798 205 6178
2797 206 6177
2796 207 6176
2795 208 6175
2794 209 6174
2793 210 6173
2792 211 6172
2791 212 6171
2790 213 6170
2789 214 6169
2788 215 6168
2787 216 6167
2786 217 6166
2785 218 6165
2784 219 6164
2783 220 6163
2782 221 6162
2781 222 6161
2780 223 6160
2779 224 6159
2778 225 6158
2777 226 6157
2776 227 6156
2775 228 6155
2774 229 6154
2773 230 6153
2772 231 6152
2771 232 6151
2770 233 6150
2769 234 6149
2768 235 6148
2767 236 6147
2766 237 6146
2765 238 6145
2764 239 6144
2763 240 6143
2762 241 6142
2761 242 6141
2760 243 6140
2759 244 6139
2758 245 6138
2757 246 6137
2756 247 6136
2755 248 6135
2754 249 6134
2753 250 6133
2752 251 6132
2751 252 6131
2750 253 6130
2749 254 6129
2748 255 6128
2747 256 6127
2746 257 6126
2745 258 6125
2744 259 6124
2743 260 6123
2742 261 6122
2741 262 6121
2740 263 6120
2739 264 6119
2738 265 6118
2737 266 6117
2736 267 6116
2735 268 6115
2734 269 6114
2733 270 6113
2732 271 6112
2731 272 6111
2730 273 6110
2729 274 6109
2728 275 6108
2727 276 6107
2726 277 6106
2725 278 6105
2724 279 6104
2723 280 6103
2722 281 6102
2721 282 6101
2720 283 6100
2719 284 6099
2718 285 6098
2717 286 6097
2716 287 6096
2715 288 6095
2714 289 6094
2713 290 6093
2712 291 6092
2711 292 6091
2710 293 6090
2709 294 6089
2708 295 6088
2707 296 6087
2706 297 6086
2705 298 6085
2704 299 6084
2703 300 6083
2702 301 6082
2701 302 6081
2700 303 6080
2699 304 6079
2698 305 6078
2697 306 6077
2696 307 6076
2695 308 6075
2694 309 6074
2693 310 6073
2692 311 6072
2691 312 6071
2690 313 6070
2689 314 6069
2688 315 6068
2687 316 6067
2686 317 6066
2685 318 6065
2684 319 6064
2683 320 6063
2682 321 6062
2681 322 6061
2680 323 6060
2679 324 6059
2678 325 6058
2677 326 6057
2676 327 6056
2675 328 6055
2674 329 6054
2673 330 6053
2672 331 6052
2671 332 6051
2670 333 6050
2669 334 6049
2668 335 6048
2667 336 6047
2666 337 6046
2665 338 6045
2664 339 6044
2663 340 6043
2662 341 6042
2661 342 6041
2660 343 6040
2659 344 6039
2658 345 6038
2657 346 6037
2656 347 6036
2655 348 6035
2654 349 6034
2653 350 6033
2652 351 6032
2651 352 6031
2650 353 6030
2649 354 6029
2648 355 6028
2647 356 6027
2646 357 6026
2645 358 6025
2644 359 6024
2643 360 6023
2642 361 6022
2641 362 6021
2640 363 6020
2639 364 6019
2638 365 6018
2637 366 6017
2636 367 6016
2635 368 6015
2634 369 6014
2633 370 6013
2632 371 6012
2631 372 6011
2630 373 6010
2629 374 6009
2628 375 6008
2627 376 6007
2626 377 6006
2625 378 6005
2624 379 6004
2623 380 6003
2622 381 6002
2621 382 6001
