457
3000 3 6457
2999 4 6456
2998 5 6455
2997 6 6454
2996 7 6453
2995 8 6452
2994 9 6451
2993 10 6450
2992 11 6449
2991 12 6448
2990 13 6447
2989 14 6446
2988 15 6445
2987 16 6444
2986 17 6443
2985 18 6442
2984 19 6441
2983 20 6440
2982 21 6439
2981 22 6438
2980 23 6437
2979 24 6436
2978 25 6435
2977 26 6434
2976 27 6433
2975 28 6432
2974 29 6431
2973 30 6430
2972 31 6429
2971 32 6428
2970 33 6427
2969 34 6426
2968 35 6425
2967 36 6424
2966 37 6423
2965 38 6422
2964 39 6421
2963 40 6420
2962 41 6419
2961 42 6418
2960 43 6417
2959 44 6416
2958 45 6415
2957 46 6414
2956 47 6413
2955 48 6412
2954 49 6411
2953 50 6410
2952 51 6409
2951 52 6408
2950 53 6407
2949 54 6406
2948 55 6405
2947 56 6404
2946 57 6403
2945 58 6402
2944 59 6401
2943 60 6400
2942 61 6399
2941 62 6398
2940 63 6397
2939 64 6396
2938 65 6395
2937 66 6394
2936 67 6393
2935 68 6392
2934 69 6391
2933 70 6390
2932 71 6389
2931 72 6388
2930 73 6387
2929 74 6386
2928 75 6385
2927 76 6384
2926 77 6383
2925 78 6382
2924 79 6381
2923 80 6380
2922 81 6379
2921 82 6378
2920 83 6377
2919 84 6376
2918 85 6375
2917 86 6374
2916 87 6373
2915 88 6372
2914 89 6371
2913 90 6370
2912 91 6369
2911 92 6368
2910 93 6367
2909 94 6366
2908 95 6365
2907 96 6364
2906 97 6363
2905 98 6362
2904 99 6361
2903 100 6360
2902 101 6359
2901 102 6358
2900 103 6357
2899 104 6356
2898 105 6355
2897 106 6354
2896 107 6353
2895 108 6352
2894 109 6351
2893 110 6350
2892 111 6349
2891 112 6348
2890 113 6347
2889 114 6346
2888 115 6345
2887 116 6344
2886 117 6343
2885 118 6342
2884 119 6341
2883 120 6340
2882 121 6339
2881 122 6338
2880 123 6337
2879 124 6336
2878 125 6335
2877 126 6334
2876 127 6333
2875 128 6332
2874 129 6331
2873 130 6330
2872 131 6329
2871 132 6328
2870 133 6327
2869 134 6326
2868 135 6325
2867 136 6324
2866 137 6323
2865 138 6322
2864 139 6321
2863 140 6320
2862 141 6319
2861 142 6318
2860 143 6317
2859 144 6316
2858 145 6315
2857 146 6314
2856 147 6313
2855 148 6312
2854 149 6311
2853 150 6310
2852 151 6309
2851 152 6308
2850 153 6307
2849 154 6306
2848 155 6305
2847 156 6304
2846 157 6303
2845 158 6302
2844 159 6301
2843 160 6300
2842 161 6299
2841 162 6298
2840 163 6297
2839 164 6296
2838 165 6295
2837 166 6294
2836 167 6293
2835 168 6292
2834 169 6291
2833 170 6290
2832 171 6289
2831 172 6288
2830 173 6287
2829 174 6286
2828 175 6285
2827 176 6284
2826 177 6283
2825 178 6282
2824 179 6281
2823 180 6280
2822 181 6279
2821 182 6278
2820 183 6277
2819 184 6276
2818 185 6275
2817 186 6274
2816 187 6273
2815 188 6272
2814 189 6271
2813 190 6270
2812 191 6269
2811 192 6268
2810 193 6267
2809 194 6266
2808 195 6265
2807 196 6264
2806 197 6263
2805 198 6262
2804 199 6261
2803 200 6260
2802 201 6259
2801 202 6258
2800 203 6257
2799 204 6256
2798 205 6255
2797 206 6254
2796 207 6253
2795 208 6252
2794 209 6251
2793 210 6250
2792 211 6249
2791 212 6248
2790 213 6247
2789 214 6246
2788 215 6245
2787 216 6244
2786 217 6243
2785 218 6242
2784 219 6241
2783 220 6240
2782 221 6239
2781 222 6238
2780 223 6237
2779 224 6236
2778 225 6235
2777 226 6234
2776 227 6233
2775 228 6232
2774 229 6231
2773 230 6230
2772 231 6229
2771 232 6228
2770 233 6227
2769 234 6226
2768 235 6225
2767 236 6224
2766 237 6223
2765 238 6222
2764 239 6221
2763 240 6220
2762 241 6219
2761 242 6218
2760 243 6217
2759 244 6216
2758 245 6215
2757 246 6214
2756 247 6213
2755 248 6212
2754 249 6211
2753 250 6210
2752 251 6209
2751 252 6208
2750 253 6207
2749 254 6206
2748 255 6205
2747 256 6204
2746 257 6203
2745 258 6202
2744 259 6201
2743 260 6200
2742 261 6199
2741 262 6198
2740 263 6197
2739 264 6196
2738 265 6195
2737 266 6194
2736 267 6193
2735 268 6192
2734 269 6191
2733 270 6190
2732 271 6189
2731 272 6188
2730 273 6187
2729 274 6186
2728 275 6185
2727 276 6184
2726 277 6183
2725 278 6182
2724 279 6181
2723 280 6180
2722 281 6179
2721 282 6178
2720 283 6177
2719 284 6176
2718 285 6175
2717 286 6174
2716 287 6173
2715 288 6172
2714 289 6171
2713 290 6170
2712 291 6169
2711 292 6168
2710 293 6167
2709 294 6166
2708 295 6165
2707 296 6164
2706 297 6163
2705 298 6162
2704 299 6161
2703 300 6160
2702 301 6159
2701 302 6158
2700 303 6157
2699 304 6156
2698 305 6155
2697 306 6154
2696 307 6153
2695 308 6152
2694 309 6151
2693 310 6150
2692 311 6149
2691 312 6148
2690 313 6147
2689 314 6146
2688 315 6145
2687 316 6144
2686 317 6143
2685 318 6142
2684 319 6141
2683 320 6140
2682 321 6139
2681 322 6138
2680 323 6137
2679 324 6136
2678 325 6135
2677 326 6134
2676 327 6133
2675 328 6132
2674 329 6131
2673 330 6130
2672 331 6129
2671 332 6128
2670 333 6127
2669 334 6126
2668 335 6125
2667 336 6124
2666 337 6123
2665 338 6122
2664 339 6121
2663 340 6120
2662 341 6119
2661 342 6118
2660 343 6117
2659 344 6116
2658 345 6115
2657 346 6114
2656 347 6113
2655 348 6112
2654 349 6111
2653 350 6110
2652 351 6109
2651 352 6108
2650 353 6107
2649 354 6106
2648 355 6105
2647 356 6104
2646 357 6103
2645 358 6102
2644 359 6101
2643 360 6100
2642 361 6099
2641 362 6098
2640 363 6097
2639 364 6096
2638 365 6095
2637 366 6094
2636 367 6093
2635 368 6092
2634 369 6091
2633 370 6090
2632 371 6089
2631 372 6088
2630 373 6087
2629 374 6086
2628 375 6085
2627 376 6084
2626 377 6083
2625 378 6082
2624 379 6081
2623 380 6080
2622 381 6079
2621 382 6078
2620 383 6077
2619 384 6076
2618 385 6075
2617 386 6074
2616 387 6073
2615 388 6072
2614 389 6071
2613 390 6070
2612 391 6069
2611 392 6068
2610 393 6067
2609 394 6066
2608 395 6065
2607 396 6064
2606 397 6063
2605 398 6062
2604 399 6061
2603 400 6060
2602 401 6059
2601 402 6058
2600 403 6057
2599 404 6056
2598 405 6055
2597 406 6054
2596 407 6053
2595 408 6052
2594 409 6051
2593 410 6050
2592 411 6049
2591 412 6048
2590 413 6047
2589 414 6046
2588 415 6045
2587 416 6044
2586 417 6043
2585 418 6042
2584 419 6041
2583 420 6040
2582 421 6039
2581 422 6038
2580 423 6037
2579 424 6036
2578 425 6035
2577 426 6034
2576 427 6033
2575 428 6032
2574 429 6031
2573 430 6030
2572 431 6029
2571 432 6028
2570 433 6027
2569 434 6026
2568 435 6025
2567 436 6024
2566 437 6023
2565 438 6022
2564 439 6021
2563 440 6020
2562 441 6019
2561 442 6018
2560 443 6017
2559 444 6016
2558 445 6015
2557 446 6014
2556 447 6013
2555 448 6012
2554 449 6011
2553 450 6010
2552 451 6009
2551 452 6008
2550 453 6007
2549 454 6006
2548 455 6005
2547 456 6004
2546 457 6003
2545 458 6002
2544 459 6001
