1531
3000 3 7531
2999 4 7530
2998 5 7529
2997 6 7528
2996 7 7527
2995 8 7526
2994 9 7525
2993 10 7524
2992 11 7523
2991 12 7522
2990 13 7521
2989 14 7520
2988 15 7519
2987 16 7518
2986 17 7517
2985 18 7516
2984 19 7515
2983 20 7514
2982 21 7513
2981 22 7512
2980 23 7511
2979 24 7510
2978 25 7509
2977 26 7508
2976 27 7507
2975 28 7506
2974 29 7505
2973 30 7504
2972 31 7503
2971 32 7502
2970 33 7501
2969 34 7500
2968 35 7499
2967 36 7498
2966 37 7497
2965 38 7496
2964 39 7495
2963 40 7494
2962 41 7493
2961 42 7492
2960 43 7491
2959 44 7490
2958 45 7489
2957 46 7488
2956 47 7487
2955 48 7486
2954 49 7485
2953 50 7484
2952 51 7483
2951 52 7482
2950 53 7481
2949 54 7480
2948 55 7479
2947 56 7478
2946 57 7477
2945 58 7476
2944 59 7475
2943 60 7474
2942 61 7473
2941 62 7472
2940 63 7471
2939 64 7470
2938 65 7469
2937 66 7468
2936 67 7467
2935 68 7466
2934 69 7465
2933 70 7464
2932 71 7463
2931 72 7462
2930 73 7461
2929 74 7460
2928 75 7459
2927 76 7458
2926 77 7457
2925 78 7456
2924 79 7455
2923 80 7454
2922 81 7453
2921 82 7452
2920 83 7451
2919 84 7450
2918 85 7449
2917 86 7448
2916 87 7447
2915 88 7446
2914 89 7445
2913 90 7444
2912 91 7443
2911 92 7442
2910 93 7441
2909 94 7440
2908 95 7439
2907 96 7438
2906 97 7437
2905 98 7436
2904 99 7435
2903 100 7434
2902 101 7433
2901 102 7432
2900 103 7431
2899 104 7430
2898 105 7429
2897 106 7428
2896 107 7427
2895 108 7426
2894 109 7425
2893 110 7424
2892 111 7423
2891 112 7422
2890 113 7421
2889 114 7420
2888 115 7419
2887 116 7418
2886 117 7417
2885 118 7416
2884 119 7415
2883 120 7414
2882 121 7413
2881 122 7412
2880 123 7411
2879 124 7410
2878 125 7409
2877 126 7408
2876 127 7407
2875 128 7406
2874 129 7405
2873 130 7404
2872 131 7403
2871 132 7402
2870 133 7401
2869 134 7400
2868 135 7399
2867 136 7398
2866 137 7397
2865 138 7396
2864 139 7395
2863 140 7394
2862 141 7393
2861 142 7392
2860 143 7391
2859 144 7390
2858 145 7389
2857 146 7388
2856 147 7387
2855 148 7386
2854 149 7385
2853 150 7384
2852 151 7383
2851 152 7382
2850 153 7381
2849 154 7380
2848 155 7379
2847 156 7378
2846 157 7377
2845 158 7376
2844 159 7375
2843 160 7374
2842 161 7373
2841 162 7372
2840 163 7371
2839 164 7370
2838 165 7369
2837 166 7368
2836 167 7367
2835 168 7366
2834 169 7365
2833 170 7364
2832 171 7363
2831 172 7362
2830 173 7361
2829 174 7360
2828 175 7359
2827 176 7358
2826 177 7357
2825 178 7356
2824 179 7355
2823 180 7354
2822 181 7353
2821 182 7352
2820 183 7351
2819 184 7350
2818 185 7349
2817 186 7348
2816 187 7347
2815 188 7346
2814 189 7345
2813 190 7344
2812 191 7343
2811 192 7342
2810 193 7341
2809 194 7340
2808 195 7339
2807 196 7338
2806 197 7337
2805 198 7336
2804 199 7335
2803 200 7334
2802 201 7333
2801 202 7332
2800 203 7331
2799 204 7330
2798 205 7329
2797 206 7328
2796 207 7327
2795 208 7326
2794 209 7325
2793 210 7324
2792 211 7323
2791 212 7322
2790 213 7321
2789 214 7320
2788 215 7319
2787 216 7318
2786 217 7317
2785 218 7316
2784 219 7315
2783 220 7314
2782 221 7313
2781 222 7312
2780 223 7311
2779 224 7310
2778 225 7309
2777 226 7308
2776 227 7307
2775 228 7306
2774 229 7305
2773 230 7304
2772 231 7303
2771 232 7302
2770 233 7301
2769 234 7300
2768 235 7299
2767 236 7298
2766 237 7297
2765 238 7296
2764 239 7295
2763 240 7294
2762 241 7293
2761 242 7292
2760 243 7291
2759 244 7290
2758 245 7289
2757 246 7288
2756 247 7287
2755 248 7286
2754 249 7285
2753 250 7284
2752 251 7283
2751 252 7282
2750 253 7281
2749 254 7280
2748 255 7279
2747 256 7278
2746 257 7277
2745 258 7276
2744 259 7275
2743 260 7274
2742 261 7273
2741 262 7272
2740 263 7271
2739 264 7270
2738 265 7269
2737 266 7268
2736 267 7267
2735 268 7266
2734 269 7265
2733 270 7264
2732 271 7263
2731 272 7262
2730 273 7261
2729 274 7260
2728 275 7259
2727 276 7258
2726 277 7257
2725 278 7256
2724 279 7255
2723 280 7254
2722 281 7253
2721 282 7252
2720 283 7251
2719 284 7250
2718 285 7249
2717 286 7248
2716 287 7247
2715 288 7246
2714 289 7245
2713 290 7244
2712 291 7243
2711 292 7242
2710 293 7241
2709 294 7240
2708 295 7239
2707 296 7238
2706 297 7237
2705 298 7236
2704 299 7235
2703 300 7234
2702 301 7233
2701 302 7232
2700 303 7231
2699 304 7230
2698 305 7229
2697 306 7228
2696 307 7227
2695 308 7226
2694 309 7225
2693 310 7224
2692 311 7223
2691 312 7222
2690 313 7221
2689 314 7220
2688 315 7219
2687 316 7218
2686 317 7217
2685 318 7216
2684 319 7215
2683 320 7214
2682 321 7213
2681 322 7212
2680 323 7211
2679 324 7210
2678 325 7209
2677 326 7208
2676 327 7207
2675 328 7206
2674 329 7205
2673 330 7204
2672 331 7203
2671 332 7202
2670 333 7201
2669 334 7200
2668 335 7199
2667 336 7198
2666 337 7197
2665 338 7196
2664 339 7195
2663 340 7194
2662 341 7193
2661 342 7192
2660 343 7191
2659 344 7190
2658 345 7189
2657 346 7188
2656 347 7187
2655 348 7186
2654 349 7185
2653 350 7184
2652 351 7183
2651 352 7182
2650 353 7181
2649 354 7180
2648 355 7179
2647 356 7178
2646 357 7177
2645 358 7176
2644 359 7175
2643 360 7174
2642 361 7173
2641 362 7172
2640 363 7171
2639 364 7170
2638 365 7169
2637 366 7168
2636 367 7167
2635 368 7166
2634 369 7165
2633 370 7164
2632 371 7163
2631 372 7162
2630 373 7161
2629 374 7160
2628 375 7159
2627 376 7158
2626 377 7157
2625 378 7156
2624 379 7155
2623 380 7154
2622 381 7153
2621 382 7152
2620 383 7151
2619 384 7150
2618 385 7149
2617 386 7148
2616 387 7147
2615 388 7146
2614 389 7145
2613 390 7144
2612 391 7143
2611 392 7142
2610 393 7141
2609 394 7140
2608 395 7139
2607 396 7138
2606 397 7137
2605 398 7136
2604 399 7135
2603 400 7134
2602 401 7133
2601 402 7132
2600 403 7131
2599 404 7130
2598 405 7129
2597 406 7128
2596 407 7127
2595 408 7126
2594 409 7125
2593 410 7124
2592 411 7123
2591 412 7122
2590 413 7121
2589 414 7120
2588 415 7119
2587 416 7118
2586 417 7117
2585 418 7116
2584 419 7115
2583 420 7114
2582 421 7113
2581 422 7112
2580 423 7111
2579 424 7110
2578 425 7109
2577 426 7108
2576 427 7107
2575 428 7106
2574 429 7105
2573 430 7104
2572 431 7103
2571 432 7102
2570 433 7101
2569 434 7100
2568 435 7099
2567 436 7098
2566 437 7097
2565 438 7096
2564 439 7095
2563 440 7094
2562 441 7093
2561 442 7092
2560 443 7091
2559 444 7090
2558 445 7089
2557 446 7088
2556 447 7087
2555 448 7086
2554 449 7085
2553 450 7084
2552 451 7083
2551 452 7082
2550 453 7081
2549 454 7080
2548 455 7079
2547 456 7078
2546 457 7077
2545 458 7076
2544 459 7075
2543 460 7074
2542 461 7073
2541 462 7072
2540 463 7071
2539 464 7070
2538 465 7069
2537 466 7068
2536 467 7067
2535 468 7066
2534 469 7065
2533 470 7064
2532 471 7063
2531 472 7062
2530 473 7061
2529 474 7060
2528 475 7059
2527 476 7058
2526 477 7057
2525 478 7056
2524 479 7055
2523 480 7054
2522 481 7053
2521 482 7052
2520 483 7051
2519 484 7050
2518 485 7049
2517 486 7048
2516 487 7047
2515 488 7046
2514 489 7045
2513 490 7044
2512 491 7043
2511 492 7042
2510 493 7041
2509 494 7040
2508 495 7039
2507 496 7038
2506 497 7037
2505 498 7036
2504 499 7035
2503 500 7034
2502 501 7033
2501 502 7032
2500 503 7031
2499 504 7030
2498 505 7029
2497 506 7028
2496 507 7027
2495 508 7026
2494 509 7025
2493 510 7024
2492 511 7023
2491 512 7022
2490 513 7021
2489 514 7020
2488 515 7019
2487 516 7018
2486 517 7017
2485 518 7016
2484 519 7015
2483 520 7014
2482 521 7013
2481 522 7012
2480 523 7011
2479 524 7010
2478 525 7009
2477 526 7008
2476 527 7007
2475 528 7006
2474 529 7005
2473 530 7004
2472 531 7003
2471 532 7002
2470 533 7001
2469 534 7000
2468 535 6999
2467 536 6998
2466 537 6997
2465 538 6996
2464 539 6995
2463 540 6994
2462 541 6993
2461 542 6992
2460 543 6991
2459 544 6990
2458 545 6989
2457 546 6988
2456 547 6987
2455 548 6986
2454 549 6985
2453 550 6984
2452 551 6983
2451 552 6982
2450 553 6981
2449 554 6980
2448 555 6979
2447 556 6978
2446 557 6977
2445 558 6976
2444 559 6975
2443 560 6974
2442 561 6973
2441 562 6972
2440 563 6971
2439 564 6970
2438 565 6969
2437 566 6968
2436 567 6967
2435 568 6966
2434 569 6965
2433 570 6964
2432 571 6963
2431 572 6962
2430 573 6961
2429 574 6960
2428 575 6959
2427 576 6958
2426 577 6957
2425 578 6956
2424 579 6955
2423 580 6954
2422 581 6953
2421 582 6952
2420 583 6951
2419 584 6950
2418 585 6949
2417 586 6948
2416 587 6947
2415 588 6946
2414 589 6945
2413 590 6944
2412 591 6943
2411 592 6942
2410 593 6941
2409 594 6940
2408 595 6939
2407 596 6938
2406 597 6937
2405 598 6936
2404 599 6935
2403 600 6934
2402 601 6933
2401 602 6932
2400 603 6931
2399 604 6930
2398 605 6929
2397 606 6928
2396 607 6927
2395 608 6926
2394 609 6925
2393 610 6924
2392 611 6923
2391 612 6922
2390 613 6921
2389 614 6920
2388 615 6919
2387 616 6918
2386 617 6917
2385 618 6916
2384 619 6915
2383 620 6914
2382 621 6913
2381 622 6912
2380 623 6911
2379 624 6910
2378 625 6909
2377 626 6908
2376 627 6907
2375 628 6906
2374 629 6905
2373 630 6904
2372 631 6903
2371 632 6902
2370 633 6901
2369 634 6900
2368 635 6899
2367 636 6898
2366 637 6897
2365 638 6896
2364 639 6895
2363 640 6894
2362 641 6893
2361 642 6892
2360 643 6891
2359 644 6890
2358 645 6889
2357 646 6888
2356 647 6887
2355 648 6886
2354 649 6885
2353 650 6884
2352 651 6883
2351 652 6882
2350 653 6881
2349 654 6880
2348 655 6879
2347 656 6878
2346 657 6877
2345 658 6876
2344 659 6875
2343 660 6874
2342 661 6873
2341 662 6872
2340 663 6871
2339 664 6870
2338 665 6869
2337 666 6868
2336 667 6867
2335 668 6866
2334 669 6865
2333 670 6864
2332 671 6863
2331 672 6862
2330 673 6861
2329 674 6860
2328 675 6859
2327 676 6858
2326 677 6857
2325 678 6856
2324 679 6855
2323 680 6854
2322 681 6853
2321 682 6852
2320 683 6851
2319 684 6850
2318 685 6849
2317 686 6848
2316 687 6847
2315 688 6846
2314 689 6845
2313 690 6844
2312 691 6843
2311 692 6842
2310 693 6841
2309 694 6840
2308 695 6839
2307 696 6838
2306 697 6837
2305 698 6836
2304 699 6835
2303 700 6834
2302 701 6833
2301 702 6832
2300 703 6831
2299 704 6830
2298 705 6829
2297 706 6828
2296 707 6827
2295 708 6826
2294 709 6825
2293 710 6824
2292 711 6823
2291 712 6822
2290 713 6821
2289 714 6820
2288 715 6819
2287 716 6818
2286 717 6817
2285 718 6816
2284 719 6815
2283 720 6814
2282 721 6813
2281 722 6812
2280 723 6811
2279 724 6810
2278 725 6809
2277 726 6808
2276 727 6807
2275 728 6806
2274 729 6805
2273 730 6804
2272 731 6803
2271 732 6802
2270 733 6801
2269 734 6800
2268 735 6799
2267 736 6798
2266 737 6797
2265 738 6796
2264 739 6795
2263 740 6794
2262 741 6793
2261 742 6792
2260 743 6791
2259 744 6790
2258 745 6789
2257 746 6788
2256 747 6787
2255 748 6786
2254 749 6785
2253 750 6784
2252 751 6783
2251 752 6782
2250 753 6781
2249 754 6780
2248 755 6779
2247 756 6778
2246 757 6777
2245 758 6776
2244 759 6775
2243 760 6774
2242 761 6773
2241 762 6772
2240 763 6771
2239 764 6770
2238 765 6769
2237 766 6768
2236 767 6767
2235 768 6766
2234 769 6765
2233 770 6764
2232 771 6763
2231 772 6762
2230 773 6761
2229 774 6760
2228 775 6759
2227 776 6758
2226 777 6757
2225 778 6756
2224 779 6755
2223 780 6754
2222 781 6753
2221 782 6752
2220 783 6751
2219 784 6750
2218 785 6749
2217 786 6748
2216 787 6747
2215 788 6746
2214 789 6745
2213 790 6744
2212 791 6743
2211 792 6742
2210 793 6741
2209 794 6740
2208 795 6739
2207 796 6738
2206 797 6737
2205 798 6736
2204 799 6735
2203 800 6734
2202 801 6733
2201 802 6732
2200 803 6731
2199 804 6730
2198 805 6729
2197 806 6728
2196 807 6727
2195 808 6726
2194 809 6725
2193 810 6724
2192 811 6723
2191 812 6722
2190 813 6721
2189 814 6720
2188 815 6719
2187 816 6718
2186 817 6717
2185 818 6716
2184 819 6715
2183 820 6714
2182 821 6713
2181 822 6712
2180 823 6711
2179 824 6710
2178 825 6709
2177 826 6708
2176 827 6707
2175 828 6706
2174 829 6705
2173 830 6704
2172 831 6703
2171 832 6702
2170 833 6701
2169 834 6700
2168 835 6699
2167 836 6698
2166 837 6697
2165 838 6696
2164 839 6695
2163 840 6694
2162 841 6693
2161 842 6692
2160 843 6691
2159 844 6690
2158 845 6689
2157 846 6688
2156 847 6687
2155 848 6686
2154 849 6685
2153 850 6684
2152 851 6683
2151 852 6682
2150 853 6681
2149 854 6680
2148 855 6679
2147 856 6678
2146 857 6677
2145 858 6676
2144 859 6675
2143 860 6674
2142 861 6673
2141 862 6672
2140 863 6671
2139 864 6670
2138 865 6669
2137 866 6668
2136 867 6667
2135 868 6666
2134 869 6665
2133 870 6664
2132 871 6663
2131 872 6662
2130 873 6661
2129 874 6660
2128 875 6659
2127 876 6658
2126 877 6657
2125 878 6656
2124 879 6655
2123 880 6654
2122 881 6653
2121 882 6652
2120 883 6651
2119 884 6650
2118 885 6649
2117 886 6648
2116 887 6647
2115 888 6646
2114 889 6645
2113 890 6644
2112 891 6643
2111 892 6642
2110 893 6641
2109 894 6640
2108 895 6639
2107 896 6638
2106 897 6637
2105 898 6636
2104 899 6635
2103 900 6634
2102 901 6633
2101 902 6632
2100 903 6631
2099 904 6630
2098 905 6629
2097 906 6628
2096 907 6627
2095 908 6626
2094 909 6625
2093 910 6624
2092 911 6623
2091 912 6622
2090 913 6621
2089 914 6620
2088 915 6619
2087 916 6618
2086 917 6617
2085 918 6616
2084 919 6615
2083 920 6614
2082 921 6613
2081 922 6612
2080 923 6611
2079 924 6610
2078 925 6609
2077 926 6608
2076 927 6607
2075 928 6606
2074 929 6605
2073 930 6604
2072 931 6603
2071 932 6602
2070 933 6601
2069 934 6600
2068 935 6599
2067 936 6598
2066 937 6597
2065 938 6596
2064 939 6595
2063 940 6594
2062 941 6593
2061 942 6592
2060 943 6591
2059 944 6590
2058 945 6589
2057 946 6588
2056 947 6587
2055 948 6586
2054 949 6585
2053 950 6584
2052 951 6583
2051 952 6582
2050 953 6581
2049 954 6580
2048 955 6579
2047 956 6578
2046 957 6577
2045 958 6576
2044 959 6575
2043 960 6574
2042 961 6573
2041 962 6572
2040 963 6571
2039 964 6570
2038 965 6569
2037 966 6568
2036 967 6567
2035 968 6566
2034 969 6565
2033 970 6564
2032 971 6563
2031 972 6562
2030 973 6561
2029 974 6560
2028 975 6559
2027 976 6558
2026 977 6557
2025 978 6556
2024 979 6555
2023 980 6554
2022 981 6553
2021 982 6552
2020 983 6551
2019 984 6550
2018 985 6549
2017 986 6548
2016 987 6547
2015 988 6546
2014 989 6545
2013 990 6544
2012 991 6543
2011 992 6542
2010 993 6541
2009 994 6540
2008 995 6539
2007 996 6538
2006 997 6537
2005 998 6536
2004 999 6535
2003 1000 6534
2002 1001 6533
2001 1002 6532
2000 1003 6531
1999 1004 6530
1998 1005 6529
1997 1006 6528
1996 1007 6527
1995 1008 6526
1994 1009 6525
1993 1010 6524
1992 1011 6523
1991 1012 6522
1990 1013 6521
1989 1014 6520
1988 1015 6519
1987 1016 6518
1986 1017 6517
1985 1018 6516
1984 1019 6515
1983 1020 6514
1982 1021 6513
1981 1022 6512
1980 1023 6511
1979 1024 6510
1978 1025 6509
1977 1026 6508
1976 1027 6507
1975 1028 6506
1974 1029 6505
1973 1030 6504
1972 1031 6503
1971 1032 6502
1970 1033 6501
1969 1034 6500
1968 1035 6499
1967 1036 6498
1966 1037 6497
1965 1038 6496
1964 1039 6495
1963 1040 6494
1962 1041 6493
1961 1042 6492
1960 1043 6491
1959 1044 6490
1958 1045 6489
1957 1046 6488
1956 1047 6487
1955 1048 6486
1954 1049 6485
1953 1050 6484
1952 1051 6483
1951 1052 6482
1950 1053 6481
1949 1054 6480
1948 1055 6479
1947 1056 6478
1946 1057 6477
1945 1058 6476
1944 1059 6475
1943 1060 6474
1942 1061 6473
1941 1062 6472
1940 1063 6471
1939 1064 6470
1938 1065 6469
1937 1066 6468
1936 1067 6467
1935 1068 6466
1934 1069 6465
1933 1070 6464
1932 1071 6463
1931 1072 6462
1930 1073 6461
1929 1074 6460
1928 1075 6459
1927 1076 6458
1926 1077 6457
1925 1078 6456
1924 1079 6455
1923 1080 6454
1922 1081 6453
1921 1082 6452
1920 1083 6451
1919 1084 6450
1918 1085 6449
1917 1086 6448
1916 1087 6447
1915 1088 6446
1914 1089 6445
1913 1090 6444
1912 1091 6443
1911 1092 6442
1910 1093 6441
1909 1094 6440
1908 1095 6439
1907 1096 6438
1906 1097 6437
1905 1098 6436
1904 1099 6435
1903 1100 6434
1902 1101 6433
1901 1102 6432
1900 1103 6431
1899 1104 6430
1898 1105 6429
1897 1106 6428
1896 1107 6427
1895 1108 6426
1894 1109 6425
1893 1110 6424
1892 1111 6423
1891 1112 6422
1890 1113 6421
1889 1114 6420
1888 1115 6419
1887 1116 6418
1886 1117 6417
1885 1118 6416
1884 1119 6415
1883 1120 6414
1882 1121 6413
1881 1122 6412
1880 1123 6411
1879 1124 6410
1878 1125 6409
1877 1126 6408
1876 1127 6407
1875 1128 6406
1874 1129 6405
1873 1130 6404
1872 1131 6403
1871 1132 6402
1870 1133 6401
1869 1134 6400
1868 1135 6399
1867 1136 6398
1866 1137 6397
1865 1138 6396
1864 1139 6395
1863 1140 6394
1862 1141 6393
1861 1142 6392
1860 1143 6391
1859 1144 6390
1858 1145 6389
1857 1146 6388
1856 1147 6387
1855 1148 6386
1854 1149 6385
1853 1150 6384
1852 1151 6383
1851 1152 6382
1850 1153 6381
1849 1154 6380
1848 1155 6379
1847 1156 6378
1846 1157 6377
1845 1158 6376
1844 1159 6375
1843 1160 6374
1842 1161 6373
1841 1162 6372
1840 1163 6371
1839 1164 6370
1838 1165 6369
1837 1166 6368
1836 1167 6367
1835 1168 6366
1834 1169 6365
1833 1170 6364
1832 1171 6363
1831 1172 6362
1830 1173 6361
1829 1174 6360
1828 1175 6359
1827 1176 6358
1826 1177 6357
1825 1178 6356
1824 1179 6355
1823 1180 6354
1822 1181 6353
1821 1182 6352
1820 1183 6351
1819 1184 6350
1818 1185 6349
1817 1186 6348
1816 1187 6347
1815 1188 6346
1814 1189 6345
1813 1190 6344
1812 1191 6343
1811 1192 6342
1810 1193 6341
1809 1194 6340
1808 1195 6339
1807 1196 6338
1806 1197 6337
1805 1198 6336
1804 1199 6335
1803 1200 6334
1802 1201 6333
1801 1202 6332
1800 1203 6331
1799 1204 6330
1798 1205 6329
1797 1206 6328
1796 1207 6327
1795 1208 6326
1794 1209 6325
1793 1210 6324
1792 1211 6323
1791 1212 6322
1790 1213 6321
1789 1214 6320
1788 1215 6319
1787 1216 6318
1786 1217 6317
1785 1218 6316
1784 1219 6315
1783 1220 6314
1782 1221 6313
1781 1222 6312
1780 1223 6311
1779 1224 6310
1778 1225 6309
1777 1226 6308
1776 1227 6307
1775 1228 6306
1774 1229 6305
1773 1230 6304
1772 1231 6303
1771 1232 6302
1770 1233 6301
1769 1234 6300
1768 1235 6299
1767 1236 6298
1766 1237 6297
1765 1238 6296
1764 1239 6295
1763 1240 6294
1762 1241 6293
1761 1242 6292
1760 1243 6291
1759 1244 6290
1758 1245 6289
1757 1246 6288
1756 1247 6287
1755 1248 6286
1754 1249 6285
1753 1250 6284
1752 1251 6283
1751 1252 6282
1750 1253 6281
1749 1254 6280
1748 1255 6279
1747 1256 6278
1746 1257 6277
1745 1258 6276
1744 1259 6275
1743 1260 6274
1742 1261 6273
1741 1262 6272
1740 1263 6271
1739 1264 6270
1738 1265 6269
1737 1266 6268
1736 1267 6267
1735 1268 6266
1734 1269 6265
1733 1270 6264
1732 1271 6263
1731 1272 6262
1730 1273 6261
1729 1274 6260
1728 1275 6259
1727 1276 6258
1726 1277 6257
1725 1278 6256
1724 1279 6255
1723 1280 6254
1722 1281 6253
1721 1282 6252
1720 1283 6251
1719 1284 6250
1718 1285 6249
1717 1286 6248
1716 1287 6247
1715 1288 6246
1714 1289 6245
1713 1290 6244
1712 1291 6243
1711 1292 6242
1710 1293 6241
1709 1294 6240
1708 1295 6239
1707 1296 6238
1706 1297 6237
1705 1298 6236
1704 1299 6235
1703 1300 6234
1702 1301 6233
1701 1302 6232
1700 1303 6231
1699 1304 6230
1698 1305 6229
1697 1306 6228
1696 1307 6227
1695 1308 6226
1694 1309 6225
1693 1310 6224
1692 1311 6223
1691 1312 6222
1690 1313 6221
1689 1314 6220
1688 1315 6219
1687 1316 6218
1686 1317 6217
1685 1318 6216
1684 1319 6215
1683 1320 6214
1682 1321 6213
1681 1322 6212
1680 1323 6211
1679 1324 6210
1678 1325 6209
1677 1326 6208
1676 1327 6207
1675 1328 6206
1674 1329 6205
1673 1330 6204
1672 1331 6203
1671 1332 6202
1670 1333 6201
1669 1334 6200
1668 1335 6199
1667 1336 6198
1666 1337 6197
1665 1338 6196
1664 1339 6195
1663 1340 6194
1662 1341 6193
1661 1342 6192
1660 1343 6191
1659 1344 6190
1658 1345 6189
1657 1346 6188
1656 1347 6187
1655 1348 6186
1654 1349 6185
1653 1350 6184
1652 1351 6183
1651 1352 6182
1650 1353 6181
1649 1354 6180
1648 1355 6179
1647 1356 6178
1646 1357 6177
1645 1358 6176
1644 1359 6175
1643 1360 6174
1642 1361 6173
1641 1362 6172
1640 1363 6171
1639 1364 6170
1638 1365 6169
1637 1366 6168
1636 1367 6167
1635 1368 6166
1634 1369 6165
1633 1370 6164
1632 1371 6163
1631 1372 6162
1630 1373 6161
1629 1374 6160
1628 1375 6159
1627 1376 6158
1626 1377 6157
1625 1378 6156
1624 1379 6155
1623 1380 6154
1622 1381 6153
1621 1382 6152
1620 1383 6151
1619 1384 6150
1618 1385 6149
1617 1386 6148
1616 1387 6147
1615 1388 6146
1614 1389 6145
1613 1390 6144
1612 1391 6143
1611 1392 6142
1610 1393 6141
1609 1394 6140
1608 1395 6139
1607 1396 6138
1606 1397 6137
1605 1398 6136
1604 1399 6135
1603 1400 6134
1602 1401 6133
1601 1402 6132
1600 1403 6131
1599 1404 6130
1598 1405 6129
1597 1406 6128
1596 1407 6127
1595 1408 6126
1594 1409 6125
1593 1410 6124
1592 1411 6123
1591 1412 6122
1590 1413 6121
1589 1414 6120
1588 1415 6119
1587 1416 6118
1586 1417 6117
1585 1418 6116
1584 1419 6115
1583 1420 6114
1582 1421 6113
1581 1422 6112
1580 1423 6111
1579 1424 6110
1578 1425 6109
1577 1426 6108
1576 1427 6107
1575 1428 6106
1574 1429 6105
1573 1430 6104
1572 1431 6103
1571 1432 6102
1570 1433 6101
1569 1434 6100
1568 1435 6099
1567 1436 6098
1566 1437 6097
1565 1438 6096
1564 1439 6095
1563 1440 6094
1562 1441 6093
1561 1442 6092
1560 1443 6091
1559 1444 6090
1558 1445 6089
1557 1446 6088
1556 1447 6087
1555 1448 6086
1554 1449 6085
1553 1450 6084
1552 1451 6083
1551 1452 6082
1550 1453 6081
1549 1454 6080
1548 1455 6079
1547 1456 6078
1546 1457 6077
1545 1458 6076
1544 1459 6075
1543 1460 6074
1542 1461 6073
1541 1462 6072
1540 1463 6071
1539 1464 6070
1538 1465 6069
1537 1466 6068
1536 1467 6067
1535 1468 6066
1534 1469 6065
1533 1470 6064
1532 1471 6063
1531 1472 6062
1530 1473 6061
1529 1474 6060
1528 1475 6059
1527 1476 6058
1526 1477 6057
1525 1478 6056
1524 1479 6055
1523 1480 6054
1522 1481 6053
1521 1482 6052
1520 1483 6051
1519 1484 6050
1518 1485 6049
1517 1486 6048
1516 1487 6047
1515 1488 6046
1514 1489 6045
1513 1490 6044
1512 1491 6043
1511 1492 6042
1510 1493 6041
1509 1494 6040
1508 1495 6039
1507 1496 6038
1506 1497 6037
1505 1498 6036
1504 1499 6035
1503 1500 6034
1502 1501 6033
1501 1502 6032
1500 1503 6031
1499 1504 6030
1498 1505 6029
1497 1506 6028
1496 1507 6027
1495 1508 6026
1494 1509 6025
1493 1510 6024
1492 1511 6023
1491 1512 6022
1490 1513 6021
1489 1514 6020
1488 1515 6019
1487 1516 6018
1486 1517 6017
1485 1518 6016
1484 1519 6015
1483 1520 6014
1482 1521 6013
1481 1522 6012
1480 1523 6011
1479 1524 6010
1478 1525 6009
1477 1526 6008
1476 1527 6007
1475 1528 6006
1474 1529 6005
1473 1530 6004
1472 1531 6003
1471 1532 6002
1470 1533 6001
