1102
3000 3 7102
2999 4 7101
2998 5 7100
2997 6 7099
2996 7 7098
2995 8 7097
2994 9 7096
2993 10 7095
2992 11 7094
2991 12 7093
2990 13 7092
2989 14 7091
2988 15 7090
2987 16 7089
2986 17 7088
2985 18 7087
2984 19 7086
2983 20 7085
2982 21 7084
2981 22 7083
2980 23 7082
2979 24 7081
2978 25 7080
2977 26 7079
2976 27 7078
2975 28 7077
2974 29 7076
2973 30 7075
2972 31 7074
2971 32 7073
2970 33 7072
2969 34 7071
2968 35 7070
2967 36 7069
2966 37 7068
2965 38 7067
2964 39 7066
2963 40 7065
2962 41 7064
2961 42 7063
2960 43 7062
2959 44 7061
2958 45 7060
2957 46 7059
2956 47 7058
2955 48 7057
2954 49 7056
2953 50 7055
2952 51 7054
2951 52 7053
2950 53 7052
2949 54 7051
2948 55 7050
2947 56 7049
2946 57 7048
2945 58 7047
2944 59 7046
2943 60 7045
2942 61 7044
2941 62 7043
2940 63 7042
2939 64 7041
2938 65 7040
2937 66 7039
2936 67 7038
2935 68 7037
2934 69 7036
2933 70 7035
2932 71 7034
2931 72 7033
2930 73 7032
2929 74 7031
2928 75 7030
2927 76 7029
2926 77 7028
2925 78 7027
2924 79 7026
2923 80 7025
2922 81 7024
2921 82 7023
2920 83 7022
2919 84 7021
2918 85 7020
2917 86 7019
2916 87 7018
2915 88 7017
2914 89 7016
2913 90 7015
2912 91 7014
2911 92 7013
2910 93 7012
2909 94 7011
2908 95 7010
2907 96 7009
2906 97 7008
2905 98 7007
2904 99 7006
2903 100 7005
2902 101 7004
2901 102 7003
2900 103 7002
2899 104 7001
2898 105 7000
2897 106 6999
2896 107 6998
2895 108 6997
2894 109 6996
2893 110 6995
2892 111 6994
2891 112 6993
2890 113 6992
2889 114 6991
2888 115 6990
2887 116 6989
2886 117 6988
2885 118 6987
2884 119 6986
2883 120 6985
2882 121 6984
2881 122 6983
2880 123 6982
2879 124 6981
2878 125 6980
2877 126 6979
2876 127 6978
2875 128 6977
2874 129 6976
2873 130 6975
2872 131 6974
2871 132 6973
2870 133 6972
2869 134 6971
2868 135 6970
2867 136 6969
2866 137 6968
2865 138 6967
2864 139 6966
2863 140 6965
2862 141 6964
2861 142 6963
2860 143 6962
2859 144 6961
2858 145 6960
2857 146 6959
2856 147 6958
2855 148 6957
2854 149 6956
2853 150 6955
2852 151 6954
2851 152 6953
2850 153 6952
2849 154 6951
2848 155 6950
2847 156 6949
2846 157 6948
2845 158 6947
2844 159 6946
2843 160 6945
2842 161 6944
2841 162 6943
2840 163 6942
2839 164 6941
2838 165 6940
2837 166 6939
2836 167 6938
2835 168 6937
2834 169 6936
2833 170 6935
2832 171 6934
2831 172 6933
2830 173 6932
2829 174 6931
2828 175 6930
2827 176 6929
2826 177 6928
2825 178 6927
2824 179 6926
2823 180 6925
2822 181 6924
2821 182 6923
2820 183 6922
2819 184 6921
2818 185 6920
2817 186 6919
2816 187 6918
2815 188 6917
2814 189 6916
2813 190 6915
2812 191 6914
2811 192 6913
2810 193 6912
2809 194 6911
2808 195 6910
2807 196 6909
2806 197 6908
2805 198 6907
2804 199 6906
2803 200 6905
2802 201 6904
2801 202 6903
2800 203 6902
2799 204 6901
2798 205 6900
2797 206 6899
2796 207 6898
2795 208 6897
2794 209 6896
2793 210 6895
2792 211 6894
2791 212 6893
2790 213 6892
2789 214 6891
2788 215 6890
2787 216 6889
2786 217 6888
2785 218 6887
2784 219 6886
2783 220 6885
2782 221 6884
2781 222 6883
2780 223 6882
2779 224 6881
2778 225 6880
2777 226 6879
2776 227 6878
2775 228 6877
2774 229 6876
2773 230 6875
2772 231 6874
2771 232 6873
2770 233 6872
2769 234 6871
2768 235 6870
2767 236 6869
2766 237 6868
2765 238 6867
2764 239 6866
2763 240 6865
2762 241 6864
2761 242 6863
2760 243 6862
2759 244 6861
2758 245 6860
2757 246 6859
2756 247 6858
2755 248 6857
2754 249 6856
2753 250 6855
2752 251 6854
2751 252 6853
2750 253 6852
2749 254 6851
2748 255 6850
2747 256 6849
2746 257 6848
2745 258 6847
2744 259 6846
2743 260 6845
2742 261 6844
2741 262 6843
2740 263 6842
2739 264 6841
2738 265 6840
2737 266 6839
2736 267 6838
2735 268 6837
2734 269 6836
2733 270 6835
2732 271 6834
2731 272 6833
2730 273 6832
2729 274 6831
2728 275 6830
2727 276 6829
2726 277 6828
2725 278 6827
2724 279 6826
2723 280 6825
2722 281 6824
2721 282 6823
2720 283 6822
2719 284 6821
2718 285 6820
2717 286 6819
2716 287 6818
2715 288 6817
2714 289 6816
2713 290 6815
2712 291 6814
2711 292 6813
2710 293 6812
2709 294 6811
2708 295 6810
2707 296 6809
2706 297 6808
2705 298 6807
2704 299 6806
2703 300 6805
2702 301 6804
2701 302 6803
2700 303 6802
2699 304 6801
2698 305 6800
2697 306 6799
2696 307 6798
2695 308 6797
2694 309 6796
2693 310 6795
2692 311 6794
2691 312 6793
2690 313 6792
2689 314 6791
2688 315 6790
2687 316 6789
2686 317 6788
2685 318 6787
2684 319 6786
2683 320 6785
2682 321 6784
2681 322 6783
2680 323 6782
2679 324 6781
2678 325 6780
2677 326 6779
2676 327 6778
2675 328 6777
2674 329 6776
2673 330 6775
2672 331 6774
2671 332 6773
2670 333 6772
2669 334 6771
2668 335 6770
2667 336 6769
2666 337 6768
2665 338 6767
2664 339 6766
2663 340 6765
2662 341 6764
2661 342 6763
2660 343 6762
2659 344 6761
2658 345 6760
2657 346 6759
2656 347 6758
2655 348 6757
2654 349 6756
2653 350 6755
2652 351 6754
2651 352 6753
2650 353 6752
2649 354 6751
2648 355 6750
2647 356 6749
2646 357 6748
2645 358 6747
2644 359 6746
2643 360 6745
2642 361 6744
2641 362 6743
2640 363 6742
2639 364 6741
2638 365 6740
2637 366 6739
2636 367 6738
2635 368 6737
2634 369 6736
2633 370 6735
2632 371 6734
2631 372 6733
2630 373 6732
2629 374 6731
2628 375 6730
2627 376 6729
2626 377 6728
2625 378 6727
2624 379 6726
2623 380 6725
2622 381 6724
2621 382 6723
2620 383 6722
2619 384 6721
2618 385 6720
2617 386 6719
2616 387 6718
2615 388 6717
2614 389 6716
2613 390 6715
2612 391 6714
2611 392 6713
2610 393 6712
2609 394 6711
2608 395 6710
2607 396 6709
2606 397 6708
2605 398 6707
2604 399 6706
2603 400 6705
2602 401 6704
2601 402 6703
2600 403 6702
2599 404 6701
2598 405 6700
2597 406 6699
2596 407 6698
2595 408 6697
2594 409 6696
2593 410 6695
2592 411 6694
2591 412 6693
2590 413 6692
2589 414 6691
2588 415 6690
2587 416 6689
2586 417 6688
2585 418 6687
2584 419 6686
2583 420 6685
2582 421 6684
2581 422 6683
2580 423 6682
2579 424 6681
2578 425 6680
2577 426 6679
2576 427 6678
2575 428 6677
2574 429 6676
2573 430 6675
2572 431 6674
2571 432 6673
2570 433 6672
2569 434 6671
2568 435 6670
2567 436 6669
2566 437 6668
2565 438 6667
2564 439 6666
2563 440 6665
2562 441 6664
2561 442 6663
2560 443 6662
2559 444 6661
2558 445 6660
2557 446 6659
2556 447 6658
2555 448 6657
2554 449 6656
2553 450 6655
2552 451 6654
2551 452 6653
2550 453 6652
2549 454 6651
2548 455 6650
2547 456 6649
2546 457 6648
2545 458 6647
2544 459 6646
2543 460 6645
2542 461 6644
2541 462 6643
2540 463 6642
2539 464 6641
2538 465 6640
2537 466 6639
2536 467 6638
2535 468 6637
2534 469 6636
2533 470 6635
2532 471 6634
2531 472 6633
2530 473 6632
2529 474 6631
2528 475 6630
2527 476 6629
2526 477 6628
2525 478 6627
2524 479 6626
2523 480 6625
2522 481 6624
2521 482 6623
2520 483 6622
2519 484 6621
2518 485 6620
2517 486 6619
2516 487 6618
2515 488 6617
2514 489 6616
2513 490 6615
2512 491 6614
2511 492 6613
2510 493 6612
2509 494 6611
2508 495 6610
2507 496 6609
2506 497 6608
2505 498 6607
2504 499 6606
2503 500 6605
2502 501 6604
2501 502 6603
2500 503 6602
2499 504 6601
2498 505 6600
2497 506 6599
2496 507 6598
2495 508 6597
2494 509 6596
2493 510 6595
2492 511 6594
2491 512 6593
2490 513 6592
2489 514 6591
2488 515 6590
2487 516 6589
2486 517 6588
2485 518 6587
2484 519 6586
2483 520 6585
2482 521 6584
2481 522 6583
2480 523 6582
2479 524 6581
2478 525 6580
2477 526 6579
2476 527 6578
2475 528 6577
2474 529 6576
2473 530 6575
2472 531 6574
2471 532 6573
2470 533 6572
2469 534 6571
2468 535 6570
2467 536 6569
2466 537 6568
2465 538 6567
2464 539 6566
2463 540 6565
2462 541 6564
2461 542 6563
2460 543 6562
2459 544 6561
2458 545 6560
2457 546 6559
2456 547 6558
2455 548 6557
2454 549 6556
2453 550 6555
2452 551 6554
2451 552 6553
2450 553 6552
2449 554 6551
2448 555 6550
2447 556 6549
2446 557 6548
2445 558 6547
2444 559 6546
2443 560 6545
2442 561 6544
2441 562 6543
2440 563 6542
2439 564 6541
2438 565 6540
2437 566 6539
2436 567 6538
2435 568 6537
2434 569 6536
2433 570 6535
2432 571 6534
2431 572 6533
2430 573 6532
2429 574 6531
2428 575 6530
2427 576 6529
2426 577 6528
2425 578 6527
2424 579 6526
2423 580 6525
2422 581 6524
2421 582 6523
2420 583 6522
2419 584 6521
2418 585 6520
2417 586 6519
2416 587 6518
2415 588 6517
2414 589 6516
2413 590 6515
2412 591 6514
2411 592 6513
2410 593 6512
2409 594 6511
2408 595 6510
2407 596 6509
2406 597 6508
2405 598 6507
2404 599 6506
2403 600 6505
2402 601 6504
2401 602 6503
2400 603 6502
2399 604 6501
2398 605 6500
2397 606 6499
2396 607 6498
2395 608 6497
2394 609 6496
2393 610 6495
2392 611 6494
2391 612 6493
2390 613 6492
2389 614 6491
2388 615 6490
2387 616 6489
2386 617 6488
2385 618 6487
2384 619 6486
2383 620 6485
2382 621 6484
2381 622 6483
2380 623 6482
2379 624 6481
2378 625 6480
2377 626 6479
2376 627 6478
2375 628 6477
2374 629 6476
2373 630 6475
2372 631 6474
2371 632 6473
2370 633 6472
2369 634 6471
2368 635 6470
2367 636 6469
2366 637 6468
2365 638 6467
2364 639 6466
2363 640 6465
2362 641 6464
2361 642 6463
2360 643 6462
2359 644 6461
2358 645 6460
2357 646 6459
2356 647 6458
2355 648 6457
2354 649 6456
2353 650 6455
2352 651 6454
2351 652 6453
2350 653 6452
2349 654 6451
2348 655 6450
2347 656 6449
2346 657 6448
2345 658 6447
2344 659 6446
2343 660 6445
2342 661 6444
2341 662 6443
2340 663 6442
2339 664 6441
2338 665 6440
2337 666 6439
2336 667 6438
2335 668 6437
2334 669 6436
2333 670 6435
2332 671 6434
2331 672 6433
2330 673 6432
2329 674 6431
2328 675 6430
2327 676 6429
2326 677 6428
2325 678 6427
2324 679 6426
2323 680 6425
2322 681 6424
2321 682 6423
2320 683 6422
2319 684 6421
2318 685 6420
2317 686 6419
2316 687 6418
2315 688 6417
2314 689 6416
2313 690 6415
2312 691 6414
2311 692 6413
2310 693 6412
2309 694 6411
2308 695 6410
2307 696 6409
2306 697 6408
2305 698 6407
2304 699 6406
2303 700 6405
2302 701 6404
2301 702 6403
2300 703 6402
2299 704 6401
2298 705 6400
2297 706 6399
2296 707 6398
2295 708 6397
2294 709 6396
2293 710 6395
2292 711 6394
2291 712 6393
2290 713 6392
2289 714 6391
2288 715 6390
2287 716 6389
2286 717 6388
2285 718 6387
2284 719 6386
2283 720 6385
2282 721 6384
2281 722 6383
2280 723 6382
2279 724 6381
2278 725 6380
2277 726 6379
2276 727 6378
2275 728 6377
2274 729 6376
2273 730 6375
2272 731 6374
2271 732 6373
2270 733 6372
2269 734 6371
2268 735 6370
2267 736 6369
2266 737 6368
2265 738 6367
2264 739 6366
2263 740 6365
2262 741 6364
2261 742 6363
2260 743 6362
2259 744 6361
2258 745 6360
2257 746 6359
2256 747 6358
2255 748 6357
2254 749 6356
2253 750 6355
2252 751 6354
2251 752 6353
2250 753 6352
2249 754 6351
2248 755 6350
2247 756 6349
2246 757 6348
2245 758 6347
2244 759 6346
2243 760 6345
2242 761 6344
2241 762 6343
2240 763 6342
2239 764 6341
2238 765 6340
2237 766 6339
2236 767 6338
2235 768 6337
2234 769 6336
2233 770 6335
2232 771 6334
2231 772 6333
2230 773 6332
2229 774 6331
2228 775 6330
2227 776 6329
2226 777 6328
2225 778 6327
2224 779 6326
2223 780 6325
2222 781 6324
2221 782 6323
2220 783 6322
2219 784 6321
2218 785 6320
2217 786 6319
2216 787 6318
2215 788 6317
2214 789 6316
2213 790 6315
2212 791 6314
2211 792 6313
2210 793 6312
2209 794 6311
2208 795 6310
2207 796 6309
2206 797 6308
2205 798 6307
2204 799 6306
2203 800 6305
2202 801 6304
2201 802 6303
2200 803 6302
2199 804 6301
2198 805 6300
2197 806 6299
2196 807 6298
2195 808 6297
2194 809 6296
2193 810 6295
2192 811 6294
2191 812 6293
2190 813 6292
2189 814 6291
2188 815 6290
2187 816 6289
2186 817 6288
2185 818 6287
2184 819 6286
2183 820 6285
2182 821 6284
2181 822 6283
2180 823 6282
2179 824 6281
2178 825 6280
2177 826 6279
2176 827 6278
2175 828 6277
2174 829 6276
2173 830 6275
2172 831 6274
2171 832 6273
2170 833 6272
2169 834 6271
2168 835 6270
2167 836 6269
2166 837 6268
2165 838 6267
2164 839 6266
2163 840 6265
2162 841 6264
2161 842 6263
2160 843 6262
2159 844 6261
2158 845 6260
2157 846 6259
2156 847 6258
2155 848 6257
2154 849 6256
2153 850 6255
2152 851 6254
2151 852 6253
2150 853 6252
2149 854 6251
2148 855 6250
2147 856 6249
2146 857 6248
2145 858 6247
2144 859 6246
2143 860 6245
2142 861 6244
2141 862 6243
2140 863 6242
2139 864 6241
2138 865 6240
2137 866 6239
2136 867 6238
2135 868 6237
2134 869 6236
2133 870 6235
2132 871 6234
2131 872 6233
2130 873 6232
2129 874 6231
2128 875 6230
2127 876 6229
2126 877 6228
2125 878 6227
2124 879 6226
2123 880 6225
2122 881 6224
2121 882 6223
2120 883 6222
2119 884 6221
2118 885 6220
2117 886 6219
2116 887 6218
2115 888 6217
2114 889 6216
2113 890 6215
2112 891 6214
2111 892 6213
2110 893 6212
2109 894 6211
2108 895 6210
2107 896 6209
2106 897 6208
2105 898 6207
2104 899 6206
2103 900 6205
2102 901 6204
2101 902 6203
2100 903 6202
2099 904 6201
2098 905 6200
2097 906 6199
2096 907 6198
2095 908 6197
2094 909 6196
2093 910 6195
2092 911 6194
2091 912 6193
2090 913 6192
2089 914 6191
2088 915 6190
2087 916 6189
2086 917 6188
2085 918 6187
2084 919 6186
2083 920 6185
2082 921 6184
2081 922 6183
2080 923 6182
2079 924 6181
2078 925 6180
2077 926 6179
2076 927 6178
2075 928 6177
2074 929 6176
2073 930 6175
2072 931 6174
2071 932 6173
2070 933 6172
2069 934 6171
2068 935 6170
2067 936 6169
2066 937 6168
2065 938 6167
2064 939 6166
2063 940 6165
2062 941 6164
2061 942 6163
2060 943 6162
2059 944 6161
2058 945 6160
2057 946 6159
2056 947 6158
2055 948 6157
2054 949 6156
2053 950 6155
2052 951 6154
2051 952 6153
2050 953 6152
2049 954 6151
2048 955 6150
2047 956 6149
2046 957 6148
2045 958 6147
2044 959 6146
2043 960 6145
2042 961 6144
2041 962 6143
2040 963 6142
2039 964 6141
2038 965 6140
2037 966 6139
2036 967 6138
2035 968 6137
2034 969 6136
2033 970 6135
2032 971 6134
2031 972 6133
2030 973 6132
2029 974 6131
2028 975 6130
2027 976 6129
2026 977 6128
2025 978 6127
2024 979 6126
2023 980 6125
2022 981 6124
2021 982 6123
2020 983 6122
2019 984 6121
2018 985 6120
2017 986 6119
2016 987 6118
2015 988 6117
2014 989 6116
2013 990 6115
2012 991 6114
2011 992 6113
2010 993 6112
2009 994 6111
2008 995 6110
2007 996 6109
2006 997 6108
2005 998 6107
2004 999 6106
2003 1000 6105
2002 1001 6104
2001 1002 6103
2000 1003 6102
1999 1004 6101
1998 1005 6100
1997 1006 6099
1996 1007 6098
1995 1008 6097
1994 1009 6096
1993 1010 6095
1992 1011 6094
1991 1012 6093
1990 1013 6092
1989 1014 6091
1988 1015 6090
1987 1016 6089
1986 1017 6088
1985 1018 6087
1984 1019 6086
1983 1020 6085
1982 1021 6084
1981 1022 6083
1980 1023 6082
1979 1024 6081
1978 1025 6080
1977 1026 6079
1976 1027 6078
1975 1028 6077
1974 1029 6076
1973 1030 6075
1972 1031 6074
1971 1032 6073
1970 1033 6072
1969 1034 6071
1968 1035 6070
1967 1036 6069
1966 1037 6068
1965 1038 6067
1964 1039 6066
1963 1040 6065
1962 1041 6064
1961 1042 6063
1960 1043 6062
1959 1044 6061
1958 1045 6060
1957 1046 6059
1956 1047 6058
1955 1048 6057
1954 1049 6056
1953 1050 6055
1952 1051 6054
1951 1052 6053
1950 1053 6052
1949 1054 6051
1948 1055 6050
1947 1056 6049
1946 1057 6048
1945 1058 6047
1944 1059 6046
1943 1060 6045
1942 1061 6044
1941 1062 6043
1940 1063 6042
1939 1064 6041
1938 1065 6040
1937 1066 6039
1936 1067 6038
1935 1068 6037
1934 1069 6036
1933 1070 6035
1932 1071 6034
1931 1072 6033
1930 1073 6032
1929 1074 6031
1928 1075 6030
1927 1076 6029
1926 1077 6028
1925 1078 6027
1924 1079 6026
1923 1080 6025
1922 1081 6024
1921 1082 6023
1920 1083 6022
1919 1084 6021
1918 1085 6020
1917 1086 6019
1916 1087 6018
1915 1088 6017
1914 1089 6016
1913 1090 6015
1912 1091 6014
1911 1092 6013
1910 1093 6012
1909 1094 6011
1908 1095 6010
1907 1096 6009
1906 1097 6008
1905 1098 6007
1904 1099 6006
1903 1100 6005
1902 1101 6004
1901 1102 6003
1900 1103 6002
1899 1104 6001
