2840
3000 3 8840
2999 4 8839
2998 5 8838
2997 6 8837
2996 7 8836
2995 8 8835
2994 9 8834
2993 10 8833
2992 11 8832
2991 12 8831
2990 13 8830
2989 14 8829
2988 15 8828
2987 16 8827
2986 17 8826
2985 18 8825
2984 19 8824
2983 20 8823
2982 21 8822
2981 22 8821
2980 23 8820
2979 24 8819
2978 25 8818
2977 26 8817
2976 27 8816
2975 28 8815
2974 29 8814
2973 30 8813
2972 31 8812
2971 32 8811
2970 33 8810
2969 34 8809
2968 35 8808
2967 36 8807
2966 37 8806
2965 38 8805
2964 39 8804
2963 40 8803
2962 41 8802
2961 42 8801
2960 43 8800
2959 44 8799
2958 45 8798
2957 46 8797
2956 47 8796
2955 48 8795
2954 49 8794
2953 50 8793
2952 51 8792
2951 52 8791
2950 53 8790
2949 54 8789
2948 55 8788
2947 56 8787
2946 57 8786
2945 58 8785
2944 59 8784
2943 60 8783
2942 61 8782
2941 62 8781
2940 63 8780
2939 64 8779
2938 65 8778
2937 66 8777
2936 67 8776
2935 68 8775
2934 69 8774
2933 70 8773
2932 71 8772
2931 72 8771
2930 73 8770
2929 74 8769
2928 75 8768
2927 76 8767
2926 77 8766
2925 78 8765
2924 79 8764
2923 80 8763
2922 81 8762
2921 82 8761
2920 83 8760
2919 84 8759
2918 85 8758
2917 86 8757
2916 87 8756
2915 88 8755
2914 89 8754
2913 90 8753
2912 91 8752
2911 92 8751
2910 93 8750
2909 94 8749
2908 95 8748
2907 96 8747
2906 97 8746
2905 98 8745
2904 99 8744
2903 100 8743
2902 101 8742
2901 102 8741
2900 103 8740
2899 104 8739
2898 105 8738
2897 106 8737
2896 107 8736
2895 108 8735
2894 109 8734
2893 110 8733
2892 111 8732
2891 112 8731
2890 113 8730
2889 114 8729
2888 115 8728
2887 116 8727
2886 117 8726
2885 118 8725
2884 119 8724
2883 120 8723
2882 121 8722
2881 122 8721
2880 123 8720
2879 124 8719
2878 125 8718
2877 126 8717
2876 127 8716
2875 128 8715
2874 129 8714
2873 130 8713
2872 131 8712
2871 132 8711
2870 133 8710
2869 134 8709
2868 135 8708
2867 136 8707
2866 137 8706
2865 138 8705
2864 139 8704
2863 140 8703
2862 141 8702
2861 142 8701
2860 143 8700
2859 144 8699
2858 145 8698
2857 146 8697
2856 147 8696
2855 148 8695
2854 149 8694
2853 150 8693
2852 151 8692
2851 152 8691
2850 153 8690
2849 154 8689
2848 155 8688
2847 156 8687
2846 157 8686
2845 158 8685
2844 159 8684
2843 160 8683
2842 161 8682
2841 162 8681
2840 163 8680
2839 164 8679
2838 165 8678
2837 166 8677
2836 167 8676
2835 168 8675
2834 169 8674
2833 170 8673
2832 171 8672
2831 172 8671
2830 173 8670
2829 174 8669
2828 175 8668
2827 176 8667
2826 177 8666
2825 178 8665
2824 179 8664
2823 180 8663
2822 181 8662
2821 182 8661
2820 183 8660
2819 184 8659
2818 185 8658
2817 186 8657
2816 187 8656
2815 188 8655
2814 189 8654
2813 190 8653
2812 191 8652
2811 192 8651
2810 193 8650
2809 194 8649
2808 195 8648
2807 196 8647
2806 197 8646
2805 198 8645
2804 199 8644
2803 200 8643
2802 201 8642
2801 202 8641
2800 203 8640
2799 204 8639
2798 205 8638
2797 206 8637
2796 207 8636
2795 208 8635
2794 209 8634
2793 210 8633
2792 211 8632
2791 212 8631
2790 213 8630
2789 214 8629
2788 215 8628
2787 216 8627
2786 217 8626
2785 218 8625
2784 219 8624
2783 220 8623
2782 221 8622
2781 222 8621
2780 223 8620
2779 224 8619
2778 225 8618
2777 226 8617
2776 227 8616
2775 228 8615
2774 229 8614
2773 230 8613
2772 231 8612
2771 232 8611
2770 233 8610
2769 234 8609
2768 235 8608
2767 236 8607
2766 237 8606
2765 238 8605
2764 239 8604
2763 240 8603
2762 241 8602
2761 242 8601
2760 243 8600
2759 244 8599
2758 245 8598
2757 246 8597
2756 247 8596
2755 248 8595
2754 249 8594
2753 250 8593
2752 251 8592
2751 252 8591
2750 253 8590
2749 254 8589
2748 255 8588
2747 256 8587
2746 257 8586
2745 258 8585
2744 259 8584
2743 260 8583
2742 261 8582
2741 262 8581
2740 263 8580
2739 264 8579
2738 265 8578
2737 266 8577
2736 267 8576
2735 268 8575
2734 269 8574
2733 270 8573
2732 271 8572
2731 272 8571
2730 273 8570
2729 274 8569
2728 275 8568
2727 276 8567
2726 277 8566
2725 278 8565
2724 279 8564
2723 280 8563
2722 281 8562
2721 282 8561
2720 283 8560
2719 284 8559
2718 285 8558
2717 286 8557
2716 287 8556
2715 288 8555
2714 289 8554
2713 290 8553
2712 291 8552
2711 292 8551
2710 293 8550
2709 294 8549
2708 295 8548
2707 296 8547
2706 297 8546
2705 298 8545
2704 299 8544
2703 300 8543
2702 301 8542
2701 302 8541
2700 303 8540
2699 304 8539
2698 305 8538
2697 306 8537
2696 307 8536
2695 308 8535
2694 309 8534
2693 310 8533
2692 311 8532
2691 312 8531
2690 313 8530
2689 314 8529
2688 315 8528
2687 316 8527
2686 317 8526
2685 318 8525
2684 319 8524
2683 320 8523
2682 321 8522
2681 322 8521
2680 323 8520
2679 324 8519
2678 325 8518
2677 326 8517
2676 327 8516
2675 328 8515
2674 329 8514
2673 330 8513
2672 331 8512
2671 332 8511
2670 333 8510
2669 334 8509
2668 335 8508
2667 336 8507
2666 337 8506
2665 338 8505
2664 339 8504
2663 340 8503
2662 341 8502
2661 342 8501
2660 343 8500
2659 344 8499
2658 345 8498
2657 346 8497
2656 347 8496
2655 348 8495
2654 349 8494
2653 350 8493
2652 351 8492
2651 352 8491
2650 353 8490
2649 354 8489
2648 355 8488
2647 356 8487
2646 357 8486
2645 358 8485
2644 359 8484
2643 360 8483
2642 361 8482
2641 362 8481
2640 363 8480
2639 364 8479
2638 365 8478
2637 366 8477
2636 367 8476
2635 368 8475
2634 369 8474
2633 370 8473
2632 371 8472
2631 372 8471
2630 373 8470
2629 374 8469
2628 375 8468
2627 376 8467
2626 377 8466
2625 378 8465
2624 379 8464
2623 380 8463
2622 381 8462
2621 382 8461
2620 383 8460
2619 384 8459
2618 385 8458
2617 386 8457
2616 387 8456
2615 388 8455
2614 389 8454
2613 390 8453
2612 391 8452
2611 392 8451
2610 393 8450
2609 394 8449
2608 395 8448
2607 396 8447
2606 397 8446
2605 398 8445
2604 399 8444
2603 400 8443
2602 401 8442
2601 402 8441
2600 403 8440
2599 404 8439
2598 405 8438
2597 406 8437
2596 407 8436
2595 408 8435
2594 409 8434
2593 410 8433
2592 411 8432
2591 412 8431
2590 413 8430
2589 414 8429
2588 415 8428
2587 416 8427
2586 417 8426
2585 418 8425
2584 419 8424
2583 420 8423
2582 421 8422
2581 422 8421
2580 423 8420
2579 424 8419
2578 425 8418
2577 426 8417
2576 427 8416
2575 428 8415
2574 429 8414
2573 430 8413
2572 431 8412
2571 432 8411
2570 433 8410
2569 434 8409
2568 435 8408
2567 436 8407
2566 437 8406
2565 438 8405
2564 439 8404
2563 440 8403
2562 441 8402
2561 442 8401
2560 443 8400
2559 444 8399
2558 445 8398
2557 446 8397
2556 447 8396
2555 448 8395
2554 449 8394
2553 450 8393
2552 451 8392
2551 452 8391
2550 453 8390
2549 454 8389
2548 455 8388
2547 456 8387
2546 457 8386
2545 458 8385
2544 459 8384
2543 460 8383
2542 461 8382
2541 462 8381
2540 463 8380
2539 464 8379
2538 465 8378
2537 466 8377
2536 467 8376
2535 468 8375
2534 469 8374
2533 470 8373
2532 471 8372
2531 472 8371
2530 473 8370
2529 474 8369
2528 475 8368
2527 476 8367
2526 477 8366
2525 478 8365
2524 479 8364
2523 480 8363
2522 481 8362
2521 482 8361
2520 483 8360
2519 484 8359
2518 485 8358
2517 486 8357
2516 487 8356
2515 488 8355
2514 489 8354
2513 490 8353
2512 491 8352
2511 492 8351
2510 493 8350
2509 494 8349
2508 495 8348
2507 496 8347
2506 497 8346
2505 498 8345
2504 499 8344
2503 500 8343
2502 501 8342
2501 502 8341
2500 503 8340
2499 504 8339
2498 505 8338
2497 506 8337
2496 507 8336
2495 508 8335
2494 509 8334
2493 510 8333
2492 511 8332
2491 512 8331
2490 513 8330
2489 514 8329
2488 515 8328
2487 516 8327
2486 517 8326
2485 518 8325
2484 519 8324
2483 520 8323
2482 521 8322
2481 522 8321
2480 523 8320
2479 524 8319
2478 525 8318
2477 526 8317
2476 527 8316
2475 528 8315
2474 529 8314
2473 530 8313
2472 531 8312
2471 532 8311
2470 533 8310
2469 534 8309
2468 535 8308
2467 536 8307
2466 537 8306
2465 538 8305
2464 539 8304
2463 540 8303
2462 541 8302
2461 542 8301
2460 543 8300
2459 544 8299
2458 545 8298
2457 546 8297
2456 547 8296
2455 548 8295
2454 549 8294
2453 550 8293
2452 551 8292
2451 552 8291
2450 553 8290
2449 554 8289
2448 555 8288
2447 556 8287
2446 557 8286
2445 558 8285
2444 559 8284
2443 560 8283
2442 561 8282
2441 562 8281
2440 563 8280
2439 564 8279
2438 565 8278
2437 566 8277
2436 567 8276
2435 568 8275
2434 569 8274
2433 570 8273
2432 571 8272
2431 572 8271
2430 573 8270
2429 574 8269
2428 575 8268
2427 576 8267
2426 577 8266
2425 578 8265
2424 579 8264
2423 580 8263
2422 581 8262
2421 582 8261
2420 583 8260
2419 584 8259
2418 585 8258
2417 586 8257
2416 587 8256
2415 588 8255
2414 589 8254
2413 590 8253
2412 591 8252
2411 592 8251
2410 593 8250
2409 594 8249
2408 595 8248
2407 596 8247
2406 597 8246
2405 598 8245
2404 599 8244
2403 600 8243
2402 601 8242
2401 602 8241
2400 603 8240
2399 604 8239
2398 605 8238
2397 606 8237
2396 607 8236
2395 608 8235
2394 609 8234
2393 610 8233
2392 611 8232
2391 612 8231
2390 613 8230
2389 614 8229
2388 615 8228
2387 616 8227
2386 617 8226
2385 618 8225
2384 619 8224
2383 620 8223
2382 621 8222
2381 622 8221
2380 623 8220
2379 624 8219
2378 625 8218
2377 626 8217
2376 627 8216
2375 628 8215
2374 629 8214
2373 630 8213
2372 631 8212
2371 632 8211
2370 633 8210
2369 634 8209
2368 635 8208
2367 636 8207
2366 637 8206
2365 638 8205
2364 639 8204
2363 640 8203
2362 641 8202
2361 642 8201
2360 643 8200
2359 644 8199
2358 645 8198
2357 646 8197
2356 647 8196
2355 648 8195
2354 649 8194
2353 650 8193
2352 651 8192
2351 652 8191
2350 653 8190
2349 654 8189
2348 655 8188
2347 656 8187
2346 657 8186
2345 658 8185
2344 659 8184
2343 660 8183
2342 661 8182
2341 662 8181
2340 663 8180
2339 664 8179
2338 665 8178
2337 666 8177
2336 667 8176
2335 668 8175
2334 669 8174
2333 670 8173
2332 671 8172
2331 672 8171
2330 673 8170
2329 674 8169
2328 675 8168
2327 676 8167
2326 677 8166
2325 678 8165
2324 679 8164
2323 680 8163
2322 681 8162
2321 682 8161
2320 683 8160
2319 684 8159
2318 685 8158
2317 686 8157
2316 687 8156
2315 688 8155
2314 689 8154
2313 690 8153
2312 691 8152
2311 692 8151
2310 693 8150
2309 694 8149
2308 695 8148
2307 696 8147
2306 697 8146
2305 698 8145
2304 699 8144
2303 700 8143
2302 701 8142
2301 702 8141
2300 703 8140
2299 704 8139
2298 705 8138
2297 706 8137
2296 707 8136
2295 708 8135
2294 709 8134
2293 710 8133
2292 711 8132
2291 712 8131
2290 713 8130
2289 714 8129
2288 715 8128
2287 716 8127
2286 717 8126
2285 718 8125
2284 719 8124
2283 720 8123
2282 721 8122
2281 722 8121
2280 723 8120
2279 724 8119
2278 725 8118
2277 726 8117
2276 727 8116
2275 728 8115
2274 729 8114
2273 730 8113
2272 731 8112
2271 732 8111
2270 733 8110
2269 734 8109
2268 735 8108
2267 736 8107
2266 737 8106
2265 738 8105
2264 739 8104
2263 740 8103
2262 741 8102
2261 742 8101
2260 743 8100
2259 744 8099
2258 745 8098
2257 746 8097
2256 747 8096
2255 748 8095
2254 749 8094
2253 750 8093
2252 751 8092
2251 752 8091
2250 753 8090
2249 754 8089
2248 755 8088
2247 756 8087
2246 757 8086
2245 758 8085
2244 759 8084
2243 760 8083
2242 761 8082
2241 762 8081
2240 763 8080
2239 764 8079
2238 765 8078
2237 766 8077
2236 767 8076
2235 768 8075
2234 769 8074
2233 770 8073
2232 771 8072
2231 772 8071
2230 773 8070
2229 774 8069
2228 775 8068
2227 776 8067
2226 777 8066
2225 778 8065
2224 779 8064
2223 780 8063
2222 781 8062
2221 782 8061
2220 783 8060
2219 784 8059
2218 785 8058
2217 786 8057
2216 787 8056
2215 788 8055
2214 789 8054
2213 790 8053
2212 791 8052
2211 792 8051
2210 793 8050
2209 794 8049
2208 795 8048
2207 796 8047
2206 797 8046
2205 798 8045
2204 799 8044
2203 800 8043
2202 801 8042
2201 802 8041
2200 803 8040
2199 804 8039
2198 805 8038
2197 806 8037
2196 807 8036
2195 808 8035
2194 809 8034
2193 810 8033
2192 811 8032
2191 812 8031
2190 813 8030
2189 814 8029
2188 815 8028
2187 816 8027
2186 817 8026
2185 818 8025
2184 819 8024
2183 820 8023
2182 821 8022
2181 822 8021
2180 823 8020
2179 824 8019
2178 825 8018
2177 826 8017
2176 827 8016
2175 828 8015
2174 829 8014
2173 830 8013
2172 831 8012
2171 832 8011
2170 833 8010
2169 834 8009
2168 835 8008
2167 836 8007
2166 837 8006
2165 838 8005
2164 839 8004
2163 840 8003
2162 841 8002
2161 842 8001
2160 843 8000
2159 844 7999
2158 845 7998
2157 846 7997
2156 847 7996
2155 848 7995
2154 849 7994
2153 850 7993
2152 851 7992
2151 852 7991
2150 853 7990
2149 854 7989
2148 855 7988
2147 856 7987
2146 857 7986
2145 858 7985
2144 859 7984
2143 860 7983
2142 861 7982
2141 862 7981
2140 863 7980
2139 864 7979
2138 865 7978
2137 866 7977
2136 867 7976
2135 868 7975
2134 869 7974
2133 870 7973
2132 871 7972
2131 872 7971
2130 873 7970
2129 874 7969
2128 875 7968
2127 876 7967
2126 877 7966
2125 878 7965
2124 879 7964
2123 880 7963
2122 881 7962
2121 882 7961
2120 883 7960
2119 884 7959
2118 885 7958
2117 886 7957
2116 887 7956
2115 888 7955
2114 889 7954
2113 890 7953
2112 891 7952
2111 892 7951
2110 893 7950
2109 894 7949
2108 895 7948
2107 896 7947
2106 897 7946
2105 898 7945
2104 899 7944
2103 900 7943
2102 901 7942
2101 902 7941
2100 903 7940
2099 904 7939
2098 905 7938
2097 906 7937
2096 907 7936
2095 908 7935
2094 909 7934
2093 910 7933
2092 911 7932
2091 912 7931
2090 913 7930
2089 914 7929
2088 915 7928
2087 916 7927
2086 917 7926
2085 918 7925
2084 919 7924
2083 920 7923
2082 921 7922
2081 922 7921
2080 923 7920
2079 924 7919
2078 925 7918
2077 926 7917
2076 927 7916
2075 928 7915
2074 929 7914
2073 930 7913
2072 931 7912
2071 932 7911
2070 933 7910
2069 934 7909
2068 935 7908
2067 936 7907
2066 937 7906
2065 938 7905
2064 939 7904
2063 940 7903
2062 941 7902
2061 942 7901
2060 943 7900
2059 944 7899
2058 945 7898
2057 946 7897
2056 947 7896
2055 948 7895
2054 949 7894
2053 950 7893
2052 951 7892
2051 952 7891
2050 953 7890
2049 954 7889
2048 955 7888
2047 956 7887
2046 957 7886
2045 958 7885
2044 959 7884
2043 960 7883
2042 961 7882
2041 962 7881
2040 963 7880
2039 964 7879
2038 965 7878
2037 966 7877
2036 967 7876
2035 968 7875
2034 969 7874
2033 970 7873
2032 971 7872
2031 972 7871
2030 973 7870
2029 974 7869
2028 975 7868
2027 976 7867
2026 977 7866
2025 978 7865
2024 979 7864
2023 980 7863
2022 981 7862
2021 982 7861
2020 983 7860
2019 984 7859
2018 985 7858
2017 986 7857
2016 987 7856
2015 988 7855
2014 989 7854
2013 990 7853
2012 991 7852
2011 992 7851
2010 993 7850
2009 994 7849
2008 995 7848
2007 996 7847
2006 997 7846
2005 998 7845
2004 999 7844
2003 1000 7843
2002 1001 7842
2001 1002 7841
2000 1003 7840
1999 1004 7839
1998 1005 7838
1997 1006 7837
1996 1007 7836
1995 1008 7835
1994 1009 7834
1993 1010 7833
1992 1011 7832
1991 1012 7831
1990 1013 7830
1989 1014 7829
1988 1015 7828
1987 1016 7827
1986 1017 7826
1985 1018 7825
1984 1019 7824
1983 1020 7823
1982 1021 7822
1981 1022 7821
1980 1023 7820
1979 1024 7819
1978 1025 7818
1977 1026 7817
1976 1027 7816
1975 1028 7815
1974 1029 7814
1973 1030 7813
1972 1031 7812
1971 1032 7811
1970 1033 7810
1969 1034 7809
1968 1035 7808
1967 1036 7807
1966 1037 7806
1965 1038 7805
1964 1039 7804
1963 1040 7803
1962 1041 7802
1961 1042 7801
1960 1043 7800
1959 1044 7799
1958 1045 7798
1957 1046 7797
1956 1047 7796
1955 1048 7795
1954 1049 7794
1953 1050 7793
1952 1051 7792
1951 1052 7791
1950 1053 7790
1949 1054 7789
1948 1055 7788
1947 1056 7787
1946 1057 7786
1945 1058 7785
1944 1059 7784
1943 1060 7783
1942 1061 7782
1941 1062 7781
1940 1063 7780
1939 1064 7779
1938 1065 7778
1937 1066 7777
1936 1067 7776
1935 1068 7775
1934 1069 7774
1933 1070 7773
1932 1071 7772
1931 1072 7771
1930 1073 7770
1929 1074 7769
1928 1075 7768
1927 1076 7767
1926 1077 7766
1925 1078 7765
1924 1079 7764
1923 1080 7763
1922 1081 7762
1921 1082 7761
1920 1083 7760
1919 1084 7759
1918 1085 7758
1917 1086 7757
1916 1087 7756
1915 1088 7755
1914 1089 7754
1913 1090 7753
1912 1091 7752
1911 1092 7751
1910 1093 7750
1909 1094 7749
1908 1095 7748
1907 1096 7747
1906 1097 7746
1905 1098 7745
1904 1099 7744
1903 1100 7743
1902 1101 7742
1901 1102 7741
1900 1103 7740
1899 1104 7739
1898 1105 7738
1897 1106 7737
1896 1107 7736
1895 1108 7735
1894 1109 7734
1893 1110 7733
1892 1111 7732
1891 1112 7731
1890 1113 7730
1889 1114 7729
1888 1115 7728
1887 1116 7727
1886 1117 7726
1885 1118 7725
1884 1119 7724
1883 1120 7723
1882 1121 7722
1881 1122 7721
1880 1123 7720
1879 1124 7719
1878 1125 7718
1877 1126 7717
1876 1127 7716
1875 1128 7715
1874 1129 7714
1873 1130 7713
1872 1131 7712
1871 1132 7711
1870 1133 7710
1869 1134 7709
1868 1135 7708
1867 1136 7707
1866 1137 7706
1865 1138 7705
1864 1139 7704
1863 1140 7703
1862 1141 7702
1861 1142 7701
1860 1143 7700
1859 1144 7699
1858 1145 7698
1857 1146 7697
1856 1147 7696
1855 1148 7695
1854 1149 7694
1853 1150 7693
1852 1151 7692
1851 1152 7691
1850 1153 7690
1849 1154 7689
1848 1155 7688
1847 1156 7687
1846 1157 7686
1845 1158 7685
1844 1159 7684
1843 1160 7683
1842 1161 7682
1841 1162 7681
1840 1163 7680
1839 1164 7679
1838 1165 7678
1837 1166 7677
1836 1167 7676
1835 1168 7675
1834 1169 7674
1833 1170 7673
1832 1171 7672
1831 1172 7671
1830 1173 7670
1829 1174 7669
1828 1175 7668
1827 1176 7667
1826 1177 7666
1825 1178 7665
1824 1179 7664
1823 1180 7663
1822 1181 7662
1821 1182 7661
1820 1183 7660
1819 1184 7659
1818 1185 7658
1817 1186 7657
1816 1187 7656
1815 1188 7655
1814 1189 7654
1813 1190 7653
1812 1191 7652
1811 1192 7651
1810 1193 7650
1809 1194 7649
1808 1195 7648
1807 1196 7647
1806 1197 7646
1805 1198 7645
1804 1199 7644
1803 1200 7643
1802 1201 7642
1801 1202 7641
1800 1203 7640
1799 1204 7639
1798 1205 7638
1797 1206 7637
1796 1207 7636
1795 1208 7635
1794 1209 7634
1793 1210 7633
1792 1211 7632
1791 1212 7631
1790 1213 7630
1789 1214 7629
1788 1215 7628
1787 1216 7627
1786 1217 7626
1785 1218 7625
1784 1219 7624
1783 1220 7623
1782 1221 7622
1781 1222 7621
1780 1223 7620
1779 1224 7619
1778 1225 7618
1777 1226 7617
1776 1227 7616
1775 1228 7615
1774 1229 7614
1773 1230 7613
1772 1231 7612
1771 1232 7611
1770 1233 7610
1769 1234 7609
1768 1235 7608
1767 1236 7607
1766 1237 7606
1765 1238 7605
1764 1239 7604
1763 1240 7603
1762 1241 7602
1761 1242 7601
1760 1243 7600
1759 1244 7599
1758 1245 7598
1757 1246 7597
1756 1247 7596
1755 1248 7595
1754 1249 7594
1753 1250 7593
1752 1251 7592
1751 1252 7591
1750 1253 7590
1749 1254 7589
1748 1255 7588
1747 1256 7587
1746 1257 7586
1745 1258 7585
1744 1259 7584
1743 1260 7583
1742 1261 7582
1741 1262 7581
1740 1263 7580
1739 1264 7579
1738 1265 7578
1737 1266 7577
1736 1267 7576
1735 1268 7575
1734 1269 7574
1733 1270 7573
1732 1271 7572
1731 1272 7571
1730 1273 7570
1729 1274 7569
1728 1275 7568
1727 1276 7567
1726 1277 7566
1725 1278 7565
1724 1279 7564
1723 1280 7563
1722 1281 7562
1721 1282 7561
1720 1283 7560
1719 1284 7559
1718 1285 7558
1717 1286 7557
1716 1287 7556
1715 1288 7555
1714 1289 7554
1713 1290 7553
1712 1291 7552
1711 1292 7551
1710 1293 7550
1709 1294 7549
1708 1295 7548
1707 1296 7547
1706 1297 7546
1705 1298 7545
1704 1299 7544
1703 1300 7543
1702 1301 7542
1701 1302 7541
1700 1303 7540
1699 1304 7539
1698 1305 7538
1697 1306 7537
1696 1307 7536
1695 1308 7535
1694 1309 7534
1693 1310 7533
1692 1311 7532
1691 1312 7531
1690 1313 7530
1689 1314 7529
1688 1315 7528
1687 1316 7527
1686 1317 7526
1685 1318 7525
1684 1319 7524
1683 1320 7523
1682 1321 7522
1681 1322 7521
1680 1323 7520
1679 1324 7519
1678 1325 7518
1677 1326 7517
1676 1327 7516
1675 1328 7515
1674 1329 7514
1673 1330 7513
1672 1331 7512
1671 1332 7511
1670 1333 7510
1669 1334 7509
1668 1335 7508
1667 1336 7507
1666 1337 7506
1665 1338 7505
1664 1339 7504
1663 1340 7503
1662 1341 7502
1661 1342 7501
1660 1343 7500
1659 1344 7499
1658 1345 7498
1657 1346 7497
1656 1347 7496
1655 1348 7495
1654 1349 7494
1653 1350 7493
1652 1351 7492
1651 1352 7491
1650 1353 7490
1649 1354 7489
1648 1355 7488
1647 1356 7487
1646 1357 7486
1645 1358 7485
1644 1359 7484
1643 1360 7483
1642 1361 7482
1641 1362 7481
1640 1363 7480
1639 1364 7479
1638 1365 7478
1637 1366 7477
1636 1367 7476
1635 1368 7475
1634 1369 7474
1633 1370 7473
1632 1371 7472
1631 1372 7471
1630 1373 7470
1629 1374 7469
1628 1375 7468
1627 1376 7467
1626 1377 7466
1625 1378 7465
1624 1379 7464
1623 1380 7463
1622 1381 7462
1621 1382 7461
1620 1383 7460
1619 1384 7459
1618 1385 7458
1617 1386 7457
1616 1387 7456
1615 1388 7455
1614 1389 7454
1613 1390 7453
1612 1391 7452
1611 1392 7451
1610 1393 7450
1609 1394 7449
1608 1395 7448
1607 1396 7447
1606 1397 7446
1605 1398 7445
1604 1399 7444
1603 1400 7443
1602 1401 7442
1601 1402 7441
1600 1403 7440
1599 1404 7439
1598 1405 7438
1597 1406 7437
1596 1407 7436
1595 1408 7435
1594 1409 7434
1593 1410 7433
1592 1411 7432
1591 1412 7431
1590 1413 7430
1589 1414 7429
1588 1415 7428
1587 1416 7427
1586 1417 7426
1585 1418 7425
1584 1419 7424
1583 1420 7423
1582 1421 7422
1581 1422 7421
1580 1423 7420
1579 1424 7419
1578 1425 7418
1577 1426 7417
1576 1427 7416
1575 1428 7415
1574 1429 7414
1573 1430 7413
1572 1431 7412
1571 1432 7411
1570 1433 7410
1569 1434 7409
1568 1435 7408
1567 1436 7407
1566 1437 7406
1565 1438 7405
1564 1439 7404
1563 1440 7403
1562 1441 7402
1561 1442 7401
1560 1443 7400
1559 1444 7399
1558 1445 7398
1557 1446 7397
1556 1447 7396
1555 1448 7395
1554 1449 7394
1553 1450 7393
1552 1451 7392
1551 1452 7391
1550 1453 7390
1549 1454 7389
1548 1455 7388
1547 1456 7387
1546 1457 7386
1545 1458 7385
1544 1459 7384
1543 1460 7383
1542 1461 7382
1541 1462 7381
1540 1463 7380
1539 1464 7379
1538 1465 7378
1537 1466 7377
1536 1467 7376
1535 1468 7375
1534 1469 7374
1533 1470 7373
1532 1471 7372
1531 1472 7371
1530 1473 7370
1529 1474 7369
1528 1475 7368
1527 1476 7367
1526 1477 7366
1525 1478 7365
1524 1479 7364
1523 1480 7363
1522 1481 7362
1521 1482 7361
1520 1483 7360
1519 1484 7359
1518 1485 7358
1517 1486 7357
1516 1487 7356
1515 1488 7355
1514 1489 7354
1513 1490 7353
1512 1491 7352
1511 1492 7351
1510 1493 7350
1509 1494 7349
1508 1495 7348
1507 1496 7347
1506 1497 7346
1505 1498 7345
1504 1499 7344
1503 1500 7343
1502 1501 7342
1501 1502 7341
1500 1503 7340
1499 1504 7339
1498 1505 7338
1497 1506 7337
1496 1507 7336
1495 1508 7335
1494 1509 7334
1493 1510 7333
1492 1511 7332
1491 1512 7331
1490 1513 7330
1489 1514 7329
1488 1515 7328
1487 1516 7327
1486 1517 7326
1485 1518 7325
1484 1519 7324
1483 1520 7323
1482 1521 7322
1481 1522 7321
1480 1523 7320
1479 1524 7319
1478 1525 7318
1477 1526 7317
1476 1527 7316
1475 1528 7315
1474 1529 7314
1473 1530 7313
1472 1531 7312
1471 1532 7311
1470 1533 7310
1469 1534 7309
1468 1535 7308
1467 1536 7307
1466 1537 7306
1465 1538 7305
1464 1539 7304
1463 1540 7303
1462 1541 7302
1461 1542 7301
1460 1543 7300
1459 1544 7299
1458 1545 7298
1457 1546 7297
1456 1547 7296
1455 1548 7295
1454 1549 7294
1453 1550 7293
1452 1551 7292
1451 1552 7291
1450 1553 7290
1449 1554 7289
1448 1555 7288
1447 1556 7287
1446 1557 7286
1445 1558 7285
1444 1559 7284
1443 1560 7283
1442 1561 7282
1441 1562 7281
1440 1563 7280
1439 1564 7279
1438 1565 7278
1437 1566 7277
1436 1567 7276
1435 1568 7275
1434 1569 7274
1433 1570 7273
1432 1571 7272
1431 1572 7271
1430 1573 7270
1429 1574 7269
1428 1575 7268
1427 1576 7267
1426 1577 7266
1425 1578 7265
1424 1579 7264
1423 1580 7263
1422 1581 7262
1421 1582 7261
1420 1583 7260
1419 1584 7259
1418 1585 7258
1417 1586 7257
1416 1587 7256
1415 1588 7255
1414 1589 7254
1413 1590 7253
1412 1591 7252
1411 1592 7251
1410 1593 7250
1409 1594 7249
1408 1595 7248
1407 1596 7247
1406 1597 7246
1405 1598 7245
1404 1599 7244
1403 1600 7243
1402 1601 7242
1401 1602 7241
1400 1603 7240
1399 1604 7239
1398 1605 7238
1397 1606 7237
1396 1607 7236
1395 1608 7235
1394 1609 7234
1393 1610 7233
1392 1611 7232
1391 1612 7231
1390 1613 7230
1389 1614 7229
1388 1615 7228
1387 1616 7227
1386 1617 7226
1385 1618 7225
1384 1619 7224
1383 1620 7223
1382 1621 7222
1381 1622 7221
1380 1623 7220
1379 1624 7219
1378 1625 7218
1377 1626 7217
1376 1627 7216
1375 1628 7215
1374 1629 7214
1373 1630 7213
1372 1631 7212
1371 1632 7211
1370 1633 7210
1369 1634 7209
1368 1635 7208
1367 1636 7207
1366 1637 7206
1365 1638 7205
1364 1639 7204
1363 1640 7203
1362 1641 7202
1361 1642 7201
1360 1643 7200
1359 1644 7199
1358 1645 7198
1357 1646 7197
1356 1647 7196
1355 1648 7195
1354 1649 7194
1353 1650 7193
1352 1651 7192
1351 1652 7191
1350 1653 7190
1349 1654 7189
1348 1655 7188
1347 1656 7187
1346 1657 7186
1345 1658 7185
1344 1659 7184
1343 1660 7183
1342 1661 7182
1341 1662 7181
1340 1663 7180
1339 1664 7179
1338 1665 7178
1337 1666 7177
1336 1667 7176
1335 1668 7175
1334 1669 7174
1333 1670 7173
1332 1671 7172
1331 1672 7171
1330 1673 7170
1329 1674 7169
1328 1675 7168
1327 1676 7167
1326 1677 7166
1325 1678 7165
1324 1679 7164
1323 1680 7163
1322 1681 7162
1321 1682 7161
1320 1683 7160
1319 1684 7159
1318 1685 7158
1317 1686 7157
1316 1687 7156
1315 1688 7155
1314 1689 7154
1313 1690 7153
1312 1691 7152
1311 1692 7151
1310 1693 7150
1309 1694 7149
1308 1695 7148
1307 1696 7147
1306 1697 7146
1305 1698 7145
1304 1699 7144
1303 1700 7143
1302 1701 7142
1301 1702 7141
1300 1703 7140
1299 1704 7139
1298 1705 7138
1297 1706 7137
1296 1707 7136
1295 1708 7135
1294 1709 7134
1293 1710 7133
1292 1711 7132
1291 1712 7131
1290 1713 7130
1289 1714 7129
1288 1715 7128
1287 1716 7127
1286 1717 7126
1285 1718 7125
1284 1719 7124
1283 1720 7123
1282 1721 7122
1281 1722 7121
1280 1723 7120
1279 1724 7119
1278 1725 7118
1277 1726 7117
1276 1727 7116
1275 1728 7115
1274 1729 7114
1273 1730 7113
1272 1731 7112
1271 1732 7111
1270 1733 7110
1269 1734 7109
1268 1735 7108
1267 1736 7107
1266 1737 7106
1265 1738 7105
1264 1739 7104
1263 1740 7103
1262 1741 7102
1261 1742 7101
1260 1743 7100
1259 1744 7099
1258 1745 7098
1257 1746 7097
1256 1747 7096
1255 1748 7095
1254 1749 7094
1253 1750 7093
1252 1751 7092
1251 1752 7091
1250 1753 7090
1249 1754 7089
1248 1755 7088
1247 1756 7087
1246 1757 7086
1245 1758 7085
1244 1759 7084
1243 1760 7083
1242 1761 7082
1241 1762 7081
1240 1763 7080
1239 1764 7079
1238 1765 7078
1237 1766 7077
1236 1767 7076
1235 1768 7075
1234 1769 7074
1233 1770 7073
1232 1771 7072
1231 1772 7071
1230 1773 7070
1229 1774 7069
1228 1775 7068
1227 1776 7067
1226 1777 7066
1225 1778 7065
1224 1779 7064
1223 1780 7063
1222 1781 7062
1221 1782 7061
1220 1783 7060
1219 1784 7059
1218 1785 7058
1217 1786 7057
1216 1787 7056
1215 1788 7055
1214 1789 7054
1213 1790 7053
1212 1791 7052
1211 1792 7051
1210 1793 7050
1209 1794 7049
1208 1795 7048
1207 1796 7047
1206 1797 7046
1205 1798 7045
1204 1799 7044
1203 1800 7043
1202 1801 7042
1201 1802 7041
1200 1803 7040
1199 1804 7039
1198 1805 7038
1197 1806 7037
1196 1807 7036
1195 1808 7035
1194 1809 7034
1193 1810 7033
1192 1811 7032
1191 1812 7031
1190 1813 7030
1189 1814 7029
1188 1815 7028
1187 1816 7027
1186 1817 7026
1185 1818 7025
1184 1819 7024
1183 1820 7023
1182 1821 7022
1181 1822 7021
1180 1823 7020
1179 1824 7019
1178 1825 7018
1177 1826 7017
1176 1827 7016
1175 1828 7015
1174 1829 7014
1173 1830 7013
1172 1831 7012
1171 1832 7011
1170 1833 7010
1169 1834 7009
1168 1835 7008
1167 1836 7007
1166 1837 7006
1165 1838 7005
1164 1839 7004
1163 1840 7003
1162 1841 7002
1161 1842 7001
1160 1843 7000
1159 1844 6999
1158 1845 6998
1157 1846 6997
1156 1847 6996
1155 1848 6995
1154 1849 6994
1153 1850 6993
1152 1851 6992
1151 1852 6991
1150 1853 6990
1149 1854 6989
1148 1855 6988
1147 1856 6987
1146 1857 6986
1145 1858 6985
1144 1859 6984
1143 1860 6983
1142 1861 6982
1141 1862 6981
1140 1863 6980
1139 1864 6979
1138 1865 6978
1137 1866 6977
1136 1867 6976
1135 1868 6975
1134 1869 6974
1133 1870 6973
1132 1871 6972
1131 1872 6971
1130 1873 6970
1129 1874 6969
1128 1875 6968
1127 1876 6967
1126 1877 6966
1125 1878 6965
1124 1879 6964
1123 1880 6963
1122 1881 6962
1121 1882 6961
1120 1883 6960
1119 1884 6959
1118 1885 6958
1117 1886 6957
1116 1887 6956
1115 1888 6955
1114 1889 6954
1113 1890 6953
1112 1891 6952
1111 1892 6951
1110 1893 6950
1109 1894 6949
1108 1895 6948
1107 1896 6947
1106 1897 6946
1105 1898 6945
1104 1899 6944
1103 1900 6943
1102 1901 6942
1101 1902 6941
1100 1903 6940
1099 1904 6939
1098 1905 6938
1097 1906 6937
1096 1907 6936
1095 1908 6935
1094 1909 6934
1093 1910 6933
1092 1911 6932
1091 1912 6931
1090 1913 6930
1089 1914 6929
1088 1915 6928
1087 1916 6927
1086 1917 6926
1085 1918 6925
1084 1919 6924
1083 1920 6923
1082 1921 6922
1081 1922 6921
1080 1923 6920
1079 1924 6919
1078 1925 6918
1077 1926 6917
1076 1927 6916
1075 1928 6915
1074 1929 6914
1073 1930 6913
1072 1931 6912
1071 1932 6911
1070 1933 6910
1069 1934 6909
1068 1935 6908
1067 1936 6907
1066 1937 6906
1065 1938 6905
1064 1939 6904
1063 1940 6903
1062 1941 6902
1061 1942 6901
1060 1943 6900
1059 1944 6899
1058 1945 6898
1057 1946 6897
1056 1947 6896
1055 1948 6895
1054 1949 6894
1053 1950 6893
1052 1951 6892
1051 1952 6891
1050 1953 6890
1049 1954 6889
1048 1955 6888
1047 1956 6887
1046 1957 6886
1045 1958 6885
1044 1959 6884
1043 1960 6883
1042 1961 6882
1041 1962 6881
1040 1963 6880
1039 1964 6879
1038 1965 6878
1037 1966 6877
1036 1967 6876
1035 1968 6875
1034 1969 6874
1033 1970 6873
1032 1971 6872
1031 1972 6871
1030 1973 6870
1029 1974 6869
1028 1975 6868
1027 1976 6867
1026 1977 6866
1025 1978 6865
1024 1979 6864
1023 1980 6863
1022 1981 6862
1021 1982 6861
1020 1983 6860
1019 1984 6859
1018 1985 6858
1017 1986 6857
1016 1987 6856
1015 1988 6855
1014 1989 6854
1013 1990 6853
1012 1991 6852
1011 1992 6851
1010 1993 6850
1009 1994 6849
1008 1995 6848
1007 1996 6847
1006 1997 6846
1005 1998 6845
1004 1999 6844
1003 2000 6843
1002 2001 6842
1001 2002 6841
1000 2003 6840
999 2004 6839
998 2005 6838
997 2006 6837
996 2007 6836
995 2008 6835
994 2009 6834
993 2010 6833
992 2011 6832
991 2012 6831
990 2013 6830
989 2014 6829
988 2015 6828
987 2016 6827
986 2017 6826
985 2018 6825
984 2019 6824
983 2020 6823
982 2021 6822
981 2022 6821
980 2023 6820
979 2024 6819
978 2025 6818
977 2026 6817
976 2027 6816
975 2028 6815
974 2029 6814
973 2030 6813
972 2031 6812
971 2032 6811
970 2033 6810
969 2034 6809
968 2035 6808
967 2036 6807
966 2037 6806
965 2038 6805
964 2039 6804
963 2040 6803
962 2041 6802
961 2042 6801
960 2043 6800
959 2044 6799
958 2045 6798
957 2046 6797
956 2047 6796
955 2048 6795
954 2049 6794
953 2050 6793
952 2051 6792
951 2052 6791
950 2053 6790
949 2054 6789
948 2055 6788
947 2056 6787
946 2057 6786
945 2058 6785
944 2059 6784
943 2060 6783
942 2061 6782
941 2062 6781
940 2063 6780
939 2064 6779
938 2065 6778
937 2066 6777
936 2067 6776
935 2068 6775
934 2069 6774
933 2070 6773
932 2071 6772
931 2072 6771
930 2073 6770
929 2074 6769
928 2075 6768
927 2076 6767
926 2077 6766
925 2078 6765
924 2079 6764
923 2080 6763
922 2081 6762
921 2082 6761
920 2083 6760
919 2084 6759
918 2085 6758
917 2086 6757
916 2087 6756
915 2088 6755
914 2089 6754
913 2090 6753
912 2091 6752
911 2092 6751
910 2093 6750
909 2094 6749
908 2095 6748
907 2096 6747
906 2097 6746
905 2098 6745
904 2099 6744
903 2100 6743
902 2101 6742
901 2102 6741
900 2103 6740
899 2104 6739
898 2105 6738
897 2106 6737
896 2107 6736
895 2108 6735
894 2109 6734
893 2110 6733
892 2111 6732
891 2112 6731
890 2113 6730
889 2114 6729
888 2115 6728
887 2116 6727
886 2117 6726
885 2118 6725
884 2119 6724
883 2120 6723
882 2121 6722
881 2122 6721
880 2123 6720
879 2124 6719
878 2125 6718
877 2126 6717
876 2127 6716
875 2128 6715
874 2129 6714
873 2130 6713
872 2131 6712
871 2132 6711
870 2133 6710
869 2134 6709
868 2135 6708
867 2136 6707
866 2137 6706
865 2138 6705
864 2139 6704
863 2140 6703
862 2141 6702
861 2142 6701
860 2143 6700
859 2144 6699
858 2145 6698
857 2146 6697
856 2147 6696
855 2148 6695
854 2149 6694
853 2150 6693
852 2151 6692
851 2152 6691
850 2153 6690
849 2154 6689
848 2155 6688
847 2156 6687
846 2157 6686
845 2158 6685
844 2159 6684
843 2160 6683
842 2161 6682
841 2162 6681
840 2163 6680
839 2164 6679
838 2165 6678
837 2166 6677
836 2167 6676
835 2168 6675
834 2169 6674
833 2170 6673
832 2171 6672
831 2172 6671
830 2173 6670
829 2174 6669
828 2175 6668
827 2176 6667
826 2177 6666
825 2178 6665
824 2179 6664
823 2180 6663
822 2181 6662
821 2182 6661
820 2183 6660
819 2184 6659
818 2185 6658
817 2186 6657
816 2187 6656
815 2188 6655
814 2189 6654
813 2190 6653
812 2191 6652
811 2192 6651
810 2193 6650
809 2194 6649
808 2195 6648
807 2196 6647
806 2197 6646
805 2198 6645
804 2199 6644
803 2200 6643
802 2201 6642
801 2202 6641
800 2203 6640
799 2204 6639
798 2205 6638
797 2206 6637
796 2207 6636
795 2208 6635
794 2209 6634
793 2210 6633
792 2211 6632
791 2212 6631
790 2213 6630
789 2214 6629
788 2215 6628
787 2216 6627
786 2217 6626
785 2218 6625
784 2219 6624
783 2220 6623
782 2221 6622
781 2222 6621
780 2223 6620
779 2224 6619
778 2225 6618
777 2226 6617
776 2227 6616
775 2228 6615
774 2229 6614
773 2230 6613
772 2231 6612
771 2232 6611
770 2233 6610
769 2234 6609
768 2235 6608
767 2236 6607
766 2237 6606
765 2238 6605
764 2239 6604
763 2240 6603
762 2241 6602
761 2242 6601
760 2243 6600
759 2244 6599
758 2245 6598
757 2246 6597
756 2247 6596
755 2248 6595
754 2249 6594
753 2250 6593
752 2251 6592
751 2252 6591
750 2253 6590
749 2254 6589
748 2255 6588
747 2256 6587
746 2257 6586
745 2258 6585
744 2259 6584
743 2260 6583
742 2261 6582
741 2262 6581
740 2263 6580
739 2264 6579
738 2265 6578
737 2266 6577
736 2267 6576
735 2268 6575
734 2269 6574
733 2270 6573
732 2271 6572
731 2272 6571
730 2273 6570
729 2274 6569
728 2275 6568
727 2276 6567
726 2277 6566
725 2278 6565
724 2279 6564
723 2280 6563
722 2281 6562
721 2282 6561
720 2283 6560
719 2284 6559
718 2285 6558
717 2286 6557
716 2287 6556
715 2288 6555
714 2289 6554
713 2290 6553
712 2291 6552
711 2292 6551
710 2293 6550
709 2294 6549
708 2295 6548
707 2296 6547
706 2297 6546
705 2298 6545
704 2299 6544
703 2300 6543
702 2301 6542
701 2302 6541
700 2303 6540
699 2304 6539
698 2305 6538
697 2306 6537
696 2307 6536
695 2308 6535
694 2309 6534
693 2310 6533
692 2311 6532
691 2312 6531
690 2313 6530
689 2314 6529
688 2315 6528
687 2316 6527
686 2317 6526
685 2318 6525
684 2319 6524
683 2320 6523
682 2321 6522
681 2322 6521
680 2323 6520
679 2324 6519
678 2325 6518
677 2326 6517
676 2327 6516
675 2328 6515
674 2329 6514
673 2330 6513
672 2331 6512
671 2332 6511
670 2333 6510
669 2334 6509
668 2335 6508
667 2336 6507
666 2337 6506
665 2338 6505
664 2339 6504
663 2340 6503
662 2341 6502
661 2342 6501
660 2343 6500
659 2344 6499
658 2345 6498
657 2346 6497
656 2347 6496
655 2348 6495
654 2349 6494
653 2350 6493
652 2351 6492
651 2352 6491
650 2353 6490
649 2354 6489
648 2355 6488
647 2356 6487
646 2357 6486
645 2358 6485
644 2359 6484
643 2360 6483
642 2361 6482
641 2362 6481
640 2363 6480
639 2364 6479
638 2365 6478
637 2366 6477
636 2367 6476
635 2368 6475
634 2369 6474
633 2370 6473
632 2371 6472
631 2372 6471
630 2373 6470
629 2374 6469
628 2375 6468
627 2376 6467
626 2377 6466
625 2378 6465
624 2379 6464
623 2380 6463
622 2381 6462
621 2382 6461
620 2383 6460
619 2384 6459
618 2385 6458
617 2386 6457
616 2387 6456
615 2388 6455
614 2389 6454
613 2390 6453
612 2391 6452
611 2392 6451
610 2393 6450
609 2394 6449
608 2395 6448
607 2396 6447
606 2397 6446
605 2398 6445
604 2399 6444
603 2400 6443
602 2401 6442
601 2402 6441
600 2403 6440
599 2404 6439
598 2405 6438
597 2406 6437
596 2407 6436
595 2408 6435
594 2409 6434
593 2410 6433
592 2411 6432
591 2412 6431
590 2413 6430
589 2414 6429
588 2415 6428
587 2416 6427
586 2417 6426
585 2418 6425
584 2419 6424
583 2420 6423
582 2421 6422
581 2422 6421
580 2423 6420
579 2424 6419
578 2425 6418
577 2426 6417
576 2427 6416
575 2428 6415
574 2429 6414
573 2430 6413
572 2431 6412
571 2432 6411
570 2433 6410
569 2434 6409
568 2435 6408
567 2436 6407
566 2437 6406
565 2438 6405
564 2439 6404
563 2440 6403
562 2441 6402
561 2442 6401
560 2443 6400
559 2444 6399
558 2445 6398
557 2446 6397
556 2447 6396
555 2448 6395
554 2449 6394
553 2450 6393
552 2451 6392
551 2452 6391
550 2453 6390
549 2454 6389
548 2455 6388
547 2456 6387
546 2457 6386
545 2458 6385
544 2459 6384
543 2460 6383
542 2461 6382
541 2462 6381
540 2463 6380
539 2464 6379
538 2465 6378
537 2466 6377
536 2467 6376
535 2468 6375
534 2469 6374
533 2470 6373
532 2471 6372
531 2472 6371
530 2473 6370
529 2474 6369
528 2475 6368
527 2476 6367
526 2477 6366
525 2478 6365
524 2479 6364
523 2480 6363
522 2481 6362
521 2482 6361
520 2483 6360
519 2484 6359
518 2485 6358
517 2486 6357
516 2487 6356
515 2488 6355
514 2489 6354
513 2490 6353
512 2491 6352
511 2492 6351
510 2493 6350
509 2494 6349
508 2495 6348
507 2496 6347
506 2497 6346
505 2498 6345
504 2499 6344
503 2500 6343
502 2501 6342
501 2502 6341
500 2503 6340
499 2504 6339
498 2505 6338
497 2506 6337
496 2507 6336
495 2508 6335
494 2509 6334
493 2510 6333
492 2511 6332
491 2512 6331
490 2513 6330
489 2514 6329
488 2515 6328
487 2516 6327
486 2517 6326
485 2518 6325
484 2519 6324
483 2520 6323
482 2521 6322
481 2522 6321
480 2523 6320
479 2524 6319
478 2525 6318
477 2526 6317
476 2527 6316
475 2528 6315
474 2529 6314
473 2530 6313
472 2531 6312
471 2532 6311
470 2533 6310
469 2534 6309
468 2535 6308
467 2536 6307
466 2537 6306
465 2538 6305
464 2539 6304
463 2540 6303
462 2541 6302
461 2542 6301
460 2543 6300
459 2544 6299
458 2545 6298
457 2546 6297
456 2547 6296
455 2548 6295
454 2549 6294
453 2550 6293
452 2551 6292
451 2552 6291
450 2553 6290
449 2554 6289
448 2555 6288
447 2556 6287
446 2557 6286
445 2558 6285
444 2559 6284
443 2560 6283
442 2561 6282
441 2562 6281
440 2563 6280
439 2564 6279
438 2565 6278
437 2566 6277
436 2567 6276
435 2568 6275
434 2569 6274
433 2570 6273
432 2571 6272
431 2572 6271
430 2573 6270
429 2574 6269
428 2575 6268
427 2576 6267
426 2577 6266
425 2578 6265
424 2579 6264
423 2580 6263
422 2581 6262
421 2582 6261
420 2583 6260
419 2584 6259
418 2585 6258
417 2586 6257
416 2587 6256
415 2588 6255
414 2589 6254
413 2590 6253
412 2591 6252
411 2592 6251
410 2593 6250
409 2594 6249
408 2595 6248
407 2596 6247
406 2597 6246
405 2598 6245
404 2599 6244
403 2600 6243
402 2601 6242
401 2602 6241
400 2603 6240
399 2604 6239
398 2605 6238
397 2606 6237
396 2607 6236
395 2608 6235
394 2609 6234
393 2610 6233
392 2611 6232
391 2612 6231
390 2613 6230
389 2614 6229
388 2615 6228
387 2616 6227
386 2617 6226
385 2618 6225
384 2619 6224
383 2620 6223
382 2621 6222
381 2622 6221
380 2623 6220
379 2624 6219
378 2625 6218
377 2626 6217
376 2627 6216
375 2628 6215
374 2629 6214
373 2630 6213
372 2631 6212
371 2632 6211
370 2633 6210
369 2634 6209
368 2635 6208
367 2636 6207
366 2637 6206
365 2638 6205
364 2639 6204
363 2640 6203
362 2641 6202
361 2642 6201
360 2643 6200
359 2644 6199
358 2645 6198
357 2646 6197
356 2647 6196
355 2648 6195
354 2649 6194
353 2650 6193
352 2651 6192
351 2652 6191
350 2653 6190
349 2654 6189
348 2655 6188
347 2656 6187
346 2657 6186
345 2658 6185
344 2659 6184
343 2660 6183
342 2661 6182
341 2662 6181
340 2663 6180
339 2664 6179
338 2665 6178
337 2666 6177
336 2667 6176
335 2668 6175
334 2669 6174
333 2670 6173
332 2671 6172
331 2672 6171
330 2673 6170
329 2674 6169
328 2675 6168
327 2676 6167
326 2677 6166
325 2678 6165
324 2679 6164
323 2680 6163
322 2681 6162
321 2682 6161
320 2683 6160
319 2684 6159
318 2685 6158
317 2686 6157
316 2687 6156
315 2688 6155
314 2689 6154
313 2690 6153
312 2691 6152
311 2692 6151
310 2693 6150
309 2694 6149
308 2695 6148
307 2696 6147
306 2697 6146
305 2698 6145
304 2699 6144
303 2700 6143
302 2701 6142
301 2702 6141
300 2703 6140
299 2704 6139
298 2705 6138
297 2706 6137
296 2707 6136
295 2708 6135
294 2709 6134
293 2710 6133
292 2711 6132
291 2712 6131
290 2713 6130
289 2714 6129
288 2715 6128
287 2716 6127
286 2717 6126
285 2718 6125
284 2719 6124
283 2720 6123
282 2721 6122
281 2722 6121
280 2723 6120
279 2724 6119
278 2725 6118
277 2726 6117
276 2727 6116
275 2728 6115
274 2729 6114
273 2730 6113
272 2731 6112
271 2732 6111
270 2733 6110
269 2734 6109
268 2735 6108
267 2736 6107
266 2737 6106
265 2738 6105
264 2739 6104
263 2740 6103
262 2741 6102
261 2742 6101
260 2743 6100
259 2744 6099
258 2745 6098
257 2746 6097
256 2747 6096
255 2748 6095
254 2749 6094
253 2750 6093
252 2751 6092
251 2752 6091
250 2753 6090
249 2754 6089
248 2755 6088
247 2756 6087
246 2757 6086
245 2758 6085
244 2759 6084
243 2760 6083
242 2761 6082
241 2762 6081
240 2763 6080
239 2764 6079
238 2765 6078
237 2766 6077
236 2767 6076
235 2768 6075
234 2769 6074
233 2770 6073
232 2771 6072
231 2772 6071
230 2773 6070
229 2774 6069
228 2775 6068
227 2776 6067
226 2777 6066
225 2778 6065
224 2779 6064
223 2780 6063
222 2781 6062
221 2782 6061
220 2783 6060
219 2784 6059
218 2785 6058
217 2786 6057
216 2787 6056
215 2788 6055
214 2789 6054
213 2790 6053
212 2791 6052
211 2792 6051
210 2793 6050
209 2794 6049
208 2795 6048
207 2796 6047
206 2797 6046
205 2798 6045
204 2799 6044
203 2800 6043
202 2801 6042
201 2802 6041
200 2803 6040
199 2804 6039
198 2805 6038
197 2806 6037
196 2807 6036
195 2808 6035
194 2809 6034
193 2810 6033
192 2811 6032
191 2812 6031
190 2813 6030
189 2814 6029
188 2815 6028
187 2816 6027
186 2817 6026
185 2818 6025
184 2819 6024
183 2820 6023
182 2821 6022
181 2822 6021
180 2823 6020
179 2824 6019
178 2825 6018
177 2826 6017
176 2827 6016
175 2828 6015
174 2829 6014
173 2830 6013
172 2831 6012
171 2832 6011
170 2833 6010
169 2834 6009
168 2835 6008
167 2836 6007
166 2837 6006
165 2838 6005
164 2839 6004
163 2840 6003
162 2841 6002
161 2842 6001
