747
3000 3 6747
2999 4 6746
2998 5 6745
2997 6 6744
2996 7 6743
2995 8 6742
2994 9 6741
2993 10 6740
2992 11 6739
2991 12 6738
2990 13 6737
2989 14 6736
2988 15 6735
2987 16 6734
2986 17 6733
2985 18 6732
2984 19 6731
2983 20 6730
2982 21 6729
2981 22 6728
2980 23 6727
2979 24 6726
2978 25 6725
2977 26 6724
2976 27 6723
2975 28 6722
2974 29 6721
2973 30 6720
2972 31 6719
2971 32 6718
2970 33 6717
2969 34 6716
2968 35 6715
2967 36 6714
2966 37 6713
2965 38 6712
2964 39 6711
2963 40 6710
2962 41 6709
2961 42 6708
2960 43 6707
2959 44 6706
2958 45 6705
2957 46 6704
2956 47 6703
2955 48 6702
2954 49 6701
2953 50 6700
2952 51 6699
2951 52 6698
2950 53 6697
2949 54 6696
2948 55 6695
2947 56 6694
2946 57 6693
2945 58 6692
2944 59 6691
2943 60 6690
2942 61 6689
2941 62 6688
2940 63 6687
2939 64 6686
2938 65 6685
2937 66 6684
2936 67 6683
2935 68 6682
2934 69 6681
2933 70 6680
2932 71 6679
2931 72 6678
2930 73 6677
2929 74 6676
2928 75 6675
2927 76 6674
2926 77 6673
2925 78 6672
2924 79 6671
2923 80 6670
2922 81 6669
2921 82 6668
2920 83 6667
2919 84 6666
2918 85 6665
2917 86 6664
2916 87 6663
2915 88 6662
2914 89 6661
2913 90 6660
2912 91 6659
2911 92 6658
2910 93 6657
2909 94 6656
2908 95 6655
2907 96 6654
2906 97 6653
2905 98 6652
2904 99 6651
2903 100 6650
2902 101 6649
2901 102 6648
2900 103 6647
2899 104 6646
2898 105 6645
2897 106 6644
2896 107 6643
2895 108 6642
2894 109 6641
2893 110 6640
2892 111 6639
2891 112 6638
2890 113 6637
2889 114 6636
2888 115 6635
2887 116 6634
2886 117 6633
2885 118 6632
2884 119 6631
2883 120 6630
2882 121 6629
2881 122 6628
2880 123 6627
2879 124 6626
2878 125 6625
2877 126 6624
2876 127 6623
2875 128 6622
2874 129 6621
2873 130 6620
2872 131 6619
2871 132 6618
2870 133 6617
2869 134 6616
2868 135 6615
2867 136 6614
2866 137 6613
2865 138 6612
2864 139 6611
2863 140 6610
2862 141 6609
2861 142 6608
2860 143 6607
2859 144 6606
2858 145 6605
2857 146 6604
2856 147 6603
2855 148 6602
2854 149 6601
2853 150 6600
2852 151 6599
2851 152 6598
2850 153 6597
2849 154 6596
2848 155 6595
2847 156 6594
2846 157 6593
2845 158 6592
2844 159 6591
2843 160 6590
2842 161 6589
2841 162 6588
2840 163 6587
2839 164 6586
2838 165 6585
2837 166 6584
2836 167 6583
2835 168 6582
2834 169 6581
2833 170 6580
2832 171 6579
2831 172 6578
2830 173 6577
2829 174 6576
2828 175 6575
2827 176 6574
2826 177 6573
2825 178 6572
2824 179 6571
2823 180 6570
2822 181 6569
2821 182 6568
2820 183 6567
2819 184 6566
2818 185 6565
2817 186 6564
2816 187 6563
2815 188 6562
2814 189 6561
2813 190 6560
2812 191 6559
2811 192 6558
2810 193 6557
2809 194 6556
2808 195 6555
2807 196 6554
2806 197 6553
2805 198 6552
2804 199 6551
2803 200 6550
2802 201 6549
2801 202 6548
2800 203 6547
2799 204 6546
2798 205 6545
2797 206 6544
2796 207 6543
2795 208 6542
2794 209 6541
2793 210 6540
2792 211 6539
2791 212 6538
2790 213 6537
2789 214 6536
2788 215 6535
2787 216 6534
2786 217 6533
2785 218 6532
2784 219 6531
2783 220 6530
2782 221 6529
2781 222 6528
2780 223 6527
2779 224 6526
2778 225 6525
2777 226 6524
2776 227 6523
2775 228 6522
2774 229 6521
2773 230 6520
2772 231 6519
2771 232 6518
2770 233 6517
2769 234 6516
2768 235 6515
2767 236 6514
2766 237 6513
2765 238 6512
2764 239 6511
2763 240 6510
2762 241 6509
2761 242 6508
2760 243 6507
2759 244 6506
2758 245 6505
2757 246 6504
2756 247 6503
2755 248 6502
2754 249 6501
2753 250 6500
2752 251 6499
2751 252 6498
2750 253 6497
2749 254 6496
2748 255 6495
2747 256 6494
2746 257 6493
2745 258 6492
2744 259 6491
2743 260 6490
2742 261 6489
2741 262 6488
2740 263 6487
2739 264 6486
2738 265 6485
2737 266 6484
2736 267 6483
2735 268 6482
2734 269 6481
2733 270 6480
2732 271 6479
2731 272 6478
2730 273 6477
2729 274 6476
2728 275 6475
2727 276 6474
2726 277 6473
2725 278 6472
2724 279 6471
2723 280 6470
2722 281 6469
2721 282 6468
2720 283 6467
2719 284 6466
2718 285 6465
2717 286 6464
2716 287 6463
2715 288 6462
2714 289 6461
2713 290 6460
2712 291 6459
2711 292 6458
2710 293 6457
2709 294 6456
2708 295 6455
2707 296 6454
2706 297 6453
2705 298 6452
2704 299 6451
2703 300 6450
2702 301 6449
2701 302 6448
2700 303 6447
2699 304 6446
2698 305 6445
2697 306 6444
2696 307 6443
2695 308 6442
2694 309 6441
2693 310 6440
2692 311 6439
2691 312 6438
2690 313 6437
2689 314 6436
2688 315 6435
2687 316 6434
2686 317 6433
2685 318 6432
2684 319 6431
2683 320 6430
2682 321 6429
2681 322 6428
2680 323 6427
2679 324 6426
2678 325 6425
2677 326 6424
2676 327 6423
2675 328 6422
2674 329 6421
2673 330 6420
2672 331 6419
2671 332 6418
2670 333 6417
2669 334 6416
2668 335 6415
2667 336 6414
2666 337 6413
2665 338 6412
2664 339 6411
2663 340 6410
2662 341 6409
2661 342 6408
2660 343 6407
2659 344 6406
2658 345 6405
2657 346 6404
2656 347 6403
2655 348 6402
2654 349 6401
2653 350 6400
2652 351 6399
2651 352 6398
2650 353 6397
2649 354 6396
2648 355 6395
2647 356 6394
2646 357 6393
2645 358 6392
2644 359 6391
2643 360 6390
2642 361 6389
2641 362 6388
2640 363 6387
2639 364 6386
2638 365 6385
2637 366 6384
2636 367 6383
2635 368 6382
2634 369 6381
2633 370 6380
2632 371 6379
2631 372 6378
2630 373 6377
2629 374 6376
2628 375 6375
2627 376 6374
2626 377 6373
2625 378 6372
2624 379 6371
2623 380 6370
2622 381 6369
2621 382 6368
2620 383 6367
2619 384 6366
2618 385 6365
2617 386 6364
2616 387 6363
2615 388 6362
2614 389 6361
2613 390 6360
2612 391 6359
2611 392 6358
2610 393 6357
2609 394 6356
2608 395 6355
2607 396 6354
2606 397 6353
2605 398 6352
2604 399 6351
2603 400 6350
2602 401 6349
2601 402 6348
2600 403 6347
2599 404 6346
2598 405 6345
2597 406 6344
2596 407 6343
2595 408 6342
2594 409 6341
2593 410 6340
2592 411 6339
2591 412 6338
2590 413 6337
2589 414 6336
2588 415 6335
2587 416 6334
2586 417 6333
2585 418 6332
2584 419 6331
2583 420 6330
2582 421 6329
2581 422 6328
2580 423 6327
2579 424 6326
2578 425 6325
2577 426 6324
2576 427 6323
2575 428 6322
2574 429 6321
2573 430 6320
2572 431 6319
2571 432 6318
2570 433 6317
2569 434 6316
2568 435 6315
2567 436 6314
2566 437 6313
2565 438 6312
2564 439 6311
2563 440 6310
2562 441 6309
2561 442 6308
2560 443 6307
2559 444 6306
2558 445 6305
2557 446 6304
2556 447 6303
2555 448 6302
2554 449 6301
2553 450 6300
2552 451 6299
2551 452 6298
2550 453 6297
2549 454 6296
2548 455 6295
2547 456 6294
2546 457 6293
2545 458 6292
2544 459 6291
2543 460 6290
2542 461 6289
2541 462 6288
2540 463 6287
2539 464 6286
2538 465 6285
2537 466 6284
2536 467 6283
2535 468 6282
2534 469 6281
2533 470 6280
2532 471 6279
2531 472 6278
2530 473 6277
2529 474 6276
2528 475 6275
2527 476 6274
2526 477 6273
2525 478 6272
2524 479 6271
2523 480 6270
2522 481 6269
2521 482 6268
2520 483 6267
2519 484 6266
2518 485 6265
2517 486 6264
2516 487 6263
2515 488 6262
2514 489 6261
2513 490 6260
2512 491 6259
2511 492 6258
2510 493 6257
2509 494 6256
2508 495 6255
2507 496 6254
2506 497 6253
2505 498 6252
2504 499 6251
2503 500 6250
2502 501 6249
2501 502 6248
2500 503 6247
2499 504 6246
2498 505 6245
2497 506 6244
2496 507 6243
2495 508 6242
2494 509 6241
2493 510 6240
2492 511 6239
2491 512 6238
2490 513 6237
2489 514 6236
2488 515 6235
2487 516 6234
2486 517 6233
2485 518 6232
2484 519 6231
2483 520 6230
2482 521 6229
2481 522 6228
2480 523 6227
2479 524 6226
2478 525 6225
2477 526 6224
2476 527 6223
2475 528 6222
2474 529 6221
2473 530 6220
2472 531 6219
2471 532 6218
2470 533 6217
2469 534 6216
2468 535 6215
2467 536 6214
2466 537 6213
2465 538 6212
2464 539 6211
2463 540 6210
2462 541 6209
2461 542 6208
2460 543 6207
2459 544 6206
2458 545 6205
2457 546 6204
2456 547 6203
2455 548 6202
2454 549 6201
2453 550 6200
2452 551 6199
2451 552 6198
2450 553 6197
2449 554 6196
2448 555 6195
2447 556 6194
2446 557 6193
2445 558 6192
2444 559 6191
2443 560 6190
2442 561 6189
2441 562 6188
2440 563 6187
2439 564 6186
2438 565 6185
2437 566 6184
2436 567 6183
2435 568 6182
2434 569 6181
2433 570 6180
2432 571 6179
2431 572 6178
2430 573 6177
2429 574 6176
2428 575 6175
2427 576 6174
2426 577 6173
2425 578 6172
2424 579 6171
2423 580 6170
2422 581 6169
2421 582 6168
2420 583 6167
2419 584 6166
2418 585 6165
2417 586 6164
2416 587 6163
2415 588 6162
2414 589 6161
2413 590 6160
2412 591 6159
2411 592 6158
2410 593 6157
2409 594 6156
2408 595 6155
2407 596 6154
2406 597 6153
2405 598 6152
2404 599 6151
2403 600 6150
2402 601 6149
2401 602 6148
2400 603 6147
2399 604 6146
2398 605 6145
2397 606 6144
2396 607 6143
2395 608 6142
2394 609 6141
2393 610 6140
2392 611 6139
2391 612 6138
2390 613 6137
2389 614 6136
2388 615 6135
2387 616 6134
2386 617 6133
2385 618 6132
2384 619 6131
2383 620 6130
2382 621 6129
2381 622 6128
2380 623 6127
2379 624 6126
2378 625 6125
2377 626 6124
2376 627 6123
2375 628 6122
2374 629 6121
2373 630 6120
2372 631 6119
2371 632 6118
2370 633 6117
2369 634 6116
2368 635 6115
2367 636 6114
2366 637 6113
2365 638 6112
2364 639 6111
2363 640 6110
2362 641 6109
2361 642 6108
2360 643 6107
2359 644 6106
2358 645 6105
2357 646 6104
2356 647 6103
2355 648 6102
2354 649 6101
2353 650 6100
2352 651 6099
2351 652 6098
2350 653 6097
2349 654 6096
2348 655 6095
2347 656 6094
2346 657 6093
2345 658 6092
2344 659 6091
2343 660 6090
2342 661 6089
2341 662 6088
2340 663 6087
2339 664 6086
2338 665 6085
2337 666 6084
2336 667 6083
2335 668 6082
2334 669 6081
2333 670 6080
2332 671 6079
2331 672 6078
2330 673 6077
2329 674 6076
2328 675 6075
2327 676 6074
2326 677 6073
2325 678 6072
2324 679 6071
2323 680 6070
2322 681 6069
2321 682 6068
2320 683 6067
2319 684 6066
2318 685 6065
2317 686 6064
2316 687 6063
2315 688 6062
2314 689 6061
2313 690 6060
2312 691 6059
2311 692 6058
2310 693 6057
2309 694 6056
2308 695 6055
2307 696 6054
2306 697 6053
2305 698 6052
2304 699 6051
2303 700 6050
2302 701 6049
2301 702 6048
2300 703 6047
2299 704 6046
2298 705 6045
2297 706 6044
2296 707 6043
2295 708 6042
2294 709 6041
2293 710 6040
2292 711 6039
2291 712 6038
2290 713 6037
2289 714 6036
2288 715 6035
2287 716 6034
2286 717 6033
2285 718 6032
2284 719 6031
2283 720 6030
2282 721 6029
2281 722 6028
2280 723 6027
2279 724 6026
2278 725 6025
2277 726 6024
2276 727 6023
2275 728 6022
2274 729 6021
2273 730 6020
2272 731 6019
2271 732 6018
2270 733 6017
2269 734 6016
2268 735 6015
2267 736 6014
2266 737 6013
2265 738 6012
2264 739 6011
2263 740 6010
2262 741 6009
2261 742 6008
2260 743 6007
2259 744 6006
2258 745 6005
2257 746 6004
2256 747 6003
2255 748 6002
2254 749 6001
