302
3000 3 6302
2999 4 6301
2998 5 6300
2997 6 6299
2996 7 6298
2995 8 6297
2994 9 6296
2993 10 6295
2992 11 6294
2991 12 6293
2990 13 6292
2989 14 6291
2988 15 6290
2987 16 6289
2986 17 6288
2985 18 6287
2984 19 6286
2983 20 6285
2982 21 6284
2981 22 6283
2980 23 6282
2979 24 6281
2978 25 6280
2977 26 6279
2976 27 6278
2975 28 6277
2974 29 6276
2973 30 6275
2972 31 6274
2971 32 6273
2970 33 6272
2969 34 6271
2968 35 6270
2967 36 6269
2966 37 6268
2965 38 6267
2964 39 6266
2963 40 6265
2962 41 6264
2961 42 6263
2960 43 6262
2959 44 6261
2958 45 6260
2957 46 6259
2956 47 6258
2955 48 6257
2954 49 6256
2953 50 6255
2952 51 6254
2951 52 6253
2950 53 6252
2949 54 6251
2948 55 6250
2947 56 6249
2946 57 6248
2945 58 6247
2944 59 6246
2943 60 6245
2942 61 6244
2941 62 6243
2940 63 6242
2939 64 6241
2938 65 6240
2937 66 6239
2936 67 6238
2935 68 6237
2934 69 6236
2933 70 6235
2932 71 6234
2931 72 6233
2930 73 6232
2929 74 6231
2928 75 6230
2927 76 6229
2926 77 6228
2925 78 6227
2924 79 6226
2923 80 6225
2922 81 6224
2921 82 6223
2920 83 6222
2919 84 6221
2918 85 6220
2917 86 6219
2916 87 6218
2915 88 6217
2914 89 6216
2913 90 6215
2912 91 6214
2911 92 6213
2910 93 6212
2909 94 6211
2908 95 6210
2907 96 6209
2906 97 6208
2905 98 6207
2904 99 6206
2903 100 6205
2902 101 6204
2901 102 6203
2900 103 6202
2899 104 6201
2898 105 6200
2897 106 6199
2896 107 6198
2895 108 6197
2894 109 6196
2893 110 6195
2892 111 6194
2891 112 6193
2890 113 6192
2889 114 6191
2888 115 6190
2887 116 6189
2886 117 6188
2885 118 6187
2884 119 6186
2883 120 6185
2882 121 6184
2881 122 6183
2880 123 6182
2879 124 6181
2878 125 6180
2877 126 6179
2876 127 6178
2875 128 6177
2874 129 6176
2873 130 6175
2872 131 6174
2871 132 6173
2870 133 6172
2869 134 6171
2868 135 6170
2867 136 6169
2866 137 6168
2865 138 6167
2864 139 6166
2863 140 6165
2862 141 6164
2861 142 6163
2860 143 6162
2859 144 6161
2858 145 6160
2857 146 6159
2856 147 6158
2855 148 6157
2854 149 6156
2853 150 6155
2852 151 6154
2851 152 6153
2850 153 6152
2849 154 6151
2848 155 6150
2847 156 6149
2846 157 6148
2845 158 6147
2844 159 6146
2843 160 6145
2842 161 6144
2841 162 6143
2840 163 6142
2839 164 6141
2838 165 6140
2837 166 6139
2836 167 6138
2835 168 6137
2834 169 6136
2833 170 6135
2832 171 6134
2831 172 6133
2830 173 6132
2829 174 6131
2828 175 6130
2827 176 6129
2826 177 6128
2825 178 6127
2824 179 6126
2823 180 6125
2822 181 6124
2821 182 6123
2820 183 6122
2819 184 6121
2818 185 6120
2817 186 6119
2816 187 6118
2815 188 6117
2814 189 6116
2813 190 6115
2812 191 6114
2811 192 6113
2810 193 6112
2809 194 6111
2808 195 6110
2807 196 6109
2806 197 6108
2805 198 6107
2804 199 6106
2803 200 6105
2802 201 6104
2801 202 6103
2800 203 6102
2799 204 6101
2798 205 6100
2797 206 6099
2796 207 6098
2795 208 6097
2794 209 6096
2793 210 6095
2792 211 6094
2791 212 6093
2790 213 6092
2789 214 6091
2788 215 6090
2787 216 6089
2786 217 6088
2785 218 6087
2784 219 6086
2783 220 6085
2782 221 6084
2781 222 6083
2780 223 6082
2779 224 6081
2778 225 6080
2777 226 6079
2776 227 6078
2775 228 6077
2774 229 6076
2773 230 6075
2772 231 6074
2771 232 6073
2770 233 6072
2769 234 6071
2768 235 6070
2767 236 6069
2766 237 6068
2765 238 6067
2764 239 6066
2763 240 6065
2762 241 6064
2761 242 6063
2760 243 6062
2759 244 6061
2758 245 6060
2757 246 6059
2756 247 6058
2755 248 6057
2754 249 6056
2753 250 6055
2752 251 6054
2751 252 6053
2750 253 6052
2749 254 6051
2748 255 6050
2747 256 6049
2746 257 6048
2745 258 6047
2744 259 6046
2743 260 6045
2742 261 6044
2741 262 6043
2740 263 6042
2739 264 6041
2738 265 6040
2737 266 6039
2736 267 6038
2735 268 6037
2734 269 6036
2733 270 6035
2732 271 6034
2731 272 6033
2730 273 6032
2729 274 6031
2728 275 6030
2727 276 6029
2726 277 6028
2725 278 6027
2724 279 6026
2723 280 6025
2722 281 6024
2721 282 6023
2720 283 6022
2719 284 6021
2718 285 6020
2717 286 6019
2716 287 6018
2715 288 6017
2714 289 6016
2713 290 6015
2712 291 6014
2711 292 6013
2710 293 6012
2709 294 6011
2708 295 6010
2707 296 6009
2706 297 6008
2705 298 6007
2704 299 6006
2703 300 6005
2702 301 6004
2701 302 6003
2700 303 6002
2699 304 6001
