2728
3000 3 8728
2999 4 8727
2998 5 8726
2997 6 8725
2996 7 8724
2995 8 8723
2994 9 8722
2993 10 8721
2992 11 8720
2991 12 8719
2990 13 8718
2989 14 8717
2988 15 8716
2987 16 8715
2986 17 8714
2985 18 8713
2984 19 8712
2983 20 8711
2982 21 8710
2981 22 8709
2980 23 8708
2979 24 8707
2978 25 8706
2977 26 8705
2976 27 8704
2975 28 8703
2974 29 8702
2973 30 8701
2972 31 8700
2971 32 8699
2970 33 8698
2969 34 8697
2968 35 8696
2967 36 8695
2966 37 8694
2965 38 8693
2964 39 8692
2963 40 8691
2962 41 8690
2961 42 8689
2960 43 8688
2959 44 8687
2958 45 8686
2957 46 8685
2956 47 8684
2955 48 8683
2954 49 8682
2953 50 8681
2952 51 8680
2951 52 8679
2950 53 8678
2949 54 8677
2948 55 8676
2947 56 8675
2946 57 8674
2945 58 8673
2944 59 8672
2943 60 8671
2942 61 8670
2941 62 8669
2940 63 8668
2939 64 8667
2938 65 8666
2937 66 8665
2936 67 8664
2935 68 8663
2934 69 8662
2933 70 8661
2932 71 8660
2931 72 8659
2930 73 8658
2929 74 8657
2928 75 8656
2927 76 8655
2926 77 8654
2925 78 8653
2924 79 8652
2923 80 8651
2922 81 8650
2921 82 8649
2920 83 8648
2919 84 8647
2918 85 8646
2917 86 8645
2916 87 8644
2915 88 8643
2914 89 8642
2913 90 8641
2912 91 8640
2911 92 8639
2910 93 8638
2909 94 8637
2908 95 8636
2907 96 8635
2906 97 8634
2905 98 8633
2904 99 8632
2903 100 8631
2902 101 8630
2901 102 8629
2900 103 8628
2899 104 8627
2898 105 8626
2897 106 8625
2896 107 8624
2895 108 8623
2894 109 8622
2893 110 8621
2892 111 8620
2891 112 8619
2890 113 8618
2889 114 8617
2888 115 8616
2887 116 8615
2886 117 8614
2885 118 8613
2884 119 8612
2883 120 8611
2882 121 8610
2881 122 8609
2880 123 8608
2879 124 8607
2878 125 8606
2877 126 8605
2876 127 8604
2875 128 8603
2874 129 8602
2873 130 8601
2872 131 8600
2871 132 8599
2870 133 8598
2869 134 8597
2868 135 8596
2867 136 8595
2866 137 8594
2865 138 8593
2864 139 8592
2863 140 8591
2862 141 8590
2861 142 8589
2860 143 8588
2859 144 8587
2858 145 8586
2857 146 8585
2856 147 8584
2855 148 8583
2854 149 8582
2853 150 8581
2852 151 8580
2851 152 8579
2850 153 8578
2849 154 8577
2848 155 8576
2847 156 8575
2846 157 8574
2845 158 8573
2844 159 8572
2843 160 8571
2842 161 8570
2841 162 8569
2840 163 8568
2839 164 8567
2838 165 8566
2837 166 8565
2836 167 8564
2835 168 8563
2834 169 8562
2833 170 8561
2832 171 8560
2831 172 8559
2830 173 8558
2829 174 8557
2828 175 8556
2827 176 8555
2826 177 8554
2825 178 8553
2824 179 8552
2823 180 8551
2822 181 8550
2821 182 8549
2820 183 8548
2819 184 8547
2818 185 8546
2817 186 8545
2816 187 8544
2815 188 8543
2814 189 8542
2813 190 8541
2812 191 8540
2811 192 8539
2810 193 8538
2809 194 8537
2808 195 8536
2807 196 8535
2806 197 8534
2805 198 8533
2804 199 8532
2803 200 8531
2802 201 8530
2801 202 8529
2800 203 8528
2799 204 8527
2798 205 8526
2797 206 8525
2796 207 8524
2795 208 8523
2794 209 8522
2793 210 8521
2792 211 8520
2791 212 8519
2790 213 8518
2789 214 8517
2788 215 8516
2787 216 8515
2786 217 8514
2785 218 8513
2784 219 8512
2783 220 8511
2782 221 8510
2781 222 8509
2780 223 8508
2779 224 8507
2778 225 8506
2777 226 8505
2776 227 8504
2775 228 8503
2774 229 8502
2773 230 8501
2772 231 8500
2771 232 8499
2770 233 8498
2769 234 8497
2768 235 8496
2767 236 8495
2766 237 8494
2765 238 8493
2764 239 8492
2763 240 8491
2762 241 8490
2761 242 8489
2760 243 8488
2759 244 8487
2758 245 8486
2757 246 8485
2756 247 8484
2755 248 8483
2754 249 8482
2753 250 8481
2752 251 8480
2751 252 8479
2750 253 8478
2749 254 8477
2748 255 8476
2747 256 8475
2746 257 8474
2745 258 8473
2744 259 8472
2743 260 8471
2742 261 8470
2741 262 8469
2740 263 8468
2739 264 8467
2738 265 8466
2737 266 8465
2736 267 8464
2735 268 8463
2734 269 8462
2733 270 8461
2732 271 8460
2731 272 8459
2730 273 8458
2729 274 8457
2728 275 8456
2727 276 8455
2726 277 8454
2725 278 8453
2724 279 8452
2723 280 8451
2722 281 8450
2721 282 8449
2720 283 8448
2719 284 8447
2718 285 8446
2717 286 8445
2716 287 8444
2715 288 8443
2714 289 8442
2713 290 8441
2712 291 8440
2711 292 8439
2710 293 8438
2709 294 8437
2708 295 8436
2707 296 8435
2706 297 8434
2705 298 8433
2704 299 8432
2703 300 8431
2702 301 8430
2701 302 8429
2700 303 8428
2699 304 8427
2698 305 8426
2697 306 8425
2696 307 8424
2695 308 8423
2694 309 8422
2693 310 8421
2692 311 8420
2691 312 8419
2690 313 8418
2689 314 8417
2688 315 8416
2687 316 8415
2686 317 8414
2685 318 8413
2684 319 8412
2683 320 8411
2682 321 8410
2681 322 8409
2680 323 8408
2679 324 8407
2678 325 8406
2677 326 8405
2676 327 8404
2675 328 8403
2674 329 8402
2673 330 8401
2672 331 8400
2671 332 8399
2670 333 8398
2669 334 8397
2668 335 8396
2667 336 8395
2666 337 8394
2665 338 8393
2664 339 8392
2663 340 8391
2662 341 8390
2661 342 8389
2660 343 8388
2659 344 8387
2658 345 8386
2657 346 8385
2656 347 8384
2655 348 8383
2654 349 8382
2653 350 8381
2652 351 8380
2651 352 8379
2650 353 8378
2649 354 8377
2648 355 8376
2647 356 8375
2646 357 8374
2645 358 8373
2644 359 8372
2643 360 8371
2642 361 8370
2641 362 8369
2640 363 8368
2639 364 8367
2638 365 8366
2637 366 8365
2636 367 8364
2635 368 8363
2634 369 8362
2633 370 8361
2632 371 8360
2631 372 8359
2630 373 8358
2629 374 8357
2628 375 8356
2627 376 8355
2626 377 8354
2625 378 8353
2624 379 8352
2623 380 8351
2622 381 8350
2621 382 8349
2620 383 8348
2619 384 8347
2618 385 8346
2617 386 8345
2616 387 8344
2615 388 8343
2614 389 8342
2613 390 8341
2612 391 8340
2611 392 8339
2610 393 8338
2609 394 8337
2608 395 8336
2607 396 8335
2606 397 8334
2605 398 8333
2604 399 8332
2603 400 8331
2602 401 8330
2601 402 8329
2600 403 8328
2599 404 8327
2598 405 8326
2597 406 8325
2596 407 8324
2595 408 8323
2594 409 8322
2593 410 8321
2592 411 8320
2591 412 8319
2590 413 8318
2589 414 8317
2588 415 8316
2587 416 8315
2586 417 8314
2585 418 8313
2584 419 8312
2583 420 8311
2582 421 8310
2581 422 8309
2580 423 8308
2579 424 8307
2578 425 8306
2577 426 8305
2576 427 8304
2575 428 8303
2574 429 8302
2573 430 8301
2572 431 8300
2571 432 8299
2570 433 8298
2569 434 8297
2568 435 8296
2567 436 8295
2566 437 8294
2565 438 8293
2564 439 8292
2563 440 8291
2562 441 8290
2561 442 8289
2560 443 8288
2559 444 8287
2558 445 8286
2557 446 8285
2556 447 8284
2555 448 8283
2554 449 8282
2553 450 8281
2552 451 8280
2551 452 8279
2550 453 8278
2549 454 8277
2548 455 8276
2547 456 8275
2546 457 8274
2545 458 8273
2544 459 8272
2543 460 8271
2542 461 8270
2541 462 8269
2540 463 8268
2539 464 8267
2538 465 8266
2537 466 8265
2536 467 8264
2535 468 8263
2534 469 8262
2533 470 8261
2532 471 8260
2531 472 8259
2530 473 8258
2529 474 8257
2528 475 8256
2527 476 8255
2526 477 8254
2525 478 8253
2524 479 8252
2523 480 8251
2522 481 8250
2521 482 8249
2520 483 8248
2519 484 8247
2518 485 8246
2517 486 8245
2516 487 8244
2515 488 8243
2514 489 8242
2513 490 8241
2512 491 8240
2511 492 8239
2510 493 8238
2509 494 8237
2508 495 8236
2507 496 8235
2506 497 8234
2505 498 8233
2504 499 8232
2503 500 8231
2502 501 8230
2501 502 8229
2500 503 8228
2499 504 8227
2498 505 8226
2497 506 8225
2496 507 8224
2495 508 8223
2494 509 8222
2493 510 8221
2492 511 8220
2491 512 8219
2490 513 8218
2489 514 8217
2488 515 8216
2487 516 8215
2486 517 8214
2485 518 8213
2484 519 8212
2483 520 8211
2482 521 8210
2481 522 8209
2480 523 8208
2479 524 8207
2478 525 8206
2477 526 8205
2476 527 8204
2475 528 8203
2474 529 8202
2473 530 8201
2472 531 8200
2471 532 8199
2470 533 8198
2469 534 8197
2468 535 8196
2467 536 8195
2466 537 8194
2465 538 8193
2464 539 8192
2463 540 8191
2462 541 8190
2461 542 8189
2460 543 8188
2459 544 8187
2458 545 8186
2457 546 8185
2456 547 8184
2455 548 8183
2454 549 8182
2453 550 8181
2452 551 8180
2451 552 8179
2450 553 8178
2449 554 8177
2448 555 8176
2447 556 8175
2446 557 8174
2445 558 8173
2444 559 8172
2443 560 8171
2442 561 8170
2441 562 8169
2440 563 8168
2439 564 8167
2438 565 8166
2437 566 8165
2436 567 8164
2435 568 8163
2434 569 8162
2433 570 8161
2432 571 8160
2431 572 8159
2430 573 8158
2429 574 8157
2428 575 8156
2427 576 8155
2426 577 8154
2425 578 8153
2424 579 8152
2423 580 8151
2422 581 8150
2421 582 8149
2420 583 8148
2419 584 8147
2418 585 8146
2417 586 8145
2416 587 8144
2415 588 8143
2414 589 8142
2413 590 8141
2412 591 8140
2411 592 8139
2410 593 8138
2409 594 8137
2408 595 8136
2407 596 8135
2406 597 8134
2405 598 8133
2404 599 8132
2403 600 8131
2402 601 8130
2401 602 8129
2400 603 8128
2399 604 8127
2398 605 8126
2397 606 8125
2396 607 8124
2395 608 8123
2394 609 8122
2393 610 8121
2392 611 8120
2391 612 8119
2390 613 8118
2389 614 8117
2388 615 8116
2387 616 8115
2386 617 8114
2385 618 8113
2384 619 8112
2383 620 8111
2382 621 8110
2381 622 8109
2380 623 8108
2379 624 8107
2378 625 8106
2377 626 8105
2376 627 8104
2375 628 8103
2374 629 8102
2373 630 8101
2372 631 8100
2371 632 8099
2370 633 8098
2369 634 8097
2368 635 8096
2367 636 8095
2366 637 8094
2365 638 8093
2364 639 8092
2363 640 8091
2362 641 8090
2361 642 8089
2360 643 8088
2359 644 8087
2358 645 8086
2357 646 8085
2356 647 8084
2355 648 8083
2354 649 8082
2353 650 8081
2352 651 8080
2351 652 8079
2350 653 8078
2349 654 8077
2348 655 8076
2347 656 8075
2346 657 8074
2345 658 8073
2344 659 8072
2343 660 8071
2342 661 8070
2341 662 8069
2340 663 8068
2339 664 8067
2338 665 8066
2337 666 8065
2336 667 8064
2335 668 8063
2334 669 8062
2333 670 8061
2332 671 8060
2331 672 8059
2330 673 8058
2329 674 8057
2328 675 8056
2327 676 8055
2326 677 8054
2325 678 8053
2324 679 8052
2323 680 8051
2322 681 8050
2321 682 8049
2320 683 8048
2319 684 8047
2318 685 8046
2317 686 8045
2316 687 8044
2315 688 8043
2314 689 8042
2313 690 8041
2312 691 8040
2311 692 8039
2310 693 8038
2309 694 8037
2308 695 8036
2307 696 8035
2306 697 8034
2305 698 8033
2304 699 8032
2303 700 8031
2302 701 8030
2301 702 8029
2300 703 8028
2299 704 8027
2298 705 8026
2297 706 8025
2296 707 8024
2295 708 8023
2294 709 8022
2293 710 8021
2292 711 8020
2291 712 8019
2290 713 8018
2289 714 8017
2288 715 8016
2287 716 8015
2286 717 8014
2285 718 8013
2284 719 8012
2283 720 8011
2282 721 8010
2281 722 8009
2280 723 8008
2279 724 8007
2278 725 8006
2277 726 8005
2276 727 8004
2275 728 8003
2274 729 8002
2273 730 8001
2272 731 8000
2271 732 7999
2270 733 7998
2269 734 7997
2268 735 7996
2267 736 7995
2266 737 7994
2265 738 7993
2264 739 7992
2263 740 7991
2262 741 7990
2261 742 7989
2260 743 7988
2259 744 7987
2258 745 7986
2257 746 7985
2256 747 7984
2255 748 7983
2254 749 7982
2253 750 7981
2252 751 7980
2251 752 7979
2250 753 7978
2249 754 7977
2248 755 7976
2247 756 7975
2246 757 7974
2245 758 7973
2244 759 7972
2243 760 7971
2242 761 7970
2241 762 7969
2240 763 7968
2239 764 7967
2238 765 7966
2237 766 7965
2236 767 7964
2235 768 7963
2234 769 7962
2233 770 7961
2232 771 7960
2231 772 7959
2230 773 7958
2229 774 7957
2228 775 7956
2227 776 7955
2226 777 7954
2225 778 7953
2224 779 7952
2223 780 7951
2222 781 7950
2221 782 7949
2220 783 7948
2219 784 7947
2218 785 7946
2217 786 7945
2216 787 7944
2215 788 7943
2214 789 7942
2213 790 7941
2212 791 7940
2211 792 7939
2210 793 7938
2209 794 7937
2208 795 7936
2207 796 7935
2206 797 7934
2205 798 7933
2204 799 7932
2203 800 7931
2202 801 7930
2201 802 7929
2200 803 7928
2199 804 7927
2198 805 7926
2197 806 7925
2196 807 7924
2195 808 7923
2194 809 7922
2193 810 7921
2192 811 7920
2191 812 7919
2190 813 7918
2189 814 7917
2188 815 7916
2187 816 7915
2186 817 7914
2185 818 7913
2184 819 7912
2183 820 7911
2182 821 7910
2181 822 7909
2180 823 7908
2179 824 7907
2178 825 7906
2177 826 7905
2176 827 7904
2175 828 7903
2174 829 7902
2173 830 7901
2172 831 7900
2171 832 7899
2170 833 7898
2169 834 7897
2168 835 7896
2167 836 7895
2166 837 7894
2165 838 7893
2164 839 7892
2163 840 7891
2162 841 7890
2161 842 7889
2160 843 7888
2159 844 7887
2158 845 7886
2157 846 7885
2156 847 7884
2155 848 7883
2154 849 7882
2153 850 7881
2152 851 7880
2151 852 7879
2150 853 7878
2149 854 7877
2148 855 7876
2147 856 7875
2146 857 7874
2145 858 7873
2144 859 7872
2143 860 7871
2142 861 7870
2141 862 7869
2140 863 7868
2139 864 7867
2138 865 7866
2137 866 7865
2136 867 7864
2135 868 7863
2134 869 7862
2133 870 7861
2132 871 7860
2131 872 7859
2130 873 7858
2129 874 7857
2128 875 7856
2127 876 7855
2126 877 7854
2125 878 7853
2124 879 7852
2123 880 7851
2122 881 7850
2121 882 7849
2120 883 7848
2119 884 7847
2118 885 7846
2117 886 7845
2116 887 7844
2115 888 7843
2114 889 7842
2113 890 7841
2112 891 7840
2111 892 7839
2110 893 7838
2109 894 7837
2108 895 7836
2107 896 7835
2106 897 7834
2105 898 7833
2104 899 7832
2103 900 7831
2102 901 7830
2101 902 7829
2100 903 7828
2099 904 7827
2098 905 7826
2097 906 7825
2096 907 7824
2095 908 7823
2094 909 7822
2093 910 7821
2092 911 7820
2091 912 7819
2090 913 7818
2089 914 7817
2088 915 7816
2087 916 7815
2086 917 7814
2085 918 7813
2084 919 7812
2083 920 7811
2082 921 7810
2081 922 7809
2080 923 7808
2079 924 7807
2078 925 7806
2077 926 7805
2076 927 7804
2075 928 7803
2074 929 7802
2073 930 7801
2072 931 7800
2071 932 7799
2070 933 7798
2069 934 7797
2068 935 7796
2067 936 7795
2066 937 7794
2065 938 7793
2064 939 7792
2063 940 7791
2062 941 7790
2061 942 7789
2060 943 7788
2059 944 7787
2058 945 7786
2057 946 7785
2056 947 7784
2055 948 7783
2054 949 7782
2053 950 7781
2052 951 7780
2051 952 7779
2050 953 7778
2049 954 7777
2048 955 7776
2047 956 7775
2046 957 7774
2045 958 7773
2044 959 7772
2043 960 7771
2042 961 7770
2041 962 7769
2040 963 7768
2039 964 7767
2038 965 7766
2037 966 7765
2036 967 7764
2035 968 7763
2034 969 7762
2033 970 7761
2032 971 7760
2031 972 7759
2030 973 7758
2029 974 7757
2028 975 7756
2027 976 7755
2026 977 7754
2025 978 7753
2024 979 7752
2023 980 7751
2022 981 7750
2021 982 7749
2020 983 7748
2019 984 7747
2018 985 7746
2017 986 7745
2016 987 7744
2015 988 7743
2014 989 7742
2013 990 7741
2012 991 7740
2011 992 7739
2010 993 7738
2009 994 7737
2008 995 7736
2007 996 7735
2006 997 7734
2005 998 7733
2004 999 7732
2003 1000 7731
2002 1001 7730
2001 1002 7729
2000 1003 7728
1999 1004 7727
1998 1005 7726
1997 1006 7725
1996 1007 7724
1995 1008 7723
1994 1009 7722
1993 1010 7721
1992 1011 7720
1991 1012 7719
1990 1013 7718
1989 1014 7717
1988 1015 7716
1987 1016 7715
1986 1017 7714
1985 1018 7713
1984 1019 7712
1983 1020 7711
1982 1021 7710
1981 1022 7709
1980 1023 7708
1979 1024 7707
1978 1025 7706
1977 1026 7705
1976 1027 7704
1975 1028 7703
1974 1029 7702
1973 1030 7701
1972 1031 7700
1971 1032 7699
1970 1033 7698
1969 1034 7697
1968 1035 7696
1967 1036 7695
1966 1037 7694
1965 1038 7693
1964 1039 7692
1963 1040 7691
1962 1041 7690
1961 1042 7689
1960 1043 7688
1959 1044 7687
1958 1045 7686
1957 1046 7685
1956 1047 7684
1955 1048 7683
1954 1049 7682
1953 1050 7681
1952 1051 7680
1951 1052 7679
1950 1053 7678
1949 1054 7677
1948 1055 7676
1947 1056 7675
1946 1057 7674
1945 1058 7673
1944 1059 7672
1943 1060 7671
1942 1061 7670
1941 1062 7669
1940 1063 7668
1939 1064 7667
1938 1065 7666
1937 1066 7665
1936 1067 7664
1935 1068 7663
1934 1069 7662
1933 1070 7661
1932 1071 7660
1931 1072 7659
1930 1073 7658
1929 1074 7657
1928 1075 7656
1927 1076 7655
1926 1077 7654
1925 1078 7653
1924 1079 7652
1923 1080 7651
1922 1081 7650
1921 1082 7649
1920 1083 7648
1919 1084 7647
1918 1085 7646
1917 1086 7645
1916 1087 7644
1915 1088 7643
1914 1089 7642
1913 1090 7641
1912 1091 7640
1911 1092 7639
1910 1093 7638
1909 1094 7637
1908 1095 7636
1907 1096 7635
1906 1097 7634
1905 1098 7633
1904 1099 7632
1903 1100 7631
1902 1101 7630
1901 1102 7629
1900 1103 7628
1899 1104 7627
1898 1105 7626
1897 1106 7625
1896 1107 7624
1895 1108 7623
1894 1109 7622
1893 1110 7621
1892 1111 7620
1891 1112 7619
1890 1113 7618
1889 1114 7617
1888 1115 7616
1887 1116 7615
1886 1117 7614
1885 1118 7613
1884 1119 7612
1883 1120 7611
1882 1121 7610
1881 1122 7609
1880 1123 7608
1879 1124 7607
1878 1125 7606
1877 1126 7605
1876 1127 7604
1875 1128 7603
1874 1129 7602
1873 1130 7601
1872 1131 7600
1871 1132 7599
1870 1133 7598
1869 1134 7597
1868 1135 7596
1867 1136 7595
1866 1137 7594
1865 1138 7593
1864 1139 7592
1863 1140 7591
1862 1141 7590
1861 1142 7589
1860 1143 7588
1859 1144 7587
1858 1145 7586
1857 1146 7585
1856 1147 7584
1855 1148 7583
1854 1149 7582
1853 1150 7581
1852 1151 7580
1851 1152 7579
1850 1153 7578
1849 1154 7577
1848 1155 7576
1847 1156 7575
1846 1157 7574
1845 1158 7573
1844 1159 7572
1843 1160 7571
1842 1161 7570
1841 1162 7569
1840 1163 7568
1839 1164 7567
1838 1165 7566
1837 1166 7565
1836 1167 7564
1835 1168 7563
1834 1169 7562
1833 1170 7561
1832 1171 7560
1831 1172 7559
1830 1173 7558
1829 1174 7557
1828 1175 7556
1827 1176 7555
1826 1177 7554
1825 1178 7553
1824 1179 7552
1823 1180 7551
1822 1181 7550
1821 1182 7549
1820 1183 7548
1819 1184 7547
1818 1185 7546
1817 1186 7545
1816 1187 7544
1815 1188 7543
1814 1189 7542
1813 1190 7541
1812 1191 7540
1811 1192 7539
1810 1193 7538
1809 1194 7537
1808 1195 7536
1807 1196 7535
1806 1197 7534
1805 1198 7533
1804 1199 7532
1803 1200 7531
1802 1201 7530
1801 1202 7529
1800 1203 7528
1799 1204 7527
1798 1205 7526
1797 1206 7525
1796 1207 7524
1795 1208 7523
1794 1209 7522
1793 1210 7521
1792 1211 7520
1791 1212 7519
1790 1213 7518
1789 1214 7517
1788 1215 7516
1787 1216 7515
1786 1217 7514
1785 1218 7513
1784 1219 7512
1783 1220 7511
1782 1221 7510
1781 1222 7509
1780 1223 7508
1779 1224 7507
1778 1225 7506
1777 1226 7505
1776 1227 7504
1775 1228 7503
1774 1229 7502
1773 1230 7501
1772 1231 7500
1771 1232 7499
1770 1233 7498
1769 1234 7497
1768 1235 7496
1767 1236 7495
1766 1237 7494
1765 1238 7493
1764 1239 7492
1763 1240 7491
1762 1241 7490
1761 1242 7489
1760 1243 7488
1759 1244 7487
1758 1245 7486
1757 1246 7485
1756 1247 7484
1755 1248 7483
1754 1249 7482
1753 1250 7481
1752 1251 7480
1751 1252 7479
1750 1253 7478
1749 1254 7477
1748 1255 7476
1747 1256 7475
1746 1257 7474
1745 1258 7473
1744 1259 7472
1743 1260 7471
1742 1261 7470
1741 1262 7469
1740 1263 7468
1739 1264 7467
1738 1265 7466
1737 1266 7465
1736 1267 7464
1735 1268 7463
1734 1269 7462
1733 1270 7461
1732 1271 7460
1731 1272 7459
1730 1273 7458
1729 1274 7457
1728 1275 7456
1727 1276 7455
1726 1277 7454
1725 1278 7453
1724 1279 7452
1723 1280 7451
1722 1281 7450
1721 1282 7449
1720 1283 7448
1719 1284 7447
1718 1285 7446
1717 1286 7445
1716 1287 7444
1715 1288 7443
1714 1289 7442
1713 1290 7441
1712 1291 7440
1711 1292 7439
1710 1293 7438
1709 1294 7437
1708 1295 7436
1707 1296 7435
1706 1297 7434
1705 1298 7433
1704 1299 7432
1703 1300 7431
1702 1301 7430
1701 1302 7429
1700 1303 7428
1699 1304 7427
1698 1305 7426
1697 1306 7425
1696 1307 7424
1695 1308 7423
1694 1309 7422
1693 1310 7421
1692 1311 7420
1691 1312 7419
1690 1313 7418
1689 1314 7417
1688 1315 7416
1687 1316 7415
1686 1317 7414
1685 1318 7413
1684 1319 7412
1683 1320 7411
1682 1321 7410
1681 1322 7409
1680 1323 7408
1679 1324 7407
1678 1325 7406
1677 1326 7405
1676 1327 7404
1675 1328 7403
1674 1329 7402
1673 1330 7401
1672 1331 7400
1671 1332 7399
1670 1333 7398
1669 1334 7397
1668 1335 7396
1667 1336 7395
1666 1337 7394
1665 1338 7393
1664 1339 7392
1663 1340 7391
1662 1341 7390
1661 1342 7389
1660 1343 7388
1659 1344 7387
1658 1345 7386
1657 1346 7385
1656 1347 7384
1655 1348 7383
1654 1349 7382
1653 1350 7381
1652 1351 7380
1651 1352 7379
1650 1353 7378
1649 1354 7377
1648 1355 7376
1647 1356 7375
1646 1357 7374
1645 1358 7373
1644 1359 7372
1643 1360 7371
1642 1361 7370
1641 1362 7369
1640 1363 7368
1639 1364 7367
1638 1365 7366
1637 1366 7365
1636 1367 7364
1635 1368 7363
1634 1369 7362
1633 1370 7361
1632 1371 7360
1631 1372 7359
1630 1373 7358
1629 1374 7357
1628 1375 7356
1627 1376 7355
1626 1377 7354
1625 1378 7353
1624 1379 7352
1623 1380 7351
1622 1381 7350
1621 1382 7349
1620 1383 7348
1619 1384 7347
1618 1385 7346
1617 1386 7345
1616 1387 7344
1615 1388 7343
1614 1389 7342
1613 1390 7341
1612 1391 7340
1611 1392 7339
1610 1393 7338
1609 1394 7337
1608 1395 7336
1607 1396 7335
1606 1397 7334
1605 1398 7333
1604 1399 7332
1603 1400 7331
1602 1401 7330
1601 1402 7329
1600 1403 7328
1599 1404 7327
1598 1405 7326
1597 1406 7325
1596 1407 7324
1595 1408 7323
1594 1409 7322
1593 1410 7321
1592 1411 7320
1591 1412 7319
1590 1413 7318
1589 1414 7317
1588 1415 7316
1587 1416 7315
1586 1417 7314
1585 1418 7313
1584 1419 7312
1583 1420 7311
1582 1421 7310
1581 1422 7309
1580 1423 7308
1579 1424 7307
1578 1425 7306
1577 1426 7305
1576 1427 7304
1575 1428 7303
1574 1429 7302
1573 1430 7301
1572 1431 7300
1571 1432 7299
1570 1433 7298
1569 1434 7297
1568 1435 7296
1567 1436 7295
1566 1437 7294
1565 1438 7293
1564 1439 7292
1563 1440 7291
1562 1441 7290
1561 1442 7289
1560 1443 7288
1559 1444 7287
1558 1445 7286
1557 1446 7285
1556 1447 7284
1555 1448 7283
1554 1449 7282
1553 1450 7281
1552 1451 7280
1551 1452 7279
1550 1453 7278
1549 1454 7277
1548 1455 7276
1547 1456 7275
1546 1457 7274
1545 1458 7273
1544 1459 7272
1543 1460 7271
1542 1461 7270
1541 1462 7269
1540 1463 7268
1539 1464 7267
1538 1465 7266
1537 1466 7265
1536 1467 7264
1535 1468 7263
1534 1469 7262
1533 1470 7261
1532 1471 7260
1531 1472 7259
1530 1473 7258
1529 1474 7257
1528 1475 7256
1527 1476 7255
1526 1477 7254
1525 1478 7253
1524 1479 7252
1523 1480 7251
1522 1481 7250
1521 1482 7249
1520 1483 7248
1519 1484 7247
1518 1485 7246
1517 1486 7245
1516 1487 7244
1515 1488 7243
1514 1489 7242
1513 1490 7241
1512 1491 7240
1511 1492 7239
1510 1493 7238
1509 1494 7237
1508 1495 7236
1507 1496 7235
1506 1497 7234
1505 1498 7233
1504 1499 7232
1503 1500 7231
1502 1501 7230
1501 1502 7229
1500 1503 7228
1499 1504 7227
1498 1505 7226
1497 1506 7225
1496 1507 7224
1495 1508 7223
1494 1509 7222
1493 1510 7221
1492 1511 7220
1491 1512 7219
1490 1513 7218
1489 1514 7217
1488 1515 7216
1487 1516 7215
1486 1517 7214
1485 1518 7213
1484 1519 7212
1483 1520 7211
1482 1521 7210
1481 1522 7209
1480 1523 7208
1479 1524 7207
1478 1525 7206
1477 1526 7205
1476 1527 7204
1475 1528 7203
1474 1529 7202
1473 1530 7201
1472 1531 7200
1471 1532 7199
1470 1533 7198
1469 1534 7197
1468 1535 7196
1467 1536 7195
1466 1537 7194
1465 1538 7193
1464 1539 7192
1463 1540 7191
1462 1541 7190
1461 1542 7189
1460 1543 7188
1459 1544 7187
1458 1545 7186
1457 1546 7185
1456 1547 7184
1455 1548 7183
1454 1549 7182
1453 1550 7181
1452 1551 7180
1451 1552 7179
1450 1553 7178
1449 1554 7177
1448 1555 7176
1447 1556 7175
1446 1557 7174
1445 1558 7173
1444 1559 7172
1443 1560 7171
1442 1561 7170
1441 1562 7169
1440 1563 7168
1439 1564 7167
1438 1565 7166
1437 1566 7165
1436 1567 7164
1435 1568 7163
1434 1569 7162
1433 1570 7161
1432 1571 7160
1431 1572 7159
1430 1573 7158
1429 1574 7157
1428 1575 7156
1427 1576 7155
1426 1577 7154
1425 1578 7153
1424 1579 7152
1423 1580 7151
1422 1581 7150
1421 1582 7149
1420 1583 7148
1419 1584 7147
1418 1585 7146
1417 1586 7145
1416 1587 7144
1415 1588 7143
1414 1589 7142
1413 1590 7141
1412 1591 7140
1411 1592 7139
1410 1593 7138
1409 1594 7137
1408 1595 7136
1407 1596 7135
1406 1597 7134
1405 1598 7133
1404 1599 7132
1403 1600 7131
1402 1601 7130
1401 1602 7129
1400 1603 7128
1399 1604 7127
1398 1605 7126
1397 1606 7125
1396 1607 7124
1395 1608 7123
1394 1609 7122
1393 1610 7121
1392 1611 7120
1391 1612 7119
1390 1613 7118
1389 1614 7117
1388 1615 7116
1387 1616 7115
1386 1617 7114
1385 1618 7113
1384 1619 7112
1383 1620 7111
1382 1621 7110
1381 1622 7109
1380 1623 7108
1379 1624 7107
1378 1625 7106
1377 1626 7105
1376 1627 7104
1375 1628 7103
1374 1629 7102
1373 1630 7101
1372 1631 7100
1371 1632 7099
1370 1633 7098
1369 1634 7097
1368 1635 7096
1367 1636 7095
1366 1637 7094
1365 1638 7093
1364 1639 7092
1363 1640 7091
1362 1641 7090
1361 1642 7089
1360 1643 7088
1359 1644 7087
1358 1645 7086
1357 1646 7085
1356 1647 7084
1355 1648 7083
1354 1649 7082
1353 1650 7081
1352 1651 7080
1351 1652 7079
1350 1653 7078
1349 1654 7077
1348 1655 7076
1347 1656 7075
1346 1657 7074
1345 1658 7073
1344 1659 7072
1343 1660 7071
1342 1661 7070
1341 1662 7069
1340 1663 7068
1339 1664 7067
1338 1665 7066
1337 1666 7065
1336 1667 7064
1335 1668 7063
1334 1669 7062
1333 1670 7061
1332 1671 7060
1331 1672 7059
1330 1673 7058
1329 1674 7057
1328 1675 7056
1327 1676 7055
1326 1677 7054
1325 1678 7053
1324 1679 7052
1323 1680 7051
1322 1681 7050
1321 1682 7049
1320 1683 7048
1319 1684 7047
1318 1685 7046
1317 1686 7045
1316 1687 7044
1315 1688 7043
1314 1689 7042
1313 1690 7041
1312 1691 7040
1311 1692 7039
1310 1693 7038
1309 1694 7037
1308 1695 7036
1307 1696 7035
1306 1697 7034
1305 1698 7033
1304 1699 7032
1303 1700 7031
1302 1701 7030
1301 1702 7029
1300 1703 7028
1299 1704 7027
1298 1705 7026
1297 1706 7025
1296 1707 7024
1295 1708 7023
1294 1709 7022
1293 1710 7021
1292 1711 7020
1291 1712 7019
1290 1713 7018
1289 1714 7017
1288 1715 7016
1287 1716 7015
1286 1717 7014
1285 1718 7013
1284 1719 7012
1283 1720 7011
1282 1721 7010
1281 1722 7009
1280 1723 7008
1279 1724 7007
1278 1725 7006
1277 1726 7005
1276 1727 7004
1275 1728 7003
1274 1729 7002
1273 1730 7001
1272 1731 7000
1271 1732 6999
1270 1733 6998
1269 1734 6997
1268 1735 6996
1267 1736 6995
1266 1737 6994
1265 1738 6993
1264 1739 6992
1263 1740 6991
1262 1741 6990
1261 1742 6989
1260 1743 6988
1259 1744 6987
1258 1745 6986
1257 1746 6985
1256 1747 6984
1255 1748 6983
1254 1749 6982
1253 1750 6981
1252 1751 6980
1251 1752 6979
1250 1753 6978
1249 1754 6977
1248 1755 6976
1247 1756 6975
1246 1757 6974
1245 1758 6973
1244 1759 6972
1243 1760 6971
1242 1761 6970
1241 1762 6969
1240 1763 6968
1239 1764 6967
1238 1765 6966
1237 1766 6965
1236 1767 6964
1235 1768 6963
1234 1769 6962
1233 1770 6961
1232 1771 6960
1231 1772 6959
1230 1773 6958
1229 1774 6957
1228 1775 6956
1227 1776 6955
1226 1777 6954
1225 1778 6953
1224 1779 6952
1223 1780 6951
1222 1781 6950
1221 1782 6949
1220 1783 6948
1219 1784 6947
1218 1785 6946
1217 1786 6945
1216 1787 6944
1215 1788 6943
1214 1789 6942
1213 1790 6941
1212 1791 6940
1211 1792 6939
1210 1793 6938
1209 1794 6937
1208 1795 6936
1207 1796 6935
1206 1797 6934
1205 1798 6933
1204 1799 6932
1203 1800 6931
1202 1801 6930
1201 1802 6929
1200 1803 6928
1199 1804 6927
1198 1805 6926
1197 1806 6925
1196 1807 6924
1195 1808 6923
1194 1809 6922
1193 1810 6921
1192 1811 6920
1191 1812 6919
1190 1813 6918
1189 1814 6917
1188 1815 6916
1187 1816 6915
1186 1817 6914
1185 1818 6913
1184 1819 6912
1183 1820 6911
1182 1821 6910
1181 1822 6909
1180 1823 6908
1179 1824 6907
1178 1825 6906
1177 1826 6905
1176 1827 6904
1175 1828 6903
1174 1829 6902
1173 1830 6901
1172 1831 6900
1171 1832 6899
1170 1833 6898
1169 1834 6897
1168 1835 6896
1167 1836 6895
1166 1837 6894
1165 1838 6893
1164 1839 6892
1163 1840 6891
1162 1841 6890
1161 1842 6889
1160 1843 6888
1159 1844 6887
1158 1845 6886
1157 1846 6885
1156 1847 6884
1155 1848 6883
1154 1849 6882
1153 1850 6881
1152 1851 6880
1151 1852 6879
1150 1853 6878
1149 1854 6877
1148 1855 6876
1147 1856 6875
1146 1857 6874
1145 1858 6873
1144 1859 6872
1143 1860 6871
1142 1861 6870
1141 1862 6869
1140 1863 6868
1139 1864 6867
1138 1865 6866
1137 1866 6865
1136 1867 6864
1135 1868 6863
1134 1869 6862
1133 1870 6861
1132 1871 6860
1131 1872 6859
1130 1873 6858
1129 1874 6857
1128 1875 6856
1127 1876 6855
1126 1877 6854
1125 1878 6853
1124 1879 6852
1123 1880 6851
1122 1881 6850
1121 1882 6849
1120 1883 6848
1119 1884 6847
1118 1885 6846
1117 1886 6845
1116 1887 6844
1115 1888 6843
1114 1889 6842
1113 1890 6841
1112 1891 6840
1111 1892 6839
1110 1893 6838
1109 1894 6837
1108 1895 6836
1107 1896 6835
1106 1897 6834
1105 1898 6833
1104 1899 6832
1103 1900 6831
1102 1901 6830
1101 1902 6829
1100 1903 6828
1099 1904 6827
1098 1905 6826
1097 1906 6825
1096 1907 6824
1095 1908 6823
1094 1909 6822
1093 1910 6821
1092 1911 6820
1091 1912 6819
1090 1913 6818
1089 1914 6817
1088 1915 6816
1087 1916 6815
1086 1917 6814
1085 1918 6813
1084 1919 6812
1083 1920 6811
1082 1921 6810
1081 1922 6809
1080 1923 6808
1079 1924 6807
1078 1925 6806
1077 1926 6805
1076 1927 6804
1075 1928 6803
1074 1929 6802
1073 1930 6801
1072 1931 6800
1071 1932 6799
1070 1933 6798
1069 1934 6797
1068 1935 6796
1067 1936 6795
1066 1937 6794
1065 1938 6793
1064 1939 6792
1063 1940 6791
1062 1941 6790
1061 1942 6789
1060 1943 6788
1059 1944 6787
1058 1945 6786
1057 1946 6785
1056 1947 6784
1055 1948 6783
1054 1949 6782
1053 1950 6781
1052 1951 6780
1051 1952 6779
1050 1953 6778
1049 1954 6777
1048 1955 6776
1047 1956 6775
1046 1957 6774
1045 1958 6773
1044 1959 6772
1043 1960 6771
1042 1961 6770
1041 1962 6769
1040 1963 6768
1039 1964 6767
1038 1965 6766
1037 1966 6765
1036 1967 6764
1035 1968 6763
1034 1969 6762
1033 1970 6761
1032 1971 6760
1031 1972 6759
1030 1973 6758
1029 1974 6757
1028 1975 6756
1027 1976 6755
1026 1977 6754
1025 1978 6753
1024 1979 6752
1023 1980 6751
1022 1981 6750
1021 1982 6749
1020 1983 6748
1019 1984 6747
1018 1985 6746
1017 1986 6745
1016 1987 6744
1015 1988 6743
1014 1989 6742
1013 1990 6741
1012 1991 6740
1011 1992 6739
1010 1993 6738
1009 1994 6737
1008 1995 6736
1007 1996 6735
1006 1997 6734
1005 1998 6733
1004 1999 6732
1003 2000 6731
1002 2001 6730
1001 2002 6729
1000 2003 6728
999 2004 6727
998 2005 6726
997 2006 6725
996 2007 6724
995 2008 6723
994 2009 6722
993 2010 6721
992 2011 6720
991 2012 6719
990 2013 6718
989 2014 6717
988 2015 6716
987 2016 6715
986 2017 6714
985 2018 6713
984 2019 6712
983 2020 6711
982 2021 6710
981 2022 6709
980 2023 6708
979 2024 6707
978 2025 6706
977 2026 6705
976 2027 6704
975 2028 6703
974 2029 6702
973 2030 6701
972 2031 6700
971 2032 6699
970 2033 6698
969 2034 6697
968 2035 6696
967 2036 6695
966 2037 6694
965 2038 6693
964 2039 6692
963 2040 6691
962 2041 6690
961 2042 6689
960 2043 6688
959 2044 6687
958 2045 6686
957 2046 6685
956 2047 6684
955 2048 6683
954 2049 6682
953 2050 6681
952 2051 6680
951 2052 6679
950 2053 6678
949 2054 6677
948 2055 6676
947 2056 6675
946 2057 6674
945 2058 6673
944 2059 6672
943 2060 6671
942 2061 6670
941 2062 6669
940 2063 6668
939 2064 6667
938 2065 6666
937 2066 6665
936 2067 6664
935 2068 6663
934 2069 6662
933 2070 6661
932 2071 6660
931 2072 6659
930 2073 6658
929 2074 6657
928 2075 6656
927 2076 6655
926 2077 6654
925 2078 6653
924 2079 6652
923 2080 6651
922 2081 6650
921 2082 6649
920 2083 6648
919 2084 6647
918 2085 6646
917 2086 6645
916 2087 6644
915 2088 6643
914 2089 6642
913 2090 6641
912 2091 6640
911 2092 6639
910 2093 6638
909 2094 6637
908 2095 6636
907 2096 6635
906 2097 6634
905 2098 6633
904 2099 6632
903 2100 6631
902 2101 6630
901 2102 6629
900 2103 6628
899 2104 6627
898 2105 6626
897 2106 6625
896 2107 6624
895 2108 6623
894 2109 6622
893 2110 6621
892 2111 6620
891 2112 6619
890 2113 6618
889 2114 6617
888 2115 6616
887 2116 6615
886 2117 6614
885 2118 6613
884 2119 6612
883 2120 6611
882 2121 6610
881 2122 6609
880 2123 6608
879 2124 6607
878 2125 6606
877 2126 6605
876 2127 6604
875 2128 6603
874 2129 6602
873 2130 6601
872 2131 6600
871 2132 6599
870 2133 6598
869 2134 6597
868 2135 6596
867 2136 6595
866 2137 6594
865 2138 6593
864 2139 6592
863 2140 6591
862 2141 6590
861 2142 6589
860 2143 6588
859 2144 6587
858 2145 6586
857 2146 6585
856 2147 6584
855 2148 6583
854 2149 6582
853 2150 6581
852 2151 6580
851 2152 6579
850 2153 6578
849 2154 6577
848 2155 6576
847 2156 6575
846 2157 6574
845 2158 6573
844 2159 6572
843 2160 6571
842 2161 6570
841 2162 6569
840 2163 6568
839 2164 6567
838 2165 6566
837 2166 6565
836 2167 6564
835 2168 6563
834 2169 6562
833 2170 6561
832 2171 6560
831 2172 6559
830 2173 6558
829 2174 6557
828 2175 6556
827 2176 6555
826 2177 6554
825 2178 6553
824 2179 6552
823 2180 6551
822 2181 6550
821 2182 6549
820 2183 6548
819 2184 6547
818 2185 6546
817 2186 6545
816 2187 6544
815 2188 6543
814 2189 6542
813 2190 6541
812 2191 6540
811 2192 6539
810 2193 6538
809 2194 6537
808 2195 6536
807 2196 6535
806 2197 6534
805 2198 6533
804 2199 6532
803 2200 6531
802 2201 6530
801 2202 6529
800 2203 6528
799 2204 6527
798 2205 6526
797 2206 6525
796 2207 6524
795 2208 6523
794 2209 6522
793 2210 6521
792 2211 6520
791 2212 6519
790 2213 6518
789 2214 6517
788 2215 6516
787 2216 6515
786 2217 6514
785 2218 6513
784 2219 6512
783 2220 6511
782 2221 6510
781 2222 6509
780 2223 6508
779 2224 6507
778 2225 6506
777 2226 6505
776 2227 6504
775 2228 6503
774 2229 6502
773 2230 6501
772 2231 6500
771 2232 6499
770 2233 6498
769 2234 6497
768 2235 6496
767 2236 6495
766 2237 6494
765 2238 6493
764 2239 6492
763 2240 6491
762 2241 6490
761 2242 6489
760 2243 6488
759 2244 6487
758 2245 6486
757 2246 6485
756 2247 6484
755 2248 6483
754 2249 6482
753 2250 6481
752 2251 6480
751 2252 6479
750 2253 6478
749 2254 6477
748 2255 6476
747 2256 6475
746 2257 6474
745 2258 6473
744 2259 6472
743 2260 6471
742 2261 6470
741 2262 6469
740 2263 6468
739 2264 6467
738 2265 6466
737 2266 6465
736 2267 6464
735 2268 6463
734 2269 6462
733 2270 6461
732 2271 6460
731 2272 6459
730 2273 6458
729 2274 6457
728 2275 6456
727 2276 6455
726 2277 6454
725 2278 6453
724 2279 6452
723 2280 6451
722 2281 6450
721 2282 6449
720 2283 6448
719 2284 6447
718 2285 6446
717 2286 6445
716 2287 6444
715 2288 6443
714 2289 6442
713 2290 6441
712 2291 6440
711 2292 6439
710 2293 6438
709 2294 6437
708 2295 6436
707 2296 6435
706 2297 6434
705 2298 6433
704 2299 6432
703 2300 6431
702 2301 6430
701 2302 6429
700 2303 6428
699 2304 6427
698 2305 6426
697 2306 6425
696 2307 6424
695 2308 6423
694 2309 6422
693 2310 6421
692 2311 6420
691 2312 6419
690 2313 6418
689 2314 6417
688 2315 6416
687 2316 6415
686 2317 6414
685 2318 6413
684 2319 6412
683 2320 6411
682 2321 6410
681 2322 6409
680 2323 6408
679 2324 6407
678 2325 6406
677 2326 6405
676 2327 6404
675 2328 6403
674 2329 6402
673 2330 6401
672 2331 6400
671 2332 6399
670 2333 6398
669 2334 6397
668 2335 6396
667 2336 6395
666 2337 6394
665 2338 6393
664 2339 6392
663 2340 6391
662 2341 6390
661 2342 6389
660 2343 6388
659 2344 6387
658 2345 6386
657 2346 6385
656 2347 6384
655 2348 6383
654 2349 6382
653 2350 6381
652 2351 6380
651 2352 6379
650 2353 6378
649 2354 6377
648 2355 6376
647 2356 6375
646 2357 6374
645 2358 6373
644 2359 6372
643 2360 6371
642 2361 6370
641 2362 6369
640 2363 6368
639 2364 6367
638 2365 6366
637 2366 6365
636 2367 6364
635 2368 6363
634 2369 6362
633 2370 6361
632 2371 6360
631 2372 6359
630 2373 6358
629 2374 6357
628 2375 6356
627 2376 6355
626 2377 6354
625 2378 6353
624 2379 6352
623 2380 6351
622 2381 6350
621 2382 6349
620 2383 6348
619 2384 6347
618 2385 6346
617 2386 6345
616 2387 6344
615 2388 6343
614 2389 6342
613 2390 6341
612 2391 6340
611 2392 6339
610 2393 6338
609 2394 6337
608 2395 6336
607 2396 6335
606 2397 6334
605 2398 6333
604 2399 6332
603 2400 6331
602 2401 6330
601 2402 6329
600 2403 6328
599 2404 6327
598 2405 6326
597 2406 6325
596 2407 6324
595 2408 6323
594 2409 6322
593 2410 6321
592 2411 6320
591 2412 6319
590 2413 6318
589 2414 6317
588 2415 6316
587 2416 6315
586 2417 6314
585 2418 6313
584 2419 6312
583 2420 6311
582 2421 6310
581 2422 6309
580 2423 6308
579 2424 6307
578 2425 6306
577 2426 6305
576 2427 6304
575 2428 6303
574 2429 6302
573 2430 6301
572 2431 6300
571 2432 6299
570 2433 6298
569 2434 6297
568 2435 6296
567 2436 6295
566 2437 6294
565 2438 6293
564 2439 6292
563 2440 6291
562 2441 6290
561 2442 6289
560 2443 6288
559 2444 6287
558 2445 6286
557 2446 6285
556 2447 6284
555 2448 6283
554 2449 6282
553 2450 6281
552 2451 6280
551 2452 6279
550 2453 6278
549 2454 6277
548 2455 6276
547 2456 6275
546 2457 6274
545 2458 6273
544 2459 6272
543 2460 6271
542 2461 6270
541 2462 6269
540 2463 6268
539 2464 6267
538 2465 6266
537 2466 6265
536 2467 6264
535 2468 6263
534 2469 6262
533 2470 6261
532 2471 6260
531 2472 6259
530 2473 6258
529 2474 6257
528 2475 6256
527 2476 6255
526 2477 6254
525 2478 6253
524 2479 6252
523 2480 6251
522 2481 6250
521 2482 6249
520 2483 6248
519 2484 6247
518 2485 6246
517 2486 6245
516 2487 6244
515 2488 6243
514 2489 6242
513 2490 6241
512 2491 6240
511 2492 6239
510 2493 6238
509 2494 6237
508 2495 6236
507 2496 6235
506 2497 6234
505 2498 6233
504 2499 6232
503 2500 6231
502 2501 6230
501 2502 6229
500 2503 6228
499 2504 6227
498 2505 6226
497 2506 6225
496 2507 6224
495 2508 6223
494 2509 6222
493 2510 6221
492 2511 6220
491 2512 6219
490 2513 6218
489 2514 6217
488 2515 6216
487 2516 6215
486 2517 6214
485 2518 6213
484 2519 6212
483 2520 6211
482 2521 6210
481 2522 6209
480 2523 6208
479 2524 6207
478 2525 6206
477 2526 6205
476 2527 6204
475 2528 6203
474 2529 6202
473 2530 6201
472 2531 6200
471 2532 6199
470 2533 6198
469 2534 6197
468 2535 6196
467 2536 6195
466 2537 6194
465 2538 6193
464 2539 6192
463 2540 6191
462 2541 6190
461 2542 6189
460 2543 6188
459 2544 6187
458 2545 6186
457 2546 6185
456 2547 6184
455 2548 6183
454 2549 6182
453 2550 6181
452 2551 6180
451 2552 6179
450 2553 6178
449 2554 6177
448 2555 6176
447 2556 6175
446 2557 6174
445 2558 6173
444 2559 6172
443 2560 6171
442 2561 6170
441 2562 6169
440 2563 6168
439 2564 6167
438 2565 6166
437 2566 6165
436 2567 6164
435 2568 6163
434 2569 6162
433 2570 6161
432 2571 6160
431 2572 6159
430 2573 6158
429 2574 6157
428 2575 6156
427 2576 6155
426 2577 6154
425 2578 6153
424 2579 6152
423 2580 6151
422 2581 6150
421 2582 6149
420 2583 6148
419 2584 6147
418 2585 6146
417 2586 6145
416 2587 6144
415 2588 6143
414 2589 6142
413 2590 6141
412 2591 6140
411 2592 6139
410 2593 6138
409 2594 6137
408 2595 6136
407 2596 6135
406 2597 6134
405 2598 6133
404 2599 6132
403 2600 6131
402 2601 6130
401 2602 6129
400 2603 6128
399 2604 6127
398 2605 6126
397 2606 6125
396 2607 6124
395 2608 6123
394 2609 6122
393 2610 6121
392 2611 6120
391 2612 6119
390 2613 6118
389 2614 6117
388 2615 6116
387 2616 6115
386 2617 6114
385 2618 6113
384 2619 6112
383 2620 6111
382 2621 6110
381 2622 6109
380 2623 6108
379 2624 6107
378 2625 6106
377 2626 6105
376 2627 6104
375 2628 6103
374 2629 6102
373 2630 6101
372 2631 6100
371 2632 6099
370 2633 6098
369 2634 6097
368 2635 6096
367 2636 6095
366 2637 6094
365 2638 6093
364 2639 6092
363 2640 6091
362 2641 6090
361 2642 6089
360 2643 6088
359 2644 6087
358 2645 6086
357 2646 6085
356 2647 6084
355 2648 6083
354 2649 6082
353 2650 6081
352 2651 6080
351 2652 6079
350 2653 6078
349 2654 6077
348 2655 6076
347 2656 6075
346 2657 6074
345 2658 6073
344 2659 6072
343 2660 6071
342 2661 6070
341 2662 6069
340 2663 6068
339 2664 6067
338 2665 6066
337 2666 6065
336 2667 6064
335 2668 6063
334 2669 6062
333 2670 6061
332 2671 6060
331 2672 6059
330 2673 6058
329 2674 6057
328 2675 6056
327 2676 6055
326 2677 6054
325 2678 6053
324 2679 6052
323 2680 6051
322 2681 6050
321 2682 6049
320 2683 6048
319 2684 6047
318 2685 6046
317 2686 6045
316 2687 6044
315 2688 6043
314 2689 6042
313 2690 6041
312 2691 6040
311 2692 6039
310 2693 6038
309 2694 6037
308 2695 6036
307 2696 6035
306 2697 6034
305 2698 6033
304 2699 6032
303 2700 6031
302 2701 6030
301 2702 6029
300 2703 6028
299 2704 6027
298 2705 6026
297 2706 6025
296 2707 6024
295 2708 6023
294 2709 6022
293 2710 6021
292 2711 6020
291 2712 6019
290 2713 6018
289 2714 6017
288 2715 6016
287 2716 6015
286 2717 6014
285 2718 6013
284 2719 6012
283 2720 6011
282 2721 6010
281 2722 6009
280 2723 6008
279 2724 6007
278 2725 6006
277 2726 6005
276 2727 6004
275 2728 6003
274 2729 6002
273 2730 6001
