905
3000 3 6905
2999 4 6904
2998 5 6903
2997 6 6902
2996 7 6901
2995 8 6900
2994 9 6899
2993 10 6898
2992 11 6897
2991 12 6896
2990 13 6895
2989 14 6894
2988 15 6893
2987 16 6892
2986 17 6891
2985 18 6890
2984 19 6889
2983 20 6888
2982 21 6887
2981 22 6886
2980 23 6885
2979 24 6884
2978 25 6883
2977 26 6882
2976 27 6881
2975 28 6880
2974 29 6879
2973 30 6878
2972 31 6877
2971 32 6876
2970 33 6875
2969 34 6874
2968 35 6873
2967 36 6872
2966 37 6871
2965 38 6870
2964 39 6869
2963 40 6868
2962 41 6867
2961 42 6866
2960 43 6865
2959 44 6864
2958 45 6863
2957 46 6862
2956 47 6861
2955 48 6860
2954 49 6859
2953 50 6858
2952 51 6857
2951 52 6856
2950 53 6855
2949 54 6854
2948 55 6853
2947 56 6852
2946 57 6851
2945 58 6850
2944 59 6849
2943 60 6848
2942 61 6847
2941 62 6846
2940 63 6845
2939 64 6844
2938 65 6843
2937 66 6842
2936 67 6841
2935 68 6840
2934 69 6839
2933 70 6838
2932 71 6837
2931 72 6836
2930 73 6835
2929 74 6834
2928 75 6833
2927 76 6832
2926 77 6831
2925 78 6830
2924 79 6829
2923 80 6828
2922 81 6827
2921 82 6826
2920 83 6825
2919 84 6824
2918 85 6823
2917 86 6822
2916 87 6821
2915 88 6820
2914 89 6819
2913 90 6818
2912 91 6817
2911 92 6816
2910 93 6815
2909 94 6814
2908 95 6813
2907 96 6812
2906 97 6811
2905 98 6810
2904 99 6809
2903 100 6808
2902 101 6807
2901 102 6806
2900 103 6805
2899 104 6804
2898 105 6803
2897 106 6802
2896 107 6801
2895 108 6800
2894 109 6799
2893 110 6798
2892 111 6797
2891 112 6796
2890 113 6795
2889 114 6794
2888 115 6793
2887 116 6792
2886 117 6791
2885 118 6790
2884 119 6789
2883 120 6788
2882 121 6787
2881 122 6786
2880 123 6785
2879 124 6784
2878 125 6783
2877 126 6782
2876 127 6781
2875 128 6780
2874 129 6779
2873 130 6778
2872 131 6777
2871 132 6776
2870 133 6775
2869 134 6774
2868 135 6773
2867 136 6772
2866 137 6771
2865 138 6770
2864 139 6769
2863 140 6768
2862 141 6767
2861 142 6766
2860 143 6765
2859 144 6764
2858 145 6763
2857 146 6762
2856 147 6761
2855 148 6760
2854 149 6759
2853 150 6758
2852 151 6757
2851 152 6756
2850 153 6755
2849 154 6754
2848 155 6753
2847 156 6752
2846 157 6751
2845 158 6750
2844 159 6749
2843 160 6748
2842 161 6747
2841 162 6746
2840 163 6745
2839 164 6744
2838 165 6743
2837 166 6742
2836 167 6741
2835 168 6740
2834 169 6739
2833 170 6738
2832 171 6737
2831 172 6736
2830 173 6735
2829 174 6734
2828 175 6733
2827 176 6732
2826 177 6731
2825 178 6730
2824 179 6729
2823 180 6728
2822 181 6727
2821 182 6726
2820 183 6725
2819 184 6724
2818 185 6723
2817 186 6722
2816 187 6721
2815 188 6720
2814 189 6719
2813 190 6718
2812 191 6717
2811 192 6716
2810 193 6715
2809 194 6714
2808 195 6713
2807 196 6712
2806 197 6711
2805 198 6710
2804 199 6709
2803 200 6708
2802 201 6707
2801 202 6706
2800 203 6705
2799 204 6704
2798 205 6703
2797 206 6702
2796 207 6701
2795 208 6700
2794 209 6699
2793 210 6698
2792 211 6697
2791 212 6696
2790 213 6695
2789 214 6694
2788 215 6693
2787 216 6692
2786 217 6691
2785 218 6690
2784 219 6689
2783 220 6688
2782 221 6687
2781 222 6686
2780 223 6685
2779 224 6684
2778 225 6683
2777 226 6682
2776 227 6681
2775 228 6680
2774 229 6679
2773 230 6678
2772 231 6677
2771 232 6676
2770 233 6675
2769 234 6674
2768 235 6673
2767 236 6672
2766 237 6671
2765 238 6670
2764 239 6669
2763 240 6668
2762 241 6667
2761 242 6666
2760 243 6665
2759 244 6664
2758 245 6663
2757 246 6662
2756 247 6661
2755 248 6660
2754 249 6659
2753 250 6658
2752 251 6657
2751 252 6656
2750 253 6655
2749 254 6654
2748 255 6653
2747 256 6652
2746 257 6651
2745 258 6650
2744 259 6649
2743 260 6648
2742 261 6647
2741 262 6646
2740 263 6645
2739 264 6644
2738 265 6643
2737 266 6642
2736 267 6641
2735 268 6640
2734 269 6639
2733 270 6638
2732 271 6637
2731 272 6636
2730 273 6635
2729 274 6634
2728 275 6633
2727 276 6632
2726 277 6631
2725 278 6630
2724 279 6629
2723 280 6628
2722 281 6627
2721 282 6626
2720 283 6625
2719 284 6624
2718 285 6623
2717 286 6622
2716 287 6621
2715 288 6620
2714 289 6619
2713 290 6618
2712 291 6617
2711 292 6616
2710 293 6615
2709 294 6614
2708 295 6613
2707 296 6612
2706 297 6611
2705 298 6610
2704 299 6609
2703 300 6608
2702 301 6607
2701 302 6606
2700 303 6605
2699 304 6604
2698 305 6603
2697 306 6602
2696 307 6601
2695 308 6600
2694 309 6599
2693 310 6598
2692 311 6597
2691 312 6596
2690 313 6595
2689 314 6594
2688 315 6593
2687 316 6592
2686 317 6591
2685 318 6590
2684 319 6589
2683 320 6588
2682 321 6587
2681 322 6586
2680 323 6585
2679 324 6584
2678 325 6583
2677 326 6582
2676 327 6581
2675 328 6580
2674 329 6579
2673 330 6578
2672 331 6577
2671 332 6576
2670 333 6575
2669 334 6574
2668 335 6573
2667 336 6572
2666 337 6571
2665 338 6570
2664 339 6569
2663 340 6568
2662 341 6567
2661 342 6566
2660 343 6565
2659 344 6564
2658 345 6563
2657 346 6562
2656 347 6561
2655 348 6560
2654 349 6559
2653 350 6558
2652 351 6557
2651 352 6556
2650 353 6555
2649 354 6554
2648 355 6553
2647 356 6552
2646 357 6551
2645 358 6550
2644 359 6549
2643 360 6548
2642 361 6547
2641 362 6546
2640 363 6545
2639 364 6544
2638 365 6543
2637 366 6542
2636 367 6541
2635 368 6540
2634 369 6539
2633 370 6538
2632 371 6537
2631 372 6536
2630 373 6535
2629 374 6534
2628 375 6533
2627 376 6532
2626 377 6531
2625 378 6530
2624 379 6529
2623 380 6528
2622 381 6527
2621 382 6526
2620 383 6525
2619 384 6524
2618 385 6523
2617 386 6522
2616 387 6521
2615 388 6520
2614 389 6519
2613 390 6518
2612 391 6517
2611 392 6516
2610 393 6515
2609 394 6514
2608 395 6513
2607 396 6512
2606 397 6511
2605 398 6510
2604 399 6509
2603 400 6508
2602 401 6507
2601 402 6506
2600 403 6505
2599 404 6504
2598 405 6503
2597 406 6502
2596 407 6501
2595 408 6500
2594 409 6499
2593 410 6498
2592 411 6497
2591 412 6496
2590 413 6495
2589 414 6494
2588 415 6493
2587 416 6492
2586 417 6491
2585 418 6490
2584 419 6489
2583 420 6488
2582 421 6487
2581 422 6486
2580 423 6485
2579 424 6484
2578 425 6483
2577 426 6482
2576 427 6481
2575 428 6480
2574 429 6479
2573 430 6478
2572 431 6477
2571 432 6476
2570 433 6475
2569 434 6474
2568 435 6473
2567 436 6472
2566 437 6471
2565 438 6470
2564 439 6469
2563 440 6468
2562 441 6467
2561 442 6466
2560 443 6465
2559 444 6464
2558 445 6463
2557 446 6462
2556 447 6461
2555 448 6460
2554 449 6459
2553 450 6458
2552 451 6457
2551 452 6456
2550 453 6455
2549 454 6454
2548 455 6453
2547 456 6452
2546 457 6451
2545 458 6450
2544 459 6449
2543 460 6448
2542 461 6447
2541 462 6446
2540 463 6445
2539 464 6444
2538 465 6443
2537 466 6442
2536 467 6441
2535 468 6440
2534 469 6439
2533 470 6438
2532 471 6437
2531 472 6436
2530 473 6435
2529 474 6434
2528 475 6433
2527 476 6432
2526 477 6431
2525 478 6430
2524 479 6429
2523 480 6428
2522 481 6427
2521 482 6426
2520 483 6425
2519 484 6424
2518 485 6423
2517 486 6422
2516 487 6421
2515 488 6420
2514 489 6419
2513 490 6418
2512 491 6417
2511 492 6416
2510 493 6415
2509 494 6414
2508 495 6413
2507 496 6412
2506 497 6411
2505 498 6410
2504 499 6409
2503 500 6408
2502 501 6407
2501 502 6406
2500 503 6405
2499 504 6404
2498 505 6403
2497 506 6402
2496 507 6401
2495 508 6400
2494 509 6399
2493 510 6398
2492 511 6397
2491 512 6396
2490 513 6395
2489 514 6394
2488 515 6393
2487 516 6392
2486 517 6391
2485 518 6390
2484 519 6389
2483 520 6388
2482 521 6387
2481 522 6386
2480 523 6385
2479 524 6384
2478 525 6383
2477 526 6382
2476 527 6381
2475 528 6380
2474 529 6379
2473 530 6378
2472 531 6377
2471 532 6376
2470 533 6375
2469 534 6374
2468 535 6373
2467 536 6372
2466 537 6371
2465 538 6370
2464 539 6369
2463 540 6368
2462 541 6367
2461 542 6366
2460 543 6365
2459 544 6364
2458 545 6363
2457 546 6362
2456 547 6361
2455 548 6360
2454 549 6359
2453 550 6358
2452 551 6357
2451 552 6356
2450 553 6355
2449 554 6354
2448 555 6353
2447 556 6352
2446 557 6351
2445 558 6350
2444 559 6349
2443 560 6348
2442 561 6347
2441 562 6346
2440 563 6345
2439 564 6344
2438 565 6343
2437 566 6342
2436 567 6341
2435 568 6340
2434 569 6339
2433 570 6338
2432 571 6337
2431 572 6336
2430 573 6335
2429 574 6334
2428 575 6333
2427 576 6332
2426 577 6331
2425 578 6330
2424 579 6329
2423 580 6328
2422 581 6327
2421 582 6326
2420 583 6325
2419 584 6324
2418 585 6323
2417 586 6322
2416 587 6321
2415 588 6320
2414 589 6319
2413 590 6318
2412 591 6317
2411 592 6316
2410 593 6315
2409 594 6314
2408 595 6313
2407 596 6312
2406 597 6311
2405 598 6310
2404 599 6309
2403 600 6308
2402 601 6307
2401 602 6306
2400 603 6305
2399 604 6304
2398 605 6303
2397 606 6302
2396 607 6301
2395 608 6300
2394 609 6299
2393 610 6298
2392 611 6297
2391 612 6296
2390 613 6295
2389 614 6294
2388 615 6293
2387 616 6292
2386 617 6291
2385 618 6290
2384 619 6289
2383 620 6288
2382 621 6287
2381 622 6286
2380 623 6285
2379 624 6284
2378 625 6283
2377 626 6282
2376 627 6281
2375 628 6280
2374 629 6279
2373 630 6278
2372 631 6277
2371 632 6276
2370 633 6275
2369 634 6274
2368 635 6273
2367 636 6272
2366 637 6271
2365 638 6270
2364 639 6269
2363 640 6268
2362 641 6267
2361 642 6266
2360 643 6265
2359 644 6264
2358 645 6263
2357 646 6262
2356 647 6261
2355 648 6260
2354 649 6259
2353 650 6258
2352 651 6257
2351 652 6256
2350 653 6255
2349 654 6254
2348 655 6253
2347 656 6252
2346 657 6251
2345 658 6250
2344 659 6249
2343 660 6248
2342 661 6247
2341 662 6246
2340 663 6245
2339 664 6244
2338 665 6243
2337 666 6242
2336 667 6241
2335 668 6240
2334 669 6239
2333 670 6238
2332 671 6237
2331 672 6236
2330 673 6235
2329 674 6234
2328 675 6233
2327 676 6232
2326 677 6231
2325 678 6230
2324 679 6229
2323 680 6228
2322 681 6227
2321 682 6226
2320 683 6225
2319 684 6224
2318 685 6223
2317 686 6222
2316 687 6221
2315 688 6220
2314 689 6219
2313 690 6218
2312 691 6217
2311 692 6216
2310 693 6215
2309 694 6214
2308 695 6213
2307 696 6212
2306 697 6211
2305 698 6210
2304 699 6209
2303 700 6208
2302 701 6207
2301 702 6206
2300 703 6205
2299 704 6204
2298 705 6203
2297 706 6202
2296 707 6201
2295 708 6200
2294 709 6199
2293 710 6198
2292 711 6197
2291 712 6196
2290 713 6195
2289 714 6194
2288 715 6193
2287 716 6192
2286 717 6191
2285 718 6190
2284 719 6189
2283 720 6188
2282 721 6187
2281 722 6186
2280 723 6185
2279 724 6184
2278 725 6183
2277 726 6182
2276 727 6181
2275 728 6180
2274 729 6179
2273 730 6178
2272 731 6177
2271 732 6176
2270 733 6175
2269 734 6174
2268 735 6173
2267 736 6172
2266 737 6171
2265 738 6170
2264 739 6169
2263 740 6168
2262 741 6167
2261 742 6166
2260 743 6165
2259 744 6164
2258 745 6163
2257 746 6162
2256 747 6161
2255 748 6160
2254 749 6159
2253 750 6158
2252 751 6157
2251 752 6156
2250 753 6155
2249 754 6154
2248 755 6153
2247 756 6152
2246 757 6151
2245 758 6150
2244 759 6149
2243 760 6148
2242 761 6147
2241 762 6146
2240 763 6145
2239 764 6144
2238 765 6143
2237 766 6142
2236 767 6141
2235 768 6140
2234 769 6139
2233 770 6138
2232 771 6137
2231 772 6136
2230 773 6135
2229 774 6134
2228 775 6133
2227 776 6132
2226 777 6131
2225 778 6130
2224 779 6129
2223 780 6128
2222 781 6127
2221 782 6126
2220 783 6125
2219 784 6124
2218 785 6123
2217 786 6122
2216 787 6121
2215 788 6120
2214 789 6119
2213 790 6118
2212 791 6117
2211 792 6116
2210 793 6115
2209 794 6114
2208 795 6113
2207 796 6112
2206 797 6111
2205 798 6110
2204 799 6109
2203 800 6108
2202 801 6107
2201 802 6106
2200 803 6105
2199 804 6104
2198 805 6103
2197 806 6102
2196 807 6101
2195 808 6100
2194 809 6099
2193 810 6098
2192 811 6097
2191 812 6096
2190 813 6095
2189 814 6094
2188 815 6093
2187 816 6092
2186 817 6091
2185 818 6090
2184 819 6089
2183 820 6088
2182 821 6087
2181 822 6086
2180 823 6085
2179 824 6084
2178 825 6083
2177 826 6082
2176 827 6081
2175 828 6080
2174 829 6079
2173 830 6078
2172 831 6077
2171 832 6076
2170 833 6075
2169 834 6074
2168 835 6073
2167 836 6072
2166 837 6071
2165 838 6070
2164 839 6069
2163 840 6068
2162 841 6067
2161 842 6066
2160 843 6065
2159 844 6064
2158 845 6063
2157 846 6062
2156 847 6061
2155 848 6060
2154 849 6059
2153 850 6058
2152 851 6057
2151 852 6056
2150 853 6055
2149 854 6054
2148 855 6053
2147 856 6052
2146 857 6051
2145 858 6050
2144 859 6049
2143 860 6048
2142 861 6047
2141 862 6046
2140 863 6045
2139 864 6044
2138 865 6043
2137 866 6042
2136 867 6041
2135 868 6040
2134 869 6039
2133 870 6038
2132 871 6037
2131 872 6036
2130 873 6035
2129 874 6034
2128 875 6033
2127 876 6032
2126 877 6031
2125 878 6030
2124 879 6029
2123 880 6028
2122 881 6027
2121 882 6026
2120 883 6025
2119 884 6024
2118 885 6023
2117 886 6022
2116 887 6021
2115 888 6020
2114 889 6019
2113 890 6018
2112 891 6017
2111 892 6016
2110 893 6015
2109 894 6014
2108 895 6013
2107 896 6012
2106 897 6011
2105 898 6010
2104 899 6009
2103 900 6008
2102 901 6007
2101 902 6006
2100 903 6005
2099 904 6004
2098 905 6003
2097 906 6002
2096 907 6001
