2580
3000 3 8580
2999 4 8579
2998 5 8578
2997 6 8577
2996 7 8576
2995 8 8575
2994 9 8574
2993 10 8573
2992 11 8572
2991 12 8571
2990 13 8570
2989 14 8569
2988 15 8568
2987 16 8567
2986 17 8566
2985 18 8565
2984 19 8564
2983 20 8563
2982 21 8562
2981 22 8561
2980 23 8560
2979 24 8559
2978 25 8558
2977 26 8557
2976 27 8556
2975 28 8555
2974 29 8554
2973 30 8553
2972 31 8552
2971 32 8551
2970 33 8550
2969 34 8549
2968 35 8548
2967 36 8547
2966 37 8546
2965 38 8545
2964 39 8544
2963 40 8543
2962 41 8542
2961 42 8541
2960 43 8540
2959 44 8539
2958 45 8538
2957 46 8537
2956 47 8536
2955 48 8535
2954 49 8534
2953 50 8533
2952 51 8532
2951 52 8531
2950 53 8530
2949 54 8529
2948 55 8528
2947 56 8527
2946 57 8526
2945 58 8525
2944 59 8524
2943 60 8523
2942 61 8522
2941 62 8521
2940 63 8520
2939 64 8519
2938 65 8518
2937 66 8517
2936 67 8516
2935 68 8515
2934 69 8514
2933 70 8513
2932 71 8512
2931 72 8511
2930 73 8510
2929 74 8509
2928 75 8508
2927 76 8507
2926 77 8506
2925 78 8505
2924 79 8504
2923 80 8503
2922 81 8502
2921 82 8501
2920 83 8500
2919 84 8499
2918 85 8498
2917 86 8497
2916 87 8496
2915 88 8495
2914 89 8494
2913 90 8493
2912 91 8492
2911 92 8491
2910 93 8490
2909 94 8489
2908 95 8488
2907 96 8487
2906 97 8486
2905 98 8485
2904 99 8484
2903 100 8483
2902 101 8482
2901 102 8481
2900 103 8480
2899 104 8479
2898 105 8478
2897 106 8477
2896 107 8476
2895 108 8475
2894 109 8474
2893 110 8473
2892 111 8472
2891 112 8471
2890 113 8470
2889 114 8469
2888 115 8468
2887 116 8467
2886 117 8466
2885 118 8465
2884 119 8464
2883 120 8463
2882 121 8462
2881 122 8461
2880 123 8460
2879 124 8459
2878 125 8458
2877 126 8457
2876 127 8456
2875 128 8455
2874 129 8454
2873 130 8453
2872 131 8452
2871 132 8451
2870 133 8450
2869 134 8449
2868 135 8448
2867 136 8447
2866 137 8446
2865 138 8445
2864 139 8444
2863 140 8443
2862 141 8442
2861 142 8441
2860 143 8440
2859 144 8439
2858 145 8438
2857 146 8437
2856 147 8436
2855 148 8435
2854 149 8434
2853 150 8433
2852 151 8432
2851 152 8431
2850 153 8430
2849 154 8429
2848 155 8428
2847 156 8427
2846 157 8426
2845 158 8425
2844 159 8424
2843 160 8423
2842 161 8422
2841 162 8421
2840 163 8420
2839 164 8419
2838 165 8418
2837 166 8417
2836 167 8416
2835 168 8415
2834 169 8414
2833 170 8413
2832 171 8412
2831 172 8411
2830 173 8410
2829 174 8409
2828 175 8408
2827 176 8407
2826 177 8406
2825 178 8405
2824 179 8404
2823 180 8403
2822 181 8402
2821 182 8401
2820 183 8400
2819 184 8399
2818 185 8398
2817 186 8397
2816 187 8396
2815 188 8395
2814 189 8394
2813 190 8393
2812 191 8392
2811 192 8391
2810 193 8390
2809 194 8389
2808 195 8388
2807 196 8387
2806 197 8386
2805 198 8385
2804 199 8384
2803 200 8383
2802 201 8382
2801 202 8381
2800 203 8380
2799 204 8379
2798 205 8378
2797 206 8377
2796 207 8376
2795 208 8375
2794 209 8374
2793 210 8373
2792 211 8372
2791 212 8371
2790 213 8370
2789 214 8369
2788 215 8368
2787 216 8367
2786 217 8366
2785 218 8365
2784 219 8364
2783 220 8363
2782 221 8362
2781 222 8361
2780 223 8360
2779 224 8359
2778 225 8358
2777 226 8357
2776 227 8356
2775 228 8355
2774 229 8354
2773 230 8353
2772 231 8352
2771 232 8351
2770 233 8350
2769 234 8349
2768 235 8348
2767 236 8347
2766 237 8346
2765 238 8345
2764 239 8344
2763 240 8343
2762 241 8342
2761 242 8341
2760 243 8340
2759 244 8339
2758 245 8338
2757 246 8337
2756 247 8336
2755 248 8335
2754 249 8334
2753 250 8333
2752 251 8332
2751 252 8331
2750 253 8330
2749 254 8329
2748 255 8328
2747 256 8327
2746 257 8326
2745 258 8325
2744 259 8324
2743 260 8323
2742 261 8322
2741 262 8321
2740 263 8320
2739 264 8319
2738 265 8318
2737 266 8317
2736 267 8316
2735 268 8315
2734 269 8314
2733 270 8313
2732 271 8312
2731 272 8311
2730 273 8310
2729 274 8309
2728 275 8308
2727 276 8307
2726 277 8306
2725 278 8305
2724 279 8304
2723 280 8303
2722 281 8302
2721 282 8301
2720 283 8300
2719 284 8299
2718 285 8298
2717 286 8297
2716 287 8296
2715 288 8295
2714 289 8294
2713 290 8293
2712 291 8292
2711 292 8291
2710 293 8290
2709 294 8289
2708 295 8288
2707 296 8287
2706 297 8286
2705 298 8285
2704 299 8284
2703 300 8283
2702 301 8282
2701 302 8281
2700 303 8280
2699 304 8279
2698 305 8278
2697 306 8277
2696 307 8276
2695 308 8275
2694 309 8274
2693 310 8273
2692 311 8272
2691 312 8271
2690 313 8270
2689 314 8269
2688 315 8268
2687 316 8267
2686 317 8266
2685 318 8265
2684 319 8264
2683 320 8263
2682 321 8262
2681 322 8261
2680 323 8260
2679 324 8259
2678 325 8258
2677 326 8257
2676 327 8256
2675 328 8255
2674 329 8254
2673 330 8253
2672 331 8252
2671 332 8251
2670 333 8250
2669 334 8249
2668 335 8248
2667 336 8247
2666 337 8246
2665 338 8245
2664 339 8244
2663 340 8243
2662 341 8242
2661 342 8241
2660 343 8240
2659 344 8239
2658 345 8238
2657 346 8237
2656 347 8236
2655 348 8235
2654 349 8234
2653 350 8233
2652 351 8232
2651 352 8231
2650 353 8230
2649 354 8229
2648 355 8228
2647 356 8227
2646 357 8226
2645 358 8225
2644 359 8224
2643 360 8223
2642 361 8222
2641 362 8221
2640 363 8220
2639 364 8219
2638 365 8218
2637 366 8217
2636 367 8216
2635 368 8215
2634 369 8214
2633 370 8213
2632 371 8212
2631 372 8211
2630 373 8210
2629 374 8209
2628 375 8208
2627 376 8207
2626 377 8206
2625 378 8205
2624 379 8204
2623 380 8203
2622 381 8202
2621 382 8201
2620 383 8200
2619 384 8199
2618 385 8198
2617 386 8197
2616 387 8196
2615 388 8195
2614 389 8194
2613 390 8193
2612 391 8192
2611 392 8191
2610 393 8190
2609 394 8189
2608 395 8188
2607 396 8187
2606 397 8186
2605 398 8185
2604 399 8184
2603 400 8183
2602 401 8182
2601 402 8181
2600 403 8180
2599 404 8179
2598 405 8178
2597 406 8177
2596 407 8176
2595 408 8175
2594 409 8174
2593 410 8173
2592 411 8172
2591 412 8171
2590 413 8170
2589 414 8169
2588 415 8168
2587 416 8167
2586 417 8166
2585 418 8165
2584 419 8164
2583 420 8163
2582 421 8162
2581 422 8161
2580 423 8160
2579 424 8159
2578 425 8158
2577 426 8157
2576 427 8156
2575 428 8155
2574 429 8154
2573 430 8153
2572 431 8152
2571 432 8151
2570 433 8150
2569 434 8149
2568 435 8148
2567 436 8147
2566 437 8146
2565 438 8145
2564 439 8144
2563 440 8143
2562 441 8142
2561 442 8141
2560 443 8140
2559 444 8139
2558 445 8138
2557 446 8137
2556 447 8136
2555 448 8135
2554 449 8134
2553 450 8133
2552 451 8132
2551 452 8131
2550 453 8130
2549 454 8129
2548 455 8128
2547 456 8127
2546 457 8126
2545 458 8125
2544 459 8124
2543 460 8123
2542 461 8122
2541 462 8121
2540 463 8120
2539 464 8119
2538 465 8118
2537 466 8117
2536 467 8116
2535 468 8115
2534 469 8114
2533 470 8113
2532 471 8112
2531 472 8111
2530 473 8110
2529 474 8109
2528 475 8108
2527 476 8107
2526 477 8106
2525 478 8105
2524 479 8104
2523 480 8103
2522 481 8102
2521 482 8101
2520 483 8100
2519 484 8099
2518 485 8098
2517 486 8097
2516 487 8096
2515 488 8095
2514 489 8094
2513 490 8093
2512 491 8092
2511 492 8091
2510 493 8090
2509 494 8089
2508 495 8088
2507 496 8087
2506 497 8086
2505 498 8085
2504 499 8084
2503 500 8083
2502 501 8082
2501 502 8081
2500 503 8080
2499 504 8079
2498 505 8078
2497 506 8077
2496 507 8076
2495 508 8075
2494 509 8074
2493 510 8073
2492 511 8072
2491 512 8071
2490 513 8070
2489 514 8069
2488 515 8068
2487 516 8067
2486 517 8066
2485 518 8065
2484 519 8064
2483 520 8063
2482 521 8062
2481 522 8061
2480 523 8060
2479 524 8059
2478 525 8058
2477 526 8057
2476 527 8056
2475 528 8055
2474 529 8054
2473 530 8053
2472 531 8052
2471 532 8051
2470 533 8050
2469 534 8049
2468 535 8048
2467 536 8047
2466 537 8046
2465 538 8045
2464 539 8044
2463 540 8043
2462 541 8042
2461 542 8041
2460 543 8040
2459 544 8039
2458 545 8038
2457 546 8037
2456 547 8036
2455 548 8035
2454 549 8034
2453 550 8033
2452 551 8032
2451 552 8031
2450 553 8030
2449 554 8029
2448 555 8028
2447 556 8027
2446 557 8026
2445 558 8025
2444 559 8024
2443 560 8023
2442 561 8022
2441 562 8021
2440 563 8020
2439 564 8019
2438 565 8018
2437 566 8017
2436 567 8016
2435 568 8015
2434 569 8014
2433 570 8013
2432 571 8012
2431 572 8011
2430 573 8010
2429 574 8009
2428 575 8008
2427 576 8007
2426 577 8006
2425 578 8005
2424 579 8004
2423 580 8003
2422 581 8002
2421 582 8001
2420 583 8000
2419 584 7999
2418 585 7998
2417 586 7997
2416 587 7996
2415 588 7995
2414 589 7994
2413 590 7993
2412 591 7992
2411 592 7991
2410 593 7990
2409 594 7989
2408 595 7988
2407 596 7987
2406 597 7986
2405 598 7985
2404 599 7984
2403 600 7983
2402 601 7982
2401 602 7981
2400 603 7980
2399 604 7979
2398 605 7978
2397 606 7977
2396 607 7976
2395 608 7975
2394 609 7974
2393 610 7973
2392 611 7972
2391 612 7971
2390 613 7970
2389 614 7969
2388 615 7968
2387 616 7967
2386 617 7966
2385 618 7965
2384 619 7964
2383 620 7963
2382 621 7962
2381 622 7961
2380 623 7960
2379 624 7959
2378 625 7958
2377 626 7957
2376 627 7956
2375 628 7955
2374 629 7954
2373 630 7953
2372 631 7952
2371 632 7951
2370 633 7950
2369 634 7949
2368 635 7948
2367 636 7947
2366 637 7946
2365 638 7945
2364 639 7944
2363 640 7943
2362 641 7942
2361 642 7941
2360 643 7940
2359 644 7939
2358 645 7938
2357 646 7937
2356 647 7936
2355 648 7935
2354 649 7934
2353 650 7933
2352 651 7932
2351 652 7931
2350 653 7930
2349 654 7929
2348 655 7928
2347 656 7927
2346 657 7926
2345 658 7925
2344 659 7924
2343 660 7923
2342 661 7922
2341 662 7921
2340 663 7920
2339 664 7919
2338 665 7918
2337 666 7917
2336 667 7916
2335 668 7915
2334 669 7914
2333 670 7913
2332 671 7912
2331 672 7911
2330 673 7910
2329 674 7909
2328 675 7908
2327 676 7907
2326 677 7906
2325 678 7905
2324 679 7904
2323 680 7903
2322 681 7902
2321 682 7901
2320 683 7900
2319 684 7899
2318 685 7898
2317 686 7897
2316 687 7896
2315 688 7895
2314 689 7894
2313 690 7893
2312 691 7892
2311 692 7891
2310 693 7890
2309 694 7889
2308 695 7888
2307 696 7887
2306 697 7886
2305 698 7885
2304 699 7884
2303 700 7883
2302 701 7882
2301 702 7881
2300 703 7880
2299 704 7879
2298 705 7878
2297 706 7877
2296 707 7876
2295 708 7875
2294 709 7874
2293 710 7873
2292 711 7872
2291 712 7871
2290 713 7870
2289 714 7869
2288 715 7868
2287 716 7867
2286 717 7866
2285 718 7865
2284 719 7864
2283 720 7863
2282 721 7862
2281 722 7861
2280 723 7860
2279 724 7859
2278 725 7858
2277 726 7857
2276 727 7856
2275 728 7855
2274 729 7854
2273 730 7853
2272 731 7852
2271 732 7851
2270 733 7850
2269 734 7849
2268 735 7848
2267 736 7847
2266 737 7846
2265 738 7845
2264 739 7844
2263 740 7843
2262 741 7842
2261 742 7841
2260 743 7840
2259 744 7839
2258 745 7838
2257 746 7837
2256 747 7836
2255 748 7835
2254 749 7834
2253 750 7833
2252 751 7832
2251 752 7831
2250 753 7830
2249 754 7829
2248 755 7828
2247 756 7827
2246 757 7826
2245 758 7825
2244 759 7824
2243 760 7823
2242 761 7822
2241 762 7821
2240 763 7820
2239 764 7819
2238 765 7818
2237 766 7817
2236 767 7816
2235 768 7815
2234 769 7814
2233 770 7813
2232 771 7812
2231 772 7811
2230 773 7810
2229 774 7809
2228 775 7808
2227 776 7807
2226 777 7806
2225 778 7805
2224 779 7804
2223 780 7803
2222 781 7802
2221 782 7801
2220 783 7800
2219 784 7799
2218 785 7798
2217 786 7797
2216 787 7796
2215 788 7795
2214 789 7794
2213 790 7793
2212 791 7792
2211 792 7791
2210 793 7790
2209 794 7789
2208 795 7788
2207 796 7787
2206 797 7786
2205 798 7785
2204 799 7784
2203 800 7783
2202 801 7782
2201 802 7781
2200 803 7780
2199 804 7779
2198 805 7778
2197 806 7777
2196 807 7776
2195 808 7775
2194 809 7774
2193 810 7773
2192 811 7772
2191 812 7771
2190 813 7770
2189 814 7769
2188 815 7768
2187 816 7767
2186 817 7766
2185 818 7765
2184 819 7764
2183 820 7763
2182 821 7762
2181 822 7761
2180 823 7760
2179 824 7759
2178 825 7758
2177 826 7757
2176 827 7756
2175 828 7755
2174 829 7754
2173 830 7753
2172 831 7752
2171 832 7751
2170 833 7750
2169 834 7749
2168 835 7748
2167 836 7747
2166 837 7746
2165 838 7745
2164 839 7744
2163 840 7743
2162 841 7742
2161 842 7741
2160 843 7740
2159 844 7739
2158 845 7738
2157 846 7737
2156 847 7736
2155 848 7735
2154 849 7734
2153 850 7733
2152 851 7732
2151 852 7731
2150 853 7730
2149 854 7729
2148 855 7728
2147 856 7727
2146 857 7726
2145 858 7725
2144 859 7724
2143 860 7723
2142 861 7722
2141 862 7721
2140 863 7720
2139 864 7719
2138 865 7718
2137 866 7717
2136 867 7716
2135 868 7715
2134 869 7714
2133 870 7713
2132 871 7712
2131 872 7711
2130 873 7710
2129 874 7709
2128 875 7708
2127 876 7707
2126 877 7706
2125 878 7705
2124 879 7704
2123 880 7703
2122 881 7702
2121 882 7701
2120 883 7700
2119 884 7699
2118 885 7698
2117 886 7697
2116 887 7696
2115 888 7695
2114 889 7694
2113 890 7693
2112 891 7692
2111 892 7691
2110 893 7690
2109 894 7689
2108 895 7688
2107 896 7687
2106 897 7686
2105 898 7685
2104 899 7684
2103 900 7683
2102 901 7682
2101 902 7681
2100 903 7680
2099 904 7679
2098 905 7678
2097 906 7677
2096 907 7676
2095 908 7675
2094 909 7674
2093 910 7673
2092 911 7672
2091 912 7671
2090 913 7670
2089 914 7669
2088 915 7668
2087 916 7667
2086 917 7666
2085 918 7665
2084 919 7664
2083 920 7663
2082 921 7662
2081 922 7661
2080 923 7660
2079 924 7659
2078 925 7658
2077 926 7657
2076 927 7656
2075 928 7655
2074 929 7654
2073 930 7653
2072 931 7652
2071 932 7651
2070 933 7650
2069 934 7649
2068 935 7648
2067 936 7647
2066 937 7646
2065 938 7645
2064 939 7644
2063 940 7643
2062 941 7642
2061 942 7641
2060 943 7640
2059 944 7639
2058 945 7638
2057 946 7637
2056 947 7636
2055 948 7635
2054 949 7634
2053 950 7633
2052 951 7632
2051 952 7631
2050 953 7630
2049 954 7629
2048 955 7628
2047 956 7627
2046 957 7626
2045 958 7625
2044 959 7624
2043 960 7623
2042 961 7622
2041 962 7621
2040 963 7620
2039 964 7619
2038 965 7618
2037 966 7617
2036 967 7616
2035 968 7615
2034 969 7614
2033 970 7613
2032 971 7612
2031 972 7611
2030 973 7610
2029 974 7609
2028 975 7608
2027 976 7607
2026 977 7606
2025 978 7605
2024 979 7604
2023 980 7603
2022 981 7602
2021 982 7601
2020 983 7600
2019 984 7599
2018 985 7598
2017 986 7597
2016 987 7596
2015 988 7595
2014 989 7594
2013 990 7593
2012 991 7592
2011 992 7591
2010 993 7590
2009 994 7589
2008 995 7588
2007 996 7587
2006 997 7586
2005 998 7585
2004 999 7584
2003 1000 7583
2002 1001 7582
2001 1002 7581
2000 1003 7580
1999 1004 7579
1998 1005 7578
1997 1006 7577
1996 1007 7576
1995 1008 7575
1994 1009 7574
1993 1010 7573
1992 1011 7572
1991 1012 7571
1990 1013 7570
1989 1014 7569
1988 1015 7568
1987 1016 7567
1986 1017 7566
1985 1018 7565
1984 1019 7564
1983 1020 7563
1982 1021 7562
1981 1022 7561
1980 1023 7560
1979 1024 7559
1978 1025 7558
1977 1026 7557
1976 1027 7556
1975 1028 7555
1974 1029 7554
1973 1030 7553
1972 1031 7552
1971 1032 7551
1970 1033 7550
1969 1034 7549
1968 1035 7548
1967 1036 7547
1966 1037 7546
1965 1038 7545
1964 1039 7544
1963 1040 7543
1962 1041 7542
1961 1042 7541
1960 1043 7540
1959 1044 7539
1958 1045 7538
1957 1046 7537
1956 1047 7536
1955 1048 7535
1954 1049 7534
1953 1050 7533
1952 1051 7532
1951 1052 7531
1950 1053 7530
1949 1054 7529
1948 1055 7528
1947 1056 7527
1946 1057 7526
1945 1058 7525
1944 1059 7524
1943 1060 7523
1942 1061 7522
1941 1062 7521
1940 1063 7520
1939 1064 7519
1938 1065 7518
1937 1066 7517
1936 1067 7516
1935 1068 7515
1934 1069 7514
1933 1070 7513
1932 1071 7512
1931 1072 7511
1930 1073 7510
1929 1074 7509
1928 1075 7508
1927 1076 7507
1926 1077 7506
1925 1078 7505
1924 1079 7504
1923 1080 7503
1922 1081 7502
1921 1082 7501
1920 1083 7500
1919 1084 7499
1918 1085 7498
1917 1086 7497
1916 1087 7496
1915 1088 7495
1914 1089 7494
1913 1090 7493
1912 1091 7492
1911 1092 7491
1910 1093 7490
1909 1094 7489
1908 1095 7488
1907 1096 7487
1906 1097 7486
1905 1098 7485
1904 1099 7484
1903 1100 7483
1902 1101 7482
1901 1102 7481
1900 1103 7480
1899 1104 7479
1898 1105 7478
1897 1106 7477
1896 1107 7476
1895 1108 7475
1894 1109 7474
1893 1110 7473
1892 1111 7472
1891 1112 7471
1890 1113 7470
1889 1114 7469
1888 1115 7468
1887 1116 7467
1886 1117 7466
1885 1118 7465
1884 1119 7464
1883 1120 7463
1882 1121 7462
1881 1122 7461
1880 1123 7460
1879 1124 7459
1878 1125 7458
1877 1126 7457
1876 1127 7456
1875 1128 7455
1874 1129 7454
1873 1130 7453
1872 1131 7452
1871 1132 7451
1870 1133 7450
1869 1134 7449
1868 1135 7448
1867 1136 7447
1866 1137 7446
1865 1138 7445
1864 1139 7444
1863 1140 7443
1862 1141 7442
1861 1142 7441
1860 1143 7440
1859 1144 7439
1858 1145 7438
1857 1146 7437
1856 1147 7436
1855 1148 7435
1854 1149 7434
1853 1150 7433
1852 1151 7432
1851 1152 7431
1850 1153 7430
1849 1154 7429
1848 1155 7428
1847 1156 7427
1846 1157 7426
1845 1158 7425
1844 1159 7424
1843 1160 7423
1842 1161 7422
1841 1162 7421
1840 1163 7420
1839 1164 7419
1838 1165 7418
1837 1166 7417
1836 1167 7416
1835 1168 7415
1834 1169 7414
1833 1170 7413
1832 1171 7412
1831 1172 7411
1830 1173 7410
1829 1174 7409
1828 1175 7408
1827 1176 7407
1826 1177 7406
1825 1178 7405
1824 1179 7404
1823 1180 7403
1822 1181 7402
1821 1182 7401
1820 1183 7400
1819 1184 7399
1818 1185 7398
1817 1186 7397
1816 1187 7396
1815 1188 7395
1814 1189 7394
1813 1190 7393
1812 1191 7392
1811 1192 7391
1810 1193 7390
1809 1194 7389
1808 1195 7388
1807 1196 7387
1806 1197 7386
1805 1198 7385
1804 1199 7384
1803 1200 7383
1802 1201 7382
1801 1202 7381
1800 1203 7380
1799 1204 7379
1798 1205 7378
1797 1206 7377
1796 1207 7376
1795 1208 7375
1794 1209 7374
1793 1210 7373
1792 1211 7372
1791 1212 7371
1790 1213 7370
1789 1214 7369
1788 1215 7368
1787 1216 7367
1786 1217 7366
1785 1218 7365
1784 1219 7364
1783 1220 7363
1782 1221 7362
1781 1222 7361
1780 1223 7360
1779 1224 7359
1778 1225 7358
1777 1226 7357
1776 1227 7356
1775 1228 7355
1774 1229 7354
1773 1230 7353
1772 1231 7352
1771 1232 7351
1770 1233 7350
1769 1234 7349
1768 1235 7348
1767 1236 7347
1766 1237 7346
1765 1238 7345
1764 1239 7344
1763 1240 7343
1762 1241 7342
1761 1242 7341
1760 1243 7340
1759 1244 7339
1758 1245 7338
1757 1246 7337
1756 1247 7336
1755 1248 7335
1754 1249 7334
1753 1250 7333
1752 1251 7332
1751 1252 7331
1750 1253 7330
1749 1254 7329
1748 1255 7328
1747 1256 7327
1746 1257 7326
1745 1258 7325
1744 1259 7324
1743 1260 7323
1742 1261 7322
1741 1262 7321
1740 1263 7320
1739 1264 7319
1738 1265 7318
1737 1266 7317
1736 1267 7316
1735 1268 7315
1734 1269 7314
1733 1270 7313
1732 1271 7312
1731 1272 7311
1730 1273 7310
1729 1274 7309
1728 1275 7308
1727 1276 7307
1726 1277 7306
1725 1278 7305
1724 1279 7304
1723 1280 7303
1722 1281 7302
1721 1282 7301
1720 1283 7300
1719 1284 7299
1718 1285 7298
1717 1286 7297
1716 1287 7296
1715 1288 7295
1714 1289 7294
1713 1290 7293
1712 1291 7292
1711 1292 7291
1710 1293 7290
1709 1294 7289
1708 1295 7288
1707 1296 7287
1706 1297 7286
1705 1298 7285
1704 1299 7284
1703 1300 7283
1702 1301 7282
1701 1302 7281
1700 1303 7280
1699 1304 7279
1698 1305 7278
1697 1306 7277
1696 1307 7276
1695 1308 7275
1694 1309 7274
1693 1310 7273
1692 1311 7272
1691 1312 7271
1690 1313 7270
1689 1314 7269
1688 1315 7268
1687 1316 7267
1686 1317 7266
1685 1318 7265
1684 1319 7264
1683 1320 7263
1682 1321 7262
1681 1322 7261
1680 1323 7260
1679 1324 7259
1678 1325 7258
1677 1326 7257
1676 1327 7256
1675 1328 7255
1674 1329 7254
1673 1330 7253
1672 1331 7252
1671 1332 7251
1670 1333 7250
1669 1334 7249
1668 1335 7248
1667 1336 7247
1666 1337 7246
1665 1338 7245
1664 1339 7244
1663 1340 7243
1662 1341 7242
1661 1342 7241
1660 1343 7240
1659 1344 7239
1658 1345 7238
1657 1346 7237
1656 1347 7236
1655 1348 7235
1654 1349 7234
1653 1350 7233
1652 1351 7232
1651 1352 7231
1650 1353 7230
1649 1354 7229
1648 1355 7228
1647 1356 7227
1646 1357 7226
1645 1358 7225
1644 1359 7224
1643 1360 7223
1642 1361 7222
1641 1362 7221
1640 1363 7220
1639 1364 7219
1638 1365 7218
1637 1366 7217
1636 1367 7216
1635 1368 7215
1634 1369 7214
1633 1370 7213
1632 1371 7212
1631 1372 7211
1630 1373 7210
1629 1374 7209
1628 1375 7208
1627 1376 7207
1626 1377 7206
1625 1378 7205
1624 1379 7204
1623 1380 7203
1622 1381 7202
1621 1382 7201
1620 1383 7200
1619 1384 7199
1618 1385 7198
1617 1386 7197
1616 1387 7196
1615 1388 7195
1614 1389 7194
1613 1390 7193
1612 1391 7192
1611 1392 7191
1610 1393 7190
1609 1394 7189
1608 1395 7188
1607 1396 7187
1606 1397 7186
1605 1398 7185
1604 1399 7184
1603 1400 7183
1602 1401 7182
1601 1402 7181
1600 1403 7180
1599 1404 7179
1598 1405 7178
1597 1406 7177
1596 1407 7176
1595 1408 7175
1594 1409 7174
1593 1410 7173
1592 1411 7172
1591 1412 7171
1590 1413 7170
1589 1414 7169
1588 1415 7168
1587 1416 7167
1586 1417 7166
1585 1418 7165
1584 1419 7164
1583 1420 7163
1582 1421 7162
1581 1422 7161
1580 1423 7160
1579 1424 7159
1578 1425 7158
1577 1426 7157
1576 1427 7156
1575 1428 7155
1574 1429 7154
1573 1430 7153
1572 1431 7152
1571 1432 7151
1570 1433 7150
1569 1434 7149
1568 1435 7148
1567 1436 7147
1566 1437 7146
1565 1438 7145
1564 1439 7144
1563 1440 7143
1562 1441 7142
1561 1442 7141
1560 1443 7140
1559 1444 7139
1558 1445 7138
1557 1446 7137
1556 1447 7136
1555 1448 7135
1554 1449 7134
1553 1450 7133
1552 1451 7132
1551 1452 7131
1550 1453 7130
1549 1454 7129
1548 1455 7128
1547 1456 7127
1546 1457 7126
1545 1458 7125
1544 1459 7124
1543 1460 7123
1542 1461 7122
1541 1462 7121
1540 1463 7120
1539 1464 7119
1538 1465 7118
1537 1466 7117
1536 1467 7116
1535 1468 7115
1534 1469 7114
1533 1470 7113
1532 1471 7112
1531 1472 7111
1530 1473 7110
1529 1474 7109
1528 1475 7108
1527 1476 7107
1526 1477 7106
1525 1478 7105
1524 1479 7104
1523 1480 7103
1522 1481 7102
1521 1482 7101
1520 1483 7100
1519 1484 7099
1518 1485 7098
1517 1486 7097
1516 1487 7096
1515 1488 7095
1514 1489 7094
1513 1490 7093
1512 1491 7092
1511 1492 7091
1510 1493 7090
1509 1494 7089
1508 1495 7088
1507 1496 7087
1506 1497 7086
1505 1498 7085
1504 1499 7084
1503 1500 7083
1502 1501 7082
1501 1502 7081
1500 1503 7080
1499 1504 7079
1498 1505 7078
1497 1506 7077
1496 1507 7076
1495 1508 7075
1494 1509 7074
1493 1510 7073
1492 1511 7072
1491 1512 7071
1490 1513 7070
1489 1514 7069
1488 1515 7068
1487 1516 7067
1486 1517 7066
1485 1518 7065
1484 1519 7064
1483 1520 7063
1482 1521 7062
1481 1522 7061
1480 1523 7060
1479 1524 7059
1478 1525 7058
1477 1526 7057
1476 1527 7056
1475 1528 7055
1474 1529 7054
1473 1530 7053
1472 1531 7052
1471 1532 7051
1470 1533 7050
1469 1534 7049
1468 1535 7048
1467 1536 7047
1466 1537 7046
1465 1538 7045
1464 1539 7044
1463 1540 7043
1462 1541 7042
1461 1542 7041
1460 1543 7040
1459 1544 7039
1458 1545 7038
1457 1546 7037
1456 1547 7036
1455 1548 7035
1454 1549 7034
1453 1550 7033
1452 1551 7032
1451 1552 7031
1450 1553 7030
1449 1554 7029
1448 1555 7028
1447 1556 7027
1446 1557 7026
1445 1558 7025
1444 1559 7024
1443 1560 7023
1442 1561 7022
1441 1562 7021
1440 1563 7020
1439 1564 7019
1438 1565 7018
1437 1566 7017
1436 1567 7016
1435 1568 7015
1434 1569 7014
1433 1570 7013
1432 1571 7012
1431 1572 7011
1430 1573 7010
1429 1574 7009
1428 1575 7008
1427 1576 7007
1426 1577 7006
1425 1578 7005
1424 1579 7004
1423 1580 7003
1422 1581 7002
1421 1582 7001
1420 1583 7000
1419 1584 6999
1418 1585 6998
1417 1586 6997
1416 1587 6996
1415 1588 6995
1414 1589 6994
1413 1590 6993
1412 1591 6992
1411 1592 6991
1410 1593 6990
1409 1594 6989
1408 1595 6988
1407 1596 6987
1406 1597 6986
1405 1598 6985
1404 1599 6984
1403 1600 6983
1402 1601 6982
1401 1602 6981
1400 1603 6980
1399 1604 6979
1398 1605 6978
1397 1606 6977
1396 1607 6976
1395 1608 6975
1394 1609 6974
1393 1610 6973
1392 1611 6972
1391 1612 6971
1390 1613 6970
1389 1614 6969
1388 1615 6968
1387 1616 6967
1386 1617 6966
1385 1618 6965
1384 1619 6964
1383 1620 6963
1382 1621 6962
1381 1622 6961
1380 1623 6960
1379 1624 6959
1378 1625 6958
1377 1626 6957
1376 1627 6956
1375 1628 6955
1374 1629 6954
1373 1630 6953
1372 1631 6952
1371 1632 6951
1370 1633 6950
1369 1634 6949
1368 1635 6948
1367 1636 6947
1366 1637 6946
1365 1638 6945
1364 1639 6944
1363 1640 6943
1362 1641 6942
1361 1642 6941
1360 1643 6940
1359 1644 6939
1358 1645 6938
1357 1646 6937
1356 1647 6936
1355 1648 6935
1354 1649 6934
1353 1650 6933
1352 1651 6932
1351 1652 6931
1350 1653 6930
1349 1654 6929
1348 1655 6928
1347 1656 6927
1346 1657 6926
1345 1658 6925
1344 1659 6924
1343 1660 6923
1342 1661 6922
1341 1662 6921
1340 1663 6920
1339 1664 6919
1338 1665 6918
1337 1666 6917
1336 1667 6916
1335 1668 6915
1334 1669 6914
1333 1670 6913
1332 1671 6912
1331 1672 6911
1330 1673 6910
1329 1674 6909
1328 1675 6908
1327 1676 6907
1326 1677 6906
1325 1678 6905
1324 1679 6904
1323 1680 6903
1322 1681 6902
1321 1682 6901
1320 1683 6900
1319 1684 6899
1318 1685 6898
1317 1686 6897
1316 1687 6896
1315 1688 6895
1314 1689 6894
1313 1690 6893
1312 1691 6892
1311 1692 6891
1310 1693 6890
1309 1694 6889
1308 1695 6888
1307 1696 6887
1306 1697 6886
1305 1698 6885
1304 1699 6884
1303 1700 6883
1302 1701 6882
1301 1702 6881
1300 1703 6880
1299 1704 6879
1298 1705 6878
1297 1706 6877
1296 1707 6876
1295 1708 6875
1294 1709 6874
1293 1710 6873
1292 1711 6872
1291 1712 6871
1290 1713 6870
1289 1714 6869
1288 1715 6868
1287 1716 6867
1286 1717 6866
1285 1718 6865
1284 1719 6864
1283 1720 6863
1282 1721 6862
1281 1722 6861
1280 1723 6860
1279 1724 6859
1278 1725 6858
1277 1726 6857
1276 1727 6856
1275 1728 6855
1274 1729 6854
1273 1730 6853
1272 1731 6852
1271 1732 6851
1270 1733 6850
1269 1734 6849
1268 1735 6848
1267 1736 6847
1266 1737 6846
1265 1738 6845
1264 1739 6844
1263 1740 6843
1262 1741 6842
1261 1742 6841
1260 1743 6840
1259 1744 6839
1258 1745 6838
1257 1746 6837
1256 1747 6836
1255 1748 6835
1254 1749 6834
1253 1750 6833
1252 1751 6832
1251 1752 6831
1250 1753 6830
1249 1754 6829
1248 1755 6828
1247 1756 6827
1246 1757 6826
1245 1758 6825
1244 1759 6824
1243 1760 6823
1242 1761 6822
1241 1762 6821
1240 1763 6820
1239 1764 6819
1238 1765 6818
1237 1766 6817
1236 1767 6816
1235 1768 6815
1234 1769 6814
1233 1770 6813
1232 1771 6812
1231 1772 6811
1230 1773 6810
1229 1774 6809
1228 1775 6808
1227 1776 6807
1226 1777 6806
1225 1778 6805
1224 1779 6804
1223 1780 6803
1222 1781 6802
1221 1782 6801
1220 1783 6800
1219 1784 6799
1218 1785 6798
1217 1786 6797
1216 1787 6796
1215 1788 6795
1214 1789 6794
1213 1790 6793
1212 1791 6792
1211 1792 6791
1210 1793 6790
1209 1794 6789
1208 1795 6788
1207 1796 6787
1206 1797 6786
1205 1798 6785
1204 1799 6784
1203 1800 6783
1202 1801 6782
1201 1802 6781
1200 1803 6780
1199 1804 6779
1198 1805 6778
1197 1806 6777
1196 1807 6776
1195 1808 6775
1194 1809 6774
1193 1810 6773
1192 1811 6772
1191 1812 6771
1190 1813 6770
1189 1814 6769
1188 1815 6768
1187 1816 6767
1186 1817 6766
1185 1818 6765
1184 1819 6764
1183 1820 6763
1182 1821 6762
1181 1822 6761
1180 1823 6760
1179 1824 6759
1178 1825 6758
1177 1826 6757
1176 1827 6756
1175 1828 6755
1174 1829 6754
1173 1830 6753
1172 1831 6752
1171 1832 6751
1170 1833 6750
1169 1834 6749
1168 1835 6748
1167 1836 6747
1166 1837 6746
1165 1838 6745
1164 1839 6744
1163 1840 6743
1162 1841 6742
1161 1842 6741
1160 1843 6740
1159 1844 6739
1158 1845 6738
1157 1846 6737
1156 1847 6736
1155 1848 6735
1154 1849 6734
1153 1850 6733
1152 1851 6732
1151 1852 6731
1150 1853 6730
1149 1854 6729
1148 1855 6728
1147 1856 6727
1146 1857 6726
1145 1858 6725
1144 1859 6724
1143 1860 6723
1142 1861 6722
1141 1862 6721
1140 1863 6720
1139 1864 6719
1138 1865 6718
1137 1866 6717
1136 1867 6716
1135 1868 6715
1134 1869 6714
1133 1870 6713
1132 1871 6712
1131 1872 6711
1130 1873 6710
1129 1874 6709
1128 1875 6708
1127 1876 6707
1126 1877 6706
1125 1878 6705
1124 1879 6704
1123 1880 6703
1122 1881 6702
1121 1882 6701
1120 1883 6700
1119 1884 6699
1118 1885 6698
1117 1886 6697
1116 1887 6696
1115 1888 6695
1114 1889 6694
1113 1890 6693
1112 1891 6692
1111 1892 6691
1110 1893 6690
1109 1894 6689
1108 1895 6688
1107 1896 6687
1106 1897 6686
1105 1898 6685
1104 1899 6684
1103 1900 6683
1102 1901 6682
1101 1902 6681
1100 1903 6680
1099 1904 6679
1098 1905 6678
1097 1906 6677
1096 1907 6676
1095 1908 6675
1094 1909 6674
1093 1910 6673
1092 1911 6672
1091 1912 6671
1090 1913 6670
1089 1914 6669
1088 1915 6668
1087 1916 6667
1086 1917 6666
1085 1918 6665
1084 1919 6664
1083 1920 6663
1082 1921 6662
1081 1922 6661
1080 1923 6660
1079 1924 6659
1078 1925 6658
1077 1926 6657
1076 1927 6656
1075 1928 6655
1074 1929 6654
1073 1930 6653
1072 1931 6652
1071 1932 6651
1070 1933 6650
1069 1934 6649
1068 1935 6648
1067 1936 6647
1066 1937 6646
1065 1938 6645
1064 1939 6644
1063 1940 6643
1062 1941 6642
1061 1942 6641
1060 1943 6640
1059 1944 6639
1058 1945 6638
1057 1946 6637
1056 1947 6636
1055 1948 6635
1054 1949 6634
1053 1950 6633
1052 1951 6632
1051 1952 6631
1050 1953 6630
1049 1954 6629
1048 1955 6628
1047 1956 6627
1046 1957 6626
1045 1958 6625
1044 1959 6624
1043 1960 6623
1042 1961 6622
1041 1962 6621
1040 1963 6620
1039 1964 6619
1038 1965 6618
1037 1966 6617
1036 1967 6616
1035 1968 6615
1034 1969 6614
1033 1970 6613
1032 1971 6612
1031 1972 6611
1030 1973 6610
1029 1974 6609
1028 1975 6608
1027 1976 6607
1026 1977 6606
1025 1978 6605
1024 1979 6604
1023 1980 6603
1022 1981 6602
1021 1982 6601
1020 1983 6600
1019 1984 6599
1018 1985 6598
1017 1986 6597
1016 1987 6596
1015 1988 6595
1014 1989 6594
1013 1990 6593
1012 1991 6592
1011 1992 6591
1010 1993 6590
1009 1994 6589
1008 1995 6588
1007 1996 6587
1006 1997 6586
1005 1998 6585
1004 1999 6584
1003 2000 6583
1002 2001 6582
1001 2002 6581
1000 2003 6580
999 2004 6579
998 2005 6578
997 2006 6577
996 2007 6576
995 2008 6575
994 2009 6574
993 2010 6573
992 2011 6572
991 2012 6571
990 2013 6570
989 2014 6569
988 2015 6568
987 2016 6567
986 2017 6566
985 2018 6565
984 2019 6564
983 2020 6563
982 2021 6562
981 2022 6561
980 2023 6560
979 2024 6559
978 2025 6558
977 2026 6557
976 2027 6556
975 2028 6555
974 2029 6554
973 2030 6553
972 2031 6552
971 2032 6551
970 2033 6550
969 2034 6549
968 2035 6548
967 2036 6547
966 2037 6546
965 2038 6545
964 2039 6544
963 2040 6543
962 2041 6542
961 2042 6541
960 2043 6540
959 2044 6539
958 2045 6538
957 2046 6537
956 2047 6536
955 2048 6535
954 2049 6534
953 2050 6533
952 2051 6532
951 2052 6531
950 2053 6530
949 2054 6529
948 2055 6528
947 2056 6527
946 2057 6526
945 2058 6525
944 2059 6524
943 2060 6523
942 2061 6522
941 2062 6521
940 2063 6520
939 2064 6519
938 2065 6518
937 2066 6517
936 2067 6516
935 2068 6515
934 2069 6514
933 2070 6513
932 2071 6512
931 2072 6511
930 2073 6510
929 2074 6509
928 2075 6508
927 2076 6507
926 2077 6506
925 2078 6505
924 2079 6504
923 2080 6503
922 2081 6502
921 2082 6501
920 2083 6500
919 2084 6499
918 2085 6498
917 2086 6497
916 2087 6496
915 2088 6495
914 2089 6494
913 2090 6493
912 2091 6492
911 2092 6491
910 2093 6490
909 2094 6489
908 2095 6488
907 2096 6487
906 2097 6486
905 2098 6485
904 2099 6484
903 2100 6483
902 2101 6482
901 2102 6481
900 2103 6480
899 2104 6479
898 2105 6478
897 2106 6477
896 2107 6476
895 2108 6475
894 2109 6474
893 2110 6473
892 2111 6472
891 2112 6471
890 2113 6470
889 2114 6469
888 2115 6468
887 2116 6467
886 2117 6466
885 2118 6465
884 2119 6464
883 2120 6463
882 2121 6462
881 2122 6461
880 2123 6460
879 2124 6459
878 2125 6458
877 2126 6457
876 2127 6456
875 2128 6455
874 2129 6454
873 2130 6453
872 2131 6452
871 2132 6451
870 2133 6450
869 2134 6449
868 2135 6448
867 2136 6447
866 2137 6446
865 2138 6445
864 2139 6444
863 2140 6443
862 2141 6442
861 2142 6441
860 2143 6440
859 2144 6439
858 2145 6438
857 2146 6437
856 2147 6436
855 2148 6435
854 2149 6434
853 2150 6433
852 2151 6432
851 2152 6431
850 2153 6430
849 2154 6429
848 2155 6428
847 2156 6427
846 2157 6426
845 2158 6425
844 2159 6424
843 2160 6423
842 2161 6422
841 2162 6421
840 2163 6420
839 2164 6419
838 2165 6418
837 2166 6417
836 2167 6416
835 2168 6415
834 2169 6414
833 2170 6413
832 2171 6412
831 2172 6411
830 2173 6410
829 2174 6409
828 2175 6408
827 2176 6407
826 2177 6406
825 2178 6405
824 2179 6404
823 2180 6403
822 2181 6402
821 2182 6401
820 2183 6400
819 2184 6399
818 2185 6398
817 2186 6397
816 2187 6396
815 2188 6395
814 2189 6394
813 2190 6393
812 2191 6392
811 2192 6391
810 2193 6390
809 2194 6389
808 2195 6388
807 2196 6387
806 2197 6386
805 2198 6385
804 2199 6384
803 2200 6383
802 2201 6382
801 2202 6381
800 2203 6380
799 2204 6379
798 2205 6378
797 2206 6377
796 2207 6376
795 2208 6375
794 2209 6374
793 2210 6373
792 2211 6372
791 2212 6371
790 2213 6370
789 2214 6369
788 2215 6368
787 2216 6367
786 2217 6366
785 2218 6365
784 2219 6364
783 2220 6363
782 2221 6362
781 2222 6361
780 2223 6360
779 2224 6359
778 2225 6358
777 2226 6357
776 2227 6356
775 2228 6355
774 2229 6354
773 2230 6353
772 2231 6352
771 2232 6351
770 2233 6350
769 2234 6349
768 2235 6348
767 2236 6347
766 2237 6346
765 2238 6345
764 2239 6344
763 2240 6343
762 2241 6342
761 2242 6341
760 2243 6340
759 2244 6339
758 2245 6338
757 2246 6337
756 2247 6336
755 2248 6335
754 2249 6334
753 2250 6333
752 2251 6332
751 2252 6331
750 2253 6330
749 2254 6329
748 2255 6328
747 2256 6327
746 2257 6326
745 2258 6325
744 2259 6324
743 2260 6323
742 2261 6322
741 2262 6321
740 2263 6320
739 2264 6319
738 2265 6318
737 2266 6317
736 2267 6316
735 2268 6315
734 2269 6314
733 2270 6313
732 2271 6312
731 2272 6311
730 2273 6310
729 2274 6309
728 2275 6308
727 2276 6307
726 2277 6306
725 2278 6305
724 2279 6304
723 2280 6303
722 2281 6302
721 2282 6301
720 2283 6300
719 2284 6299
718 2285 6298
717 2286 6297
716 2287 6296
715 2288 6295
714 2289 6294
713 2290 6293
712 2291 6292
711 2292 6291
710 2293 6290
709 2294 6289
708 2295 6288
707 2296 6287
706 2297 6286
705 2298 6285
704 2299 6284
703 2300 6283
702 2301 6282
701 2302 6281
700 2303 6280
699 2304 6279
698 2305 6278
697 2306 6277
696 2307 6276
695 2308 6275
694 2309 6274
693 2310 6273
692 2311 6272
691 2312 6271
690 2313 6270
689 2314 6269
688 2315 6268
687 2316 6267
686 2317 6266
685 2318 6265
684 2319 6264
683 2320 6263
682 2321 6262
681 2322 6261
680 2323 6260
679 2324 6259
678 2325 6258
677 2326 6257
676 2327 6256
675 2328 6255
674 2329 6254
673 2330 6253
672 2331 6252
671 2332 6251
670 2333 6250
669 2334 6249
668 2335 6248
667 2336 6247
666 2337 6246
665 2338 6245
664 2339 6244
663 2340 6243
662 2341 6242
661 2342 6241
660 2343 6240
659 2344 6239
658 2345 6238
657 2346 6237
656 2347 6236
655 2348 6235
654 2349 6234
653 2350 6233
652 2351 6232
651 2352 6231
650 2353 6230
649 2354 6229
648 2355 6228
647 2356 6227
646 2357 6226
645 2358 6225
644 2359 6224
643 2360 6223
642 2361 6222
641 2362 6221
640 2363 6220
639 2364 6219
638 2365 6218
637 2366 6217
636 2367 6216
635 2368 6215
634 2369 6214
633 2370 6213
632 2371 6212
631 2372 6211
630 2373 6210
629 2374 6209
628 2375 6208
627 2376 6207
626 2377 6206
625 2378 6205
624 2379 6204
623 2380 6203
622 2381 6202
621 2382 6201
620 2383 6200
619 2384 6199
618 2385 6198
617 2386 6197
616 2387 6196
615 2388 6195
614 2389 6194
613 2390 6193
612 2391 6192
611 2392 6191
610 2393 6190
609 2394 6189
608 2395 6188
607 2396 6187
606 2397 6186
605 2398 6185
604 2399 6184
603 2400 6183
602 2401 6182
601 2402 6181
600 2403 6180
599 2404 6179
598 2405 6178
597 2406 6177
596 2407 6176
595 2408 6175
594 2409 6174
593 2410 6173
592 2411 6172
591 2412 6171
590 2413 6170
589 2414 6169
588 2415 6168
587 2416 6167
586 2417 6166
585 2418 6165
584 2419 6164
583 2420 6163
582 2421 6162
581 2422 6161
580 2423 6160
579 2424 6159
578 2425 6158
577 2426 6157
576 2427 6156
575 2428 6155
574 2429 6154
573 2430 6153
572 2431 6152
571 2432 6151
570 2433 6150
569 2434 6149
568 2435 6148
567 2436 6147
566 2437 6146
565 2438 6145
564 2439 6144
563 2440 6143
562 2441 6142
561 2442 6141
560 2443 6140
559 2444 6139
558 2445 6138
557 2446 6137
556 2447 6136
555 2448 6135
554 2449 6134
553 2450 6133
552 2451 6132
551 2452 6131
550 2453 6130
549 2454 6129
548 2455 6128
547 2456 6127
546 2457 6126
545 2458 6125
544 2459 6124
543 2460 6123
542 2461 6122
541 2462 6121
540 2463 6120
539 2464 6119
538 2465 6118
537 2466 6117
536 2467 6116
535 2468 6115
534 2469 6114
533 2470 6113
532 2471 6112
531 2472 6111
530 2473 6110
529 2474 6109
528 2475 6108
527 2476 6107
526 2477 6106
525 2478 6105
524 2479 6104
523 2480 6103
522 2481 6102
521 2482 6101
520 2483 6100
519 2484 6099
518 2485 6098
517 2486 6097
516 2487 6096
515 2488 6095
514 2489 6094
513 2490 6093
512 2491 6092
511 2492 6091
510 2493 6090
509 2494 6089
508 2495 6088
507 2496 6087
506 2497 6086
505 2498 6085
504 2499 6084
503 2500 6083
502 2501 6082
501 2502 6081
500 2503 6080
499 2504 6079
498 2505 6078
497 2506 6077
496 2507 6076
495 2508 6075
494 2509 6074
493 2510 6073
492 2511 6072
491 2512 6071
490 2513 6070
489 2514 6069
488 2515 6068
487 2516 6067
486 2517 6066
485 2518 6065
484 2519 6064
483 2520 6063
482 2521 6062
481 2522 6061
480 2523 6060
479 2524 6059
478 2525 6058
477 2526 6057
476 2527 6056
475 2528 6055
474 2529 6054
473 2530 6053
472 2531 6052
471 2532 6051
470 2533 6050
469 2534 6049
468 2535 6048
467 2536 6047
466 2537 6046
465 2538 6045
464 2539 6044
463 2540 6043
462 2541 6042
461 2542 6041
460 2543 6040
459 2544 6039
458 2545 6038
457 2546 6037
456 2547 6036
455 2548 6035
454 2549 6034
453 2550 6033
452 2551 6032
451 2552 6031
450 2553 6030
449 2554 6029
448 2555 6028
447 2556 6027
446 2557 6026
445 2558 6025
444 2559 6024
443 2560 6023
442 2561 6022
441 2562 6021
440 2563 6020
439 2564 6019
438 2565 6018
437 2566 6017
436 2567 6016
435 2568 6015
434 2569 6014
433 2570 6013
432 2571 6012
431 2572 6011
430 2573 6010
429 2574 6009
428 2575 6008
427 2576 6007
426 2577 6006
425 2578 6005
424 2579 6004
423 2580 6003
422 2581 6002
421 2582 6001
