2218
3000 3 8218
2999 4 8217
2998 5 8216
2997 6 8215
2996 7 8214
2995 8 8213
2994 9 8212
2993 10 8211
2992 11 8210
2991 12 8209
2990 13 8208
2989 14 8207
2988 15 8206
2987 16 8205
2986 17 8204
2985 18 8203
2984 19 8202
2983 20 8201
2982 21 8200
2981 22 8199
2980 23 8198
2979 24 8197
2978 25 8196
2977 26 8195
2976 27 8194
2975 28 8193
2974 29 8192
2973 30 8191
2972 31 8190
2971 32 8189
2970 33 8188
2969 34 8187
2968 35 8186
2967 36 8185
2966 37 8184
2965 38 8183
2964 39 8182
2963 40 8181
2962 41 8180
2961 42 8179
2960 43 8178
2959 44 8177
2958 45 8176
2957 46 8175
2956 47 8174
2955 48 8173
2954 49 8172
2953 50 8171
2952 51 8170
2951 52 8169
2950 53 8168
2949 54 8167
2948 55 8166
2947 56 8165
2946 57 8164
2945 58 8163
2944 59 8162
2943 60 8161
2942 61 8160
2941 62 8159
2940 63 8158
2939 64 8157
2938 65 8156
2937 66 8155
2936 67 8154
2935 68 8153
2934 69 8152
2933 70 8151
2932 71 8150
2931 72 8149
2930 73 8148
2929 74 8147
2928 75 8146
2927 76 8145
2926 77 8144
2925 78 8143
2924 79 8142
2923 80 8141
2922 81 8140
2921 82 8139
2920 83 8138
2919 84 8137
2918 85 8136
2917 86 8135
2916 87 8134
2915 88 8133
2914 89 8132
2913 90 8131
2912 91 8130
2911 92 8129
2910 93 8128
2909 94 8127
2908 95 8126
2907 96 8125
2906 97 8124
2905 98 8123
2904 99 8122
2903 100 8121
2902 101 8120
2901 102 8119
2900 103 8118
2899 104 8117
2898 105 8116
2897 106 8115
2896 107 8114
2895 108 8113
2894 109 8112
2893 110 8111
2892 111 8110
2891 112 8109
2890 113 8108
2889 114 8107
2888 115 8106
2887 116 8105
2886 117 8104
2885 118 8103
2884 119 8102
2883 120 8101
2882 121 8100
2881 122 8099
2880 123 8098
2879 124 8097
2878 125 8096
2877 126 8095
2876 127 8094
2875 128 8093
2874 129 8092
2873 130 8091
2872 131 8090
2871 132 8089
2870 133 8088
2869 134 8087
2868 135 8086
2867 136 8085
2866 137 8084
2865 138 8083
2864 139 8082
2863 140 8081
2862 141 8080
2861 142 8079
2860 143 8078
2859 144 8077
2858 145 8076
2857 146 8075
2856 147 8074
2855 148 8073
2854 149 8072
2853 150 8071
2852 151 8070
2851 152 8069
2850 153 8068
2849 154 8067
2848 155 8066
2847 156 8065
2846 157 8064
2845 158 8063
2844 159 8062
2843 160 8061
2842 161 8060
2841 162 8059
2840 163 8058
2839 164 8057
2838 165 8056
2837 166 8055
2836 167 8054
2835 168 8053
2834 169 8052
2833 170 8051
2832 171 8050
2831 172 8049
2830 173 8048
2829 174 8047
2828 175 8046
2827 176 8045
2826 177 8044
2825 178 8043
2824 179 8042
2823 180 8041
2822 181 8040
2821 182 8039
2820 183 8038
2819 184 8037
2818 185 8036
2817 186 8035
2816 187 8034
2815 188 8033
2814 189 8032
2813 190 8031
2812 191 8030
2811 192 8029
2810 193 8028
2809 194 8027
2808 195 8026
2807 196 8025
2806 197 8024
2805 198 8023
2804 199 8022
2803 200 8021
2802 201 8020
2801 202 8019
2800 203 8018
2799 204 8017
2798 205 8016
2797 206 8015
2796 207 8014
2795 208 8013
2794 209 8012
2793 210 8011
2792 211 8010
2791 212 8009
2790 213 8008
2789 214 8007
2788 215 8006
2787 216 8005
2786 217 8004
2785 218 8003
2784 219 8002
2783 220 8001
2782 221 8000
2781 222 7999
2780 223 7998
2779 224 7997
2778 225 7996
2777 226 7995
2776 227 7994
2775 228 7993
2774 229 7992
2773 230 7991
2772 231 7990
2771 232 7989
2770 233 7988
2769 234 7987
2768 235 7986
2767 236 7985
2766 237 7984
2765 238 7983
2764 239 7982
2763 240 7981
2762 241 7980
2761 242 7979
2760 243 7978
2759 244 7977
2758 245 7976
2757 246 7975
2756 247 7974
2755 248 7973
2754 249 7972
2753 250 7971
2752 251 7970
2751 252 7969
2750 253 7968
2749 254 7967
2748 255 7966
2747 256 7965
2746 257 7964
2745 258 7963
2744 259 7962
2743 260 7961
2742 261 7960
2741 262 7959
2740 263 7958
2739 264 7957
2738 265 7956
2737 266 7955
2736 267 7954
2735 268 7953
2734 269 7952
2733 270 7951
2732 271 7950
2731 272 7949
2730 273 7948
2729 274 7947
2728 275 7946
2727 276 7945
2726 277 7944
2725 278 7943
2724 279 7942
2723 280 7941
2722 281 7940
2721 282 7939
2720 283 7938
2719 284 7937
2718 285 7936
2717 286 7935
2716 287 7934
2715 288 7933
2714 289 7932
2713 290 7931
2712 291 7930
2711 292 7929
2710 293 7928
2709 294 7927
2708 295 7926
2707 296 7925
2706 297 7924
2705 298 7923
2704 299 7922
2703 300 7921
2702 301 7920
2701 302 7919
2700 303 7918
2699 304 7917
2698 305 7916
2697 306 7915
2696 307 7914
2695 308 7913
2694 309 7912
2693 310 7911
2692 311 7910
2691 312 7909
2690 313 7908
2689 314 7907
2688 315 7906
2687 316 7905
2686 317 7904
2685 318 7903
2684 319 7902
2683 320 7901
2682 321 7900
2681 322 7899
2680 323 7898
2679 324 7897
2678 325 7896
2677 326 7895
2676 327 7894
2675 328 7893
2674 329 7892
2673 330 7891
2672 331 7890
2671 332 7889
2670 333 7888
2669 334 7887
2668 335 7886
2667 336 7885
2666 337 7884
2665 338 7883
2664 339 7882
2663 340 7881
2662 341 7880
2661 342 7879
2660 343 7878
2659 344 7877
2658 345 7876
2657 346 7875
2656 347 7874
2655 348 7873
2654 349 7872
2653 350 7871
2652 351 7870
2651 352 7869
2650 353 7868
2649 354 7867
2648 355 7866
2647 356 7865
2646 357 7864
2645 358 7863
2644 359 7862
2643 360 7861
2642 361 7860
2641 362 7859
2640 363 7858
2639 364 7857
2638 365 7856
2637 366 7855
2636 367 7854
2635 368 7853
2634 369 7852
2633 370 7851
2632 371 7850
2631 372 7849
2630 373 7848
2629 374 7847
2628 375 7846
2627 376 7845
2626 377 7844
2625 378 7843
2624 379 7842
2623 380 7841
2622 381 7840
2621 382 7839
2620 383 7838
2619 384 7837
2618 385 7836
2617 386 7835
2616 387 7834
2615 388 7833
2614 389 7832
2613 390 7831
2612 391 7830
2611 392 7829
2610 393 7828
2609 394 7827
2608 395 7826
2607 396 7825
2606 397 7824
2605 398 7823
2604 399 7822
2603 400 7821
2602 401 7820
2601 402 7819
2600 403 7818
2599 404 7817
2598 405 7816
2597 406 7815
2596 407 7814
2595 408 7813
2594 409 7812
2593 410 7811
2592 411 7810
2591 412 7809
2590 413 7808
2589 414 7807
2588 415 7806
2587 416 7805
2586 417 7804
2585 418 7803
2584 419 7802
2583 420 7801
2582 421 7800
2581 422 7799
2580 423 7798
2579 424 7797
2578 425 7796
2577 426 7795
2576 427 7794
2575 428 7793
2574 429 7792
2573 430 7791
2572 431 7790
2571 432 7789
2570 433 7788
2569 434 7787
2568 435 7786
2567 436 7785
2566 437 7784
2565 438 7783
2564 439 7782
2563 440 7781
2562 441 7780
2561 442 7779
2560 443 7778
2559 444 7777
2558 445 7776
2557 446 7775
2556 447 7774
2555 448 7773
2554 449 7772
2553 450 7771
2552 451 7770
2551 452 7769
2550 453 7768
2549 454 7767
2548 455 7766
2547 456 7765
2546 457 7764
2545 458 7763
2544 459 7762
2543 460 7761
2542 461 7760
2541 462 7759
2540 463 7758
2539 464 7757
2538 465 7756
2537 466 7755
2536 467 7754
2535 468 7753
2534 469 7752
2533 470 7751
2532 471 7750
2531 472 7749
2530 473 7748
2529 474 7747
2528 475 7746
2527 476 7745
2526 477 7744
2525 478 7743
2524 479 7742
2523 480 7741
2522 481 7740
2521 482 7739
2520 483 7738
2519 484 7737
2518 485 7736
2517 486 7735
2516 487 7734
2515 488 7733
2514 489 7732
2513 490 7731
2512 491 7730
2511 492 7729
2510 493 7728
2509 494 7727
2508 495 7726
2507 496 7725
2506 497 7724
2505 498 7723
2504 499 7722
2503 500 7721
2502 501 7720
2501 502 7719
2500 503 7718
2499 504 7717
2498 505 7716
2497 506 7715
2496 507 7714
2495 508 7713
2494 509 7712
2493 510 7711
2492 511 7710
2491 512 7709
2490 513 7708
2489 514 7707
2488 515 7706
2487 516 7705
2486 517 7704
2485 518 7703
2484 519 7702
2483 520 7701
2482 521 7700
2481 522 7699
2480 523 7698
2479 524 7697
2478 525 7696
2477 526 7695
2476 527 7694
2475 528 7693
2474 529 7692
2473 530 7691
2472 531 7690
2471 532 7689
2470 533 7688
2469 534 7687
2468 535 7686
2467 536 7685
2466 537 7684
2465 538 7683
2464 539 7682
2463 540 7681
2462 541 7680
2461 542 7679
2460 543 7678
2459 544 7677
2458 545 7676
2457 546 7675
2456 547 7674
2455 548 7673
2454 549 7672
2453 550 7671
2452 551 7670
2451 552 7669
2450 553 7668
2449 554 7667
2448 555 7666
2447 556 7665
2446 557 7664
2445 558 7663
2444 559 7662
2443 560 7661
2442 561 7660
2441 562 7659
2440 563 7658
2439 564 7657
2438 565 7656
2437 566 7655
2436 567 7654
2435 568 7653
2434 569 7652
2433 570 7651
2432 571 7650
2431 572 7649
2430 573 7648
2429 574 7647
2428 575 7646
2427 576 7645
2426 577 7644
2425 578 7643
2424 579 7642
2423 580 7641
2422 581 7640
2421 582 7639
2420 583 7638
2419 584 7637
2418 585 7636
2417 586 7635
2416 587 7634
2415 588 7633
2414 589 7632
2413 590 7631
2412 591 7630
2411 592 7629
2410 593 7628
2409 594 7627
2408 595 7626
2407 596 7625
2406 597 7624
2405 598 7623
2404 599 7622
2403 600 7621
2402 601 7620
2401 602 7619
2400 603 7618
2399 604 7617
2398 605 7616
2397 606 7615
2396 607 7614
2395 608 7613
2394 609 7612
2393 610 7611
2392 611 7610
2391 612 7609
2390 613 7608
2389 614 7607
2388 615 7606
2387 616 7605
2386 617 7604
2385 618 7603
2384 619 7602
2383 620 7601
2382 621 7600
2381 622 7599
2380 623 7598
2379 624 7597
2378 625 7596
2377 626 7595
2376 627 7594
2375 628 7593
2374 629 7592
2373 630 7591
2372 631 7590
2371 632 7589
2370 633 7588
2369 634 7587
2368 635 7586
2367 636 7585
2366 637 7584
2365 638 7583
2364 639 7582
2363 640 7581
2362 641 7580
2361 642 7579
2360 643 7578
2359 644 7577
2358 645 7576
2357 646 7575
2356 647 7574
2355 648 7573
2354 649 7572
2353 650 7571
2352 651 7570
2351 652 7569
2350 653 7568
2349 654 7567
2348 655 7566
2347 656 7565
2346 657 7564
2345 658 7563
2344 659 7562
2343 660 7561
2342 661 7560
2341 662 7559
2340 663 7558
2339 664 7557
2338 665 7556
2337 666 7555
2336 667 7554
2335 668 7553
2334 669 7552
2333 670 7551
2332 671 7550
2331 672 7549
2330 673 7548
2329 674 7547
2328 675 7546
2327 676 7545
2326 677 7544
2325 678 7543
2324 679 7542
2323 680 7541
2322 681 7540
2321 682 7539
2320 683 7538
2319 684 7537
2318 685 7536
2317 686 7535
2316 687 7534
2315 688 7533
2314 689 7532
2313 690 7531
2312 691 7530
2311 692 7529
2310 693 7528
2309 694 7527
2308 695 7526
2307 696 7525
2306 697 7524
2305 698 7523
2304 699 7522
2303 700 7521
2302 701 7520
2301 702 7519
2300 703 7518
2299 704 7517
2298 705 7516
2297 706 7515
2296 707 7514
2295 708 7513
2294 709 7512
2293 710 7511
2292 711 7510
2291 712 7509
2290 713 7508
2289 714 7507
2288 715 7506
2287 716 7505
2286 717 7504
2285 718 7503
2284 719 7502
2283 720 7501
2282 721 7500
2281 722 7499
2280 723 7498
2279 724 7497
2278 725 7496
2277 726 7495
2276 727 7494
2275 728 7493
2274 729 7492
2273 730 7491
2272 731 7490
2271 732 7489
2270 733 7488
2269 734 7487
2268 735 7486
2267 736 7485
2266 737 7484
2265 738 7483
2264 739 7482
2263 740 7481
2262 741 7480
2261 742 7479
2260 743 7478
2259 744 7477
2258 745 7476
2257 746 7475
2256 747 7474
2255 748 7473
2254 749 7472
2253 750 7471
2252 751 7470
2251 752 7469
2250 753 7468
2249 754 7467
2248 755 7466
2247 756 7465
2246 757 7464
2245 758 7463
2244 759 7462
2243 760 7461
2242 761 7460
2241 762 7459
2240 763 7458
2239 764 7457
2238 765 7456
2237 766 7455
2236 767 7454
2235 768 7453
2234 769 7452
2233 770 7451
2232 771 7450
2231 772 7449
2230 773 7448
2229 774 7447
2228 775 7446
2227 776 7445
2226 777 7444
2225 778 7443
2224 779 7442
2223 780 7441
2222 781 7440
2221 782 7439
2220 783 7438
2219 784 7437
2218 785 7436
2217 786 7435
2216 787 7434
2215 788 7433
2214 789 7432
2213 790 7431
2212 791 7430
2211 792 7429
2210 793 7428
2209 794 7427
2208 795 7426
2207 796 7425
2206 797 7424
2205 798 7423
2204 799 7422
2203 800 7421
2202 801 7420
2201 802 7419
2200 803 7418
2199 804 7417
2198 805 7416
2197 806 7415
2196 807 7414
2195 808 7413
2194 809 7412
2193 810 7411
2192 811 7410
2191 812 7409
2190 813 7408
2189 814 7407
2188 815 7406
2187 816 7405
2186 817 7404
2185 818 7403
2184 819 7402
2183 820 7401
2182 821 7400
2181 822 7399
2180 823 7398
2179 824 7397
2178 825 7396
2177 826 7395
2176 827 7394
2175 828 7393
2174 829 7392
2173 830 7391
2172 831 7390
2171 832 7389
2170 833 7388
2169 834 7387
2168 835 7386
2167 836 7385
2166 837 7384
2165 838 7383
2164 839 7382
2163 840 7381
2162 841 7380
2161 842 7379
2160 843 7378
2159 844 7377
2158 845 7376
2157 846 7375
2156 847 7374
2155 848 7373
2154 849 7372
2153 850 7371
2152 851 7370
2151 852 7369
2150 853 7368
2149 854 7367
2148 855 7366
2147 856 7365
2146 857 7364
2145 858 7363
2144 859 7362
2143 860 7361
2142 861 7360
2141 862 7359
2140 863 7358
2139 864 7357
2138 865 7356
2137 866 7355
2136 867 7354
2135 868 7353
2134 869 7352
2133 870 7351
2132 871 7350
2131 872 7349
2130 873 7348
2129 874 7347
2128 875 7346
2127 876 7345
2126 877 7344
2125 878 7343
2124 879 7342
2123 880 7341
2122 881 7340
2121 882 7339
2120 883 7338
2119 884 7337
2118 885 7336
2117 886 7335
2116 887 7334
2115 888 7333
2114 889 7332
2113 890 7331
2112 891 7330
2111 892 7329
2110 893 7328
2109 894 7327
2108 895 7326
2107 896 7325
2106 897 7324
2105 898 7323
2104 899 7322
2103 900 7321
2102 901 7320
2101 902 7319
2100 903 7318
2099 904 7317
2098 905 7316
2097 906 7315
2096 907 7314
2095 908 7313
2094 909 7312
2093 910 7311
2092 911 7310
2091 912 7309
2090 913 7308
2089 914 7307
2088 915 7306
2087 916 7305
2086 917 7304
2085 918 7303
2084 919 7302
2083 920 7301
2082 921 7300
2081 922 7299
2080 923 7298
2079 924 7297
2078 925 7296
2077 926 7295
2076 927 7294
2075 928 7293
2074 929 7292
2073 930 7291
2072 931 7290
2071 932 7289
2070 933 7288
2069 934 7287
2068 935 7286
2067 936 7285
2066 937 7284
2065 938 7283
2064 939 7282
2063 940 7281
2062 941 7280
2061 942 7279
2060 943 7278
2059 944 7277
2058 945 7276
2057 946 7275
2056 947 7274
2055 948 7273
2054 949 7272
2053 950 7271
2052 951 7270
2051 952 7269
2050 953 7268
2049 954 7267
2048 955 7266
2047 956 7265
2046 957 7264
2045 958 7263
2044 959 7262
2043 960 7261
2042 961 7260
2041 962 7259
2040 963 7258
2039 964 7257
2038 965 7256
2037 966 7255
2036 967 7254
2035 968 7253
2034 969 7252
2033 970 7251
2032 971 7250
2031 972 7249
2030 973 7248
2029 974 7247
2028 975 7246
2027 976 7245
2026 977 7244
2025 978 7243
2024 979 7242
2023 980 7241
2022 981 7240
2021 982 7239
2020 983 7238
2019 984 7237
2018 985 7236
2017 986 7235
2016 987 7234
2015 988 7233
2014 989 7232
2013 990 7231
2012 991 7230
2011 992 7229
2010 993 7228
2009 994 7227
2008 995 7226
2007 996 7225
2006 997 7224
2005 998 7223
2004 999 7222
2003 1000 7221
2002 1001 7220
2001 1002 7219
2000 1003 7218
1999 1004 7217
1998 1005 7216
1997 1006 7215
1996 1007 7214
1995 1008 7213
1994 1009 7212
1993 1010 7211
1992 1011 7210
1991 1012 7209
1990 1013 7208
1989 1014 7207
1988 1015 7206
1987 1016 7205
1986 1017 7204
1985 1018 7203
1984 1019 7202
1983 1020 7201
1982 1021 7200
1981 1022 7199
1980 1023 7198
1979 1024 7197
1978 1025 7196
1977 1026 7195
1976 1027 7194
1975 1028 7193
1974 1029 7192
1973 1030 7191
1972 1031 7190
1971 1032 7189
1970 1033 7188
1969 1034 7187
1968 1035 7186
1967 1036 7185
1966 1037 7184
1965 1038 7183
1964 1039 7182
1963 1040 7181
1962 1041 7180
1961 1042 7179
1960 1043 7178
1959 1044 7177
1958 1045 7176
1957 1046 7175
1956 1047 7174
1955 1048 7173
1954 1049 7172
1953 1050 7171
1952 1051 7170
1951 1052 7169
1950 1053 7168
1949 1054 7167
1948 1055 7166
1947 1056 7165
1946 1057 7164
1945 1058 7163
1944 1059 7162
1943 1060 7161
1942 1061 7160
1941 1062 7159
1940 1063 7158
1939 1064 7157
1938 1065 7156
1937 1066 7155
1936 1067 7154
1935 1068 7153
1934 1069 7152
1933 1070 7151
1932 1071 7150
1931 1072 7149
1930 1073 7148
1929 1074 7147
1928 1075 7146
1927 1076 7145
1926 1077 7144
1925 1078 7143
1924 1079 7142
1923 1080 7141
1922 1081 7140
1921 1082 7139
1920 1083 7138
1919 1084 7137
1918 1085 7136
1917 1086 7135
1916 1087 7134
1915 1088 7133
1914 1089 7132
1913 1090 7131
1912 1091 7130
1911 1092 7129
1910 1093 7128
1909 1094 7127
1908 1095 7126
1907 1096 7125
1906 1097 7124
1905 1098 7123
1904 1099 7122
1903 1100 7121
1902 1101 7120
1901 1102 7119
1900 1103 7118
1899 1104 7117
1898 1105 7116
1897 1106 7115
1896 1107 7114
1895 1108 7113
1894 1109 7112
1893 1110 7111
1892 1111 7110
1891 1112 7109
1890 1113 7108
1889 1114 7107
1888 1115 7106
1887 1116 7105
1886 1117 7104
1885 1118 7103
1884 1119 7102
1883 1120 7101
1882 1121 7100
1881 1122 7099
1880 1123 7098
1879 1124 7097
1878 1125 7096
1877 1126 7095
1876 1127 7094
1875 1128 7093
1874 1129 7092
1873 1130 7091
1872 1131 7090
1871 1132 7089
1870 1133 7088
1869 1134 7087
1868 1135 7086
1867 1136 7085
1866 1137 7084
1865 1138 7083
1864 1139 7082
1863 1140 7081
1862 1141 7080
1861 1142 7079
1860 1143 7078
1859 1144 7077
1858 1145 7076
1857 1146 7075
1856 1147 7074
1855 1148 7073
1854 1149 7072
1853 1150 7071
1852 1151 7070
1851 1152 7069
1850 1153 7068
1849 1154 7067
1848 1155 7066
1847 1156 7065
1846 1157 7064
1845 1158 7063
1844 1159 7062
1843 1160 7061
1842 1161 7060
1841 1162 7059
1840 1163 7058
1839 1164 7057
1838 1165 7056
1837 1166 7055
1836 1167 7054
1835 1168 7053
1834 1169 7052
1833 1170 7051
1832 1171 7050
1831 1172 7049
1830 1173 7048
1829 1174 7047
1828 1175 7046
1827 1176 7045
1826 1177 7044
1825 1178 7043
1824 1179 7042
1823 1180 7041
1822 1181 7040
1821 1182 7039
1820 1183 7038
1819 1184 7037
1818 1185 7036
1817 1186 7035
1816 1187 7034
1815 1188 7033
1814 1189 7032
1813 1190 7031
1812 1191 7030
1811 1192 7029
1810 1193 7028
1809 1194 7027
1808 1195 7026
1807 1196 7025
1806 1197 7024
1805 1198 7023
1804 1199 7022
1803 1200 7021
1802 1201 7020
1801 1202 7019
1800 1203 7018
1799 1204 7017
1798 1205 7016
1797 1206 7015
1796 1207 7014
1795 1208 7013
1794 1209 7012
1793 1210 7011
1792 1211 7010
1791 1212 7009
1790 1213 7008
1789 1214 7007
1788 1215 7006
1787 1216 7005
1786 1217 7004
1785 1218 7003
1784 1219 7002
1783 1220 7001
1782 1221 7000
1781 1222 6999
1780 1223 6998
1779 1224 6997
1778 1225 6996
1777 1226 6995
1776 1227 6994
1775 1228 6993
1774 1229 6992
1773 1230 6991
1772 1231 6990
1771 1232 6989
1770 1233 6988
1769 1234 6987
1768 1235 6986
1767 1236 6985
1766 1237 6984
1765 1238 6983
1764 1239 6982
1763 1240 6981
1762 1241 6980
1761 1242 6979
1760 1243 6978
1759 1244 6977
1758 1245 6976
1757 1246 6975
1756 1247 6974
1755 1248 6973
1754 1249 6972
1753 1250 6971
1752 1251 6970
1751 1252 6969
1750 1253 6968
1749 1254 6967
1748 1255 6966
1747 1256 6965
1746 1257 6964
1745 1258 6963
1744 1259 6962
1743 1260 6961
1742 1261 6960
1741 1262 6959
1740 1263 6958
1739 1264 6957
1738 1265 6956
1737 1266 6955
1736 1267 6954
1735 1268 6953
1734 1269 6952
1733 1270 6951
1732 1271 6950
1731 1272 6949
1730 1273 6948
1729 1274 6947
1728 1275 6946
1727 1276 6945
1726 1277 6944
1725 1278 6943
1724 1279 6942
1723 1280 6941
1722 1281 6940
1721 1282 6939
1720 1283 6938
1719 1284 6937
1718 1285 6936
1717 1286 6935
1716 1287 6934
1715 1288 6933
1714 1289 6932
1713 1290 6931
1712 1291 6930
1711 1292 6929
1710 1293 6928
1709 1294 6927
1708 1295 6926
1707 1296 6925
1706 1297 6924
1705 1298 6923
1704 1299 6922
1703 1300 6921
1702 1301 6920
1701 1302 6919
1700 1303 6918
1699 1304 6917
1698 1305 6916
1697 1306 6915
1696 1307 6914
1695 1308 6913
1694 1309 6912
1693 1310 6911
1692 1311 6910
1691 1312 6909
1690 1313 6908
1689 1314 6907
1688 1315 6906
1687 1316 6905
1686 1317 6904
1685 1318 6903
1684 1319 6902
1683 1320 6901
1682 1321 6900
1681 1322 6899
1680 1323 6898
1679 1324 6897
1678 1325 6896
1677 1326 6895
1676 1327 6894
1675 1328 6893
1674 1329 6892
1673 1330 6891
1672 1331 6890
1671 1332 6889
1670 1333 6888
1669 1334 6887
1668 1335 6886
1667 1336 6885
1666 1337 6884
1665 1338 6883
1664 1339 6882
1663 1340 6881
1662 1341 6880
1661 1342 6879
1660 1343 6878
1659 1344 6877
1658 1345 6876
1657 1346 6875
1656 1347 6874
1655 1348 6873
1654 1349 6872
1653 1350 6871
1652 1351 6870
1651 1352 6869
1650 1353 6868
1649 1354 6867
1648 1355 6866
1647 1356 6865
1646 1357 6864
1645 1358 6863
1644 1359 6862
1643 1360 6861
1642 1361 6860
1641 1362 6859
1640 1363 6858
1639 1364 6857
1638 1365 6856
1637 1366 6855
1636 1367 6854
1635 1368 6853
1634 1369 6852
1633 1370 6851
1632 1371 6850
1631 1372 6849
1630 1373 6848
1629 1374 6847
1628 1375 6846
1627 1376 6845
1626 1377 6844
1625 1378 6843
1624 1379 6842
1623 1380 6841
1622 1381 6840
1621 1382 6839
1620 1383 6838
1619 1384 6837
1618 1385 6836
1617 1386 6835
1616 1387 6834
1615 1388 6833
1614 1389 6832
1613 1390 6831
1612 1391 6830
1611 1392 6829
1610 1393 6828
1609 1394 6827
1608 1395 6826
1607 1396 6825
1606 1397 6824
1605 1398 6823
1604 1399 6822
1603 1400 6821
1602 1401 6820
1601 1402 6819
1600 1403 6818
1599 1404 6817
1598 1405 6816
1597 1406 6815
1596 1407 6814
1595 1408 6813
1594 1409 6812
1593 1410 6811
1592 1411 6810
1591 1412 6809
1590 1413 6808
1589 1414 6807
1588 1415 6806
1587 1416 6805
1586 1417 6804
1585 1418 6803
1584 1419 6802
1583 1420 6801
1582 1421 6800
1581 1422 6799
1580 1423 6798
1579 1424 6797
1578 1425 6796
1577 1426 6795
1576 1427 6794
1575 1428 6793
1574 1429 6792
1573 1430 6791
1572 1431 6790
1571 1432 6789
1570 1433 6788
1569 1434 6787
1568 1435 6786
1567 1436 6785
1566 1437 6784
1565 1438 6783
1564 1439 6782
1563 1440 6781
1562 1441 6780
1561 1442 6779
1560 1443 6778
1559 1444 6777
1558 1445 6776
1557 1446 6775
1556 1447 6774
1555 1448 6773
1554 1449 6772
1553 1450 6771
1552 1451 6770
1551 1452 6769
1550 1453 6768
1549 1454 6767
1548 1455 6766
1547 1456 6765
1546 1457 6764
1545 1458 6763
1544 1459 6762
1543 1460 6761
1542 1461 6760
1541 1462 6759
1540 1463 6758
1539 1464 6757
1538 1465 6756
1537 1466 6755
1536 1467 6754
1535 1468 6753
1534 1469 6752
1533 1470 6751
1532 1471 6750
1531 1472 6749
1530 1473 6748
1529 1474 6747
1528 1475 6746
1527 1476 6745
1526 1477 6744
1525 1478 6743
1524 1479 6742
1523 1480 6741
1522 1481 6740
1521 1482 6739
1520 1483 6738
1519 1484 6737
1518 1485 6736
1517 1486 6735
1516 1487 6734
1515 1488 6733
1514 1489 6732
1513 1490 6731
1512 1491 6730
1511 1492 6729
1510 1493 6728
1509 1494 6727
1508 1495 6726
1507 1496 6725
1506 1497 6724
1505 1498 6723
1504 1499 6722
1503 1500 6721
1502 1501 6720
1501 1502 6719
1500 1503 6718
1499 1504 6717
1498 1505 6716
1497 1506 6715
1496 1507 6714
1495 1508 6713
1494 1509 6712
1493 1510 6711
1492 1511 6710
1491 1512 6709
1490 1513 6708
1489 1514 6707
1488 1515 6706
1487 1516 6705
1486 1517 6704
1485 1518 6703
1484 1519 6702
1483 1520 6701
1482 1521 6700
1481 1522 6699
1480 1523 6698
1479 1524 6697
1478 1525 6696
1477 1526 6695
1476 1527 6694
1475 1528 6693
1474 1529 6692
1473 1530 6691
1472 1531 6690
1471 1532 6689
1470 1533 6688
1469 1534 6687
1468 1535 6686
1467 1536 6685
1466 1537 6684
1465 1538 6683
1464 1539 6682
1463 1540 6681
1462 1541 6680
1461 1542 6679
1460 1543 6678
1459 1544 6677
1458 1545 6676
1457 1546 6675
1456 1547 6674
1455 1548 6673
1454 1549 6672
1453 1550 6671
1452 1551 6670
1451 1552 6669
1450 1553 6668
1449 1554 6667
1448 1555 6666
1447 1556 6665
1446 1557 6664
1445 1558 6663
1444 1559 6662
1443 1560 6661
1442 1561 6660
1441 1562 6659
1440 1563 6658
1439 1564 6657
1438 1565 6656
1437 1566 6655
1436 1567 6654
1435 1568 6653
1434 1569 6652
1433 1570 6651
1432 1571 6650
1431 1572 6649
1430 1573 6648
1429 1574 6647
1428 1575 6646
1427 1576 6645
1426 1577 6644
1425 1578 6643
1424 1579 6642
1423 1580 6641
1422 1581 6640
1421 1582 6639
1420 1583 6638
1419 1584 6637
1418 1585 6636
1417 1586 6635
1416 1587 6634
1415 1588 6633
1414 1589 6632
1413 1590 6631
1412 1591 6630
1411 1592 6629
1410 1593 6628
1409 1594 6627
1408 1595 6626
1407 1596 6625
1406 1597 6624
1405 1598 6623
1404 1599 6622
1403 1600 6621
1402 1601 6620
1401 1602 6619
1400 1603 6618
1399 1604 6617
1398 1605 6616
1397 1606 6615
1396 1607 6614
1395 1608 6613
1394 1609 6612
1393 1610 6611
1392 1611 6610
1391 1612 6609
1390 1613 6608
1389 1614 6607
1388 1615 6606
1387 1616 6605
1386 1617 6604
1385 1618 6603
1384 1619 6602
1383 1620 6601
1382 1621 6600
1381 1622 6599
1380 1623 6598
1379 1624 6597
1378 1625 6596
1377 1626 6595
1376 1627 6594
1375 1628 6593
1374 1629 6592
1373 1630 6591
1372 1631 6590
1371 1632 6589
1370 1633 6588
1369 1634 6587
1368 1635 6586
1367 1636 6585
1366 1637 6584
1365 1638 6583
1364 1639 6582
1363 1640 6581
1362 1641 6580
1361 1642 6579
1360 1643 6578
1359 1644 6577
1358 1645 6576
1357 1646 6575
1356 1647 6574
1355 1648 6573
1354 1649 6572
1353 1650 6571
1352 1651 6570
1351 1652 6569
1350 1653 6568
1349 1654 6567
1348 1655 6566
1347 1656 6565
1346 1657 6564
1345 1658 6563
1344 1659 6562
1343 1660 6561
1342 1661 6560
1341 1662 6559
1340 1663 6558
1339 1664 6557
1338 1665 6556
1337 1666 6555
1336 1667 6554
1335 1668 6553
1334 1669 6552
1333 1670 6551
1332 1671 6550
1331 1672 6549
1330 1673 6548
1329 1674 6547
1328 1675 6546
1327 1676 6545
1326 1677 6544
1325 1678 6543
1324 1679 6542
1323 1680 6541
1322 1681 6540
1321 1682 6539
1320 1683 6538
1319 1684 6537
1318 1685 6536
1317 1686 6535
1316 1687 6534
1315 1688 6533
1314 1689 6532
1313 1690 6531
1312 1691 6530
1311 1692 6529
1310 1693 6528
1309 1694 6527
1308 1695 6526
1307 1696 6525
1306 1697 6524
1305 1698 6523
1304 1699 6522
1303 1700 6521
1302 1701 6520
1301 1702 6519
1300 1703 6518
1299 1704 6517
1298 1705 6516
1297 1706 6515
1296 1707 6514
1295 1708 6513
1294 1709 6512
1293 1710 6511
1292 1711 6510
1291 1712 6509
1290 1713 6508
1289 1714 6507
1288 1715 6506
1287 1716 6505
1286 1717 6504
1285 1718 6503
1284 1719 6502
1283 1720 6501
1282 1721 6500
1281 1722 6499
1280 1723 6498
1279 1724 6497
1278 1725 6496
1277 1726 6495
1276 1727 6494
1275 1728 6493
1274 1729 6492
1273 1730 6491
1272 1731 6490
1271 1732 6489
1270 1733 6488
1269 1734 6487
1268 1735 6486
1267 1736 6485
1266 1737 6484
1265 1738 6483
1264 1739 6482
1263 1740 6481
1262 1741 6480
1261 1742 6479
1260 1743 6478
1259 1744 6477
1258 1745 6476
1257 1746 6475
1256 1747 6474
1255 1748 6473
1254 1749 6472
1253 1750 6471
1252 1751 6470
1251 1752 6469
1250 1753 6468
1249 1754 6467
1248 1755 6466
1247 1756 6465
1246 1757 6464
1245 1758 6463
1244 1759 6462
1243 1760 6461
1242 1761 6460
1241 1762 6459
1240 1763 6458
1239 1764 6457
1238 1765 6456
1237 1766 6455
1236 1767 6454
1235 1768 6453
1234 1769 6452
1233 1770 6451
1232 1771 6450
1231 1772 6449
1230 1773 6448
1229 1774 6447
1228 1775 6446
1227 1776 6445
1226 1777 6444
1225 1778 6443
1224 1779 6442
1223 1780 6441
1222 1781 6440
1221 1782 6439
1220 1783 6438
1219 1784 6437
1218 1785 6436
1217 1786 6435
1216 1787 6434
1215 1788 6433
1214 1789 6432
1213 1790 6431
1212 1791 6430
1211 1792 6429
1210 1793 6428
1209 1794 6427
1208 1795 6426
1207 1796 6425
1206 1797 6424
1205 1798 6423
1204 1799 6422
1203 1800 6421
1202 1801 6420
1201 1802 6419
1200 1803 6418
1199 1804 6417
1198 1805 6416
1197 1806 6415
1196 1807 6414
1195 1808 6413
1194 1809 6412
1193 1810 6411
1192 1811 6410
1191 1812 6409
1190 1813 6408
1189 1814 6407
1188 1815 6406
1187 1816 6405
1186 1817 6404
1185 1818 6403
1184 1819 6402
1183 1820 6401
1182 1821 6400
1181 1822 6399
1180 1823 6398
1179 1824 6397
1178 1825 6396
1177 1826 6395
1176 1827 6394
1175 1828 6393
1174 1829 6392
1173 1830 6391
1172 1831 6390
1171 1832 6389
1170 1833 6388
1169 1834 6387
1168 1835 6386
1167 1836 6385
1166 1837 6384
1165 1838 6383
1164 1839 6382
1163 1840 6381
1162 1841 6380
1161 1842 6379
1160 1843 6378
1159 1844 6377
1158 1845 6376
1157 1846 6375
1156 1847 6374
1155 1848 6373
1154 1849 6372
1153 1850 6371
1152 1851 6370
1151 1852 6369
1150 1853 6368
1149 1854 6367
1148 1855 6366
1147 1856 6365
1146 1857 6364
1145 1858 6363
1144 1859 6362
1143 1860 6361
1142 1861 6360
1141 1862 6359
1140 1863 6358
1139 1864 6357
1138 1865 6356
1137 1866 6355
1136 1867 6354
1135 1868 6353
1134 1869 6352
1133 1870 6351
1132 1871 6350
1131 1872 6349
1130 1873 6348
1129 1874 6347
1128 1875 6346
1127 1876 6345
1126 1877 6344
1125 1878 6343
1124 1879 6342
1123 1880 6341
1122 1881 6340
1121 1882 6339
1120 1883 6338
1119 1884 6337
1118 1885 6336
1117 1886 6335
1116 1887 6334
1115 1888 6333
1114 1889 6332
1113 1890 6331
1112 1891 6330
1111 1892 6329
1110 1893 6328
1109 1894 6327
1108 1895 6326
1107 1896 6325
1106 1897 6324
1105 1898 6323
1104 1899 6322
1103 1900 6321
1102 1901 6320
1101 1902 6319
1100 1903 6318
1099 1904 6317
1098 1905 6316
1097 1906 6315
1096 1907 6314
1095 1908 6313
1094 1909 6312
1093 1910 6311
1092 1911 6310
1091 1912 6309
1090 1913 6308
1089 1914 6307
1088 1915 6306
1087 1916 6305
1086 1917 6304
1085 1918 6303
1084 1919 6302
1083 1920 6301
1082 1921 6300
1081 1922 6299
1080 1923 6298
1079 1924 6297
1078 1925 6296
1077 1926 6295
1076 1927 6294
1075 1928 6293
1074 1929 6292
1073 1930 6291
1072 1931 6290
1071 1932 6289
1070 1933 6288
1069 1934 6287
1068 1935 6286
1067 1936 6285
1066 1937 6284
1065 1938 6283
1064 1939 6282
1063 1940 6281
1062 1941 6280
1061 1942 6279
1060 1943 6278
1059 1944 6277
1058 1945 6276
1057 1946 6275
1056 1947 6274
1055 1948 6273
1054 1949 6272
1053 1950 6271
1052 1951 6270
1051 1952 6269
1050 1953 6268
1049 1954 6267
1048 1955 6266
1047 1956 6265
1046 1957 6264
1045 1958 6263
1044 1959 6262
1043 1960 6261
1042 1961 6260
1041 1962 6259
1040 1963 6258
1039 1964 6257
1038 1965 6256
1037 1966 6255
1036 1967 6254
1035 1968 6253
1034 1969 6252
1033 1970 6251
1032 1971 6250
1031 1972 6249
1030 1973 6248
1029 1974 6247
1028 1975 6246
1027 1976 6245
1026 1977 6244
1025 1978 6243
1024 1979 6242
1023 1980 6241
1022 1981 6240
1021 1982 6239
1020 1983 6238
1019 1984 6237
1018 1985 6236
1017 1986 6235
1016 1987 6234
1015 1988 6233
1014 1989 6232
1013 1990 6231
1012 1991 6230
1011 1992 6229
1010 1993 6228
1009 1994 6227
1008 1995 6226
1007 1996 6225
1006 1997 6224
1005 1998 6223
1004 1999 6222
1003 2000 6221
1002 2001 6220
1001 2002 6219
1000 2003 6218
999 2004 6217
998 2005 6216
997 2006 6215
996 2007 6214
995 2008 6213
994 2009 6212
993 2010 6211
992 2011 6210
991 2012 6209
990 2013 6208
989 2014 6207
988 2015 6206
987 2016 6205
986 2017 6204
985 2018 6203
984 2019 6202
983 2020 6201
982 2021 6200
981 2022 6199
980 2023 6198
979 2024 6197
978 2025 6196
977 2026 6195
976 2027 6194
975 2028 6193
974 2029 6192
973 2030 6191
972 2031 6190
971 2032 6189
970 2033 6188
969 2034 6187
968 2035 6186
967 2036 6185
966 2037 6184
965 2038 6183
964 2039 6182
963 2040 6181
962 2041 6180
961 2042 6179
960 2043 6178
959 2044 6177
958 2045 6176
957 2046 6175
956 2047 6174
955 2048 6173
954 2049 6172
953 2050 6171
952 2051 6170
951 2052 6169
950 2053 6168
949 2054 6167
948 2055 6166
947 2056 6165
946 2057 6164
945 2058 6163
944 2059 6162
943 2060 6161
942 2061 6160
941 2062 6159
940 2063 6158
939 2064 6157
938 2065 6156
937 2066 6155
936 2067 6154
935 2068 6153
934 2069 6152
933 2070 6151
932 2071 6150
931 2072 6149
930 2073 6148
929 2074 6147
928 2075 6146
927 2076 6145
926 2077 6144
925 2078 6143
924 2079 6142
923 2080 6141
922 2081 6140
921 2082 6139
920 2083 6138
919 2084 6137
918 2085 6136
917 2086 6135
916 2087 6134
915 2088 6133
914 2089 6132
913 2090 6131
912 2091 6130
911 2092 6129
910 2093 6128
909 2094 6127
908 2095 6126
907 2096 6125
906 2097 6124
905 2098 6123
904 2099 6122
903 2100 6121
902 2101 6120
901 2102 6119
900 2103 6118
899 2104 6117
898 2105 6116
897 2106 6115
896 2107 6114
895 2108 6113
894 2109 6112
893 2110 6111
892 2111 6110
891 2112 6109
890 2113 6108
889 2114 6107
888 2115 6106
887 2116 6105
886 2117 6104
885 2118 6103
884 2119 6102
883 2120 6101
882 2121 6100
881 2122 6099
880 2123 6098
879 2124 6097
878 2125 6096
877 2126 6095
876 2127 6094
875 2128 6093
874 2129 6092
873 2130 6091
872 2131 6090
871 2132 6089
870 2133 6088
869 2134 6087
868 2135 6086
867 2136 6085
866 2137 6084
865 2138 6083
864 2139 6082
863 2140 6081
862 2141 6080
861 2142 6079
860 2143 6078
859 2144 6077
858 2145 6076
857 2146 6075
856 2147 6074
855 2148 6073
854 2149 6072
853 2150 6071
852 2151 6070
851 2152 6069
850 2153 6068
849 2154 6067
848 2155 6066
847 2156 6065
846 2157 6064
845 2158 6063
844 2159 6062
843 2160 6061
842 2161 6060
841 2162 6059
840 2163 6058
839 2164 6057
838 2165 6056
837 2166 6055
836 2167 6054
835 2168 6053
834 2169 6052
833 2170 6051
832 2171 6050
831 2172 6049
830 2173 6048
829 2174 6047
828 2175 6046
827 2176 6045
826 2177 6044
825 2178 6043
824 2179 6042
823 2180 6041
822 2181 6040
821 2182 6039
820 2183 6038
819 2184 6037
818 2185 6036
817 2186 6035
816 2187 6034
815 2188 6033
814 2189 6032
813 2190 6031
812 2191 6030
811 2192 6029
810 2193 6028
809 2194 6027
808 2195 6026
807 2196 6025
806 2197 6024
805 2198 6023
804 2199 6022
803 2200 6021
802 2201 6020
801 2202 6019
800 2203 6018
799 2204 6017
798 2205 6016
797 2206 6015
796 2207 6014
795 2208 6013
794 2209 6012
793 2210 6011
792 2211 6010
791 2212 6009
790 2213 6008
789 2214 6007
788 2215 6006
787 2216 6005
786 2217 6004
785 2218 6003
784 2219 6002
783 2220 6001
