2842
3000 3 8842
2999 4 8841
2998 5 8840
2997 6 8839
2996 7 8838
2995 8 8837
2994 9 8836
2993 10 8835
2992 11 8834
2991 12 8833
2990 13 8832
2989 14 8831
2988 15 8830
2987 16 8829
2986 17 8828
2985 18 8827
2984 19 8826
2983 20 8825
2982 21 8824
2981 22 8823
2980 23 8822
2979 24 8821
2978 25 8820
2977 26 8819
2976 27 8818
2975 28 8817
2974 29 8816
2973 30 8815
2972 31 8814
2971 32 8813
2970 33 8812
2969 34 8811
2968 35 8810
2967 36 8809
2966 37 8808
2965 38 8807
2964 39 8806
2963 40 8805
2962 41 8804
2961 42 8803
2960 43 8802
2959 44 8801
2958 45 8800
2957 46 8799
2956 47 8798
2955 48 8797
2954 49 8796
2953 50 8795
2952 51 8794
2951 52 8793
2950 53 8792
2949 54 8791
2948 55 8790
2947 56 8789
2946 57 8788
2945 58 8787
2944 59 8786
2943 60 8785
2942 61 8784
2941 62 8783
2940 63 8782
2939 64 8781
2938 65 8780
2937 66 8779
2936 67 8778
2935 68 8777
2934 69 8776
2933 70 8775
2932 71 8774
2931 72 8773
2930 73 8772
2929 74 8771
2928 75 8770
2927 76 8769
2926 77 8768
2925 78 8767
2924 79 8766
2923 80 8765
2922 81 8764
2921 82 8763
2920 83 8762
2919 84 8761
2918 85 8760
2917 86 8759
2916 87 8758
2915 88 8757
2914 89 8756
2913 90 8755
2912 91 8754
2911 92 8753
2910 93 8752
2909 94 8751
2908 95 8750
2907 96 8749
2906 97 8748
2905 98 8747
2904 99 8746
2903 100 8745
2902 101 8744
2901 102 8743
2900 103 8742
2899 104 8741
2898 105 8740
2897 106 8739
2896 107 8738
2895 108 8737
2894 109 8736
2893 110 8735
2892 111 8734
2891 112 8733
2890 113 8732
2889 114 8731
2888 115 8730
2887 116 8729
2886 117 8728
2885 118 8727
2884 119 8726
2883 120 8725
2882 121 8724
2881 122 8723
2880 123 8722
2879 124 8721
2878 125 8720
2877 126 8719
2876 127 8718
2875 128 8717
2874 129 8716
2873 130 8715
2872 131 8714
2871 132 8713
2870 133 8712
2869 134 8711
2868 135 8710
2867 136 8709
2866 137 8708
2865 138 8707
2864 139 8706
2863 140 8705
2862 141 8704
2861 142 8703
2860 143 8702
2859 144 8701
2858 145 8700
2857 146 8699
2856 147 8698
2855 148 8697
2854 149 8696
2853 150 8695
2852 151 8694
2851 152 8693
2850 153 8692
2849 154 8691
2848 155 8690
2847 156 8689
2846 157 8688
2845 158 8687
2844 159 8686
2843 160 8685
2842 161 8684
2841 162 8683
2840 163 8682
2839 164 8681
2838 165 8680
2837 166 8679
2836 167 8678
2835 168 8677
2834 169 8676
2833 170 8675
2832 171 8674
2831 172 8673
2830 173 8672
2829 174 8671
2828 175 8670
2827 176 8669
2826 177 8668
2825 178 8667
2824 179 8666
2823 180 8665
2822 181 8664
2821 182 8663
2820 183 8662
2819 184 8661
2818 185 8660
2817 186 8659
2816 187 8658
2815 188 8657
2814 189 8656
2813 190 8655
2812 191 8654
2811 192 8653
2810 193 8652
2809 194 8651
2808 195 8650
2807 196 8649
2806 197 8648
2805 198 8647
2804 199 8646
2803 200 8645
2802 201 8644
2801 202 8643
2800 203 8642
2799 204 8641
2798 205 8640
2797 206 8639
2796 207 8638
2795 208 8637
2794 209 8636
2793 210 8635
2792 211 8634
2791 212 8633
2790 213 8632
2789 214 8631
2788 215 8630
2787 216 8629
2786 217 8628
2785 218 8627
2784 219 8626
2783 220 8625
2782 221 8624
2781 222 8623
2780 223 8622
2779 224 8621
2778 225 8620
2777 226 8619
2776 227 8618
2775 228 8617
2774 229 8616
2773 230 8615
2772 231 8614
2771 232 8613
2770 233 8612
2769 234 8611
2768 235 8610
2767 236 8609
2766 237 8608
2765 238 8607
2764 239 8606
2763 240 8605
2762 241 8604
2761 242 8603
2760 243 8602
2759 244 8601
2758 245 8600
2757 246 8599
2756 247 8598
2755 248 8597
2754 249 8596
2753 250 8595
2752 251 8594
2751 252 8593
2750 253 8592
2749 254 8591
2748 255 8590
2747 256 8589
2746 257 8588
2745 258 8587
2744 259 8586
2743 260 8585
2742 261 8584
2741 262 8583
2740 263 8582
2739 264 8581
2738 265 8580
2737 266 8579
2736 267 8578
2735 268 8577
2734 269 8576
2733 270 8575
2732 271 8574
2731 272 8573
2730 273 8572
2729 274 8571
2728 275 8570
2727 276 8569
2726 277 8568
2725 278 8567
2724 279 8566
2723 280 8565
2722 281 8564
2721 282 8563
2720 283 8562
2719 284 8561
2718 285 8560
2717 286 8559
2716 287 8558
2715 288 8557
2714 289 8556
2713 290 8555
2712 291 8554
2711 292 8553
2710 293 8552
2709 294 8551
2708 295 8550
2707 296 8549
2706 297 8548
2705 298 8547
2704 299 8546
2703 300 8545
2702 301 8544
2701 302 8543
2700 303 8542
2699 304 8541
2698 305 8540
2697 306 8539
2696 307 8538
2695 308 8537
2694 309 8536
2693 310 8535
2692 311 8534
2691 312 8533
2690 313 8532
2689 314 8531
2688 315 8530
2687 316 8529
2686 317 8528
2685 318 8527
2684 319 8526
2683 320 8525
2682 321 8524
2681 322 8523
2680 323 8522
2679 324 8521
2678 325 8520
2677 326 8519
2676 327 8518
2675 328 8517
2674 329 8516
2673 330 8515
2672 331 8514
2671 332 8513
2670 333 8512
2669 334 8511
2668 335 8510
2667 336 8509
2666 337 8508
2665 338 8507
2664 339 8506
2663 340 8505
2662 341 8504
2661 342 8503
2660 343 8502
2659 344 8501
2658 345 8500
2657 346 8499
2656 347 8498
2655 348 8497
2654 349 8496
2653 350 8495
2652 351 8494
2651 352 8493
2650 353 8492
2649 354 8491
2648 355 8490
2647 356 8489
2646 357 8488
2645 358 8487
2644 359 8486
2643 360 8485
2642 361 8484
2641 362 8483
2640 363 8482
2639 364 8481
2638 365 8480
2637 366 8479
2636 367 8478
2635 368 8477
2634 369 8476
2633 370 8475
2632 371 8474
2631 372 8473
2630 373 8472
2629 374 8471
2628 375 8470
2627 376 8469
2626 377 8468
2625 378 8467
2624 379 8466
2623 380 8465
2622 381 8464
2621 382 8463
2620 383 8462
2619 384 8461
2618 385 8460
2617 386 8459
2616 387 8458
2615 388 8457
2614 389 8456
2613 390 8455
2612 391 8454
2611 392 8453
2610 393 8452
2609 394 8451
2608 395 8450
2607 396 8449
2606 397 8448
2605 398 8447
2604 399 8446
2603 400 8445
2602 401 8444
2601 402 8443
2600 403 8442
2599 404 8441
2598 405 8440
2597 406 8439
2596 407 8438
2595 408 8437
2594 409 8436
2593 410 8435
2592 411 8434
2591 412 8433
2590 413 8432
2589 414 8431
2588 415 8430
2587 416 8429
2586 417 8428
2585 418 8427
2584 419 8426
2583 420 8425
2582 421 8424
2581 422 8423
2580 423 8422
2579 424 8421
2578 425 8420
2577 426 8419
2576 427 8418
2575 428 8417
2574 429 8416
2573 430 8415
2572 431 8414
2571 432 8413
2570 433 8412
2569 434 8411
2568 435 8410
2567 436 8409
2566 437 8408
2565 438 8407
2564 439 8406
2563 440 8405
2562 441 8404
2561 442 8403
2560 443 8402
2559 444 8401
2558 445 8400
2557 446 8399
2556 447 8398
2555 448 8397
2554 449 8396
2553 450 8395
2552 451 8394
2551 452 8393
2550 453 8392
2549 454 8391
2548 455 8390
2547 456 8389
2546 457 8388
2545 458 8387
2544 459 8386
2543 460 8385
2542 461 8384
2541 462 8383
2540 463 8382
2539 464 8381
2538 465 8380
2537 466 8379
2536 467 8378
2535 468 8377
2534 469 8376
2533 470 8375
2532 471 8374
2531 472 8373
2530 473 8372
2529 474 8371
2528 475 8370
2527 476 8369
2526 477 8368
2525 478 8367
2524 479 8366
2523 480 8365
2522 481 8364
2521 482 8363
2520 483 8362
2519 484 8361
2518 485 8360
2517 486 8359
2516 487 8358
2515 488 8357
2514 489 8356
2513 490 8355
2512 491 8354
2511 492 8353
2510 493 8352
2509 494 8351
2508 495 8350
2507 496 8349
2506 497 8348
2505 498 8347
2504 499 8346
2503 500 8345
2502 501 8344
2501 502 8343
2500 503 8342
2499 504 8341
2498 505 8340
2497 506 8339
2496 507 8338
2495 508 8337
2494 509 8336
2493 510 8335
2492 511 8334
2491 512 8333
2490 513 8332
2489 514 8331
2488 515 8330
2487 516 8329
2486 517 8328
2485 518 8327
2484 519 8326
2483 520 8325
2482 521 8324
2481 522 8323
2480 523 8322
2479 524 8321
2478 525 8320
2477 526 8319
2476 527 8318
2475 528 8317
2474 529 8316
2473 530 8315
2472 531 8314
2471 532 8313
2470 533 8312
2469 534 8311
2468 535 8310
2467 536 8309
2466 537 8308
2465 538 8307
2464 539 8306
2463 540 8305
2462 541 8304
2461 542 8303
2460 543 8302
2459 544 8301
2458 545 8300
2457 546 8299
2456 547 8298
2455 548 8297
2454 549 8296
2453 550 8295
2452 551 8294
2451 552 8293
2450 553 8292
2449 554 8291
2448 555 8290
2447 556 8289
2446 557 8288
2445 558 8287
2444 559 8286
2443 560 8285
2442 561 8284
2441 562 8283
2440 563 8282
2439 564 8281
2438 565 8280
2437 566 8279
2436 567 8278
2435 568 8277
2434 569 8276
2433 570 8275
2432 571 8274
2431 572 8273
2430 573 8272
2429 574 8271
2428 575 8270
2427 576 8269
2426 577 8268
2425 578 8267
2424 579 8266
2423 580 8265
2422 581 8264
2421 582 8263
2420 583 8262
2419 584 8261
2418 585 8260
2417 586 8259
2416 587 8258
2415 588 8257
2414 589 8256
2413 590 8255
2412 591 8254
2411 592 8253
2410 593 8252
2409 594 8251
2408 595 8250
2407 596 8249
2406 597 8248
2405 598 8247
2404 599 8246
2403 600 8245
2402 601 8244
2401 602 8243
2400 603 8242
2399 604 8241
2398 605 8240
2397 606 8239
2396 607 8238
2395 608 8237
2394 609 8236
2393 610 8235
2392 611 8234
2391 612 8233
2390 613 8232
2389 614 8231
2388 615 8230
2387 616 8229
2386 617 8228
2385 618 8227
2384 619 8226
2383 620 8225
2382 621 8224
2381 622 8223
2380 623 8222
2379 624 8221
2378 625 8220
2377 626 8219
2376 627 8218
2375 628 8217
2374 629 8216
2373 630 8215
2372 631 8214
2371 632 8213
2370 633 8212
2369 634 8211
2368 635 8210
2367 636 8209
2366 637 8208
2365 638 8207
2364 639 8206
2363 640 8205
2362 641 8204
2361 642 8203
2360 643 8202
2359 644 8201
2358 645 8200
2357 646 8199
2356 647 8198
2355 648 8197
2354 649 8196
2353 650 8195
2352 651 8194
2351 652 8193
2350 653 8192
2349 654 8191
2348 655 8190
2347 656 8189
2346 657 8188
2345 658 8187
2344 659 8186
2343 660 8185
2342 661 8184
2341 662 8183
2340 663 8182
2339 664 8181
2338 665 8180
2337 666 8179
2336 667 8178
2335 668 8177
2334 669 8176
2333 670 8175
2332 671 8174
2331 672 8173
2330 673 8172
2329 674 8171
2328 675 8170
2327 676 8169
2326 677 8168
2325 678 8167
2324 679 8166
2323 680 8165
2322 681 8164
2321 682 8163
2320 683 8162
2319 684 8161
2318 685 8160
2317 686 8159
2316 687 8158
2315 688 8157
2314 689 8156
2313 690 8155
2312 691 8154
2311 692 8153
2310 693 8152
2309 694 8151
2308 695 8150
2307 696 8149
2306 697 8148
2305 698 8147
2304 699 8146
2303 700 8145
2302 701 8144
2301 702 8143
2300 703 8142
2299 704 8141
2298 705 8140
2297 706 8139
2296 707 8138
2295 708 8137
2294 709 8136
2293 710 8135
2292 711 8134
2291 712 8133
2290 713 8132
2289 714 8131
2288 715 8130
2287 716 8129
2286 717 8128
2285 718 8127
2284 719 8126
2283 720 8125
2282 721 8124
2281 722 8123
2280 723 8122
2279 724 8121
2278 725 8120
2277 726 8119
2276 727 8118
2275 728 8117
2274 729 8116
2273 730 8115
2272 731 8114
2271 732 8113
2270 733 8112
2269 734 8111
2268 735 8110
2267 736 8109
2266 737 8108
2265 738 8107
2264 739 8106
2263 740 8105
2262 741 8104
2261 742 8103
2260 743 8102
2259 744 8101
2258 745 8100
2257 746 8099
2256 747 8098
2255 748 8097
2254 749 8096
2253 750 8095
2252 751 8094
2251 752 8093
2250 753 8092
2249 754 8091
2248 755 8090
2247 756 8089
2246 757 8088
2245 758 8087
2244 759 8086
2243 760 8085
2242 761 8084
2241 762 8083
2240 763 8082
2239 764 8081
2238 765 8080
2237 766 8079
2236 767 8078
2235 768 8077
2234 769 8076
2233 770 8075
2232 771 8074
2231 772 8073
2230 773 8072
2229 774 8071
2228 775 8070
2227 776 8069
2226 777 8068
2225 778 8067
2224 779 8066
2223 780 8065
2222 781 8064
2221 782 8063
2220 783 8062
2219 784 8061
2218 785 8060
2217 786 8059
2216 787 8058
2215 788 8057
2214 789 8056
2213 790 8055
2212 791 8054
2211 792 8053
2210 793 8052
2209 794 8051
2208 795 8050
2207 796 8049
2206 797 8048
2205 798 8047
2204 799 8046
2203 800 8045
2202 801 8044
2201 802 8043
2200 803 8042
2199 804 8041
2198 805 8040
2197 806 8039
2196 807 8038
2195 808 8037
2194 809 8036
2193 810 8035
2192 811 8034
2191 812 8033
2190 813 8032
2189 814 8031
2188 815 8030
2187 816 8029
2186 817 8028
2185 818 8027
2184 819 8026
2183 820 8025
2182 821 8024
2181 822 8023
2180 823 8022
2179 824 8021
2178 825 8020
2177 826 8019
2176 827 8018
2175 828 8017
2174 829 8016
2173 830 8015
2172 831 8014
2171 832 8013
2170 833 8012
2169 834 8011
2168 835 8010
2167 836 8009
2166 837 8008
2165 838 8007
2164 839 8006
2163 840 8005
2162 841 8004
2161 842 8003
2160 843 8002
2159 844 8001
2158 845 8000
2157 846 7999
2156 847 7998
2155 848 7997
2154 849 7996
2153 850 7995
2152 851 7994
2151 852 7993
2150 853 7992
2149 854 7991
2148 855 7990
2147 856 7989
2146 857 7988
2145 858 7987
2144 859 7986
2143 860 7985
2142 861 7984
2141 862 7983
2140 863 7982
2139 864 7981
2138 865 7980
2137 866 7979
2136 867 7978
2135 868 7977
2134 869 7976
2133 870 7975
2132 871 7974
2131 872 7973
2130 873 7972
2129 874 7971
2128 875 7970
2127 876 7969
2126 877 7968
2125 878 7967
2124 879 7966
2123 880 7965
2122 881 7964
2121 882 7963
2120 883 7962
2119 884 7961
2118 885 7960
2117 886 7959
2116 887 7958
2115 888 7957
2114 889 7956
2113 890 7955
2112 891 7954
2111 892 7953
2110 893 7952
2109 894 7951
2108 895 7950
2107 896 7949
2106 897 7948
2105 898 7947
2104 899 7946
2103 900 7945
2102 901 7944
2101 902 7943
2100 903 7942
2099 904 7941
2098 905 7940
2097 906 7939
2096 907 7938
2095 908 7937
2094 909 7936
2093 910 7935
2092 911 7934
2091 912 7933
2090 913 7932
2089 914 7931
2088 915 7930
2087 916 7929
2086 917 7928
2085 918 7927
2084 919 7926
2083 920 7925
2082 921 7924
2081 922 7923
2080 923 7922
2079 924 7921
2078 925 7920
2077 926 7919
2076 927 7918
2075 928 7917
2074 929 7916
2073 930 7915
2072 931 7914
2071 932 7913
2070 933 7912
2069 934 7911
2068 935 7910
2067 936 7909
2066 937 7908
2065 938 7907
2064 939 7906
2063 940 7905
2062 941 7904
2061 942 7903
2060 943 7902
2059 944 7901
2058 945 7900
2057 946 7899
2056 947 7898
2055 948 7897
2054 949 7896
2053 950 7895
2052 951 7894
2051 952 7893
2050 953 7892
2049 954 7891
2048 955 7890
2047 956 7889
2046 957 7888
2045 958 7887
2044 959 7886
2043 960 7885
2042 961 7884
2041 962 7883
2040 963 7882
2039 964 7881
2038 965 7880
2037 966 7879
2036 967 7878
2035 968 7877
2034 969 7876
2033 970 7875
2032 971 7874
2031 972 7873
2030 973 7872
2029 974 7871
2028 975 7870
2027 976 7869
2026 977 7868
2025 978 7867
2024 979 7866
2023 980 7865
2022 981 7864
2021 982 7863
2020 983 7862
2019 984 7861
2018 985 7860
2017 986 7859
2016 987 7858
2015 988 7857
2014 989 7856
2013 990 7855
2012 991 7854
2011 992 7853
2010 993 7852
2009 994 7851
2008 995 7850
2007 996 7849
2006 997 7848
2005 998 7847
2004 999 7846
2003 1000 7845
2002 1001 7844
2001 1002 7843
2000 1003 7842
1999 1004 7841
1998 1005 7840
1997 1006 7839
1996 1007 7838
1995 1008 7837
1994 1009 7836
1993 1010 7835
1992 1011 7834
1991 1012 7833
1990 1013 7832
1989 1014 7831
1988 1015 7830
1987 1016 7829
1986 1017 7828
1985 1018 7827
1984 1019 7826
1983 1020 7825
1982 1021 7824
1981 1022 7823
1980 1023 7822
1979 1024 7821
1978 1025 7820
1977 1026 7819
1976 1027 7818
1975 1028 7817
1974 1029 7816
1973 1030 7815
1972 1031 7814
1971 1032 7813
1970 1033 7812
1969 1034 7811
1968 1035 7810
1967 1036 7809
1966 1037 7808
1965 1038 7807
1964 1039 7806
1963 1040 7805
1962 1041 7804
1961 1042 7803
1960 1043 7802
1959 1044 7801
1958 1045 7800
1957 1046 7799
1956 1047 7798
1955 1048 7797
1954 1049 7796
1953 1050 7795
1952 1051 7794
1951 1052 7793
1950 1053 7792
1949 1054 7791
1948 1055 7790
1947 1056 7789
1946 1057 7788
1945 1058 7787
1944 1059 7786
1943 1060 7785
1942 1061 7784
1941 1062 7783
1940 1063 7782
1939 1064 7781
1938 1065 7780
1937 1066 7779
1936 1067 7778
1935 1068 7777
1934 1069 7776
1933 1070 7775
1932 1071 7774
1931 1072 7773
1930 1073 7772
1929 1074 7771
1928 1075 7770
1927 1076 7769
1926 1077 7768
1925 1078 7767
1924 1079 7766
1923 1080 7765
1922 1081 7764
1921 1082 7763
1920 1083 7762
1919 1084 7761
1918 1085 7760
1917 1086 7759
1916 1087 7758
1915 1088 7757
1914 1089 7756
1913 1090 7755
1912 1091 7754
1911 1092 7753
1910 1093 7752
1909 1094 7751
1908 1095 7750
1907 1096 7749
1906 1097 7748
1905 1098 7747
1904 1099 7746
1903 1100 7745
1902 1101 7744
1901 1102 7743
1900 1103 7742
1899 1104 7741
1898 1105 7740
1897 1106 7739
1896 1107 7738
1895 1108 7737
1894 1109 7736
1893 1110 7735
1892 1111 7734
1891 1112 7733
1890 1113 7732
1889 1114 7731
1888 1115 7730
1887 1116 7729
1886 1117 7728
1885 1118 7727
1884 1119 7726
1883 1120 7725
1882 1121 7724
1881 1122 7723
1880 1123 7722
1879 1124 7721
1878 1125 7720
1877 1126 7719
1876 1127 7718
1875 1128 7717
1874 1129 7716
1873 1130 7715
1872 1131 7714
1871 1132 7713
1870 1133 7712
1869 1134 7711
1868 1135 7710
1867 1136 7709
1866 1137 7708
1865 1138 7707
1864 1139 7706
1863 1140 7705
1862 1141 7704
1861 1142 7703
1860 1143 7702
1859 1144 7701
1858 1145 7700
1857 1146 7699
1856 1147 7698
1855 1148 7697
1854 1149 7696
1853 1150 7695
1852 1151 7694
1851 1152 7693
1850 1153 7692
1849 1154 7691
1848 1155 7690
1847 1156 7689
1846 1157 7688
1845 1158 7687
1844 1159 7686
1843 1160 7685
1842 1161 7684
1841 1162 7683
1840 1163 7682
1839 1164 7681
1838 1165 7680
1837 1166 7679
1836 1167 7678
1835 1168 7677
1834 1169 7676
1833 1170 7675
1832 1171 7674
1831 1172 7673
1830 1173 7672
1829 1174 7671
1828 1175 7670
1827 1176 7669
1826 1177 7668
1825 1178 7667
1824 1179 7666
1823 1180 7665
1822 1181 7664
1821 1182 7663
1820 1183 7662
1819 1184 7661
1818 1185 7660
1817 1186 7659
1816 1187 7658
1815 1188 7657
1814 1189 7656
1813 1190 7655
1812 1191 7654
1811 1192 7653
1810 1193 7652
1809 1194 7651
1808 1195 7650
1807 1196 7649
1806 1197 7648
1805 1198 7647
1804 1199 7646
1803 1200 7645
1802 1201 7644
1801 1202 7643
1800 1203 7642
1799 1204 7641
1798 1205 7640
1797 1206 7639
1796 1207 7638
1795 1208 7637
1794 1209 7636
1793 1210 7635
1792 1211 7634
1791 1212 7633
1790 1213 7632
1789 1214 7631
1788 1215 7630
1787 1216 7629
1786 1217 7628
1785 1218 7627
1784 1219 7626
1783 1220 7625
1782 1221 7624
1781 1222 7623
1780 1223 7622
1779 1224 7621
1778 1225 7620
1777 1226 7619
1776 1227 7618
1775 1228 7617
1774 1229 7616
1773 1230 7615
1772 1231 7614
1771 1232 7613
1770 1233 7612
1769 1234 7611
1768 1235 7610
1767 1236 7609
1766 1237 7608
1765 1238 7607
1764 1239 7606
1763 1240 7605
1762 1241 7604
1761 1242 7603
1760 1243 7602
1759 1244 7601
1758 1245 7600
1757 1246 7599
1756 1247 7598
1755 1248 7597
1754 1249 7596
1753 1250 7595
1752 1251 7594
1751 1252 7593
1750 1253 7592
1749 1254 7591
1748 1255 7590
1747 1256 7589
1746 1257 7588
1745 1258 7587
1744 1259 7586
1743 1260 7585
1742 1261 7584
1741 1262 7583
1740 1263 7582
1739 1264 7581
1738 1265 7580
1737 1266 7579
1736 1267 7578
1735 1268 7577
1734 1269 7576
1733 1270 7575
1732 1271 7574
1731 1272 7573
1730 1273 7572
1729 1274 7571
1728 1275 7570
1727 1276 7569
1726 1277 7568
1725 1278 7567
1724 1279 7566
1723 1280 7565
1722 1281 7564
1721 1282 7563
1720 1283 7562
1719 1284 7561
1718 1285 7560
1717 1286 7559
1716 1287 7558
1715 1288 7557
1714 1289 7556
1713 1290 7555
1712 1291 7554
1711 1292 7553
1710 1293 7552
1709 1294 7551
1708 1295 7550
1707 1296 7549
1706 1297 7548
1705 1298 7547
1704 1299 7546
1703 1300 7545
1702 1301 7544
1701 1302 7543
1700 1303 7542
1699 1304 7541
1698 1305 7540
1697 1306 7539
1696 1307 7538
1695 1308 7537
1694 1309 7536
1693 1310 7535
1692 1311 7534
1691 1312 7533
1690 1313 7532
1689 1314 7531
1688 1315 7530
1687 1316 7529
1686 1317 7528
1685 1318 7527
1684 1319 7526
1683 1320 7525
1682 1321 7524
1681 1322 7523
1680 1323 7522
1679 1324 7521
1678 1325 7520
1677 1326 7519
1676 1327 7518
1675 1328 7517
1674 1329 7516
1673 1330 7515
1672 1331 7514
1671 1332 7513
1670 1333 7512
1669 1334 7511
1668 1335 7510
1667 1336 7509
1666 1337 7508
1665 1338 7507
1664 1339 7506
1663 1340 7505
1662 1341 7504
1661 1342 7503
1660 1343 7502
1659 1344 7501
1658 1345 7500
1657 1346 7499
1656 1347 7498
1655 1348 7497
1654 1349 7496
1653 1350 7495
1652 1351 7494
1651 1352 7493
1650 1353 7492
1649 1354 7491
1648 1355 7490
1647 1356 7489
1646 1357 7488
1645 1358 7487
1644 1359 7486
1643 1360 7485
1642 1361 7484
1641 1362 7483
1640 1363 7482
1639 1364 7481
1638 1365 7480
1637 1366 7479
1636 1367 7478
1635 1368 7477
1634 1369 7476
1633 1370 7475
1632 1371 7474
1631 1372 7473
1630 1373 7472
1629 1374 7471
1628 1375 7470
1627 1376 7469
1626 1377 7468
1625 1378 7467
1624 1379 7466
1623 1380 7465
1622 1381 7464
1621 1382 7463
1620 1383 7462
1619 1384 7461
1618 1385 7460
1617 1386 7459
1616 1387 7458
1615 1388 7457
1614 1389 7456
1613 1390 7455
1612 1391 7454
1611 1392 7453
1610 1393 7452
1609 1394 7451
1608 1395 7450
1607 1396 7449
1606 1397 7448
1605 1398 7447
1604 1399 7446
1603 1400 7445
1602 1401 7444
1601 1402 7443
1600 1403 7442
1599 1404 7441
1598 1405 7440
1597 1406 7439
1596 1407 7438
1595 1408 7437
1594 1409 7436
1593 1410 7435
1592 1411 7434
1591 1412 7433
1590 1413 7432
1589 1414 7431
1588 1415 7430
1587 1416 7429
1586 1417 7428
1585 1418 7427
1584 1419 7426
1583 1420 7425
1582 1421 7424
1581 1422 7423
1580 1423 7422
1579 1424 7421
1578 1425 7420
1577 1426 7419
1576 1427 7418
1575 1428 7417
1574 1429 7416
1573 1430 7415
1572 1431 7414
1571 1432 7413
1570 1433 7412
1569 1434 7411
1568 1435 7410
1567 1436 7409
1566 1437 7408
1565 1438 7407
1564 1439 7406
1563 1440 7405
1562 1441 7404
1561 1442 7403
1560 1443 7402
1559 1444 7401
1558 1445 7400
1557 1446 7399
1556 1447 7398
1555 1448 7397
1554 1449 7396
1553 1450 7395
1552 1451 7394
1551 1452 7393
1550 1453 7392
1549 1454 7391
1548 1455 7390
1547 1456 7389
1546 1457 7388
1545 1458 7387
1544 1459 7386
1543 1460 7385
1542 1461 7384
1541 1462 7383
1540 1463 7382
1539 1464 7381
1538 1465 7380
1537 1466 7379
1536 1467 7378
1535 1468 7377
1534 1469 7376
1533 1470 7375
1532 1471 7374
1531 1472 7373
1530 1473 7372
1529 1474 7371
1528 1475 7370
1527 1476 7369
1526 1477 7368
1525 1478 7367
1524 1479 7366
1523 1480 7365
1522 1481 7364
1521 1482 7363
1520 1483 7362
1519 1484 7361
1518 1485 7360
1517 1486 7359
1516 1487 7358
1515 1488 7357
1514 1489 7356
1513 1490 7355
1512 1491 7354
1511 1492 7353
1510 1493 7352
1509 1494 7351
1508 1495 7350
1507 1496 7349
1506 1497 7348
1505 1498 7347
1504 1499 7346
1503 1500 7345
1502 1501 7344
1501 1502 7343
1500 1503 7342
1499 1504 7341
1498 1505 7340
1497 1506 7339
1496 1507 7338
1495 1508 7337
1494 1509 7336
1493 1510 7335
1492 1511 7334
1491 1512 7333
1490 1513 7332
1489 1514 7331
1488 1515 7330
1487 1516 7329
1486 1517 7328
1485 1518 7327
1484 1519 7326
1483 1520 7325
1482 1521 7324
1481 1522 7323
1480 1523 7322
1479 1524 7321
1478 1525 7320
1477 1526 7319
1476 1527 7318
1475 1528 7317
1474 1529 7316
1473 1530 7315
1472 1531 7314
1471 1532 7313
1470 1533 7312
1469 1534 7311
1468 1535 7310
1467 1536 7309
1466 1537 7308
1465 1538 7307
1464 1539 7306
1463 1540 7305
1462 1541 7304
1461 1542 7303
1460 1543 7302
1459 1544 7301
1458 1545 7300
1457 1546 7299
1456 1547 7298
1455 1548 7297
1454 1549 7296
1453 1550 7295
1452 1551 7294
1451 1552 7293
1450 1553 7292
1449 1554 7291
1448 1555 7290
1447 1556 7289
1446 1557 7288
1445 1558 7287
1444 1559 7286
1443 1560 7285
1442 1561 7284
1441 1562 7283
1440 1563 7282
1439 1564 7281
1438 1565 7280
1437 1566 7279
1436 1567 7278
1435 1568 7277
1434 1569 7276
1433 1570 7275
1432 1571 7274
1431 1572 7273
1430 1573 7272
1429 1574 7271
1428 1575 7270
1427 1576 7269
1426 1577 7268
1425 1578 7267
1424 1579 7266
1423 1580 7265
1422 1581 7264
1421 1582 7263
1420 1583 7262
1419 1584 7261
1418 1585 7260
1417 1586 7259
1416 1587 7258
1415 1588 7257
1414 1589 7256
1413 1590 7255
1412 1591 7254
1411 1592 7253
1410 1593 7252
1409 1594 7251
1408 1595 7250
1407 1596 7249
1406 1597 7248
1405 1598 7247
1404 1599 7246
1403 1600 7245
1402 1601 7244
1401 1602 7243
1400 1603 7242
1399 1604 7241
1398 1605 7240
1397 1606 7239
1396 1607 7238
1395 1608 7237
1394 1609 7236
1393 1610 7235
1392 1611 7234
1391 1612 7233
1390 1613 7232
1389 1614 7231
1388 1615 7230
1387 1616 7229
1386 1617 7228
1385 1618 7227
1384 1619 7226
1383 1620 7225
1382 1621 7224
1381 1622 7223
1380 1623 7222
1379 1624 7221
1378 1625 7220
1377 1626 7219
1376 1627 7218
1375 1628 7217
1374 1629 7216
1373 1630 7215
1372 1631 7214
1371 1632 7213
1370 1633 7212
1369 1634 7211
1368 1635 7210
1367 1636 7209
1366 1637 7208
1365 1638 7207
1364 1639 7206
1363 1640 7205
1362 1641 7204
1361 1642 7203
1360 1643 7202
1359 1644 7201
1358 1645 7200
1357 1646 7199
1356 1647 7198
1355 1648 7197
1354 1649 7196
1353 1650 7195
1352 1651 7194
1351 1652 7193
1350 1653 7192
1349 1654 7191
1348 1655 7190
1347 1656 7189
1346 1657 7188
1345 1658 7187
1344 1659 7186
1343 1660 7185
1342 1661 7184
1341 1662 7183
1340 1663 7182
1339 1664 7181
1338 1665 7180
1337 1666 7179
1336 1667 7178
1335 1668 7177
1334 1669 7176
1333 1670 7175
1332 1671 7174
1331 1672 7173
1330 1673 7172
1329 1674 7171
1328 1675 7170
1327 1676 7169
1326 1677 7168
1325 1678 7167
1324 1679 7166
1323 1680 7165
1322 1681 7164
1321 1682 7163
1320 1683 7162
1319 1684 7161
1318 1685 7160
1317 1686 7159
1316 1687 7158
1315 1688 7157
1314 1689 7156
1313 1690 7155
1312 1691 7154
1311 1692 7153
1310 1693 7152
1309 1694 7151
1308 1695 7150
1307 1696 7149
1306 1697 7148
1305 1698 7147
1304 1699 7146
1303 1700 7145
1302 1701 7144
1301 1702 7143
1300 1703 7142
1299 1704 7141
1298 1705 7140
1297 1706 7139
1296 1707 7138
1295 1708 7137
1294 1709 7136
1293 1710 7135
1292 1711 7134
1291 1712 7133
1290 1713 7132
1289 1714 7131
1288 1715 7130
1287 1716 7129
1286 1717 7128
1285 1718 7127
1284 1719 7126
1283 1720 7125
1282 1721 7124
1281 1722 7123
1280 1723 7122
1279 1724 7121
1278 1725 7120
1277 1726 7119
1276 1727 7118
1275 1728 7117
1274 1729 7116
1273 1730 7115
1272 1731 7114
1271 1732 7113
1270 1733 7112
1269 1734 7111
1268 1735 7110
1267 1736 7109
1266 1737 7108
1265 1738 7107
1264 1739 7106
1263 1740 7105
1262 1741 7104
1261 1742 7103
1260 1743 7102
1259 1744 7101
1258 1745 7100
1257 1746 7099
1256 1747 7098
1255 1748 7097
1254 1749 7096
1253 1750 7095
1252 1751 7094
1251 1752 7093
1250 1753 7092
1249 1754 7091
1248 1755 7090
1247 1756 7089
1246 1757 7088
1245 1758 7087
1244 1759 7086
1243 1760 7085
1242 1761 7084
1241 1762 7083
1240 1763 7082
1239 1764 7081
1238 1765 7080
1237 1766 7079
1236 1767 7078
1235 1768 7077
1234 1769 7076
1233 1770 7075
1232 1771 7074
1231 1772 7073
1230 1773 7072
1229 1774 7071
1228 1775 7070
1227 1776 7069
1226 1777 7068
1225 1778 7067
1224 1779 7066
1223 1780 7065
1222 1781 7064
1221 1782 7063
1220 1783 7062
1219 1784 7061
1218 1785 7060
1217 1786 7059
1216 1787 7058
1215 1788 7057
1214 1789 7056
1213 1790 7055
1212 1791 7054
1211 1792 7053
1210 1793 7052
1209 1794 7051
1208 1795 7050
1207 1796 7049
1206 1797 7048
1205 1798 7047
1204 1799 7046
1203 1800 7045
1202 1801 7044
1201 1802 7043
1200 1803 7042
1199 1804 7041
1198 1805 7040
1197 1806 7039
1196 1807 7038
1195 1808 7037
1194 1809 7036
1193 1810 7035
1192 1811 7034
1191 1812 7033
1190 1813 7032
1189 1814 7031
1188 1815 7030
1187 1816 7029
1186 1817 7028
1185 1818 7027
1184 1819 7026
1183 1820 7025
1182 1821 7024
1181 1822 7023
1180 1823 7022
1179 1824 7021
1178 1825 7020
1177 1826 7019
1176 1827 7018
1175 1828 7017
1174 1829 7016
1173 1830 7015
1172 1831 7014
1171 1832 7013
1170 1833 7012
1169 1834 7011
1168 1835 7010
1167 1836 7009
1166 1837 7008
1165 1838 7007
1164 1839 7006
1163 1840 7005
1162 1841 7004
1161 1842 7003
1160 1843 7002
1159 1844 7001
1158 1845 7000
1157 1846 6999
1156 1847 6998
1155 1848 6997
1154 1849 6996
1153 1850 6995
1152 1851 6994
1151 1852 6993
1150 1853 6992
1149 1854 6991
1148 1855 6990
1147 1856 6989
1146 1857 6988
1145 1858 6987
1144 1859 6986
1143 1860 6985
1142 1861 6984
1141 1862 6983
1140 1863 6982
1139 1864 6981
1138 1865 6980
1137 1866 6979
1136 1867 6978
1135 1868 6977
1134 1869 6976
1133 1870 6975
1132 1871 6974
1131 1872 6973
1130 1873 6972
1129 1874 6971
1128 1875 6970
1127 1876 6969
1126 1877 6968
1125 1878 6967
1124 1879 6966
1123 1880 6965
1122 1881 6964
1121 1882 6963
1120 1883 6962
1119 1884 6961
1118 1885 6960
1117 1886 6959
1116 1887 6958
1115 1888 6957
1114 1889 6956
1113 1890 6955
1112 1891 6954
1111 1892 6953
1110 1893 6952
1109 1894 6951
1108 1895 6950
1107 1896 6949
1106 1897 6948
1105 1898 6947
1104 1899 6946
1103 1900 6945
1102 1901 6944
1101 1902 6943
1100 1903 6942
1099 1904 6941
1098 1905 6940
1097 1906 6939
1096 1907 6938
1095 1908 6937
1094 1909 6936
1093 1910 6935
1092 1911 6934
1091 1912 6933
1090 1913 6932
1089 1914 6931
1088 1915 6930
1087 1916 6929
1086 1917 6928
1085 1918 6927
1084 1919 6926
1083 1920 6925
1082 1921 6924
1081 1922 6923
1080 1923 6922
1079 1924 6921
1078 1925 6920
1077 1926 6919
1076 1927 6918
1075 1928 6917
1074 1929 6916
1073 1930 6915
1072 1931 6914
1071 1932 6913
1070 1933 6912
1069 1934 6911
1068 1935 6910
1067 1936 6909
1066 1937 6908
1065 1938 6907
1064 1939 6906
1063 1940 6905
1062 1941 6904
1061 1942 6903
1060 1943 6902
1059 1944 6901
1058 1945 6900
1057 1946 6899
1056 1947 6898
1055 1948 6897
1054 1949 6896
1053 1950 6895
1052 1951 6894
1051 1952 6893
1050 1953 6892
1049 1954 6891
1048 1955 6890
1047 1956 6889
1046 1957 6888
1045 1958 6887
1044 1959 6886
1043 1960 6885
1042 1961 6884
1041 1962 6883
1040 1963 6882
1039 1964 6881
1038 1965 6880
1037 1966 6879
1036 1967 6878
1035 1968 6877
1034 1969 6876
1033 1970 6875
1032 1971 6874
1031 1972 6873
1030 1973 6872
1029 1974 6871
1028 1975 6870
1027 1976 6869
1026 1977 6868
1025 1978 6867
1024 1979 6866
1023 1980 6865
1022 1981 6864
1021 1982 6863
1020 1983 6862
1019 1984 6861
1018 1985 6860
1017 1986 6859
1016 1987 6858
1015 1988 6857
1014 1989 6856
1013 1990 6855
1012 1991 6854
1011 1992 6853
1010 1993 6852
1009 1994 6851
1008 1995 6850
1007 1996 6849
1006 1997 6848
1005 1998 6847
1004 1999 6846
1003 2000 6845
1002 2001 6844
1001 2002 6843
1000 2003 6842
999 2004 6841
998 2005 6840
997 2006 6839
996 2007 6838
995 2008 6837
994 2009 6836
993 2010 6835
992 2011 6834
991 2012 6833
990 2013 6832
989 2014 6831
988 2015 6830
987 2016 6829
986 2017 6828
985 2018 6827
984 2019 6826
983 2020 6825
982 2021 6824
981 2022 6823
980 2023 6822
979 2024 6821
978 2025 6820
977 2026 6819
976 2027 6818
975 2028 6817
974 2029 6816
973 2030 6815
972 2031 6814
971 2032 6813
970 2033 6812
969 2034 6811
968 2035 6810
967 2036 6809
966 2037 6808
965 2038 6807
964 2039 6806
963 2040 6805
962 2041 6804
961 2042 6803
960 2043 6802
959 2044 6801
958 2045 6800
957 2046 6799
956 2047 6798
955 2048 6797
954 2049 6796
953 2050 6795
952 2051 6794
951 2052 6793
950 2053 6792
949 2054 6791
948 2055 6790
947 2056 6789
946 2057 6788
945 2058 6787
944 2059 6786
943 2060 6785
942 2061 6784
941 2062 6783
940 2063 6782
939 2064 6781
938 2065 6780
937 2066 6779
936 2067 6778
935 2068 6777
934 2069 6776
933 2070 6775
932 2071 6774
931 2072 6773
930 2073 6772
929 2074 6771
928 2075 6770
927 2076 6769
926 2077 6768
925 2078 6767
924 2079 6766
923 2080 6765
922 2081 6764
921 2082 6763
920 2083 6762
919 2084 6761
918 2085 6760
917 2086 6759
916 2087 6758
915 2088 6757
914 2089 6756
913 2090 6755
912 2091 6754
911 2092 6753
910 2093 6752
909 2094 6751
908 2095 6750
907 2096 6749
906 2097 6748
905 2098 6747
904 2099 6746
903 2100 6745
902 2101 6744
901 2102 6743
900 2103 6742
899 2104 6741
898 2105 6740
897 2106 6739
896 2107 6738
895 2108 6737
894 2109 6736
893 2110 6735
892 2111 6734
891 2112 6733
890 2113 6732
889 2114 6731
888 2115 6730
887 2116 6729
886 2117 6728
885 2118 6727
884 2119 6726
883 2120 6725
882 2121 6724
881 2122 6723
880 2123 6722
879 2124 6721
878 2125 6720
877 2126 6719
876 2127 6718
875 2128 6717
874 2129 6716
873 2130 6715
872 2131 6714
871 2132 6713
870 2133 6712
869 2134 6711
868 2135 6710
867 2136 6709
866 2137 6708
865 2138 6707
864 2139 6706
863 2140 6705
862 2141 6704
861 2142 6703
860 2143 6702
859 2144 6701
858 2145 6700
857 2146 6699
856 2147 6698
855 2148 6697
854 2149 6696
853 2150 6695
852 2151 6694
851 2152 6693
850 2153 6692
849 2154 6691
848 2155 6690
847 2156 6689
846 2157 6688
845 2158 6687
844 2159 6686
843 2160 6685
842 2161 6684
841 2162 6683
840 2163 6682
839 2164 6681
838 2165 6680
837 2166 6679
836 2167 6678
835 2168 6677
834 2169 6676
833 2170 6675
832 2171 6674
831 2172 6673
830 2173 6672
829 2174 6671
828 2175 6670
827 2176 6669
826 2177 6668
825 2178 6667
824 2179 6666
823 2180 6665
822 2181 6664
821 2182 6663
820 2183 6662
819 2184 6661
818 2185 6660
817 2186 6659
816 2187 6658
815 2188 6657
814 2189 6656
813 2190 6655
812 2191 6654
811 2192 6653
810 2193 6652
809 2194 6651
808 2195 6650
807 2196 6649
806 2197 6648
805 2198 6647
804 2199 6646
803 2200 6645
802 2201 6644
801 2202 6643
800 2203 6642
799 2204 6641
798 2205 6640
797 2206 6639
796 2207 6638
795 2208 6637
794 2209 6636
793 2210 6635
792 2211 6634
791 2212 6633
790 2213 6632
789 2214 6631
788 2215 6630
787 2216 6629
786 2217 6628
785 2218 6627
784 2219 6626
783 2220 6625
782 2221 6624
781 2222 6623
780 2223 6622
779 2224 6621
778 2225 6620
777 2226 6619
776 2227 6618
775 2228 6617
774 2229 6616
773 2230 6615
772 2231 6614
771 2232 6613
770 2233 6612
769 2234 6611
768 2235 6610
767 2236 6609
766 2237 6608
765 2238 6607
764 2239 6606
763 2240 6605
762 2241 6604
761 2242 6603
760 2243 6602
759 2244 6601
758 2245 6600
757 2246 6599
756 2247 6598
755 2248 6597
754 2249 6596
753 2250 6595
752 2251 6594
751 2252 6593
750 2253 6592
749 2254 6591
748 2255 6590
747 2256 6589
746 2257 6588
745 2258 6587
744 2259 6586
743 2260 6585
742 2261 6584
741 2262 6583
740 2263 6582
739 2264 6581
738 2265 6580
737 2266 6579
736 2267 6578
735 2268 6577
734 2269 6576
733 2270 6575
732 2271 6574
731 2272 6573
730 2273 6572
729 2274 6571
728 2275 6570
727 2276 6569
726 2277 6568
725 2278 6567
724 2279 6566
723 2280 6565
722 2281 6564
721 2282 6563
720 2283 6562
719 2284 6561
718 2285 6560
717 2286 6559
716 2287 6558
715 2288 6557
714 2289 6556
713 2290 6555
712 2291 6554
711 2292 6553
710 2293 6552
709 2294 6551
708 2295 6550
707 2296 6549
706 2297 6548
705 2298 6547
704 2299 6546
703 2300 6545
702 2301 6544
701 2302 6543
700 2303 6542
699 2304 6541
698 2305 6540
697 2306 6539
696 2307 6538
695 2308 6537
694 2309 6536
693 2310 6535
692 2311 6534
691 2312 6533
690 2313 6532
689 2314 6531
688 2315 6530
687 2316 6529
686 2317 6528
685 2318 6527
684 2319 6526
683 2320 6525
682 2321 6524
681 2322 6523
680 2323 6522
679 2324 6521
678 2325 6520
677 2326 6519
676 2327 6518
675 2328 6517
674 2329 6516
673 2330 6515
672 2331 6514
671 2332 6513
670 2333 6512
669 2334 6511
668 2335 6510
667 2336 6509
666 2337 6508
665 2338 6507
664 2339 6506
663 2340 6505
662 2341 6504
661 2342 6503
660 2343 6502
659 2344 6501
658 2345 6500
657 2346 6499
656 2347 6498
655 2348 6497
654 2349 6496
653 2350 6495
652 2351 6494
651 2352 6493
650 2353 6492
649 2354 6491
648 2355 6490
647 2356 6489
646 2357 6488
645 2358 6487
644 2359 6486
643 2360 6485
642 2361 6484
641 2362 6483
640 2363 6482
639 2364 6481
638 2365 6480
637 2366 6479
636 2367 6478
635 2368 6477
634 2369 6476
633 2370 6475
632 2371 6474
631 2372 6473
630 2373 6472
629 2374 6471
628 2375 6470
627 2376 6469
626 2377 6468
625 2378 6467
624 2379 6466
623 2380 6465
622 2381 6464
621 2382 6463
620 2383 6462
619 2384 6461
618 2385 6460
617 2386 6459
616 2387 6458
615 2388 6457
614 2389 6456
613 2390 6455
612 2391 6454
611 2392 6453
610 2393 6452
609 2394 6451
608 2395 6450
607 2396 6449
606 2397 6448
605 2398 6447
604 2399 6446
603 2400 6445
602 2401 6444
601 2402 6443
600 2403 6442
599 2404 6441
598 2405 6440
597 2406 6439
596 2407 6438
595 2408 6437
594 2409 6436
593 2410 6435
592 2411 6434
591 2412 6433
590 2413 6432
589 2414 6431
588 2415 6430
587 2416 6429
586 2417 6428
585 2418 6427
584 2419 6426
583 2420 6425
582 2421 6424
581 2422 6423
580 2423 6422
579 2424 6421
578 2425 6420
577 2426 6419
576 2427 6418
575 2428 6417
574 2429 6416
573 2430 6415
572 2431 6414
571 2432 6413
570 2433 6412
569 2434 6411
568 2435 6410
567 2436 6409
566 2437 6408
565 2438 6407
564 2439 6406
563 2440 6405
562 2441 6404
561 2442 6403
560 2443 6402
559 2444 6401
558 2445 6400
557 2446 6399
556 2447 6398
555 2448 6397
554 2449 6396
553 2450 6395
552 2451 6394
551 2452 6393
550 2453 6392
549 2454 6391
548 2455 6390
547 2456 6389
546 2457 6388
545 2458 6387
544 2459 6386
543 2460 6385
542 2461 6384
541 2462 6383
540 2463 6382
539 2464 6381
538 2465 6380
537 2466 6379
536 2467 6378
535 2468 6377
534 2469 6376
533 2470 6375
532 2471 6374
531 2472 6373
530 2473 6372
529 2474 6371
528 2475 6370
527 2476 6369
526 2477 6368
525 2478 6367
524 2479 6366
523 2480 6365
522 2481 6364
521 2482 6363
520 2483 6362
519 2484 6361
518 2485 6360
517 2486 6359
516 2487 6358
515 2488 6357
514 2489 6356
513 2490 6355
512 2491 6354
511 2492 6353
510 2493 6352
509 2494 6351
508 2495 6350
507 2496 6349
506 2497 6348
505 2498 6347
504 2499 6346
503 2500 6345
502 2501 6344
501 2502 6343
500 2503 6342
499 2504 6341
498 2505 6340
497 2506 6339
496 2507 6338
495 2508 6337
494 2509 6336
493 2510 6335
492 2511 6334
491 2512 6333
490 2513 6332
489 2514 6331
488 2515 6330
487 2516 6329
486 2517 6328
485 2518 6327
484 2519 6326
483 2520 6325
482 2521 6324
481 2522 6323
480 2523 6322
479 2524 6321
478 2525 6320
477 2526 6319
476 2527 6318
475 2528 6317
474 2529 6316
473 2530 6315
472 2531 6314
471 2532 6313
470 2533 6312
469 2534 6311
468 2535 6310
467 2536 6309
466 2537 6308
465 2538 6307
464 2539 6306
463 2540 6305
462 2541 6304
461 2542 6303
460 2543 6302
459 2544 6301
458 2545 6300
457 2546 6299
456 2547 6298
455 2548 6297
454 2549 6296
453 2550 6295
452 2551 6294
451 2552 6293
450 2553 6292
449 2554 6291
448 2555 6290
447 2556 6289
446 2557 6288
445 2558 6287
444 2559 6286
443 2560 6285
442 2561 6284
441 2562 6283
440 2563 6282
439 2564 6281
438 2565 6280
437 2566 6279
436 2567 6278
435 2568 6277
434 2569 6276
433 2570 6275
432 2571 6274
431 2572 6273
430 2573 6272
429 2574 6271
428 2575 6270
427 2576 6269
426 2577 6268
425 2578 6267
424 2579 6266
423 2580 6265
422 2581 6264
421 2582 6263
420 2583 6262
419 2584 6261
418 2585 6260
417 2586 6259
416 2587 6258
415 2588 6257
414 2589 6256
413 2590 6255
412 2591 6254
411 2592 6253
410 2593 6252
409 2594 6251
408 2595 6250
407 2596 6249
406 2597 6248
405 2598 6247
404 2599 6246
403 2600 6245
402 2601 6244
401 2602 6243
400 2603 6242
399 2604 6241
398 2605 6240
397 2606 6239
396 2607 6238
395 2608 6237
394 2609 6236
393 2610 6235
392 2611 6234
391 2612 6233
390 2613 6232
389 2614 6231
388 2615 6230
387 2616 6229
386 2617 6228
385 2618 6227
384 2619 6226
383 2620 6225
382 2621 6224
381 2622 6223
380 2623 6222
379 2624 6221
378 2625 6220
377 2626 6219
376 2627 6218
375 2628 6217
374 2629 6216
373 2630 6215
372 2631 6214
371 2632 6213
370 2633 6212
369 2634 6211
368 2635 6210
367 2636 6209
366 2637 6208
365 2638 6207
364 2639 6206
363 2640 6205
362 2641 6204
361 2642 6203
360 2643 6202
359 2644 6201
358 2645 6200
357 2646 6199
356 2647 6198
355 2648 6197
354 2649 6196
353 2650 6195
352 2651 6194
351 2652 6193
350 2653 6192
349 2654 6191
348 2655 6190
347 2656 6189
346 2657 6188
345 2658 6187
344 2659 6186
343 2660 6185
342 2661 6184
341 2662 6183
340 2663 6182
339 2664 6181
338 2665 6180
337 2666 6179
336 2667 6178
335 2668 6177
334 2669 6176
333 2670 6175
332 2671 6174
331 2672 6173
330 2673 6172
329 2674 6171
328 2675 6170
327 2676 6169
326 2677 6168
325 2678 6167
324 2679 6166
323 2680 6165
322 2681 6164
321 2682 6163
320 2683 6162
319 2684 6161
318 2685 6160
317 2686 6159
316 2687 6158
315 2688 6157
314 2689 6156
313 2690 6155
312 2691 6154
311 2692 6153
310 2693 6152
309 2694 6151
308 2695 6150
307 2696 6149
306 2697 6148
305 2698 6147
304 2699 6146
303 2700 6145
302 2701 6144
301 2702 6143
300 2703 6142
299 2704 6141
298 2705 6140
297 2706 6139
296 2707 6138
295 2708 6137
294 2709 6136
293 2710 6135
292 2711 6134
291 2712 6133
290 2713 6132
289 2714 6131
288 2715 6130
287 2716 6129
286 2717 6128
285 2718 6127
284 2719 6126
283 2720 6125
282 2721 6124
281 2722 6123
280 2723 6122
279 2724 6121
278 2725 6120
277 2726 6119
276 2727 6118
275 2728 6117
274 2729 6116
273 2730 6115
272 2731 6114
271 2732 6113
270 2733 6112
269 2734 6111
268 2735 6110
267 2736 6109
266 2737 6108
265 2738 6107
264 2739 6106
263 2740 6105
262 2741 6104
261 2742 6103
260 2743 6102
259 2744 6101
258 2745 6100
257 2746 6099
256 2747 6098
255 2748 6097
254 2749 6096
253 2750 6095
252 2751 6094
251 2752 6093
250 2753 6092
249 2754 6091
248 2755 6090
247 2756 6089
246 2757 6088
245 2758 6087
244 2759 6086
243 2760 6085
242 2761 6084
241 2762 6083
240 2763 6082
239 2764 6081
238 2765 6080
237 2766 6079
236 2767 6078
235 2768 6077
234 2769 6076
233 2770 6075
232 2771 6074
231 2772 6073
230 2773 6072
229 2774 6071
228 2775 6070
227 2776 6069
226 2777 6068
225 2778 6067
224 2779 6066
223 2780 6065
222 2781 6064
221 2782 6063
220 2783 6062
219 2784 6061
218 2785 6060
217 2786 6059
216 2787 6058
215 2788 6057
214 2789 6056
213 2790 6055
212 2791 6054
211 2792 6053
210 2793 6052
209 2794 6051
208 2795 6050
207 2796 6049
206 2797 6048
205 2798 6047
204 2799 6046
203 2800 6045
202 2801 6044
201 2802 6043
200 2803 6042
199 2804 6041
198 2805 6040
197 2806 6039
196 2807 6038
195 2808 6037
194 2809 6036
193 2810 6035
192 2811 6034
191 2812 6033
190 2813 6032
189 2814 6031
188 2815 6030
187 2816 6029
186 2817 6028
185 2818 6027
184 2819 6026
183 2820 6025
182 2821 6024
181 2822 6023
180 2823 6022
179 2824 6021
178 2825 6020
177 2826 6019
176 2827 6018
175 2828 6017
174 2829 6016
173 2830 6015
172 2831 6014
171 2832 6013
170 2833 6012
169 2834 6011
168 2835 6010
167 2836 6009
166 2837 6008
165 2838 6007
164 2839 6006
163 2840 6005
162 2841 6004
161 2842 6003
160 2843 6002
159 2844 6001
