1664
3000 3 7664
2999 4 7663
2998 5 7662
2997 6 7661
2996 7 7660
2995 8 7659
2994 9 7658
2993 10 7657
2992 11 7656
2991 12 7655
2990 13 7654
2989 14 7653
2988 15 7652
2987 16 7651
2986 17 7650
2985 18 7649
2984 19 7648
2983 20 7647
2982 21 7646
2981 22 7645
2980 23 7644
2979 24 7643
2978 25 7642
2977 26 7641
2976 27 7640
2975 28 7639
2974 29 7638
2973 30 7637
2972 31 7636
2971 32 7635
2970 33 7634
2969 34 7633
2968 35 7632
2967 36 7631
2966 37 7630
2965 38 7629
2964 39 7628
2963 40 7627
2962 41 7626
2961 42 7625
2960 43 7624
2959 44 7623
2958 45 7622
2957 46 7621
2956 47 7620
2955 48 7619
2954 49 7618
2953 50 7617
2952 51 7616
2951 52 7615
2950 53 7614
2949 54 7613
2948 55 7612
2947 56 7611
2946 57 7610
2945 58 7609
2944 59 7608
2943 60 7607
2942 61 7606
2941 62 7605
2940 63 7604
2939 64 7603
2938 65 7602
2937 66 7601
2936 67 7600
2935 68 7599
2934 69 7598
2933 70 7597
2932 71 7596
2931 72 7595
2930 73 7594
2929 74 7593
2928 75 7592
2927 76 7591
2926 77 7590
2925 78 7589
2924 79 7588
2923 80 7587
2922 81 7586
2921 82 7585
2920 83 7584
2919 84 7583
2918 85 7582
2917 86 7581
2916 87 7580
2915 88 7579
2914 89 7578
2913 90 7577
2912 91 7576
2911 92 7575
2910 93 7574
2909 94 7573
2908 95 7572
2907 96 7571
2906 97 7570
2905 98 7569
2904 99 7568
2903 100 7567
2902 101 7566
2901 102 7565
2900 103 7564
2899 104 7563
2898 105 7562
2897 106 7561
2896 107 7560
2895 108 7559
2894 109 7558
2893 110 7557
2892 111 7556
2891 112 7555
2890 113 7554
2889 114 7553
2888 115 7552
2887 116 7551
2886 117 7550
2885 118 7549
2884 119 7548
2883 120 7547
2882 121 7546
2881 122 7545
2880 123 7544
2879 124 7543
2878 125 7542
2877 126 7541
2876 127 7540
2875 128 7539
2874 129 7538
2873 130 7537
2872 131 7536
2871 132 7535
2870 133 7534
2869 134 7533
2868 135 7532
2867 136 7531
2866 137 7530
2865 138 7529
2864 139 7528
2863 140 7527
2862 141 7526
2861 142 7525
2860 143 7524
2859 144 7523
2858 145 7522
2857 146 7521
2856 147 7520
2855 148 7519
2854 149 7518
2853 150 7517
2852 151 7516
2851 152 7515
2850 153 7514
2849 154 7513
2848 155 7512
2847 156 7511
2846 157 7510
2845 158 7509
2844 159 7508
2843 160 7507
2842 161 7506
2841 162 7505
2840 163 7504
2839 164 7503
2838 165 7502
2837 166 7501
2836 167 7500
2835 168 7499
2834 169 7498
2833 170 7497
2832 171 7496
2831 172 7495
2830 173 7494
2829 174 7493
2828 175 7492
2827 176 7491
2826 177 7490
2825 178 7489
2824 179 7488
2823 180 7487
2822 181 7486
2821 182 7485
2820 183 7484
2819 184 7483
2818 185 7482
2817 186 7481
2816 187 7480
2815 188 7479
2814 189 7478
2813 190 7477
2812 191 7476
2811 192 7475
2810 193 7474
2809 194 7473
2808 195 7472
2807 196 7471
2806 197 7470
2805 198 7469
2804 199 7468
2803 200 7467
2802 201 7466
2801 202 7465
2800 203 7464
2799 204 7463
2798 205 7462
2797 206 7461
2796 207 7460
2795 208 7459
2794 209 7458
2793 210 7457
2792 211 7456
2791 212 7455
2790 213 7454
2789 214 7453
2788 215 7452
2787 216 7451
2786 217 7450
2785 218 7449
2784 219 7448
2783 220 7447
2782 221 7446
2781 222 7445
2780 223 7444
2779 224 7443
2778 225 7442
2777 226 7441
2776 227 7440
2775 228 7439
2774 229 7438
2773 230 7437
2772 231 7436
2771 232 7435
2770 233 7434
2769 234 7433
2768 235 7432
2767 236 7431
2766 237 7430
2765 238 7429
2764 239 7428
2763 240 7427
2762 241 7426
2761 242 7425
2760 243 7424
2759 244 7423
2758 245 7422
2757 246 7421
2756 247 7420
2755 248 7419
2754 249 7418
2753 250 7417
2752 251 7416
2751 252 7415
2750 253 7414
2749 254 7413
2748 255 7412
2747 256 7411
2746 257 7410
2745 258 7409
2744 259 7408
2743 260 7407
2742 261 7406
2741 262 7405
2740 263 7404
2739 264 7403
2738 265 7402
2737 266 7401
2736 267 7400
2735 268 7399
2734 269 7398
2733 270 7397
2732 271 7396
2731 272 7395
2730 273 7394
2729 274 7393
2728 275 7392
2727 276 7391
2726 277 7390
2725 278 7389
2724 279 7388
2723 280 7387
2722 281 7386
2721 282 7385
2720 283 7384
2719 284 7383
2718 285 7382
2717 286 7381
2716 287 7380
2715 288 7379
2714 289 7378
2713 290 7377
2712 291 7376
2711 292 7375
2710 293 7374
2709 294 7373
2708 295 7372
2707 296 7371
2706 297 7370
2705 298 7369
2704 299 7368
2703 300 7367
2702 301 7366
2701 302 7365
2700 303 7364
2699 304 7363
2698 305 7362
2697 306 7361
2696 307 7360
2695 308 7359
2694 309 7358
2693 310 7357
2692 311 7356
2691 312 7355
2690 313 7354
2689 314 7353
2688 315 7352
2687 316 7351
2686 317 7350
2685 318 7349
2684 319 7348
2683 320 7347
2682 321 7346
2681 322 7345
2680 323 7344
2679 324 7343
2678 325 7342
2677 326 7341
2676 327 7340
2675 328 7339
2674 329 7338
2673 330 7337
2672 331 7336
2671 332 7335
2670 333 7334
2669 334 7333
2668 335 7332
2667 336 7331
2666 337 7330
2665 338 7329
2664 339 7328
2663 340 7327
2662 341 7326
2661 342 7325
2660 343 7324
2659 344 7323
2658 345 7322
2657 346 7321
2656 347 7320
2655 348 7319
2654 349 7318
2653 350 7317
2652 351 7316
2651 352 7315
2650 353 7314
2649 354 7313
2648 355 7312
2647 356 7311
2646 357 7310
2645 358 7309
2644 359 7308
2643 360 7307
2642 361 7306
2641 362 7305
2640 363 7304
2639 364 7303
2638 365 7302
2637 366 7301
2636 367 7300
2635 368 7299
2634 369 7298
2633 370 7297
2632 371 7296
2631 372 7295
2630 373 7294
2629 374 7293
2628 375 7292
2627 376 7291
2626 377 7290
2625 378 7289
2624 379 7288
2623 380 7287
2622 381 7286
2621 382 7285
2620 383 7284
2619 384 7283
2618 385 7282
2617 386 7281
2616 387 7280
2615 388 7279
2614 389 7278
2613 390 7277
2612 391 7276
2611 392 7275
2610 393 7274
2609 394 7273
2608 395 7272
2607 396 7271
2606 397 7270
2605 398 7269
2604 399 7268
2603 400 7267
2602 401 7266
2601 402 7265
2600 403 7264
2599 404 7263
2598 405 7262
2597 406 7261
2596 407 7260
2595 408 7259
2594 409 7258
2593 410 7257
2592 411 7256
2591 412 7255
2590 413 7254
2589 414 7253
2588 415 7252
2587 416 7251
2586 417 7250
2585 418 7249
2584 419 7248
2583 420 7247
2582 421 7246
2581 422 7245
2580 423 7244
2579 424 7243
2578 425 7242
2577 426 7241
2576 427 7240
2575 428 7239
2574 429 7238
2573 430 7237
2572 431 7236
2571 432 7235
2570 433 7234
2569 434 7233
2568 435 7232
2567 436 7231
2566 437 7230
2565 438 7229
2564 439 7228
2563 440 7227
2562 441 7226
2561 442 7225
2560 443 7224
2559 444 7223
2558 445 7222
2557 446 7221
2556 447 7220
2555 448 7219
2554 449 7218
2553 450 7217
2552 451 7216
2551 452 7215
2550 453 7214
2549 454 7213
2548 455 7212
2547 456 7211
2546 457 7210
2545 458 7209
2544 459 7208
2543 460 7207
2542 461 7206
2541 462 7205
2540 463 7204
2539 464 7203
2538 465 7202
2537 466 7201
2536 467 7200
2535 468 7199
2534 469 7198
2533 470 7197
2532 471 7196
2531 472 7195
2530 473 7194
2529 474 7193
2528 475 7192
2527 476 7191
2526 477 7190
2525 478 7189
2524 479 7188
2523 480 7187
2522 481 7186
2521 482 7185
2520 483 7184
2519 484 7183
2518 485 7182
2517 486 7181
2516 487 7180
2515 488 7179
2514 489 7178
2513 490 7177
2512 491 7176
2511 492 7175
2510 493 7174
2509 494 7173
2508 495 7172
2507 496 7171
2506 497 7170
2505 498 7169
2504 499 7168
2503 500 7167
2502 501 7166
2501 502 7165
2500 503 7164
2499 504 7163
2498 505 7162
2497 506 7161
2496 507 7160
2495 508 7159
2494 509 7158
2493 510 7157
2492 511 7156
2491 512 7155
2490 513 7154
2489 514 7153
2488 515 7152
2487 516 7151
2486 517 7150
2485 518 7149
2484 519 7148
2483 520 7147
2482 521 7146
2481 522 7145
2480 523 7144
2479 524 7143
2478 525 7142
2477 526 7141
2476 527 7140
2475 528 7139
2474 529 7138
2473 530 7137
2472 531 7136
2471 532 7135
2470 533 7134
2469 534 7133
2468 535 7132
2467 536 7131
2466 537 7130
2465 538 7129
2464 539 7128
2463 540 7127
2462 541 7126
2461 542 7125
2460 543 7124
2459 544 7123
2458 545 7122
2457 546 7121
2456 547 7120
2455 548 7119
2454 549 7118
2453 550 7117
2452 551 7116
2451 552 7115
2450 553 7114
2449 554 7113
2448 555 7112
2447 556 7111
2446 557 7110
2445 558 7109
2444 559 7108
2443 560 7107
2442 561 7106
2441 562 7105
2440 563 7104
2439 564 7103
2438 565 7102
2437 566 7101
2436 567 7100
2435 568 7099
2434 569 7098
2433 570 7097
2432 571 7096
2431 572 7095
2430 573 7094
2429 574 7093
2428 575 7092
2427 576 7091
2426 577 7090
2425 578 7089
2424 579 7088
2423 580 7087
2422 581 7086
2421 582 7085
2420 583 7084
2419 584 7083
2418 585 7082
2417 586 7081
2416 587 7080
2415 588 7079
2414 589 7078
2413 590 7077
2412 591 7076
2411 592 7075
2410 593 7074
2409 594 7073
2408 595 7072
2407 596 7071
2406 597 7070
2405 598 7069
2404 599 7068
2403 600 7067
2402 601 7066
2401 602 7065
2400 603 7064
2399 604 7063
2398 605 7062
2397 606 7061
2396 607 7060
2395 608 7059
2394 609 7058
2393 610 7057
2392 611 7056
2391 612 7055
2390 613 7054
2389 614 7053
2388 615 7052
2387 616 7051
2386 617 7050
2385 618 7049
2384 619 7048
2383 620 7047
2382 621 7046
2381 622 7045
2380 623 7044
2379 624 7043
2378 625 7042
2377 626 7041
2376 627 7040
2375 628 7039
2374 629 7038
2373 630 7037
2372 631 7036
2371 632 7035
2370 633 7034
2369 634 7033
2368 635 7032
2367 636 7031
2366 637 7030
2365 638 7029
2364 639 7028
2363 640 7027
2362 641 7026
2361 642 7025
2360 643 7024
2359 644 7023
2358 645 7022
2357 646 7021
2356 647 7020
2355 648 7019
2354 649 7018
2353 650 7017
2352 651 7016
2351 652 7015
2350 653 7014
2349 654 7013
2348 655 7012
2347 656 7011
2346 657 7010
2345 658 7009
2344 659 7008
2343 660 7007
2342 661 7006
2341 662 7005
2340 663 7004
2339 664 7003
2338 665 7002
2337 666 7001
2336 667 7000
2335 668 6999
2334 669 6998
2333 670 6997
2332 671 6996
2331 672 6995
2330 673 6994
2329 674 6993
2328 675 6992
2327 676 6991
2326 677 6990
2325 678 6989
2324 679 6988
2323 680 6987
2322 681 6986
2321 682 6985
2320 683 6984
2319 684 6983
2318 685 6982
2317 686 6981
2316 687 6980
2315 688 6979
2314 689 6978
2313 690 6977
2312 691 6976
2311 692 6975
2310 693 6974
2309 694 6973
2308 695 6972
2307 696 6971
2306 697 6970
2305 698 6969
2304 699 6968
2303 700 6967
2302 701 6966
2301 702 6965
2300 703 6964
2299 704 6963
2298 705 6962
2297 706 6961
2296 707 6960
2295 708 6959
2294 709 6958
2293 710 6957
2292 711 6956
2291 712 6955
2290 713 6954
2289 714 6953
2288 715 6952
2287 716 6951
2286 717 6950
2285 718 6949
2284 719 6948
2283 720 6947
2282 721 6946
2281 722 6945
2280 723 6944
2279 724 6943
2278 725 6942
2277 726 6941
2276 727 6940
2275 728 6939
2274 729 6938
2273 730 6937
2272 731 6936
2271 732 6935
2270 733 6934
2269 734 6933
2268 735 6932
2267 736 6931
2266 737 6930
2265 738 6929
2264 739 6928
2263 740 6927
2262 741 6926
2261 742 6925
2260 743 6924
2259 744 6923
2258 745 6922
2257 746 6921
2256 747 6920
2255 748 6919
2254 749 6918
2253 750 6917
2252 751 6916
2251 752 6915
2250 753 6914
2249 754 6913
2248 755 6912
2247 756 6911
2246 757 6910
2245 758 6909
2244 759 6908
2243 760 6907
2242 761 6906
2241 762 6905
2240 763 6904
2239 764 6903
2238 765 6902
2237 766 6901
2236 767 6900
2235 768 6899
2234 769 6898
2233 770 6897
2232 771 6896
2231 772 6895
2230 773 6894
2229 774 6893
2228 775 6892
2227 776 6891
2226 777 6890
2225 778 6889
2224 779 6888
2223 780 6887
2222 781 6886
2221 782 6885
2220 783 6884
2219 784 6883
2218 785 6882
2217 786 6881
2216 787 6880
2215 788 6879
2214 789 6878
2213 790 6877
2212 791 6876
2211 792 6875
2210 793 6874
2209 794 6873
2208 795 6872
2207 796 6871
2206 797 6870
2205 798 6869
2204 799 6868
2203 800 6867
2202 801 6866
2201 802 6865
2200 803 6864
2199 804 6863
2198 805 6862
2197 806 6861
2196 807 6860
2195 808 6859
2194 809 6858
2193 810 6857
2192 811 6856
2191 812 6855
2190 813 6854
2189 814 6853
2188 815 6852
2187 816 6851
2186 817 6850
2185 818 6849
2184 819 6848
2183 820 6847
2182 821 6846
2181 822 6845
2180 823 6844
2179 824 6843
2178 825 6842
2177 826 6841
2176 827 6840
2175 828 6839
2174 829 6838
2173 830 6837
2172 831 6836
2171 832 6835
2170 833 6834
2169 834 6833
2168 835 6832
2167 836 6831
2166 837 6830
2165 838 6829
2164 839 6828
2163 840 6827
2162 841 6826
2161 842 6825
2160 843 6824
2159 844 6823
2158 845 6822
2157 846 6821
2156 847 6820
2155 848 6819
2154 849 6818
2153 850 6817
2152 851 6816
2151 852 6815
2150 853 6814
2149 854 6813
2148 855 6812
2147 856 6811
2146 857 6810
2145 858 6809
2144 859 6808
2143 860 6807
2142 861 6806
2141 862 6805
2140 863 6804
2139 864 6803
2138 865 6802
2137 866 6801
2136 867 6800
2135 868 6799
2134 869 6798
2133 870 6797
2132 871 6796
2131 872 6795
2130 873 6794
2129 874 6793
2128 875 6792
2127 876 6791
2126 877 6790
2125 878 6789
2124 879 6788
2123 880 6787
2122 881 6786
2121 882 6785
2120 883 6784
2119 884 6783
2118 885 6782
2117 886 6781
2116 887 6780
2115 888 6779
2114 889 6778
2113 890 6777
2112 891 6776
2111 892 6775
2110 893 6774
2109 894 6773
2108 895 6772
2107 896 6771
2106 897 6770
2105 898 6769
2104 899 6768
2103 900 6767
2102 901 6766
2101 902 6765
2100 903 6764
2099 904 6763
2098 905 6762
2097 906 6761
2096 907 6760
2095 908 6759
2094 909 6758
2093 910 6757
2092 911 6756
2091 912 6755
2090 913 6754
2089 914 6753
2088 915 6752
2087 916 6751
2086 917 6750
2085 918 6749
2084 919 6748
2083 920 6747
2082 921 6746
2081 922 6745
2080 923 6744
2079 924 6743
2078 925 6742
2077 926 6741
2076 927 6740
2075 928 6739
2074 929 6738
2073 930 6737
2072 931 6736
2071 932 6735
2070 933 6734
2069 934 6733
2068 935 6732
2067 936 6731
2066 937 6730
2065 938 6729
2064 939 6728
2063 940 6727
2062 941 6726
2061 942 6725
2060 943 6724
2059 944 6723
2058 945 6722
2057 946 6721
2056 947 6720
2055 948 6719
2054 949 6718
2053 950 6717
2052 951 6716
2051 952 6715
2050 953 6714
2049 954 6713
2048 955 6712
2047 956 6711
2046 957 6710
2045 958 6709
2044 959 6708
2043 960 6707
2042 961 6706
2041 962 6705
2040 963 6704
2039 964 6703
2038 965 6702
2037 966 6701
2036 967 6700
2035 968 6699
2034 969 6698
2033 970 6697
2032 971 6696
2031 972 6695
2030 973 6694
2029 974 6693
2028 975 6692
2027 976 6691
2026 977 6690
2025 978 6689
2024 979 6688
2023 980 6687
2022 981 6686
2021 982 6685
2020 983 6684
2019 984 6683
2018 985 6682
2017 986 6681
2016 987 6680
2015 988 6679
2014 989 6678
2013 990 6677
2012 991 6676
2011 992 6675
2010 993 6674
2009 994 6673
2008 995 6672
2007 996 6671
2006 997 6670
2005 998 6669
2004 999 6668
2003 1000 6667
2002 1001 6666
2001 1002 6665
2000 1003 6664
1999 1004 6663
1998 1005 6662
1997 1006 6661
1996 1007 6660
1995 1008 6659
1994 1009 6658
1993 1010 6657
1992 1011 6656
1991 1012 6655
1990 1013 6654
1989 1014 6653
1988 1015 6652
1987 1016 6651
1986 1017 6650
1985 1018 6649
1984 1019 6648
1983 1020 6647
1982 1021 6646
1981 1022 6645
1980 1023 6644
1979 1024 6643
1978 1025 6642
1977 1026 6641
1976 1027 6640
1975 1028 6639
1974 1029 6638
1973 1030 6637
1972 1031 6636
1971 1032 6635
1970 1033 6634
1969 1034 6633
1968 1035 6632
1967 1036 6631
1966 1037 6630
1965 1038 6629
1964 1039 6628
1963 1040 6627
1962 1041 6626
1961 1042 6625
1960 1043 6624
1959 1044 6623
1958 1045 6622
1957 1046 6621
1956 1047 6620
1955 1048 6619
1954 1049 6618
1953 1050 6617
1952 1051 6616
1951 1052 6615
1950 1053 6614
1949 1054 6613
1948 1055 6612
1947 1056 6611
1946 1057 6610
1945 1058 6609
1944 1059 6608
1943 1060 6607
1942 1061 6606
1941 1062 6605
1940 1063 6604
1939 1064 6603
1938 1065 6602
1937 1066 6601
1936 1067 6600
1935 1068 6599
1934 1069 6598
1933 1070 6597
1932 1071 6596
1931 1072 6595
1930 1073 6594
1929 1074 6593
1928 1075 6592
1927 1076 6591
1926 1077 6590
1925 1078 6589
1924 1079 6588
1923 1080 6587
1922 1081 6586
1921 1082 6585
1920 1083 6584
1919 1084 6583
1918 1085 6582
1917 1086 6581
1916 1087 6580
1915 1088 6579
1914 1089 6578
1913 1090 6577
1912 1091 6576
1911 1092 6575
1910 1093 6574
1909 1094 6573
1908 1095 6572
1907 1096 6571
1906 1097 6570
1905 1098 6569
1904 1099 6568
1903 1100 6567
1902 1101 6566
1901 1102 6565
1900 1103 6564
1899 1104 6563
1898 1105 6562
1897 1106 6561
1896 1107 6560
1895 1108 6559
1894 1109 6558
1893 1110 6557
1892 1111 6556
1891 1112 6555
1890 1113 6554
1889 1114 6553
1888 1115 6552
1887 1116 6551
1886 1117 6550
1885 1118 6549
1884 1119 6548
1883 1120 6547
1882 1121 6546
1881 1122 6545
1880 1123 6544
1879 1124 6543
1878 1125 6542
1877 1126 6541
1876 1127 6540
1875 1128 6539
1874 1129 6538
1873 1130 6537
1872 1131 6536
1871 1132 6535
1870 1133 6534
1869 1134 6533
1868 1135 6532
1867 1136 6531
1866 1137 6530
1865 1138 6529
1864 1139 6528
1863 1140 6527
1862 1141 6526
1861 1142 6525
1860 1143 6524
1859 1144 6523
1858 1145 6522
1857 1146 6521
1856 1147 6520
1855 1148 6519
1854 1149 6518
1853 1150 6517
1852 1151 6516
1851 1152 6515
1850 1153 6514
1849 1154 6513
1848 1155 6512
1847 1156 6511
1846 1157 6510
1845 1158 6509
1844 1159 6508
1843 1160 6507
1842 1161 6506
1841 1162 6505
1840 1163 6504
1839 1164 6503
1838 1165 6502
1837 1166 6501
1836 1167 6500
1835 1168 6499
1834 1169 6498
1833 1170 6497
1832 1171 6496
1831 1172 6495
1830 1173 6494
1829 1174 6493
1828 1175 6492
1827 1176 6491
1826 1177 6490
1825 1178 6489
1824 1179 6488
1823 1180 6487
1822 1181 6486
1821 1182 6485
1820 1183 6484
1819 1184 6483
1818 1185 6482
1817 1186 6481
1816 1187 6480
1815 1188 6479
1814 1189 6478
1813 1190 6477
1812 1191 6476
1811 1192 6475
1810 1193 6474
1809 1194 6473
1808 1195 6472
1807 1196 6471
1806 1197 6470
1805 1198 6469
1804 1199 6468
1803 1200 6467
1802 1201 6466
1801 1202 6465
1800 1203 6464
1799 1204 6463
1798 1205 6462
1797 1206 6461
1796 1207 6460
1795 1208 6459
1794 1209 6458
1793 1210 6457
1792 1211 6456
1791 1212 6455
1790 1213 6454
1789 1214 6453
1788 1215 6452
1787 1216 6451
1786 1217 6450
1785 1218 6449
1784 1219 6448
1783 1220 6447
1782 1221 6446
1781 1222 6445
1780 1223 6444
1779 1224 6443
1778 1225 6442
1777 1226 6441
1776 1227 6440
1775 1228 6439
1774 1229 6438
1773 1230 6437
1772 1231 6436
1771 1232 6435
1770 1233 6434
1769 1234 6433
1768 1235 6432
1767 1236 6431
1766 1237 6430
1765 1238 6429
1764 1239 6428
1763 1240 6427
1762 1241 6426
1761 1242 6425
1760 1243 6424
1759 1244 6423
1758 1245 6422
1757 1246 6421
1756 1247 6420
1755 1248 6419
1754 1249 6418
1753 1250 6417
1752 1251 6416
1751 1252 6415
1750 1253 6414
1749 1254 6413
1748 1255 6412
1747 1256 6411
1746 1257 6410
1745 1258 6409
1744 1259 6408
1743 1260 6407
1742 1261 6406
1741 1262 6405
1740 1263 6404
1739 1264 6403
1738 1265 6402
1737 1266 6401
1736 1267 6400
1735 1268 6399
1734 1269 6398
1733 1270 6397
1732 1271 6396
1731 1272 6395
1730 1273 6394
1729 1274 6393
1728 1275 6392
1727 1276 6391
1726 1277 6390
1725 1278 6389
1724 1279 6388
1723 1280 6387
1722 1281 6386
1721 1282 6385
1720 1283 6384
1719 1284 6383
1718 1285 6382
1717 1286 6381
1716 1287 6380
1715 1288 6379
1714 1289 6378
1713 1290 6377
1712 1291 6376
1711 1292 6375
1710 1293 6374
1709 1294 6373
1708 1295 6372
1707 1296 6371
1706 1297 6370
1705 1298 6369
1704 1299 6368
1703 1300 6367
1702 1301 6366
1701 1302 6365
1700 1303 6364
1699 1304 6363
1698 1305 6362
1697 1306 6361
1696 1307 6360
1695 1308 6359
1694 1309 6358
1693 1310 6357
1692 1311 6356
1691 1312 6355
1690 1313 6354
1689 1314 6353
1688 1315 6352
1687 1316 6351
1686 1317 6350
1685 1318 6349
1684 1319 6348
1683 1320 6347
1682 1321 6346
1681 1322 6345
1680 1323 6344
1679 1324 6343
1678 1325 6342
1677 1326 6341
1676 1327 6340
1675 1328 6339
1674 1329 6338
1673 1330 6337
1672 1331 6336
1671 1332 6335
1670 1333 6334
1669 1334 6333
1668 1335 6332
1667 1336 6331
1666 1337 6330
1665 1338 6329
1664 1339 6328
1663 1340 6327
1662 1341 6326
1661 1342 6325
1660 1343 6324
1659 1344 6323
1658 1345 6322
1657 1346 6321
1656 1347 6320
1655 1348 6319
1654 1349 6318
1653 1350 6317
1652 1351 6316
1651 1352 6315
1650 1353 6314
1649 1354 6313
1648 1355 6312
1647 1356 6311
1646 1357 6310
1645 1358 6309
1644 1359 6308
1643 1360 6307
1642 1361 6306
1641 1362 6305
1640 1363 6304
1639 1364 6303
1638 1365 6302
1637 1366 6301
1636 1367 6300
1635 1368 6299
1634 1369 6298
1633 1370 6297
1632 1371 6296
1631 1372 6295
1630 1373 6294
1629 1374 6293
1628 1375 6292
1627 1376 6291
1626 1377 6290
1625 1378 6289
1624 1379 6288
1623 1380 6287
1622 1381 6286
1621 1382 6285
1620 1383 6284
1619 1384 6283
1618 1385 6282
1617 1386 6281
1616 1387 6280
1615 1388 6279
1614 1389 6278
1613 1390 6277
1612 1391 6276
1611 1392 6275
1610 1393 6274
1609 1394 6273
1608 1395 6272
1607 1396 6271
1606 1397 6270
1605 1398 6269
1604 1399 6268
1603 1400 6267
1602 1401 6266
1601 1402 6265
1600 1403 6264
1599 1404 6263
1598 1405 6262
1597 1406 6261
1596 1407 6260
1595 1408 6259
1594 1409 6258
1593 1410 6257
1592 1411 6256
1591 1412 6255
1590 1413 6254
1589 1414 6253
1588 1415 6252
1587 1416 6251
1586 1417 6250
1585 1418 6249
1584 1419 6248
1583 1420 6247
1582 1421 6246
1581 1422 6245
1580 1423 6244
1579 1424 6243
1578 1425 6242
1577 1426 6241
1576 1427 6240
1575 1428 6239
1574 1429 6238
1573 1430 6237
1572 1431 6236
1571 1432 6235
1570 1433 6234
1569 1434 6233
1568 1435 6232
1567 1436 6231
1566 1437 6230
1565 1438 6229
1564 1439 6228
1563 1440 6227
1562 1441 6226
1561 1442 6225
1560 1443 6224
1559 1444 6223
1558 1445 6222
1557 1446 6221
1556 1447 6220
1555 1448 6219
1554 1449 6218
1553 1450 6217
1552 1451 6216
1551 1452 6215
1550 1453 6214
1549 1454 6213
1548 1455 6212
1547 1456 6211
1546 1457 6210
1545 1458 6209
1544 1459 6208
1543 1460 6207
1542 1461 6206
1541 1462 6205
1540 1463 6204
1539 1464 6203
1538 1465 6202
1537 1466 6201
1536 1467 6200
1535 1468 6199
1534 1469 6198
1533 1470 6197
1532 1471 6196
1531 1472 6195
1530 1473 6194
1529 1474 6193
1528 1475 6192
1527 1476 6191
1526 1477 6190
1525 1478 6189
1524 1479 6188
1523 1480 6187
1522 1481 6186
1521 1482 6185
1520 1483 6184
1519 1484 6183
1518 1485 6182
1517 1486 6181
1516 1487 6180
1515 1488 6179
1514 1489 6178
1513 1490 6177
1512 1491 6176
1511 1492 6175
1510 1493 6174
1509 1494 6173
1508 1495 6172
1507 1496 6171
1506 1497 6170
1505 1498 6169
1504 1499 6168
1503 1500 6167
1502 1501 6166
1501 1502 6165
1500 1503 6164
1499 1504 6163
1498 1505 6162
1497 1506 6161
1496 1507 6160
1495 1508 6159
1494 1509 6158
1493 1510 6157
1492 1511 6156
1491 1512 6155
1490 1513 6154
1489 1514 6153
1488 1515 6152
1487 1516 6151
1486 1517 6150
1485 1518 6149
1484 1519 6148
1483 1520 6147
1482 1521 6146
1481 1522 6145
1480 1523 6144
1479 1524 6143
1478 1525 6142
1477 1526 6141
1476 1527 6140
1475 1528 6139
1474 1529 6138
1473 1530 6137
1472 1531 6136
1471 1532 6135
1470 1533 6134
1469 1534 6133
1468 1535 6132
1467 1536 6131
1466 1537 6130
1465 1538 6129
1464 1539 6128
1463 1540 6127
1462 1541 6126
1461 1542 6125
1460 1543 6124
1459 1544 6123
1458 1545 6122
1457 1546 6121
1456 1547 6120
1455 1548 6119
1454 1549 6118
1453 1550 6117
1452 1551 6116
1451 1552 6115
1450 1553 6114
1449 1554 6113
1448 1555 6112
1447 1556 6111
1446 1557 6110
1445 1558 6109
1444 1559 6108
1443 1560 6107
1442 1561 6106
1441 1562 6105
1440 1563 6104
1439 1564 6103
1438 1565 6102
1437 1566 6101
1436 1567 6100
1435 1568 6099
1434 1569 6098
1433 1570 6097
1432 1571 6096
1431 1572 6095
1430 1573 6094
1429 1574 6093
1428 1575 6092
1427 1576 6091
1426 1577 6090
1425 1578 6089
1424 1579 6088
1423 1580 6087
1422 1581 6086
1421 1582 6085
1420 1583 6084
1419 1584 6083
1418 1585 6082
1417 1586 6081
1416 1587 6080
1415 1588 6079
1414 1589 6078
1413 1590 6077
1412 1591 6076
1411 1592 6075
1410 1593 6074
1409 1594 6073
1408 1595 6072
1407 1596 6071
1406 1597 6070
1405 1598 6069
1404 1599 6068
1403 1600 6067
1402 1601 6066
1401 1602 6065
1400 1603 6064
1399 1604 6063
1398 1605 6062
1397 1606 6061
1396 1607 6060
1395 1608 6059
1394 1609 6058
1393 1610 6057
1392 1611 6056
1391 1612 6055
1390 1613 6054
1389 1614 6053
1388 1615 6052
1387 1616 6051
1386 1617 6050
1385 1618 6049
1384 1619 6048
1383 1620 6047
1382 1621 6046
1381 1622 6045
1380 1623 6044
1379 1624 6043
1378 1625 6042
1377 1626 6041
1376 1627 6040
1375 1628 6039
1374 1629 6038
1373 1630 6037
1372 1631 6036
1371 1632 6035
1370 1633 6034
1369 1634 6033
1368 1635 6032
1367 1636 6031
1366 1637 6030
1365 1638 6029
1364 1639 6028
1363 1640 6027
1362 1641 6026
1361 1642 6025
1360 1643 6024
1359 1644 6023
1358 1645 6022
1357 1646 6021
1356 1647 6020
1355 1648 6019
1354 1649 6018
1353 1650 6017
1352 1651 6016
1351 1652 6015
1350 1653 6014
1349 1654 6013
1348 1655 6012
1347 1656 6011
1346 1657 6010
1345 1658 6009
1344 1659 6008
1343 1660 6007
1342 1661 6006
1341 1662 6005
1340 1663 6004
1339 1664 6003
1338 1665 6002
1337 1666 6001
