355
3000 3 6355
2999 4 6354
2998 5 6353
2997 6 6352
2996 7 6351
2995 8 6350
2994 9 6349
2993 10 6348
2992 11 6347
2991 12 6346
2990 13 6345
2989 14 6344
2988 15 6343
2987 16 6342
2986 17 6341
2985 18 6340
2984 19 6339
2983 20 6338
2982 21 6337
2981 22 6336
2980 23 6335
2979 24 6334
2978 25 6333
2977 26 6332
2976 27 6331
2975 28 6330
2974 29 6329
2973 30 6328
2972 31 6327
2971 32 6326
2970 33 6325
2969 34 6324
2968 35 6323
2967 36 6322
2966 37 6321
2965 38 6320
2964 39 6319
2963 40 6318
2962 41 6317
2961 42 6316
2960 43 6315
2959 44 6314
2958 45 6313
2957 46 6312
2956 47 6311
2955 48 6310
2954 49 6309
2953 50 6308
2952 51 6307
2951 52 6306
2950 53 6305
2949 54 6304
2948 55 6303
2947 56 6302
2946 57 6301
2945 58 6300
2944 59 6299
2943 60 6298
2942 61 6297
2941 62 6296
2940 63 6295
2939 64 6294
2938 65 6293
2937 66 6292
2936 67 6291
2935 68 6290
2934 69 6289
2933 70 6288
2932 71 6287
2931 72 6286
2930 73 6285
2929 74 6284
2928 75 6283
2927 76 6282
2926 77 6281
2925 78 6280
2924 79 6279
2923 80 6278
2922 81 6277
2921 82 6276
2920 83 6275
2919 84 6274
2918 85 6273
2917 86 6272
2916 87 6271
2915 88 6270
2914 89 6269
2913 90 6268
2912 91 6267
2911 92 6266
2910 93 6265
2909 94 6264
2908 95 6263
2907 96 6262
2906 97 6261
2905 98 6260
2904 99 6259
2903 100 6258
2902 101 6257
2901 102 6256
2900 103 6255
2899 104 6254
2898 105 6253
2897 106 6252
2896 107 6251
2895 108 6250
2894 109 6249
2893 110 6248
2892 111 6247
2891 112 6246
2890 113 6245
2889 114 6244
2888 115 6243
2887 116 6242
2886 117 6241
2885 118 6240
2884 119 6239
2883 120 6238
2882 121 6237
2881 122 6236
2880 123 6235
2879 124 6234
2878 125 6233
2877 126 6232
2876 127 6231
2875 128 6230
2874 129 6229
2873 130 6228
2872 131 6227
2871 132 6226
2870 133 6225
2869 134 6224
2868 135 6223
2867 136 6222
2866 137 6221
2865 138 6220
2864 139 6219
2863 140 6218
2862 141 6217
2861 142 6216
2860 143 6215
2859 144 6214
2858 145 6213
2857 146 6212
2856 147 6211
2855 148 6210
2854 149 6209
2853 150 6208
2852 151 6207
2851 152 6206
2850 153 6205
2849 154 6204
2848 155 6203
2847 156 6202
2846 157 6201
2845 158 6200
2844 159 6199
2843 160 6198
2842 161 6197
2841 162 6196
2840 163 6195
2839 164 6194
2838 165 6193
2837 166 6192
2836 167 6191
2835 168 6190
2834 169 6189
2833 170 6188
2832 171 6187
2831 172 6186
2830 173 6185
2829 174 6184
2828 175 6183
2827 176 6182
2826 177 6181
2825 178 6180
2824 179 6179
2823 180 6178
2822 181 6177
2821 182 6176
2820 183 6175
2819 184 6174
2818 185 6173
2817 186 6172
2816 187 6171
2815 188 6170
2814 189 6169
2813 190 6168
2812 191 6167
2811 192 6166
2810 193 6165
2809 194 6164
2808 195 6163
2807 196 6162
2806 197 6161
2805 198 6160
2804 199 6159
2803 200 6158
2802 201 6157
2801 202 6156
2800 203 6155
2799 204 6154
2798 205 6153
2797 206 6152
2796 207 6151
2795 208 6150
2794 209 6149
2793 210 6148
2792 211 6147
2791 212 6146
2790 213 6145
2789 214 6144
2788 215 6143
2787 216 6142
2786 217 6141
2785 218 6140
2784 219 6139
2783 220 6138
2782 221 6137
2781 222 6136
2780 223 6135
2779 224 6134
2778 225 6133
2777 226 6132
2776 227 6131
2775 228 6130
2774 229 6129
2773 230 6128
2772 231 6127
2771 232 6126
2770 233 6125
2769 234 6124
2768 235 6123
2767 236 6122
2766 237 6121
2765 238 6120
2764 239 6119
2763 240 6118
2762 241 6117
2761 242 6116
2760 243 6115
2759 244 6114
2758 245 6113
2757 246 6112
2756 247 6111
2755 248 6110
2754 249 6109
2753 250 6108
2752 251 6107
2751 252 6106
2750 253 6105
2749 254 6104
2748 255 6103
2747 256 6102
2746 257 6101
2745 258 6100
2744 259 6099
2743 260 6098
2742 261 6097
2741 262 6096
2740 263 6095
2739 264 6094
2738 265 6093
2737 266 6092
2736 267 6091
2735 268 6090
2734 269 6089
2733 270 6088
2732 271 6087
2731 272 6086
2730 273 6085
2729 274 6084
2728 275 6083
2727 276 6082
2726 277 6081
2725 278 6080
2724 279 6079
2723 280 6078
2722 281 6077
2721 282 6076
2720 283 6075
2719 284 6074
2718 285 6073
2717 286 6072
2716 287 6071
2715 288 6070
2714 289 6069
2713 290 6068
2712 291 6067
2711 292 6066
2710 293 6065
2709 294 6064
2708 295 6063
2707 296 6062
2706 297 6061
2705 298 6060
2704 299 6059
2703 300 6058
2702 301 6057
2701 302 6056
2700 303 6055
2699 304 6054
2698 305 6053
2697 306 6052
2696 307 6051
2695 308 6050
2694 309 6049
2693 310 6048
2692 311 6047
2691 312 6046
2690 313 6045
2689 314 6044
2688 315 6043
2687 316 6042
2686 317 6041
2685 318 6040
2684 319 6039
2683 320 6038
2682 321 6037
2681 322 6036
2680 323 6035
2679 324 6034
2678 325 6033
2677 326 6032
2676 327 6031
2675 328 6030
2674 329 6029
2673 330 6028
2672 331 6027
2671 332 6026
2670 333 6025
2669 334 6024
2668 335 6023
2667 336 6022
2666 337 6021
2665 338 6020
2664 339 6019
2663 340 6018
2662 341 6017
2661 342 6016
2660 343 6015
2659 344 6014
2658 345 6013
2657 346 6012
2656 347 6011
2655 348 6010
2654 349 6009
2653 350 6008
2652 351 6007
2651 352 6006
2650 353 6005
2649 354 6004
2648 355 6003
2647 356 6002
2646 357 6001
