1243
3000 3 7243
2999 4 7242
2998 5 7241
2997 6 7240
2996 7 7239
2995 8 7238
2994 9 7237
2993 10 7236
2992 11 7235
2991 12 7234
2990 13 7233
2989 14 7232
2988 15 7231
2987 16 7230
2986 17 7229
2985 18 7228
2984 19 7227
2983 20 7226
2982 21 7225
2981 22 7224
2980 23 7223
2979 24 7222
2978 25 7221
2977 26 7220
2976 27 7219
2975 28 7218
2974 29 7217
2973 30 7216
2972 31 7215
2971 32 7214
2970 33 7213
2969 34 7212
2968 35 7211
2967 36 7210
2966 37 7209
2965 38 7208
2964 39 7207
2963 40 7206
2962 41 7205
2961 42 7204
2960 43 7203
2959 44 7202
2958 45 7201
2957 46 7200
2956 47 7199
2955 48 7198
2954 49 7197
2953 50 7196
2952 51 7195
2951 52 7194
2950 53 7193
2949 54 7192
2948 55 7191
2947 56 7190
2946 57 7189
2945 58 7188
2944 59 7187
2943 60 7186
2942 61 7185
2941 62 7184
2940 63 7183
2939 64 7182
2938 65 7181
2937 66 7180
2936 67 7179
2935 68 7178
2934 69 7177
2933 70 7176
2932 71 7175
2931 72 7174
2930 73 7173
2929 74 7172
2928 75 7171
2927 76 7170
2926 77 7169
2925 78 7168
2924 79 7167
2923 80 7166
2922 81 7165
2921 82 7164
2920 83 7163
2919 84 7162
2918 85 7161
2917 86 7160
2916 87 7159
2915 88 7158
2914 89 7157
2913 90 7156
2912 91 7155
2911 92 7154
2910 93 7153
2909 94 7152
2908 95 7151
2907 96 7150
2906 97 7149
2905 98 7148
2904 99 7147
2903 100 7146
2902 101 7145
2901 102 7144
2900 103 7143
2899 104 7142
2898 105 7141
2897 106 7140
2896 107 7139
2895 108 7138
2894 109 7137
2893 110 7136
2892 111 7135
2891 112 7134
2890 113 7133
2889 114 7132
2888 115 7131
2887 116 7130
2886 117 7129
2885 118 7128
2884 119 7127
2883 120 7126
2882 121 7125
2881 122 7124
2880 123 7123
2879 124 7122
2878 125 7121
2877 126 7120
2876 127 7119
2875 128 7118
2874 129 7117
2873 130 7116
2872 131 7115
2871 132 7114
2870 133 7113
2869 134 7112
2868 135 7111
2867 136 7110
2866 137 7109
2865 138 7108
2864 139 7107
2863 140 7106
2862 141 7105
2861 142 7104
2860 143 7103
2859 144 7102
2858 145 7101
2857 146 7100
2856 147 7099
2855 148 7098
2854 149 7097
2853 150 7096
2852 151 7095
2851 152 7094
2850 153 7093
2849 154 7092
2848 155 7091
2847 156 7090
2846 157 7089
2845 158 7088
2844 159 7087
2843 160 7086
2842 161 7085
2841 162 7084
2840 163 7083
2839 164 7082
2838 165 7081
2837 166 7080
2836 167 7079
2835 168 7078
2834 169 7077
2833 170 7076
2832 171 7075
2831 172 7074
2830 173 7073
2829 174 7072
2828 175 7071
2827 176 7070
2826 177 7069
2825 178 7068
2824 179 7067
2823 180 7066
2822 181 7065
2821 182 7064
2820 183 7063
2819 184 7062
2818 185 7061
2817 186 7060
2816 187 7059
2815 188 7058
2814 189 7057
2813 190 7056
2812 191 7055
2811 192 7054
2810 193 7053
2809 194 7052
2808 195 7051
2807 196 7050
2806 197 7049
2805 198 7048
2804 199 7047
2803 200 7046
2802 201 7045
2801 202 7044
2800 203 7043
2799 204 7042
2798 205 7041
2797 206 7040
2796 207 7039
2795 208 7038
2794 209 7037
2793 210 7036
2792 211 7035
2791 212 7034
2790 213 7033
2789 214 7032
2788 215 7031
2787 216 7030
2786 217 7029
2785 218 7028
2784 219 7027
2783 220 7026
2782 221 7025
2781 222 7024
2780 223 7023
2779 224 7022
2778 225 7021
2777 226 7020
2776 227 7019
2775 228 7018
2774 229 7017
2773 230 7016
2772 231 7015
2771 232 7014
2770 233 7013
2769 234 7012
2768 235 7011
2767 236 7010
2766 237 7009
2765 238 7008
2764 239 7007
2763 240 7006
2762 241 7005
2761 242 7004
2760 243 7003
2759 244 7002
2758 245 7001
2757 246 7000
2756 247 6999
2755 248 6998
2754 249 6997
2753 250 6996
2752 251 6995
2751 252 6994
2750 253 6993
2749 254 6992
2748 255 6991
2747 256 6990
2746 257 6989
2745 258 6988
2744 259 6987
2743 260 6986
2742 261 6985
2741 262 6984
2740 263 6983
2739 264 6982
2738 265 6981
2737 266 6980
2736 267 6979
2735 268 6978
2734 269 6977
2733 270 6976
2732 271 6975
2731 272 6974
2730 273 6973
2729 274 6972
2728 275 6971
2727 276 6970
2726 277 6969
2725 278 6968
2724 279 6967
2723 280 6966
2722 281 6965
2721 282 6964
2720 283 6963
2719 284 6962
2718 285 6961
2717 286 6960
2716 287 6959
2715 288 6958
2714 289 6957
2713 290 6956
2712 291 6955
2711 292 6954
2710 293 6953
2709 294 6952
2708 295 6951
2707 296 6950
2706 297 6949
2705 298 6948
2704 299 6947
2703 300 6946
2702 301 6945
2701 302 6944
2700 303 6943
2699 304 6942
2698 305 6941
2697 306 6940
2696 307 6939
2695 308 6938
2694 309 6937
2693 310 6936
2692 311 6935
2691 312 6934
2690 313 6933
2689 314 6932
2688 315 6931
2687 316 6930
2686 317 6929
2685 318 6928
2684 319 6927
2683 320 6926
2682 321 6925
2681 322 6924
2680 323 6923
2679 324 6922
2678 325 6921
2677 326 6920
2676 327 6919
2675 328 6918
2674 329 6917
2673 330 6916
2672 331 6915
2671 332 6914
2670 333 6913
2669 334 6912
2668 335 6911
2667 336 6910
2666 337 6909
2665 338 6908
2664 339 6907
2663 340 6906
2662 341 6905
2661 342 6904
2660 343 6903
2659 344 6902
2658 345 6901
2657 346 6900
2656 347 6899
2655 348 6898
2654 349 6897
2653 350 6896
2652 351 6895
2651 352 6894
2650 353 6893
2649 354 6892
2648 355 6891
2647 356 6890
2646 357 6889
2645 358 6888
2644 359 6887
2643 360 6886
2642 361 6885
2641 362 6884
2640 363 6883
2639 364 6882
2638 365 6881
2637 366 6880
2636 367 6879
2635 368 6878
2634 369 6877
2633 370 6876
2632 371 6875
2631 372 6874
2630 373 6873
2629 374 6872
2628 375 6871
2627 376 6870
2626 377 6869
2625 378 6868
2624 379 6867
2623 380 6866
2622 381 6865
2621 382 6864
2620 383 6863
2619 384 6862
2618 385 6861
2617 386 6860
2616 387 6859
2615 388 6858
2614 389 6857
2613 390 6856
2612 391 6855
2611 392 6854
2610 393 6853
2609 394 6852
2608 395 6851
2607 396 6850
2606 397 6849
2605 398 6848
2604 399 6847
2603 400 6846
2602 401 6845
2601 402 6844
2600 403 6843
2599 404 6842
2598 405 6841
2597 406 6840
2596 407 6839
2595 408 6838
2594 409 6837
2593 410 6836
2592 411 6835
2591 412 6834
2590 413 6833
2589 414 6832
2588 415 6831
2587 416 6830
2586 417 6829
2585 418 6828
2584 419 6827
2583 420 6826
2582 421 6825
2581 422 6824
2580 423 6823
2579 424 6822
2578 425 6821
2577 426 6820
2576 427 6819
2575 428 6818
2574 429 6817
2573 430 6816
2572 431 6815
2571 432 6814
2570 433 6813
2569 434 6812
2568 435 6811
2567 436 6810
2566 437 6809
2565 438 6808
2564 439 6807
2563 440 6806
2562 441 6805
2561 442 6804
2560 443 6803
2559 444 6802
2558 445 6801
2557 446 6800
2556 447 6799
2555 448 6798
2554 449 6797
2553 450 6796
2552 451 6795
2551 452 6794
2550 453 6793
2549 454 6792
2548 455 6791
2547 456 6790
2546 457 6789
2545 458 6788
2544 459 6787
2543 460 6786
2542 461 6785
2541 462 6784
2540 463 6783
2539 464 6782
2538 465 6781
2537 466 6780
2536 467 6779
2535 468 6778
2534 469 6777
2533 470 6776
2532 471 6775
2531 472 6774
2530 473 6773
2529 474 6772
2528 475 6771
2527 476 6770
2526 477 6769
2525 478 6768
2524 479 6767
2523 480 6766
2522 481 6765
2521 482 6764
2520 483 6763
2519 484 6762
2518 485 6761
2517 486 6760
2516 487 6759
2515 488 6758
2514 489 6757
2513 490 6756
2512 491 6755
2511 492 6754
2510 493 6753
2509 494 6752
2508 495 6751
2507 496 6750
2506 497 6749
2505 498 6748
2504 499 6747
2503 500 6746
2502 501 6745
2501 502 6744
2500 503 6743
2499 504 6742
2498 505 6741
2497 506 6740
2496 507 6739
2495 508 6738
2494 509 6737
2493 510 6736
2492 511 6735
2491 512 6734
2490 513 6733
2489 514 6732
2488 515 6731
2487 516 6730
2486 517 6729
2485 518 6728
2484 519 6727
2483 520 6726
2482 521 6725
2481 522 6724
2480 523 6723
2479 524 6722
2478 525 6721
2477 526 6720
2476 527 6719
2475 528 6718
2474 529 6717
2473 530 6716
2472 531 6715
2471 532 6714
2470 533 6713
2469 534 6712
2468 535 6711
2467 536 6710
2466 537 6709
2465 538 6708
2464 539 6707
2463 540 6706
2462 541 6705
2461 542 6704
2460 543 6703
2459 544 6702
2458 545 6701
2457 546 6700
2456 547 6699
2455 548 6698
2454 549 6697
2453 550 6696
2452 551 6695
2451 552 6694
2450 553 6693
2449 554 6692
2448 555 6691
2447 556 6690
2446 557 6689
2445 558 6688
2444 559 6687
2443 560 6686
2442 561 6685
2441 562 6684
2440 563 6683
2439 564 6682
2438 565 6681
2437 566 6680
2436 567 6679
2435 568 6678
2434 569 6677
2433 570 6676
2432 571 6675
2431 572 6674
2430 573 6673
2429 574 6672
2428 575 6671
2427 576 6670
2426 577 6669
2425 578 6668
2424 579 6667
2423 580 6666
2422 581 6665
2421 582 6664
2420 583 6663
2419 584 6662
2418 585 6661
2417 586 6660
2416 587 6659
2415 588 6658
2414 589 6657
2413 590 6656
2412 591 6655
2411 592 6654
2410 593 6653
2409 594 6652
2408 595 6651
2407 596 6650
2406 597 6649
2405 598 6648
2404 599 6647
2403 600 6646
2402 601 6645
2401 602 6644
2400 603 6643
2399 604 6642
2398 605 6641
2397 606 6640
2396 607 6639
2395 608 6638
2394 609 6637
2393 610 6636
2392 611 6635
2391 612 6634
2390 613 6633
2389 614 6632
2388 615 6631
2387 616 6630
2386 617 6629
2385 618 6628
2384 619 6627
2383 620 6626
2382 621 6625
2381 622 6624
2380 623 6623
2379 624 6622
2378 625 6621
2377 626 6620
2376 627 6619
2375 628 6618
2374 629 6617
2373 630 6616
2372 631 6615
2371 632 6614
2370 633 6613
2369 634 6612
2368 635 6611
2367 636 6610
2366 637 6609
2365 638 6608
2364 639 6607
2363 640 6606
2362 641 6605
2361 642 6604
2360 643 6603
2359 644 6602
2358 645 6601
2357 646 6600
2356 647 6599
2355 648 6598
2354 649 6597
2353 650 6596
2352 651 6595
2351 652 6594
2350 653 6593
2349 654 6592
2348 655 6591
2347 656 6590
2346 657 6589
2345 658 6588
2344 659 6587
2343 660 6586
2342 661 6585
2341 662 6584
2340 663 6583
2339 664 6582
2338 665 6581
2337 666 6580
2336 667 6579
2335 668 6578
2334 669 6577
2333 670 6576
2332 671 6575
2331 672 6574
2330 673 6573
2329 674 6572
2328 675 6571
2327 676 6570
2326 677 6569
2325 678 6568
2324 679 6567
2323 680 6566
2322 681 6565
2321 682 6564
2320 683 6563
2319 684 6562
2318 685 6561
2317 686 6560
2316 687 6559
2315 688 6558
2314 689 6557
2313 690 6556
2312 691 6555
2311 692 6554
2310 693 6553
2309 694 6552
2308 695 6551
2307 696 6550
2306 697 6549
2305 698 6548
2304 699 6547
2303 700 6546
2302 701 6545
2301 702 6544
2300 703 6543
2299 704 6542
2298 705 6541
2297 706 6540
2296 707 6539
2295 708 6538
2294 709 6537
2293 710 6536
2292 711 6535
2291 712 6534
2290 713 6533
2289 714 6532
2288 715 6531
2287 716 6530
2286 717 6529
2285 718 6528
2284 719 6527
2283 720 6526
2282 721 6525
2281 722 6524
2280 723 6523
2279 724 6522
2278 725 6521
2277 726 6520
2276 727 6519
2275 728 6518
2274 729 6517
2273 730 6516
2272 731 6515
2271 732 6514
2270 733 6513
2269 734 6512
2268 735 6511
2267 736 6510
2266 737 6509
2265 738 6508
2264 739 6507
2263 740 6506
2262 741 6505
2261 742 6504
2260 743 6503
2259 744 6502
2258 745 6501
2257 746 6500
2256 747 6499
2255 748 6498
2254 749 6497
2253 750 6496
2252 751 6495
2251 752 6494
2250 753 6493
2249 754 6492
2248 755 6491
2247 756 6490
2246 757 6489
2245 758 6488
2244 759 6487
2243 760 6486
2242 761 6485
2241 762 6484
2240 763 6483
2239 764 6482
2238 765 6481
2237 766 6480
2236 767 6479
2235 768 6478
2234 769 6477
2233 770 6476
2232 771 6475
2231 772 6474
2230 773 6473
2229 774 6472
2228 775 6471
2227 776 6470
2226 777 6469
2225 778 6468
2224 779 6467
2223 780 6466
2222 781 6465
2221 782 6464
2220 783 6463
2219 784 6462
2218 785 6461
2217 786 6460
2216 787 6459
2215 788 6458
2214 789 6457
2213 790 6456
2212 791 6455
2211 792 6454
2210 793 6453
2209 794 6452
2208 795 6451
2207 796 6450
2206 797 6449
2205 798 6448
2204 799 6447
2203 800 6446
2202 801 6445
2201 802 6444
2200 803 6443
2199 804 6442
2198 805 6441
2197 806 6440
2196 807 6439
2195 808 6438
2194 809 6437
2193 810 6436
2192 811 6435
2191 812 6434
2190 813 6433
2189 814 6432
2188 815 6431
2187 816 6430
2186 817 6429
2185 818 6428
2184 819 6427
2183 820 6426
2182 821 6425
2181 822 6424
2180 823 6423
2179 824 6422
2178 825 6421
2177 826 6420
2176 827 6419
2175 828 6418
2174 829 6417
2173 830 6416
2172 831 6415
2171 832 6414
2170 833 6413
2169 834 6412
2168 835 6411
2167 836 6410
2166 837 6409
2165 838 6408
2164 839 6407
2163 840 6406
2162 841 6405
2161 842 6404
2160 843 6403
2159 844 6402
2158 845 6401
2157 846 6400
2156 847 6399
2155 848 6398
2154 849 6397
2153 850 6396
2152 851 6395
2151 852 6394
2150 853 6393
2149 854 6392
2148 855 6391
2147 856 6390
2146 857 6389
2145 858 6388
2144 859 6387
2143 860 6386
2142 861 6385
2141 862 6384
2140 863 6383
2139 864 6382
2138 865 6381
2137 866 6380
2136 867 6379
2135 868 6378
2134 869 6377
2133 870 6376
2132 871 6375
2131 872 6374
2130 873 6373
2129 874 6372
2128 875 6371
2127 876 6370
2126 877 6369
2125 878 6368
2124 879 6367
2123 880 6366
2122 881 6365
2121 882 6364
2120 883 6363
2119 884 6362
2118 885 6361
2117 886 6360
2116 887 6359
2115 888 6358
2114 889 6357
2113 890 6356
2112 891 6355
2111 892 6354
2110 893 6353
2109 894 6352
2108 895 6351
2107 896 6350
2106 897 6349
2105 898 6348
2104 899 6347
2103 900 6346
2102 901 6345
2101 902 6344
2100 903 6343
2099 904 6342
2098 905 6341
2097 906 6340
2096 907 6339
2095 908 6338
2094 909 6337
2093 910 6336
2092 911 6335
2091 912 6334
2090 913 6333
2089 914 6332
2088 915 6331
2087 916 6330
2086 917 6329
2085 918 6328
2084 919 6327
2083 920 6326
2082 921 6325
2081 922 6324
2080 923 6323
2079 924 6322
2078 925 6321
2077 926 6320
2076 927 6319
2075 928 6318
2074 929 6317
2073 930 6316
2072 931 6315
2071 932 6314
2070 933 6313
2069 934 6312
2068 935 6311
2067 936 6310
2066 937 6309
2065 938 6308
2064 939 6307
2063 940 6306
2062 941 6305
2061 942 6304
2060 943 6303
2059 944 6302
2058 945 6301
2057 946 6300
2056 947 6299
2055 948 6298
2054 949 6297
2053 950 6296
2052 951 6295
2051 952 6294
2050 953 6293
2049 954 6292
2048 955 6291
2047 956 6290
2046 957 6289
2045 958 6288
2044 959 6287
2043 960 6286
2042 961 6285
2041 962 6284
2040 963 6283
2039 964 6282
2038 965 6281
2037 966 6280
2036 967 6279
2035 968 6278
2034 969 6277
2033 970 6276
2032 971 6275
2031 972 6274
2030 973 6273
2029 974 6272
2028 975 6271
2027 976 6270
2026 977 6269
2025 978 6268
2024 979 6267
2023 980 6266
2022 981 6265
2021 982 6264
2020 983 6263
2019 984 6262
2018 985 6261
2017 986 6260
2016 987 6259
2015 988 6258
2014 989 6257
2013 990 6256
2012 991 6255
2011 992 6254
2010 993 6253
2009 994 6252
2008 995 6251
2007 996 6250
2006 997 6249
2005 998 6248
2004 999 6247
2003 1000 6246
2002 1001 6245
2001 1002 6244
2000 1003 6243
1999 1004 6242
1998 1005 6241
1997 1006 6240
1996 1007 6239
1995 1008 6238
1994 1009 6237
1993 1010 6236
1992 1011 6235
1991 1012 6234
1990 1013 6233
1989 1014 6232
1988 1015 6231
1987 1016 6230
1986 1017 6229
1985 1018 6228
1984 1019 6227
1983 1020 6226
1982 1021 6225
1981 1022 6224
1980 1023 6223
1979 1024 6222
1978 1025 6221
1977 1026 6220
1976 1027 6219
1975 1028 6218
1974 1029 6217
1973 1030 6216
1972 1031 6215
1971 1032 6214
1970 1033 6213
1969 1034 6212
1968 1035 6211
1967 1036 6210
1966 1037 6209
1965 1038 6208
1964 1039 6207
1963 1040 6206
1962 1041 6205
1961 1042 6204
1960 1043 6203
1959 1044 6202
1958 1045 6201
1957 1046 6200
1956 1047 6199
1955 1048 6198
1954 1049 6197
1953 1050 6196
1952 1051 6195
1951 1052 6194
1950 1053 6193
1949 1054 6192
1948 1055 6191
1947 1056 6190
1946 1057 6189
1945 1058 6188
1944 1059 6187
1943 1060 6186
1942 1061 6185
1941 1062 6184
1940 1063 6183
1939 1064 6182
1938 1065 6181
1937 1066 6180
1936 1067 6179
1935 1068 6178
1934 1069 6177
1933 1070 6176
1932 1071 6175
1931 1072 6174
1930 1073 6173
1929 1074 6172
1928 1075 6171
1927 1076 6170
1926 1077 6169
1925 1078 6168
1924 1079 6167
1923 1080 6166
1922 1081 6165
1921 1082 6164
1920 1083 6163
1919 1084 6162
1918 1085 6161
1917 1086 6160
1916 1087 6159
1915 1088 6158
1914 1089 6157
1913 1090 6156
1912 1091 6155
1911 1092 6154
1910 1093 6153
1909 1094 6152
1908 1095 6151
1907 1096 6150
1906 1097 6149
1905 1098 6148
1904 1099 6147
1903 1100 6146
1902 1101 6145
1901 1102 6144
1900 1103 6143
1899 1104 6142
1898 1105 6141
1897 1106 6140
1896 1107 6139
1895 1108 6138
1894 1109 6137
1893 1110 6136
1892 1111 6135
1891 1112 6134
1890 1113 6133
1889 1114 6132
1888 1115 6131
1887 1116 6130
1886 1117 6129
1885 1118 6128
1884 1119 6127
1883 1120 6126
1882 1121 6125
1881 1122 6124
1880 1123 6123
1879 1124 6122
1878 1125 6121
1877 1126 6120
1876 1127 6119
1875 1128 6118
1874 1129 6117
1873 1130 6116
1872 1131 6115
1871 1132 6114
1870 1133 6113
1869 1134 6112
1868 1135 6111
1867 1136 6110
1866 1137 6109
1865 1138 6108
1864 1139 6107
1863 1140 6106
1862 1141 6105
1861 1142 6104
1860 1143 6103
1859 1144 6102
1858 1145 6101
1857 1146 6100
1856 1147 6099
1855 1148 6098
1854 1149 6097
1853 1150 6096
1852 1151 6095
1851 1152 6094
1850 1153 6093
1849 1154 6092
1848 1155 6091
1847 1156 6090
1846 1157 6089
1845 1158 6088
1844 1159 6087
1843 1160 6086
1842 1161 6085
1841 1162 6084
1840 1163 6083
1839 1164 6082
1838 1165 6081
1837 1166 6080
1836 1167 6079
1835 1168 6078
1834 1169 6077
1833 1170 6076
1832 1171 6075
1831 1172 6074
1830 1173 6073
1829 1174 6072
1828 1175 6071
1827 1176 6070
1826 1177 6069
1825 1178 6068
1824 1179 6067
1823 1180 6066
1822 1181 6065
1821 1182 6064
1820 1183 6063
1819 1184 6062
1818 1185 6061
1817 1186 6060
1816 1187 6059
1815 1188 6058
1814 1189 6057
1813 1190 6056
1812 1191 6055
1811 1192 6054
1810 1193 6053
1809 1194 6052
1808 1195 6051
1807 1196 6050
1806 1197 6049
1805 1198 6048
1804 1199 6047
1803 1200 6046
1802 1201 6045
1801 1202 6044
1800 1203 6043
1799 1204 6042
1798 1205 6041
1797 1206 6040
1796 1207 6039
1795 1208 6038
1794 1209 6037
1793 1210 6036
1792 1211 6035
1791 1212 6034
1790 1213 6033
1789 1214 6032
1788 1215 6031
1787 1216 6030
1786 1217 6029
1785 1218 6028
1784 1219 6027
1783 1220 6026
1782 1221 6025
1781 1222 6024
1780 1223 6023
1779 1224 6022
1778 1225 6021
1777 1226 6020
1776 1227 6019
1775 1228 6018
1774 1229 6017
1773 1230 6016
1772 1231 6015
1771 1232 6014
1770 1233 6013
1769 1234 6012
1768 1235 6011
1767 1236 6010
1766 1237 6009
1765 1238 6008
1764 1239 6007
1763 1240 6006
1762 1241 6005
1761 1242 6004
1760 1243 6003
1759 1244 6002
1758 1245 6001
