1968
3000 3 7968
2999 4 7967
2998 5 7966
2997 6 7965
2996 7 7964
2995 8 7963
2994 9 7962
2993 10 7961
2992 11 7960
2991 12 7959
2990 13 7958
2989 14 7957
2988 15 7956
2987 16 7955
2986 17 7954
2985 18 7953
2984 19 7952
2983 20 7951
2982 21 7950
2981 22 7949
2980 23 7948
2979 24 7947
2978 25 7946
2977 26 7945
2976 27 7944
2975 28 7943
2974 29 7942
2973 30 7941
2972 31 7940
2971 32 7939
2970 33 7938
2969 34 7937
2968 35 7936
2967 36 7935
2966 37 7934
2965 38 7933
2964 39 7932
2963 40 7931
2962 41 7930
2961 42 7929
2960 43 7928
2959 44 7927
2958 45 7926
2957 46 7925
2956 47 7924
2955 48 7923
2954 49 7922
2953 50 7921
2952 51 7920
2951 52 7919
2950 53 7918
2949 54 7917
2948 55 7916
2947 56 7915
2946 57 7914
2945 58 7913
2944 59 7912
2943 60 7911
2942 61 7910
2941 62 7909
2940 63 7908
2939 64 7907
2938 65 7906
2937 66 7905
2936 67 7904
2935 68 7903
2934 69 7902
2933 70 7901
2932 71 7900
2931 72 7899
2930 73 7898
2929 74 7897
2928 75 7896
2927 76 7895
2926 77 7894
2925 78 7893
2924 79 7892
2923 80 7891
2922 81 7890
2921 82 7889
2920 83 7888
2919 84 7887
2918 85 7886
2917 86 7885
2916 87 7884
2915 88 7883
2914 89 7882
2913 90 7881
2912 91 7880
2911 92 7879
2910 93 7878
2909 94 7877
2908 95 7876
2907 96 7875
2906 97 7874
2905 98 7873
2904 99 7872
2903 100 7871
2902 101 7870
2901 102 7869
2900 103 7868
2899 104 7867
2898 105 7866
2897 106 7865
2896 107 7864
2895 108 7863
2894 109 7862
2893 110 7861
2892 111 7860
2891 112 7859
2890 113 7858
2889 114 7857
2888 115 7856
2887 116 7855
2886 117 7854
2885 118 7853
2884 119 7852
2883 120 7851
2882 121 7850
2881 122 7849
2880 123 7848
2879 124 7847
2878 125 7846
2877 126 7845
2876 127 7844
2875 128 7843
2874 129 7842
2873 130 7841
2872 131 7840
2871 132 7839
2870 133 7838
2869 134 7837
2868 135 7836
2867 136 7835
2866 137 7834
2865 138 7833
2864 139 7832
2863 140 7831
2862 141 7830
2861 142 7829
2860 143 7828
2859 144 7827
2858 145 7826
2857 146 7825
2856 147 7824
2855 148 7823
2854 149 7822
2853 150 7821
2852 151 7820
2851 152 7819
2850 153 7818
2849 154 7817
2848 155 7816
2847 156 7815
2846 157 7814
2845 158 7813
2844 159 7812
2843 160 7811
2842 161 7810
2841 162 7809
2840 163 7808
2839 164 7807
2838 165 7806
2837 166 7805
2836 167 7804
2835 168 7803
2834 169 7802
2833 170 7801
2832 171 7800
2831 172 7799
2830 173 7798
2829 174 7797
2828 175 7796
2827 176 7795
2826 177 7794
2825 178 7793
2824 179 7792
2823 180 7791
2822 181 7790
2821 182 7789
2820 183 7788
2819 184 7787
2818 185 7786
2817 186 7785
2816 187 7784
2815 188 7783
2814 189 7782
2813 190 7781
2812 191 7780
2811 192 7779
2810 193 7778
2809 194 7777
2808 195 7776
2807 196 7775
2806 197 7774
2805 198 7773
2804 199 7772
2803 200 7771
2802 201 7770
2801 202 7769
2800 203 7768
2799 204 7767
2798 205 7766
2797 206 7765
2796 207 7764
2795 208 7763
2794 209 7762
2793 210 7761
2792 211 7760
2791 212 7759
2790 213 7758
2789 214 7757
2788 215 7756
2787 216 7755
2786 217 7754
2785 218 7753
2784 219 7752
2783 220 7751
2782 221 7750
2781 222 7749
2780 223 7748
2779 224 7747
2778 225 7746
2777 226 7745
2776 227 7744
2775 228 7743
2774 229 7742
2773 230 7741
2772 231 7740
2771 232 7739
2770 233 7738
2769 234 7737
2768 235 7736
2767 236 7735
2766 237 7734
2765 238 7733
2764 239 7732
2763 240 7731
2762 241 7730
2761 242 7729
2760 243 7728
2759 244 7727
2758 245 7726
2757 246 7725
2756 247 7724
2755 248 7723
2754 249 7722
2753 250 7721
2752 251 7720
2751 252 7719
2750 253 7718
2749 254 7717
2748 255 7716
2747 256 7715
2746 257 7714
2745 258 7713
2744 259 7712
2743 260 7711
2742 261 7710
2741 262 7709
2740 263 7708
2739 264 7707
2738 265 7706
2737 266 7705
2736 267 7704
2735 268 7703
2734 269 7702
2733 270 7701
2732 271 7700
2731 272 7699
2730 273 7698
2729 274 7697
2728 275 7696
2727 276 7695
2726 277 7694
2725 278 7693
2724 279 7692
2723 280 7691
2722 281 7690
2721 282 7689
2720 283 7688
2719 284 7687
2718 285 7686
2717 286 7685
2716 287 7684
2715 288 7683
2714 289 7682
2713 290 7681
2712 291 7680
2711 292 7679
2710 293 7678
2709 294 7677
2708 295 7676
2707 296 7675
2706 297 7674
2705 298 7673
2704 299 7672
2703 300 7671
2702 301 7670
2701 302 7669
2700 303 7668
2699 304 7667
2698 305 7666
2697 306 7665
2696 307 7664
2695 308 7663
2694 309 7662
2693 310 7661
2692 311 7660
2691 312 7659
2690 313 7658
2689 314 7657
2688 315 7656
2687 316 7655
2686 317 7654
2685 318 7653
2684 319 7652
2683 320 7651
2682 321 7650
2681 322 7649
2680 323 7648
2679 324 7647
2678 325 7646
2677 326 7645
2676 327 7644
2675 328 7643
2674 329 7642
2673 330 7641
2672 331 7640
2671 332 7639
2670 333 7638
2669 334 7637
2668 335 7636
2667 336 7635
2666 337 7634
2665 338 7633
2664 339 7632
2663 340 7631
2662 341 7630
2661 342 7629
2660 343 7628
2659 344 7627
2658 345 7626
2657 346 7625
2656 347 7624
2655 348 7623
2654 349 7622
2653 350 7621
2652 351 7620
2651 352 7619
2650 353 7618
2649 354 7617
2648 355 7616
2647 356 7615
2646 357 7614
2645 358 7613
2644 359 7612
2643 360 7611
2642 361 7610
2641 362 7609
2640 363 7608
2639 364 7607
2638 365 7606
2637 366 7605
2636 367 7604
2635 368 7603
2634 369 7602
2633 370 7601
2632 371 7600
2631 372 7599
2630 373 7598
2629 374 7597
2628 375 7596
2627 376 7595
2626 377 7594
2625 378 7593
2624 379 7592
2623 380 7591
2622 381 7590
2621 382 7589
2620 383 7588
2619 384 7587
2618 385 7586
2617 386 7585
2616 387 7584
2615 388 7583
2614 389 7582
2613 390 7581
2612 391 7580
2611 392 7579
2610 393 7578
2609 394 7577
2608 395 7576
2607 396 7575
2606 397 7574
2605 398 7573
2604 399 7572
2603 400 7571
2602 401 7570
2601 402 7569
2600 403 7568
2599 404 7567
2598 405 7566
2597 406 7565
2596 407 7564
2595 408 7563
2594 409 7562
2593 410 7561
2592 411 7560
2591 412 7559
2590 413 7558
2589 414 7557
2588 415 7556
2587 416 7555
2586 417 7554
2585 418 7553
2584 419 7552
2583 420 7551
2582 421 7550
2581 422 7549
2580 423 7548
2579 424 7547
2578 425 7546
2577 426 7545
2576 427 7544
2575 428 7543
2574 429 7542
2573 430 7541
2572 431 7540
2571 432 7539
2570 433 7538
2569 434 7537
2568 435 7536
2567 436 7535
2566 437 7534
2565 438 7533
2564 439 7532
2563 440 7531
2562 441 7530
2561 442 7529
2560 443 7528
2559 444 7527
2558 445 7526
2557 446 7525
2556 447 7524
2555 448 7523
2554 449 7522
2553 450 7521
2552 451 7520
2551 452 7519
2550 453 7518
2549 454 7517
2548 455 7516
2547 456 7515
2546 457 7514
2545 458 7513
2544 459 7512
2543 460 7511
2542 461 7510
2541 462 7509
2540 463 7508
2539 464 7507
2538 465 7506
2537 466 7505
2536 467 7504
2535 468 7503
2534 469 7502
2533 470 7501
2532 471 7500
2531 472 7499
2530 473 7498
2529 474 7497
2528 475 7496
2527 476 7495
2526 477 7494
2525 478 7493
2524 479 7492
2523 480 7491
2522 481 7490
2521 482 7489
2520 483 7488
2519 484 7487
2518 485 7486
2517 486 7485
2516 487 7484
2515 488 7483
2514 489 7482
2513 490 7481
2512 491 7480
2511 492 7479
2510 493 7478
2509 494 7477
2508 495 7476
2507 496 7475
2506 497 7474
2505 498 7473
2504 499 7472
2503 500 7471
2502 501 7470
2501 502 7469
2500 503 7468
2499 504 7467
2498 505 7466
2497 506 7465
2496 507 7464
2495 508 7463
2494 509 7462
2493 510 7461
2492 511 7460
2491 512 7459
2490 513 7458
2489 514 7457
2488 515 7456
2487 516 7455
2486 517 7454
2485 518 7453
2484 519 7452
2483 520 7451
2482 521 7450
2481 522 7449
2480 523 7448
2479 524 7447
2478 525 7446
2477 526 7445
2476 527 7444
2475 528 7443
2474 529 7442
2473 530 7441
2472 531 7440
2471 532 7439
2470 533 7438
2469 534 7437
2468 535 7436
2467 536 7435
2466 537 7434
2465 538 7433
2464 539 7432
2463 540 7431
2462 541 7430
2461 542 7429
2460 543 7428
2459 544 7427
2458 545 7426
2457 546 7425
2456 547 7424
2455 548 7423
2454 549 7422
2453 550 7421
2452 551 7420
2451 552 7419
2450 553 7418
2449 554 7417
2448 555 7416
2447 556 7415
2446 557 7414
2445 558 7413
2444 559 7412
2443 560 7411
2442 561 7410
2441 562 7409
2440 563 7408
2439 564 7407
2438 565 7406
2437 566 7405
2436 567 7404
2435 568 7403
2434 569 7402
2433 570 7401
2432 571 7400
2431 572 7399
2430 573 7398
2429 574 7397
2428 575 7396
2427 576 7395
2426 577 7394
2425 578 7393
2424 579 7392
2423 580 7391
2422 581 7390
2421 582 7389
2420 583 7388
2419 584 7387
2418 585 7386
2417 586 7385
2416 587 7384
2415 588 7383
2414 589 7382
2413 590 7381
2412 591 7380
2411 592 7379
2410 593 7378
2409 594 7377
2408 595 7376
2407 596 7375
2406 597 7374
2405 598 7373
2404 599 7372
2403 600 7371
2402 601 7370
2401 602 7369
2400 603 7368
2399 604 7367
2398 605 7366
2397 606 7365
2396 607 7364
2395 608 7363
2394 609 7362
2393 610 7361
2392 611 7360
2391 612 7359
2390 613 7358
2389 614 7357
2388 615 7356
2387 616 7355
2386 617 7354
2385 618 7353
2384 619 7352
2383 620 7351
2382 621 7350
2381 622 7349
2380 623 7348
2379 624 7347
2378 625 7346
2377 626 7345
2376 627 7344
2375 628 7343
2374 629 7342
2373 630 7341
2372 631 7340
2371 632 7339
2370 633 7338
2369 634 7337
2368 635 7336
2367 636 7335
2366 637 7334
2365 638 7333
2364 639 7332
2363 640 7331
2362 641 7330
2361 642 7329
2360 643 7328
2359 644 7327
2358 645 7326
2357 646 7325
2356 647 7324
2355 648 7323
2354 649 7322
2353 650 7321
2352 651 7320
2351 652 7319
2350 653 7318
2349 654 7317
2348 655 7316
2347 656 7315
2346 657 7314
2345 658 7313
2344 659 7312
2343 660 7311
2342 661 7310
2341 662 7309
2340 663 7308
2339 664 7307
2338 665 7306
2337 666 7305
2336 667 7304
2335 668 7303
2334 669 7302
2333 670 7301
2332 671 7300
2331 672 7299
2330 673 7298
2329 674 7297
2328 675 7296
2327 676 7295
2326 677 7294
2325 678 7293
2324 679 7292
2323 680 7291
2322 681 7290
2321 682 7289
2320 683 7288
2319 684 7287
2318 685 7286
2317 686 7285
2316 687 7284
2315 688 7283
2314 689 7282
2313 690 7281
2312 691 7280
2311 692 7279
2310 693 7278
2309 694 7277
2308 695 7276
2307 696 7275
2306 697 7274
2305 698 7273
2304 699 7272
2303 700 7271
2302 701 7270
2301 702 7269
2300 703 7268
2299 704 7267
2298 705 7266
2297 706 7265
2296 707 7264
2295 708 7263
2294 709 7262
2293 710 7261
2292 711 7260
2291 712 7259
2290 713 7258
2289 714 7257
2288 715 7256
2287 716 7255
2286 717 7254
2285 718 7253
2284 719 7252
2283 720 7251
2282 721 7250
2281 722 7249
2280 723 7248
2279 724 7247
2278 725 7246
2277 726 7245
2276 727 7244
2275 728 7243
2274 729 7242
2273 730 7241
2272 731 7240
2271 732 7239
2270 733 7238
2269 734 7237
2268 735 7236
2267 736 7235
2266 737 7234
2265 738 7233
2264 739 7232
2263 740 7231
2262 741 7230
2261 742 7229
2260 743 7228
2259 744 7227
2258 745 7226
2257 746 7225
2256 747 7224
2255 748 7223
2254 749 7222
2253 750 7221
2252 751 7220
2251 752 7219
2250 753 7218
2249 754 7217
2248 755 7216
2247 756 7215
2246 757 7214
2245 758 7213
2244 759 7212
2243 760 7211
2242 761 7210
2241 762 7209
2240 763 7208
2239 764 7207
2238 765 7206
2237 766 7205
2236 767 7204
2235 768 7203
2234 769 7202
2233 770 7201
2232 771 7200
2231 772 7199
2230 773 7198
2229 774 7197
2228 775 7196
2227 776 7195
2226 777 7194
2225 778 7193
2224 779 7192
2223 780 7191
2222 781 7190
2221 782 7189
2220 783 7188
2219 784 7187
2218 785 7186
2217 786 7185
2216 787 7184
2215 788 7183
2214 789 7182
2213 790 7181
2212 791 7180
2211 792 7179
2210 793 7178
2209 794 7177
2208 795 7176
2207 796 7175
2206 797 7174
2205 798 7173
2204 799 7172
2203 800 7171
2202 801 7170
2201 802 7169
2200 803 7168
2199 804 7167
2198 805 7166
2197 806 7165
2196 807 7164
2195 808 7163
2194 809 7162
2193 810 7161
2192 811 7160
2191 812 7159
2190 813 7158
2189 814 7157
2188 815 7156
2187 816 7155
2186 817 7154
2185 818 7153
2184 819 7152
2183 820 7151
2182 821 7150
2181 822 7149
2180 823 7148
2179 824 7147
2178 825 7146
2177 826 7145
2176 827 7144
2175 828 7143
2174 829 7142
2173 830 7141
2172 831 7140
2171 832 7139
2170 833 7138
2169 834 7137
2168 835 7136
2167 836 7135
2166 837 7134
2165 838 7133
2164 839 7132
2163 840 7131
2162 841 7130
2161 842 7129
2160 843 7128
2159 844 7127
2158 845 7126
2157 846 7125
2156 847 7124
2155 848 7123
2154 849 7122
2153 850 7121
2152 851 7120
2151 852 7119
2150 853 7118
2149 854 7117
2148 855 7116
2147 856 7115
2146 857 7114
2145 858 7113
2144 859 7112
2143 860 7111
2142 861 7110
2141 862 7109
2140 863 7108
2139 864 7107
2138 865 7106
2137 866 7105
2136 867 7104
2135 868 7103
2134 869 7102
2133 870 7101
2132 871 7100
2131 872 7099
2130 873 7098
2129 874 7097
2128 875 7096
2127 876 7095
2126 877 7094
2125 878 7093
2124 879 7092
2123 880 7091
2122 881 7090
2121 882 7089
2120 883 7088
2119 884 7087
2118 885 7086
2117 886 7085
2116 887 7084
2115 888 7083
2114 889 7082
2113 890 7081
2112 891 7080
2111 892 7079
2110 893 7078
2109 894 7077
2108 895 7076
2107 896 7075
2106 897 7074
2105 898 7073
2104 899 7072
2103 900 7071
2102 901 7070
2101 902 7069
2100 903 7068
2099 904 7067
2098 905 7066
2097 906 7065
2096 907 7064
2095 908 7063
2094 909 7062
2093 910 7061
2092 911 7060
2091 912 7059
2090 913 7058
2089 914 7057
2088 915 7056
2087 916 7055
2086 917 7054
2085 918 7053
2084 919 7052
2083 920 7051
2082 921 7050
2081 922 7049
2080 923 7048
2079 924 7047
2078 925 7046
2077 926 7045
2076 927 7044
2075 928 7043
2074 929 7042
2073 930 7041
2072 931 7040
2071 932 7039
2070 933 7038
2069 934 7037
2068 935 7036
2067 936 7035
2066 937 7034
2065 938 7033
2064 939 7032
2063 940 7031
2062 941 7030
2061 942 7029
2060 943 7028
2059 944 7027
2058 945 7026
2057 946 7025
2056 947 7024
2055 948 7023
2054 949 7022
2053 950 7021
2052 951 7020
2051 952 7019
2050 953 7018
2049 954 7017
2048 955 7016
2047 956 7015
2046 957 7014
2045 958 7013
2044 959 7012
2043 960 7011
2042 961 7010
2041 962 7009
2040 963 7008
2039 964 7007
2038 965 7006
2037 966 7005
2036 967 7004
2035 968 7003
2034 969 7002
2033 970 7001
2032 971 7000
2031 972 6999
2030 973 6998
2029 974 6997
2028 975 6996
2027 976 6995
2026 977 6994
2025 978 6993
2024 979 6992
2023 980 6991
2022 981 6990
2021 982 6989
2020 983 6988
2019 984 6987
2018 985 6986
2017 986 6985
2016 987 6984
2015 988 6983
2014 989 6982
2013 990 6981
2012 991 6980
2011 992 6979
2010 993 6978
2009 994 6977
2008 995 6976
2007 996 6975
2006 997 6974
2005 998 6973
2004 999 6972
2003 1000 6971
2002 1001 6970
2001 1002 6969
2000 1003 6968
1999 1004 6967
1998 1005 6966
1997 1006 6965
1996 1007 6964
1995 1008 6963
1994 1009 6962
1993 1010 6961
1992 1011 6960
1991 1012 6959
1990 1013 6958
1989 1014 6957
1988 1015 6956
1987 1016 6955
1986 1017 6954
1985 1018 6953
1984 1019 6952
1983 1020 6951
1982 1021 6950
1981 1022 6949
1980 1023 6948
1979 1024 6947
1978 1025 6946
1977 1026 6945
1976 1027 6944
1975 1028 6943
1974 1029 6942
1973 1030 6941
1972 1031 6940
1971 1032 6939
1970 1033 6938
1969 1034 6937
1968 1035 6936
1967 1036 6935
1966 1037 6934
1965 1038 6933
1964 1039 6932
1963 1040 6931
1962 1041 6930
1961 1042 6929
1960 1043 6928
1959 1044 6927
1958 1045 6926
1957 1046 6925
1956 1047 6924
1955 1048 6923
1954 1049 6922
1953 1050 6921
1952 1051 6920
1951 1052 6919
1950 1053 6918
1949 1054 6917
1948 1055 6916
1947 1056 6915
1946 1057 6914
1945 1058 6913
1944 1059 6912
1943 1060 6911
1942 1061 6910
1941 1062 6909
1940 1063 6908
1939 1064 6907
1938 1065 6906
1937 1066 6905
1936 1067 6904
1935 1068 6903
1934 1069 6902
1933 1070 6901
1932 1071 6900
1931 1072 6899
1930 1073 6898
1929 1074 6897
1928 1075 6896
1927 1076 6895
1926 1077 6894
1925 1078 6893
1924 1079 6892
1923 1080 6891
1922 1081 6890
1921 1082 6889
1920 1083 6888
1919 1084 6887
1918 1085 6886
1917 1086 6885
1916 1087 6884
1915 1088 6883
1914 1089 6882
1913 1090 6881
1912 1091 6880
1911 1092 6879
1910 1093 6878
1909 1094 6877
1908 1095 6876
1907 1096 6875
1906 1097 6874
1905 1098 6873
1904 1099 6872
1903 1100 6871
1902 1101 6870
1901 1102 6869
1900 1103 6868
1899 1104 6867
1898 1105 6866
1897 1106 6865
1896 1107 6864
1895 1108 6863
1894 1109 6862
1893 1110 6861
1892 1111 6860
1891 1112 6859
1890 1113 6858
1889 1114 6857
1888 1115 6856
1887 1116 6855
1886 1117 6854
1885 1118 6853
1884 1119 6852
1883 1120 6851
1882 1121 6850
1881 1122 6849
1880 1123 6848
1879 1124 6847
1878 1125 6846
1877 1126 6845
1876 1127 6844
1875 1128 6843
1874 1129 6842
1873 1130 6841
1872 1131 6840
1871 1132 6839
1870 1133 6838
1869 1134 6837
1868 1135 6836
1867 1136 6835
1866 1137 6834
1865 1138 6833
1864 1139 6832
1863 1140 6831
1862 1141 6830
1861 1142 6829
1860 1143 6828
1859 1144 6827
1858 1145 6826
1857 1146 6825
1856 1147 6824
1855 1148 6823
1854 1149 6822
1853 1150 6821
1852 1151 6820
1851 1152 6819
1850 1153 6818
1849 1154 6817
1848 1155 6816
1847 1156 6815
1846 1157 6814
1845 1158 6813
1844 1159 6812
1843 1160 6811
1842 1161 6810
1841 1162 6809
1840 1163 6808
1839 1164 6807
1838 1165 6806
1837 1166 6805
1836 1167 6804
1835 1168 6803
1834 1169 6802
1833 1170 6801
1832 1171 6800
1831 1172 6799
1830 1173 6798
1829 1174 6797
1828 1175 6796
1827 1176 6795
1826 1177 6794
1825 1178 6793
1824 1179 6792
1823 1180 6791
1822 1181 6790
1821 1182 6789
1820 1183 6788
1819 1184 6787
1818 1185 6786
1817 1186 6785
1816 1187 6784
1815 1188 6783
1814 1189 6782
1813 1190 6781
1812 1191 6780
1811 1192 6779
1810 1193 6778
1809 1194 6777
1808 1195 6776
1807 1196 6775
1806 1197 6774
1805 1198 6773
1804 1199 6772
1803 1200 6771
1802 1201 6770
1801 1202 6769
1800 1203 6768
1799 1204 6767
1798 1205 6766
1797 1206 6765
1796 1207 6764
1795 1208 6763
1794 1209 6762
1793 1210 6761
1792 1211 6760
1791 1212 6759
1790 1213 6758
1789 1214 6757
1788 1215 6756
1787 1216 6755
1786 1217 6754
1785 1218 6753
1784 1219 6752
1783 1220 6751
1782 1221 6750
1781 1222 6749
1780 1223 6748
1779 1224 6747
1778 1225 6746
1777 1226 6745
1776 1227 6744
1775 1228 6743
1774 1229 6742
1773 1230 6741
1772 1231 6740
1771 1232 6739
1770 1233 6738
1769 1234 6737
1768 1235 6736
1767 1236 6735
1766 1237 6734
1765 1238 6733
1764 1239 6732
1763 1240 6731
1762 1241 6730
1761 1242 6729
1760 1243 6728
1759 1244 6727
1758 1245 6726
1757 1246 6725
1756 1247 6724
1755 1248 6723
1754 1249 6722
1753 1250 6721
1752 1251 6720
1751 1252 6719
1750 1253 6718
1749 1254 6717
1748 1255 6716
1747 1256 6715
1746 1257 6714
1745 1258 6713
1744 1259 6712
1743 1260 6711
1742 1261 6710
1741 1262 6709
1740 1263 6708
1739 1264 6707
1738 1265 6706
1737 1266 6705
1736 1267 6704
1735 1268 6703
1734 1269 6702
1733 1270 6701
1732 1271 6700
1731 1272 6699
1730 1273 6698
1729 1274 6697
1728 1275 6696
1727 1276 6695
1726 1277 6694
1725 1278 6693
1724 1279 6692
1723 1280 6691
1722 1281 6690
1721 1282 6689
1720 1283 6688
1719 1284 6687
1718 1285 6686
1717 1286 6685
1716 1287 6684
1715 1288 6683
1714 1289 6682
1713 1290 6681
1712 1291 6680
1711 1292 6679
1710 1293 6678
1709 1294 6677
1708 1295 6676
1707 1296 6675
1706 1297 6674
1705 1298 6673
1704 1299 6672
1703 1300 6671
1702 1301 6670
1701 1302 6669
1700 1303 6668
1699 1304 6667
1698 1305 6666
1697 1306 6665
1696 1307 6664
1695 1308 6663
1694 1309 6662
1693 1310 6661
1692 1311 6660
1691 1312 6659
1690 1313 6658
1689 1314 6657
1688 1315 6656
1687 1316 6655
1686 1317 6654
1685 1318 6653
1684 1319 6652
1683 1320 6651
1682 1321 6650
1681 1322 6649
1680 1323 6648
1679 1324 6647
1678 1325 6646
1677 1326 6645
1676 1327 6644
1675 1328 6643
1674 1329 6642
1673 1330 6641
1672 1331 6640
1671 1332 6639
1670 1333 6638
1669 1334 6637
1668 1335 6636
1667 1336 6635
1666 1337 6634
1665 1338 6633
1664 1339 6632
1663 1340 6631
1662 1341 6630
1661 1342 6629
1660 1343 6628
1659 1344 6627
1658 1345 6626
1657 1346 6625
1656 1347 6624
1655 1348 6623
1654 1349 6622
1653 1350 6621
1652 1351 6620
1651 1352 6619
1650 1353 6618
1649 1354 6617
1648 1355 6616
1647 1356 6615
1646 1357 6614
1645 1358 6613
1644 1359 6612
1643 1360 6611
1642 1361 6610
1641 1362 6609
1640 1363 6608
1639 1364 6607
1638 1365 6606
1637 1366 6605
1636 1367 6604
1635 1368 6603
1634 1369 6602
1633 1370 6601
1632 1371 6600
1631 1372 6599
1630 1373 6598
1629 1374 6597
1628 1375 6596
1627 1376 6595
1626 1377 6594
1625 1378 6593
1624 1379 6592
1623 1380 6591
1622 1381 6590
1621 1382 6589
1620 1383 6588
1619 1384 6587
1618 1385 6586
1617 1386 6585
1616 1387 6584
1615 1388 6583
1614 1389 6582
1613 1390 6581
1612 1391 6580
1611 1392 6579
1610 1393 6578
1609 1394 6577
1608 1395 6576
1607 1396 6575
1606 1397 6574
1605 1398 6573
1604 1399 6572
1603 1400 6571
1602 1401 6570
1601 1402 6569
1600 1403 6568
1599 1404 6567
1598 1405 6566
1597 1406 6565
1596 1407 6564
1595 1408 6563
1594 1409 6562
1593 1410 6561
1592 1411 6560
1591 1412 6559
1590 1413 6558
1589 1414 6557
1588 1415 6556
1587 1416 6555
1586 1417 6554
1585 1418 6553
1584 1419 6552
1583 1420 6551
1582 1421 6550
1581 1422 6549
1580 1423 6548
1579 1424 6547
1578 1425 6546
1577 1426 6545
1576 1427 6544
1575 1428 6543
1574 1429 6542
1573 1430 6541
1572 1431 6540
1571 1432 6539
1570 1433 6538
1569 1434 6537
1568 1435 6536
1567 1436 6535
1566 1437 6534
1565 1438 6533
1564 1439 6532
1563 1440 6531
1562 1441 6530
1561 1442 6529
1560 1443 6528
1559 1444 6527
1558 1445 6526
1557 1446 6525
1556 1447 6524
1555 1448 6523
1554 1449 6522
1553 1450 6521
1552 1451 6520
1551 1452 6519
1550 1453 6518
1549 1454 6517
1548 1455 6516
1547 1456 6515
1546 1457 6514
1545 1458 6513
1544 1459 6512
1543 1460 6511
1542 1461 6510
1541 1462 6509
1540 1463 6508
1539 1464 6507
1538 1465 6506
1537 1466 6505
1536 1467 6504
1535 1468 6503
1534 1469 6502
1533 1470 6501
1532 1471 6500
1531 1472 6499
1530 1473 6498
1529 1474 6497
1528 1475 6496
1527 1476 6495
1526 1477 6494
1525 1478 6493
1524 1479 6492
1523 1480 6491
1522 1481 6490
1521 1482 6489
1520 1483 6488
1519 1484 6487
1518 1485 6486
1517 1486 6485
1516 1487 6484
1515 1488 6483
1514 1489 6482
1513 1490 6481
1512 1491 6480
1511 1492 6479
1510 1493 6478
1509 1494 6477
1508 1495 6476
1507 1496 6475
1506 1497 6474
1505 1498 6473
1504 1499 6472
1503 1500 6471
1502 1501 6470
1501 1502 6469
1500 1503 6468
1499 1504 6467
1498 1505 6466
1497 1506 6465
1496 1507 6464
1495 1508 6463
1494 1509 6462
1493 1510 6461
1492 1511 6460
1491 1512 6459
1490 1513 6458
1489 1514 6457
1488 1515 6456
1487 1516 6455
1486 1517 6454
1485 1518 6453
1484 1519 6452
1483 1520 6451
1482 1521 6450
1481 1522 6449
1480 1523 6448
1479 1524 6447
1478 1525 6446
1477 1526 6445
1476 1527 6444
1475 1528 6443
1474 1529 6442
1473 1530 6441
1472 1531 6440
1471 1532 6439
1470 1533 6438
1469 1534 6437
1468 1535 6436
1467 1536 6435
1466 1537 6434
1465 1538 6433
1464 1539 6432
1463 1540 6431
1462 1541 6430
1461 1542 6429
1460 1543 6428
1459 1544 6427
1458 1545 6426
1457 1546 6425
1456 1547 6424
1455 1548 6423
1454 1549 6422
1453 1550 6421
1452 1551 6420
1451 1552 6419
1450 1553 6418
1449 1554 6417
1448 1555 6416
1447 1556 6415
1446 1557 6414
1445 1558 6413
1444 1559 6412
1443 1560 6411
1442 1561 6410
1441 1562 6409
1440 1563 6408
1439 1564 6407
1438 1565 6406
1437 1566 6405
1436 1567 6404
1435 1568 6403
1434 1569 6402
1433 1570 6401
1432 1571 6400
1431 1572 6399
1430 1573 6398
1429 1574 6397
1428 1575 6396
1427 1576 6395
1426 1577 6394
1425 1578 6393
1424 1579 6392
1423 1580 6391
1422 1581 6390
1421 1582 6389
1420 1583 6388
1419 1584 6387
1418 1585 6386
1417 1586 6385
1416 1587 6384
1415 1588 6383
1414 1589 6382
1413 1590 6381
1412 1591 6380
1411 1592 6379
1410 1593 6378
1409 1594 6377
1408 1595 6376
1407 1596 6375
1406 1597 6374
1405 1598 6373
1404 1599 6372
1403 1600 6371
1402 1601 6370
1401 1602 6369
1400 1603 6368
1399 1604 6367
1398 1605 6366
1397 1606 6365
1396 1607 6364
1395 1608 6363
1394 1609 6362
1393 1610 6361
1392 1611 6360
1391 1612 6359
1390 1613 6358
1389 1614 6357
1388 1615 6356
1387 1616 6355
1386 1617 6354
1385 1618 6353
1384 1619 6352
1383 1620 6351
1382 1621 6350
1381 1622 6349
1380 1623 6348
1379 1624 6347
1378 1625 6346
1377 1626 6345
1376 1627 6344
1375 1628 6343
1374 1629 6342
1373 1630 6341
1372 1631 6340
1371 1632 6339
1370 1633 6338
1369 1634 6337
1368 1635 6336
1367 1636 6335
1366 1637 6334
1365 1638 6333
1364 1639 6332
1363 1640 6331
1362 1641 6330
1361 1642 6329
1360 1643 6328
1359 1644 6327
1358 1645 6326
1357 1646 6325
1356 1647 6324
1355 1648 6323
1354 1649 6322
1353 1650 6321
1352 1651 6320
1351 1652 6319
1350 1653 6318
1349 1654 6317
1348 1655 6316
1347 1656 6315
1346 1657 6314
1345 1658 6313
1344 1659 6312
1343 1660 6311
1342 1661 6310
1341 1662 6309
1340 1663 6308
1339 1664 6307
1338 1665 6306
1337 1666 6305
1336 1667 6304
1335 1668 6303
1334 1669 6302
1333 1670 6301
1332 1671 6300
1331 1672 6299
1330 1673 6298
1329 1674 6297
1328 1675 6296
1327 1676 6295
1326 1677 6294
1325 1678 6293
1324 1679 6292
1323 1680 6291
1322 1681 6290
1321 1682 6289
1320 1683 6288
1319 1684 6287
1318 1685 6286
1317 1686 6285
1316 1687 6284
1315 1688 6283
1314 1689 6282
1313 1690 6281
1312 1691 6280
1311 1692 6279
1310 1693 6278
1309 1694 6277
1308 1695 6276
1307 1696 6275
1306 1697 6274
1305 1698 6273
1304 1699 6272
1303 1700 6271
1302 1701 6270
1301 1702 6269
1300 1703 6268
1299 1704 6267
1298 1705 6266
1297 1706 6265
1296 1707 6264
1295 1708 6263
1294 1709 6262
1293 1710 6261
1292 1711 6260
1291 1712 6259
1290 1713 6258
1289 1714 6257
1288 1715 6256
1287 1716 6255
1286 1717 6254
1285 1718 6253
1284 1719 6252
1283 1720 6251
1282 1721 6250
1281 1722 6249
1280 1723 6248
1279 1724 6247
1278 1725 6246
1277 1726 6245
1276 1727 6244
1275 1728 6243
1274 1729 6242
1273 1730 6241
1272 1731 6240
1271 1732 6239
1270 1733 6238
1269 1734 6237
1268 1735 6236
1267 1736 6235
1266 1737 6234
1265 1738 6233
1264 1739 6232
1263 1740 6231
1262 1741 6230
1261 1742 6229
1260 1743 6228
1259 1744 6227
1258 1745 6226
1257 1746 6225
1256 1747 6224
1255 1748 6223
1254 1749 6222
1253 1750 6221
1252 1751 6220
1251 1752 6219
1250 1753 6218
1249 1754 6217
1248 1755 6216
1247 1756 6215
1246 1757 6214
1245 1758 6213
1244 1759 6212
1243 1760 6211
1242 1761 6210
1241 1762 6209
1240 1763 6208
1239 1764 6207
1238 1765 6206
1237 1766 6205
1236 1767 6204
1235 1768 6203
1234 1769 6202
1233 1770 6201
1232 1771 6200
1231 1772 6199
1230 1773 6198
1229 1774 6197
1228 1775 6196
1227 1776 6195
1226 1777 6194
1225 1778 6193
1224 1779 6192
1223 1780 6191
1222 1781 6190
1221 1782 6189
1220 1783 6188
1219 1784 6187
1218 1785 6186
1217 1786 6185
1216 1787 6184
1215 1788 6183
1214 1789 6182
1213 1790 6181
1212 1791 6180
1211 1792 6179
1210 1793 6178
1209 1794 6177
1208 1795 6176
1207 1796 6175
1206 1797 6174
1205 1798 6173
1204 1799 6172
1203 1800 6171
1202 1801 6170
1201 1802 6169
1200 1803 6168
1199 1804 6167
1198 1805 6166
1197 1806 6165
1196 1807 6164
1195 1808 6163
1194 1809 6162
1193 1810 6161
1192 1811 6160
1191 1812 6159
1190 1813 6158
1189 1814 6157
1188 1815 6156
1187 1816 6155
1186 1817 6154
1185 1818 6153
1184 1819 6152
1183 1820 6151
1182 1821 6150
1181 1822 6149
1180 1823 6148
1179 1824 6147
1178 1825 6146
1177 1826 6145
1176 1827 6144
1175 1828 6143
1174 1829 6142
1173 1830 6141
1172 1831 6140
1171 1832 6139
1170 1833 6138
1169 1834 6137
1168 1835 6136
1167 1836 6135
1166 1837 6134
1165 1838 6133
1164 1839 6132
1163 1840 6131
1162 1841 6130
1161 1842 6129
1160 1843 6128
1159 1844 6127
1158 1845 6126
1157 1846 6125
1156 1847 6124
1155 1848 6123
1154 1849 6122
1153 1850 6121
1152 1851 6120
1151 1852 6119
1150 1853 6118
1149 1854 6117
1148 1855 6116
1147 1856 6115
1146 1857 6114
1145 1858 6113
1144 1859 6112
1143 1860 6111
1142 1861 6110
1141 1862 6109
1140 1863 6108
1139 1864 6107
1138 1865 6106
1137 1866 6105
1136 1867 6104
1135 1868 6103
1134 1869 6102
1133 1870 6101
1132 1871 6100
1131 1872 6099
1130 1873 6098
1129 1874 6097
1128 1875 6096
1127 1876 6095
1126 1877 6094
1125 1878 6093
1124 1879 6092
1123 1880 6091
1122 1881 6090
1121 1882 6089
1120 1883 6088
1119 1884 6087
1118 1885 6086
1117 1886 6085
1116 1887 6084
1115 1888 6083
1114 1889 6082
1113 1890 6081
1112 1891 6080
1111 1892 6079
1110 1893 6078
1109 1894 6077
1108 1895 6076
1107 1896 6075
1106 1897 6074
1105 1898 6073
1104 1899 6072
1103 1900 6071
1102 1901 6070
1101 1902 6069
1100 1903 6068
1099 1904 6067
1098 1905 6066
1097 1906 6065
1096 1907 6064
1095 1908 6063
1094 1909 6062
1093 1910 6061
1092 1911 6060
1091 1912 6059
1090 1913 6058
1089 1914 6057
1088 1915 6056
1087 1916 6055
1086 1917 6054
1085 1918 6053
1084 1919 6052
1083 1920 6051
1082 1921 6050
1081 1922 6049
1080 1923 6048
1079 1924 6047
1078 1925 6046
1077 1926 6045
1076 1927 6044
1075 1928 6043
1074 1929 6042
1073 1930 6041
1072 1931 6040
1071 1932 6039
1070 1933 6038
1069 1934 6037
1068 1935 6036
1067 1936 6035
1066 1937 6034
1065 1938 6033
1064 1939 6032
1063 1940 6031
1062 1941 6030
1061 1942 6029
1060 1943 6028
1059 1944 6027
1058 1945 6026
1057 1946 6025
1056 1947 6024
1055 1948 6023
1054 1949 6022
1053 1950 6021
1052 1951 6020
1051 1952 6019
1050 1953 6018
1049 1954 6017
1048 1955 6016
1047 1956 6015
1046 1957 6014
1045 1958 6013
1044 1959 6012
1043 1960 6011
1042 1961 6010
1041 1962 6009
1040 1963 6008
1039 1964 6007
1038 1965 6006
1037 1966 6005
1036 1967 6004
1035 1968 6003
1034 1969 6002
1033 1970 6001
