611
3000 3 6611
2999 4 6610
2998 5 6609
2997 6 6608
2996 7 6607
2995 8 6606
2994 9 6605
2993 10 6604
2992 11 6603
2991 12 6602
2990 13 6601
2989 14 6600
2988 15 6599
2987 16 6598
2986 17 6597
2985 18 6596
2984 19 6595
2983 20 6594
2982 21 6593
2981 22 6592
2980 23 6591
2979 24 6590
2978 25 6589
2977 26 6588
2976 27 6587
2975 28 6586
2974 29 6585
2973 30 6584
2972 31 6583
2971 32 6582
2970 33 6581
2969 34 6580
2968 35 6579
2967 36 6578
2966 37 6577
2965 38 6576
2964 39 6575
2963 40 6574
2962 41 6573
2961 42 6572
2960 43 6571
2959 44 6570
2958 45 6569
2957 46 6568
2956 47 6567
2955 48 6566
2954 49 6565
2953 50 6564
2952 51 6563
2951 52 6562
2950 53 6561
2949 54 6560
2948 55 6559
2947 56 6558
2946 57 6557
2945 58 6556
2944 59 6555
2943 60 6554
2942 61 6553
2941 62 6552
2940 63 6551
2939 64 6550
2938 65 6549
2937 66 6548
2936 67 6547
2935 68 6546
2934 69 6545
2933 70 6544
2932 71 6543
2931 72 6542
2930 73 6541
2929 74 6540
2928 75 6539
2927 76 6538
2926 77 6537
2925 78 6536
2924 79 6535
2923 80 6534
2922 81 6533
2921 82 6532
2920 83 6531
2919 84 6530
2918 85 6529
2917 86 6528
2916 87 6527
2915 88 6526
2914 89 6525
2913 90 6524
2912 91 6523
2911 92 6522
2910 93 6521
2909 94 6520
2908 95 6519
2907 96 6518
2906 97 6517
2905 98 6516
2904 99 6515
2903 100 6514
2902 101 6513
2901 102 6512
2900 103 6511
2899 104 6510
2898 105 6509
2897 106 6508
2896 107 6507
2895 108 6506
2894 109 6505
2893 110 6504
2892 111 6503
2891 112 6502
2890 113 6501
2889 114 6500
2888 115 6499
2887 116 6498
2886 117 6497
2885 118 6496
2884 119 6495
2883 120 6494
2882 121 6493
2881 122 6492
2880 123 6491
2879 124 6490
2878 125 6489
2877 126 6488
2876 127 6487
2875 128 6486
2874 129 6485
2873 130 6484
2872 131 6483
2871 132 6482
2870 133 6481
2869 134 6480
2868 135 6479
2867 136 6478
2866 137 6477
2865 138 6476
2864 139 6475
2863 140 6474
2862 141 6473
2861 142 6472
2860 143 6471
2859 144 6470
2858 145 6469
2857 146 6468
2856 147 6467
2855 148 6466
2854 149 6465
2853 150 6464
2852 151 6463
2851 152 6462
2850 153 6461
2849 154 6460
2848 155 6459
2847 156 6458
2846 157 6457
2845 158 6456
2844 159 6455
2843 160 6454
2842 161 6453
2841 162 6452
2840 163 6451
2839 164 6450
2838 165 6449
2837 166 6448
2836 167 6447
2835 168 6446
2834 169 6445
2833 170 6444
2832 171 6443
2831 172 6442
2830 173 6441
2829 174 6440
2828 175 6439
2827 176 6438
2826 177 6437
2825 178 6436
2824 179 6435
2823 180 6434
2822 181 6433
2821 182 6432
2820 183 6431
2819 184 6430
2818 185 6429
2817 186 6428
2816 187 6427
2815 188 6426
2814 189 6425
2813 190 6424
2812 191 6423
2811 192 6422
2810 193 6421
2809 194 6420
2808 195 6419
2807 196 6418
2806 197 6417
2805 198 6416
2804 199 6415
2803 200 6414
2802 201 6413
2801 202 6412
2800 203 6411
2799 204 6410
2798 205 6409
2797 206 6408
2796 207 6407
2795 208 6406
2794 209 6405
2793 210 6404
2792 211 6403
2791 212 6402
2790 213 6401
2789 214 6400
2788 215 6399
2787 216 6398
2786 217 6397
2785 218 6396
2784 219 6395
2783 220 6394
2782 221 6393
2781 222 6392
2780 223 6391
2779 224 6390
2778 225 6389
2777 226 6388
2776 227 6387
2775 228 6386
2774 229 6385
2773 230 6384
2772 231 6383
2771 232 6382
2770 233 6381
2769 234 6380
2768 235 6379
2767 236 6378
2766 237 6377
2765 238 6376
2764 239 6375
2763 240 6374
2762 241 6373
2761 242 6372
2760 243 6371
2759 244 6370
2758 245 6369
2757 246 6368
2756 247 6367
2755 248 6366
2754 249 6365
2753 250 6364
2752 251 6363
2751 252 6362
2750 253 6361
2749 254 6360
2748 255 6359
2747 256 6358
2746 257 6357
2745 258 6356
2744 259 6355
2743 260 6354
2742 261 6353
2741 262 6352
2740 263 6351
2739 264 6350
2738 265 6349
2737 266 6348
2736 267 6347
2735 268 6346
2734 269 6345
2733 270 6344
2732 271 6343
2731 272 6342
2730 273 6341
2729 274 6340
2728 275 6339
2727 276 6338
2726 277 6337
2725 278 6336
2724 279 6335
2723 280 6334
2722 281 6333
2721 282 6332
2720 283 6331
2719 284 6330
2718 285 6329
2717 286 6328
2716 287 6327
2715 288 6326
2714 289 6325
2713 290 6324
2712 291 6323
2711 292 6322
2710 293 6321
2709 294 6320
2708 295 6319
2707 296 6318
2706 297 6317
2705 298 6316
2704 299 6315
2703 300 6314
2702 301 6313
2701 302 6312
2700 303 6311
2699 304 6310
2698 305 6309
2697 306 6308
2696 307 6307
2695 308 6306
2694 309 6305
2693 310 6304
2692 311 6303
2691 312 6302
2690 313 6301
2689 314 6300
2688 315 6299
2687 316 6298
2686 317 6297
2685 318 6296
2684 319 6295
2683 320 6294
2682 321 6293
2681 322 6292
2680 323 6291
2679 324 6290
2678 325 6289
2677 326 6288
2676 327 6287
2675 328 6286
2674 329 6285
2673 330 6284
2672 331 6283
2671 332 6282
2670 333 6281
2669 334 6280
2668 335 6279
2667 336 6278
2666 337 6277
2665 338 6276
2664 339 6275
2663 340 6274
2662 341 6273
2661 342 6272
2660 343 6271
2659 344 6270
2658 345 6269
2657 346 6268
2656 347 6267
2655 348 6266
2654 349 6265
2653 350 6264
2652 351 6263
2651 352 6262
2650 353 6261
2649 354 6260
2648 355 6259
2647 356 6258
2646 357 6257
2645 358 6256
2644 359 6255
2643 360 6254
2642 361 6253
2641 362 6252
2640 363 6251
2639 364 6250
2638 365 6249
2637 366 6248
2636 367 6247
2635 368 6246
2634 369 6245
2633 370 6244
2632 371 6243
2631 372 6242
2630 373 6241
2629 374 6240
2628 375 6239
2627 376 6238
2626 377 6237
2625 378 6236
2624 379 6235
2623 380 6234
2622 381 6233
2621 382 6232
2620 383 6231
2619 384 6230
2618 385 6229
2617 386 6228
2616 387 6227
2615 388 6226
2614 389 6225
2613 390 6224
2612 391 6223
2611 392 6222
2610 393 6221
2609 394 6220
2608 395 6219
2607 396 6218
2606 397 6217
2605 398 6216
2604 399 6215
2603 400 6214
2602 401 6213
2601 402 6212
2600 403 6211
2599 404 6210
2598 405 6209
2597 406 6208
2596 407 6207
2595 408 6206
2594 409 6205
2593 410 6204
2592 411 6203
2591 412 6202
2590 413 6201
2589 414 6200
2588 415 6199
2587 416 6198
2586 417 6197
2585 418 6196
2584 419 6195
2583 420 6194
2582 421 6193
2581 422 6192
2580 423 6191
2579 424 6190
2578 425 6189
2577 426 6188
2576 427 6187
2575 428 6186
2574 429 6185
2573 430 6184
2572 431 6183
2571 432 6182
2570 433 6181
2569 434 6180
2568 435 6179
2567 436 6178
2566 437 6177
2565 438 6176
2564 439 6175
2563 440 6174
2562 441 6173
2561 442 6172
2560 443 6171
2559 444 6170
2558 445 6169
2557 446 6168
2556 447 6167
2555 448 6166
2554 449 6165
2553 450 6164
2552 451 6163
2551 452 6162
2550 453 6161
2549 454 6160
2548 455 6159
2547 456 6158
2546 457 6157
2545 458 6156
2544 459 6155
2543 460 6154
2542 461 6153
2541 462 6152
2540 463 6151
2539 464 6150
2538 465 6149
2537 466 6148
2536 467 6147
2535 468 6146
2534 469 6145
2533 470 6144
2532 471 6143
2531 472 6142
2530 473 6141
2529 474 6140
2528 475 6139
2527 476 6138
2526 477 6137
2525 478 6136
2524 479 6135
2523 480 6134
2522 481 6133
2521 482 6132
2520 483 6131
2519 484 6130
2518 485 6129
2517 486 6128
2516 487 6127
2515 488 6126
2514 489 6125
2513 490 6124
2512 491 6123
2511 492 6122
2510 493 6121
2509 494 6120
2508 495 6119
2507 496 6118
2506 497 6117
2505 498 6116
2504 499 6115
2503 500 6114
2502 501 6113
2501 502 6112
2500 503 6111
2499 504 6110
2498 505 6109
2497 506 6108
2496 507 6107
2495 508 6106
2494 509 6105
2493 510 6104
2492 511 6103
2491 512 6102
2490 513 6101
2489 514 6100
2488 515 6099
2487 516 6098
2486 517 6097
2485 518 6096
2484 519 6095
2483 520 6094
2482 521 6093
2481 522 6092
2480 523 6091
2479 524 6090
2478 525 6089
2477 526 6088
2476 527 6087
2475 528 6086
2474 529 6085
2473 530 6084
2472 531 6083
2471 532 6082
2470 533 6081
2469 534 6080
2468 535 6079
2467 536 6078
2466 537 6077
2465 538 6076
2464 539 6075
2463 540 6074
2462 541 6073
2461 542 6072
2460 543 6071
2459 544 6070
2458 545 6069
2457 546 6068
2456 547 6067
2455 548 6066
2454 549 6065
2453 550 6064
2452 551 6063
2451 552 6062
2450 553 6061
2449 554 6060
2448 555 6059
2447 556 6058
2446 557 6057
2445 558 6056
2444 559 6055
2443 560 6054
2442 561 6053
2441 562 6052
2440 563 6051
2439 564 6050
2438 565 6049
2437 566 6048
2436 567 6047
2435 568 6046
2434 569 6045
2433 570 6044
2432 571 6043
2431 572 6042
2430 573 6041
2429 574 6040
2428 575 6039
2427 576 6038
2426 577 6037
2425 578 6036
2424 579 6035
2423 580 6034
2422 581 6033
2421 582 6032
2420 583 6031
2419 584 6030
2418 585 6029
2417 586 6028
2416 587 6027
2415 588 6026
2414 589 6025
2413 590 6024
2412 591 6023
2411 592 6022
2410 593 6021
2409 594 6020
2408 595 6019
2407 596 6018
2406 597 6017
2405 598 6016
2404 599 6015
2403 600 6014
2402 601 6013
2401 602 6012
2400 603 6011
2399 604 6010
2398 605 6009
2397 606 6008
2396 607 6007
2395 608 6006
2394 609 6005
2393 610 6004
2392 611 6003
2391 612 6002
2390 613 6001
