316
3000 3 6316
2999 4 6315
2998 5 6314
2997 6 6313
2996 7 6312
2995 8 6311
2994 9 6310
2993 10 6309
2992 11 6308
2991 12 6307
2990 13 6306
2989 14 6305
2988 15 6304
2987 16 6303
2986 17 6302
2985 18 6301
2984 19 6300
2983 20 6299
2982 21 6298
2981 22 6297
2980 23 6296
2979 24 6295
2978 25 6294
2977 26 6293
2976 27 6292
2975 28 6291
2974 29 6290
2973 30 6289
2972 31 6288
2971 32 6287
2970 33 6286
2969 34 6285
2968 35 6284
2967 36 6283
2966 37 6282
2965 38 6281
2964 39 6280
2963 40 6279
2962 41 6278
2961 42 6277
2960 43 6276
2959 44 6275
2958 45 6274
2957 46 6273
2956 47 6272
2955 48 6271
2954 49 6270
2953 50 6269
2952 51 6268
2951 52 6267
2950 53 6266
2949 54 6265
2948 55 6264
2947 56 6263
2946 57 6262
2945 58 6261
2944 59 6260
2943 60 6259
2942 61 6258
2941 62 6257
2940 63 6256
2939 64 6255
2938 65 6254
2937 66 6253
2936 67 6252
2935 68 6251
2934 69 6250
2933 70 6249
2932 71 6248
2931 72 6247
2930 73 6246
2929 74 6245
2928 75 6244
2927 76 6243
2926 77 6242
2925 78 6241
2924 79 6240
2923 80 6239
2922 81 6238
2921 82 6237
2920 83 6236
2919 84 6235
2918 85 6234
2917 86 6233
2916 87 6232
2915 88 6231
2914 89 6230
2913 90 6229
2912 91 6228
2911 92 6227
2910 93 6226
2909 94 6225
2908 95 6224
2907 96 6223
2906 97 6222
2905 98 6221
2904 99 6220
2903 100 6219
2902 101 6218
2901 102 6217
2900 103 6216
2899 104 6215
2898 105 6214
2897 106 6213
2896 107 6212
2895 108 6211
2894 109 6210
2893 110 6209
2892 111 6208
2891 112 6207
2890 113 6206
2889 114 6205
2888 115 6204
2887 116 6203
2886 117 6202
2885 118 6201
2884 119 6200
2883 120 6199
2882 121 6198
2881 122 6197
2880 123 6196
2879 124 6195
2878 125 6194
2877 126 6193
2876 127 6192
2875 128 6191
2874 129 6190
2873 130 6189
2872 131 6188
2871 132 6187
2870 133 6186
2869 134 6185
2868 135 6184
2867 136 6183
2866 137 6182
2865 138 6181
2864 139 6180
2863 140 6179
2862 141 6178
2861 142 6177
2860 143 6176
2859 144 6175
2858 145 6174
2857 146 6173
2856 147 6172
2855 148 6171
2854 149 6170
2853 150 6169
2852 151 6168
2851 152 6167
2850 153 6166
2849 154 6165
2848 155 6164
2847 156 6163
2846 157 6162
2845 158 6161
2844 159 6160
2843 160 6159
2842 161 6158
2841 162 6157
2840 163 6156
2839 164 6155
2838 165 6154
2837 166 6153
2836 167 6152
2835 168 6151
2834 169 6150
2833 170 6149
2832 171 6148
2831 172 6147
2830 173 6146
2829 174 6145
2828 175 6144
2827 176 6143
2826 177 6142
2825 178 6141
2824 179 6140
2823 180 6139
2822 181 6138
2821 182 6137
2820 183 6136
2819 184 6135
2818 185 6134
2817 186 6133
2816 187 6132
2815 188 6131
2814 189 6130
2813 190 6129
2812 191 6128
2811 192 6127
2810 193 6126
2809 194 6125
2808 195 6124
2807 196 6123
2806 197 6122
2805 198 6121
2804 199 6120
2803 200 6119
2802 201 6118
2801 202 6117
2800 203 6116
2799 204 6115
2798 205 6114
2797 206 6113
2796 207 6112
2795 208 6111
2794 209 6110
2793 210 6109
2792 211 6108
2791 212 6107
2790 213 6106
2789 214 6105
2788 215 6104
2787 216 6103
2786 217 6102
2785 218 6101
2784 219 6100
2783 220 6099
2782 221 6098
2781 222 6097
2780 223 6096
2779 224 6095
2778 225 6094
2777 226 6093
2776 227 6092
2775 228 6091
2774 229 6090
2773 230 6089
2772 231 6088
2771 232 6087
2770 233 6086
2769 234 6085
2768 235 6084
2767 236 6083
2766 237 6082
2765 238 6081
2764 239 6080
2763 240 6079
2762 241 6078
2761 242 6077
2760 243 6076
2759 244 6075
2758 245 6074
2757 246 6073
2756 247 6072
2755 248 6071
2754 249 6070
2753 250 6069
2752 251 6068
2751 252 6067
2750 253 6066
2749 254 6065
2748 255 6064
2747 256 6063
2746 257 6062
2745 258 6061
2744 259 6060
2743 260 6059
2742 261 6058
2741 262 6057
2740 263 6056
2739 264 6055
2738 265 6054
2737 266 6053
2736 267 6052
2735 268 6051
2734 269 6050
2733 270 6049
2732 271 6048
2731 272 6047
2730 273 6046
2729 274 6045
2728 275 6044
2727 276 6043
2726 277 6042
2725 278 6041
2724 279 6040
2723 280 6039
2722 281 6038
2721 282 6037
2720 283 6036
2719 284 6035
2718 285 6034
2717 286 6033
2716 287 6032
2715 288 6031
2714 289 6030
2713 290 6029
2712 291 6028
2711 292 6027
2710 293 6026
2709 294 6025
2708 295 6024
2707 296 6023
2706 297 6022
2705 298 6021
2704 299 6020
2703 300 6019
2702 301 6018
2701 302 6017
2700 303 6016
2699 304 6015
2698 305 6014
2697 306 6013
2696 307 6012
2695 308 6011
2694 309 6010
2693 310 6009
2692 311 6008
2691 312 6007
2690 313 6006
2689 314 6005
2688 315 6004
2687 316 6003
2686 317 6002
2685 318 6001
