988
3000 3 6988
2999 4 6987
2998 5 6986
2997 6 6985
2996 7 6984
2995 8 6983
2994 9 6982
2993 10 6981
2992 11 6980
2991 12 6979
2990 13 6978
2989 14 6977
2988 15 6976
2987 16 6975
2986 17 6974
2985 18 6973
2984 19 6972
2983 20 6971
2982 21 6970
2981 22 6969
2980 23 6968
2979 24 6967
2978 25 6966
2977 26 6965
2976 27 6964
2975 28 6963
2974 29 6962
2973 30 6961
2972 31 6960
2971 32 6959
2970 33 6958
2969 34 6957
2968 35 6956
2967 36 6955
2966 37 6954
2965 38 6953
2964 39 6952
2963 40 6951
2962 41 6950
2961 42 6949
2960 43 6948
2959 44 6947
2958 45 6946
2957 46 6945
2956 47 6944
2955 48 6943
2954 49 6942
2953 50 6941
2952 51 6940
2951 52 6939
2950 53 6938
2949 54 6937
2948 55 6936
2947 56 6935
2946 57 6934
2945 58 6933
2944 59 6932
2943 60 6931
2942 61 6930
2941 62 6929
2940 63 6928
2939 64 6927
2938 65 6926
2937 66 6925
2936 67 6924
2935 68 6923
2934 69 6922
2933 70 6921
2932 71 6920
2931 72 6919
2930 73 6918
2929 74 6917
2928 75 6916
2927 76 6915
2926 77 6914
2925 78 6913
2924 79 6912
2923 80 6911
2922 81 6910
2921 82 6909
2920 83 6908
2919 84 6907
2918 85 6906
2917 86 6905
2916 87 6904
2915 88 6903
2914 89 6902
2913 90 6901
2912 91 6900
2911 92 6899
2910 93 6898
2909 94 6897
2908 95 6896
2907 96 6895
2906 97 6894
2905 98 6893
2904 99 6892
2903 100 6891
2902 101 6890
2901 102 6889
2900 103 6888
2899 104 6887
2898 105 6886
2897 106 6885
2896 107 6884
2895 108 6883
2894 109 6882
2893 110 6881
2892 111 6880
2891 112 6879
2890 113 6878
2889 114 6877
2888 115 6876
2887 116 6875
2886 117 6874
2885 118 6873
2884 119 6872
2883 120 6871
2882 121 6870
2881 122 6869
2880 123 6868
2879 124 6867
2878 125 6866
2877 126 6865
2876 127 6864
2875 128 6863
2874 129 6862
2873 130 6861
2872 131 6860
2871 132 6859
2870 133 6858
2869 134 6857
2868 135 6856
2867 136 6855
2866 137 6854
2865 138 6853
2864 139 6852
2863 140 6851
2862 141 6850
2861 142 6849
2860 143 6848
2859 144 6847
2858 145 6846
2857 146 6845
2856 147 6844
2855 148 6843
2854 149 6842
2853 150 6841
2852 151 6840
2851 152 6839
2850 153 6838
2849 154 6837
2848 155 6836
2847 156 6835
2846 157 6834
2845 158 6833
2844 159 6832
2843 160 6831
2842 161 6830
2841 162 6829
2840 163 6828
2839 164 6827
2838 165 6826
2837 166 6825
2836 167 6824
2835 168 6823
2834 169 6822
2833 170 6821
2832 171 6820
2831 172 6819
2830 173 6818
2829 174 6817
2828 175 6816
2827 176 6815
2826 177 6814
2825 178 6813
2824 179 6812
2823 180 6811
2822 181 6810
2821 182 6809
2820 183 6808
2819 184 6807
2818 185 6806
2817 186 6805
2816 187 6804
2815 188 6803
2814 189 6802
2813 190 6801
2812 191 6800
2811 192 6799
2810 193 6798
2809 194 6797
2808 195 6796
2807 196 6795
2806 197 6794
2805 198 6793
2804 199 6792
2803 200 6791
2802 201 6790
2801 202 6789
2800 203 6788
2799 204 6787
2798 205 6786
2797 206 6785
2796 207 6784
2795 208 6783
2794 209 6782
2793 210 6781
2792 211 6780
2791 212 6779
2790 213 6778
2789 214 6777
2788 215 6776
2787 216 6775
2786 217 6774
2785 218 6773
2784 219 6772
2783 220 6771
2782 221 6770
2781 222 6769
2780 223 6768
2779 224 6767
2778 225 6766
2777 226 6765
2776 227 6764
2775 228 6763
2774 229 6762
2773 230 6761
2772 231 6760
2771 232 6759
2770 233 6758
2769 234 6757
2768 235 6756
2767 236 6755
2766 237 6754
2765 238 6753
2764 239 6752
2763 240 6751
2762 241 6750
2761 242 6749
2760 243 6748
2759 244 6747
2758 245 6746
2757 246 6745
2756 247 6744
2755 248 6743
2754 249 6742
2753 250 6741
2752 251 6740
2751 252 6739
2750 253 6738
2749 254 6737
2748 255 6736
2747 256 6735
2746 257 6734
2745 258 6733
2744 259 6732
2743 260 6731
2742 261 6730
2741 262 6729
2740 263 6728
2739 264 6727
2738 265 6726
2737 266 6725
2736 267 6724
2735 268 6723
2734 269 6722
2733 270 6721
2732 271 6720
2731 272 6719
2730 273 6718
2729 274 6717
2728 275 6716
2727 276 6715
2726 277 6714
2725 278 6713
2724 279 6712
2723 280 6711
2722 281 6710
2721 282 6709
2720 283 6708
2719 284 6707
2718 285 6706
2717 286 6705
2716 287 6704
2715 288 6703
2714 289 6702
2713 290 6701
2712 291 6700
2711 292 6699
2710 293 6698
2709 294 6697
2708 295 6696
2707 296 6695
2706 297 6694
2705 298 6693
2704 299 6692
2703 300 6691
2702 301 6690
2701 302 6689
2700 303 6688
2699 304 6687
2698 305 6686
2697 306 6685
2696 307 6684
2695 308 6683
2694 309 6682
2693 310 6681
2692 311 6680
2691 312 6679
2690 313 6678
2689 314 6677
2688 315 6676
2687 316 6675
2686 317 6674
2685 318 6673
2684 319 6672
2683 320 6671
2682 321 6670
2681 322 6669
2680 323 6668
2679 324 6667
2678 325 6666
2677 326 6665
2676 327 6664
2675 328 6663
2674 329 6662
2673 330 6661
2672 331 6660
2671 332 6659
2670 333 6658
2669 334 6657
2668 335 6656
2667 336 6655
2666 337 6654
2665 338 6653
2664 339 6652
2663 340 6651
2662 341 6650
2661 342 6649
2660 343 6648
2659 344 6647
2658 345 6646
2657 346 6645
2656 347 6644
2655 348 6643
2654 349 6642
2653 350 6641
2652 351 6640
2651 352 6639
2650 353 6638
2649 354 6637
2648 355 6636
2647 356 6635
2646 357 6634
2645 358 6633
2644 359 6632
2643 360 6631
2642 361 6630
2641 362 6629
2640 363 6628
2639 364 6627
2638 365 6626
2637 366 6625
2636 367 6624
2635 368 6623
2634 369 6622
2633 370 6621
2632 371 6620
2631 372 6619
2630 373 6618
2629 374 6617
2628 375 6616
2627 376 6615
2626 377 6614
2625 378 6613
2624 379 6612
2623 380 6611
2622 381 6610
2621 382 6609
2620 383 6608
2619 384 6607
2618 385 6606
2617 386 6605
2616 387 6604
2615 388 6603
2614 389 6602
2613 390 6601
2612 391 6600
2611 392 6599
2610 393 6598
2609 394 6597
2608 395 6596
2607 396 6595
2606 397 6594
2605 398 6593
2604 399 6592
2603 400 6591
2602 401 6590
2601 402 6589
2600 403 6588
2599 404 6587
2598 405 6586
2597 406 6585
2596 407 6584
2595 408 6583
2594 409 6582
2593 410 6581
2592 411 6580
2591 412 6579
2590 413 6578
2589 414 6577
2588 415 6576
2587 416 6575
2586 417 6574
2585 418 6573
2584 419 6572
2583 420 6571
2582 421 6570
2581 422 6569
2580 423 6568
2579 424 6567
2578 425 6566
2577 426 6565
2576 427 6564
2575 428 6563
2574 429 6562
2573 430 6561
2572 431 6560
2571 432 6559
2570 433 6558
2569 434 6557
2568 435 6556
2567 436 6555
2566 437 6554
2565 438 6553
2564 439 6552
2563 440 6551
2562 441 6550
2561 442 6549
2560 443 6548
2559 444 6547
2558 445 6546
2557 446 6545
2556 447 6544
2555 448 6543
2554 449 6542
2553 450 6541
2552 451 6540
2551 452 6539
2550 453 6538
2549 454 6537
2548 455 6536
2547 456 6535
2546 457 6534
2545 458 6533
2544 459 6532
2543 460 6531
2542 461 6530
2541 462 6529
2540 463 6528
2539 464 6527
2538 465 6526
2537 466 6525
2536 467 6524
2535 468 6523
2534 469 6522
2533 470 6521
2532 471 6520
2531 472 6519
2530 473 6518
2529 474 6517
2528 475 6516
2527 476 6515
2526 477 6514
2525 478 6513
2524 479 6512
2523 480 6511
2522 481 6510
2521 482 6509
2520 483 6508
2519 484 6507
2518 485 6506
2517 486 6505
2516 487 6504
2515 488 6503
2514 489 6502
2513 490 6501
2512 491 6500
2511 492 6499
2510 493 6498
2509 494 6497
2508 495 6496
2507 496 6495
2506 497 6494
2505 498 6493
2504 499 6492
2503 500 6491
2502 501 6490
2501 502 6489
2500 503 6488
2499 504 6487
2498 505 6486
2497 506 6485
2496 507 6484
2495 508 6483
2494 509 6482
2493 510 6481
2492 511 6480
2491 512 6479
2490 513 6478
2489 514 6477
2488 515 6476
2487 516 6475
2486 517 6474
2485 518 6473
2484 519 6472
2483 520 6471
2482 521 6470
2481 522 6469
2480 523 6468
2479 524 6467
2478 525 6466
2477 526 6465
2476 527 6464
2475 528 6463
2474 529 6462
2473 530 6461
2472 531 6460
2471 532 6459
2470 533 6458
2469 534 6457
2468 535 6456
2467 536 6455
2466 537 6454
2465 538 6453
2464 539 6452
2463 540 6451
2462 541 6450
2461 542 6449
2460 543 6448
2459 544 6447
2458 545 6446
2457 546 6445
2456 547 6444
2455 548 6443
2454 549 6442
2453 550 6441
2452 551 6440
2451 552 6439
2450 553 6438
2449 554 6437
2448 555 6436
2447 556 6435
2446 557 6434
2445 558 6433
2444 559 6432
2443 560 6431
2442 561 6430
2441 562 6429
2440 563 6428
2439 564 6427
2438 565 6426
2437 566 6425
2436 567 6424
2435 568 6423
2434 569 6422
2433 570 6421
2432 571 6420
2431 572 6419
2430 573 6418
2429 574 6417
2428 575 6416
2427 576 6415
2426 577 6414
2425 578 6413
2424 579 6412
2423 580 6411
2422 581 6410
2421 582 6409
2420 583 6408
2419 584 6407
2418 585 6406
2417 586 6405
2416 587 6404
2415 588 6403
2414 589 6402
2413 590 6401
2412 591 6400
2411 592 6399
2410 593 6398
2409 594 6397
2408 595 6396
2407 596 6395
2406 597 6394
2405 598 6393
2404 599 6392
2403 600 6391
2402 601 6390
2401 602 6389
2400 603 6388
2399 604 6387
2398 605 6386
2397 606 6385
2396 607 6384
2395 608 6383
2394 609 6382
2393 610 6381
2392 611 6380
2391 612 6379
2390 613 6378
2389 614 6377
2388 615 6376
2387 616 6375
2386 617 6374
2385 618 6373
2384 619 6372
2383 620 6371
2382 621 6370
2381 622 6369
2380 623 6368
2379 624 6367
2378 625 6366
2377 626 6365
2376 627 6364
2375 628 6363
2374 629 6362
2373 630 6361
2372 631 6360
2371 632 6359
2370 633 6358
2369 634 6357
2368 635 6356
2367 636 6355
2366 637 6354
2365 638 6353
2364 639 6352
2363 640 6351
2362 641 6350
2361 642 6349
2360 643 6348
2359 644 6347
2358 645 6346
2357 646 6345
2356 647 6344
2355 648 6343
2354 649 6342
2353 650 6341
2352 651 6340
2351 652 6339
2350 653 6338
2349 654 6337
2348 655 6336
2347 656 6335
2346 657 6334
2345 658 6333
2344 659 6332
2343 660 6331
2342 661 6330
2341 662 6329
2340 663 6328
2339 664 6327
2338 665 6326
2337 666 6325
2336 667 6324
2335 668 6323
2334 669 6322
2333 670 6321
2332 671 6320
2331 672 6319
2330 673 6318
2329 674 6317
2328 675 6316
2327 676 6315
2326 677 6314
2325 678 6313
2324 679 6312
2323 680 6311
2322 681 6310
2321 682 6309
2320 683 6308
2319 684 6307
2318 685 6306
2317 686 6305
2316 687 6304
2315 688 6303
2314 689 6302
2313 690 6301
2312 691 6300
2311 692 6299
2310 693 6298
2309 694 6297
2308 695 6296
2307 696 6295
2306 697 6294
2305 698 6293
2304 699 6292
2303 700 6291
2302 701 6290
2301 702 6289
2300 703 6288
2299 704 6287
2298 705 6286
2297 706 6285
2296 707 6284
2295 708 6283
2294 709 6282
2293 710 6281
2292 711 6280
2291 712 6279
2290 713 6278
2289 714 6277
2288 715 6276
2287 716 6275
2286 717 6274
2285 718 6273
2284 719 6272
2283 720 6271
2282 721 6270
2281 722 6269
2280 723 6268
2279 724 6267
2278 725 6266
2277 726 6265
2276 727 6264
2275 728 6263
2274 729 6262
2273 730 6261
2272 731 6260
2271 732 6259
2270 733 6258
2269 734 6257
2268 735 6256
2267 736 6255
2266 737 6254
2265 738 6253
2264 739 6252
2263 740 6251
2262 741 6250
2261 742 6249
2260 743 6248
2259 744 6247
2258 745 6246
2257 746 6245
2256 747 6244
2255 748 6243
2254 749 6242
2253 750 6241
2252 751 6240
2251 752 6239
2250 753 6238
2249 754 6237
2248 755 6236
2247 756 6235
2246 757 6234
2245 758 6233
2244 759 6232
2243 760 6231
2242 761 6230
2241 762 6229
2240 763 6228
2239 764 6227
2238 765 6226
2237 766 6225
2236 767 6224
2235 768 6223
2234 769 6222
2233 770 6221
2232 771 6220
2231 772 6219
2230 773 6218
2229 774 6217
2228 775 6216
2227 776 6215
2226 777 6214
2225 778 6213
2224 779 6212
2223 780 6211
2222 781 6210
2221 782 6209
2220 783 6208
2219 784 6207
2218 785 6206
2217 786 6205
2216 787 6204
2215 788 6203
2214 789 6202
2213 790 6201
2212 791 6200
2211 792 6199
2210 793 6198
2209 794 6197
2208 795 6196
2207 796 6195
2206 797 6194
2205 798 6193
2204 799 6192
2203 800 6191
2202 801 6190
2201 802 6189
2200 803 6188
2199 804 6187
2198 805 6186
2197 806 6185
2196 807 6184
2195 808 6183
2194 809 6182
2193 810 6181
2192 811 6180
2191 812 6179
2190 813 6178
2189 814 6177
2188 815 6176
2187 816 6175
2186 817 6174
2185 818 6173
2184 819 6172
2183 820 6171
2182 821 6170
2181 822 6169
2180 823 6168
2179 824 6167
2178 825 6166
2177 826 6165
2176 827 6164
2175 828 6163
2174 829 6162
2173 830 6161
2172 831 6160
2171 832 6159
2170 833 6158
2169 834 6157
2168 835 6156
2167 836 6155
2166 837 6154
2165 838 6153
2164 839 6152
2163 840 6151
2162 841 6150
2161 842 6149
2160 843 6148
2159 844 6147
2158 845 6146
2157 846 6145
2156 847 6144
2155 848 6143
2154 849 6142
2153 850 6141
2152 851 6140
2151 852 6139
2150 853 6138
2149 854 6137
2148 855 6136
2147 856 6135
2146 857 6134
2145 858 6133
2144 859 6132
2143 860 6131
2142 861 6130
2141 862 6129
2140 863 6128
2139 864 6127
2138 865 6126
2137 866 6125
2136 867 6124
2135 868 6123
2134 869 6122
2133 870 6121
2132 871 6120
2131 872 6119
2130 873 6118
2129 874 6117
2128 875 6116
2127 876 6115
2126 877 6114
2125 878 6113
2124 879 6112
2123 880 6111
2122 881 6110
2121 882 6109
2120 883 6108
2119 884 6107
2118 885 6106
2117 886 6105
2116 887 6104
2115 888 6103
2114 889 6102
2113 890 6101
2112 891 6100
2111 892 6099
2110 893 6098
2109 894 6097
2108 895 6096
2107 896 6095
2106 897 6094
2105 898 6093
2104 899 6092
2103 900 6091
2102 901 6090
2101 902 6089
2100 903 6088
2099 904 6087
2098 905 6086
2097 906 6085
2096 907 6084
2095 908 6083
2094 909 6082
2093 910 6081
2092 911 6080
2091 912 6079
2090 913 6078
2089 914 6077
2088 915 6076
2087 916 6075
2086 917 6074
2085 918 6073
2084 919 6072
2083 920 6071
2082 921 6070
2081 922 6069
2080 923 6068
2079 924 6067
2078 925 6066
2077 926 6065
2076 927 6064
2075 928 6063
2074 929 6062
2073 930 6061
2072 931 6060
2071 932 6059
2070 933 6058
2069 934 6057
2068 935 6056
2067 936 6055
2066 937 6054
2065 938 6053
2064 939 6052
2063 940 6051
2062 941 6050
2061 942 6049
2060 943 6048
2059 944 6047
2058 945 6046
2057 946 6045
2056 947 6044
2055 948 6043
2054 949 6042
2053 950 6041
2052 951 6040
2051 952 6039
2050 953 6038
2049 954 6037
2048 955 6036
2047 956 6035
2046 957 6034
2045 958 6033
2044 959 6032
2043 960 6031
2042 961 6030
2041 962 6029
2040 963 6028
2039 964 6027
2038 965 6026
2037 966 6025
2036 967 6024
2035 968 6023
2034 969 6022
2033 970 6021
2032 971 6020
2031 972 6019
2030 973 6018
2029 974 6017
2028 975 6016
2027 976 6015
2026 977 6014
2025 978 6013
2024 979 6012
2023 980 6011
2022 981 6010
2021 982 6009
2020 983 6008
2019 984 6007
2018 985 6006
2017 986 6005
2016 987 6004
2015 988 6003
2014 989 6002
2013 990 6001
