1880
3000 3 7880
2999 4 7879
2998 5 7878
2997 6 7877
2996 7 7876
2995 8 7875
2994 9 7874
2993 10 7873
2992 11 7872
2991 12 7871
2990 13 7870
2989 14 7869
2988 15 7868
2987 16 7867
2986 17 7866
2985 18 7865
2984 19 7864
2983 20 7863
2982 21 7862
2981 22 7861
2980 23 7860
2979 24 7859
2978 25 7858
2977 26 7857
2976 27 7856
2975 28 7855
2974 29 7854
2973 30 7853
2972 31 7852
2971 32 7851
2970 33 7850
2969 34 7849
2968 35 7848
2967 36 7847
2966 37 7846
2965 38 7845
2964 39 7844
2963 40 7843
2962 41 7842
2961 42 7841
2960 43 7840
2959 44 7839
2958 45 7838
2957 46 7837
2956 47 7836
2955 48 7835
2954 49 7834
2953 50 7833
2952 51 7832
2951 52 7831
2950 53 7830
2949 54 7829
2948 55 7828
2947 56 7827
2946 57 7826
2945 58 7825
2944 59 7824
2943 60 7823
2942 61 7822
2941 62 7821
2940 63 7820
2939 64 7819
2938 65 7818
2937 66 7817
2936 67 7816
2935 68 7815
2934 69 7814
2933 70 7813
2932 71 7812
2931 72 7811
2930 73 7810
2929 74 7809
2928 75 7808
2927 76 7807
2926 77 7806
2925 78 7805
2924 79 7804
2923 80 7803
2922 81 7802
2921 82 7801
2920 83 7800
2919 84 7799
2918 85 7798
2917 86 7797
2916 87 7796
2915 88 7795
2914 89 7794
2913 90 7793
2912 91 7792
2911 92 7791
2910 93 7790
2909 94 7789
2908 95 7788
2907 96 7787
2906 97 7786
2905 98 7785
2904 99 7784
2903 100 7783
2902 101 7782
2901 102 7781
2900 103 7780
2899 104 7779
2898 105 7778
2897 106 7777
2896 107 7776
2895 108 7775
2894 109 7774
2893 110 7773
2892 111 7772
2891 112 7771
2890 113 7770
2889 114 7769
2888 115 7768
2887 116 7767
2886 117 7766
2885 118 7765
2884 119 7764
2883 120 7763
2882 121 7762
2881 122 7761
2880 123 7760
2879 124 7759
2878 125 7758
2877 126 7757
2876 127 7756
2875 128 7755
2874 129 7754
2873 130 7753
2872 131 7752
2871 132 7751
2870 133 7750
2869 134 7749
2868 135 7748
2867 136 7747
2866 137 7746
2865 138 7745
2864 139 7744
2863 140 7743
2862 141 7742
2861 142 7741
2860 143 7740
2859 144 7739
2858 145 7738
2857 146 7737
2856 147 7736
2855 148 7735
2854 149 7734
2853 150 7733
2852 151 7732
2851 152 7731
2850 153 7730
2849 154 7729
2848 155 7728
2847 156 7727
2846 157 7726
2845 158 7725
2844 159 7724
2843 160 7723
2842 161 7722
2841 162 7721
2840 163 7720
2839 164 7719
2838 165 7718
2837 166 7717
2836 167 7716
2835 168 7715
2834 169 7714
2833 170 7713
2832 171 7712
2831 172 7711
2830 173 7710
2829 174 7709
2828 175 7708
2827 176 7707
2826 177 7706
2825 178 7705
2824 179 7704
2823 180 7703
2822 181 7702
2821 182 7701
2820 183 7700
2819 184 7699
2818 185 7698
2817 186 7697
2816 187 7696
2815 188 7695
2814 189 7694
2813 190 7693
2812 191 7692
2811 192 7691
2810 193 7690
2809 194 7689
2808 195 7688
2807 196 7687
2806 197 7686
2805 198 7685
2804 199 7684
2803 200 7683
2802 201 7682
2801 202 7681
2800 203 7680
2799 204 7679
2798 205 7678
2797 206 7677
2796 207 7676
2795 208 7675
2794 209 7674
2793 210 7673
2792 211 7672
2791 212 7671
2790 213 7670
2789 214 7669
2788 215 7668
2787 216 7667
2786 217 7666
2785 218 7665
2784 219 7664
2783 220 7663
2782 221 7662
2781 222 7661
2780 223 7660
2779 224 7659
2778 225 7658
2777 226 7657
2776 227 7656
2775 228 7655
2774 229 7654
2773 230 7653
2772 231 7652
2771 232 7651
2770 233 7650
2769 234 7649
2768 235 7648
2767 236 7647
2766 237 7646
2765 238 7645
2764 239 7644
2763 240 7643
2762 241 7642
2761 242 7641
2760 243 7640
2759 244 7639
2758 245 7638
2757 246 7637
2756 247 7636
2755 248 7635
2754 249 7634
2753 250 7633
2752 251 7632
2751 252 7631
2750 253 7630
2749 254 7629
2748 255 7628
2747 256 7627
2746 257 7626
2745 258 7625
2744 259 7624
2743 260 7623
2742 261 7622
2741 262 7621
2740 263 7620
2739 264 7619
2738 265 7618
2737 266 7617
2736 267 7616
2735 268 7615
2734 269 7614
2733 270 7613
2732 271 7612
2731 272 7611
2730 273 7610
2729 274 7609
2728 275 7608
2727 276 7607
2726 277 7606
2725 278 7605
2724 279 7604
2723 280 7603
2722 281 7602
2721 282 7601
2720 283 7600
2719 284 7599
2718 285 7598
2717 286 7597
2716 287 7596
2715 288 7595
2714 289 7594
2713 290 7593
2712 291 7592
2711 292 7591
2710 293 7590
2709 294 7589
2708 295 7588
2707 296 7587
2706 297 7586
2705 298 7585
2704 299 7584
2703 300 7583
2702 301 7582
2701 302 7581
2700 303 7580
2699 304 7579
2698 305 7578
2697 306 7577
2696 307 7576
2695 308 7575
2694 309 7574
2693 310 7573
2692 311 7572
2691 312 7571
2690 313 7570
2689 314 7569
2688 315 7568
2687 316 7567
2686 317 7566
2685 318 7565
2684 319 7564
2683 320 7563
2682 321 7562
2681 322 7561
2680 323 7560
2679 324 7559
2678 325 7558
2677 326 7557
2676 327 7556
2675 328 7555
2674 329 7554
2673 330 7553
2672 331 7552
2671 332 7551
2670 333 7550
2669 334 7549
2668 335 7548
2667 336 7547
2666 337 7546
2665 338 7545
2664 339 7544
2663 340 7543
2662 341 7542
2661 342 7541
2660 343 7540
2659 344 7539
2658 345 7538
2657 346 7537
2656 347 7536
2655 348 7535
2654 349 7534
2653 350 7533
2652 351 7532
2651 352 7531
2650 353 7530
2649 354 7529
2648 355 7528
2647 356 7527
2646 357 7526
2645 358 7525
2644 359 7524
2643 360 7523
2642 361 7522
2641 362 7521
2640 363 7520
2639 364 7519
2638 365 7518
2637 366 7517
2636 367 7516
2635 368 7515
2634 369 7514
2633 370 7513
2632 371 7512
2631 372 7511
2630 373 7510
2629 374 7509
2628 375 7508
2627 376 7507
2626 377 7506
2625 378 7505
2624 379 7504
2623 380 7503
2622 381 7502
2621 382 7501
2620 383 7500
2619 384 7499
2618 385 7498
2617 386 7497
2616 387 7496
2615 388 7495
2614 389 7494
2613 390 7493
2612 391 7492
2611 392 7491
2610 393 7490
2609 394 7489
2608 395 7488
2607 396 7487
2606 397 7486
2605 398 7485
2604 399 7484
2603 400 7483
2602 401 7482
2601 402 7481
2600 403 7480
2599 404 7479
2598 405 7478
2597 406 7477
2596 407 7476
2595 408 7475
2594 409 7474
2593 410 7473
2592 411 7472
2591 412 7471
2590 413 7470
2589 414 7469
2588 415 7468
2587 416 7467
2586 417 7466
2585 418 7465
2584 419 7464
2583 420 7463
2582 421 7462
2581 422 7461
2580 423 7460
2579 424 7459
2578 425 7458
2577 426 7457
2576 427 7456
2575 428 7455
2574 429 7454
2573 430 7453
2572 431 7452
2571 432 7451
2570 433 7450
2569 434 7449
2568 435 7448
2567 436 7447
2566 437 7446
2565 438 7445
2564 439 7444
2563 440 7443
2562 441 7442
2561 442 7441
2560 443 7440
2559 444 7439
2558 445 7438
2557 446 7437
2556 447 7436
2555 448 7435
2554 449 7434
2553 450 7433
2552 451 7432
2551 452 7431
2550 453 7430
2549 454 7429
2548 455 7428
2547 456 7427
2546 457 7426
2545 458 7425
2544 459 7424
2543 460 7423
2542 461 7422
2541 462 7421
2540 463 7420
2539 464 7419
2538 465 7418
2537 466 7417
2536 467 7416
2535 468 7415
2534 469 7414
2533 470 7413
2532 471 7412
2531 472 7411
2530 473 7410
2529 474 7409
2528 475 7408
2527 476 7407
2526 477 7406
2525 478 7405
2524 479 7404
2523 480 7403
2522 481 7402
2521 482 7401
2520 483 7400
2519 484 7399
2518 485 7398
2517 486 7397
2516 487 7396
2515 488 7395
2514 489 7394
2513 490 7393
2512 491 7392
2511 492 7391
2510 493 7390
2509 494 7389
2508 495 7388
2507 496 7387
2506 497 7386
2505 498 7385
2504 499 7384
2503 500 7383
2502 501 7382
2501 502 7381
2500 503 7380
2499 504 7379
2498 505 7378
2497 506 7377
2496 507 7376
2495 508 7375
2494 509 7374
2493 510 7373
2492 511 7372
2491 512 7371
2490 513 7370
2489 514 7369
2488 515 7368
2487 516 7367
2486 517 7366
2485 518 7365
2484 519 7364
2483 520 7363
2482 521 7362
2481 522 7361
2480 523 7360
2479 524 7359
2478 525 7358
2477 526 7357
2476 527 7356
2475 528 7355
2474 529 7354
2473 530 7353
2472 531 7352
2471 532 7351
2470 533 7350
2469 534 7349
2468 535 7348
2467 536 7347
2466 537 7346
2465 538 7345
2464 539 7344
2463 540 7343
2462 541 7342
2461 542 7341
2460 543 7340
2459 544 7339
2458 545 7338
2457 546 7337
2456 547 7336
2455 548 7335
2454 549 7334
2453 550 7333
2452 551 7332
2451 552 7331
2450 553 7330
2449 554 7329
2448 555 7328
2447 556 7327
2446 557 7326
2445 558 7325
2444 559 7324
2443 560 7323
2442 561 7322
2441 562 7321
2440 563 7320
2439 564 7319
2438 565 7318
2437 566 7317
2436 567 7316
2435 568 7315
2434 569 7314
2433 570 7313
2432 571 7312
2431 572 7311
2430 573 7310
2429 574 7309
2428 575 7308
2427 576 7307
2426 577 7306
2425 578 7305
2424 579 7304
2423 580 7303
2422 581 7302
2421 582 7301
2420 583 7300
2419 584 7299
2418 585 7298
2417 586 7297
2416 587 7296
2415 588 7295
2414 589 7294
2413 590 7293
2412 591 7292
2411 592 7291
2410 593 7290
2409 594 7289
2408 595 7288
2407 596 7287
2406 597 7286
2405 598 7285
2404 599 7284
2403 600 7283
2402 601 7282
2401 602 7281
2400 603 7280
2399 604 7279
2398 605 7278
2397 606 7277
2396 607 7276
2395 608 7275
2394 609 7274
2393 610 7273
2392 611 7272
2391 612 7271
2390 613 7270
2389 614 7269
2388 615 7268
2387 616 7267
2386 617 7266
2385 618 7265
2384 619 7264
2383 620 7263
2382 621 7262
2381 622 7261
2380 623 7260
2379 624 7259
2378 625 7258
2377 626 7257
2376 627 7256
2375 628 7255
2374 629 7254
2373 630 7253
2372 631 7252
2371 632 7251
2370 633 7250
2369 634 7249
2368 635 7248
2367 636 7247
2366 637 7246
2365 638 7245
2364 639 7244
2363 640 7243
2362 641 7242
2361 642 7241
2360 643 7240
2359 644 7239
2358 645 7238
2357 646 7237
2356 647 7236
2355 648 7235
2354 649 7234
2353 650 7233
2352 651 7232
2351 652 7231
2350 653 7230
2349 654 7229
2348 655 7228
2347 656 7227
2346 657 7226
2345 658 7225
2344 659 7224
2343 660 7223
2342 661 7222
2341 662 7221
2340 663 7220
2339 664 7219
2338 665 7218
2337 666 7217
2336 667 7216
2335 668 7215
2334 669 7214
2333 670 7213
2332 671 7212
2331 672 7211
2330 673 7210
2329 674 7209
2328 675 7208
2327 676 7207
2326 677 7206
2325 678 7205
2324 679 7204
2323 680 7203
2322 681 7202
2321 682 7201
2320 683 7200
2319 684 7199
2318 685 7198
2317 686 7197
2316 687 7196
2315 688 7195
2314 689 7194
2313 690 7193
2312 691 7192
2311 692 7191
2310 693 7190
2309 694 7189
2308 695 7188
2307 696 7187
2306 697 7186
2305 698 7185
2304 699 7184
2303 700 7183
2302 701 7182
2301 702 7181
2300 703 7180
2299 704 7179
2298 705 7178
2297 706 7177
2296 707 7176
2295 708 7175
2294 709 7174
2293 710 7173
2292 711 7172
2291 712 7171
2290 713 7170
2289 714 7169
2288 715 7168
2287 716 7167
2286 717 7166
2285 718 7165
2284 719 7164
2283 720 7163
2282 721 7162
2281 722 7161
2280 723 7160
2279 724 7159
2278 725 7158
2277 726 7157
2276 727 7156
2275 728 7155
2274 729 7154
2273 730 7153
2272 731 7152
2271 732 7151
2270 733 7150
2269 734 7149
2268 735 7148
2267 736 7147
2266 737 7146
2265 738 7145
2264 739 7144
2263 740 7143
2262 741 7142
2261 742 7141
2260 743 7140
2259 744 7139
2258 745 7138
2257 746 7137
2256 747 7136
2255 748 7135
2254 749 7134
2253 750 7133
2252 751 7132
2251 752 7131
2250 753 7130
2249 754 7129
2248 755 7128
2247 756 7127
2246 757 7126
2245 758 7125
2244 759 7124
2243 760 7123
2242 761 7122
2241 762 7121
2240 763 7120
2239 764 7119
2238 765 7118
2237 766 7117
2236 767 7116
2235 768 7115
2234 769 7114
2233 770 7113
2232 771 7112
2231 772 7111
2230 773 7110
2229 774 7109
2228 775 7108
2227 776 7107
2226 777 7106
2225 778 7105
2224 779 7104
2223 780 7103
2222 781 7102
2221 782 7101
2220 783 7100
2219 784 7099
2218 785 7098
2217 786 7097
2216 787 7096
2215 788 7095
2214 789 7094
2213 790 7093
2212 791 7092
2211 792 7091
2210 793 7090
2209 794 7089
2208 795 7088
2207 796 7087
2206 797 7086
2205 798 7085
2204 799 7084
2203 800 7083
2202 801 7082
2201 802 7081
2200 803 7080
2199 804 7079
2198 805 7078
2197 806 7077
2196 807 7076
2195 808 7075
2194 809 7074
2193 810 7073
2192 811 7072
2191 812 7071
2190 813 7070
2189 814 7069
2188 815 7068
2187 816 7067
2186 817 7066
2185 818 7065
2184 819 7064
2183 820 7063
2182 821 7062
2181 822 7061
2180 823 7060
2179 824 7059
2178 825 7058
2177 826 7057
2176 827 7056
2175 828 7055
2174 829 7054
2173 830 7053
2172 831 7052
2171 832 7051
2170 833 7050
2169 834 7049
2168 835 7048
2167 836 7047
2166 837 7046
2165 838 7045
2164 839 7044
2163 840 7043
2162 841 7042
2161 842 7041
2160 843 7040
2159 844 7039
2158 845 7038
2157 846 7037
2156 847 7036
2155 848 7035
2154 849 7034
2153 850 7033
2152 851 7032
2151 852 7031
2150 853 7030
2149 854 7029
2148 855 7028
2147 856 7027
2146 857 7026
2145 858 7025
2144 859 7024
2143 860 7023
2142 861 7022
2141 862 7021
2140 863 7020
2139 864 7019
2138 865 7018
2137 866 7017
2136 867 7016
2135 868 7015
2134 869 7014
2133 870 7013
2132 871 7012
2131 872 7011
2130 873 7010
2129 874 7009
2128 875 7008
2127 876 7007
2126 877 7006
2125 878 7005
2124 879 7004
2123 880 7003
2122 881 7002
2121 882 7001
2120 883 7000
2119 884 6999
2118 885 6998
2117 886 6997
2116 887 6996
2115 888 6995
2114 889 6994
2113 890 6993
2112 891 6992
2111 892 6991
2110 893 6990
2109 894 6989
2108 895 6988
2107 896 6987
2106 897 6986
2105 898 6985
2104 899 6984
2103 900 6983
2102 901 6982
2101 902 6981
2100 903 6980
2099 904 6979
2098 905 6978
2097 906 6977
2096 907 6976
2095 908 6975
2094 909 6974
2093 910 6973
2092 911 6972
2091 912 6971
2090 913 6970
2089 914 6969
2088 915 6968
2087 916 6967
2086 917 6966
2085 918 6965
2084 919 6964
2083 920 6963
2082 921 6962
2081 922 6961
2080 923 6960
2079 924 6959
2078 925 6958
2077 926 6957
2076 927 6956
2075 928 6955
2074 929 6954
2073 930 6953
2072 931 6952
2071 932 6951
2070 933 6950
2069 934 6949
2068 935 6948
2067 936 6947
2066 937 6946
2065 938 6945
2064 939 6944
2063 940 6943
2062 941 6942
2061 942 6941
2060 943 6940
2059 944 6939
2058 945 6938
2057 946 6937
2056 947 6936
2055 948 6935
2054 949 6934
2053 950 6933
2052 951 6932
2051 952 6931
2050 953 6930
2049 954 6929
2048 955 6928
2047 956 6927
2046 957 6926
2045 958 6925
2044 959 6924
2043 960 6923
2042 961 6922
2041 962 6921
2040 963 6920
2039 964 6919
2038 965 6918
2037 966 6917
2036 967 6916
2035 968 6915
2034 969 6914
2033 970 6913
2032 971 6912
2031 972 6911
2030 973 6910
2029 974 6909
2028 975 6908
2027 976 6907
2026 977 6906
2025 978 6905
2024 979 6904
2023 980 6903
2022 981 6902
2021 982 6901
2020 983 6900
2019 984 6899
2018 985 6898
2017 986 6897
2016 987 6896
2015 988 6895
2014 989 6894
2013 990 6893
2012 991 6892
2011 992 6891
2010 993 6890
2009 994 6889
2008 995 6888
2007 996 6887
2006 997 6886
2005 998 6885
2004 999 6884
2003 1000 6883
2002 1001 6882
2001 1002 6881
2000 1003 6880
1999 1004 6879
1998 1005 6878
1997 1006 6877
1996 1007 6876
1995 1008 6875
1994 1009 6874
1993 1010 6873
1992 1011 6872
1991 1012 6871
1990 1013 6870
1989 1014 6869
1988 1015 6868
1987 1016 6867
1986 1017 6866
1985 1018 6865
1984 1019 6864
1983 1020 6863
1982 1021 6862
1981 1022 6861
1980 1023 6860
1979 1024 6859
1978 1025 6858
1977 1026 6857
1976 1027 6856
1975 1028 6855
1974 1029 6854
1973 1030 6853
1972 1031 6852
1971 1032 6851
1970 1033 6850
1969 1034 6849
1968 1035 6848
1967 1036 6847
1966 1037 6846
1965 1038 6845
1964 1039 6844
1963 1040 6843
1962 1041 6842
1961 1042 6841
1960 1043 6840
1959 1044 6839
1958 1045 6838
1957 1046 6837
1956 1047 6836
1955 1048 6835
1954 1049 6834
1953 1050 6833
1952 1051 6832
1951 1052 6831
1950 1053 6830
1949 1054 6829
1948 1055 6828
1947 1056 6827
1946 1057 6826
1945 1058 6825
1944 1059 6824
1943 1060 6823
1942 1061 6822
1941 1062 6821
1940 1063 6820
1939 1064 6819
1938 1065 6818
1937 1066 6817
1936 1067 6816
1935 1068 6815
1934 1069 6814
1933 1070 6813
1932 1071 6812
1931 1072 6811
1930 1073 6810
1929 1074 6809
1928 1075 6808
1927 1076 6807
1926 1077 6806
1925 1078 6805
1924 1079 6804
1923 1080 6803
1922 1081 6802
1921 1082 6801
1920 1083 6800
1919 1084 6799
1918 1085 6798
1917 1086 6797
1916 1087 6796
1915 1088 6795
1914 1089 6794
1913 1090 6793
1912 1091 6792
1911 1092 6791
1910 1093 6790
1909 1094 6789
1908 1095 6788
1907 1096 6787
1906 1097 6786
1905 1098 6785
1904 1099 6784
1903 1100 6783
1902 1101 6782
1901 1102 6781
1900 1103 6780
1899 1104 6779
1898 1105 6778
1897 1106 6777
1896 1107 6776
1895 1108 6775
1894 1109 6774
1893 1110 6773
1892 1111 6772
1891 1112 6771
1890 1113 6770
1889 1114 6769
1888 1115 6768
1887 1116 6767
1886 1117 6766
1885 1118 6765
1884 1119 6764
1883 1120 6763
1882 1121 6762
1881 1122 6761
1880 1123 6760
1879 1124 6759
1878 1125 6758
1877 1126 6757
1876 1127 6756
1875 1128 6755
1874 1129 6754
1873 1130 6753
1872 1131 6752
1871 1132 6751
1870 1133 6750
1869 1134 6749
1868 1135 6748
1867 1136 6747
1866 1137 6746
1865 1138 6745
1864 1139 6744
1863 1140 6743
1862 1141 6742
1861 1142 6741
1860 1143 6740
1859 1144 6739
1858 1145 6738
1857 1146 6737
1856 1147 6736
1855 1148 6735
1854 1149 6734
1853 1150 6733
1852 1151 6732
1851 1152 6731
1850 1153 6730
1849 1154 6729
1848 1155 6728
1847 1156 6727
1846 1157 6726
1845 1158 6725
1844 1159 6724
1843 1160 6723
1842 1161 6722
1841 1162 6721
1840 1163 6720
1839 1164 6719
1838 1165 6718
1837 1166 6717
1836 1167 6716
1835 1168 6715
1834 1169 6714
1833 1170 6713
1832 1171 6712
1831 1172 6711
1830 1173 6710
1829 1174 6709
1828 1175 6708
1827 1176 6707
1826 1177 6706
1825 1178 6705
1824 1179 6704
1823 1180 6703
1822 1181 6702
1821 1182 6701
1820 1183 6700
1819 1184 6699
1818 1185 6698
1817 1186 6697
1816 1187 6696
1815 1188 6695
1814 1189 6694
1813 1190 6693
1812 1191 6692
1811 1192 6691
1810 1193 6690
1809 1194 6689
1808 1195 6688
1807 1196 6687
1806 1197 6686
1805 1198 6685
1804 1199 6684
1803 1200 6683
1802 1201 6682
1801 1202 6681
1800 1203 6680
1799 1204 6679
1798 1205 6678
1797 1206 6677
1796 1207 6676
1795 1208 6675
1794 1209 6674
1793 1210 6673
1792 1211 6672
1791 1212 6671
1790 1213 6670
1789 1214 6669
1788 1215 6668
1787 1216 6667
1786 1217 6666
1785 1218 6665
1784 1219 6664
1783 1220 6663
1782 1221 6662
1781 1222 6661
1780 1223 6660
1779 1224 6659
1778 1225 6658
1777 1226 6657
1776 1227 6656
1775 1228 6655
1774 1229 6654
1773 1230 6653
1772 1231 6652
1771 1232 6651
1770 1233 6650
1769 1234 6649
1768 1235 6648
1767 1236 6647
1766 1237 6646
1765 1238 6645
1764 1239 6644
1763 1240 6643
1762 1241 6642
1761 1242 6641
1760 1243 6640
1759 1244 6639
1758 1245 6638
1757 1246 6637
1756 1247 6636
1755 1248 6635
1754 1249 6634
1753 1250 6633
1752 1251 6632
1751 1252 6631
1750 1253 6630
1749 1254 6629
1748 1255 6628
1747 1256 6627
1746 1257 6626
1745 1258 6625
1744 1259 6624
1743 1260 6623
1742 1261 6622
1741 1262 6621
1740 1263 6620
1739 1264 6619
1738 1265 6618
1737 1266 6617
1736 1267 6616
1735 1268 6615
1734 1269 6614
1733 1270 6613
1732 1271 6612
1731 1272 6611
1730 1273 6610
1729 1274 6609
1728 1275 6608
1727 1276 6607
1726 1277 6606
1725 1278 6605
1724 1279 6604
1723 1280 6603
1722 1281 6602
1721 1282 6601
1720 1283 6600
1719 1284 6599
1718 1285 6598
1717 1286 6597
1716 1287 6596
1715 1288 6595
1714 1289 6594
1713 1290 6593
1712 1291 6592
1711 1292 6591
1710 1293 6590
1709 1294 6589
1708 1295 6588
1707 1296 6587
1706 1297 6586
1705 1298 6585
1704 1299 6584
1703 1300 6583
1702 1301 6582
1701 1302 6581
1700 1303 6580
1699 1304 6579
1698 1305 6578
1697 1306 6577
1696 1307 6576
1695 1308 6575
1694 1309 6574
1693 1310 6573
1692 1311 6572
1691 1312 6571
1690 1313 6570
1689 1314 6569
1688 1315 6568
1687 1316 6567
1686 1317 6566
1685 1318 6565
1684 1319 6564
1683 1320 6563
1682 1321 6562
1681 1322 6561
1680 1323 6560
1679 1324 6559
1678 1325 6558
1677 1326 6557
1676 1327 6556
1675 1328 6555
1674 1329 6554
1673 1330 6553
1672 1331 6552
1671 1332 6551
1670 1333 6550
1669 1334 6549
1668 1335 6548
1667 1336 6547
1666 1337 6546
1665 1338 6545
1664 1339 6544
1663 1340 6543
1662 1341 6542
1661 1342 6541
1660 1343 6540
1659 1344 6539
1658 1345 6538
1657 1346 6537
1656 1347 6536
1655 1348 6535
1654 1349 6534
1653 1350 6533
1652 1351 6532
1651 1352 6531
1650 1353 6530
1649 1354 6529
1648 1355 6528
1647 1356 6527
1646 1357 6526
1645 1358 6525
1644 1359 6524
1643 1360 6523
1642 1361 6522
1641 1362 6521
1640 1363 6520
1639 1364 6519
1638 1365 6518
1637 1366 6517
1636 1367 6516
1635 1368 6515
1634 1369 6514
1633 1370 6513
1632 1371 6512
1631 1372 6511
1630 1373 6510
1629 1374 6509
1628 1375 6508
1627 1376 6507
1626 1377 6506
1625 1378 6505
1624 1379 6504
1623 1380 6503
1622 1381 6502
1621 1382 6501
1620 1383 6500
1619 1384 6499
1618 1385 6498
1617 1386 6497
1616 1387 6496
1615 1388 6495
1614 1389 6494
1613 1390 6493
1612 1391 6492
1611 1392 6491
1610 1393 6490
1609 1394 6489
1608 1395 6488
1607 1396 6487
1606 1397 6486
1605 1398 6485
1604 1399 6484
1603 1400 6483
1602 1401 6482
1601 1402 6481
1600 1403 6480
1599 1404 6479
1598 1405 6478
1597 1406 6477
1596 1407 6476
1595 1408 6475
1594 1409 6474
1593 1410 6473
1592 1411 6472
1591 1412 6471
1590 1413 6470
1589 1414 6469
1588 1415 6468
1587 1416 6467
1586 1417 6466
1585 1418 6465
1584 1419 6464
1583 1420 6463
1582 1421 6462
1581 1422 6461
1580 1423 6460
1579 1424 6459
1578 1425 6458
1577 1426 6457
1576 1427 6456
1575 1428 6455
1574 1429 6454
1573 1430 6453
1572 1431 6452
1571 1432 6451
1570 1433 6450
1569 1434 6449
1568 1435 6448
1567 1436 6447
1566 1437 6446
1565 1438 6445
1564 1439 6444
1563 1440 6443
1562 1441 6442
1561 1442 6441
1560 1443 6440
1559 1444 6439
1558 1445 6438
1557 1446 6437
1556 1447 6436
1555 1448 6435
1554 1449 6434
1553 1450 6433
1552 1451 6432
1551 1452 6431
1550 1453 6430
1549 1454 6429
1548 1455 6428
1547 1456 6427
1546 1457 6426
1545 1458 6425
1544 1459 6424
1543 1460 6423
1542 1461 6422
1541 1462 6421
1540 1463 6420
1539 1464 6419
1538 1465 6418
1537 1466 6417
1536 1467 6416
1535 1468 6415
1534 1469 6414
1533 1470 6413
1532 1471 6412
1531 1472 6411
1530 1473 6410
1529 1474 6409
1528 1475 6408
1527 1476 6407
1526 1477 6406
1525 1478 6405
1524 1479 6404
1523 1480 6403
1522 1481 6402
1521 1482 6401
1520 1483 6400
1519 1484 6399
1518 1485 6398
1517 1486 6397
1516 1487 6396
1515 1488 6395
1514 1489 6394
1513 1490 6393
1512 1491 6392
1511 1492 6391
1510 1493 6390
1509 1494 6389
1508 1495 6388
1507 1496 6387
1506 1497 6386
1505 1498 6385
1504 1499 6384
1503 1500 6383
1502 1501 6382
1501 1502 6381
1500 1503 6380
1499 1504 6379
1498 1505 6378
1497 1506 6377
1496 1507 6376
1495 1508 6375
1494 1509 6374
1493 1510 6373
1492 1511 6372
1491 1512 6371
1490 1513 6370
1489 1514 6369
1488 1515 6368
1487 1516 6367
1486 1517 6366
1485 1518 6365
1484 1519 6364
1483 1520 6363
1482 1521 6362
1481 1522 6361
1480 1523 6360
1479 1524 6359
1478 1525 6358
1477 1526 6357
1476 1527 6356
1475 1528 6355
1474 1529 6354
1473 1530 6353
1472 1531 6352
1471 1532 6351
1470 1533 6350
1469 1534 6349
1468 1535 6348
1467 1536 6347
1466 1537 6346
1465 1538 6345
1464 1539 6344
1463 1540 6343
1462 1541 6342
1461 1542 6341
1460 1543 6340
1459 1544 6339
1458 1545 6338
1457 1546 6337
1456 1547 6336
1455 1548 6335
1454 1549 6334
1453 1550 6333
1452 1551 6332
1451 1552 6331
1450 1553 6330
1449 1554 6329
1448 1555 6328
1447 1556 6327
1446 1557 6326
1445 1558 6325
1444 1559 6324
1443 1560 6323
1442 1561 6322
1441 1562 6321
1440 1563 6320
1439 1564 6319
1438 1565 6318
1437 1566 6317
1436 1567 6316
1435 1568 6315
1434 1569 6314
1433 1570 6313
1432 1571 6312
1431 1572 6311
1430 1573 6310
1429 1574 6309
1428 1575 6308
1427 1576 6307
1426 1577 6306
1425 1578 6305
1424 1579 6304
1423 1580 6303
1422 1581 6302
1421 1582 6301
1420 1583 6300
1419 1584 6299
1418 1585 6298
1417 1586 6297
1416 1587 6296
1415 1588 6295
1414 1589 6294
1413 1590 6293
1412 1591 6292
1411 1592 6291
1410 1593 6290
1409 1594 6289
1408 1595 6288
1407 1596 6287
1406 1597 6286
1405 1598 6285
1404 1599 6284
1403 1600 6283
1402 1601 6282
1401 1602 6281
1400 1603 6280
1399 1604 6279
1398 1605 6278
1397 1606 6277
1396 1607 6276
1395 1608 6275
1394 1609 6274
1393 1610 6273
1392 1611 6272
1391 1612 6271
1390 1613 6270
1389 1614 6269
1388 1615 6268
1387 1616 6267
1386 1617 6266
1385 1618 6265
1384 1619 6264
1383 1620 6263
1382 1621 6262
1381 1622 6261
1380 1623 6260
1379 1624 6259
1378 1625 6258
1377 1626 6257
1376 1627 6256
1375 1628 6255
1374 1629 6254
1373 1630 6253
1372 1631 6252
1371 1632 6251
1370 1633 6250
1369 1634 6249
1368 1635 6248
1367 1636 6247
1366 1637 6246
1365 1638 6245
1364 1639 6244
1363 1640 6243
1362 1641 6242
1361 1642 6241
1360 1643 6240
1359 1644 6239
1358 1645 6238
1357 1646 6237
1356 1647 6236
1355 1648 6235
1354 1649 6234
1353 1650 6233
1352 1651 6232
1351 1652 6231
1350 1653 6230
1349 1654 6229
1348 1655 6228
1347 1656 6227
1346 1657 6226
1345 1658 6225
1344 1659 6224
1343 1660 6223
1342 1661 6222
1341 1662 6221
1340 1663 6220
1339 1664 6219
1338 1665 6218
1337 1666 6217
1336 1667 6216
1335 1668 6215
1334 1669 6214
1333 1670 6213
1332 1671 6212
1331 1672 6211
1330 1673 6210
1329 1674 6209
1328 1675 6208
1327 1676 6207
1326 1677 6206
1325 1678 6205
1324 1679 6204
1323 1680 6203
1322 1681 6202
1321 1682 6201
1320 1683 6200
1319 1684 6199
1318 1685 6198
1317 1686 6197
1316 1687 6196
1315 1688 6195
1314 1689 6194
1313 1690 6193
1312 1691 6192
1311 1692 6191
1310 1693 6190
1309 1694 6189
1308 1695 6188
1307 1696 6187
1306 1697 6186
1305 1698 6185
1304 1699 6184
1303 1700 6183
1302 1701 6182
1301 1702 6181
1300 1703 6180
1299 1704 6179
1298 1705 6178
1297 1706 6177
1296 1707 6176
1295 1708 6175
1294 1709 6174
1293 1710 6173
1292 1711 6172
1291 1712 6171
1290 1713 6170
1289 1714 6169
1288 1715 6168
1287 1716 6167
1286 1717 6166
1285 1718 6165
1284 1719 6164
1283 1720 6163
1282 1721 6162
1281 1722 6161
1280 1723 6160
1279 1724 6159
1278 1725 6158
1277 1726 6157
1276 1727 6156
1275 1728 6155
1274 1729 6154
1273 1730 6153
1272 1731 6152
1271 1732 6151
1270 1733 6150
1269 1734 6149
1268 1735 6148
1267 1736 6147
1266 1737 6146
1265 1738 6145
1264 1739 6144
1263 1740 6143
1262 1741 6142
1261 1742 6141
1260 1743 6140
1259 1744 6139
1258 1745 6138
1257 1746 6137
1256 1747 6136
1255 1748 6135
1254 1749 6134
1253 1750 6133
1252 1751 6132
1251 1752 6131
1250 1753 6130
1249 1754 6129
1248 1755 6128
1247 1756 6127
1246 1757 6126
1245 1758 6125
1244 1759 6124
1243 1760 6123
1242 1761 6122
1241 1762 6121
1240 1763 6120
1239 1764 6119
1238 1765 6118
1237 1766 6117
1236 1767 6116
1235 1768 6115
1234 1769 6114
1233 1770 6113
1232 1771 6112
1231 1772 6111
1230 1773 6110
1229 1774 6109
1228 1775 6108
1227 1776 6107
1226 1777 6106
1225 1778 6105
1224 1779 6104
1223 1780 6103
1222 1781 6102
1221 1782 6101
1220 1783 6100
1219 1784 6099
1218 1785 6098
1217 1786 6097
1216 1787 6096
1215 1788 6095
1214 1789 6094
1213 1790 6093
1212 1791 6092
1211 1792 6091
1210 1793 6090
1209 1794 6089
1208 1795 6088
1207 1796 6087
1206 1797 6086
1205 1798 6085
1204 1799 6084
1203 1800 6083
1202 1801 6082
1201 1802 6081
1200 1803 6080
1199 1804 6079
1198 1805 6078
1197 1806 6077
1196 1807 6076
1195 1808 6075
1194 1809 6074
1193 1810 6073
1192 1811 6072
1191 1812 6071
1190 1813 6070
1189 1814 6069
1188 1815 6068
1187 1816 6067
1186 1817 6066
1185 1818 6065
1184 1819 6064
1183 1820 6063
1182 1821 6062
1181 1822 6061
1180 1823 6060
1179 1824 6059
1178 1825 6058
1177 1826 6057
1176 1827 6056
1175 1828 6055
1174 1829 6054
1173 1830 6053
1172 1831 6052
1171 1832 6051
1170 1833 6050
1169 1834 6049
1168 1835 6048
1167 1836 6047
1166 1837 6046
1165 1838 6045
1164 1839 6044
1163 1840 6043
1162 1841 6042
1161 1842 6041
1160 1843 6040
1159 1844 6039
1158 1845 6038
1157 1846 6037
1156 1847 6036
1155 1848 6035
1154 1849 6034
1153 1850 6033
1152 1851 6032
1151 1852 6031
1150 1853 6030
1149 1854 6029
1148 1855 6028
1147 1856 6027
1146 1857 6026
1145 1858 6025
1144 1859 6024
1143 1860 6023
1142 1861 6022
1141 1862 6021
1140 1863 6020
1139 1864 6019
1138 1865 6018
1137 1866 6017
1136 1867 6016
1135 1868 6015
1134 1869 6014
1133 1870 6013
1132 1871 6012
1131 1872 6011
1130 1873 6010
1129 1874 6009
1128 1875 6008
1127 1876 6007
1126 1877 6006
1125 1878 6005
1124 1879 6004
1123 1880 6003
1122 1881 6002
1121 1882 6001
