2863
3000 3 8863
2999 4 8862
2998 5 8861
2997 6 8860
2996 7 8859
2995 8 8858
2994 9 8857
2993 10 8856
2992 11 8855
2991 12 8854
2990 13 8853
2989 14 8852
2988 15 8851
2987 16 8850
2986 17 8849
2985 18 8848
2984 19 8847
2983 20 8846
2982 21 8845
2981 22 8844
2980 23 8843
2979 24 8842
2978 25 8841
2977 26 8840
2976 27 8839
2975 28 8838
2974 29 8837
2973 30 8836
2972 31 8835
2971 32 8834
2970 33 8833
2969 34 8832
2968 35 8831
2967 36 8830
2966 37 8829
2965 38 8828
2964 39 8827
2963 40 8826
2962 41 8825
2961 42 8824
2960 43 8823
2959 44 8822
2958 45 8821
2957 46 8820
2956 47 8819
2955 48 8818
2954 49 8817
2953 50 8816
2952 51 8815
2951 52 8814
2950 53 8813
2949 54 8812
2948 55 8811
2947 56 8810
2946 57 8809
2945 58 8808
2944 59 8807
2943 60 8806
2942 61 8805
2941 62 8804
2940 63 8803
2939 64 8802
2938 65 8801
2937 66 8800
2936 67 8799
2935 68 8798
2934 69 8797
2933 70 8796
2932 71 8795
2931 72 8794
2930 73 8793
2929 74 8792
2928 75 8791
2927 76 8790
2926 77 8789
2925 78 8788
2924 79 8787
2923 80 8786
2922 81 8785
2921 82 8784
2920 83 8783
2919 84 8782
2918 85 8781
2917 86 8780
2916 87 8779
2915 88 8778
2914 89 8777
2913 90 8776
2912 91 8775
2911 92 8774
2910 93 8773
2909 94 8772
2908 95 8771
2907 96 8770
2906 97 8769
2905 98 8768
2904 99 8767
2903 100 8766
2902 101 8765
2901 102 8764
2900 103 8763
2899 104 8762
2898 105 8761
2897 106 8760
2896 107 8759
2895 108 8758
2894 109 8757
2893 110 8756
2892 111 8755
2891 112 8754
2890 113 8753
2889 114 8752
2888 115 8751
2887 116 8750
2886 117 8749
2885 118 8748
2884 119 8747
2883 120 8746
2882 121 8745
2881 122 8744
2880 123 8743
2879 124 8742
2878 125 8741
2877 126 8740
2876 127 8739
2875 128 8738
2874 129 8737
2873 130 8736
2872 131 8735
2871 132 8734
2870 133 8733
2869 134 8732
2868 135 8731
2867 136 8730
2866 137 8729
2865 138 8728
2864 139 8727
2863 140 8726
2862 141 8725
2861 142 8724
2860 143 8723
2859 144 8722
2858 145 8721
2857 146 8720
2856 147 8719
2855 148 8718
2854 149 8717
2853 150 8716
2852 151 8715
2851 152 8714
2850 153 8713
2849 154 8712
2848 155 8711
2847 156 8710
2846 157 8709
2845 158 8708
2844 159 8707
2843 160 8706
2842 161 8705
2841 162 8704
2840 163 8703
2839 164 8702
2838 165 8701
2837 166 8700
2836 167 8699
2835 168 8698
2834 169 8697
2833 170 8696
2832 171 8695
2831 172 8694
2830 173 8693
2829 174 8692
2828 175 8691
2827 176 8690
2826 177 8689
2825 178 8688
2824 179 8687
2823 180 8686
2822 181 8685
2821 182 8684
2820 183 8683
2819 184 8682
2818 185 8681
2817 186 8680
2816 187 8679
2815 188 8678
2814 189 8677
2813 190 8676
2812 191 8675
2811 192 8674
2810 193 8673
2809 194 8672
2808 195 8671
2807 196 8670
2806 197 8669
2805 198 8668
2804 199 8667
2803 200 8666
2802 201 8665
2801 202 8664
2800 203 8663
2799 204 8662
2798 205 8661
2797 206 8660
2796 207 8659
2795 208 8658
2794 209 8657
2793 210 8656
2792 211 8655
2791 212 8654
2790 213 8653
2789 214 8652
2788 215 8651
2787 216 8650
2786 217 8649
2785 218 8648
2784 219 8647
2783 220 8646
2782 221 8645
2781 222 8644
2780 223 8643
2779 224 8642
2778 225 8641
2777 226 8640
2776 227 8639
2775 228 8638
2774 229 8637
2773 230 8636
2772 231 8635
2771 232 8634
2770 233 8633
2769 234 8632
2768 235 8631
2767 236 8630
2766 237 8629
2765 238 8628
2764 239 8627
2763 240 8626
2762 241 8625
2761 242 8624
2760 243 8623
2759 244 8622
2758 245 8621
2757 246 8620
2756 247 8619
2755 248 8618
2754 249 8617
2753 250 8616
2752 251 8615
2751 252 8614
2750 253 8613
2749 254 8612
2748 255 8611
2747 256 8610
2746 257 8609
2745 258 8608
2744 259 8607
2743 260 8606
2742 261 8605
2741 262 8604
2740 263 8603
2739 264 8602
2738 265 8601
2737 266 8600
2736 267 8599
2735 268 8598
2734 269 8597
2733 270 8596
2732 271 8595
2731 272 8594
2730 273 8593
2729 274 8592
2728 275 8591
2727 276 8590
2726 277 8589
2725 278 8588
2724 279 8587
2723 280 8586
2722 281 8585
2721 282 8584
2720 283 8583
2719 284 8582
2718 285 8581
2717 286 8580
2716 287 8579
2715 288 8578
2714 289 8577
2713 290 8576
2712 291 8575
2711 292 8574
2710 293 8573
2709 294 8572
2708 295 8571
2707 296 8570
2706 297 8569
2705 298 8568
2704 299 8567
2703 300 8566
2702 301 8565
2701 302 8564
2700 303 8563
2699 304 8562
2698 305 8561
2697 306 8560
2696 307 8559
2695 308 8558
2694 309 8557
2693 310 8556
2692 311 8555
2691 312 8554
2690 313 8553
2689 314 8552
2688 315 8551
2687 316 8550
2686 317 8549
2685 318 8548
2684 319 8547
2683 320 8546
2682 321 8545
2681 322 8544
2680 323 8543
2679 324 8542
2678 325 8541
2677 326 8540
2676 327 8539
2675 328 8538
2674 329 8537
2673 330 8536
2672 331 8535
2671 332 8534
2670 333 8533
2669 334 8532
2668 335 8531
2667 336 8530
2666 337 8529
2665 338 8528
2664 339 8527
2663 340 8526
2662 341 8525
2661 342 8524
2660 343 8523
2659 344 8522
2658 345 8521
2657 346 8520
2656 347 8519
2655 348 8518
2654 349 8517
2653 350 8516
2652 351 8515
2651 352 8514
2650 353 8513
2649 354 8512
2648 355 8511
2647 356 8510
2646 357 8509
2645 358 8508
2644 359 8507
2643 360 8506
2642 361 8505
2641 362 8504
2640 363 8503
2639 364 8502
2638 365 8501
2637 366 8500
2636 367 8499
2635 368 8498
2634 369 8497
2633 370 8496
2632 371 8495
2631 372 8494
2630 373 8493
2629 374 8492
2628 375 8491
2627 376 8490
2626 377 8489
2625 378 8488
2624 379 8487
2623 380 8486
2622 381 8485
2621 382 8484
2620 383 8483
2619 384 8482
2618 385 8481
2617 386 8480
2616 387 8479
2615 388 8478
2614 389 8477
2613 390 8476
2612 391 8475
2611 392 8474
2610 393 8473
2609 394 8472
2608 395 8471
2607 396 8470
2606 397 8469
2605 398 8468
2604 399 8467
2603 400 8466
2602 401 8465
2601 402 8464
2600 403 8463
2599 404 8462
2598 405 8461
2597 406 8460
2596 407 8459
2595 408 8458
2594 409 8457
2593 410 8456
2592 411 8455
2591 412 8454
2590 413 8453
2589 414 8452
2588 415 8451
2587 416 8450
2586 417 8449
2585 418 8448
2584 419 8447
2583 420 8446
2582 421 8445
2581 422 8444
2580 423 8443
2579 424 8442
2578 425 8441
2577 426 8440
2576 427 8439
2575 428 8438
2574 429 8437
2573 430 8436
2572 431 8435
2571 432 8434
2570 433 8433
2569 434 8432
2568 435 8431
2567 436 8430
2566 437 8429
2565 438 8428
2564 439 8427
2563 440 8426
2562 441 8425
2561 442 8424
2560 443 8423
2559 444 8422
2558 445 8421
2557 446 8420
2556 447 8419
2555 448 8418
2554 449 8417
2553 450 8416
2552 451 8415
2551 452 8414
2550 453 8413
2549 454 8412
2548 455 8411
2547 456 8410
2546 457 8409
2545 458 8408
2544 459 8407
2543 460 8406
2542 461 8405
2541 462 8404
2540 463 8403
2539 464 8402
2538 465 8401
2537 466 8400
2536 467 8399
2535 468 8398
2534 469 8397
2533 470 8396
2532 471 8395
2531 472 8394
2530 473 8393
2529 474 8392
2528 475 8391
2527 476 8390
2526 477 8389
2525 478 8388
2524 479 8387
2523 480 8386
2522 481 8385
2521 482 8384
2520 483 8383
2519 484 8382
2518 485 8381
2517 486 8380
2516 487 8379
2515 488 8378
2514 489 8377
2513 490 8376
2512 491 8375
2511 492 8374
2510 493 8373
2509 494 8372
2508 495 8371
2507 496 8370
2506 497 8369
2505 498 8368
2504 499 8367
2503 500 8366
2502 501 8365
2501 502 8364
2500 503 8363
2499 504 8362
2498 505 8361
2497 506 8360
2496 507 8359
2495 508 8358
2494 509 8357
2493 510 8356
2492 511 8355
2491 512 8354
2490 513 8353
2489 514 8352
2488 515 8351
2487 516 8350
2486 517 8349
2485 518 8348
2484 519 8347
2483 520 8346
2482 521 8345
2481 522 8344
2480 523 8343
2479 524 8342
2478 525 8341
2477 526 8340
2476 527 8339
2475 528 8338
2474 529 8337
2473 530 8336
2472 531 8335
2471 532 8334
2470 533 8333
2469 534 8332
2468 535 8331
2467 536 8330
2466 537 8329
2465 538 8328
2464 539 8327
2463 540 8326
2462 541 8325
2461 542 8324
2460 543 8323
2459 544 8322
2458 545 8321
2457 546 8320
2456 547 8319
2455 548 8318
2454 549 8317
2453 550 8316
2452 551 8315
2451 552 8314
2450 553 8313
2449 554 8312
2448 555 8311
2447 556 8310
2446 557 8309
2445 558 8308
2444 559 8307
2443 560 8306
2442 561 8305
2441 562 8304
2440 563 8303
2439 564 8302
2438 565 8301
2437 566 8300
2436 567 8299
2435 568 8298
2434 569 8297
2433 570 8296
2432 571 8295
2431 572 8294
2430 573 8293
2429 574 8292
2428 575 8291
2427 576 8290
2426 577 8289
2425 578 8288
2424 579 8287
2423 580 8286
2422 581 8285
2421 582 8284
2420 583 8283
2419 584 8282
2418 585 8281
2417 586 8280
2416 587 8279
2415 588 8278
2414 589 8277
2413 590 8276
2412 591 8275
2411 592 8274
2410 593 8273
2409 594 8272
2408 595 8271
2407 596 8270
2406 597 8269
2405 598 8268
2404 599 8267
2403 600 8266
2402 601 8265
2401 602 8264
2400 603 8263
2399 604 8262
2398 605 8261
2397 606 8260
2396 607 8259
2395 608 8258
2394 609 8257
2393 610 8256
2392 611 8255
2391 612 8254
2390 613 8253
2389 614 8252
2388 615 8251
2387 616 8250
2386 617 8249
2385 618 8248
2384 619 8247
2383 620 8246
2382 621 8245
2381 622 8244
2380 623 8243
2379 624 8242
2378 625 8241
2377 626 8240
2376 627 8239
2375 628 8238
2374 629 8237
2373 630 8236
2372 631 8235
2371 632 8234
2370 633 8233
2369 634 8232
2368 635 8231
2367 636 8230
2366 637 8229
2365 638 8228
2364 639 8227
2363 640 8226
2362 641 8225
2361 642 8224
2360 643 8223
2359 644 8222
2358 645 8221
2357 646 8220
2356 647 8219
2355 648 8218
2354 649 8217
2353 650 8216
2352 651 8215
2351 652 8214
2350 653 8213
2349 654 8212
2348 655 8211
2347 656 8210
2346 657 8209
2345 658 8208
2344 659 8207
2343 660 8206
2342 661 8205
2341 662 8204
2340 663 8203
2339 664 8202
2338 665 8201
2337 666 8200
2336 667 8199
2335 668 8198
2334 669 8197
2333 670 8196
2332 671 8195
2331 672 8194
2330 673 8193
2329 674 8192
2328 675 8191
2327 676 8190
2326 677 8189
2325 678 8188
2324 679 8187
2323 680 8186
2322 681 8185
2321 682 8184
2320 683 8183
2319 684 8182
2318 685 8181
2317 686 8180
2316 687 8179
2315 688 8178
2314 689 8177
2313 690 8176
2312 691 8175
2311 692 8174
2310 693 8173
2309 694 8172
2308 695 8171
2307 696 8170
2306 697 8169
2305 698 8168
2304 699 8167
2303 700 8166
2302 701 8165
2301 702 8164
2300 703 8163
2299 704 8162
2298 705 8161
2297 706 8160
2296 707 8159
2295 708 8158
2294 709 8157
2293 710 8156
2292 711 8155
2291 712 8154
2290 713 8153
2289 714 8152
2288 715 8151
2287 716 8150
2286 717 8149
2285 718 8148
2284 719 8147
2283 720 8146
2282 721 8145
2281 722 8144
2280 723 8143
2279 724 8142
2278 725 8141
2277 726 8140
2276 727 8139
2275 728 8138
2274 729 8137
2273 730 8136
2272 731 8135
2271 732 8134
2270 733 8133
2269 734 8132
2268 735 8131
2267 736 8130
2266 737 8129
2265 738 8128
2264 739 8127
2263 740 8126
2262 741 8125
2261 742 8124
2260 743 8123
2259 744 8122
2258 745 8121
2257 746 8120
2256 747 8119
2255 748 8118
2254 749 8117
2253 750 8116
2252 751 8115
2251 752 8114
2250 753 8113
2249 754 8112
2248 755 8111
2247 756 8110
2246 757 8109
2245 758 8108
2244 759 8107
2243 760 8106
2242 761 8105
2241 762 8104
2240 763 8103
2239 764 8102
2238 765 8101
2237 766 8100
2236 767 8099
2235 768 8098
2234 769 8097
2233 770 8096
2232 771 8095
2231 772 8094
2230 773 8093
2229 774 8092
2228 775 8091
2227 776 8090
2226 777 8089
2225 778 8088
2224 779 8087
2223 780 8086
2222 781 8085
2221 782 8084
2220 783 8083
2219 784 8082
2218 785 8081
2217 786 8080
2216 787 8079
2215 788 8078
2214 789 8077
2213 790 8076
2212 791 8075
2211 792 8074
2210 793 8073
2209 794 8072
2208 795 8071
2207 796 8070
2206 797 8069
2205 798 8068
2204 799 8067
2203 800 8066
2202 801 8065
2201 802 8064
2200 803 8063
2199 804 8062
2198 805 8061
2197 806 8060
2196 807 8059
2195 808 8058
2194 809 8057
2193 810 8056
2192 811 8055
2191 812 8054
2190 813 8053
2189 814 8052
2188 815 8051
2187 816 8050
2186 817 8049
2185 818 8048
2184 819 8047
2183 820 8046
2182 821 8045
2181 822 8044
2180 823 8043
2179 824 8042
2178 825 8041
2177 826 8040
2176 827 8039
2175 828 8038
2174 829 8037
2173 830 8036
2172 831 8035
2171 832 8034
2170 833 8033
2169 834 8032
2168 835 8031
2167 836 8030
2166 837 8029
2165 838 8028
2164 839 8027
2163 840 8026
2162 841 8025
2161 842 8024
2160 843 8023
2159 844 8022
2158 845 8021
2157 846 8020
2156 847 8019
2155 848 8018
2154 849 8017
2153 850 8016
2152 851 8015
2151 852 8014
2150 853 8013
2149 854 8012
2148 855 8011
2147 856 8010
2146 857 8009
2145 858 8008
2144 859 8007
2143 860 8006
2142 861 8005
2141 862 8004
2140 863 8003
2139 864 8002
2138 865 8001
2137 866 8000
2136 867 7999
2135 868 7998
2134 869 7997
2133 870 7996
2132 871 7995
2131 872 7994
2130 873 7993
2129 874 7992
2128 875 7991
2127 876 7990
2126 877 7989
2125 878 7988
2124 879 7987
2123 880 7986
2122 881 7985
2121 882 7984
2120 883 7983
2119 884 7982
2118 885 7981
2117 886 7980
2116 887 7979
2115 888 7978
2114 889 7977
2113 890 7976
2112 891 7975
2111 892 7974
2110 893 7973
2109 894 7972
2108 895 7971
2107 896 7970
2106 897 7969
2105 898 7968
2104 899 7967
2103 900 7966
2102 901 7965
2101 902 7964
2100 903 7963
2099 904 7962
2098 905 7961
2097 906 7960
2096 907 7959
2095 908 7958
2094 909 7957
2093 910 7956
2092 911 7955
2091 912 7954
2090 913 7953
2089 914 7952
2088 915 7951
2087 916 7950
2086 917 7949
2085 918 7948
2084 919 7947
2083 920 7946
2082 921 7945
2081 922 7944
2080 923 7943
2079 924 7942
2078 925 7941
2077 926 7940
2076 927 7939
2075 928 7938
2074 929 7937
2073 930 7936
2072 931 7935
2071 932 7934
2070 933 7933
2069 934 7932
2068 935 7931
2067 936 7930
2066 937 7929
2065 938 7928
2064 939 7927
2063 940 7926
2062 941 7925
2061 942 7924
2060 943 7923
2059 944 7922
2058 945 7921
2057 946 7920
2056 947 7919
2055 948 7918
2054 949 7917
2053 950 7916
2052 951 7915
2051 952 7914
2050 953 7913
2049 954 7912
2048 955 7911
2047 956 7910
2046 957 7909
2045 958 7908
2044 959 7907
2043 960 7906
2042 961 7905
2041 962 7904
2040 963 7903
2039 964 7902
2038 965 7901
2037 966 7900
2036 967 7899
2035 968 7898
2034 969 7897
2033 970 7896
2032 971 7895
2031 972 7894
2030 973 7893
2029 974 7892
2028 975 7891
2027 976 7890
2026 977 7889
2025 978 7888
2024 979 7887
2023 980 7886
2022 981 7885
2021 982 7884
2020 983 7883
2019 984 7882
2018 985 7881
2017 986 7880
2016 987 7879
2015 988 7878
2014 989 7877
2013 990 7876
2012 991 7875
2011 992 7874
2010 993 7873
2009 994 7872
2008 995 7871
2007 996 7870
2006 997 7869
2005 998 7868
2004 999 7867
2003 1000 7866
2002 1001 7865
2001 1002 7864
2000 1003 7863
1999 1004 7862
1998 1005 7861
1997 1006 7860
1996 1007 7859
1995 1008 7858
1994 1009 7857
1993 1010 7856
1992 1011 7855
1991 1012 7854
1990 1013 7853
1989 1014 7852
1988 1015 7851
1987 1016 7850
1986 1017 7849
1985 1018 7848
1984 1019 7847
1983 1020 7846
1982 1021 7845
1981 1022 7844
1980 1023 7843
1979 1024 7842
1978 1025 7841
1977 1026 7840
1976 1027 7839
1975 1028 7838
1974 1029 7837
1973 1030 7836
1972 1031 7835
1971 1032 7834
1970 1033 7833
1969 1034 7832
1968 1035 7831
1967 1036 7830
1966 1037 7829
1965 1038 7828
1964 1039 7827
1963 1040 7826
1962 1041 7825
1961 1042 7824
1960 1043 7823
1959 1044 7822
1958 1045 7821
1957 1046 7820
1956 1047 7819
1955 1048 7818
1954 1049 7817
1953 1050 7816
1952 1051 7815
1951 1052 7814
1950 1053 7813
1949 1054 7812
1948 1055 7811
1947 1056 7810
1946 1057 7809
1945 1058 7808
1944 1059 7807
1943 1060 7806
1942 1061 7805
1941 1062 7804
1940 1063 7803
1939 1064 7802
1938 1065 7801
1937 1066 7800
1936 1067 7799
1935 1068 7798
1934 1069 7797
1933 1070 7796
1932 1071 7795
1931 1072 7794
1930 1073 7793
1929 1074 7792
1928 1075 7791
1927 1076 7790
1926 1077 7789
1925 1078 7788
1924 1079 7787
1923 1080 7786
1922 1081 7785
1921 1082 7784
1920 1083 7783
1919 1084 7782
1918 1085 7781
1917 1086 7780
1916 1087 7779
1915 1088 7778
1914 1089 7777
1913 1090 7776
1912 1091 7775
1911 1092 7774
1910 1093 7773
1909 1094 7772
1908 1095 7771
1907 1096 7770
1906 1097 7769
1905 1098 7768
1904 1099 7767
1903 1100 7766
1902 1101 7765
1901 1102 7764
1900 1103 7763
1899 1104 7762
1898 1105 7761
1897 1106 7760
1896 1107 7759
1895 1108 7758
1894 1109 7757
1893 1110 7756
1892 1111 7755
1891 1112 7754
1890 1113 7753
1889 1114 7752
1888 1115 7751
1887 1116 7750
1886 1117 7749
1885 1118 7748
1884 1119 7747
1883 1120 7746
1882 1121 7745
1881 1122 7744
1880 1123 7743
1879 1124 7742
1878 1125 7741
1877 1126 7740
1876 1127 7739
1875 1128 7738
1874 1129 7737
1873 1130 7736
1872 1131 7735
1871 1132 7734
1870 1133 7733
1869 1134 7732
1868 1135 7731
1867 1136 7730
1866 1137 7729
1865 1138 7728
1864 1139 7727
1863 1140 7726
1862 1141 7725
1861 1142 7724
1860 1143 7723
1859 1144 7722
1858 1145 7721
1857 1146 7720
1856 1147 7719
1855 1148 7718
1854 1149 7717
1853 1150 7716
1852 1151 7715
1851 1152 7714
1850 1153 7713
1849 1154 7712
1848 1155 7711
1847 1156 7710
1846 1157 7709
1845 1158 7708
1844 1159 7707
1843 1160 7706
1842 1161 7705
1841 1162 7704
1840 1163 7703
1839 1164 7702
1838 1165 7701
1837 1166 7700
1836 1167 7699
1835 1168 7698
1834 1169 7697
1833 1170 7696
1832 1171 7695
1831 1172 7694
1830 1173 7693
1829 1174 7692
1828 1175 7691
1827 1176 7690
1826 1177 7689
1825 1178 7688
1824 1179 7687
1823 1180 7686
1822 1181 7685
1821 1182 7684
1820 1183 7683
1819 1184 7682
1818 1185 7681
1817 1186 7680
1816 1187 7679
1815 1188 7678
1814 1189 7677
1813 1190 7676
1812 1191 7675
1811 1192 7674
1810 1193 7673
1809 1194 7672
1808 1195 7671
1807 1196 7670
1806 1197 7669
1805 1198 7668
1804 1199 7667
1803 1200 7666
1802 1201 7665
1801 1202 7664
1800 1203 7663
1799 1204 7662
1798 1205 7661
1797 1206 7660
1796 1207 7659
1795 1208 7658
1794 1209 7657
1793 1210 7656
1792 1211 7655
1791 1212 7654
1790 1213 7653
1789 1214 7652
1788 1215 7651
1787 1216 7650
1786 1217 7649
1785 1218 7648
1784 1219 7647
1783 1220 7646
1782 1221 7645
1781 1222 7644
1780 1223 7643
1779 1224 7642
1778 1225 7641
1777 1226 7640
1776 1227 7639
1775 1228 7638
1774 1229 7637
1773 1230 7636
1772 1231 7635
1771 1232 7634
1770 1233 7633
1769 1234 7632
1768 1235 7631
1767 1236 7630
1766 1237 7629
1765 1238 7628
1764 1239 7627
1763 1240 7626
1762 1241 7625
1761 1242 7624
1760 1243 7623
1759 1244 7622
1758 1245 7621
1757 1246 7620
1756 1247 7619
1755 1248 7618
1754 1249 7617
1753 1250 7616
1752 1251 7615
1751 1252 7614
1750 1253 7613
1749 1254 7612
1748 1255 7611
1747 1256 7610
1746 1257 7609
1745 1258 7608
1744 1259 7607
1743 1260 7606
1742 1261 7605
1741 1262 7604
1740 1263 7603
1739 1264 7602
1738 1265 7601
1737 1266 7600
1736 1267 7599
1735 1268 7598
1734 1269 7597
1733 1270 7596
1732 1271 7595
1731 1272 7594
1730 1273 7593
1729 1274 7592
1728 1275 7591
1727 1276 7590
1726 1277 7589
1725 1278 7588
1724 1279 7587
1723 1280 7586
1722 1281 7585
1721 1282 7584
1720 1283 7583
1719 1284 7582
1718 1285 7581
1717 1286 7580
1716 1287 7579
1715 1288 7578
1714 1289 7577
1713 1290 7576
1712 1291 7575
1711 1292 7574
1710 1293 7573
1709 1294 7572
1708 1295 7571
1707 1296 7570
1706 1297 7569
1705 1298 7568
1704 1299 7567
1703 1300 7566
1702 1301 7565
1701 1302 7564
1700 1303 7563
1699 1304 7562
1698 1305 7561
1697 1306 7560
1696 1307 7559
1695 1308 7558
1694 1309 7557
1693 1310 7556
1692 1311 7555
1691 1312 7554
1690 1313 7553
1689 1314 7552
1688 1315 7551
1687 1316 7550
1686 1317 7549
1685 1318 7548
1684 1319 7547
1683 1320 7546
1682 1321 7545
1681 1322 7544
1680 1323 7543
1679 1324 7542
1678 1325 7541
1677 1326 7540
1676 1327 7539
1675 1328 7538
1674 1329 7537
1673 1330 7536
1672 1331 7535
1671 1332 7534
1670 1333 7533
1669 1334 7532
1668 1335 7531
1667 1336 7530
1666 1337 7529
1665 1338 7528
1664 1339 7527
1663 1340 7526
1662 1341 7525
1661 1342 7524
1660 1343 7523
1659 1344 7522
1658 1345 7521
1657 1346 7520
1656 1347 7519
1655 1348 7518
1654 1349 7517
1653 1350 7516
1652 1351 7515
1651 1352 7514
1650 1353 7513
1649 1354 7512
1648 1355 7511
1647 1356 7510
1646 1357 7509
1645 1358 7508
1644 1359 7507
1643 1360 7506
1642 1361 7505
1641 1362 7504
1640 1363 7503
1639 1364 7502
1638 1365 7501
1637 1366 7500
1636 1367 7499
1635 1368 7498
1634 1369 7497
1633 1370 7496
1632 1371 7495
1631 1372 7494
1630 1373 7493
1629 1374 7492
1628 1375 7491
1627 1376 7490
1626 1377 7489
1625 1378 7488
1624 1379 7487
1623 1380 7486
1622 1381 7485
1621 1382 7484
1620 1383 7483
1619 1384 7482
1618 1385 7481
1617 1386 7480
1616 1387 7479
1615 1388 7478
1614 1389 7477
1613 1390 7476
1612 1391 7475
1611 1392 7474
1610 1393 7473
1609 1394 7472
1608 1395 7471
1607 1396 7470
1606 1397 7469
1605 1398 7468
1604 1399 7467
1603 1400 7466
1602 1401 7465
1601 1402 7464
1600 1403 7463
1599 1404 7462
1598 1405 7461
1597 1406 7460
1596 1407 7459
1595 1408 7458
1594 1409 7457
1593 1410 7456
1592 1411 7455
1591 1412 7454
1590 1413 7453
1589 1414 7452
1588 1415 7451
1587 1416 7450
1586 1417 7449
1585 1418 7448
1584 1419 7447
1583 1420 7446
1582 1421 7445
1581 1422 7444
1580 1423 7443
1579 1424 7442
1578 1425 7441
1577 1426 7440
1576 1427 7439
1575 1428 7438
1574 1429 7437
1573 1430 7436
1572 1431 7435
1571 1432 7434
1570 1433 7433
1569 1434 7432
1568 1435 7431
1567 1436 7430
1566 1437 7429
1565 1438 7428
1564 1439 7427
1563 1440 7426
1562 1441 7425
1561 1442 7424
1560 1443 7423
1559 1444 7422
1558 1445 7421
1557 1446 7420
1556 1447 7419
1555 1448 7418
1554 1449 7417
1553 1450 7416
1552 1451 7415
1551 1452 7414
1550 1453 7413
1549 1454 7412
1548 1455 7411
1547 1456 7410
1546 1457 7409
1545 1458 7408
1544 1459 7407
1543 1460 7406
1542 1461 7405
1541 1462 7404
1540 1463 7403
1539 1464 7402
1538 1465 7401
1537 1466 7400
1536 1467 7399
1535 1468 7398
1534 1469 7397
1533 1470 7396
1532 1471 7395
1531 1472 7394
1530 1473 7393
1529 1474 7392
1528 1475 7391
1527 1476 7390
1526 1477 7389
1525 1478 7388
1524 1479 7387
1523 1480 7386
1522 1481 7385
1521 1482 7384
1520 1483 7383
1519 1484 7382
1518 1485 7381
1517 1486 7380
1516 1487 7379
1515 1488 7378
1514 1489 7377
1513 1490 7376
1512 1491 7375
1511 1492 7374
1510 1493 7373
1509 1494 7372
1508 1495 7371
1507 1496 7370
1506 1497 7369
1505 1498 7368
1504 1499 7367
1503 1500 7366
1502 1501 7365
1501 1502 7364
1500 1503 7363
1499 1504 7362
1498 1505 7361
1497 1506 7360
1496 1507 7359
1495 1508 7358
1494 1509 7357
1493 1510 7356
1492 1511 7355
1491 1512 7354
1490 1513 7353
1489 1514 7352
1488 1515 7351
1487 1516 7350
1486 1517 7349
1485 1518 7348
1484 1519 7347
1483 1520 7346
1482 1521 7345
1481 1522 7344
1480 1523 7343
1479 1524 7342
1478 1525 7341
1477 1526 7340
1476 1527 7339
1475 1528 7338
1474 1529 7337
1473 1530 7336
1472 1531 7335
1471 1532 7334
1470 1533 7333
1469 1534 7332
1468 1535 7331
1467 1536 7330
1466 1537 7329
1465 1538 7328
1464 1539 7327
1463 1540 7326
1462 1541 7325
1461 1542 7324
1460 1543 7323
1459 1544 7322
1458 1545 7321
1457 1546 7320
1456 1547 7319
1455 1548 7318
1454 1549 7317
1453 1550 7316
1452 1551 7315
1451 1552 7314
1450 1553 7313
1449 1554 7312
1448 1555 7311
1447 1556 7310
1446 1557 7309
1445 1558 7308
1444 1559 7307
1443 1560 7306
1442 1561 7305
1441 1562 7304
1440 1563 7303
1439 1564 7302
1438 1565 7301
1437 1566 7300
1436 1567 7299
1435 1568 7298
1434 1569 7297
1433 1570 7296
1432 1571 7295
1431 1572 7294
1430 1573 7293
1429 1574 7292
1428 1575 7291
1427 1576 7290
1426 1577 7289
1425 1578 7288
1424 1579 7287
1423 1580 7286
1422 1581 7285
1421 1582 7284
1420 1583 7283
1419 1584 7282
1418 1585 7281
1417 1586 7280
1416 1587 7279
1415 1588 7278
1414 1589 7277
1413 1590 7276
1412 1591 7275
1411 1592 7274
1410 1593 7273
1409 1594 7272
1408 1595 7271
1407 1596 7270
1406 1597 7269
1405 1598 7268
1404 1599 7267
1403 1600 7266
1402 1601 7265
1401 1602 7264
1400 1603 7263
1399 1604 7262
1398 1605 7261
1397 1606 7260
1396 1607 7259
1395 1608 7258
1394 1609 7257
1393 1610 7256
1392 1611 7255
1391 1612 7254
1390 1613 7253
1389 1614 7252
1388 1615 7251
1387 1616 7250
1386 1617 7249
1385 1618 7248
1384 1619 7247
1383 1620 7246
1382 1621 7245
1381 1622 7244
1380 1623 7243
1379 1624 7242
1378 1625 7241
1377 1626 7240
1376 1627 7239
1375 1628 7238
1374 1629 7237
1373 1630 7236
1372 1631 7235
1371 1632 7234
1370 1633 7233
1369 1634 7232
1368 1635 7231
1367 1636 7230
1366 1637 7229
1365 1638 7228
1364 1639 7227
1363 1640 7226
1362 1641 7225
1361 1642 7224
1360 1643 7223
1359 1644 7222
1358 1645 7221
1357 1646 7220
1356 1647 7219
1355 1648 7218
1354 1649 7217
1353 1650 7216
1352 1651 7215
1351 1652 7214
1350 1653 7213
1349 1654 7212
1348 1655 7211
1347 1656 7210
1346 1657 7209
1345 1658 7208
1344 1659 7207
1343 1660 7206
1342 1661 7205
1341 1662 7204
1340 1663 7203
1339 1664 7202
1338 1665 7201
1337 1666 7200
1336 1667 7199
1335 1668 7198
1334 1669 7197
1333 1670 7196
1332 1671 7195
1331 1672 7194
1330 1673 7193
1329 1674 7192
1328 1675 7191
1327 1676 7190
1326 1677 7189
1325 1678 7188
1324 1679 7187
1323 1680 7186
1322 1681 7185
1321 1682 7184
1320 1683 7183
1319 1684 7182
1318 1685 7181
1317 1686 7180
1316 1687 7179
1315 1688 7178
1314 1689 7177
1313 1690 7176
1312 1691 7175
1311 1692 7174
1310 1693 7173
1309 1694 7172
1308 1695 7171
1307 1696 7170
1306 1697 7169
1305 1698 7168
1304 1699 7167
1303 1700 7166
1302 1701 7165
1301 1702 7164
1300 1703 7163
1299 1704 7162
1298 1705 7161
1297 1706 7160
1296 1707 7159
1295 1708 7158
1294 1709 7157
1293 1710 7156
1292 1711 7155
1291 1712 7154
1290 1713 7153
1289 1714 7152
1288 1715 7151
1287 1716 7150
1286 1717 7149
1285 1718 7148
1284 1719 7147
1283 1720 7146
1282 1721 7145
1281 1722 7144
1280 1723 7143
1279 1724 7142
1278 1725 7141
1277 1726 7140
1276 1727 7139
1275 1728 7138
1274 1729 7137
1273 1730 7136
1272 1731 7135
1271 1732 7134
1270 1733 7133
1269 1734 7132
1268 1735 7131
1267 1736 7130
1266 1737 7129
1265 1738 7128
1264 1739 7127
1263 1740 7126
1262 1741 7125
1261 1742 7124
1260 1743 7123
1259 1744 7122
1258 1745 7121
1257 1746 7120
1256 1747 7119
1255 1748 7118
1254 1749 7117
1253 1750 7116
1252 1751 7115
1251 1752 7114
1250 1753 7113
1249 1754 7112
1248 1755 7111
1247 1756 7110
1246 1757 7109
1245 1758 7108
1244 1759 7107
1243 1760 7106
1242 1761 7105
1241 1762 7104
1240 1763 7103
1239 1764 7102
1238 1765 7101
1237 1766 7100
1236 1767 7099
1235 1768 7098
1234 1769 7097
1233 1770 7096
1232 1771 7095
1231 1772 7094
1230 1773 7093
1229 1774 7092
1228 1775 7091
1227 1776 7090
1226 1777 7089
1225 1778 7088
1224 1779 7087
1223 1780 7086
1222 1781 7085
1221 1782 7084
1220 1783 7083
1219 1784 7082
1218 1785 7081
1217 1786 7080
1216 1787 7079
1215 1788 7078
1214 1789 7077
1213 1790 7076
1212 1791 7075
1211 1792 7074
1210 1793 7073
1209 1794 7072
1208 1795 7071
1207 1796 7070
1206 1797 7069
1205 1798 7068
1204 1799 7067
1203 1800 7066
1202 1801 7065
1201 1802 7064
1200 1803 7063
1199 1804 7062
1198 1805 7061
1197 1806 7060
1196 1807 7059
1195 1808 7058
1194 1809 7057
1193 1810 7056
1192 1811 7055
1191 1812 7054
1190 1813 7053
1189 1814 7052
1188 1815 7051
1187 1816 7050
1186 1817 7049
1185 1818 7048
1184 1819 7047
1183 1820 7046
1182 1821 7045
1181 1822 7044
1180 1823 7043
1179 1824 7042
1178 1825 7041
1177 1826 7040
1176 1827 7039
1175 1828 7038
1174 1829 7037
1173 1830 7036
1172 1831 7035
1171 1832 7034
1170 1833 7033
1169 1834 7032
1168 1835 7031
1167 1836 7030
1166 1837 7029
1165 1838 7028
1164 1839 7027
1163 1840 7026
1162 1841 7025
1161 1842 7024
1160 1843 7023
1159 1844 7022
1158 1845 7021
1157 1846 7020
1156 1847 7019
1155 1848 7018
1154 1849 7017
1153 1850 7016
1152 1851 7015
1151 1852 7014
1150 1853 7013
1149 1854 7012
1148 1855 7011
1147 1856 7010
1146 1857 7009
1145 1858 7008
1144 1859 7007
1143 1860 7006
1142 1861 7005
1141 1862 7004
1140 1863 7003
1139 1864 7002
1138 1865 7001
1137 1866 7000
1136 1867 6999
1135 1868 6998
1134 1869 6997
1133 1870 6996
1132 1871 6995
1131 1872 6994
1130 1873 6993
1129 1874 6992
1128 1875 6991
1127 1876 6990
1126 1877 6989
1125 1878 6988
1124 1879 6987
1123 1880 6986
1122 1881 6985
1121 1882 6984
1120 1883 6983
1119 1884 6982
1118 1885 6981
1117 1886 6980
1116 1887 6979
1115 1888 6978
1114 1889 6977
1113 1890 6976
1112 1891 6975
1111 1892 6974
1110 1893 6973
1109 1894 6972
1108 1895 6971
1107 1896 6970
1106 1897 6969
1105 1898 6968
1104 1899 6967
1103 1900 6966
1102 1901 6965
1101 1902 6964
1100 1903 6963
1099 1904 6962
1098 1905 6961
1097 1906 6960
1096 1907 6959
1095 1908 6958
1094 1909 6957
1093 1910 6956
1092 1911 6955
1091 1912 6954
1090 1913 6953
1089 1914 6952
1088 1915 6951
1087 1916 6950
1086 1917 6949
1085 1918 6948
1084 1919 6947
1083 1920 6946
1082 1921 6945
1081 1922 6944
1080 1923 6943
1079 1924 6942
1078 1925 6941
1077 1926 6940
1076 1927 6939
1075 1928 6938
1074 1929 6937
1073 1930 6936
1072 1931 6935
1071 1932 6934
1070 1933 6933
1069 1934 6932
1068 1935 6931
1067 1936 6930
1066 1937 6929
1065 1938 6928
1064 1939 6927
1063 1940 6926
1062 1941 6925
1061 1942 6924
1060 1943 6923
1059 1944 6922
1058 1945 6921
1057 1946 6920
1056 1947 6919
1055 1948 6918
1054 1949 6917
1053 1950 6916
1052 1951 6915
1051 1952 6914
1050 1953 6913
1049 1954 6912
1048 1955 6911
1047 1956 6910
1046 1957 6909
1045 1958 6908
1044 1959 6907
1043 1960 6906
1042 1961 6905
1041 1962 6904
1040 1963 6903
1039 1964 6902
1038 1965 6901
1037 1966 6900
1036 1967 6899
1035 1968 6898
1034 1969 6897
1033 1970 6896
1032 1971 6895
1031 1972 6894
1030 1973 6893
1029 1974 6892
1028 1975 6891
1027 1976 6890
1026 1977 6889
1025 1978 6888
1024 1979 6887
1023 1980 6886
1022 1981 6885
1021 1982 6884
1020 1983 6883
1019 1984 6882
1018 1985 6881
1017 1986 6880
1016 1987 6879
1015 1988 6878
1014 1989 6877
1013 1990 6876
1012 1991 6875
1011 1992 6874
1010 1993 6873
1009 1994 6872
1008 1995 6871
1007 1996 6870
1006 1997 6869
1005 1998 6868
1004 1999 6867
1003 2000 6866
1002 2001 6865
1001 2002 6864
1000 2003 6863
999 2004 6862
998 2005 6861
997 2006 6860
996 2007 6859
995 2008 6858
994 2009 6857
993 2010 6856
992 2011 6855
991 2012 6854
990 2013 6853
989 2014 6852
988 2015 6851
987 2016 6850
986 2017 6849
985 2018 6848
984 2019 6847
983 2020 6846
982 2021 6845
981 2022 6844
980 2023 6843
979 2024 6842
978 2025 6841
977 2026 6840
976 2027 6839
975 2028 6838
974 2029 6837
973 2030 6836
972 2031 6835
971 2032 6834
970 2033 6833
969 2034 6832
968 2035 6831
967 2036 6830
966 2037 6829
965 2038 6828
964 2039 6827
963 2040 6826
962 2041 6825
961 2042 6824
960 2043 6823
959 2044 6822
958 2045 6821
957 2046 6820
956 2047 6819
955 2048 6818
954 2049 6817
953 2050 6816
952 2051 6815
951 2052 6814
950 2053 6813
949 2054 6812
948 2055 6811
947 2056 6810
946 2057 6809
945 2058 6808
944 2059 6807
943 2060 6806
942 2061 6805
941 2062 6804
940 2063 6803
939 2064 6802
938 2065 6801
937 2066 6800
936 2067 6799
935 2068 6798
934 2069 6797
933 2070 6796
932 2071 6795
931 2072 6794
930 2073 6793
929 2074 6792
928 2075 6791
927 2076 6790
926 2077 6789
925 2078 6788
924 2079 6787
923 2080 6786
922 2081 6785
921 2082 6784
920 2083 6783
919 2084 6782
918 2085 6781
917 2086 6780
916 2087 6779
915 2088 6778
914 2089 6777
913 2090 6776
912 2091 6775
911 2092 6774
910 2093 6773
909 2094 6772
908 2095 6771
907 2096 6770
906 2097 6769
905 2098 6768
904 2099 6767
903 2100 6766
902 2101 6765
901 2102 6764
900 2103 6763
899 2104 6762
898 2105 6761
897 2106 6760
896 2107 6759
895 2108 6758
894 2109 6757
893 2110 6756
892 2111 6755
891 2112 6754
890 2113 6753
889 2114 6752
888 2115 6751
887 2116 6750
886 2117 6749
885 2118 6748
884 2119 6747
883 2120 6746
882 2121 6745
881 2122 6744
880 2123 6743
879 2124 6742
878 2125 6741
877 2126 6740
876 2127 6739
875 2128 6738
874 2129 6737
873 2130 6736
872 2131 6735
871 2132 6734
870 2133 6733
869 2134 6732
868 2135 6731
867 2136 6730
866 2137 6729
865 2138 6728
864 2139 6727
863 2140 6726
862 2141 6725
861 2142 6724
860 2143 6723
859 2144 6722
858 2145 6721
857 2146 6720
856 2147 6719
855 2148 6718
854 2149 6717
853 2150 6716
852 2151 6715
851 2152 6714
850 2153 6713
849 2154 6712
848 2155 6711
847 2156 6710
846 2157 6709
845 2158 6708
844 2159 6707
843 2160 6706
842 2161 6705
841 2162 6704
840 2163 6703
839 2164 6702
838 2165 6701
837 2166 6700
836 2167 6699
835 2168 6698
834 2169 6697
833 2170 6696
832 2171 6695
831 2172 6694
830 2173 6693
829 2174 6692
828 2175 6691
827 2176 6690
826 2177 6689
825 2178 6688
824 2179 6687
823 2180 6686
822 2181 6685
821 2182 6684
820 2183 6683
819 2184 6682
818 2185 6681
817 2186 6680
816 2187 6679
815 2188 6678
814 2189 6677
813 2190 6676
812 2191 6675
811 2192 6674
810 2193 6673
809 2194 6672
808 2195 6671
807 2196 6670
806 2197 6669
805 2198 6668
804 2199 6667
803 2200 6666
802 2201 6665
801 2202 6664
800 2203 6663
799 2204 6662
798 2205 6661
797 2206 6660
796 2207 6659
795 2208 6658
794 2209 6657
793 2210 6656
792 2211 6655
791 2212 6654
790 2213 6653
789 2214 6652
788 2215 6651
787 2216 6650
786 2217 6649
785 2218 6648
784 2219 6647
783 2220 6646
782 2221 6645
781 2222 6644
780 2223 6643
779 2224 6642
778 2225 6641
777 2226 6640
776 2227 6639
775 2228 6638
774 2229 6637
773 2230 6636
772 2231 6635
771 2232 6634
770 2233 6633
769 2234 6632
768 2235 6631
767 2236 6630
766 2237 6629
765 2238 6628
764 2239 6627
763 2240 6626
762 2241 6625
761 2242 6624
760 2243 6623
759 2244 6622
758 2245 6621
757 2246 6620
756 2247 6619
755 2248 6618
754 2249 6617
753 2250 6616
752 2251 6615
751 2252 6614
750 2253 6613
749 2254 6612
748 2255 6611
747 2256 6610
746 2257 6609
745 2258 6608
744 2259 6607
743 2260 6606
742 2261 6605
741 2262 6604
740 2263 6603
739 2264 6602
738 2265 6601
737 2266 6600
736 2267 6599
735 2268 6598
734 2269 6597
733 2270 6596
732 2271 6595
731 2272 6594
730 2273 6593
729 2274 6592
728 2275 6591
727 2276 6590
726 2277 6589
725 2278 6588
724 2279 6587
723 2280 6586
722 2281 6585
721 2282 6584
720 2283 6583
719 2284 6582
718 2285 6581
717 2286 6580
716 2287 6579
715 2288 6578
714 2289 6577
713 2290 6576
712 2291 6575
711 2292 6574
710 2293 6573
709 2294 6572
708 2295 6571
707 2296 6570
706 2297 6569
705 2298 6568
704 2299 6567
703 2300 6566
702 2301 6565
701 2302 6564
700 2303 6563
699 2304 6562
698 2305 6561
697 2306 6560
696 2307 6559
695 2308 6558
694 2309 6557
693 2310 6556
692 2311 6555
691 2312 6554
690 2313 6553
689 2314 6552
688 2315 6551
687 2316 6550
686 2317 6549
685 2318 6548
684 2319 6547
683 2320 6546
682 2321 6545
681 2322 6544
680 2323 6543
679 2324 6542
678 2325 6541
677 2326 6540
676 2327 6539
675 2328 6538
674 2329 6537
673 2330 6536
672 2331 6535
671 2332 6534
670 2333 6533
669 2334 6532
668 2335 6531
667 2336 6530
666 2337 6529
665 2338 6528
664 2339 6527
663 2340 6526
662 2341 6525
661 2342 6524
660 2343 6523
659 2344 6522
658 2345 6521
657 2346 6520
656 2347 6519
655 2348 6518
654 2349 6517
653 2350 6516
652 2351 6515
651 2352 6514
650 2353 6513
649 2354 6512
648 2355 6511
647 2356 6510
646 2357 6509
645 2358 6508
644 2359 6507
643 2360 6506
642 2361 6505
641 2362 6504
640 2363 6503
639 2364 6502
638 2365 6501
637 2366 6500
636 2367 6499
635 2368 6498
634 2369 6497
633 2370 6496
632 2371 6495
631 2372 6494
630 2373 6493
629 2374 6492
628 2375 6491
627 2376 6490
626 2377 6489
625 2378 6488
624 2379 6487
623 2380 6486
622 2381 6485
621 2382 6484
620 2383 6483
619 2384 6482
618 2385 6481
617 2386 6480
616 2387 6479
615 2388 6478
614 2389 6477
613 2390 6476
612 2391 6475
611 2392 6474
610 2393 6473
609 2394 6472
608 2395 6471
607 2396 6470
606 2397 6469
605 2398 6468
604 2399 6467
603 2400 6466
602 2401 6465
601 2402 6464
600 2403 6463
599 2404 6462
598 2405 6461
597 2406 6460
596 2407 6459
595 2408 6458
594 2409 6457
593 2410 6456
592 2411 6455
591 2412 6454
590 2413 6453
589 2414 6452
588 2415 6451
587 2416 6450
586 2417 6449
585 2418 6448
584 2419 6447
583 2420 6446
582 2421 6445
581 2422 6444
580 2423 6443
579 2424 6442
578 2425 6441
577 2426 6440
576 2427 6439
575 2428 6438
574 2429 6437
573 2430 6436
572 2431 6435
571 2432 6434
570 2433 6433
569 2434 6432
568 2435 6431
567 2436 6430
566 2437 6429
565 2438 6428
564 2439 6427
563 2440 6426
562 2441 6425
561 2442 6424
560 2443 6423
559 2444 6422
558 2445 6421
557 2446 6420
556 2447 6419
555 2448 6418
554 2449 6417
553 2450 6416
552 2451 6415
551 2452 6414
550 2453 6413
549 2454 6412
548 2455 6411
547 2456 6410
546 2457 6409
545 2458 6408
544 2459 6407
543 2460 6406
542 2461 6405
541 2462 6404
540 2463 6403
539 2464 6402
538 2465 6401
537 2466 6400
536 2467 6399
535 2468 6398
534 2469 6397
533 2470 6396
532 2471 6395
531 2472 6394
530 2473 6393
529 2474 6392
528 2475 6391
527 2476 6390
526 2477 6389
525 2478 6388
524 2479 6387
523 2480 6386
522 2481 6385
521 2482 6384
520 2483 6383
519 2484 6382
518 2485 6381
517 2486 6380
516 2487 6379
515 2488 6378
514 2489 6377
513 2490 6376
512 2491 6375
511 2492 6374
510 2493 6373
509 2494 6372
508 2495 6371
507 2496 6370
506 2497 6369
505 2498 6368
504 2499 6367
503 2500 6366
502 2501 6365
501 2502 6364
500 2503 6363
499 2504 6362
498 2505 6361
497 2506 6360
496 2507 6359
495 2508 6358
494 2509 6357
493 2510 6356
492 2511 6355
491 2512 6354
490 2513 6353
489 2514 6352
488 2515 6351
487 2516 6350
486 2517 6349
485 2518 6348
484 2519 6347
483 2520 6346
482 2521 6345
481 2522 6344
480 2523 6343
479 2524 6342
478 2525 6341
477 2526 6340
476 2527 6339
475 2528 6338
474 2529 6337
473 2530 6336
472 2531 6335
471 2532 6334
470 2533 6333
469 2534 6332
468 2535 6331
467 2536 6330
466 2537 6329
465 2538 6328
464 2539 6327
463 2540 6326
462 2541 6325
461 2542 6324
460 2543 6323
459 2544 6322
458 2545 6321
457 2546 6320
456 2547 6319
455 2548 6318
454 2549 6317
453 2550 6316
452 2551 6315
451 2552 6314
450 2553 6313
449 2554 6312
448 2555 6311
447 2556 6310
446 2557 6309
445 2558 6308
444 2559 6307
443 2560 6306
442 2561 6305
441 2562 6304
440 2563 6303
439 2564 6302
438 2565 6301
437 2566 6300
436 2567 6299
435 2568 6298
434 2569 6297
433 2570 6296
432 2571 6295
431 2572 6294
430 2573 6293
429 2574 6292
428 2575 6291
427 2576 6290
426 2577 6289
425 2578 6288
424 2579 6287
423 2580 6286
422 2581 6285
421 2582 6284
420 2583 6283
419 2584 6282
418 2585 6281
417 2586 6280
416 2587 6279
415 2588 6278
414 2589 6277
413 2590 6276
412 2591 6275
411 2592 6274
410 2593 6273
409 2594 6272
408 2595 6271
407 2596 6270
406 2597 6269
405 2598 6268
404 2599 6267
403 2600 6266
402 2601 6265
401 2602 6264
400 2603 6263
399 2604 6262
398 2605 6261
397 2606 6260
396 2607 6259
395 2608 6258
394 2609 6257
393 2610 6256
392 2611 6255
391 2612 6254
390 2613 6253
389 2614 6252
388 2615 6251
387 2616 6250
386 2617 6249
385 2618 6248
384 2619 6247
383 2620 6246
382 2621 6245
381 2622 6244
380 2623 6243
379 2624 6242
378 2625 6241
377 2626 6240
376 2627 6239
375 2628 6238
374 2629 6237
373 2630 6236
372 2631 6235
371 2632 6234
370 2633 6233
369 2634 6232
368 2635 6231
367 2636 6230
366 2637 6229
365 2638 6228
364 2639 6227
363 2640 6226
362 2641 6225
361 2642 6224
360 2643 6223
359 2644 6222
358 2645 6221
357 2646 6220
356 2647 6219
355 2648 6218
354 2649 6217
353 2650 6216
352 2651 6215
351 2652 6214
350 2653 6213
349 2654 6212
348 2655 6211
347 2656 6210
346 2657 6209
345 2658 6208
344 2659 6207
343 2660 6206
342 2661 6205
341 2662 6204
340 2663 6203
339 2664 6202
338 2665 6201
337 2666 6200
336 2667 6199
335 2668 6198
334 2669 6197
333 2670 6196
332 2671 6195
331 2672 6194
330 2673 6193
329 2674 6192
328 2675 6191
327 2676 6190
326 2677 6189
325 2678 6188
324 2679 6187
323 2680 6186
322 2681 6185
321 2682 6184
320 2683 6183
319 2684 6182
318 2685 6181
317 2686 6180
316 2687 6179
315 2688 6178
314 2689 6177
313 2690 6176
312 2691 6175
311 2692 6174
310 2693 6173
309 2694 6172
308 2695 6171
307 2696 6170
306 2697 6169
305 2698 6168
304 2699 6167
303 2700 6166
302 2701 6165
301 2702 6164
300 2703 6163
299 2704 6162
298 2705 6161
297 2706 6160
296 2707 6159
295 2708 6158
294 2709 6157
293 2710 6156
292 2711 6155
291 2712 6154
290 2713 6153
289 2714 6152
288 2715 6151
287 2716 6150
286 2717 6149
285 2718 6148
284 2719 6147
283 2720 6146
282 2721 6145
281 2722 6144
280 2723 6143
279 2724 6142
278 2725 6141
277 2726 6140
276 2727 6139
275 2728 6138
274 2729 6137
273 2730 6136
272 2731 6135
271 2732 6134
270 2733 6133
269 2734 6132
268 2735 6131
267 2736 6130
266 2737 6129
265 2738 6128
264 2739 6127
263 2740 6126
262 2741 6125
261 2742 6124
260 2743 6123
259 2744 6122
258 2745 6121
257 2746 6120
256 2747 6119
255 2748 6118
254 2749 6117
253 2750 6116
252 2751 6115
251 2752 6114
250 2753 6113
249 2754 6112
248 2755 6111
247 2756 6110
246 2757 6109
245 2758 6108
244 2759 6107
243 2760 6106
242 2761 6105
241 2762 6104
240 2763 6103
239 2764 6102
238 2765 6101
237 2766 6100
236 2767 6099
235 2768 6098
234 2769 6097
233 2770 6096
232 2771 6095
231 2772 6094
230 2773 6093
229 2774 6092
228 2775 6091
227 2776 6090
226 2777 6089
225 2778 6088
224 2779 6087
223 2780 6086
222 2781 6085
221 2782 6084
220 2783 6083
219 2784 6082
218 2785 6081
217 2786 6080
216 2787 6079
215 2788 6078
214 2789 6077
213 2790 6076
212 2791 6075
211 2792 6074
210 2793 6073
209 2794 6072
208 2795 6071
207 2796 6070
206 2797 6069
205 2798 6068
204 2799 6067
203 2800 6066
202 2801 6065
201 2802 6064
200 2803 6063
199 2804 6062
198 2805 6061
197 2806 6060
196 2807 6059
195 2808 6058
194 2809 6057
193 2810 6056
192 2811 6055
191 2812 6054
190 2813 6053
189 2814 6052
188 2815 6051
187 2816 6050
186 2817 6049
185 2818 6048
184 2819 6047
183 2820 6046
182 2821 6045
181 2822 6044
180 2823 6043
179 2824 6042
178 2825 6041
177 2826 6040
176 2827 6039
175 2828 6038
174 2829 6037
173 2830 6036
172 2831 6035
171 2832 6034
170 2833 6033
169 2834 6032
168 2835 6031
167 2836 6030
166 2837 6029
165 2838 6028
164 2839 6027
163 2840 6026
162 2841 6025
161 2842 6024
160 2843 6023
159 2844 6022
158 2845 6021
157 2846 6020
156 2847 6019
155 2848 6018
154 2849 6017
153 2850 6016
152 2851 6015
151 2852 6014
150 2853 6013
149 2854 6012
148 2855 6011
147 2856 6010
146 2857 6009
145 2858 6008
144 2859 6007
143 2860 6006
142 2861 6005
141 2862 6004
140 2863 6003
139 2864 6002
138 2865 6001
