1360
3000 3 7360
2999 4 7359
2998 5 7358
2997 6 7357
2996 7 7356
2995 8 7355
2994 9 7354
2993 10 7353
2992 11 7352
2991 12 7351
2990 13 7350
2989 14 7349
2988 15 7348
2987 16 7347
2986 17 7346
2985 18 7345
2984 19 7344
2983 20 7343
2982 21 7342
2981 22 7341
2980 23 7340
2979 24 7339
2978 25 7338
2977 26 7337
2976 27 7336
2975 28 7335
2974 29 7334
2973 30 7333
2972 31 7332
2971 32 7331
2970 33 7330
2969 34 7329
2968 35 7328
2967 36 7327
2966 37 7326
2965 38 7325
2964 39 7324
2963 40 7323
2962 41 7322
2961 42 7321
2960 43 7320
2959 44 7319
2958 45 7318
2957 46 7317
2956 47 7316
2955 48 7315
2954 49 7314
2953 50 7313
2952 51 7312
2951 52 7311
2950 53 7310
2949 54 7309
2948 55 7308
2947 56 7307
2946 57 7306
2945 58 7305
2944 59 7304
2943 60 7303
2942 61 7302
2941 62 7301
2940 63 7300
2939 64 7299
2938 65 7298
2937 66 7297
2936 67 7296
2935 68 7295
2934 69 7294
2933 70 7293
2932 71 7292
2931 72 7291
2930 73 7290
2929 74 7289
2928 75 7288
2927 76 7287
2926 77 7286
2925 78 7285
2924 79 7284
2923 80 7283
2922 81 7282
2921 82 7281
2920 83 7280
2919 84 7279
2918 85 7278
2917 86 7277
2916 87 7276
2915 88 7275
2914 89 7274
2913 90 7273
2912 91 7272
2911 92 7271
2910 93 7270
2909 94 7269
2908 95 7268
2907 96 7267
2906 97 7266
2905 98 7265
2904 99 7264
2903 100 7263
2902 101 7262
2901 102 7261
2900 103 7260
2899 104 7259
2898 105 7258
2897 106 7257
2896 107 7256
2895 108 7255
2894 109 7254
2893 110 7253
2892 111 7252
2891 112 7251
2890 113 7250
2889 114 7249
2888 115 7248
2887 116 7247
2886 117 7246
2885 118 7245
2884 119 7244
2883 120 7243
2882 121 7242
2881 122 7241
2880 123 7240
2879 124 7239
2878 125 7238
2877 126 7237
2876 127 7236
2875 128 7235
2874 129 7234
2873 130 7233
2872 131 7232
2871 132 7231
2870 133 7230
2869 134 7229
2868 135 7228
2867 136 7227
2866 137 7226
2865 138 7225
2864 139 7224
2863 140 7223
2862 141 7222
2861 142 7221
2860 143 7220
2859 144 7219
2858 145 7218
2857 146 7217
2856 147 7216
2855 148 7215
2854 149 7214
2853 150 7213
2852 151 7212
2851 152 7211
2850 153 7210
2849 154 7209
2848 155 7208
2847 156 7207
2846 157 7206
2845 158 7205
2844 159 7204
2843 160 7203
2842 161 7202
2841 162 7201
2840 163 7200
2839 164 7199
2838 165 7198
2837 166 7197
2836 167 7196
2835 168 7195
2834 169 7194
2833 170 7193
2832 171 7192
2831 172 7191
2830 173 7190
2829 174 7189
2828 175 7188
2827 176 7187
2826 177 7186
2825 178 7185
2824 179 7184
2823 180 7183
2822 181 7182
2821 182 7181
2820 183 7180
2819 184 7179
2818 185 7178
2817 186 7177
2816 187 7176
2815 188 7175
2814 189 7174
2813 190 7173
2812 191 7172
2811 192 7171
2810 193 7170
2809 194 7169
2808 195 7168
2807 196 7167
2806 197 7166
2805 198 7165
2804 199 7164
2803 200 7163
2802 201 7162
2801 202 7161
2800 203 7160
2799 204 7159
2798 205 7158
2797 206 7157
2796 207 7156
2795 208 7155
2794 209 7154
2793 210 7153
2792 211 7152
2791 212 7151
2790 213 7150
2789 214 7149
2788 215 7148
2787 216 7147
2786 217 7146
2785 218 7145
2784 219 7144
2783 220 7143
2782 221 7142
2781 222 7141
2780 223 7140
2779 224 7139
2778 225 7138
2777 226 7137
2776 227 7136
2775 228 7135
2774 229 7134
2773 230 7133
2772 231 7132
2771 232 7131
2770 233 7130
2769 234 7129
2768 235 7128
2767 236 7127
2766 237 7126
2765 238 7125
2764 239 7124
2763 240 7123
2762 241 7122
2761 242 7121
2760 243 7120
2759 244 7119
2758 245 7118
2757 246 7117
2756 247 7116
2755 248 7115
2754 249 7114
2753 250 7113
2752 251 7112
2751 252 7111
2750 253 7110
2749 254 7109
2748 255 7108
2747 256 7107
2746 257 7106
2745 258 7105
2744 259 7104
2743 260 7103
2742 261 7102
2741 262 7101
2740 263 7100
2739 264 7099
2738 265 7098
2737 266 7097
2736 267 7096
2735 268 7095
2734 269 7094
2733 270 7093
2732 271 7092
2731 272 7091
2730 273 7090
2729 274 7089
2728 275 7088
2727 276 7087
2726 277 7086
2725 278 7085
2724 279 7084
2723 280 7083
2722 281 7082
2721 282 7081
2720 283 7080
2719 284 7079
2718 285 7078
2717 286 7077
2716 287 7076
2715 288 7075
2714 289 7074
2713 290 7073
2712 291 7072
2711 292 7071
2710 293 7070
2709 294 7069
2708 295 7068
2707 296 7067
2706 297 7066
2705 298 7065
2704 299 7064
2703 300 7063
2702 301 7062
2701 302 7061
2700 303 7060
2699 304 7059
2698 305 7058
2697 306 7057
2696 307 7056
2695 308 7055
2694 309 7054
2693 310 7053
2692 311 7052
2691 312 7051
2690 313 7050
2689 314 7049
2688 315 7048
2687 316 7047
2686 317 7046
2685 318 7045
2684 319 7044
2683 320 7043
2682 321 7042
2681 322 7041
2680 323 7040
2679 324 7039
2678 325 7038
2677 326 7037
2676 327 7036
2675 328 7035
2674 329 7034
2673 330 7033
2672 331 7032
2671 332 7031
2670 333 7030
2669 334 7029
2668 335 7028
2667 336 7027
2666 337 7026
2665 338 7025
2664 339 7024
2663 340 7023
2662 341 7022
2661 342 7021
2660 343 7020
2659 344 7019
2658 345 7018
2657 346 7017
2656 347 7016
2655 348 7015
2654 349 7014
2653 350 7013
2652 351 7012
2651 352 7011
2650 353 7010
2649 354 7009
2648 355 7008
2647 356 7007
2646 357 7006
2645 358 7005
2644 359 7004
2643 360 7003
2642 361 7002
2641 362 7001
2640 363 7000
2639 364 6999
2638 365 6998
2637 366 6997
2636 367 6996
2635 368 6995
2634 369 6994
2633 370 6993
2632 371 6992
2631 372 6991
2630 373 6990
2629 374 6989
2628 375 6988
2627 376 6987
2626 377 6986
2625 378 6985
2624 379 6984
2623 380 6983
2622 381 6982
2621 382 6981
2620 383 6980
2619 384 6979
2618 385 6978
2617 386 6977
2616 387 6976
2615 388 6975
2614 389 6974
2613 390 6973
2612 391 6972
2611 392 6971
2610 393 6970
2609 394 6969
2608 395 6968
2607 396 6967
2606 397 6966
2605 398 6965
2604 399 6964
2603 400 6963
2602 401 6962
2601 402 6961
2600 403 6960
2599 404 6959
2598 405 6958
2597 406 6957
2596 407 6956
2595 408 6955
2594 409 6954
2593 410 6953
2592 411 6952
2591 412 6951
2590 413 6950
2589 414 6949
2588 415 6948
2587 416 6947
2586 417 6946
2585 418 6945
2584 419 6944
2583 420 6943
2582 421 6942
2581 422 6941
2580 423 6940
2579 424 6939
2578 425 6938
2577 426 6937
2576 427 6936
2575 428 6935
2574 429 6934
2573 430 6933
2572 431 6932
2571 432 6931
2570 433 6930
2569 434 6929
2568 435 6928
2567 436 6927
2566 437 6926
2565 438 6925
2564 439 6924
2563 440 6923
2562 441 6922
2561 442 6921
2560 443 6920
2559 444 6919
2558 445 6918
2557 446 6917
2556 447 6916
2555 448 6915
2554 449 6914
2553 450 6913
2552 451 6912
2551 452 6911
2550 453 6910
2549 454 6909
2548 455 6908
2547 456 6907
2546 457 6906
2545 458 6905
2544 459 6904
2543 460 6903
2542 461 6902
2541 462 6901
2540 463 6900
2539 464 6899
2538 465 6898
2537 466 6897
2536 467 6896
2535 468 6895
2534 469 6894
2533 470 6893
2532 471 6892
2531 472 6891
2530 473 6890
2529 474 6889
2528 475 6888
2527 476 6887
2526 477 6886
2525 478 6885
2524 479 6884
2523 480 6883
2522 481 6882
2521 482 6881
2520 483 6880
2519 484 6879
2518 485 6878
2517 486 6877
2516 487 6876
2515 488 6875
2514 489 6874
2513 490 6873
2512 491 6872
2511 492 6871
2510 493 6870
2509 494 6869
2508 495 6868
2507 496 6867
2506 497 6866
2505 498 6865
2504 499 6864
2503 500 6863
2502 501 6862
2501 502 6861
2500 503 6860
2499 504 6859
2498 505 6858
2497 506 6857
2496 507 6856
2495 508 6855
2494 509 6854
2493 510 6853
2492 511 6852
2491 512 6851
2490 513 6850
2489 514 6849
2488 515 6848
2487 516 6847
2486 517 6846
2485 518 6845
2484 519 6844
2483 520 6843
2482 521 6842
2481 522 6841
2480 523 6840
2479 524 6839
2478 525 6838
2477 526 6837
2476 527 6836
2475 528 6835
2474 529 6834
2473 530 6833
2472 531 6832
2471 532 6831
2470 533 6830
2469 534 6829
2468 535 6828
2467 536 6827
2466 537 6826
2465 538 6825
2464 539 6824
2463 540 6823
2462 541 6822
2461 542 6821
2460 543 6820
2459 544 6819
2458 545 6818
2457 546 6817
2456 547 6816
2455 548 6815
2454 549 6814
2453 550 6813
2452 551 6812
2451 552 6811
2450 553 6810
2449 554 6809
2448 555 6808
2447 556 6807
2446 557 6806
2445 558 6805
2444 559 6804
2443 560 6803
2442 561 6802
2441 562 6801
2440 563 6800
2439 564 6799
2438 565 6798
2437 566 6797
2436 567 6796
2435 568 6795
2434 569 6794
2433 570 6793
2432 571 6792
2431 572 6791
2430 573 6790
2429 574 6789
2428 575 6788
2427 576 6787
2426 577 6786
2425 578 6785
2424 579 6784
2423 580 6783
2422 581 6782
2421 582 6781
2420 583 6780
2419 584 6779
2418 585 6778
2417 586 6777
2416 587 6776
2415 588 6775
2414 589 6774
2413 590 6773
2412 591 6772
2411 592 6771
2410 593 6770
2409 594 6769
2408 595 6768
2407 596 6767
2406 597 6766
2405 598 6765
2404 599 6764
2403 600 6763
2402 601 6762
2401 602 6761
2400 603 6760
2399 604 6759
2398 605 6758
2397 606 6757
2396 607 6756
2395 608 6755
2394 609 6754
2393 610 6753
2392 611 6752
2391 612 6751
2390 613 6750
2389 614 6749
2388 615 6748
2387 616 6747
2386 617 6746
2385 618 6745
2384 619 6744
2383 620 6743
2382 621 6742
2381 622 6741
2380 623 6740
2379 624 6739
2378 625 6738
2377 626 6737
2376 627 6736
2375 628 6735
2374 629 6734
2373 630 6733
2372 631 6732
2371 632 6731
2370 633 6730
2369 634 6729
2368 635 6728
2367 636 6727
2366 637 6726
2365 638 6725
2364 639 6724
2363 640 6723
2362 641 6722
2361 642 6721
2360 643 6720
2359 644 6719
2358 645 6718
2357 646 6717
2356 647 6716
2355 648 6715
2354 649 6714
2353 650 6713
2352 651 6712
2351 652 6711
2350 653 6710
2349 654 6709
2348 655 6708
2347 656 6707
2346 657 6706
2345 658 6705
2344 659 6704
2343 660 6703
2342 661 6702
2341 662 6701
2340 663 6700
2339 664 6699
2338 665 6698
2337 666 6697
2336 667 6696
2335 668 6695
2334 669 6694
2333 670 6693
2332 671 6692
2331 672 6691
2330 673 6690
2329 674 6689
2328 675 6688
2327 676 6687
2326 677 6686
2325 678 6685
2324 679 6684
2323 680 6683
2322 681 6682
2321 682 6681
2320 683 6680
2319 684 6679
2318 685 6678
2317 686 6677
2316 687 6676
2315 688 6675
2314 689 6674
2313 690 6673
2312 691 6672
2311 692 6671
2310 693 6670
2309 694 6669
2308 695 6668
2307 696 6667
2306 697 6666
2305 698 6665
2304 699 6664
2303 700 6663
2302 701 6662
2301 702 6661
2300 703 6660
2299 704 6659
2298 705 6658
2297 706 6657
2296 707 6656
2295 708 6655
2294 709 6654
2293 710 6653
2292 711 6652
2291 712 6651
2290 713 6650
2289 714 6649
2288 715 6648
2287 716 6647
2286 717 6646
2285 718 6645
2284 719 6644
2283 720 6643
2282 721 6642
2281 722 6641
2280 723 6640
2279 724 6639
2278 725 6638
2277 726 6637
2276 727 6636
2275 728 6635
2274 729 6634
2273 730 6633
2272 731 6632
2271 732 6631
2270 733 6630
2269 734 6629
2268 735 6628
2267 736 6627
2266 737 6626
2265 738 6625
2264 739 6624
2263 740 6623
2262 741 6622
2261 742 6621
2260 743 6620
2259 744 6619
2258 745 6618
2257 746 6617
2256 747 6616
2255 748 6615
2254 749 6614
2253 750 6613
2252 751 6612
2251 752 6611
2250 753 6610
2249 754 6609
2248 755 6608
2247 756 6607
2246 757 6606
2245 758 6605
2244 759 6604
2243 760 6603
2242 761 6602
2241 762 6601
2240 763 6600
2239 764 6599
2238 765 6598
2237 766 6597
2236 767 6596
2235 768 6595
2234 769 6594
2233 770 6593
2232 771 6592
2231 772 6591
2230 773 6590
2229 774 6589
2228 775 6588
2227 776 6587
2226 777 6586
2225 778 6585
2224 779 6584
2223 780 6583
2222 781 6582
2221 782 6581
2220 783 6580
2219 784 6579
2218 785 6578
2217 786 6577
2216 787 6576
2215 788 6575
2214 789 6574
2213 790 6573
2212 791 6572
2211 792 6571
2210 793 6570
2209 794 6569
2208 795 6568
2207 796 6567
2206 797 6566
2205 798 6565
2204 799 6564
2203 800 6563
2202 801 6562
2201 802 6561
2200 803 6560
2199 804 6559
2198 805 6558
2197 806 6557
2196 807 6556
2195 808 6555
2194 809 6554
2193 810 6553
2192 811 6552
2191 812 6551
2190 813 6550
2189 814 6549
2188 815 6548
2187 816 6547
2186 817 6546
2185 818 6545
2184 819 6544
2183 820 6543
2182 821 6542
2181 822 6541
2180 823 6540
2179 824 6539
2178 825 6538
2177 826 6537
2176 827 6536
2175 828 6535
2174 829 6534
2173 830 6533
2172 831 6532
2171 832 6531
2170 833 6530
2169 834 6529
2168 835 6528
2167 836 6527
2166 837 6526
2165 838 6525
2164 839 6524
2163 840 6523
2162 841 6522
2161 842 6521
2160 843 6520
2159 844 6519
2158 845 6518
2157 846 6517
2156 847 6516
2155 848 6515
2154 849 6514
2153 850 6513
2152 851 6512
2151 852 6511
2150 853 6510
2149 854 6509
2148 855 6508
2147 856 6507
2146 857 6506
2145 858 6505
2144 859 6504
2143 860 6503
2142 861 6502
2141 862 6501
2140 863 6500
2139 864 6499
2138 865 6498
2137 866 6497
2136 867 6496
2135 868 6495
2134 869 6494
2133 870 6493
2132 871 6492
2131 872 6491
2130 873 6490
2129 874 6489
2128 875 6488
2127 876 6487
2126 877 6486
2125 878 6485
2124 879 6484
2123 880 6483
2122 881 6482
2121 882 6481
2120 883 6480
2119 884 6479
2118 885 6478
2117 886 6477
2116 887 6476
2115 888 6475
2114 889 6474
2113 890 6473
2112 891 6472
2111 892 6471
2110 893 6470
2109 894 6469
2108 895 6468
2107 896 6467
2106 897 6466
2105 898 6465
2104 899 6464
2103 900 6463
2102 901 6462
2101 902 6461
2100 903 6460
2099 904 6459
2098 905 6458
2097 906 6457
2096 907 6456
2095 908 6455
2094 909 6454
2093 910 6453
2092 911 6452
2091 912 6451
2090 913 6450
2089 914 6449
2088 915 6448
2087 916 6447
2086 917 6446
2085 918 6445
2084 919 6444
2083 920 6443
2082 921 6442
2081 922 6441
2080 923 6440
2079 924 6439
2078 925 6438
2077 926 6437
2076 927 6436
2075 928 6435
2074 929 6434
2073 930 6433
2072 931 6432
2071 932 6431
2070 933 6430
2069 934 6429
2068 935 6428
2067 936 6427
2066 937 6426
2065 938 6425
2064 939 6424
2063 940 6423
2062 941 6422
2061 942 6421
2060 943 6420
2059 944 6419
2058 945 6418
2057 946 6417
2056 947 6416
2055 948 6415
2054 949 6414
2053 950 6413
2052 951 6412
2051 952 6411
2050 953 6410
2049 954 6409
2048 955 6408
2047 956 6407
2046 957 6406
2045 958 6405
2044 959 6404
2043 960 6403
2042 961 6402
2041 962 6401
2040 963 6400
2039 964 6399
2038 965 6398
2037 966 6397
2036 967 6396
2035 968 6395
2034 969 6394
2033 970 6393
2032 971 6392
2031 972 6391
2030 973 6390
2029 974 6389
2028 975 6388
2027 976 6387
2026 977 6386
2025 978 6385
2024 979 6384
2023 980 6383
2022 981 6382
2021 982 6381
2020 983 6380
2019 984 6379
2018 985 6378
2017 986 6377
2016 987 6376
2015 988 6375
2014 989 6374
2013 990 6373
2012 991 6372
2011 992 6371
2010 993 6370
2009 994 6369
2008 995 6368
2007 996 6367
2006 997 6366
2005 998 6365
2004 999 6364
2003 1000 6363
2002 1001 6362
2001 1002 6361
2000 1003 6360
1999 1004 6359
1998 1005 6358
1997 1006 6357
1996 1007 6356
1995 1008 6355
1994 1009 6354
1993 1010 6353
1992 1011 6352
1991 1012 6351
1990 1013 6350
1989 1014 6349
1988 1015 6348
1987 1016 6347
1986 1017 6346
1985 1018 6345
1984 1019 6344
1983 1020 6343
1982 1021 6342
1981 1022 6341
1980 1023 6340
1979 1024 6339
1978 1025 6338
1977 1026 6337
1976 1027 6336
1975 1028 6335
1974 1029 6334
1973 1030 6333
1972 1031 6332
1971 1032 6331
1970 1033 6330
1969 1034 6329
1968 1035 6328
1967 1036 6327
1966 1037 6326
1965 1038 6325
1964 1039 6324
1963 1040 6323
1962 1041 6322
1961 1042 6321
1960 1043 6320
1959 1044 6319
1958 1045 6318
1957 1046 6317
1956 1047 6316
1955 1048 6315
1954 1049 6314
1953 1050 6313
1952 1051 6312
1951 1052 6311
1950 1053 6310
1949 1054 6309
1948 1055 6308
1947 1056 6307
1946 1057 6306
1945 1058 6305
1944 1059 6304
1943 1060 6303
1942 1061 6302
1941 1062 6301
1940 1063 6300
1939 1064 6299
1938 1065 6298
1937 1066 6297
1936 1067 6296
1935 1068 6295
1934 1069 6294
1933 1070 6293
1932 1071 6292
1931 1072 6291
1930 1073 6290
1929 1074 6289
1928 1075 6288
1927 1076 6287
1926 1077 6286
1925 1078 6285
1924 1079 6284
1923 1080 6283
1922 1081 6282
1921 1082 6281
1920 1083 6280
1919 1084 6279
1918 1085 6278
1917 1086 6277
1916 1087 6276
1915 1088 6275
1914 1089 6274
1913 1090 6273
1912 1091 6272
1911 1092 6271
1910 1093 6270
1909 1094 6269
1908 1095 6268
1907 1096 6267
1906 1097 6266
1905 1098 6265
1904 1099 6264
1903 1100 6263
1902 1101 6262
1901 1102 6261
1900 1103 6260
1899 1104 6259
1898 1105 6258
1897 1106 6257
1896 1107 6256
1895 1108 6255
1894 1109 6254
1893 1110 6253
1892 1111 6252
1891 1112 6251
1890 1113 6250
1889 1114 6249
1888 1115 6248
1887 1116 6247
1886 1117 6246
1885 1118 6245
1884 1119 6244
1883 1120 6243
1882 1121 6242
1881 1122 6241
1880 1123 6240
1879 1124 6239
1878 1125 6238
1877 1126 6237
1876 1127 6236
1875 1128 6235
1874 1129 6234
1873 1130 6233
1872 1131 6232
1871 1132 6231
1870 1133 6230
1869 1134 6229
1868 1135 6228
1867 1136 6227
1866 1137 6226
1865 1138 6225
1864 1139 6224
1863 1140 6223
1862 1141 6222
1861 1142 6221
1860 1143 6220
1859 1144 6219
1858 1145 6218
1857 1146 6217
1856 1147 6216
1855 1148 6215
1854 1149 6214
1853 1150 6213
1852 1151 6212
1851 1152 6211
1850 1153 6210
1849 1154 6209
1848 1155 6208
1847 1156 6207
1846 1157 6206
1845 1158 6205
1844 1159 6204
1843 1160 6203
1842 1161 6202
1841 1162 6201
1840 1163 6200
1839 1164 6199
1838 1165 6198
1837 1166 6197
1836 1167 6196
1835 1168 6195
1834 1169 6194
1833 1170 6193
1832 1171 6192
1831 1172 6191
1830 1173 6190
1829 1174 6189
1828 1175 6188
1827 1176 6187
1826 1177 6186
1825 1178 6185
1824 1179 6184
1823 1180 6183
1822 1181 6182
1821 1182 6181
1820 1183 6180
1819 1184 6179
1818 1185 6178
1817 1186 6177
1816 1187 6176
1815 1188 6175
1814 1189 6174
1813 1190 6173
1812 1191 6172
1811 1192 6171
1810 1193 6170
1809 1194 6169
1808 1195 6168
1807 1196 6167
1806 1197 6166
1805 1198 6165
1804 1199 6164
1803 1200 6163
1802 1201 6162
1801 1202 6161
1800 1203 6160
1799 1204 6159
1798 1205 6158
1797 1206 6157
1796 1207 6156
1795 1208 6155
1794 1209 6154
1793 1210 6153
1792 1211 6152
1791 1212 6151
1790 1213 6150
1789 1214 6149
1788 1215 6148
1787 1216 6147
1786 1217 6146
1785 1218 6145
1784 1219 6144
1783 1220 6143
1782 1221 6142
1781 1222 6141
1780 1223 6140
1779 1224 6139
1778 1225 6138
1777 1226 6137
1776 1227 6136
1775 1228 6135
1774 1229 6134
1773 1230 6133
1772 1231 6132
1771 1232 6131
1770 1233 6130
1769 1234 6129
1768 1235 6128
1767 1236 6127
1766 1237 6126
1765 1238 6125
1764 1239 6124
1763 1240 6123
1762 1241 6122
1761 1242 6121
1760 1243 6120
1759 1244 6119
1758 1245 6118
1757 1246 6117
1756 1247 6116
1755 1248 6115
1754 1249 6114
1753 1250 6113
1752 1251 6112
1751 1252 6111
1750 1253 6110
1749 1254 6109
1748 1255 6108
1747 1256 6107
1746 1257 6106
1745 1258 6105
1744 1259 6104
1743 1260 6103
1742 1261 6102
1741 1262 6101
1740 1263 6100
1739 1264 6099
1738 1265 6098
1737 1266 6097
1736 1267 6096
1735 1268 6095
1734 1269 6094
1733 1270 6093
1732 1271 6092
1731 1272 6091
1730 1273 6090
1729 1274 6089
1728 1275 6088
1727 1276 6087
1726 1277 6086
1725 1278 6085
1724 1279 6084
1723 1280 6083
1722 1281 6082
1721 1282 6081
1720 1283 6080
1719 1284 6079
1718 1285 6078
1717 1286 6077
1716 1287 6076
1715 1288 6075
1714 1289 6074
1713 1290 6073
1712 1291 6072
1711 1292 6071
1710 1293 6070
1709 1294 6069
1708 1295 6068
1707 1296 6067
1706 1297 6066
1705 1298 6065
1704 1299 6064
1703 1300 6063
1702 1301 6062
1701 1302 6061
1700 1303 6060
1699 1304 6059
1698 1305 6058
1697 1306 6057
1696 1307 6056
1695 1308 6055
1694 1309 6054
1693 1310 6053
1692 1311 6052
1691 1312 6051
1690 1313 6050
1689 1314 6049
1688 1315 6048
1687 1316 6047
1686 1317 6046
1685 1318 6045
1684 1319 6044
1683 1320 6043
1682 1321 6042
1681 1322 6041
1680 1323 6040
1679 1324 6039
1678 1325 6038
1677 1326 6037
1676 1327 6036
1675 1328 6035
1674 1329 6034
1673 1330 6033
1672 1331 6032
1671 1332 6031
1670 1333 6030
1669 1334 6029
1668 1335 6028
1667 1336 6027
1666 1337 6026
1665 1338 6025
1664 1339 6024
1663 1340 6023
1662 1341 6022
1661 1342 6021
1660 1343 6020
1659 1344 6019
1658 1345 6018
1657 1346 6017
1656 1347 6016
1655 1348 6015
1654 1349 6014
1653 1350 6013
1652 1351 6012
1651 1352 6011
1650 1353 6010
1649 1354 6009
1648 1355 6008
1647 1356 6007
1646 1357 6006
1645 1358 6005
1644 1359 6004
1643 1360 6003
1642 1361 6002
1641 1362 6001
