275
3000 3 6275
2999 4 6274
2998 5 6273
2997 6 6272
2996 7 6271
2995 8 6270
2994 9 6269
2993 10 6268
2992 11 6267
2991 12 6266
2990 13 6265
2989 14 6264
2988 15 6263
2987 16 6262
2986 17 6261
2985 18 6260
2984 19 6259
2983 20 6258
2982 21 6257
2981 22 6256
2980 23 6255
2979 24 6254
2978 25 6253
2977 26 6252
2976 27 6251
2975 28 6250
2974 29 6249
2973 30 6248
2972 31 6247
2971 32 6246
2970 33 6245
2969 34 6244
2968 35 6243
2967 36 6242
2966 37 6241
2965 38 6240
2964 39 6239
2963 40 6238
2962 41 6237
2961 42 6236
2960 43 6235
2959 44 6234
2958 45 6233
2957 46 6232
2956 47 6231
2955 48 6230
2954 49 6229
2953 50 6228
2952 51 6227
2951 52 6226
2950 53 6225
2949 54 6224
2948 55 6223
2947 56 6222
2946 57 6221
2945 58 6220
2944 59 6219
2943 60 6218
2942 61 6217
2941 62 6216
2940 63 6215
2939 64 6214
2938 65 6213
2937 66 6212
2936 67 6211
2935 68 6210
2934 69 6209
2933 70 6208
2932 71 6207
2931 72 6206
2930 73 6205
2929 74 6204
2928 75 6203
2927 76 6202
2926 77 6201
2925 78 6200
2924 79 6199
2923 80 6198
2922 81 6197
2921 82 6196
2920 83 6195
2919 84 6194
2918 85 6193
2917 86 6192
2916 87 6191
2915 88 6190
2914 89 6189
2913 90 6188
2912 91 6187
2911 92 6186
2910 93 6185
2909 94 6184
2908 95 6183
2907 96 6182
2906 97 6181
2905 98 6180
2904 99 6179
2903 100 6178
2902 101 6177
2901 102 6176
2900 103 6175
2899 104 6174
2898 105 6173
2897 106 6172
2896 107 6171
2895 108 6170
2894 109 6169
2893 110 6168
2892 111 6167
2891 112 6166
2890 113 6165
2889 114 6164
2888 115 6163
2887 116 6162
2886 117 6161
2885 118 6160
2884 119 6159
2883 120 6158
2882 121 6157
2881 122 6156
2880 123 6155
2879 124 6154
2878 125 6153
2877 126 6152
2876 127 6151
2875 128 6150
2874 129 6149
2873 130 6148
2872 131 6147
2871 132 6146
2870 133 6145
2869 134 6144
2868 135 6143
2867 136 6142
2866 137 6141
2865 138 6140
2864 139 6139
2863 140 6138
2862 141 6137
2861 142 6136
2860 143 6135
2859 144 6134
2858 145 6133
2857 146 6132
2856 147 6131
2855 148 6130
2854 149 6129
2853 150 6128
2852 151 6127
2851 152 6126
2850 153 6125
2849 154 6124
2848 155 6123
2847 156 6122
2846 157 6121
2845 158 6120
2844 159 6119
2843 160 6118
2842 161 6117
2841 162 6116
2840 163 6115
2839 164 6114
2838 165 6113
2837 166 6112
2836 167 6111
2835 168 6110
2834 169 6109
2833 170 6108
2832 171 6107
2831 172 6106
2830 173 6105
2829 174 6104
2828 175 6103
2827 176 6102
2826 177 6101
2825 178 6100
2824 179 6099
2823 180 6098
2822 181 6097
2821 182 6096
2820 183 6095
2819 184 6094
2818 185 6093
2817 186 6092
2816 187 6091
2815 188 6090
2814 189 6089
2813 190 6088
2812 191 6087
2811 192 6086
2810 193 6085
2809 194 6084
2808 195 6083
2807 196 6082
2806 197 6081
2805 198 6080
2804 199 6079
2803 200 6078
2802 201 6077
2801 202 6076
2800 203 6075
2799 204 6074
2798 205 6073
2797 206 6072
2796 207 6071
2795 208 6070
2794 209 6069
2793 210 6068
2792 211 6067
2791 212 6066
2790 213 6065
2789 214 6064
2788 215 6063
2787 216 6062
2786 217 6061
2785 218 6060
2784 219 6059
2783 220 6058
2782 221 6057
2781 222 6056
2780 223 6055
2779 224 6054
2778 225 6053
2777 226 6052
2776 227 6051
2775 228 6050
2774 229 6049
2773 230 6048
2772 231 6047
2771 232 6046
2770 233 6045
2769 234 6044
2768 235 6043
2767 236 6042
2766 237 6041
2765 238 6040
2764 239 6039
2763 240 6038
2762 241 6037
2761 242 6036
2760 243 6035
2759 244 6034
2758 245 6033
2757 246 6032
2756 247 6031
2755 248 6030
2754 249 6029
2753 250 6028
2752 251 6027
2751 252 6026
2750 253 6025
2749 254 6024
2748 255 6023
2747 256 6022
2746 257 6021
2745 258 6020
2744 259 6019
2743 260 6018
2742 261 6017
2741 262 6016
2740 263 6015
2739 264 6014
2738 265 6013
2737 266 6012
2736 267 6011
2735 268 6010
2734 269 6009
2733 270 6008
2732 271 6007
2731 272 6006
2730 273 6005
2729 274 6004
2728 275 6003
2727 276 6002
2726 277 6001
