2071
3000 3 8071
2999 4 8070
2998 5 8069
2997 6 8068
2996 7 8067
2995 8 8066
2994 9 8065
2993 10 8064
2992 11 8063
2991 12 8062
2990 13 8061
2989 14 8060
2988 15 8059
2987 16 8058
2986 17 8057
2985 18 8056
2984 19 8055
2983 20 8054
2982 21 8053
2981 22 8052
2980 23 8051
2979 24 8050
2978 25 8049
2977 26 8048
2976 27 8047
2975 28 8046
2974 29 8045
2973 30 8044
2972 31 8043
2971 32 8042
2970 33 8041
2969 34 8040
2968 35 8039
2967 36 8038
2966 37 8037
2965 38 8036
2964 39 8035
2963 40 8034
2962 41 8033
2961 42 8032
2960 43 8031
2959 44 8030
2958 45 8029
2957 46 8028
2956 47 8027
2955 48 8026
2954 49 8025
2953 50 8024
2952 51 8023
2951 52 8022
2950 53 8021
2949 54 8020
2948 55 8019
2947 56 8018
2946 57 8017
2945 58 8016
2944 59 8015
2943 60 8014
2942 61 8013
2941 62 8012
2940 63 8011
2939 64 8010
2938 65 8009
2937 66 8008
2936 67 8007
2935 68 8006
2934 69 8005
2933 70 8004
2932 71 8003
2931 72 8002
2930 73 8001
2929 74 8000
2928 75 7999
2927 76 7998
2926 77 7997
2925 78 7996
2924 79 7995
2923 80 7994
2922 81 7993
2921 82 7992
2920 83 7991
2919 84 7990
2918 85 7989
2917 86 7988
2916 87 7987
2915 88 7986
2914 89 7985
2913 90 7984
2912 91 7983
2911 92 7982
2910 93 7981
2909 94 7980
2908 95 7979
2907 96 7978
2906 97 7977
2905 98 7976
2904 99 7975
2903 100 7974
2902 101 7973
2901 102 7972
2900 103 7971
2899 104 7970
2898 105 7969
2897 106 7968
2896 107 7967
2895 108 7966
2894 109 7965
2893 110 7964
2892 111 7963
2891 112 7962
2890 113 7961
2889 114 7960
2888 115 7959
2887 116 7958
2886 117 7957
2885 118 7956
2884 119 7955
2883 120 7954
2882 121 7953
2881 122 7952
2880 123 7951
2879 124 7950
2878 125 7949
2877 126 7948
2876 127 7947
2875 128 7946
2874 129 7945
2873 130 7944
2872 131 7943
2871 132 7942
2870 133 7941
2869 134 7940
2868 135 7939
2867 136 7938
2866 137 7937
2865 138 7936
2864 139 7935
2863 140 7934
2862 141 7933
2861 142 7932
2860 143 7931
2859 144 7930
2858 145 7929
2857 146 7928
2856 147 7927
2855 148 7926
2854 149 7925
2853 150 7924
2852 151 7923
2851 152 7922
2850 153 7921
2849 154 7920
2848 155 7919
2847 156 7918
2846 157 7917
2845 158 7916
2844 159 7915
2843 160 7914
2842 161 7913
2841 162 7912
2840 163 7911
2839 164 7910
2838 165 7909
2837 166 7908
2836 167 7907
2835 168 7906
2834 169 7905
2833 170 7904
2832 171 7903
2831 172 7902
2830 173 7901
2829 174 7900
2828 175 7899
2827 176 7898
2826 177 7897
2825 178 7896
2824 179 7895
2823 180 7894
2822 181 7893
2821 182 7892
2820 183 7891
2819 184 7890
2818 185 7889
2817 186 7888
2816 187 7887
2815 188 7886
2814 189 7885
2813 190 7884
2812 191 7883
2811 192 7882
2810 193 7881
2809 194 7880
2808 195 7879
2807 196 7878
2806 197 7877
2805 198 7876
2804 199 7875
2803 200 7874
2802 201 7873
2801 202 7872
2800 203 7871
2799 204 7870
2798 205 7869
2797 206 7868
2796 207 7867
2795 208 7866
2794 209 7865
2793 210 7864
2792 211 7863
2791 212 7862
2790 213 7861
2789 214 7860
2788 215 7859
2787 216 7858
2786 217 7857
2785 218 7856
2784 219 7855
2783 220 7854
2782 221 7853
2781 222 7852
2780 223 7851
2779 224 7850
2778 225 7849
2777 226 7848
2776 227 7847
2775 228 7846
2774 229 7845
2773 230 7844
2772 231 7843
2771 232 7842
2770 233 7841
2769 234 7840
2768 235 7839
2767 236 7838
2766 237 7837
2765 238 7836
2764 239 7835
2763 240 7834
2762 241 7833
2761 242 7832
2760 243 7831
2759 244 7830
2758 245 7829
2757 246 7828
2756 247 7827
2755 248 7826
2754 249 7825
2753 250 7824
2752 251 7823
2751 252 7822
2750 253 7821
2749 254 7820
2748 255 7819
2747 256 7818
2746 257 7817
2745 258 7816
2744 259 7815
2743 260 7814
2742 261 7813
2741 262 7812
2740 263 7811
2739 264 7810
2738 265 7809
2737 266 7808
2736 267 7807
2735 268 7806
2734 269 7805
2733 270 7804
2732 271 7803
2731 272 7802
2730 273 7801
2729 274 7800
2728 275 7799
2727 276 7798
2726 277 7797
2725 278 7796
2724 279 7795
2723 280 7794
2722 281 7793
2721 282 7792
2720 283 7791
2719 284 7790
2718 285 7789
2717 286 7788
2716 287 7787
2715 288 7786
2714 289 7785
2713 290 7784
2712 291 7783
2711 292 7782
2710 293 7781
2709 294 7780
2708 295 7779
2707 296 7778
2706 297 7777
2705 298 7776
2704 299 7775
2703 300 7774
2702 301 7773
2701 302 7772
2700 303 7771
2699 304 7770
2698 305 7769
2697 306 7768
2696 307 7767
2695 308 7766
2694 309 7765
2693 310 7764
2692 311 7763
2691 312 7762
2690 313 7761
2689 314 7760
2688 315 7759
2687 316 7758
2686 317 7757
2685 318 7756
2684 319 7755
2683 320 7754
2682 321 7753
2681 322 7752
2680 323 7751
2679 324 7750
2678 325 7749
2677 326 7748
2676 327 7747
2675 328 7746
2674 329 7745
2673 330 7744
2672 331 7743
2671 332 7742
2670 333 7741
2669 334 7740
2668 335 7739
2667 336 7738
2666 337 7737
2665 338 7736
2664 339 7735
2663 340 7734
2662 341 7733
2661 342 7732
2660 343 7731
2659 344 7730
2658 345 7729
2657 346 7728
2656 347 7727
2655 348 7726
2654 349 7725
2653 350 7724
2652 351 7723
2651 352 7722
2650 353 7721
2649 354 7720
2648 355 7719
2647 356 7718
2646 357 7717
2645 358 7716
2644 359 7715
2643 360 7714
2642 361 7713
2641 362 7712
2640 363 7711
2639 364 7710
2638 365 7709
2637 366 7708
2636 367 7707
2635 368 7706
2634 369 7705
2633 370 7704
2632 371 7703
2631 372 7702
2630 373 7701
2629 374 7700
2628 375 7699
2627 376 7698
2626 377 7697
2625 378 7696
2624 379 7695
2623 380 7694
2622 381 7693
2621 382 7692
2620 383 7691
2619 384 7690
2618 385 7689
2617 386 7688
2616 387 7687
2615 388 7686
2614 389 7685
2613 390 7684
2612 391 7683
2611 392 7682
2610 393 7681
2609 394 7680
2608 395 7679
2607 396 7678
2606 397 7677
2605 398 7676
2604 399 7675
2603 400 7674
2602 401 7673
2601 402 7672
2600 403 7671
2599 404 7670
2598 405 7669
2597 406 7668
2596 407 7667
2595 408 7666
2594 409 7665
2593 410 7664
2592 411 7663
2591 412 7662
2590 413 7661
2589 414 7660
2588 415 7659
2587 416 7658
2586 417 7657
2585 418 7656
2584 419 7655
2583 420 7654
2582 421 7653
2581 422 7652
2580 423 7651
2579 424 7650
2578 425 7649
2577 426 7648
2576 427 7647
2575 428 7646
2574 429 7645
2573 430 7644
2572 431 7643
2571 432 7642
2570 433 7641
2569 434 7640
2568 435 7639
2567 436 7638
2566 437 7637
2565 438 7636
2564 439 7635
2563 440 7634
2562 441 7633
2561 442 7632
2560 443 7631
2559 444 7630
2558 445 7629
2557 446 7628
2556 447 7627
2555 448 7626
2554 449 7625
2553 450 7624
2552 451 7623
2551 452 7622
2550 453 7621
2549 454 7620
2548 455 7619
2547 456 7618
2546 457 7617
2545 458 7616
2544 459 7615
2543 460 7614
2542 461 7613
2541 462 7612
2540 463 7611
2539 464 7610
2538 465 7609
2537 466 7608
2536 467 7607
2535 468 7606
2534 469 7605
2533 470 7604
2532 471 7603
2531 472 7602
2530 473 7601
2529 474 7600
2528 475 7599
2527 476 7598
2526 477 7597
2525 478 7596
2524 479 7595
2523 480 7594
2522 481 7593
2521 482 7592
2520 483 7591
2519 484 7590
2518 485 7589
2517 486 7588
2516 487 7587
2515 488 7586
2514 489 7585
2513 490 7584
2512 491 7583
2511 492 7582
2510 493 7581
2509 494 7580
2508 495 7579
2507 496 7578
2506 497 7577
2505 498 7576
2504 499 7575
2503 500 7574
2502 501 7573
2501 502 7572
2500 503 7571
2499 504 7570
2498 505 7569
2497 506 7568
2496 507 7567
2495 508 7566
2494 509 7565
2493 510 7564
2492 511 7563
2491 512 7562
2490 513 7561
2489 514 7560
2488 515 7559
2487 516 7558
2486 517 7557
2485 518 7556
2484 519 7555
2483 520 7554
2482 521 7553
2481 522 7552
2480 523 7551
2479 524 7550
2478 525 7549
2477 526 7548
2476 527 7547
2475 528 7546
2474 529 7545
2473 530 7544
2472 531 7543
2471 532 7542
2470 533 7541
2469 534 7540
2468 535 7539
2467 536 7538
2466 537 7537
2465 538 7536
2464 539 7535
2463 540 7534
2462 541 7533
2461 542 7532
2460 543 7531
2459 544 7530
2458 545 7529
2457 546 7528
2456 547 7527
2455 548 7526
2454 549 7525
2453 550 7524
2452 551 7523
2451 552 7522
2450 553 7521
2449 554 7520
2448 555 7519
2447 556 7518
2446 557 7517
2445 558 7516
2444 559 7515
2443 560 7514
2442 561 7513
2441 562 7512
2440 563 7511
2439 564 7510
2438 565 7509
2437 566 7508
2436 567 7507
2435 568 7506
2434 569 7505
2433 570 7504
2432 571 7503
2431 572 7502
2430 573 7501
2429 574 7500
2428 575 7499
2427 576 7498
2426 577 7497
2425 578 7496
2424 579 7495
2423 580 7494
2422 581 7493
2421 582 7492
2420 583 7491
2419 584 7490
2418 585 7489
2417 586 7488
2416 587 7487
2415 588 7486
2414 589 7485
2413 590 7484
2412 591 7483
2411 592 7482
2410 593 7481
2409 594 7480
2408 595 7479
2407 596 7478
2406 597 7477
2405 598 7476
2404 599 7475
2403 600 7474
2402 601 7473
2401 602 7472
2400 603 7471
2399 604 7470
2398 605 7469
2397 606 7468
2396 607 7467
2395 608 7466
2394 609 7465
2393 610 7464
2392 611 7463
2391 612 7462
2390 613 7461
2389 614 7460
2388 615 7459
2387 616 7458
2386 617 7457
2385 618 7456
2384 619 7455
2383 620 7454
2382 621 7453
2381 622 7452
2380 623 7451
2379 624 7450
2378 625 7449
2377 626 7448
2376 627 7447
2375 628 7446
2374 629 7445
2373 630 7444
2372 631 7443
2371 632 7442
2370 633 7441
2369 634 7440
2368 635 7439
2367 636 7438
2366 637 7437
2365 638 7436
2364 639 7435
2363 640 7434
2362 641 7433
2361 642 7432
2360 643 7431
2359 644 7430
2358 645 7429
2357 646 7428
2356 647 7427
2355 648 7426
2354 649 7425
2353 650 7424
2352 651 7423
2351 652 7422
2350 653 7421
2349 654 7420
2348 655 7419
2347 656 7418
2346 657 7417
2345 658 7416
2344 659 7415
2343 660 7414
2342 661 7413
2341 662 7412
2340 663 7411
2339 664 7410
2338 665 7409
2337 666 7408
2336 667 7407
2335 668 7406
2334 669 7405
2333 670 7404
2332 671 7403
2331 672 7402
2330 673 7401
2329 674 7400
2328 675 7399
2327 676 7398
2326 677 7397
2325 678 7396
2324 679 7395
2323 680 7394
2322 681 7393
2321 682 7392
2320 683 7391
2319 684 7390
2318 685 7389
2317 686 7388
2316 687 7387
2315 688 7386
2314 689 7385
2313 690 7384
2312 691 7383
2311 692 7382
2310 693 7381
2309 694 7380
2308 695 7379
2307 696 7378
2306 697 7377
2305 698 7376
2304 699 7375
2303 700 7374
2302 701 7373
2301 702 7372
2300 703 7371
2299 704 7370
2298 705 7369
2297 706 7368
2296 707 7367
2295 708 7366
2294 709 7365
2293 710 7364
2292 711 7363
2291 712 7362
2290 713 7361
2289 714 7360
2288 715 7359
2287 716 7358
2286 717 7357
2285 718 7356
2284 719 7355
2283 720 7354
2282 721 7353
2281 722 7352
2280 723 7351
2279 724 7350
2278 725 7349
2277 726 7348
2276 727 7347
2275 728 7346
2274 729 7345
2273 730 7344
2272 731 7343
2271 732 7342
2270 733 7341
2269 734 7340
2268 735 7339
2267 736 7338
2266 737 7337
2265 738 7336
2264 739 7335
2263 740 7334
2262 741 7333
2261 742 7332
2260 743 7331
2259 744 7330
2258 745 7329
2257 746 7328
2256 747 7327
2255 748 7326
2254 749 7325
2253 750 7324
2252 751 7323
2251 752 7322
2250 753 7321
2249 754 7320
2248 755 7319
2247 756 7318
2246 757 7317
2245 758 7316
2244 759 7315
2243 760 7314
2242 761 7313
2241 762 7312
2240 763 7311
2239 764 7310
2238 765 7309
2237 766 7308
2236 767 7307
2235 768 7306
2234 769 7305
2233 770 7304
2232 771 7303
2231 772 7302
2230 773 7301
2229 774 7300
2228 775 7299
2227 776 7298
2226 777 7297
2225 778 7296
2224 779 7295
2223 780 7294
2222 781 7293
2221 782 7292
2220 783 7291
2219 784 7290
2218 785 7289
2217 786 7288
2216 787 7287
2215 788 7286
2214 789 7285
2213 790 7284
2212 791 7283
2211 792 7282
2210 793 7281
2209 794 7280
2208 795 7279
2207 796 7278
2206 797 7277
2205 798 7276
2204 799 7275
2203 800 7274
2202 801 7273
2201 802 7272
2200 803 7271
2199 804 7270
2198 805 7269
2197 806 7268
2196 807 7267
2195 808 7266
2194 809 7265
2193 810 7264
2192 811 7263
2191 812 7262
2190 813 7261
2189 814 7260
2188 815 7259
2187 816 7258
2186 817 7257
2185 818 7256
2184 819 7255
2183 820 7254
2182 821 7253
2181 822 7252
2180 823 7251
2179 824 7250
2178 825 7249
2177 826 7248
2176 827 7247
2175 828 7246
2174 829 7245
2173 830 7244
2172 831 7243
2171 832 7242
2170 833 7241
2169 834 7240
2168 835 7239
2167 836 7238
2166 837 7237
2165 838 7236
2164 839 7235
2163 840 7234
2162 841 7233
2161 842 7232
2160 843 7231
2159 844 7230
2158 845 7229
2157 846 7228
2156 847 7227
2155 848 7226
2154 849 7225
2153 850 7224
2152 851 7223
2151 852 7222
2150 853 7221
2149 854 7220
2148 855 7219
2147 856 7218
2146 857 7217
2145 858 7216
2144 859 7215
2143 860 7214
2142 861 7213
2141 862 7212
2140 863 7211
2139 864 7210
2138 865 7209
2137 866 7208
2136 867 7207
2135 868 7206
2134 869 7205
2133 870 7204
2132 871 7203
2131 872 7202
2130 873 7201
2129 874 7200
2128 875 7199
2127 876 7198
2126 877 7197
2125 878 7196
2124 879 7195
2123 880 7194
2122 881 7193
2121 882 7192
2120 883 7191
2119 884 7190
2118 885 7189
2117 886 7188
2116 887 7187
2115 888 7186
2114 889 7185
2113 890 7184
2112 891 7183
2111 892 7182
2110 893 7181
2109 894 7180
2108 895 7179
2107 896 7178
2106 897 7177
2105 898 7176
2104 899 7175
2103 900 7174
2102 901 7173
2101 902 7172
2100 903 7171
2099 904 7170
2098 905 7169
2097 906 7168
2096 907 7167
2095 908 7166
2094 909 7165
2093 910 7164
2092 911 7163
2091 912 7162
2090 913 7161
2089 914 7160
2088 915 7159
2087 916 7158
2086 917 7157
2085 918 7156
2084 919 7155
2083 920 7154
2082 921 7153
2081 922 7152
2080 923 7151
2079 924 7150
2078 925 7149
2077 926 7148
2076 927 7147
2075 928 7146
2074 929 7145
2073 930 7144
2072 931 7143
2071 932 7142
2070 933 7141
2069 934 7140
2068 935 7139
2067 936 7138
2066 937 7137
2065 938 7136
2064 939 7135
2063 940 7134
2062 941 7133
2061 942 7132
2060 943 7131
2059 944 7130
2058 945 7129
2057 946 7128
2056 947 7127
2055 948 7126
2054 949 7125
2053 950 7124
2052 951 7123
2051 952 7122
2050 953 7121
2049 954 7120
2048 955 7119
2047 956 7118
2046 957 7117
2045 958 7116
2044 959 7115
2043 960 7114
2042 961 7113
2041 962 7112
2040 963 7111
2039 964 7110
2038 965 7109
2037 966 7108
2036 967 7107
2035 968 7106
2034 969 7105
2033 970 7104
2032 971 7103
2031 972 7102
2030 973 7101
2029 974 7100
2028 975 7099
2027 976 7098
2026 977 7097
2025 978 7096
2024 979 7095
2023 980 7094
2022 981 7093
2021 982 7092
2020 983 7091
2019 984 7090
2018 985 7089
2017 986 7088
2016 987 7087
2015 988 7086
2014 989 7085
2013 990 7084
2012 991 7083
2011 992 7082
2010 993 7081
2009 994 7080
2008 995 7079
2007 996 7078
2006 997 7077
2005 998 7076
2004 999 7075
2003 1000 7074
2002 1001 7073
2001 1002 7072
2000 1003 7071
1999 1004 7070
1998 1005 7069
1997 1006 7068
1996 1007 7067
1995 1008 7066
1994 1009 7065
1993 1010 7064
1992 1011 7063
1991 1012 7062
1990 1013 7061
1989 1014 7060
1988 1015 7059
1987 1016 7058
1986 1017 7057
1985 1018 7056
1984 1019 7055
1983 1020 7054
1982 1021 7053
1981 1022 7052
1980 1023 7051
1979 1024 7050
1978 1025 7049
1977 1026 7048
1976 1027 7047
1975 1028 7046
1974 1029 7045
1973 1030 7044
1972 1031 7043
1971 1032 7042
1970 1033 7041
1969 1034 7040
1968 1035 7039
1967 1036 7038
1966 1037 7037
1965 1038 7036
1964 1039 7035
1963 1040 7034
1962 1041 7033
1961 1042 7032
1960 1043 7031
1959 1044 7030
1958 1045 7029
1957 1046 7028
1956 1047 7027
1955 1048 7026
1954 1049 7025
1953 1050 7024
1952 1051 7023
1951 1052 7022
1950 1053 7021
1949 1054 7020
1948 1055 7019
1947 1056 7018
1946 1057 7017
1945 1058 7016
1944 1059 7015
1943 1060 7014
1942 1061 7013
1941 1062 7012
1940 1063 7011
1939 1064 7010
1938 1065 7009
1937 1066 7008
1936 1067 7007
1935 1068 7006
1934 1069 7005
1933 1070 7004
1932 1071 7003
1931 1072 7002
1930 1073 7001
1929 1074 7000
1928 1075 6999
1927 1076 6998
1926 1077 6997
1925 1078 6996
1924 1079 6995
1923 1080 6994
1922 1081 6993
1921 1082 6992
1920 1083 6991
1919 1084 6990
1918 1085 6989
1917 1086 6988
1916 1087 6987
1915 1088 6986
1914 1089 6985
1913 1090 6984
1912 1091 6983
1911 1092 6982
1910 1093 6981
1909 1094 6980
1908 1095 6979
1907 1096 6978
1906 1097 6977
1905 1098 6976
1904 1099 6975
1903 1100 6974
1902 1101 6973
1901 1102 6972
1900 1103 6971
1899 1104 6970
1898 1105 6969
1897 1106 6968
1896 1107 6967
1895 1108 6966
1894 1109 6965
1893 1110 6964
1892 1111 6963
1891 1112 6962
1890 1113 6961
1889 1114 6960
1888 1115 6959
1887 1116 6958
1886 1117 6957
1885 1118 6956
1884 1119 6955
1883 1120 6954
1882 1121 6953
1881 1122 6952
1880 1123 6951
1879 1124 6950
1878 1125 6949
1877 1126 6948
1876 1127 6947
1875 1128 6946
1874 1129 6945
1873 1130 6944
1872 1131 6943
1871 1132 6942
1870 1133 6941
1869 1134 6940
1868 1135 6939
1867 1136 6938
1866 1137 6937
1865 1138 6936
1864 1139 6935
1863 1140 6934
1862 1141 6933
1861 1142 6932
1860 1143 6931
1859 1144 6930
1858 1145 6929
1857 1146 6928
1856 1147 6927
1855 1148 6926
1854 1149 6925
1853 1150 6924
1852 1151 6923
1851 1152 6922
1850 1153 6921
1849 1154 6920
1848 1155 6919
1847 1156 6918
1846 1157 6917
1845 1158 6916
1844 1159 6915
1843 1160 6914
1842 1161 6913
1841 1162 6912
1840 1163 6911
1839 1164 6910
1838 1165 6909
1837 1166 6908
1836 1167 6907
1835 1168 6906
1834 1169 6905
1833 1170 6904
1832 1171 6903
1831 1172 6902
1830 1173 6901
1829 1174 6900
1828 1175 6899
1827 1176 6898
1826 1177 6897
1825 1178 6896
1824 1179 6895
1823 1180 6894
1822 1181 6893
1821 1182 6892
1820 1183 6891
1819 1184 6890
1818 1185 6889
1817 1186 6888
1816 1187 6887
1815 1188 6886
1814 1189 6885
1813 1190 6884
1812 1191 6883
1811 1192 6882
1810 1193 6881
1809 1194 6880
1808 1195 6879
1807 1196 6878
1806 1197 6877
1805 1198 6876
1804 1199 6875
1803 1200 6874
1802 1201 6873
1801 1202 6872
1800 1203 6871
1799 1204 6870
1798 1205 6869
1797 1206 6868
1796 1207 6867
1795 1208 6866
1794 1209 6865
1793 1210 6864
1792 1211 6863
1791 1212 6862
1790 1213 6861
1789 1214 6860
1788 1215 6859
1787 1216 6858
1786 1217 6857
1785 1218 6856
1784 1219 6855
1783 1220 6854
1782 1221 6853
1781 1222 6852
1780 1223 6851
1779 1224 6850
1778 1225 6849
1777 1226 6848
1776 1227 6847
1775 1228 6846
1774 1229 6845
1773 1230 6844
1772 1231 6843
1771 1232 6842
1770 1233 6841
1769 1234 6840
1768 1235 6839
1767 1236 6838
1766 1237 6837
1765 1238 6836
1764 1239 6835
1763 1240 6834
1762 1241 6833
1761 1242 6832
1760 1243 6831
1759 1244 6830
1758 1245 6829
1757 1246 6828
1756 1247 6827
1755 1248 6826
1754 1249 6825
1753 1250 6824
1752 1251 6823
1751 1252 6822
1750 1253 6821
1749 1254 6820
1748 1255 6819
1747 1256 6818
1746 1257 6817
1745 1258 6816
1744 1259 6815
1743 1260 6814
1742 1261 6813
1741 1262 6812
1740 1263 6811
1739 1264 6810
1738 1265 6809
1737 1266 6808
1736 1267 6807
1735 1268 6806
1734 1269 6805
1733 1270 6804
1732 1271 6803
1731 1272 6802
1730 1273 6801
1729 1274 6800
1728 1275 6799
1727 1276 6798
1726 1277 6797
1725 1278 6796
1724 1279 6795
1723 1280 6794
1722 1281 6793
1721 1282 6792
1720 1283 6791
1719 1284 6790
1718 1285 6789
1717 1286 6788
1716 1287 6787
1715 1288 6786
1714 1289 6785
1713 1290 6784
1712 1291 6783
1711 1292 6782
1710 1293 6781
1709 1294 6780
1708 1295 6779
1707 1296 6778
1706 1297 6777
1705 1298 6776
1704 1299 6775
1703 1300 6774
1702 1301 6773
1701 1302 6772
1700 1303 6771
1699 1304 6770
1698 1305 6769
1697 1306 6768
1696 1307 6767
1695 1308 6766
1694 1309 6765
1693 1310 6764
1692 1311 6763
1691 1312 6762
1690 1313 6761
1689 1314 6760
1688 1315 6759
1687 1316 6758
1686 1317 6757
1685 1318 6756
1684 1319 6755
1683 1320 6754
1682 1321 6753
1681 1322 6752
1680 1323 6751
1679 1324 6750
1678 1325 6749
1677 1326 6748
1676 1327 6747
1675 1328 6746
1674 1329 6745
1673 1330 6744
1672 1331 6743
1671 1332 6742
1670 1333 6741
1669 1334 6740
1668 1335 6739
1667 1336 6738
1666 1337 6737
1665 1338 6736
1664 1339 6735
1663 1340 6734
1662 1341 6733
1661 1342 6732
1660 1343 6731
1659 1344 6730
1658 1345 6729
1657 1346 6728
1656 1347 6727
1655 1348 6726
1654 1349 6725
1653 1350 6724
1652 1351 6723
1651 1352 6722
1650 1353 6721
1649 1354 6720
1648 1355 6719
1647 1356 6718
1646 1357 6717
1645 1358 6716
1644 1359 6715
1643 1360 6714
1642 1361 6713
1641 1362 6712
1640 1363 6711
1639 1364 6710
1638 1365 6709
1637 1366 6708
1636 1367 6707
1635 1368 6706
1634 1369 6705
1633 1370 6704
1632 1371 6703
1631 1372 6702
1630 1373 6701
1629 1374 6700
1628 1375 6699
1627 1376 6698
1626 1377 6697
1625 1378 6696
1624 1379 6695
1623 1380 6694
1622 1381 6693
1621 1382 6692
1620 1383 6691
1619 1384 6690
1618 1385 6689
1617 1386 6688
1616 1387 6687
1615 1388 6686
1614 1389 6685
1613 1390 6684
1612 1391 6683
1611 1392 6682
1610 1393 6681
1609 1394 6680
1608 1395 6679
1607 1396 6678
1606 1397 6677
1605 1398 6676
1604 1399 6675
1603 1400 6674
1602 1401 6673
1601 1402 6672
1600 1403 6671
1599 1404 6670
1598 1405 6669
1597 1406 6668
1596 1407 6667
1595 1408 6666
1594 1409 6665
1593 1410 6664
1592 1411 6663
1591 1412 6662
1590 1413 6661
1589 1414 6660
1588 1415 6659
1587 1416 6658
1586 1417 6657
1585 1418 6656
1584 1419 6655
1583 1420 6654
1582 1421 6653
1581 1422 6652
1580 1423 6651
1579 1424 6650
1578 1425 6649
1577 1426 6648
1576 1427 6647
1575 1428 6646
1574 1429 6645
1573 1430 6644
1572 1431 6643
1571 1432 6642
1570 1433 6641
1569 1434 6640
1568 1435 6639
1567 1436 6638
1566 1437 6637
1565 1438 6636
1564 1439 6635
1563 1440 6634
1562 1441 6633
1561 1442 6632
1560 1443 6631
1559 1444 6630
1558 1445 6629
1557 1446 6628
1556 1447 6627
1555 1448 6626
1554 1449 6625
1553 1450 6624
1552 1451 6623
1551 1452 6622
1550 1453 6621
1549 1454 6620
1548 1455 6619
1547 1456 6618
1546 1457 6617
1545 1458 6616
1544 1459 6615
1543 1460 6614
1542 1461 6613
1541 1462 6612
1540 1463 6611
1539 1464 6610
1538 1465 6609
1537 1466 6608
1536 1467 6607
1535 1468 6606
1534 1469 6605
1533 1470 6604
1532 1471 6603
1531 1472 6602
1530 1473 6601
1529 1474 6600
1528 1475 6599
1527 1476 6598
1526 1477 6597
1525 1478 6596
1524 1479 6595
1523 1480 6594
1522 1481 6593
1521 1482 6592
1520 1483 6591
1519 1484 6590
1518 1485 6589
1517 1486 6588
1516 1487 6587
1515 1488 6586
1514 1489 6585
1513 1490 6584
1512 1491 6583
1511 1492 6582
1510 1493 6581
1509 1494 6580
1508 1495 6579
1507 1496 6578
1506 1497 6577
1505 1498 6576
1504 1499 6575
1503 1500 6574
1502 1501 6573
1501 1502 6572
1500 1503 6571
1499 1504 6570
1498 1505 6569
1497 1506 6568
1496 1507 6567
1495 1508 6566
1494 1509 6565
1493 1510 6564
1492 1511 6563
1491 1512 6562
1490 1513 6561
1489 1514 6560
1488 1515 6559
1487 1516 6558
1486 1517 6557
1485 1518 6556
1484 1519 6555
1483 1520 6554
1482 1521 6553
1481 1522 6552
1480 1523 6551
1479 1524 6550
1478 1525 6549
1477 1526 6548
1476 1527 6547
1475 1528 6546
1474 1529 6545
1473 1530 6544
1472 1531 6543
1471 1532 6542
1470 1533 6541
1469 1534 6540
1468 1535 6539
1467 1536 6538
1466 1537 6537
1465 1538 6536
1464 1539 6535
1463 1540 6534
1462 1541 6533
1461 1542 6532
1460 1543 6531
1459 1544 6530
1458 1545 6529
1457 1546 6528
1456 1547 6527
1455 1548 6526
1454 1549 6525
1453 1550 6524
1452 1551 6523
1451 1552 6522
1450 1553 6521
1449 1554 6520
1448 1555 6519
1447 1556 6518
1446 1557 6517
1445 1558 6516
1444 1559 6515
1443 1560 6514
1442 1561 6513
1441 1562 6512
1440 1563 6511
1439 1564 6510
1438 1565 6509
1437 1566 6508
1436 1567 6507
1435 1568 6506
1434 1569 6505
1433 1570 6504
1432 1571 6503
1431 1572 6502
1430 1573 6501
1429 1574 6500
1428 1575 6499
1427 1576 6498
1426 1577 6497
1425 1578 6496
1424 1579 6495
1423 1580 6494
1422 1581 6493
1421 1582 6492
1420 1583 6491
1419 1584 6490
1418 1585 6489
1417 1586 6488
1416 1587 6487
1415 1588 6486
1414 1589 6485
1413 1590 6484
1412 1591 6483
1411 1592 6482
1410 1593 6481
1409 1594 6480
1408 1595 6479
1407 1596 6478
1406 1597 6477
1405 1598 6476
1404 1599 6475
1403 1600 6474
1402 1601 6473
1401 1602 6472
1400 1603 6471
1399 1604 6470
1398 1605 6469
1397 1606 6468
1396 1607 6467
1395 1608 6466
1394 1609 6465
1393 1610 6464
1392 1611 6463
1391 1612 6462
1390 1613 6461
1389 1614 6460
1388 1615 6459
1387 1616 6458
1386 1617 6457
1385 1618 6456
1384 1619 6455
1383 1620 6454
1382 1621 6453
1381 1622 6452
1380 1623 6451
1379 1624 6450
1378 1625 6449
1377 1626 6448
1376 1627 6447
1375 1628 6446
1374 1629 6445
1373 1630 6444
1372 1631 6443
1371 1632 6442
1370 1633 6441
1369 1634 6440
1368 1635 6439
1367 1636 6438
1366 1637 6437
1365 1638 6436
1364 1639 6435
1363 1640 6434
1362 1641 6433
1361 1642 6432
1360 1643 6431
1359 1644 6430
1358 1645 6429
1357 1646 6428
1356 1647 6427
1355 1648 6426
1354 1649 6425
1353 1650 6424
1352 1651 6423
1351 1652 6422
1350 1653 6421
1349 1654 6420
1348 1655 6419
1347 1656 6418
1346 1657 6417
1345 1658 6416
1344 1659 6415
1343 1660 6414
1342 1661 6413
1341 1662 6412
1340 1663 6411
1339 1664 6410
1338 1665 6409
1337 1666 6408
1336 1667 6407
1335 1668 6406
1334 1669 6405
1333 1670 6404
1332 1671 6403
1331 1672 6402
1330 1673 6401
1329 1674 6400
1328 1675 6399
1327 1676 6398
1326 1677 6397
1325 1678 6396
1324 1679 6395
1323 1680 6394
1322 1681 6393
1321 1682 6392
1320 1683 6391
1319 1684 6390
1318 1685 6389
1317 1686 6388
1316 1687 6387
1315 1688 6386
1314 1689 6385
1313 1690 6384
1312 1691 6383
1311 1692 6382
1310 1693 6381
1309 1694 6380
1308 1695 6379
1307 1696 6378
1306 1697 6377
1305 1698 6376
1304 1699 6375
1303 1700 6374
1302 1701 6373
1301 1702 6372
1300 1703 6371
1299 1704 6370
1298 1705 6369
1297 1706 6368
1296 1707 6367
1295 1708 6366
1294 1709 6365
1293 1710 6364
1292 1711 6363
1291 1712 6362
1290 1713 6361
1289 1714 6360
1288 1715 6359
1287 1716 6358
1286 1717 6357
1285 1718 6356
1284 1719 6355
1283 1720 6354
1282 1721 6353
1281 1722 6352
1280 1723 6351
1279 1724 6350
1278 1725 6349
1277 1726 6348
1276 1727 6347
1275 1728 6346
1274 1729 6345
1273 1730 6344
1272 1731 6343
1271 1732 6342
1270 1733 6341
1269 1734 6340
1268 1735 6339
1267 1736 6338
1266 1737 6337
1265 1738 6336
1264 1739 6335
1263 1740 6334
1262 1741 6333
1261 1742 6332
1260 1743 6331
1259 1744 6330
1258 1745 6329
1257 1746 6328
1256 1747 6327
1255 1748 6326
1254 1749 6325
1253 1750 6324
1252 1751 6323
1251 1752 6322
1250 1753 6321
1249 1754 6320
1248 1755 6319
1247 1756 6318
1246 1757 6317
1245 1758 6316
1244 1759 6315
1243 1760 6314
1242 1761 6313
1241 1762 6312
1240 1763 6311
1239 1764 6310
1238 1765 6309
1237 1766 6308
1236 1767 6307
1235 1768 6306
1234 1769 6305
1233 1770 6304
1232 1771 6303
1231 1772 6302
1230 1773 6301
1229 1774 6300
1228 1775 6299
1227 1776 6298
1226 1777 6297
1225 1778 6296
1224 1779 6295
1223 1780 6294
1222 1781 6293
1221 1782 6292
1220 1783 6291
1219 1784 6290
1218 1785 6289
1217 1786 6288
1216 1787 6287
1215 1788 6286
1214 1789 6285
1213 1790 6284
1212 1791 6283
1211 1792 6282
1210 1793 6281
1209 1794 6280
1208 1795 6279
1207 1796 6278
1206 1797 6277
1205 1798 6276
1204 1799 6275
1203 1800 6274
1202 1801 6273
1201 1802 6272
1200 1803 6271
1199 1804 6270
1198 1805 6269
1197 1806 6268
1196 1807 6267
1195 1808 6266
1194 1809 6265
1193 1810 6264
1192 1811 6263
1191 1812 6262
1190 1813 6261
1189 1814 6260
1188 1815 6259
1187 1816 6258
1186 1817 6257
1185 1818 6256
1184 1819 6255
1183 1820 6254
1182 1821 6253
1181 1822 6252
1180 1823 6251
1179 1824 6250
1178 1825 6249
1177 1826 6248
1176 1827 6247
1175 1828 6246
1174 1829 6245
1173 1830 6244
1172 1831 6243
1171 1832 6242
1170 1833 6241
1169 1834 6240
1168 1835 6239
1167 1836 6238
1166 1837 6237
1165 1838 6236
1164 1839 6235
1163 1840 6234
1162 1841 6233
1161 1842 6232
1160 1843 6231
1159 1844 6230
1158 1845 6229
1157 1846 6228
1156 1847 6227
1155 1848 6226
1154 1849 6225
1153 1850 6224
1152 1851 6223
1151 1852 6222
1150 1853 6221
1149 1854 6220
1148 1855 6219
1147 1856 6218
1146 1857 6217
1145 1858 6216
1144 1859 6215
1143 1860 6214
1142 1861 6213
1141 1862 6212
1140 1863 6211
1139 1864 6210
1138 1865 6209
1137 1866 6208
1136 1867 6207
1135 1868 6206
1134 1869 6205
1133 1870 6204
1132 1871 6203
1131 1872 6202
1130 1873 6201
1129 1874 6200
1128 1875 6199
1127 1876 6198
1126 1877 6197
1125 1878 6196
1124 1879 6195
1123 1880 6194
1122 1881 6193
1121 1882 6192
1120 1883 6191
1119 1884 6190
1118 1885 6189
1117 1886 6188
1116 1887 6187
1115 1888 6186
1114 1889 6185
1113 1890 6184
1112 1891 6183
1111 1892 6182
1110 1893 6181
1109 1894 6180
1108 1895 6179
1107 1896 6178
1106 1897 6177
1105 1898 6176
1104 1899 6175
1103 1900 6174
1102 1901 6173
1101 1902 6172
1100 1903 6171
1099 1904 6170
1098 1905 6169
1097 1906 6168
1096 1907 6167
1095 1908 6166
1094 1909 6165
1093 1910 6164
1092 1911 6163
1091 1912 6162
1090 1913 6161
1089 1914 6160
1088 1915 6159
1087 1916 6158
1086 1917 6157
1085 1918 6156
1084 1919 6155
1083 1920 6154
1082 1921 6153
1081 1922 6152
1080 1923 6151
1079 1924 6150
1078 1925 6149
1077 1926 6148
1076 1927 6147
1075 1928 6146
1074 1929 6145
1073 1930 6144
1072 1931 6143
1071 1932 6142
1070 1933 6141
1069 1934 6140
1068 1935 6139
1067 1936 6138
1066 1937 6137
1065 1938 6136
1064 1939 6135
1063 1940 6134
1062 1941 6133
1061 1942 6132
1060 1943 6131
1059 1944 6130
1058 1945 6129
1057 1946 6128
1056 1947 6127
1055 1948 6126
1054 1949 6125
1053 1950 6124
1052 1951 6123
1051 1952 6122
1050 1953 6121
1049 1954 6120
1048 1955 6119
1047 1956 6118
1046 1957 6117
1045 1958 6116
1044 1959 6115
1043 1960 6114
1042 1961 6113
1041 1962 6112
1040 1963 6111
1039 1964 6110
1038 1965 6109
1037 1966 6108
1036 1967 6107
1035 1968 6106
1034 1969 6105
1033 1970 6104
1032 1971 6103
1031 1972 6102
1030 1973 6101
1029 1974 6100
1028 1975 6099
1027 1976 6098
1026 1977 6097
1025 1978 6096
1024 1979 6095
1023 1980 6094
1022 1981 6093
1021 1982 6092
1020 1983 6091
1019 1984 6090
1018 1985 6089
1017 1986 6088
1016 1987 6087
1015 1988 6086
1014 1989 6085
1013 1990 6084
1012 1991 6083
1011 1992 6082
1010 1993 6081
1009 1994 6080
1008 1995 6079
1007 1996 6078
1006 1997 6077
1005 1998 6076
1004 1999 6075
1003 2000 6074
1002 2001 6073
1001 2002 6072
1000 2003 6071
999 2004 6070
998 2005 6069
997 2006 6068
996 2007 6067
995 2008 6066
994 2009 6065
993 2010 6064
992 2011 6063
991 2012 6062
990 2013 6061
989 2014 6060
988 2015 6059
987 2016 6058
986 2017 6057
985 2018 6056
984 2019 6055
983 2020 6054
982 2021 6053
981 2022 6052
980 2023 6051
979 2024 6050
978 2025 6049
977 2026 6048
976 2027 6047
975 2028 6046
974 2029 6045
973 2030 6044
972 2031 6043
971 2032 6042
970 2033 6041
969 2034 6040
968 2035 6039
967 2036 6038
966 2037 6037
965 2038 6036
964 2039 6035
963 2040 6034
962 2041 6033
961 2042 6032
960 2043 6031
959 2044 6030
958 2045 6029
957 2046 6028
956 2047 6027
955 2048 6026
954 2049 6025
953 2050 6024
952 2051 6023
951 2052 6022
950 2053 6021
949 2054 6020
948 2055 6019
947 2056 6018
946 2057 6017
945 2058 6016
944 2059 6015
943 2060 6014
942 2061 6013
941 2062 6012
940 2063 6011
939 2064 6010
938 2065 6009
937 2066 6008
936 2067 6007
935 2068 6006
934 2069 6005
933 2070 6004
932 2071 6003
931 2072 6002
930 2073 6001
