1741
3000 3 7741
2999 4 7740
2998 5 7739
2997 6 7738
2996 7 7737
2995 8 7736
2994 9 7735
2993 10 7734
2992 11 7733
2991 12 7732
2990 13 7731
2989 14 7730
2988 15 7729
2987 16 7728
2986 17 7727
2985 18 7726
2984 19 7725
2983 20 7724
2982 21 7723
2981 22 7722
2980 23 7721
2979 24 7720
2978 25 7719
2977 26 7718
2976 27 7717
2975 28 7716
2974 29 7715
2973 30 7714
2972 31 7713
2971 32 7712
2970 33 7711
2969 34 7710
2968 35 7709
2967 36 7708
2966 37 7707
2965 38 7706
2964 39 7705
2963 40 7704
2962 41 7703
2961 42 7702
2960 43 7701
2959 44 7700
2958 45 7699
2957 46 7698
2956 47 7697
2955 48 7696
2954 49 7695
2953 50 7694
2952 51 7693
2951 52 7692
2950 53 7691
2949 54 7690
2948 55 7689
2947 56 7688
2946 57 7687
2945 58 7686
2944 59 7685
2943 60 7684
2942 61 7683
2941 62 7682
2940 63 7681
2939 64 7680
2938 65 7679
2937 66 7678
2936 67 7677
2935 68 7676
2934 69 7675
2933 70 7674
2932 71 7673
2931 72 7672
2930 73 7671
2929 74 7670
2928 75 7669
2927 76 7668
2926 77 7667
2925 78 7666
2924 79 7665
2923 80 7664
2922 81 7663
2921 82 7662
2920 83 7661
2919 84 7660
2918 85 7659
2917 86 7658
2916 87 7657
2915 88 7656
2914 89 7655
2913 90 7654
2912 91 7653
2911 92 7652
2910 93 7651
2909 94 7650
2908 95 7649
2907 96 7648
2906 97 7647
2905 98 7646
2904 99 7645
2903 100 7644
2902 101 7643
2901 102 7642
2900 103 7641
2899 104 7640
2898 105 7639
2897 106 7638
2896 107 7637
2895 108 7636
2894 109 7635
2893 110 7634
2892 111 7633
2891 112 7632
2890 113 7631
2889 114 7630
2888 115 7629
2887 116 7628
2886 117 7627
2885 118 7626
2884 119 7625
2883 120 7624
2882 121 7623
2881 122 7622
2880 123 7621
2879 124 7620
2878 125 7619
2877 126 7618
2876 127 7617
2875 128 7616
2874 129 7615
2873 130 7614
2872 131 7613
2871 132 7612
2870 133 7611
2869 134 7610
2868 135 7609
2867 136 7608
2866 137 7607
2865 138 7606
2864 139 7605
2863 140 7604
2862 141 7603
2861 142 7602
2860 143 7601
2859 144 7600
2858 145 7599
2857 146 7598
2856 147 7597
2855 148 7596
2854 149 7595
2853 150 7594
2852 151 7593
2851 152 7592
2850 153 7591
2849 154 7590
2848 155 7589
2847 156 7588
2846 157 7587
2845 158 7586
2844 159 7585
2843 160 7584
2842 161 7583
2841 162 7582
2840 163 7581
2839 164 7580
2838 165 7579
2837 166 7578
2836 167 7577
2835 168 7576
2834 169 7575
2833 170 7574
2832 171 7573
2831 172 7572
2830 173 7571
2829 174 7570
2828 175 7569
2827 176 7568
2826 177 7567
2825 178 7566
2824 179 7565
2823 180 7564
2822 181 7563
2821 182 7562
2820 183 7561
2819 184 7560
2818 185 7559
2817 186 7558
2816 187 7557
2815 188 7556
2814 189 7555
2813 190 7554
2812 191 7553
2811 192 7552
2810 193 7551
2809 194 7550
2808 195 7549
2807 196 7548
2806 197 7547
2805 198 7546
2804 199 7545
2803 200 7544
2802 201 7543
2801 202 7542
2800 203 7541
2799 204 7540
2798 205 7539
2797 206 7538
2796 207 7537
2795 208 7536
2794 209 7535
2793 210 7534
2792 211 7533
2791 212 7532
2790 213 7531
2789 214 7530
2788 215 7529
2787 216 7528
2786 217 7527
2785 218 7526
2784 219 7525
2783 220 7524
2782 221 7523
2781 222 7522
2780 223 7521
2779 224 7520
2778 225 7519
2777 226 7518
2776 227 7517
2775 228 7516
2774 229 7515
2773 230 7514
2772 231 7513
2771 232 7512
2770 233 7511
2769 234 7510
2768 235 7509
2767 236 7508
2766 237 7507
2765 238 7506
2764 239 7505
2763 240 7504
2762 241 7503
2761 242 7502
2760 243 7501
2759 244 7500
2758 245 7499
2757 246 7498
2756 247 7497
2755 248 7496
2754 249 7495
2753 250 7494
2752 251 7493
2751 252 7492
2750 253 7491
2749 254 7490
2748 255 7489
2747 256 7488
2746 257 7487
2745 258 7486
2744 259 7485
2743 260 7484
2742 261 7483
2741 262 7482
2740 263 7481
2739 264 7480
2738 265 7479
2737 266 7478
2736 267 7477
2735 268 7476
2734 269 7475
2733 270 7474
2732 271 7473
2731 272 7472
2730 273 7471
2729 274 7470
2728 275 7469
2727 276 7468
2726 277 7467
2725 278 7466
2724 279 7465
2723 280 7464
2722 281 7463
2721 282 7462
2720 283 7461
2719 284 7460
2718 285 7459
2717 286 7458
2716 287 7457
2715 288 7456
2714 289 7455
2713 290 7454
2712 291 7453
2711 292 7452
2710 293 7451
2709 294 7450
2708 295 7449
2707 296 7448
2706 297 7447
2705 298 7446
2704 299 7445
2703 300 7444
2702 301 7443
2701 302 7442
2700 303 7441
2699 304 7440
2698 305 7439
2697 306 7438
2696 307 7437
2695 308 7436
2694 309 7435
2693 310 7434
2692 311 7433
2691 312 7432
2690 313 7431
2689 314 7430
2688 315 7429
2687 316 7428
2686 317 7427
2685 318 7426
2684 319 7425
2683 320 7424
2682 321 7423
2681 322 7422
2680 323 7421
2679 324 7420
2678 325 7419
2677 326 7418
2676 327 7417
2675 328 7416
2674 329 7415
2673 330 7414
2672 331 7413
2671 332 7412
2670 333 7411
2669 334 7410
2668 335 7409
2667 336 7408
2666 337 7407
2665 338 7406
2664 339 7405
2663 340 7404
2662 341 7403
2661 342 7402
2660 343 7401
2659 344 7400
2658 345 7399
2657 346 7398
2656 347 7397
2655 348 7396
2654 349 7395
2653 350 7394
2652 351 7393
2651 352 7392
2650 353 7391
2649 354 7390
2648 355 7389
2647 356 7388
2646 357 7387
2645 358 7386
2644 359 7385
2643 360 7384
2642 361 7383
2641 362 7382
2640 363 7381
2639 364 7380
2638 365 7379
2637 366 7378
2636 367 7377
2635 368 7376
2634 369 7375
2633 370 7374
2632 371 7373
2631 372 7372
2630 373 7371
2629 374 7370
2628 375 7369
2627 376 7368
2626 377 7367
2625 378 7366
2624 379 7365
2623 380 7364
2622 381 7363
2621 382 7362
2620 383 7361
2619 384 7360
2618 385 7359
2617 386 7358
2616 387 7357
2615 388 7356
2614 389 7355
2613 390 7354
2612 391 7353
2611 392 7352
2610 393 7351
2609 394 7350
2608 395 7349
2607 396 7348
2606 397 7347
2605 398 7346
2604 399 7345
2603 400 7344
2602 401 7343
2601 402 7342
2600 403 7341
2599 404 7340
2598 405 7339
2597 406 7338
2596 407 7337
2595 408 7336
2594 409 7335
2593 410 7334
2592 411 7333
2591 412 7332
2590 413 7331
2589 414 7330
2588 415 7329
2587 416 7328
2586 417 7327
2585 418 7326
2584 419 7325
2583 420 7324
2582 421 7323
2581 422 7322
2580 423 7321
2579 424 7320
2578 425 7319
2577 426 7318
2576 427 7317
2575 428 7316
2574 429 7315
2573 430 7314
2572 431 7313
2571 432 7312
2570 433 7311
2569 434 7310
2568 435 7309
2567 436 7308
2566 437 7307
2565 438 7306
2564 439 7305
2563 440 7304
2562 441 7303
2561 442 7302
2560 443 7301
2559 444 7300
2558 445 7299
2557 446 7298
2556 447 7297
2555 448 7296
2554 449 7295
2553 450 7294
2552 451 7293
2551 452 7292
2550 453 7291
2549 454 7290
2548 455 7289
2547 456 7288
2546 457 7287
2545 458 7286
2544 459 7285
2543 460 7284
2542 461 7283
2541 462 7282
2540 463 7281
2539 464 7280
2538 465 7279
2537 466 7278
2536 467 7277
2535 468 7276
2534 469 7275
2533 470 7274
2532 471 7273
2531 472 7272
2530 473 7271
2529 474 7270
2528 475 7269
2527 476 7268
2526 477 7267
2525 478 7266
2524 479 7265
2523 480 7264
2522 481 7263
2521 482 7262
2520 483 7261
2519 484 7260
2518 485 7259
2517 486 7258
2516 487 7257
2515 488 7256
2514 489 7255
2513 490 7254
2512 491 7253
2511 492 7252
2510 493 7251
2509 494 7250
2508 495 7249
2507 496 7248
2506 497 7247
2505 498 7246
2504 499 7245
2503 500 7244
2502 501 7243
2501 502 7242
2500 503 7241
2499 504 7240
2498 505 7239
2497 506 7238
2496 507 7237
2495 508 7236
2494 509 7235
2493 510 7234
2492 511 7233
2491 512 7232
2490 513 7231
2489 514 7230
2488 515 7229
2487 516 7228
2486 517 7227
2485 518 7226
2484 519 7225
2483 520 7224
2482 521 7223
2481 522 7222
2480 523 7221
2479 524 7220
2478 525 7219
2477 526 7218
2476 527 7217
2475 528 7216
2474 529 7215
2473 530 7214
2472 531 7213
2471 532 7212
2470 533 7211
2469 534 7210
2468 535 7209
2467 536 7208
2466 537 7207
2465 538 7206
2464 539 7205
2463 540 7204
2462 541 7203
2461 542 7202
2460 543 7201
2459 544 7200
2458 545 7199
2457 546 7198
2456 547 7197
2455 548 7196
2454 549 7195
2453 550 7194
2452 551 7193
2451 552 7192
2450 553 7191
2449 554 7190
2448 555 7189
2447 556 7188
2446 557 7187
2445 558 7186
2444 559 7185
2443 560 7184
2442 561 7183
2441 562 7182
2440 563 7181
2439 564 7180
2438 565 7179
2437 566 7178
2436 567 7177
2435 568 7176
2434 569 7175
2433 570 7174
2432 571 7173
2431 572 7172
2430 573 7171
2429 574 7170
2428 575 7169
2427 576 7168
2426 577 7167
2425 578 7166
2424 579 7165
2423 580 7164
2422 581 7163
2421 582 7162
2420 583 7161
2419 584 7160
2418 585 7159
2417 586 7158
2416 587 7157
2415 588 7156
2414 589 7155
2413 590 7154
2412 591 7153
2411 592 7152
2410 593 7151
2409 594 7150
2408 595 7149
2407 596 7148
2406 597 7147
2405 598 7146
2404 599 7145
2403 600 7144
2402 601 7143
2401 602 7142
2400 603 7141
2399 604 7140
2398 605 7139
2397 606 7138
2396 607 7137
2395 608 7136
2394 609 7135
2393 610 7134
2392 611 7133
2391 612 7132
2390 613 7131
2389 614 7130
2388 615 7129
2387 616 7128
2386 617 7127
2385 618 7126
2384 619 7125
2383 620 7124
2382 621 7123
2381 622 7122
2380 623 7121
2379 624 7120
2378 625 7119
2377 626 7118
2376 627 7117
2375 628 7116
2374 629 7115
2373 630 7114
2372 631 7113
2371 632 7112
2370 633 7111
2369 634 7110
2368 635 7109
2367 636 7108
2366 637 7107
2365 638 7106
2364 639 7105
2363 640 7104
2362 641 7103
2361 642 7102
2360 643 7101
2359 644 7100
2358 645 7099
2357 646 7098
2356 647 7097
2355 648 7096
2354 649 7095
2353 650 7094
2352 651 7093
2351 652 7092
2350 653 7091
2349 654 7090
2348 655 7089
2347 656 7088
2346 657 7087
2345 658 7086
2344 659 7085
2343 660 7084
2342 661 7083
2341 662 7082
2340 663 7081
2339 664 7080
2338 665 7079
2337 666 7078
2336 667 7077
2335 668 7076
2334 669 7075
2333 670 7074
2332 671 7073
2331 672 7072
2330 673 7071
2329 674 7070
2328 675 7069
2327 676 7068
2326 677 7067
2325 678 7066
2324 679 7065
2323 680 7064
2322 681 7063
2321 682 7062
2320 683 7061
2319 684 7060
2318 685 7059
2317 686 7058
2316 687 7057
2315 688 7056
2314 689 7055
2313 690 7054
2312 691 7053
2311 692 7052
2310 693 7051
2309 694 7050
2308 695 7049
2307 696 7048
2306 697 7047
2305 698 7046
2304 699 7045
2303 700 7044
2302 701 7043
2301 702 7042
2300 703 7041
2299 704 7040
2298 705 7039
2297 706 7038
2296 707 7037
2295 708 7036
2294 709 7035
2293 710 7034
2292 711 7033
2291 712 7032
2290 713 7031
2289 714 7030
2288 715 7029
2287 716 7028
2286 717 7027
2285 718 7026
2284 719 7025
2283 720 7024
2282 721 7023
2281 722 7022
2280 723 7021
2279 724 7020
2278 725 7019
2277 726 7018
2276 727 7017
2275 728 7016
2274 729 7015
2273 730 7014
2272 731 7013
2271 732 7012
2270 733 7011
2269 734 7010
2268 735 7009
2267 736 7008
2266 737 7007
2265 738 7006
2264 739 7005
2263 740 7004
2262 741 7003
2261 742 7002
2260 743 7001
2259 744 7000
2258 745 6999
2257 746 6998
2256 747 6997
2255 748 6996
2254 749 6995
2253 750 6994
2252 751 6993
2251 752 6992
2250 753 6991
2249 754 6990
2248 755 6989
2247 756 6988
2246 757 6987
2245 758 6986
2244 759 6985
2243 760 6984
2242 761 6983
2241 762 6982
2240 763 6981
2239 764 6980
2238 765 6979
2237 766 6978
2236 767 6977
2235 768 6976
2234 769 6975
2233 770 6974
2232 771 6973
2231 772 6972
2230 773 6971
2229 774 6970
2228 775 6969
2227 776 6968
2226 777 6967
2225 778 6966
2224 779 6965
2223 780 6964
2222 781 6963
2221 782 6962
2220 783 6961
2219 784 6960
2218 785 6959
2217 786 6958
2216 787 6957
2215 788 6956
2214 789 6955
2213 790 6954
2212 791 6953
2211 792 6952
2210 793 6951
2209 794 6950
2208 795 6949
2207 796 6948
2206 797 6947
2205 798 6946
2204 799 6945
2203 800 6944
2202 801 6943
2201 802 6942
2200 803 6941
2199 804 6940
2198 805 6939
2197 806 6938
2196 807 6937
2195 808 6936
2194 809 6935
2193 810 6934
2192 811 6933
2191 812 6932
2190 813 6931
2189 814 6930
2188 815 6929
2187 816 6928
2186 817 6927
2185 818 6926
2184 819 6925
2183 820 6924
2182 821 6923
2181 822 6922
2180 823 6921
2179 824 6920
2178 825 6919
2177 826 6918
2176 827 6917
2175 828 6916
2174 829 6915
2173 830 6914
2172 831 6913
2171 832 6912
2170 833 6911
2169 834 6910
2168 835 6909
2167 836 6908
2166 837 6907
2165 838 6906
2164 839 6905
2163 840 6904
2162 841 6903
2161 842 6902
2160 843 6901
2159 844 6900
2158 845 6899
2157 846 6898
2156 847 6897
2155 848 6896
2154 849 6895
2153 850 6894
2152 851 6893
2151 852 6892
2150 853 6891
2149 854 6890
2148 855 6889
2147 856 6888
2146 857 6887
2145 858 6886
2144 859 6885
2143 860 6884
2142 861 6883
2141 862 6882
2140 863 6881
2139 864 6880
2138 865 6879
2137 866 6878
2136 867 6877
2135 868 6876
2134 869 6875
2133 870 6874
2132 871 6873
2131 872 6872
2130 873 6871
2129 874 6870
2128 875 6869
2127 876 6868
2126 877 6867
2125 878 6866
2124 879 6865
2123 880 6864
2122 881 6863
2121 882 6862
2120 883 6861
2119 884 6860
2118 885 6859
2117 886 6858
2116 887 6857
2115 888 6856
2114 889 6855
2113 890 6854
2112 891 6853
2111 892 6852
2110 893 6851
2109 894 6850
2108 895 6849
2107 896 6848
2106 897 6847
2105 898 6846
2104 899 6845
2103 900 6844
2102 901 6843
2101 902 6842
2100 903 6841
2099 904 6840
2098 905 6839
2097 906 6838
2096 907 6837
2095 908 6836
2094 909 6835
2093 910 6834
2092 911 6833
2091 912 6832
2090 913 6831
2089 914 6830
2088 915 6829
2087 916 6828
2086 917 6827
2085 918 6826
2084 919 6825
2083 920 6824
2082 921 6823
2081 922 6822
2080 923 6821
2079 924 6820
2078 925 6819
2077 926 6818
2076 927 6817
2075 928 6816
2074 929 6815
2073 930 6814
2072 931 6813
2071 932 6812
2070 933 6811
2069 934 6810
2068 935 6809
2067 936 6808
2066 937 6807
2065 938 6806
2064 939 6805
2063 940 6804
2062 941 6803
2061 942 6802
2060 943 6801
2059 944 6800
2058 945 6799
2057 946 6798
2056 947 6797
2055 948 6796
2054 949 6795
2053 950 6794
2052 951 6793
2051 952 6792
2050 953 6791
2049 954 6790
2048 955 6789
2047 956 6788
2046 957 6787
2045 958 6786
2044 959 6785
2043 960 6784
2042 961 6783
2041 962 6782
2040 963 6781
2039 964 6780
2038 965 6779
2037 966 6778
2036 967 6777
2035 968 6776
2034 969 6775
2033 970 6774
2032 971 6773
2031 972 6772
2030 973 6771
2029 974 6770
2028 975 6769
2027 976 6768
2026 977 6767
2025 978 6766
2024 979 6765
2023 980 6764
2022 981 6763
2021 982 6762
2020 983 6761
2019 984 6760
2018 985 6759
2017 986 6758
2016 987 6757
2015 988 6756
2014 989 6755
2013 990 6754
2012 991 6753
2011 992 6752
2010 993 6751
2009 994 6750
2008 995 6749
2007 996 6748
2006 997 6747
2005 998 6746
2004 999 6745
2003 1000 6744
2002 1001 6743
2001 1002 6742
2000 1003 6741
1999 1004 6740
1998 1005 6739
1997 1006 6738
1996 1007 6737
1995 1008 6736
1994 1009 6735
1993 1010 6734
1992 1011 6733
1991 1012 6732
1990 1013 6731
1989 1014 6730
1988 1015 6729
1987 1016 6728
1986 1017 6727
1985 1018 6726
1984 1019 6725
1983 1020 6724
1982 1021 6723
1981 1022 6722
1980 1023 6721
1979 1024 6720
1978 1025 6719
1977 1026 6718
1976 1027 6717
1975 1028 6716
1974 1029 6715
1973 1030 6714
1972 1031 6713
1971 1032 6712
1970 1033 6711
1969 1034 6710
1968 1035 6709
1967 1036 6708
1966 1037 6707
1965 1038 6706
1964 1039 6705
1963 1040 6704
1962 1041 6703
1961 1042 6702
1960 1043 6701
1959 1044 6700
1958 1045 6699
1957 1046 6698
1956 1047 6697
1955 1048 6696
1954 1049 6695
1953 1050 6694
1952 1051 6693
1951 1052 6692
1950 1053 6691
1949 1054 6690
1948 1055 6689
1947 1056 6688
1946 1057 6687
1945 1058 6686
1944 1059 6685
1943 1060 6684
1942 1061 6683
1941 1062 6682
1940 1063 6681
1939 1064 6680
1938 1065 6679
1937 1066 6678
1936 1067 6677
1935 1068 6676
1934 1069 6675
1933 1070 6674
1932 1071 6673
1931 1072 6672
1930 1073 6671
1929 1074 6670
1928 1075 6669
1927 1076 6668
1926 1077 6667
1925 1078 6666
1924 1079 6665
1923 1080 6664
1922 1081 6663
1921 1082 6662
1920 1083 6661
1919 1084 6660
1918 1085 6659
1917 1086 6658
1916 1087 6657
1915 1088 6656
1914 1089 6655
1913 1090 6654
1912 1091 6653
1911 1092 6652
1910 1093 6651
1909 1094 6650
1908 1095 6649
1907 1096 6648
1906 1097 6647
1905 1098 6646
1904 1099 6645
1903 1100 6644
1902 1101 6643
1901 1102 6642
1900 1103 6641
1899 1104 6640
1898 1105 6639
1897 1106 6638
1896 1107 6637
1895 1108 6636
1894 1109 6635
1893 1110 6634
1892 1111 6633
1891 1112 6632
1890 1113 6631
1889 1114 6630
1888 1115 6629
1887 1116 6628
1886 1117 6627
1885 1118 6626
1884 1119 6625
1883 1120 6624
1882 1121 6623
1881 1122 6622
1880 1123 6621
1879 1124 6620
1878 1125 6619
1877 1126 6618
1876 1127 6617
1875 1128 6616
1874 1129 6615
1873 1130 6614
1872 1131 6613
1871 1132 6612
1870 1133 6611
1869 1134 6610
1868 1135 6609
1867 1136 6608
1866 1137 6607
1865 1138 6606
1864 1139 6605
1863 1140 6604
1862 1141 6603
1861 1142 6602
1860 1143 6601
1859 1144 6600
1858 1145 6599
1857 1146 6598
1856 1147 6597
1855 1148 6596
1854 1149 6595
1853 1150 6594
1852 1151 6593
1851 1152 6592
1850 1153 6591
1849 1154 6590
1848 1155 6589
1847 1156 6588
1846 1157 6587
1845 1158 6586
1844 1159 6585
1843 1160 6584
1842 1161 6583
1841 1162 6582
1840 1163 6581
1839 1164 6580
1838 1165 6579
1837 1166 6578
1836 1167 6577
1835 1168 6576
1834 1169 6575
1833 1170 6574
1832 1171 6573
1831 1172 6572
1830 1173 6571
1829 1174 6570
1828 1175 6569
1827 1176 6568
1826 1177 6567
1825 1178 6566
1824 1179 6565
1823 1180 6564
1822 1181 6563
1821 1182 6562
1820 1183 6561
1819 1184 6560
1818 1185 6559
1817 1186 6558
1816 1187 6557
1815 1188 6556
1814 1189 6555
1813 1190 6554
1812 1191 6553
1811 1192 6552
1810 1193 6551
1809 1194 6550
1808 1195 6549
1807 1196 6548
1806 1197 6547
1805 1198 6546
1804 1199 6545
1803 1200 6544
1802 1201 6543
1801 1202 6542
1800 1203 6541
1799 1204 6540
1798 1205 6539
1797 1206 6538
1796 1207 6537
1795 1208 6536
1794 1209 6535
1793 1210 6534
1792 1211 6533
1791 1212 6532
1790 1213 6531
1789 1214 6530
1788 1215 6529
1787 1216 6528
1786 1217 6527
1785 1218 6526
1784 1219 6525
1783 1220 6524
1782 1221 6523
1781 1222 6522
1780 1223 6521
1779 1224 6520
1778 1225 6519
1777 1226 6518
1776 1227 6517
1775 1228 6516
1774 1229 6515
1773 1230 6514
1772 1231 6513
1771 1232 6512
1770 1233 6511
1769 1234 6510
1768 1235 6509
1767 1236 6508
1766 1237 6507
1765 1238 6506
1764 1239 6505
1763 1240 6504
1762 1241 6503
1761 1242 6502
1760 1243 6501
1759 1244 6500
1758 1245 6499
1757 1246 6498
1756 1247 6497
1755 1248 6496
1754 1249 6495
1753 1250 6494
1752 1251 6493
1751 1252 6492
1750 1253 6491
1749 1254 6490
1748 1255 6489
1747 1256 6488
1746 1257 6487
1745 1258 6486
1744 1259 6485
1743 1260 6484
1742 1261 6483
1741 1262 6482
1740 1263 6481
1739 1264 6480
1738 1265 6479
1737 1266 6478
1736 1267 6477
1735 1268 6476
1734 1269 6475
1733 1270 6474
1732 1271 6473
1731 1272 6472
1730 1273 6471
1729 1274 6470
1728 1275 6469
1727 1276 6468
1726 1277 6467
1725 1278 6466
1724 1279 6465
1723 1280 6464
1722 1281 6463
1721 1282 6462
1720 1283 6461
1719 1284 6460
1718 1285 6459
1717 1286 6458
1716 1287 6457
1715 1288 6456
1714 1289 6455
1713 1290 6454
1712 1291 6453
1711 1292 6452
1710 1293 6451
1709 1294 6450
1708 1295 6449
1707 1296 6448
1706 1297 6447
1705 1298 6446
1704 1299 6445
1703 1300 6444
1702 1301 6443
1701 1302 6442
1700 1303 6441
1699 1304 6440
1698 1305 6439
1697 1306 6438
1696 1307 6437
1695 1308 6436
1694 1309 6435
1693 1310 6434
1692 1311 6433
1691 1312 6432
1690 1313 6431
1689 1314 6430
1688 1315 6429
1687 1316 6428
1686 1317 6427
1685 1318 6426
1684 1319 6425
1683 1320 6424
1682 1321 6423
1681 1322 6422
1680 1323 6421
1679 1324 6420
1678 1325 6419
1677 1326 6418
1676 1327 6417
1675 1328 6416
1674 1329 6415
1673 1330 6414
1672 1331 6413
1671 1332 6412
1670 1333 6411
1669 1334 6410
1668 1335 6409
1667 1336 6408
1666 1337 6407
1665 1338 6406
1664 1339 6405
1663 1340 6404
1662 1341 6403
1661 1342 6402
1660 1343 6401
1659 1344 6400
1658 1345 6399
1657 1346 6398
1656 1347 6397
1655 1348 6396
1654 1349 6395
1653 1350 6394
1652 1351 6393
1651 1352 6392
1650 1353 6391
1649 1354 6390
1648 1355 6389
1647 1356 6388
1646 1357 6387
1645 1358 6386
1644 1359 6385
1643 1360 6384
1642 1361 6383
1641 1362 6382
1640 1363 6381
1639 1364 6380
1638 1365 6379
1637 1366 6378
1636 1367 6377
1635 1368 6376
1634 1369 6375
1633 1370 6374
1632 1371 6373
1631 1372 6372
1630 1373 6371
1629 1374 6370
1628 1375 6369
1627 1376 6368
1626 1377 6367
1625 1378 6366
1624 1379 6365
1623 1380 6364
1622 1381 6363
1621 1382 6362
1620 1383 6361
1619 1384 6360
1618 1385 6359
1617 1386 6358
1616 1387 6357
1615 1388 6356
1614 1389 6355
1613 1390 6354
1612 1391 6353
1611 1392 6352
1610 1393 6351
1609 1394 6350
1608 1395 6349
1607 1396 6348
1606 1397 6347
1605 1398 6346
1604 1399 6345
1603 1400 6344
1602 1401 6343
1601 1402 6342
1600 1403 6341
1599 1404 6340
1598 1405 6339
1597 1406 6338
1596 1407 6337
1595 1408 6336
1594 1409 6335
1593 1410 6334
1592 1411 6333
1591 1412 6332
1590 1413 6331
1589 1414 6330
1588 1415 6329
1587 1416 6328
1586 1417 6327
1585 1418 6326
1584 1419 6325
1583 1420 6324
1582 1421 6323
1581 1422 6322
1580 1423 6321
1579 1424 6320
1578 1425 6319
1577 1426 6318
1576 1427 6317
1575 1428 6316
1574 1429 6315
1573 1430 6314
1572 1431 6313
1571 1432 6312
1570 1433 6311
1569 1434 6310
1568 1435 6309
1567 1436 6308
1566 1437 6307
1565 1438 6306
1564 1439 6305
1563 1440 6304
1562 1441 6303
1561 1442 6302
1560 1443 6301
1559 1444 6300
1558 1445 6299
1557 1446 6298
1556 1447 6297
1555 1448 6296
1554 1449 6295
1553 1450 6294
1552 1451 6293
1551 1452 6292
1550 1453 6291
1549 1454 6290
1548 1455 6289
1547 1456 6288
1546 1457 6287
1545 1458 6286
1544 1459 6285
1543 1460 6284
1542 1461 6283
1541 1462 6282
1540 1463 6281
1539 1464 6280
1538 1465 6279
1537 1466 6278
1536 1467 6277
1535 1468 6276
1534 1469 6275
1533 1470 6274
1532 1471 6273
1531 1472 6272
1530 1473 6271
1529 1474 6270
1528 1475 6269
1527 1476 6268
1526 1477 6267
1525 1478 6266
1524 1479 6265
1523 1480 6264
1522 1481 6263
1521 1482 6262
1520 1483 6261
1519 1484 6260
1518 1485 6259
1517 1486 6258
1516 1487 6257
1515 1488 6256
1514 1489 6255
1513 1490 6254
1512 1491 6253
1511 1492 6252
1510 1493 6251
1509 1494 6250
1508 1495 6249
1507 1496 6248
1506 1497 6247
1505 1498 6246
1504 1499 6245
1503 1500 6244
1502 1501 6243
1501 1502 6242
1500 1503 6241
1499 1504 6240
1498 1505 6239
1497 1506 6238
1496 1507 6237
1495 1508 6236
1494 1509 6235
1493 1510 6234
1492 1511 6233
1491 1512 6232
1490 1513 6231
1489 1514 6230
1488 1515 6229
1487 1516 6228
1486 1517 6227
1485 1518 6226
1484 1519 6225
1483 1520 6224
1482 1521 6223
1481 1522 6222
1480 1523 6221
1479 1524 6220
1478 1525 6219
1477 1526 6218
1476 1527 6217
1475 1528 6216
1474 1529 6215
1473 1530 6214
1472 1531 6213
1471 1532 6212
1470 1533 6211
1469 1534 6210
1468 1535 6209
1467 1536 6208
1466 1537 6207
1465 1538 6206
1464 1539 6205
1463 1540 6204
1462 1541 6203
1461 1542 6202
1460 1543 6201
1459 1544 6200
1458 1545 6199
1457 1546 6198
1456 1547 6197
1455 1548 6196
1454 1549 6195
1453 1550 6194
1452 1551 6193
1451 1552 6192
1450 1553 6191
1449 1554 6190
1448 1555 6189
1447 1556 6188
1446 1557 6187
1445 1558 6186
1444 1559 6185
1443 1560 6184
1442 1561 6183
1441 1562 6182
1440 1563 6181
1439 1564 6180
1438 1565 6179
1437 1566 6178
1436 1567 6177
1435 1568 6176
1434 1569 6175
1433 1570 6174
1432 1571 6173
1431 1572 6172
1430 1573 6171
1429 1574 6170
1428 1575 6169
1427 1576 6168
1426 1577 6167
1425 1578 6166
1424 1579 6165
1423 1580 6164
1422 1581 6163
1421 1582 6162
1420 1583 6161
1419 1584 6160
1418 1585 6159
1417 1586 6158
1416 1587 6157
1415 1588 6156
1414 1589 6155
1413 1590 6154
1412 1591 6153
1411 1592 6152
1410 1593 6151
1409 1594 6150
1408 1595 6149
1407 1596 6148
1406 1597 6147
1405 1598 6146
1404 1599 6145
1403 1600 6144
1402 1601 6143
1401 1602 6142
1400 1603 6141
1399 1604 6140
1398 1605 6139
1397 1606 6138
1396 1607 6137
1395 1608 6136
1394 1609 6135
1393 1610 6134
1392 1611 6133
1391 1612 6132
1390 1613 6131
1389 1614 6130
1388 1615 6129
1387 1616 6128
1386 1617 6127
1385 1618 6126
1384 1619 6125
1383 1620 6124
1382 1621 6123
1381 1622 6122
1380 1623 6121
1379 1624 6120
1378 1625 6119
1377 1626 6118
1376 1627 6117
1375 1628 6116
1374 1629 6115
1373 1630 6114
1372 1631 6113
1371 1632 6112
1370 1633 6111
1369 1634 6110
1368 1635 6109
1367 1636 6108
1366 1637 6107
1365 1638 6106
1364 1639 6105
1363 1640 6104
1362 1641 6103
1361 1642 6102
1360 1643 6101
1359 1644 6100
1358 1645 6099
1357 1646 6098
1356 1647 6097
1355 1648 6096
1354 1649 6095
1353 1650 6094
1352 1651 6093
1351 1652 6092
1350 1653 6091
1349 1654 6090
1348 1655 6089
1347 1656 6088
1346 1657 6087
1345 1658 6086
1344 1659 6085
1343 1660 6084
1342 1661 6083
1341 1662 6082
1340 1663 6081
1339 1664 6080
1338 1665 6079
1337 1666 6078
1336 1667 6077
1335 1668 6076
1334 1669 6075
1333 1670 6074
1332 1671 6073
1331 1672 6072
1330 1673 6071
1329 1674 6070
1328 1675 6069
1327 1676 6068
1326 1677 6067
1325 1678 6066
1324 1679 6065
1323 1680 6064
1322 1681 6063
1321 1682 6062
1320 1683 6061
1319 1684 6060
1318 1685 6059
1317 1686 6058
1316 1687 6057
1315 1688 6056
1314 1689 6055
1313 1690 6054
1312 1691 6053
1311 1692 6052
1310 1693 6051
1309 1694 6050
1308 1695 6049
1307 1696 6048
1306 1697 6047
1305 1698 6046
1304 1699 6045
1303 1700 6044
1302 1701 6043
1301 1702 6042
1300 1703 6041
1299 1704 6040
1298 1705 6039
1297 1706 6038
1296 1707 6037
1295 1708 6036
1294 1709 6035
1293 1710 6034
1292 1711 6033
1291 1712 6032
1290 1713 6031
1289 1714 6030
1288 1715 6029
1287 1716 6028
1286 1717 6027
1285 1718 6026
1284 1719 6025
1283 1720 6024
1282 1721 6023
1281 1722 6022
1280 1723 6021
1279 1724 6020
1278 1725 6019
1277 1726 6018
1276 1727 6017
1275 1728 6016
1274 1729 6015
1273 1730 6014
1272 1731 6013
1271 1732 6012
1270 1733 6011
1269 1734 6010
1268 1735 6009
1267 1736 6008
1266 1737 6007
1265 1738 6006
1264 1739 6005
1263 1740 6004
1262 1741 6003
1261 1742 6002
1260 1743 6001
