2724
3000 3 8724
2999 4 8723
2998 5 8722
2997 6 8721
2996 7 8720
2995 8 8719
2994 9 8718
2993 10 8717
2992 11 8716
2991 12 8715
2990 13 8714
2989 14 8713
2988 15 8712
2987 16 8711
2986 17 8710
2985 18 8709
2984 19 8708
2983 20 8707
2982 21 8706
2981 22 8705
2980 23 8704
2979 24 8703
2978 25 8702
2977 26 8701
2976 27 8700
2975 28 8699
2974 29 8698
2973 30 8697
2972 31 8696
2971 32 8695
2970 33 8694
2969 34 8693
2968 35 8692
2967 36 8691
2966 37 8690
2965 38 8689
2964 39 8688
2963 40 8687
2962 41 8686
2961 42 8685
2960 43 8684
2959 44 8683
2958 45 8682
2957 46 8681
2956 47 8680
2955 48 8679
2954 49 8678
2953 50 8677
2952 51 8676
2951 52 8675
2950 53 8674
2949 54 8673
2948 55 8672
2947 56 8671
2946 57 8670
2945 58 8669
2944 59 8668
2943 60 8667
2942 61 8666
2941 62 8665
2940 63 8664
2939 64 8663
2938 65 8662
2937 66 8661
2936 67 8660
2935 68 8659
2934 69 8658
2933 70 8657
2932 71 8656
2931 72 8655
2930 73 8654
2929 74 8653
2928 75 8652
2927 76 8651
2926 77 8650
2925 78 8649
2924 79 8648
2923 80 8647
2922 81 8646
2921 82 8645
2920 83 8644
2919 84 8643
2918 85 8642
2917 86 8641
2916 87 8640
2915 88 8639
2914 89 8638
2913 90 8637
2912 91 8636
2911 92 8635
2910 93 8634
2909 94 8633
2908 95 8632
2907 96 8631
2906 97 8630
2905 98 8629
2904 99 8628
2903 100 8627
2902 101 8626
2901 102 8625
2900 103 8624
2899 104 8623
2898 105 8622
2897 106 8621
2896 107 8620
2895 108 8619
2894 109 8618
2893 110 8617
2892 111 8616
2891 112 8615
2890 113 8614
2889 114 8613
2888 115 8612
2887 116 8611
2886 117 8610
2885 118 8609
2884 119 8608
2883 120 8607
2882 121 8606
2881 122 8605
2880 123 8604
2879 124 8603
2878 125 8602
2877 126 8601
2876 127 8600
2875 128 8599
2874 129 8598
2873 130 8597
2872 131 8596
2871 132 8595
2870 133 8594
2869 134 8593
2868 135 8592
2867 136 8591
2866 137 8590
2865 138 8589
2864 139 8588
2863 140 8587
2862 141 8586
2861 142 8585
2860 143 8584
2859 144 8583
2858 145 8582
2857 146 8581
2856 147 8580
2855 148 8579
2854 149 8578
2853 150 8577
2852 151 8576
2851 152 8575
2850 153 8574
2849 154 8573
2848 155 8572
2847 156 8571
2846 157 8570
2845 158 8569
2844 159 8568
2843 160 8567
2842 161 8566
2841 162 8565
2840 163 8564
2839 164 8563
2838 165 8562
2837 166 8561
2836 167 8560
2835 168 8559
2834 169 8558
2833 170 8557
2832 171 8556
2831 172 8555
2830 173 8554
2829 174 8553
2828 175 8552
2827 176 8551
2826 177 8550
2825 178 8549
2824 179 8548
2823 180 8547
2822 181 8546
2821 182 8545
2820 183 8544
2819 184 8543
2818 185 8542
2817 186 8541
2816 187 8540
2815 188 8539
2814 189 8538
2813 190 8537
2812 191 8536
2811 192 8535
2810 193 8534
2809 194 8533
2808 195 8532
2807 196 8531
2806 197 8530
2805 198 8529
2804 199 8528
2803 200 8527
2802 201 8526
2801 202 8525
2800 203 8524
2799 204 8523
2798 205 8522
2797 206 8521
2796 207 8520
2795 208 8519
2794 209 8518
2793 210 8517
2792 211 8516
2791 212 8515
2790 213 8514
2789 214 8513
2788 215 8512
2787 216 8511
2786 217 8510
2785 218 8509
2784 219 8508
2783 220 8507
2782 221 8506
2781 222 8505
2780 223 8504
2779 224 8503
2778 225 8502
2777 226 8501
2776 227 8500
2775 228 8499
2774 229 8498
2773 230 8497
2772 231 8496
2771 232 8495
2770 233 8494
2769 234 8493
2768 235 8492
2767 236 8491
2766 237 8490
2765 238 8489
2764 239 8488
2763 240 8487
2762 241 8486
2761 242 8485
2760 243 8484
2759 244 8483
2758 245 8482
2757 246 8481
2756 247 8480
2755 248 8479
2754 249 8478
2753 250 8477
2752 251 8476
2751 252 8475
2750 253 8474
2749 254 8473
2748 255 8472
2747 256 8471
2746 257 8470
2745 258 8469
2744 259 8468
2743 260 8467
2742 261 8466
2741 262 8465
2740 263 8464
2739 264 8463
2738 265 8462
2737 266 8461
2736 267 8460
2735 268 8459
2734 269 8458
2733 270 8457
2732 271 8456
2731 272 8455
2730 273 8454
2729 274 8453
2728 275 8452
2727 276 8451
2726 277 8450
2725 278 8449
2724 279 8448
2723 280 8447
2722 281 8446
2721 282 8445
2720 283 8444
2719 284 8443
2718 285 8442
2717 286 8441
2716 287 8440
2715 288 8439
2714 289 8438
2713 290 8437
2712 291 8436
2711 292 8435
2710 293 8434
2709 294 8433
2708 295 8432
2707 296 8431
2706 297 8430
2705 298 8429
2704 299 8428
2703 300 8427
2702 301 8426
2701 302 8425
2700 303 8424
2699 304 8423
2698 305 8422
2697 306 8421
2696 307 8420
2695 308 8419
2694 309 8418
2693 310 8417
2692 311 8416
2691 312 8415
2690 313 8414
2689 314 8413
2688 315 8412
2687 316 8411
2686 317 8410
2685 318 8409
2684 319 8408
2683 320 8407
2682 321 8406
2681 322 8405
2680 323 8404
2679 324 8403
2678 325 8402
2677 326 8401
2676 327 8400
2675 328 8399
2674 329 8398
2673 330 8397
2672 331 8396
2671 332 8395
2670 333 8394
2669 334 8393
2668 335 8392
2667 336 8391
2666 337 8390
2665 338 8389
2664 339 8388
2663 340 8387
2662 341 8386
2661 342 8385
2660 343 8384
2659 344 8383
2658 345 8382
2657 346 8381
2656 347 8380
2655 348 8379
2654 349 8378
2653 350 8377
2652 351 8376
2651 352 8375
2650 353 8374
2649 354 8373
2648 355 8372
2647 356 8371
2646 357 8370
2645 358 8369
2644 359 8368
2643 360 8367
2642 361 8366
2641 362 8365
2640 363 8364
2639 364 8363
2638 365 8362
2637 366 8361
2636 367 8360
2635 368 8359
2634 369 8358
2633 370 8357
2632 371 8356
2631 372 8355
2630 373 8354
2629 374 8353
2628 375 8352
2627 376 8351
2626 377 8350
2625 378 8349
2624 379 8348
2623 380 8347
2622 381 8346
2621 382 8345
2620 383 8344
2619 384 8343
2618 385 8342
2617 386 8341
2616 387 8340
2615 388 8339
2614 389 8338
2613 390 8337
2612 391 8336
2611 392 8335
2610 393 8334
2609 394 8333
2608 395 8332
2607 396 8331
2606 397 8330
2605 398 8329
2604 399 8328
2603 400 8327
2602 401 8326
2601 402 8325
2600 403 8324
2599 404 8323
2598 405 8322
2597 406 8321
2596 407 8320
2595 408 8319
2594 409 8318
2593 410 8317
2592 411 8316
2591 412 8315
2590 413 8314
2589 414 8313
2588 415 8312
2587 416 8311
2586 417 8310
2585 418 8309
2584 419 8308
2583 420 8307
2582 421 8306
2581 422 8305
2580 423 8304
2579 424 8303
2578 425 8302
2577 426 8301
2576 427 8300
2575 428 8299
2574 429 8298
2573 430 8297
2572 431 8296
2571 432 8295
2570 433 8294
2569 434 8293
2568 435 8292
2567 436 8291
2566 437 8290
2565 438 8289
2564 439 8288
2563 440 8287
2562 441 8286
2561 442 8285
2560 443 8284
2559 444 8283
2558 445 8282
2557 446 8281
2556 447 8280
2555 448 8279
2554 449 8278
2553 450 8277
2552 451 8276
2551 452 8275
2550 453 8274
2549 454 8273
2548 455 8272
2547 456 8271
2546 457 8270
2545 458 8269
2544 459 8268
2543 460 8267
2542 461 8266
2541 462 8265
2540 463 8264
2539 464 8263
2538 465 8262
2537 466 8261
2536 467 8260
2535 468 8259
2534 469 8258
2533 470 8257
2532 471 8256
2531 472 8255
2530 473 8254
2529 474 8253
2528 475 8252
2527 476 8251
2526 477 8250
2525 478 8249
2524 479 8248
2523 480 8247
2522 481 8246
2521 482 8245
2520 483 8244
2519 484 8243
2518 485 8242
2517 486 8241
2516 487 8240
2515 488 8239
2514 489 8238
2513 490 8237
2512 491 8236
2511 492 8235
2510 493 8234
2509 494 8233
2508 495 8232
2507 496 8231
2506 497 8230
2505 498 8229
2504 499 8228
2503 500 8227
2502 501 8226
2501 502 8225
2500 503 8224
2499 504 8223
2498 505 8222
2497 506 8221
2496 507 8220
2495 508 8219
2494 509 8218
2493 510 8217
2492 511 8216
2491 512 8215
2490 513 8214
2489 514 8213
2488 515 8212
2487 516 8211
2486 517 8210
2485 518 8209
2484 519 8208
2483 520 8207
2482 521 8206
2481 522 8205
2480 523 8204
2479 524 8203
2478 525 8202
2477 526 8201
2476 527 8200
2475 528 8199
2474 529 8198
2473 530 8197
2472 531 8196
2471 532 8195
2470 533 8194
2469 534 8193
2468 535 8192
2467 536 8191
2466 537 8190
2465 538 8189
2464 539 8188
2463 540 8187
2462 541 8186
2461 542 8185
2460 543 8184
2459 544 8183
2458 545 8182
2457 546 8181
2456 547 8180
2455 548 8179
2454 549 8178
2453 550 8177
2452 551 8176
2451 552 8175
2450 553 8174
2449 554 8173
2448 555 8172
2447 556 8171
2446 557 8170
2445 558 8169
2444 559 8168
2443 560 8167
2442 561 8166
2441 562 8165
2440 563 8164
2439 564 8163
2438 565 8162
2437 566 8161
2436 567 8160
2435 568 8159
2434 569 8158
2433 570 8157
2432 571 8156
2431 572 8155
2430 573 8154
2429 574 8153
2428 575 8152
2427 576 8151
2426 577 8150
2425 578 8149
2424 579 8148
2423 580 8147
2422 581 8146
2421 582 8145
2420 583 8144
2419 584 8143
2418 585 8142
2417 586 8141
2416 587 8140
2415 588 8139
2414 589 8138
2413 590 8137
2412 591 8136
2411 592 8135
2410 593 8134
2409 594 8133
2408 595 8132
2407 596 8131
2406 597 8130
2405 598 8129
2404 599 8128
2403 600 8127
2402 601 8126
2401 602 8125
2400 603 8124
2399 604 8123
2398 605 8122
2397 606 8121
2396 607 8120
2395 608 8119
2394 609 8118
2393 610 8117
2392 611 8116
2391 612 8115
2390 613 8114
2389 614 8113
2388 615 8112
2387 616 8111
2386 617 8110
2385 618 8109
2384 619 8108
2383 620 8107
2382 621 8106
2381 622 8105
2380 623 8104
2379 624 8103
2378 625 8102
2377 626 8101
2376 627 8100
2375 628 8099
2374 629 8098
2373 630 8097
2372 631 8096
2371 632 8095
2370 633 8094
2369 634 8093
2368 635 8092
2367 636 8091
2366 637 8090
2365 638 8089
2364 639 8088
2363 640 8087
2362 641 8086
2361 642 8085
2360 643 8084
2359 644 8083
2358 645 8082
2357 646 8081
2356 647 8080
2355 648 8079
2354 649 8078
2353 650 8077
2352 651 8076
2351 652 8075
2350 653 8074
2349 654 8073
2348 655 8072
2347 656 8071
2346 657 8070
2345 658 8069
2344 659 8068
2343 660 8067
2342 661 8066
2341 662 8065
2340 663 8064
2339 664 8063
2338 665 8062
2337 666 8061
2336 667 8060
2335 668 8059
2334 669 8058
2333 670 8057
2332 671 8056
2331 672 8055
2330 673 8054
2329 674 8053
2328 675 8052
2327 676 8051
2326 677 8050
2325 678 8049
2324 679 8048
2323 680 8047
2322 681 8046
2321 682 8045
2320 683 8044
2319 684 8043
2318 685 8042
2317 686 8041
2316 687 8040
2315 688 8039
2314 689 8038
2313 690 8037
2312 691 8036
2311 692 8035
2310 693 8034
2309 694 8033
2308 695 8032
2307 696 8031
2306 697 8030
2305 698 8029
2304 699 8028
2303 700 8027
2302 701 8026
2301 702 8025
2300 703 8024
2299 704 8023
2298 705 8022
2297 706 8021
2296 707 8020
2295 708 8019
2294 709 8018
2293 710 8017
2292 711 8016
2291 712 8015
2290 713 8014
2289 714 8013
2288 715 8012
2287 716 8011
2286 717 8010
2285 718 8009
2284 719 8008
2283 720 8007
2282 721 8006
2281 722 8005
2280 723 8004
2279 724 8003
2278 725 8002
2277 726 8001
2276 727 8000
2275 728 7999
2274 729 7998
2273 730 7997
2272 731 7996
2271 732 7995
2270 733 7994
2269 734 7993
2268 735 7992
2267 736 7991
2266 737 7990
2265 738 7989
2264 739 7988
2263 740 7987
2262 741 7986
2261 742 7985
2260 743 7984
2259 744 7983
2258 745 7982
2257 746 7981
2256 747 7980
2255 748 7979
2254 749 7978
2253 750 7977
2252 751 7976
2251 752 7975
2250 753 7974
2249 754 7973
2248 755 7972
2247 756 7971
2246 757 7970
2245 758 7969
2244 759 7968
2243 760 7967
2242 761 7966
2241 762 7965
2240 763 7964
2239 764 7963
2238 765 7962
2237 766 7961
2236 767 7960
2235 768 7959
2234 769 7958
2233 770 7957
2232 771 7956
2231 772 7955
2230 773 7954
2229 774 7953
2228 775 7952
2227 776 7951
2226 777 7950
2225 778 7949
2224 779 7948
2223 780 7947
2222 781 7946
2221 782 7945
2220 783 7944
2219 784 7943
2218 785 7942
2217 786 7941
2216 787 7940
2215 788 7939
2214 789 7938
2213 790 7937
2212 791 7936
2211 792 7935
2210 793 7934
2209 794 7933
2208 795 7932
2207 796 7931
2206 797 7930
2205 798 7929
2204 799 7928
2203 800 7927
2202 801 7926
2201 802 7925
2200 803 7924
2199 804 7923
2198 805 7922
2197 806 7921
2196 807 7920
2195 808 7919
2194 809 7918
2193 810 7917
2192 811 7916
2191 812 7915
2190 813 7914
2189 814 7913
2188 815 7912
2187 816 7911
2186 817 7910
2185 818 7909
2184 819 7908
2183 820 7907
2182 821 7906
2181 822 7905
2180 823 7904
2179 824 7903
2178 825 7902
2177 826 7901
2176 827 7900
2175 828 7899
2174 829 7898
2173 830 7897
2172 831 7896
2171 832 7895
2170 833 7894
2169 834 7893
2168 835 7892
2167 836 7891
2166 837 7890
2165 838 7889
2164 839 7888
2163 840 7887
2162 841 7886
2161 842 7885
2160 843 7884
2159 844 7883
2158 845 7882
2157 846 7881
2156 847 7880
2155 848 7879
2154 849 7878
2153 850 7877
2152 851 7876
2151 852 7875
2150 853 7874
2149 854 7873
2148 855 7872
2147 856 7871
2146 857 7870
2145 858 7869
2144 859 7868
2143 860 7867
2142 861 7866
2141 862 7865
2140 863 7864
2139 864 7863
2138 865 7862
2137 866 7861
2136 867 7860
2135 868 7859
2134 869 7858
2133 870 7857
2132 871 7856
2131 872 7855
2130 873 7854
2129 874 7853
2128 875 7852
2127 876 7851
2126 877 7850
2125 878 7849
2124 879 7848
2123 880 7847
2122 881 7846
2121 882 7845
2120 883 7844
2119 884 7843
2118 885 7842
2117 886 7841
2116 887 7840
2115 888 7839
2114 889 7838
2113 890 7837
2112 891 7836
2111 892 7835
2110 893 7834
2109 894 7833
2108 895 7832
2107 896 7831
2106 897 7830
2105 898 7829
2104 899 7828
2103 900 7827
2102 901 7826
2101 902 7825
2100 903 7824
2099 904 7823
2098 905 7822
2097 906 7821
2096 907 7820
2095 908 7819
2094 909 7818
2093 910 7817
2092 911 7816
2091 912 7815
2090 913 7814
2089 914 7813
2088 915 7812
2087 916 7811
2086 917 7810
2085 918 7809
2084 919 7808
2083 920 7807
2082 921 7806
2081 922 7805
2080 923 7804
2079 924 7803
2078 925 7802
2077 926 7801
2076 927 7800
2075 928 7799
2074 929 7798
2073 930 7797
2072 931 7796
2071 932 7795
2070 933 7794
2069 934 7793
2068 935 7792
2067 936 7791
2066 937 7790
2065 938 7789
2064 939 7788
2063 940 7787
2062 941 7786
2061 942 7785
2060 943 7784
2059 944 7783
2058 945 7782
2057 946 7781
2056 947 7780
2055 948 7779
2054 949 7778
2053 950 7777
2052 951 7776
2051 952 7775
2050 953 7774
2049 954 7773
2048 955 7772
2047 956 7771
2046 957 7770
2045 958 7769
2044 959 7768
2043 960 7767
2042 961 7766
2041 962 7765
2040 963 7764
2039 964 7763
2038 965 7762
2037 966 7761
2036 967 7760
2035 968 7759
2034 969 7758
2033 970 7757
2032 971 7756
2031 972 7755
2030 973 7754
2029 974 7753
2028 975 7752
2027 976 7751
2026 977 7750
2025 978 7749
2024 979 7748
2023 980 7747
2022 981 7746
2021 982 7745
2020 983 7744
2019 984 7743
2018 985 7742
2017 986 7741
2016 987 7740
2015 988 7739
2014 989 7738
2013 990 7737
2012 991 7736
2011 992 7735
2010 993 7734
2009 994 7733
2008 995 7732
2007 996 7731
2006 997 7730
2005 998 7729
2004 999 7728
2003 1000 7727
2002 1001 7726
2001 1002 7725
2000 1003 7724
1999 1004 7723
1998 1005 7722
1997 1006 7721
1996 1007 7720
1995 1008 7719
1994 1009 7718
1993 1010 7717
1992 1011 7716
1991 1012 7715
1990 1013 7714
1989 1014 7713
1988 1015 7712
1987 1016 7711
1986 1017 7710
1985 1018 7709
1984 1019 7708
1983 1020 7707
1982 1021 7706
1981 1022 7705
1980 1023 7704
1979 1024 7703
1978 1025 7702
1977 1026 7701
1976 1027 7700
1975 1028 7699
1974 1029 7698
1973 1030 7697
1972 1031 7696
1971 1032 7695
1970 1033 7694
1969 1034 7693
1968 1035 7692
1967 1036 7691
1966 1037 7690
1965 1038 7689
1964 1039 7688
1963 1040 7687
1962 1041 7686
1961 1042 7685
1960 1043 7684
1959 1044 7683
1958 1045 7682
1957 1046 7681
1956 1047 7680
1955 1048 7679
1954 1049 7678
1953 1050 7677
1952 1051 7676
1951 1052 7675
1950 1053 7674
1949 1054 7673
1948 1055 7672
1947 1056 7671
1946 1057 7670
1945 1058 7669
1944 1059 7668
1943 1060 7667
1942 1061 7666
1941 1062 7665
1940 1063 7664
1939 1064 7663
1938 1065 7662
1937 1066 7661
1936 1067 7660
1935 1068 7659
1934 1069 7658
1933 1070 7657
1932 1071 7656
1931 1072 7655
1930 1073 7654
1929 1074 7653
1928 1075 7652
1927 1076 7651
1926 1077 7650
1925 1078 7649
1924 1079 7648
1923 1080 7647
1922 1081 7646
1921 1082 7645
1920 1083 7644
1919 1084 7643
1918 1085 7642
1917 1086 7641
1916 1087 7640
1915 1088 7639
1914 1089 7638
1913 1090 7637
1912 1091 7636
1911 1092 7635
1910 1093 7634
1909 1094 7633
1908 1095 7632
1907 1096 7631
1906 1097 7630
1905 1098 7629
1904 1099 7628
1903 1100 7627
1902 1101 7626
1901 1102 7625
1900 1103 7624
1899 1104 7623
1898 1105 7622
1897 1106 7621
1896 1107 7620
1895 1108 7619
1894 1109 7618
1893 1110 7617
1892 1111 7616
1891 1112 7615
1890 1113 7614
1889 1114 7613
1888 1115 7612
1887 1116 7611
1886 1117 7610
1885 1118 7609
1884 1119 7608
1883 1120 7607
1882 1121 7606
1881 1122 7605
1880 1123 7604
1879 1124 7603
1878 1125 7602
1877 1126 7601
1876 1127 7600
1875 1128 7599
1874 1129 7598
1873 1130 7597
1872 1131 7596
1871 1132 7595
1870 1133 7594
1869 1134 7593
1868 1135 7592
1867 1136 7591
1866 1137 7590
1865 1138 7589
1864 1139 7588
1863 1140 7587
1862 1141 7586
1861 1142 7585
1860 1143 7584
1859 1144 7583
1858 1145 7582
1857 1146 7581
1856 1147 7580
1855 1148 7579
1854 1149 7578
1853 1150 7577
1852 1151 7576
1851 1152 7575
1850 1153 7574
1849 1154 7573
1848 1155 7572
1847 1156 7571
1846 1157 7570
1845 1158 7569
1844 1159 7568
1843 1160 7567
1842 1161 7566
1841 1162 7565
1840 1163 7564
1839 1164 7563
1838 1165 7562
1837 1166 7561
1836 1167 7560
1835 1168 7559
1834 1169 7558
1833 1170 7557
1832 1171 7556
1831 1172 7555
1830 1173 7554
1829 1174 7553
1828 1175 7552
1827 1176 7551
1826 1177 7550
1825 1178 7549
1824 1179 7548
1823 1180 7547
1822 1181 7546
1821 1182 7545
1820 1183 7544
1819 1184 7543
1818 1185 7542
1817 1186 7541
1816 1187 7540
1815 1188 7539
1814 1189 7538
1813 1190 7537
1812 1191 7536
1811 1192 7535
1810 1193 7534
1809 1194 7533
1808 1195 7532
1807 1196 7531
1806 1197 7530
1805 1198 7529
1804 1199 7528
1803 1200 7527
1802 1201 7526
1801 1202 7525
1800 1203 7524
1799 1204 7523
1798 1205 7522
1797 1206 7521
1796 1207 7520
1795 1208 7519
1794 1209 7518
1793 1210 7517
1792 1211 7516
1791 1212 7515
1790 1213 7514
1789 1214 7513
1788 1215 7512
1787 1216 7511
1786 1217 7510
1785 1218 7509
1784 1219 7508
1783 1220 7507
1782 1221 7506
1781 1222 7505
1780 1223 7504
1779 1224 7503
1778 1225 7502
1777 1226 7501
1776 1227 7500
1775 1228 7499
1774 1229 7498
1773 1230 7497
1772 1231 7496
1771 1232 7495
1770 1233 7494
1769 1234 7493
1768 1235 7492
1767 1236 7491
1766 1237 7490
1765 1238 7489
1764 1239 7488
1763 1240 7487
1762 1241 7486
1761 1242 7485
1760 1243 7484
1759 1244 7483
1758 1245 7482
1757 1246 7481
1756 1247 7480
1755 1248 7479
1754 1249 7478
1753 1250 7477
1752 1251 7476
1751 1252 7475
1750 1253 7474
1749 1254 7473
1748 1255 7472
1747 1256 7471
1746 1257 7470
1745 1258 7469
1744 1259 7468
1743 1260 7467
1742 1261 7466
1741 1262 7465
1740 1263 7464
1739 1264 7463
1738 1265 7462
1737 1266 7461
1736 1267 7460
1735 1268 7459
1734 1269 7458
1733 1270 7457
1732 1271 7456
1731 1272 7455
1730 1273 7454
1729 1274 7453
1728 1275 7452
1727 1276 7451
1726 1277 7450
1725 1278 7449
1724 1279 7448
1723 1280 7447
1722 1281 7446
1721 1282 7445
1720 1283 7444
1719 1284 7443
1718 1285 7442
1717 1286 7441
1716 1287 7440
1715 1288 7439
1714 1289 7438
1713 1290 7437
1712 1291 7436
1711 1292 7435
1710 1293 7434
1709 1294 7433
1708 1295 7432
1707 1296 7431
1706 1297 7430
1705 1298 7429
1704 1299 7428
1703 1300 7427
1702 1301 7426
1701 1302 7425
1700 1303 7424
1699 1304 7423
1698 1305 7422
1697 1306 7421
1696 1307 7420
1695 1308 7419
1694 1309 7418
1693 1310 7417
1692 1311 7416
1691 1312 7415
1690 1313 7414
1689 1314 7413
1688 1315 7412
1687 1316 7411
1686 1317 7410
1685 1318 7409
1684 1319 7408
1683 1320 7407
1682 1321 7406
1681 1322 7405
1680 1323 7404
1679 1324 7403
1678 1325 7402
1677 1326 7401
1676 1327 7400
1675 1328 7399
1674 1329 7398
1673 1330 7397
1672 1331 7396
1671 1332 7395
1670 1333 7394
1669 1334 7393
1668 1335 7392
1667 1336 7391
1666 1337 7390
1665 1338 7389
1664 1339 7388
1663 1340 7387
1662 1341 7386
1661 1342 7385
1660 1343 7384
1659 1344 7383
1658 1345 7382
1657 1346 7381
1656 1347 7380
1655 1348 7379
1654 1349 7378
1653 1350 7377
1652 1351 7376
1651 1352 7375
1650 1353 7374
1649 1354 7373
1648 1355 7372
1647 1356 7371
1646 1357 7370
1645 1358 7369
1644 1359 7368
1643 1360 7367
1642 1361 7366
1641 1362 7365
1640 1363 7364
1639 1364 7363
1638 1365 7362
1637 1366 7361
1636 1367 7360
1635 1368 7359
1634 1369 7358
1633 1370 7357
1632 1371 7356
1631 1372 7355
1630 1373 7354
1629 1374 7353
1628 1375 7352
1627 1376 7351
1626 1377 7350
1625 1378 7349
1624 1379 7348
1623 1380 7347
1622 1381 7346
1621 1382 7345
1620 1383 7344
1619 1384 7343
1618 1385 7342
1617 1386 7341
1616 1387 7340
1615 1388 7339
1614 1389 7338
1613 1390 7337
1612 1391 7336
1611 1392 7335
1610 1393 7334
1609 1394 7333
1608 1395 7332
1607 1396 7331
1606 1397 7330
1605 1398 7329
1604 1399 7328
1603 1400 7327
1602 1401 7326
1601 1402 7325
1600 1403 7324
1599 1404 7323
1598 1405 7322
1597 1406 7321
1596 1407 7320
1595 1408 7319
1594 1409 7318
1593 1410 7317
1592 1411 7316
1591 1412 7315
1590 1413 7314
1589 1414 7313
1588 1415 7312
1587 1416 7311
1586 1417 7310
1585 1418 7309
1584 1419 7308
1583 1420 7307
1582 1421 7306
1581 1422 7305
1580 1423 7304
1579 1424 7303
1578 1425 7302
1577 1426 7301
1576 1427 7300
1575 1428 7299
1574 1429 7298
1573 1430 7297
1572 1431 7296
1571 1432 7295
1570 1433 7294
1569 1434 7293
1568 1435 7292
1567 1436 7291
1566 1437 7290
1565 1438 7289
1564 1439 7288
1563 1440 7287
1562 1441 7286
1561 1442 7285
1560 1443 7284
1559 1444 7283
1558 1445 7282
1557 1446 7281
1556 1447 7280
1555 1448 7279
1554 1449 7278
1553 1450 7277
1552 1451 7276
1551 1452 7275
1550 1453 7274
1549 1454 7273
1548 1455 7272
1547 1456 7271
1546 1457 7270
1545 1458 7269
1544 1459 7268
1543 1460 7267
1542 1461 7266
1541 1462 7265
1540 1463 7264
1539 1464 7263
1538 1465 7262
1537 1466 7261
1536 1467 7260
1535 1468 7259
1534 1469 7258
1533 1470 7257
1532 1471 7256
1531 1472 7255
1530 1473 7254
1529 1474 7253
1528 1475 7252
1527 1476 7251
1526 1477 7250
1525 1478 7249
1524 1479 7248
1523 1480 7247
1522 1481 7246
1521 1482 7245
1520 1483 7244
1519 1484 7243
1518 1485 7242
1517 1486 7241
1516 1487 7240
1515 1488 7239
1514 1489 7238
1513 1490 7237
1512 1491 7236
1511 1492 7235
1510 1493 7234
1509 1494 7233
1508 1495 7232
1507 1496 7231
1506 1497 7230
1505 1498 7229
1504 1499 7228
1503 1500 7227
1502 1501 7226
1501 1502 7225
1500 1503 7224
1499 1504 7223
1498 1505 7222
1497 1506 7221
1496 1507 7220
1495 1508 7219
1494 1509 7218
1493 1510 7217
1492 1511 7216
1491 1512 7215
1490 1513 7214
1489 1514 7213
1488 1515 7212
1487 1516 7211
1486 1517 7210
1485 1518 7209
1484 1519 7208
1483 1520 7207
1482 1521 7206
1481 1522 7205
1480 1523 7204
1479 1524 7203
1478 1525 7202
1477 1526 7201
1476 1527 7200
1475 1528 7199
1474 1529 7198
1473 1530 7197
1472 1531 7196
1471 1532 7195
1470 1533 7194
1469 1534 7193
1468 1535 7192
1467 1536 7191
1466 1537 7190
1465 1538 7189
1464 1539 7188
1463 1540 7187
1462 1541 7186
1461 1542 7185
1460 1543 7184
1459 1544 7183
1458 1545 7182
1457 1546 7181
1456 1547 7180
1455 1548 7179
1454 1549 7178
1453 1550 7177
1452 1551 7176
1451 1552 7175
1450 1553 7174
1449 1554 7173
1448 1555 7172
1447 1556 7171
1446 1557 7170
1445 1558 7169
1444 1559 7168
1443 1560 7167
1442 1561 7166
1441 1562 7165
1440 1563 7164
1439 1564 7163
1438 1565 7162
1437 1566 7161
1436 1567 7160
1435 1568 7159
1434 1569 7158
1433 1570 7157
1432 1571 7156
1431 1572 7155
1430 1573 7154
1429 1574 7153
1428 1575 7152
1427 1576 7151
1426 1577 7150
1425 1578 7149
1424 1579 7148
1423 1580 7147
1422 1581 7146
1421 1582 7145
1420 1583 7144
1419 1584 7143
1418 1585 7142
1417 1586 7141
1416 1587 7140
1415 1588 7139
1414 1589 7138
1413 1590 7137
1412 1591 7136
1411 1592 7135
1410 1593 7134
1409 1594 7133
1408 1595 7132
1407 1596 7131
1406 1597 7130
1405 1598 7129
1404 1599 7128
1403 1600 7127
1402 1601 7126
1401 1602 7125
1400 1603 7124
1399 1604 7123
1398 1605 7122
1397 1606 7121
1396 1607 7120
1395 1608 7119
1394 1609 7118
1393 1610 7117
1392 1611 7116
1391 1612 7115
1390 1613 7114
1389 1614 7113
1388 1615 7112
1387 1616 7111
1386 1617 7110
1385 1618 7109
1384 1619 7108
1383 1620 7107
1382 1621 7106
1381 1622 7105
1380 1623 7104
1379 1624 7103
1378 1625 7102
1377 1626 7101
1376 1627 7100
1375 1628 7099
1374 1629 7098
1373 1630 7097
1372 1631 7096
1371 1632 7095
1370 1633 7094
1369 1634 7093
1368 1635 7092
1367 1636 7091
1366 1637 7090
1365 1638 7089
1364 1639 7088
1363 1640 7087
1362 1641 7086
1361 1642 7085
1360 1643 7084
1359 1644 7083
1358 1645 7082
1357 1646 7081
1356 1647 7080
1355 1648 7079
1354 1649 7078
1353 1650 7077
1352 1651 7076
1351 1652 7075
1350 1653 7074
1349 1654 7073
1348 1655 7072
1347 1656 7071
1346 1657 7070
1345 1658 7069
1344 1659 7068
1343 1660 7067
1342 1661 7066
1341 1662 7065
1340 1663 7064
1339 1664 7063
1338 1665 7062
1337 1666 7061
1336 1667 7060
1335 1668 7059
1334 1669 7058
1333 1670 7057
1332 1671 7056
1331 1672 7055
1330 1673 7054
1329 1674 7053
1328 1675 7052
1327 1676 7051
1326 1677 7050
1325 1678 7049
1324 1679 7048
1323 1680 7047
1322 1681 7046
1321 1682 7045
1320 1683 7044
1319 1684 7043
1318 1685 7042
1317 1686 7041
1316 1687 7040
1315 1688 7039
1314 1689 7038
1313 1690 7037
1312 1691 7036
1311 1692 7035
1310 1693 7034
1309 1694 7033
1308 1695 7032
1307 1696 7031
1306 1697 7030
1305 1698 7029
1304 1699 7028
1303 1700 7027
1302 1701 7026
1301 1702 7025
1300 1703 7024
1299 1704 7023
1298 1705 7022
1297 1706 7021
1296 1707 7020
1295 1708 7019
1294 1709 7018
1293 1710 7017
1292 1711 7016
1291 1712 7015
1290 1713 7014
1289 1714 7013
1288 1715 7012
1287 1716 7011
1286 1717 7010
1285 1718 7009
1284 1719 7008
1283 1720 7007
1282 1721 7006
1281 1722 7005
1280 1723 7004
1279 1724 7003
1278 1725 7002
1277 1726 7001
1276 1727 7000
1275 1728 6999
1274 1729 6998
1273 1730 6997
1272 1731 6996
1271 1732 6995
1270 1733 6994
1269 1734 6993
1268 1735 6992
1267 1736 6991
1266 1737 6990
1265 1738 6989
1264 1739 6988
1263 1740 6987
1262 1741 6986
1261 1742 6985
1260 1743 6984
1259 1744 6983
1258 1745 6982
1257 1746 6981
1256 1747 6980
1255 1748 6979
1254 1749 6978
1253 1750 6977
1252 1751 6976
1251 1752 6975
1250 1753 6974
1249 1754 6973
1248 1755 6972
1247 1756 6971
1246 1757 6970
1245 1758 6969
1244 1759 6968
1243 1760 6967
1242 1761 6966
1241 1762 6965
1240 1763 6964
1239 1764 6963
1238 1765 6962
1237 1766 6961
1236 1767 6960
1235 1768 6959
1234 1769 6958
1233 1770 6957
1232 1771 6956
1231 1772 6955
1230 1773 6954
1229 1774 6953
1228 1775 6952
1227 1776 6951
1226 1777 6950
1225 1778 6949
1224 1779 6948
1223 1780 6947
1222 1781 6946
1221 1782 6945
1220 1783 6944
1219 1784 6943
1218 1785 6942
1217 1786 6941
1216 1787 6940
1215 1788 6939
1214 1789 6938
1213 1790 6937
1212 1791 6936
1211 1792 6935
1210 1793 6934
1209 1794 6933
1208 1795 6932
1207 1796 6931
1206 1797 6930
1205 1798 6929
1204 1799 6928
1203 1800 6927
1202 1801 6926
1201 1802 6925
1200 1803 6924
1199 1804 6923
1198 1805 6922
1197 1806 6921
1196 1807 6920
1195 1808 6919
1194 1809 6918
1193 1810 6917
1192 1811 6916
1191 1812 6915
1190 1813 6914
1189 1814 6913
1188 1815 6912
1187 1816 6911
1186 1817 6910
1185 1818 6909
1184 1819 6908
1183 1820 6907
1182 1821 6906
1181 1822 6905
1180 1823 6904
1179 1824 6903
1178 1825 6902
1177 1826 6901
1176 1827 6900
1175 1828 6899
1174 1829 6898
1173 1830 6897
1172 1831 6896
1171 1832 6895
1170 1833 6894
1169 1834 6893
1168 1835 6892
1167 1836 6891
1166 1837 6890
1165 1838 6889
1164 1839 6888
1163 1840 6887
1162 1841 6886
1161 1842 6885
1160 1843 6884
1159 1844 6883
1158 1845 6882
1157 1846 6881
1156 1847 6880
1155 1848 6879
1154 1849 6878
1153 1850 6877
1152 1851 6876
1151 1852 6875
1150 1853 6874
1149 1854 6873
1148 1855 6872
1147 1856 6871
1146 1857 6870
1145 1858 6869
1144 1859 6868
1143 1860 6867
1142 1861 6866
1141 1862 6865
1140 1863 6864
1139 1864 6863
1138 1865 6862
1137 1866 6861
1136 1867 6860
1135 1868 6859
1134 1869 6858
1133 1870 6857
1132 1871 6856
1131 1872 6855
1130 1873 6854
1129 1874 6853
1128 1875 6852
1127 1876 6851
1126 1877 6850
1125 1878 6849
1124 1879 6848
1123 1880 6847
1122 1881 6846
1121 1882 6845
1120 1883 6844
1119 1884 6843
1118 1885 6842
1117 1886 6841
1116 1887 6840
1115 1888 6839
1114 1889 6838
1113 1890 6837
1112 1891 6836
1111 1892 6835
1110 1893 6834
1109 1894 6833
1108 1895 6832
1107 1896 6831
1106 1897 6830
1105 1898 6829
1104 1899 6828
1103 1900 6827
1102 1901 6826
1101 1902 6825
1100 1903 6824
1099 1904 6823
1098 1905 6822
1097 1906 6821
1096 1907 6820
1095 1908 6819
1094 1909 6818
1093 1910 6817
1092 1911 6816
1091 1912 6815
1090 1913 6814
1089 1914 6813
1088 1915 6812
1087 1916 6811
1086 1917 6810
1085 1918 6809
1084 1919 6808
1083 1920 6807
1082 1921 6806
1081 1922 6805
1080 1923 6804
1079 1924 6803
1078 1925 6802
1077 1926 6801
1076 1927 6800
1075 1928 6799
1074 1929 6798
1073 1930 6797
1072 1931 6796
1071 1932 6795
1070 1933 6794
1069 1934 6793
1068 1935 6792
1067 1936 6791
1066 1937 6790
1065 1938 6789
1064 1939 6788
1063 1940 6787
1062 1941 6786
1061 1942 6785
1060 1943 6784
1059 1944 6783
1058 1945 6782
1057 1946 6781
1056 1947 6780
1055 1948 6779
1054 1949 6778
1053 1950 6777
1052 1951 6776
1051 1952 6775
1050 1953 6774
1049 1954 6773
1048 1955 6772
1047 1956 6771
1046 1957 6770
1045 1958 6769
1044 1959 6768
1043 1960 6767
1042 1961 6766
1041 1962 6765
1040 1963 6764
1039 1964 6763
1038 1965 6762
1037 1966 6761
1036 1967 6760
1035 1968 6759
1034 1969 6758
1033 1970 6757
1032 1971 6756
1031 1972 6755
1030 1973 6754
1029 1974 6753
1028 1975 6752
1027 1976 6751
1026 1977 6750
1025 1978 6749
1024 1979 6748
1023 1980 6747
1022 1981 6746
1021 1982 6745
1020 1983 6744
1019 1984 6743
1018 1985 6742
1017 1986 6741
1016 1987 6740
1015 1988 6739
1014 1989 6738
1013 1990 6737
1012 1991 6736
1011 1992 6735
1010 1993 6734
1009 1994 6733
1008 1995 6732
1007 1996 6731
1006 1997 6730
1005 1998 6729
1004 1999 6728
1003 2000 6727
1002 2001 6726
1001 2002 6725
1000 2003 6724
999 2004 6723
998 2005 6722
997 2006 6721
996 2007 6720
995 2008 6719
994 2009 6718
993 2010 6717
992 2011 6716
991 2012 6715
990 2013 6714
989 2014 6713
988 2015 6712
987 2016 6711
986 2017 6710
985 2018 6709
984 2019 6708
983 2020 6707
982 2021 6706
981 2022 6705
980 2023 6704
979 2024 6703
978 2025 6702
977 2026 6701
976 2027 6700
975 2028 6699
974 2029 6698
973 2030 6697
972 2031 6696
971 2032 6695
970 2033 6694
969 2034 6693
968 2035 6692
967 2036 6691
966 2037 6690
965 2038 6689
964 2039 6688
963 2040 6687
962 2041 6686
961 2042 6685
960 2043 6684
959 2044 6683
958 2045 6682
957 2046 6681
956 2047 6680
955 2048 6679
954 2049 6678
953 2050 6677
952 2051 6676
951 2052 6675
950 2053 6674
949 2054 6673
948 2055 6672
947 2056 6671
946 2057 6670
945 2058 6669
944 2059 6668
943 2060 6667
942 2061 6666
941 2062 6665
940 2063 6664
939 2064 6663
938 2065 6662
937 2066 6661
936 2067 6660
935 2068 6659
934 2069 6658
933 2070 6657
932 2071 6656
931 2072 6655
930 2073 6654
929 2074 6653
928 2075 6652
927 2076 6651
926 2077 6650
925 2078 6649
924 2079 6648
923 2080 6647
922 2081 6646
921 2082 6645
920 2083 6644
919 2084 6643
918 2085 6642
917 2086 6641
916 2087 6640
915 2088 6639
914 2089 6638
913 2090 6637
912 2091 6636
911 2092 6635
910 2093 6634
909 2094 6633
908 2095 6632
907 2096 6631
906 2097 6630
905 2098 6629
904 2099 6628
903 2100 6627
902 2101 6626
901 2102 6625
900 2103 6624
899 2104 6623
898 2105 6622
897 2106 6621
896 2107 6620
895 2108 6619
894 2109 6618
893 2110 6617
892 2111 6616
891 2112 6615
890 2113 6614
889 2114 6613
888 2115 6612
887 2116 6611
886 2117 6610
885 2118 6609
884 2119 6608
883 2120 6607
882 2121 6606
881 2122 6605
880 2123 6604
879 2124 6603
878 2125 6602
877 2126 6601
876 2127 6600
875 2128 6599
874 2129 6598
873 2130 6597
872 2131 6596
871 2132 6595
870 2133 6594
869 2134 6593
868 2135 6592
867 2136 6591
866 2137 6590
865 2138 6589
864 2139 6588
863 2140 6587
862 2141 6586
861 2142 6585
860 2143 6584
859 2144 6583
858 2145 6582
857 2146 6581
856 2147 6580
855 2148 6579
854 2149 6578
853 2150 6577
852 2151 6576
851 2152 6575
850 2153 6574
849 2154 6573
848 2155 6572
847 2156 6571
846 2157 6570
845 2158 6569
844 2159 6568
843 2160 6567
842 2161 6566
841 2162 6565
840 2163 6564
839 2164 6563
838 2165 6562
837 2166 6561
836 2167 6560
835 2168 6559
834 2169 6558
833 2170 6557
832 2171 6556
831 2172 6555
830 2173 6554
829 2174 6553
828 2175 6552
827 2176 6551
826 2177 6550
825 2178 6549
824 2179 6548
823 2180 6547
822 2181 6546
821 2182 6545
820 2183 6544
819 2184 6543
818 2185 6542
817 2186 6541
816 2187 6540
815 2188 6539
814 2189 6538
813 2190 6537
812 2191 6536
811 2192 6535
810 2193 6534
809 2194 6533
808 2195 6532
807 2196 6531
806 2197 6530
805 2198 6529
804 2199 6528
803 2200 6527
802 2201 6526
801 2202 6525
800 2203 6524
799 2204 6523
798 2205 6522
797 2206 6521
796 2207 6520
795 2208 6519
794 2209 6518
793 2210 6517
792 2211 6516
791 2212 6515
790 2213 6514
789 2214 6513
788 2215 6512
787 2216 6511
786 2217 6510
785 2218 6509
784 2219 6508
783 2220 6507
782 2221 6506
781 2222 6505
780 2223 6504
779 2224 6503
778 2225 6502
777 2226 6501
776 2227 6500
775 2228 6499
774 2229 6498
773 2230 6497
772 2231 6496
771 2232 6495
770 2233 6494
769 2234 6493
768 2235 6492
767 2236 6491
766 2237 6490
765 2238 6489
764 2239 6488
763 2240 6487
762 2241 6486
761 2242 6485
760 2243 6484
759 2244 6483
758 2245 6482
757 2246 6481
756 2247 6480
755 2248 6479
754 2249 6478
753 2250 6477
752 2251 6476
751 2252 6475
750 2253 6474
749 2254 6473
748 2255 6472
747 2256 6471
746 2257 6470
745 2258 6469
744 2259 6468
743 2260 6467
742 2261 6466
741 2262 6465
740 2263 6464
739 2264 6463
738 2265 6462
737 2266 6461
736 2267 6460
735 2268 6459
734 2269 6458
733 2270 6457
732 2271 6456
731 2272 6455
730 2273 6454
729 2274 6453
728 2275 6452
727 2276 6451
726 2277 6450
725 2278 6449
724 2279 6448
723 2280 6447
722 2281 6446
721 2282 6445
720 2283 6444
719 2284 6443
718 2285 6442
717 2286 6441
716 2287 6440
715 2288 6439
714 2289 6438
713 2290 6437
712 2291 6436
711 2292 6435
710 2293 6434
709 2294 6433
708 2295 6432
707 2296 6431
706 2297 6430
705 2298 6429
704 2299 6428
703 2300 6427
702 2301 6426
701 2302 6425
700 2303 6424
699 2304 6423
698 2305 6422
697 2306 6421
696 2307 6420
695 2308 6419
694 2309 6418
693 2310 6417
692 2311 6416
691 2312 6415
690 2313 6414
689 2314 6413
688 2315 6412
687 2316 6411
686 2317 6410
685 2318 6409
684 2319 6408
683 2320 6407
682 2321 6406
681 2322 6405
680 2323 6404
679 2324 6403
678 2325 6402
677 2326 6401
676 2327 6400
675 2328 6399
674 2329 6398
673 2330 6397
672 2331 6396
671 2332 6395
670 2333 6394
669 2334 6393
668 2335 6392
667 2336 6391
666 2337 6390
665 2338 6389
664 2339 6388
663 2340 6387
662 2341 6386
661 2342 6385
660 2343 6384
659 2344 6383
658 2345 6382
657 2346 6381
656 2347 6380
655 2348 6379
654 2349 6378
653 2350 6377
652 2351 6376
651 2352 6375
650 2353 6374
649 2354 6373
648 2355 6372
647 2356 6371
646 2357 6370
645 2358 6369
644 2359 6368
643 2360 6367
642 2361 6366
641 2362 6365
640 2363 6364
639 2364 6363
638 2365 6362
637 2366 6361
636 2367 6360
635 2368 6359
634 2369 6358
633 2370 6357
632 2371 6356
631 2372 6355
630 2373 6354
629 2374 6353
628 2375 6352
627 2376 6351
626 2377 6350
625 2378 6349
624 2379 6348
623 2380 6347
622 2381 6346
621 2382 6345
620 2383 6344
619 2384 6343
618 2385 6342
617 2386 6341
616 2387 6340
615 2388 6339
614 2389 6338
613 2390 6337
612 2391 6336
611 2392 6335
610 2393 6334
609 2394 6333
608 2395 6332
607 2396 6331
606 2397 6330
605 2398 6329
604 2399 6328
603 2400 6327
602 2401 6326
601 2402 6325
600 2403 6324
599 2404 6323
598 2405 6322
597 2406 6321
596 2407 6320
595 2408 6319
594 2409 6318
593 2410 6317
592 2411 6316
591 2412 6315
590 2413 6314
589 2414 6313
588 2415 6312
587 2416 6311
586 2417 6310
585 2418 6309
584 2419 6308
583 2420 6307
582 2421 6306
581 2422 6305
580 2423 6304
579 2424 6303
578 2425 6302
577 2426 6301
576 2427 6300
575 2428 6299
574 2429 6298
573 2430 6297
572 2431 6296
571 2432 6295
570 2433 6294
569 2434 6293
568 2435 6292
567 2436 6291
566 2437 6290
565 2438 6289
564 2439 6288
563 2440 6287
562 2441 6286
561 2442 6285
560 2443 6284
559 2444 6283
558 2445 6282
557 2446 6281
556 2447 6280
555 2448 6279
554 2449 6278
553 2450 6277
552 2451 6276
551 2452 6275
550 2453 6274
549 2454 6273
548 2455 6272
547 2456 6271
546 2457 6270
545 2458 6269
544 2459 6268
543 2460 6267
542 2461 6266
541 2462 6265
540 2463 6264
539 2464 6263
538 2465 6262
537 2466 6261
536 2467 6260
535 2468 6259
534 2469 6258
533 2470 6257
532 2471 6256
531 2472 6255
530 2473 6254
529 2474 6253
528 2475 6252
527 2476 6251
526 2477 6250
525 2478 6249
524 2479 6248
523 2480 6247
522 2481 6246
521 2482 6245
520 2483 6244
519 2484 6243
518 2485 6242
517 2486 6241
516 2487 6240
515 2488 6239
514 2489 6238
513 2490 6237
512 2491 6236
511 2492 6235
510 2493 6234
509 2494 6233
508 2495 6232
507 2496 6231
506 2497 6230
505 2498 6229
504 2499 6228
503 2500 6227
502 2501 6226
501 2502 6225
500 2503 6224
499 2504 6223
498 2505 6222
497 2506 6221
496 2507 6220
495 2508 6219
494 2509 6218
493 2510 6217
492 2511 6216
491 2512 6215
490 2513 6214
489 2514 6213
488 2515 6212
487 2516 6211
486 2517 6210
485 2518 6209
484 2519 6208
483 2520 6207
482 2521 6206
481 2522 6205
480 2523 6204
479 2524 6203
478 2525 6202
477 2526 6201
476 2527 6200
475 2528 6199
474 2529 6198
473 2530 6197
472 2531 6196
471 2532 6195
470 2533 6194
469 2534 6193
468 2535 6192
467 2536 6191
466 2537 6190
465 2538 6189
464 2539 6188
463 2540 6187
462 2541 6186
461 2542 6185
460 2543 6184
459 2544 6183
458 2545 6182
457 2546 6181
456 2547 6180
455 2548 6179
454 2549 6178
453 2550 6177
452 2551 6176
451 2552 6175
450 2553 6174
449 2554 6173
448 2555 6172
447 2556 6171
446 2557 6170
445 2558 6169
444 2559 6168
443 2560 6167
442 2561 6166
441 2562 6165
440 2563 6164
439 2564 6163
438 2565 6162
437 2566 6161
436 2567 6160
435 2568 6159
434 2569 6158
433 2570 6157
432 2571 6156
431 2572 6155
430 2573 6154
429 2574 6153
428 2575 6152
427 2576 6151
426 2577 6150
425 2578 6149
424 2579 6148
423 2580 6147
422 2581 6146
421 2582 6145
420 2583 6144
419 2584 6143
418 2585 6142
417 2586 6141
416 2587 6140
415 2588 6139
414 2589 6138
413 2590 6137
412 2591 6136
411 2592 6135
410 2593 6134
409 2594 6133
408 2595 6132
407 2596 6131
406 2597 6130
405 2598 6129
404 2599 6128
403 2600 6127
402 2601 6126
401 2602 6125
400 2603 6124
399 2604 6123
398 2605 6122
397 2606 6121
396 2607 6120
395 2608 6119
394 2609 6118
393 2610 6117
392 2611 6116
391 2612 6115
390 2613 6114
389 2614 6113
388 2615 6112
387 2616 6111
386 2617 6110
385 2618 6109
384 2619 6108
383 2620 6107
382 2621 6106
381 2622 6105
380 2623 6104
379 2624 6103
378 2625 6102
377 2626 6101
376 2627 6100
375 2628 6099
374 2629 6098
373 2630 6097
372 2631 6096
371 2632 6095
370 2633 6094
369 2634 6093
368 2635 6092
367 2636 6091
366 2637 6090
365 2638 6089
364 2639 6088
363 2640 6087
362 2641 6086
361 2642 6085
360 2643 6084
359 2644 6083
358 2645 6082
357 2646 6081
356 2647 6080
355 2648 6079
354 2649 6078
353 2650 6077
352 2651 6076
351 2652 6075
350 2653 6074
349 2654 6073
348 2655 6072
347 2656 6071
346 2657 6070
345 2658 6069
344 2659 6068
343 2660 6067
342 2661 6066
341 2662 6065
340 2663 6064
339 2664 6063
338 2665 6062
337 2666 6061
336 2667 6060
335 2668 6059
334 2669 6058
333 2670 6057
332 2671 6056
331 2672 6055
330 2673 6054
329 2674 6053
328 2675 6052
327 2676 6051
326 2677 6050
325 2678 6049
324 2679 6048
323 2680 6047
322 2681 6046
321 2682 6045
320 2683 6044
319 2684 6043
318 2685 6042
317 2686 6041
316 2687 6040
315 2688 6039
314 2689 6038
313 2690 6037
312 2691 6036
311 2692 6035
310 2693 6034
309 2694 6033
308 2695 6032
307 2696 6031
306 2697 6030
305 2698 6029
304 2699 6028
303 2700 6027
302 2701 6026
301 2702 6025
300 2703 6024
299 2704 6023
298 2705 6022
297 2706 6021
296 2707 6020
295 2708 6019
294 2709 6018
293 2710 6017
292 2711 6016
291 2712 6015
290 2713 6014
289 2714 6013
288 2715 6012
287 2716 6011
286 2717 6010
285 2718 6009
284 2719 6008
283 2720 6007
282 2721 6006
281 2722 6005
280 2723 6004
279 2724 6003
278 2725 6002
277 2726 6001
