2028
3000 3 8028
2999 4 8027
2998 5 8026
2997 6 8025
2996 7 8024
2995 8 8023
2994 9 8022
2993 10 8021
2992 11 8020
2991 12 8019
2990 13 8018
2989 14 8017
2988 15 8016
2987 16 8015
2986 17 8014
2985 18 8013
2984 19 8012
2983 20 8011
2982 21 8010
2981 22 8009
2980 23 8008
2979 24 8007
2978 25 8006
2977 26 8005
2976 27 8004
2975 28 8003
2974 29 8002
2973 30 8001
2972 31 8000
2971 32 7999
2970 33 7998
2969 34 7997
2968 35 7996
2967 36 7995
2966 37 7994
2965 38 7993
2964 39 7992
2963 40 7991
2962 41 7990
2961 42 7989
2960 43 7988
2959 44 7987
2958 45 7986
2957 46 7985
2956 47 7984
2955 48 7983
2954 49 7982
2953 50 7981
2952 51 7980
2951 52 7979
2950 53 7978
2949 54 7977
2948 55 7976
2947 56 7975
2946 57 7974
2945 58 7973
2944 59 7972
2943 60 7971
2942 61 7970
2941 62 7969
2940 63 7968
2939 64 7967
2938 65 7966
2937 66 7965
2936 67 7964
2935 68 7963
2934 69 7962
2933 70 7961
2932 71 7960
2931 72 7959
2930 73 7958
2929 74 7957
2928 75 7956
2927 76 7955
2926 77 7954
2925 78 7953
2924 79 7952
2923 80 7951
2922 81 7950
2921 82 7949
2920 83 7948
2919 84 7947
2918 85 7946
2917 86 7945
2916 87 7944
2915 88 7943
2914 89 7942
2913 90 7941
2912 91 7940
2911 92 7939
2910 93 7938
2909 94 7937
2908 95 7936
2907 96 7935
2906 97 7934
2905 98 7933
2904 99 7932
2903 100 7931
2902 101 7930
2901 102 7929
2900 103 7928
2899 104 7927
2898 105 7926
2897 106 7925
2896 107 7924
2895 108 7923
2894 109 7922
2893 110 7921
2892 111 7920
2891 112 7919
2890 113 7918
2889 114 7917
2888 115 7916
2887 116 7915
2886 117 7914
2885 118 7913
2884 119 7912
2883 120 7911
2882 121 7910
2881 122 7909
2880 123 7908
2879 124 7907
2878 125 7906
2877 126 7905
2876 127 7904
2875 128 7903
2874 129 7902
2873 130 7901
2872 131 7900
2871 132 7899
2870 133 7898
2869 134 7897
2868 135 7896
2867 136 7895
2866 137 7894
2865 138 7893
2864 139 7892
2863 140 7891
2862 141 7890
2861 142 7889
2860 143 7888
2859 144 7887
2858 145 7886
2857 146 7885
2856 147 7884
2855 148 7883
2854 149 7882
2853 150 7881
2852 151 7880
2851 152 7879
2850 153 7878
2849 154 7877
2848 155 7876
2847 156 7875
2846 157 7874
2845 158 7873
2844 159 7872
2843 160 7871
2842 161 7870
2841 162 7869
2840 163 7868
2839 164 7867
2838 165 7866
2837 166 7865
2836 167 7864
2835 168 7863
2834 169 7862
2833 170 7861
2832 171 7860
2831 172 7859
2830 173 7858
2829 174 7857
2828 175 7856
2827 176 7855
2826 177 7854
2825 178 7853
2824 179 7852
2823 180 7851
2822 181 7850
2821 182 7849
2820 183 7848
2819 184 7847
2818 185 7846
2817 186 7845
2816 187 7844
2815 188 7843
2814 189 7842
2813 190 7841
2812 191 7840
2811 192 7839
2810 193 7838
2809 194 7837
2808 195 7836
2807 196 7835
2806 197 7834
2805 198 7833
2804 199 7832
2803 200 7831
2802 201 7830
2801 202 7829
2800 203 7828
2799 204 7827
2798 205 7826
2797 206 7825
2796 207 7824
2795 208 7823
2794 209 7822
2793 210 7821
2792 211 7820
2791 212 7819
2790 213 7818
2789 214 7817
2788 215 7816
2787 216 7815
2786 217 7814
2785 218 7813
2784 219 7812
2783 220 7811
2782 221 7810
2781 222 7809
2780 223 7808
2779 224 7807
2778 225 7806
2777 226 7805
2776 227 7804
2775 228 7803
2774 229 7802
2773 230 7801
2772 231 7800
2771 232 7799
2770 233 7798
2769 234 7797
2768 235 7796
2767 236 7795
2766 237 7794
2765 238 7793
2764 239 7792
2763 240 7791
2762 241 7790
2761 242 7789
2760 243 7788
2759 244 7787
2758 245 7786
2757 246 7785
2756 247 7784
2755 248 7783
2754 249 7782
2753 250 7781
2752 251 7780
2751 252 7779
2750 253 7778
2749 254 7777
2748 255 7776
2747 256 7775
2746 257 7774
2745 258 7773
2744 259 7772
2743 260 7771
2742 261 7770
2741 262 7769
2740 263 7768
2739 264 7767
2738 265 7766
2737 266 7765
2736 267 7764
2735 268 7763
2734 269 7762
2733 270 7761
2732 271 7760
2731 272 7759
2730 273 7758
2729 274 7757
2728 275 7756
2727 276 7755
2726 277 7754
2725 278 7753
2724 279 7752
2723 280 7751
2722 281 7750
2721 282 7749
2720 283 7748
2719 284 7747
2718 285 7746
2717 286 7745
2716 287 7744
2715 288 7743
2714 289 7742
2713 290 7741
2712 291 7740
2711 292 7739
2710 293 7738
2709 294 7737
2708 295 7736
2707 296 7735
2706 297 7734
2705 298 7733
2704 299 7732
2703 300 7731
2702 301 7730
2701 302 7729
2700 303 7728
2699 304 7727
2698 305 7726
2697 306 7725
2696 307 7724
2695 308 7723
2694 309 7722
2693 310 7721
2692 311 7720
2691 312 7719
2690 313 7718
2689 314 7717
2688 315 7716
2687 316 7715
2686 317 7714
2685 318 7713
2684 319 7712
2683 320 7711
2682 321 7710
2681 322 7709
2680 323 7708
2679 324 7707
2678 325 7706
2677 326 7705
2676 327 7704
2675 328 7703
2674 329 7702
2673 330 7701
2672 331 7700
2671 332 7699
2670 333 7698
2669 334 7697
2668 335 7696
2667 336 7695
2666 337 7694
2665 338 7693
2664 339 7692
2663 340 7691
2662 341 7690
2661 342 7689
2660 343 7688
2659 344 7687
2658 345 7686
2657 346 7685
2656 347 7684
2655 348 7683
2654 349 7682
2653 350 7681
2652 351 7680
2651 352 7679
2650 353 7678
2649 354 7677
2648 355 7676
2647 356 7675
2646 357 7674
2645 358 7673
2644 359 7672
2643 360 7671
2642 361 7670
2641 362 7669
2640 363 7668
2639 364 7667
2638 365 7666
2637 366 7665
2636 367 7664
2635 368 7663
2634 369 7662
2633 370 7661
2632 371 7660
2631 372 7659
2630 373 7658
2629 374 7657
2628 375 7656
2627 376 7655
2626 377 7654
2625 378 7653
2624 379 7652
2623 380 7651
2622 381 7650
2621 382 7649
2620 383 7648
2619 384 7647
2618 385 7646
2617 386 7645
2616 387 7644
2615 388 7643
2614 389 7642
2613 390 7641
2612 391 7640
2611 392 7639
2610 393 7638
2609 394 7637
2608 395 7636
2607 396 7635
2606 397 7634
2605 398 7633
2604 399 7632
2603 400 7631
2602 401 7630
2601 402 7629
2600 403 7628
2599 404 7627
2598 405 7626
2597 406 7625
2596 407 7624
2595 408 7623
2594 409 7622
2593 410 7621
2592 411 7620
2591 412 7619
2590 413 7618
2589 414 7617
2588 415 7616
2587 416 7615
2586 417 7614
2585 418 7613
2584 419 7612
2583 420 7611
2582 421 7610
2581 422 7609
2580 423 7608
2579 424 7607
2578 425 7606
2577 426 7605
2576 427 7604
2575 428 7603
2574 429 7602
2573 430 7601
2572 431 7600
2571 432 7599
2570 433 7598
2569 434 7597
2568 435 7596
2567 436 7595
2566 437 7594
2565 438 7593
2564 439 7592
2563 440 7591
2562 441 7590
2561 442 7589
2560 443 7588
2559 444 7587
2558 445 7586
2557 446 7585
2556 447 7584
2555 448 7583
2554 449 7582
2553 450 7581
2552 451 7580
2551 452 7579
2550 453 7578
2549 454 7577
2548 455 7576
2547 456 7575
2546 457 7574
2545 458 7573
2544 459 7572
2543 460 7571
2542 461 7570
2541 462 7569
2540 463 7568
2539 464 7567
2538 465 7566
2537 466 7565
2536 467 7564
2535 468 7563
2534 469 7562
2533 470 7561
2532 471 7560
2531 472 7559
2530 473 7558
2529 474 7557
2528 475 7556
2527 476 7555
2526 477 7554
2525 478 7553
2524 479 7552
2523 480 7551
2522 481 7550
2521 482 7549
2520 483 7548
2519 484 7547
2518 485 7546
2517 486 7545
2516 487 7544
2515 488 7543
2514 489 7542
2513 490 7541
2512 491 7540
2511 492 7539
2510 493 7538
2509 494 7537
2508 495 7536
2507 496 7535
2506 497 7534
2505 498 7533
2504 499 7532
2503 500 7531
2502 501 7530
2501 502 7529
2500 503 7528
2499 504 7527
2498 505 7526
2497 506 7525
2496 507 7524
2495 508 7523
2494 509 7522
2493 510 7521
2492 511 7520
2491 512 7519
2490 513 7518
2489 514 7517
2488 515 7516
2487 516 7515
2486 517 7514
2485 518 7513
2484 519 7512
2483 520 7511
2482 521 7510
2481 522 7509
2480 523 7508
2479 524 7507
2478 525 7506
2477 526 7505
2476 527 7504
2475 528 7503
2474 529 7502
2473 530 7501
2472 531 7500
2471 532 7499
2470 533 7498
2469 534 7497
2468 535 7496
2467 536 7495
2466 537 7494
2465 538 7493
2464 539 7492
2463 540 7491
2462 541 7490
2461 542 7489
2460 543 7488
2459 544 7487
2458 545 7486
2457 546 7485
2456 547 7484
2455 548 7483
2454 549 7482
2453 550 7481
2452 551 7480
2451 552 7479
2450 553 7478
2449 554 7477
2448 555 7476
2447 556 7475
2446 557 7474
2445 558 7473
2444 559 7472
2443 560 7471
2442 561 7470
2441 562 7469
2440 563 7468
2439 564 7467
2438 565 7466
2437 566 7465
2436 567 7464
2435 568 7463
2434 569 7462
2433 570 7461
2432 571 7460
2431 572 7459
2430 573 7458
2429 574 7457
2428 575 7456
2427 576 7455
2426 577 7454
2425 578 7453
2424 579 7452
2423 580 7451
2422 581 7450
2421 582 7449
2420 583 7448
2419 584 7447
2418 585 7446
2417 586 7445
2416 587 7444
2415 588 7443
2414 589 7442
2413 590 7441
2412 591 7440
2411 592 7439
2410 593 7438
2409 594 7437
2408 595 7436
2407 596 7435
2406 597 7434
2405 598 7433
2404 599 7432
2403 600 7431
2402 601 7430
2401 602 7429
2400 603 7428
2399 604 7427
2398 605 7426
2397 606 7425
2396 607 7424
2395 608 7423
2394 609 7422
2393 610 7421
2392 611 7420
2391 612 7419
2390 613 7418
2389 614 7417
2388 615 7416
2387 616 7415
2386 617 7414
2385 618 7413
2384 619 7412
2383 620 7411
2382 621 7410
2381 622 7409
2380 623 7408
2379 624 7407
2378 625 7406
2377 626 7405
2376 627 7404
2375 628 7403
2374 629 7402
2373 630 7401
2372 631 7400
2371 632 7399
2370 633 7398
2369 634 7397
2368 635 7396
2367 636 7395
2366 637 7394
2365 638 7393
2364 639 7392
2363 640 7391
2362 641 7390
2361 642 7389
2360 643 7388
2359 644 7387
2358 645 7386
2357 646 7385
2356 647 7384
2355 648 7383
2354 649 7382
2353 650 7381
2352 651 7380
2351 652 7379
2350 653 7378
2349 654 7377
2348 655 7376
2347 656 7375
2346 657 7374
2345 658 7373
2344 659 7372
2343 660 7371
2342 661 7370
2341 662 7369
2340 663 7368
2339 664 7367
2338 665 7366
2337 666 7365
2336 667 7364
2335 668 7363
2334 669 7362
2333 670 7361
2332 671 7360
2331 672 7359
2330 673 7358
2329 674 7357
2328 675 7356
2327 676 7355
2326 677 7354
2325 678 7353
2324 679 7352
2323 680 7351
2322 681 7350
2321 682 7349
2320 683 7348
2319 684 7347
2318 685 7346
2317 686 7345
2316 687 7344
2315 688 7343
2314 689 7342
2313 690 7341
2312 691 7340
2311 692 7339
2310 693 7338
2309 694 7337
2308 695 7336
2307 696 7335
2306 697 7334
2305 698 7333
2304 699 7332
2303 700 7331
2302 701 7330
2301 702 7329
2300 703 7328
2299 704 7327
2298 705 7326
2297 706 7325
2296 707 7324
2295 708 7323
2294 709 7322
2293 710 7321
2292 711 7320
2291 712 7319
2290 713 7318
2289 714 7317
2288 715 7316
2287 716 7315
2286 717 7314
2285 718 7313
2284 719 7312
2283 720 7311
2282 721 7310
2281 722 7309
2280 723 7308
2279 724 7307
2278 725 7306
2277 726 7305
2276 727 7304
2275 728 7303
2274 729 7302
2273 730 7301
2272 731 7300
2271 732 7299
2270 733 7298
2269 734 7297
2268 735 7296
2267 736 7295
2266 737 7294
2265 738 7293
2264 739 7292
2263 740 7291
2262 741 7290
2261 742 7289
2260 743 7288
2259 744 7287
2258 745 7286
2257 746 7285
2256 747 7284
2255 748 7283
2254 749 7282
2253 750 7281
2252 751 7280
2251 752 7279
2250 753 7278
2249 754 7277
2248 755 7276
2247 756 7275
2246 757 7274
2245 758 7273
2244 759 7272
2243 760 7271
2242 761 7270
2241 762 7269
2240 763 7268
2239 764 7267
2238 765 7266
2237 766 7265
2236 767 7264
2235 768 7263
2234 769 7262
2233 770 7261
2232 771 7260
2231 772 7259
2230 773 7258
2229 774 7257
2228 775 7256
2227 776 7255
2226 777 7254
2225 778 7253
2224 779 7252
2223 780 7251
2222 781 7250
2221 782 7249
2220 783 7248
2219 784 7247
2218 785 7246
2217 786 7245
2216 787 7244
2215 788 7243
2214 789 7242
2213 790 7241
2212 791 7240
2211 792 7239
2210 793 7238
2209 794 7237
2208 795 7236
2207 796 7235
2206 797 7234
2205 798 7233
2204 799 7232
2203 800 7231
2202 801 7230
2201 802 7229
2200 803 7228
2199 804 7227
2198 805 7226
2197 806 7225
2196 807 7224
2195 808 7223
2194 809 7222
2193 810 7221
2192 811 7220
2191 812 7219
2190 813 7218
2189 814 7217
2188 815 7216
2187 816 7215
2186 817 7214
2185 818 7213
2184 819 7212
2183 820 7211
2182 821 7210
2181 822 7209
2180 823 7208
2179 824 7207
2178 825 7206
2177 826 7205
2176 827 7204
2175 828 7203
2174 829 7202
2173 830 7201
2172 831 7200
2171 832 7199
2170 833 7198
2169 834 7197
2168 835 7196
2167 836 7195
2166 837 7194
2165 838 7193
2164 839 7192
2163 840 7191
2162 841 7190
2161 842 7189
2160 843 7188
2159 844 7187
2158 845 7186
2157 846 7185
2156 847 7184
2155 848 7183
2154 849 7182
2153 850 7181
2152 851 7180
2151 852 7179
2150 853 7178
2149 854 7177
2148 855 7176
2147 856 7175
2146 857 7174
2145 858 7173
2144 859 7172
2143 860 7171
2142 861 7170
2141 862 7169
2140 863 7168
2139 864 7167
2138 865 7166
2137 866 7165
2136 867 7164
2135 868 7163
2134 869 7162
2133 870 7161
2132 871 7160
2131 872 7159
2130 873 7158
2129 874 7157
2128 875 7156
2127 876 7155
2126 877 7154
2125 878 7153
2124 879 7152
2123 880 7151
2122 881 7150
2121 882 7149
2120 883 7148
2119 884 7147
2118 885 7146
2117 886 7145
2116 887 7144
2115 888 7143
2114 889 7142
2113 890 7141
2112 891 7140
2111 892 7139
2110 893 7138
2109 894 7137
2108 895 7136
2107 896 7135
2106 897 7134
2105 898 7133
2104 899 7132
2103 900 7131
2102 901 7130
2101 902 7129
2100 903 7128
2099 904 7127
2098 905 7126
2097 906 7125
2096 907 7124
2095 908 7123
2094 909 7122
2093 910 7121
2092 911 7120
2091 912 7119
2090 913 7118
2089 914 7117
2088 915 7116
2087 916 7115
2086 917 7114
2085 918 7113
2084 919 7112
2083 920 7111
2082 921 7110
2081 922 7109
2080 923 7108
2079 924 7107
2078 925 7106
2077 926 7105
2076 927 7104
2075 928 7103
2074 929 7102
2073 930 7101
2072 931 7100
2071 932 7099
2070 933 7098
2069 934 7097
2068 935 7096
2067 936 7095
2066 937 7094
2065 938 7093
2064 939 7092
2063 940 7091
2062 941 7090
2061 942 7089
2060 943 7088
2059 944 7087
2058 945 7086
2057 946 7085
2056 947 7084
2055 948 7083
2054 949 7082
2053 950 7081
2052 951 7080
2051 952 7079
2050 953 7078
2049 954 7077
2048 955 7076
2047 956 7075
2046 957 7074
2045 958 7073
2044 959 7072
2043 960 7071
2042 961 7070
2041 962 7069
2040 963 7068
2039 964 7067
2038 965 7066
2037 966 7065
2036 967 7064
2035 968 7063
2034 969 7062
2033 970 7061
2032 971 7060
2031 972 7059
2030 973 7058
2029 974 7057
2028 975 7056
2027 976 7055
2026 977 7054
2025 978 7053
2024 979 7052
2023 980 7051
2022 981 7050
2021 982 7049
2020 983 7048
2019 984 7047
2018 985 7046
2017 986 7045
2016 987 7044
2015 988 7043
2014 989 7042
2013 990 7041
2012 991 7040
2011 992 7039
2010 993 7038
2009 994 7037
2008 995 7036
2007 996 7035
2006 997 7034
2005 998 7033
2004 999 7032
2003 1000 7031
2002 1001 7030
2001 1002 7029
2000 1003 7028
1999 1004 7027
1998 1005 7026
1997 1006 7025
1996 1007 7024
1995 1008 7023
1994 1009 7022
1993 1010 7021
1992 1011 7020
1991 1012 7019
1990 1013 7018
1989 1014 7017
1988 1015 7016
1987 1016 7015
1986 1017 7014
1985 1018 7013
1984 1019 7012
1983 1020 7011
1982 1021 7010
1981 1022 7009
1980 1023 7008
1979 1024 7007
1978 1025 7006
1977 1026 7005
1976 1027 7004
1975 1028 7003
1974 1029 7002
1973 1030 7001
1972 1031 7000
1971 1032 6999
1970 1033 6998
1969 1034 6997
1968 1035 6996
1967 1036 6995
1966 1037 6994
1965 1038 6993
1964 1039 6992
1963 1040 6991
1962 1041 6990
1961 1042 6989
1960 1043 6988
1959 1044 6987
1958 1045 6986
1957 1046 6985
1956 1047 6984
1955 1048 6983
1954 1049 6982
1953 1050 6981
1952 1051 6980
1951 1052 6979
1950 1053 6978
1949 1054 6977
1948 1055 6976
1947 1056 6975
1946 1057 6974
1945 1058 6973
1944 1059 6972
1943 1060 6971
1942 1061 6970
1941 1062 6969
1940 1063 6968
1939 1064 6967
1938 1065 6966
1937 1066 6965
1936 1067 6964
1935 1068 6963
1934 1069 6962
1933 1070 6961
1932 1071 6960
1931 1072 6959
1930 1073 6958
1929 1074 6957
1928 1075 6956
1927 1076 6955
1926 1077 6954
1925 1078 6953
1924 1079 6952
1923 1080 6951
1922 1081 6950
1921 1082 6949
1920 1083 6948
1919 1084 6947
1918 1085 6946
1917 1086 6945
1916 1087 6944
1915 1088 6943
1914 1089 6942
1913 1090 6941
1912 1091 6940
1911 1092 6939
1910 1093 6938
1909 1094 6937
1908 1095 6936
1907 1096 6935
1906 1097 6934
1905 1098 6933
1904 1099 6932
1903 1100 6931
1902 1101 6930
1901 1102 6929
1900 1103 6928
1899 1104 6927
1898 1105 6926
1897 1106 6925
1896 1107 6924
1895 1108 6923
1894 1109 6922
1893 1110 6921
1892 1111 6920
1891 1112 6919
1890 1113 6918
1889 1114 6917
1888 1115 6916
1887 1116 6915
1886 1117 6914
1885 1118 6913
1884 1119 6912
1883 1120 6911
1882 1121 6910
1881 1122 6909
1880 1123 6908
1879 1124 6907
1878 1125 6906
1877 1126 6905
1876 1127 6904
1875 1128 6903
1874 1129 6902
1873 1130 6901
1872 1131 6900
1871 1132 6899
1870 1133 6898
1869 1134 6897
1868 1135 6896
1867 1136 6895
1866 1137 6894
1865 1138 6893
1864 1139 6892
1863 1140 6891
1862 1141 6890
1861 1142 6889
1860 1143 6888
1859 1144 6887
1858 1145 6886
1857 1146 6885
1856 1147 6884
1855 1148 6883
1854 1149 6882
1853 1150 6881
1852 1151 6880
1851 1152 6879
1850 1153 6878
1849 1154 6877
1848 1155 6876
1847 1156 6875
1846 1157 6874
1845 1158 6873
1844 1159 6872
1843 1160 6871
1842 1161 6870
1841 1162 6869
1840 1163 6868
1839 1164 6867
1838 1165 6866
1837 1166 6865
1836 1167 6864
1835 1168 6863
1834 1169 6862
1833 1170 6861
1832 1171 6860
1831 1172 6859
1830 1173 6858
1829 1174 6857
1828 1175 6856
1827 1176 6855
1826 1177 6854
1825 1178 6853
1824 1179 6852
1823 1180 6851
1822 1181 6850
1821 1182 6849
1820 1183 6848
1819 1184 6847
1818 1185 6846
1817 1186 6845
1816 1187 6844
1815 1188 6843
1814 1189 6842
1813 1190 6841
1812 1191 6840
1811 1192 6839
1810 1193 6838
1809 1194 6837
1808 1195 6836
1807 1196 6835
1806 1197 6834
1805 1198 6833
1804 1199 6832
1803 1200 6831
1802 1201 6830
1801 1202 6829
1800 1203 6828
1799 1204 6827
1798 1205 6826
1797 1206 6825
1796 1207 6824
1795 1208 6823
1794 1209 6822
1793 1210 6821
1792 1211 6820
1791 1212 6819
1790 1213 6818
1789 1214 6817
1788 1215 6816
1787 1216 6815
1786 1217 6814
1785 1218 6813
1784 1219 6812
1783 1220 6811
1782 1221 6810
1781 1222 6809
1780 1223 6808
1779 1224 6807
1778 1225 6806
1777 1226 6805
1776 1227 6804
1775 1228 6803
1774 1229 6802
1773 1230 6801
1772 1231 6800
1771 1232 6799
1770 1233 6798
1769 1234 6797
1768 1235 6796
1767 1236 6795
1766 1237 6794
1765 1238 6793
1764 1239 6792
1763 1240 6791
1762 1241 6790
1761 1242 6789
1760 1243 6788
1759 1244 6787
1758 1245 6786
1757 1246 6785
1756 1247 6784
1755 1248 6783
1754 1249 6782
1753 1250 6781
1752 1251 6780
1751 1252 6779
1750 1253 6778
1749 1254 6777
1748 1255 6776
1747 1256 6775
1746 1257 6774
1745 1258 6773
1744 1259 6772
1743 1260 6771
1742 1261 6770
1741 1262 6769
1740 1263 6768
1739 1264 6767
1738 1265 6766
1737 1266 6765
1736 1267 6764
1735 1268 6763
1734 1269 6762
1733 1270 6761
1732 1271 6760
1731 1272 6759
1730 1273 6758
1729 1274 6757
1728 1275 6756
1727 1276 6755
1726 1277 6754
1725 1278 6753
1724 1279 6752
1723 1280 6751
1722 1281 6750
1721 1282 6749
1720 1283 6748
1719 1284 6747
1718 1285 6746
1717 1286 6745
1716 1287 6744
1715 1288 6743
1714 1289 6742
1713 1290 6741
1712 1291 6740
1711 1292 6739
1710 1293 6738
1709 1294 6737
1708 1295 6736
1707 1296 6735
1706 1297 6734
1705 1298 6733
1704 1299 6732
1703 1300 6731
1702 1301 6730
1701 1302 6729
1700 1303 6728
1699 1304 6727
1698 1305 6726
1697 1306 6725
1696 1307 6724
1695 1308 6723
1694 1309 6722
1693 1310 6721
1692 1311 6720
1691 1312 6719
1690 1313 6718
1689 1314 6717
1688 1315 6716
1687 1316 6715
1686 1317 6714
1685 1318 6713
1684 1319 6712
1683 1320 6711
1682 1321 6710
1681 1322 6709
1680 1323 6708
1679 1324 6707
1678 1325 6706
1677 1326 6705
1676 1327 6704
1675 1328 6703
1674 1329 6702
1673 1330 6701
1672 1331 6700
1671 1332 6699
1670 1333 6698
1669 1334 6697
1668 1335 6696
1667 1336 6695
1666 1337 6694
1665 1338 6693
1664 1339 6692
1663 1340 6691
1662 1341 6690
1661 1342 6689
1660 1343 6688
1659 1344 6687
1658 1345 6686
1657 1346 6685
1656 1347 6684
1655 1348 6683
1654 1349 6682
1653 1350 6681
1652 1351 6680
1651 1352 6679
1650 1353 6678
1649 1354 6677
1648 1355 6676
1647 1356 6675
1646 1357 6674
1645 1358 6673
1644 1359 6672
1643 1360 6671
1642 1361 6670
1641 1362 6669
1640 1363 6668
1639 1364 6667
1638 1365 6666
1637 1366 6665
1636 1367 6664
1635 1368 6663
1634 1369 6662
1633 1370 6661
1632 1371 6660
1631 1372 6659
1630 1373 6658
1629 1374 6657
1628 1375 6656
1627 1376 6655
1626 1377 6654
1625 1378 6653
1624 1379 6652
1623 1380 6651
1622 1381 6650
1621 1382 6649
1620 1383 6648
1619 1384 6647
1618 1385 6646
1617 1386 6645
1616 1387 6644
1615 1388 6643
1614 1389 6642
1613 1390 6641
1612 1391 6640
1611 1392 6639
1610 1393 6638
1609 1394 6637
1608 1395 6636
1607 1396 6635
1606 1397 6634
1605 1398 6633
1604 1399 6632
1603 1400 6631
1602 1401 6630
1601 1402 6629
1600 1403 6628
1599 1404 6627
1598 1405 6626
1597 1406 6625
1596 1407 6624
1595 1408 6623
1594 1409 6622
1593 1410 6621
1592 1411 6620
1591 1412 6619
1590 1413 6618
1589 1414 6617
1588 1415 6616
1587 1416 6615
1586 1417 6614
1585 1418 6613
1584 1419 6612
1583 1420 6611
1582 1421 6610
1581 1422 6609
1580 1423 6608
1579 1424 6607
1578 1425 6606
1577 1426 6605
1576 1427 6604
1575 1428 6603
1574 1429 6602
1573 1430 6601
1572 1431 6600
1571 1432 6599
1570 1433 6598
1569 1434 6597
1568 1435 6596
1567 1436 6595
1566 1437 6594
1565 1438 6593
1564 1439 6592
1563 1440 6591
1562 1441 6590
1561 1442 6589
1560 1443 6588
1559 1444 6587
1558 1445 6586
1557 1446 6585
1556 1447 6584
1555 1448 6583
1554 1449 6582
1553 1450 6581
1552 1451 6580
1551 1452 6579
1550 1453 6578
1549 1454 6577
1548 1455 6576
1547 1456 6575
1546 1457 6574
1545 1458 6573
1544 1459 6572
1543 1460 6571
1542 1461 6570
1541 1462 6569
1540 1463 6568
1539 1464 6567
1538 1465 6566
1537 1466 6565
1536 1467 6564
1535 1468 6563
1534 1469 6562
1533 1470 6561
1532 1471 6560
1531 1472 6559
1530 1473 6558
1529 1474 6557
1528 1475 6556
1527 1476 6555
1526 1477 6554
1525 1478 6553
1524 1479 6552
1523 1480 6551
1522 1481 6550
1521 1482 6549
1520 1483 6548
1519 1484 6547
1518 1485 6546
1517 1486 6545
1516 1487 6544
1515 1488 6543
1514 1489 6542
1513 1490 6541
1512 1491 6540
1511 1492 6539
1510 1493 6538
1509 1494 6537
1508 1495 6536
1507 1496 6535
1506 1497 6534
1505 1498 6533
1504 1499 6532
1503 1500 6531
1502 1501 6530
1501 1502 6529
1500 1503 6528
1499 1504 6527
1498 1505 6526
1497 1506 6525
1496 1507 6524
1495 1508 6523
1494 1509 6522
1493 1510 6521
1492 1511 6520
1491 1512 6519
1490 1513 6518
1489 1514 6517
1488 1515 6516
1487 1516 6515
1486 1517 6514
1485 1518 6513
1484 1519 6512
1483 1520 6511
1482 1521 6510
1481 1522 6509
1480 1523 6508
1479 1524 6507
1478 1525 6506
1477 1526 6505
1476 1527 6504
1475 1528 6503
1474 1529 6502
1473 1530 6501
1472 1531 6500
1471 1532 6499
1470 1533 6498
1469 1534 6497
1468 1535 6496
1467 1536 6495
1466 1537 6494
1465 1538 6493
1464 1539 6492
1463 1540 6491
1462 1541 6490
1461 1542 6489
1460 1543 6488
1459 1544 6487
1458 1545 6486
1457 1546 6485
1456 1547 6484
1455 1548 6483
1454 1549 6482
1453 1550 6481
1452 1551 6480
1451 1552 6479
1450 1553 6478
1449 1554 6477
1448 1555 6476
1447 1556 6475
1446 1557 6474
1445 1558 6473
1444 1559 6472
1443 1560 6471
1442 1561 6470
1441 1562 6469
1440 1563 6468
1439 1564 6467
1438 1565 6466
1437 1566 6465
1436 1567 6464
1435 1568 6463
1434 1569 6462
1433 1570 6461
1432 1571 6460
1431 1572 6459
1430 1573 6458
1429 1574 6457
1428 1575 6456
1427 1576 6455
1426 1577 6454
1425 1578 6453
1424 1579 6452
1423 1580 6451
1422 1581 6450
1421 1582 6449
1420 1583 6448
1419 1584 6447
1418 1585 6446
1417 1586 6445
1416 1587 6444
1415 1588 6443
1414 1589 6442
1413 1590 6441
1412 1591 6440
1411 1592 6439
1410 1593 6438
1409 1594 6437
1408 1595 6436
1407 1596 6435
1406 1597 6434
1405 1598 6433
1404 1599 6432
1403 1600 6431
1402 1601 6430
1401 1602 6429
1400 1603 6428
1399 1604 6427
1398 1605 6426
1397 1606 6425
1396 1607 6424
1395 1608 6423
1394 1609 6422
1393 1610 6421
1392 1611 6420
1391 1612 6419
1390 1613 6418
1389 1614 6417
1388 1615 6416
1387 1616 6415
1386 1617 6414
1385 1618 6413
1384 1619 6412
1383 1620 6411
1382 1621 6410
1381 1622 6409
1380 1623 6408
1379 1624 6407
1378 1625 6406
1377 1626 6405
1376 1627 6404
1375 1628 6403
1374 1629 6402
1373 1630 6401
1372 1631 6400
1371 1632 6399
1370 1633 6398
1369 1634 6397
1368 1635 6396
1367 1636 6395
1366 1637 6394
1365 1638 6393
1364 1639 6392
1363 1640 6391
1362 1641 6390
1361 1642 6389
1360 1643 6388
1359 1644 6387
1358 1645 6386
1357 1646 6385
1356 1647 6384
1355 1648 6383
1354 1649 6382
1353 1650 6381
1352 1651 6380
1351 1652 6379
1350 1653 6378
1349 1654 6377
1348 1655 6376
1347 1656 6375
1346 1657 6374
1345 1658 6373
1344 1659 6372
1343 1660 6371
1342 1661 6370
1341 1662 6369
1340 1663 6368
1339 1664 6367
1338 1665 6366
1337 1666 6365
1336 1667 6364
1335 1668 6363
1334 1669 6362
1333 1670 6361
1332 1671 6360
1331 1672 6359
1330 1673 6358
1329 1674 6357
1328 1675 6356
1327 1676 6355
1326 1677 6354
1325 1678 6353
1324 1679 6352
1323 1680 6351
1322 1681 6350
1321 1682 6349
1320 1683 6348
1319 1684 6347
1318 1685 6346
1317 1686 6345
1316 1687 6344
1315 1688 6343
1314 1689 6342
1313 1690 6341
1312 1691 6340
1311 1692 6339
1310 1693 6338
1309 1694 6337
1308 1695 6336
1307 1696 6335
1306 1697 6334
1305 1698 6333
1304 1699 6332
1303 1700 6331
1302 1701 6330
1301 1702 6329
1300 1703 6328
1299 1704 6327
1298 1705 6326
1297 1706 6325
1296 1707 6324
1295 1708 6323
1294 1709 6322
1293 1710 6321
1292 1711 6320
1291 1712 6319
1290 1713 6318
1289 1714 6317
1288 1715 6316
1287 1716 6315
1286 1717 6314
1285 1718 6313
1284 1719 6312
1283 1720 6311
1282 1721 6310
1281 1722 6309
1280 1723 6308
1279 1724 6307
1278 1725 6306
1277 1726 6305
1276 1727 6304
1275 1728 6303
1274 1729 6302
1273 1730 6301
1272 1731 6300
1271 1732 6299
1270 1733 6298
1269 1734 6297
1268 1735 6296
1267 1736 6295
1266 1737 6294
1265 1738 6293
1264 1739 6292
1263 1740 6291
1262 1741 6290
1261 1742 6289
1260 1743 6288
1259 1744 6287
1258 1745 6286
1257 1746 6285
1256 1747 6284
1255 1748 6283
1254 1749 6282
1253 1750 6281
1252 1751 6280
1251 1752 6279
1250 1753 6278
1249 1754 6277
1248 1755 6276
1247 1756 6275
1246 1757 6274
1245 1758 6273
1244 1759 6272
1243 1760 6271
1242 1761 6270
1241 1762 6269
1240 1763 6268
1239 1764 6267
1238 1765 6266
1237 1766 6265
1236 1767 6264
1235 1768 6263
1234 1769 6262
1233 1770 6261
1232 1771 6260
1231 1772 6259
1230 1773 6258
1229 1774 6257
1228 1775 6256
1227 1776 6255
1226 1777 6254
1225 1778 6253
1224 1779 6252
1223 1780 6251
1222 1781 6250
1221 1782 6249
1220 1783 6248
1219 1784 6247
1218 1785 6246
1217 1786 6245
1216 1787 6244
1215 1788 6243
1214 1789 6242
1213 1790 6241
1212 1791 6240
1211 1792 6239
1210 1793 6238
1209 1794 6237
1208 1795 6236
1207 1796 6235
1206 1797 6234
1205 1798 6233
1204 1799 6232
1203 1800 6231
1202 1801 6230
1201 1802 6229
1200 1803 6228
1199 1804 6227
1198 1805 6226
1197 1806 6225
1196 1807 6224
1195 1808 6223
1194 1809 6222
1193 1810 6221
1192 1811 6220
1191 1812 6219
1190 1813 6218
1189 1814 6217
1188 1815 6216
1187 1816 6215
1186 1817 6214
1185 1818 6213
1184 1819 6212
1183 1820 6211
1182 1821 6210
1181 1822 6209
1180 1823 6208
1179 1824 6207
1178 1825 6206
1177 1826 6205
1176 1827 6204
1175 1828 6203
1174 1829 6202
1173 1830 6201
1172 1831 6200
1171 1832 6199
1170 1833 6198
1169 1834 6197
1168 1835 6196
1167 1836 6195
1166 1837 6194
1165 1838 6193
1164 1839 6192
1163 1840 6191
1162 1841 6190
1161 1842 6189
1160 1843 6188
1159 1844 6187
1158 1845 6186
1157 1846 6185
1156 1847 6184
1155 1848 6183
1154 1849 6182
1153 1850 6181
1152 1851 6180
1151 1852 6179
1150 1853 6178
1149 1854 6177
1148 1855 6176
1147 1856 6175
1146 1857 6174
1145 1858 6173
1144 1859 6172
1143 1860 6171
1142 1861 6170
1141 1862 6169
1140 1863 6168
1139 1864 6167
1138 1865 6166
1137 1866 6165
1136 1867 6164
1135 1868 6163
1134 1869 6162
1133 1870 6161
1132 1871 6160
1131 1872 6159
1130 1873 6158
1129 1874 6157
1128 1875 6156
1127 1876 6155
1126 1877 6154
1125 1878 6153
1124 1879 6152
1123 1880 6151
1122 1881 6150
1121 1882 6149
1120 1883 6148
1119 1884 6147
1118 1885 6146
1117 1886 6145
1116 1887 6144
1115 1888 6143
1114 1889 6142
1113 1890 6141
1112 1891 6140
1111 1892 6139
1110 1893 6138
1109 1894 6137
1108 1895 6136
1107 1896 6135
1106 1897 6134
1105 1898 6133
1104 1899 6132
1103 1900 6131
1102 1901 6130
1101 1902 6129
1100 1903 6128
1099 1904 6127
1098 1905 6126
1097 1906 6125
1096 1907 6124
1095 1908 6123
1094 1909 6122
1093 1910 6121
1092 1911 6120
1091 1912 6119
1090 1913 6118
1089 1914 6117
1088 1915 6116
1087 1916 6115
1086 1917 6114
1085 1918 6113
1084 1919 6112
1083 1920 6111
1082 1921 6110
1081 1922 6109
1080 1923 6108
1079 1924 6107
1078 1925 6106
1077 1926 6105
1076 1927 6104
1075 1928 6103
1074 1929 6102
1073 1930 6101
1072 1931 6100
1071 1932 6099
1070 1933 6098
1069 1934 6097
1068 1935 6096
1067 1936 6095
1066 1937 6094
1065 1938 6093
1064 1939 6092
1063 1940 6091
1062 1941 6090
1061 1942 6089
1060 1943 6088
1059 1944 6087
1058 1945 6086
1057 1946 6085
1056 1947 6084
1055 1948 6083
1054 1949 6082
1053 1950 6081
1052 1951 6080
1051 1952 6079
1050 1953 6078
1049 1954 6077
1048 1955 6076
1047 1956 6075
1046 1957 6074
1045 1958 6073
1044 1959 6072
1043 1960 6071
1042 1961 6070
1041 1962 6069
1040 1963 6068
1039 1964 6067
1038 1965 6066
1037 1966 6065
1036 1967 6064
1035 1968 6063
1034 1969 6062
1033 1970 6061
1032 1971 6060
1031 1972 6059
1030 1973 6058
1029 1974 6057
1028 1975 6056
1027 1976 6055
1026 1977 6054
1025 1978 6053
1024 1979 6052
1023 1980 6051
1022 1981 6050
1021 1982 6049
1020 1983 6048
1019 1984 6047
1018 1985 6046
1017 1986 6045
1016 1987 6044
1015 1988 6043
1014 1989 6042
1013 1990 6041
1012 1991 6040
1011 1992 6039
1010 1993 6038
1009 1994 6037
1008 1995 6036
1007 1996 6035
1006 1997 6034
1005 1998 6033
1004 1999 6032
1003 2000 6031
1002 2001 6030
1001 2002 6029
1000 2003 6028
999 2004 6027
998 2005 6026
997 2006 6025
996 2007 6024
995 2008 6023
994 2009 6022
993 2010 6021
992 2011 6020
991 2012 6019
990 2013 6018
989 2014 6017
988 2015 6016
987 2016 6015
986 2017 6014
985 2018 6013
984 2019 6012
983 2020 6011
982 2021 6010
981 2022 6009
980 2023 6008
979 2024 6007
978 2025 6006
977 2026 6005
976 2027 6004
975 2028 6003
974 2029 6002
973 2030 6001
