668
3000 3 6668
2999 4 6667
2998 5 6666
2997 6 6665
2996 7 6664
2995 8 6663
2994 9 6662
2993 10 6661
2992 11 6660
2991 12 6659
2990 13 6658
2989 14 6657
2988 15 6656
2987 16 6655
2986 17 6654
2985 18 6653
2984 19 6652
2983 20 6651
2982 21 6650
2981 22 6649
2980 23 6648
2979 24 6647
2978 25 6646
2977 26 6645
2976 27 6644
2975 28 6643
2974 29 6642
2973 30 6641
2972 31 6640
2971 32 6639
2970 33 6638
2969 34 6637
2968 35 6636
2967 36 6635
2966 37 6634
2965 38 6633
2964 39 6632
2963 40 6631
2962 41 6630
2961 42 6629
2960 43 6628
2959 44 6627
2958 45 6626
2957 46 6625
2956 47 6624
2955 48 6623
2954 49 6622
2953 50 6621
2952 51 6620
2951 52 6619
2950 53 6618
2949 54 6617
2948 55 6616
2947 56 6615
2946 57 6614
2945 58 6613
2944 59 6612
2943 60 6611
2942 61 6610
2941 62 6609
2940 63 6608
2939 64 6607
2938 65 6606
2937 66 6605
2936 67 6604
2935 68 6603
2934 69 6602
2933 70 6601
2932 71 6600
2931 72 6599
2930 73 6598
2929 74 6597
2928 75 6596
2927 76 6595
2926 77 6594
2925 78 6593
2924 79 6592
2923 80 6591
2922 81 6590
2921 82 6589
2920 83 6588
2919 84 6587
2918 85 6586
2917 86 6585
2916 87 6584
2915 88 6583
2914 89 6582
2913 90 6581
2912 91 6580
2911 92 6579
2910 93 6578
2909 94 6577
2908 95 6576
2907 96 6575
2906 97 6574
2905 98 6573
2904 99 6572
2903 100 6571
2902 101 6570
2901 102 6569
2900 103 6568
2899 104 6567
2898 105 6566
2897 106 6565
2896 107 6564
2895 108 6563
2894 109 6562
2893 110 6561
2892 111 6560
2891 112 6559
2890 113 6558
2889 114 6557
2888 115 6556
2887 116 6555
2886 117 6554
2885 118 6553
2884 119 6552
2883 120 6551
2882 121 6550
2881 122 6549
2880 123 6548
2879 124 6547
2878 125 6546
2877 126 6545
2876 127 6544
2875 128 6543
2874 129 6542
2873 130 6541
2872 131 6540
2871 132 6539
2870 133 6538
2869 134 6537
2868 135 6536
2867 136 6535
2866 137 6534
2865 138 6533
2864 139 6532
2863 140 6531
2862 141 6530
2861 142 6529
2860 143 6528
2859 144 6527
2858 145 6526
2857 146 6525
2856 147 6524
2855 148 6523
2854 149 6522
2853 150 6521
2852 151 6520
2851 152 6519
2850 153 6518
2849 154 6517
2848 155 6516
2847 156 6515
2846 157 6514
2845 158 6513
2844 159 6512
2843 160 6511
2842 161 6510
2841 162 6509
2840 163 6508
2839 164 6507
2838 165 6506
2837 166 6505
2836 167 6504
2835 168 6503
2834 169 6502
2833 170 6501
2832 171 6500
2831 172 6499
2830 173 6498
2829 174 6497
2828 175 6496
2827 176 6495
2826 177 6494
2825 178 6493
2824 179 6492
2823 180 6491
2822 181 6490
2821 182 6489
2820 183 6488
2819 184 6487
2818 185 6486
2817 186 6485
2816 187 6484
2815 188 6483
2814 189 6482
2813 190 6481
2812 191 6480
2811 192 6479
2810 193 6478
2809 194 6477
2808 195 6476
2807 196 6475
2806 197 6474
2805 198 6473
2804 199 6472
2803 200 6471
2802 201 6470
2801 202 6469
2800 203 6468
2799 204 6467
2798 205 6466
2797 206 6465
2796 207 6464
2795 208 6463
2794 209 6462
2793 210 6461
2792 211 6460
2791 212 6459
2790 213 6458
2789 214 6457
2788 215 6456
2787 216 6455
2786 217 6454
2785 218 6453
2784 219 6452
2783 220 6451
2782 221 6450
2781 222 6449
2780 223 6448
2779 224 6447
2778 225 6446
2777 226 6445
2776 227 6444
2775 228 6443
2774 229 6442
2773 230 6441
2772 231 6440
2771 232 6439
2770 233 6438
2769 234 6437
2768 235 6436
2767 236 6435
2766 237 6434
2765 238 6433
2764 239 6432
2763 240 6431
2762 241 6430
2761 242 6429
2760 243 6428
2759 244 6427
2758 245 6426
2757 246 6425
2756 247 6424
2755 248 6423
2754 249 6422
2753 250 6421
2752 251 6420
2751 252 6419
2750 253 6418
2749 254 6417
2748 255 6416
2747 256 6415
2746 257 6414
2745 258 6413
2744 259 6412
2743 260 6411
2742 261 6410
2741 262 6409
2740 263 6408
2739 264 6407
2738 265 6406
2737 266 6405
2736 267 6404
2735 268 6403
2734 269 6402
2733 270 6401
2732 271 6400
2731 272 6399
2730 273 6398
2729 274 6397
2728 275 6396
2727 276 6395
2726 277 6394
2725 278 6393
2724 279 6392
2723 280 6391
2722 281 6390
2721 282 6389
2720 283 6388
2719 284 6387
2718 285 6386
2717 286 6385
2716 287 6384
2715 288 6383
2714 289 6382
2713 290 6381
2712 291 6380
2711 292 6379
2710 293 6378
2709 294 6377
2708 295 6376
2707 296 6375
2706 297 6374
2705 298 6373
2704 299 6372
2703 300 6371
2702 301 6370
2701 302 6369
2700 303 6368
2699 304 6367
2698 305 6366
2697 306 6365
2696 307 6364
2695 308 6363
2694 309 6362
2693 310 6361
2692 311 6360
2691 312 6359
2690 313 6358
2689 314 6357
2688 315 6356
2687 316 6355
2686 317 6354
2685 318 6353
2684 319 6352
2683 320 6351
2682 321 6350
2681 322 6349
2680 323 6348
2679 324 6347
2678 325 6346
2677 326 6345
2676 327 6344
2675 328 6343
2674 329 6342
2673 330 6341
2672 331 6340
2671 332 6339
2670 333 6338
2669 334 6337
2668 335 6336
2667 336 6335
2666 337 6334
2665 338 6333
2664 339 6332
2663 340 6331
2662 341 6330
2661 342 6329
2660 343 6328
2659 344 6327
2658 345 6326
2657 346 6325
2656 347 6324
2655 348 6323
2654 349 6322
2653 350 6321
2652 351 6320
2651 352 6319
2650 353 6318
2649 354 6317
2648 355 6316
2647 356 6315
2646 357 6314
2645 358 6313
2644 359 6312
2643 360 6311
2642 361 6310
2641 362 6309
2640 363 6308
2639 364 6307
2638 365 6306
2637 366 6305
2636 367 6304
2635 368 6303
2634 369 6302
2633 370 6301
2632 371 6300
2631 372 6299
2630 373 6298
2629 374 6297
2628 375 6296
2627 376 6295
2626 377 6294
2625 378 6293
2624 379 6292
2623 380 6291
2622 381 6290
2621 382 6289
2620 383 6288
2619 384 6287
2618 385 6286
2617 386 6285
2616 387 6284
2615 388 6283
2614 389 6282
2613 390 6281
2612 391 6280
2611 392 6279
2610 393 6278
2609 394 6277
2608 395 6276
2607 396 6275
2606 397 6274
2605 398 6273
2604 399 6272
2603 400 6271
2602 401 6270
2601 402 6269
2600 403 6268
2599 404 6267
2598 405 6266
2597 406 6265
2596 407 6264
2595 408 6263
2594 409 6262
2593 410 6261
2592 411 6260
2591 412 6259
2590 413 6258
2589 414 6257
2588 415 6256
2587 416 6255
2586 417 6254
2585 418 6253
2584 419 6252
2583 420 6251
2582 421 6250
2581 422 6249
2580 423 6248
2579 424 6247
2578 425 6246
2577 426 6245
2576 427 6244
2575 428 6243
2574 429 6242
2573 430 6241
2572 431 6240
2571 432 6239
2570 433 6238
2569 434 6237
2568 435 6236
2567 436 6235
2566 437 6234
2565 438 6233
2564 439 6232
2563 440 6231
2562 441 6230
2561 442 6229
2560 443 6228
2559 444 6227
2558 445 6226
2557 446 6225
2556 447 6224
2555 448 6223
2554 449 6222
2553 450 6221
2552 451 6220
2551 452 6219
2550 453 6218
2549 454 6217
2548 455 6216
2547 456 6215
2546 457 6214
2545 458 6213
2544 459 6212
2543 460 6211
2542 461 6210
2541 462 6209
2540 463 6208
2539 464 6207
2538 465 6206
2537 466 6205
2536 467 6204
2535 468 6203
2534 469 6202
2533 470 6201
2532 471 6200
2531 472 6199
2530 473 6198
2529 474 6197
2528 475 6196
2527 476 6195
2526 477 6194
2525 478 6193
2524 479 6192
2523 480 6191
2522 481 6190
2521 482 6189
2520 483 6188
2519 484 6187
2518 485 6186
2517 486 6185
2516 487 6184
2515 488 6183
2514 489 6182
2513 490 6181
2512 491 6180
2511 492 6179
2510 493 6178
2509 494 6177
2508 495 6176
2507 496 6175
2506 497 6174
2505 498 6173
2504 499 6172
2503 500 6171
2502 501 6170
2501 502 6169
2500 503 6168
2499 504 6167
2498 505 6166
2497 506 6165
2496 507 6164
2495 508 6163
2494 509 6162
2493 510 6161
2492 511 6160
2491 512 6159
2490 513 6158
2489 514 6157
2488 515 6156
2487 516 6155
2486 517 6154
2485 518 6153
2484 519 6152
2483 520 6151
2482 521 6150
2481 522 6149
2480 523 6148
2479 524 6147
2478 525 6146
2477 526 6145
2476 527 6144
2475 528 6143
2474 529 6142
2473 530 6141
2472 531 6140
2471 532 6139
2470 533 6138
2469 534 6137
2468 535 6136
2467 536 6135
2466 537 6134
2465 538 6133
2464 539 6132
2463 540 6131
2462 541 6130
2461 542 6129
2460 543 6128
2459 544 6127
2458 545 6126
2457 546 6125
2456 547 6124
2455 548 6123
2454 549 6122
2453 550 6121
2452 551 6120
2451 552 6119
2450 553 6118
2449 554 6117
2448 555 6116
2447 556 6115
2446 557 6114
2445 558 6113
2444 559 6112
2443 560 6111
2442 561 6110
2441 562 6109
2440 563 6108
2439 564 6107
2438 565 6106
2437 566 6105
2436 567 6104
2435 568 6103
2434 569 6102
2433 570 6101
2432 571 6100
2431 572 6099
2430 573 6098
2429 574 6097
2428 575 6096
2427 576 6095
2426 577 6094
2425 578 6093
2424 579 6092
2423 580 6091
2422 581 6090
2421 582 6089
2420 583 6088
2419 584 6087
2418 585 6086
2417 586 6085
2416 587 6084
2415 588 6083
2414 589 6082
2413 590 6081
2412 591 6080
2411 592 6079
2410 593 6078
2409 594 6077
2408 595 6076
2407 596 6075
2406 597 6074
2405 598 6073
2404 599 6072
2403 600 6071
2402 601 6070
2401 602 6069
2400 603 6068
2399 604 6067
2398 605 6066
2397 606 6065
2396 607 6064
2395 608 6063
2394 609 6062
2393 610 6061
2392 611 6060
2391 612 6059
2390 613 6058
2389 614 6057
2388 615 6056
2387 616 6055
2386 617 6054
2385 618 6053
2384 619 6052
2383 620 6051
2382 621 6050
2381 622 6049
2380 623 6048
2379 624 6047
2378 625 6046
2377 626 6045
2376 627 6044
2375 628 6043
2374 629 6042
2373 630 6041
2372 631 6040
2371 632 6039
2370 633 6038
2369 634 6037
2368 635 6036
2367 636 6035
2366 637 6034
2365 638 6033
2364 639 6032
2363 640 6031
2362 641 6030
2361 642 6029
2360 643 6028
2359 644 6027
2358 645 6026
2357 646 6025
2356 647 6024
2355 648 6023
2354 649 6022
2353 650 6021
2352 651 6020
2351 652 6019
2350 653 6018
2349 654 6017
2348 655 6016
2347 656 6015
2346 657 6014
2345 658 6013
2344 659 6012
2343 660 6011
2342 661 6010
2341 662 6009
2340 663 6008
2339 664 6007
2338 665 6006
2337 666 6005
2336 667 6004
2335 668 6003
2334 669 6002
2333 670 6001
