1080
3000 3 7080
2999 4 7079
2998 5 7078
2997 6 7077
2996 7 7076
2995 8 7075
2994 9 7074
2993 10 7073
2992 11 7072
2991 12 7071
2990 13 7070
2989 14 7069
2988 15 7068
2987 16 7067
2986 17 7066
2985 18 7065
2984 19 7064
2983 20 7063
2982 21 7062
2981 22 7061
2980 23 7060
2979 24 7059
2978 25 7058
2977 26 7057
2976 27 7056
2975 28 7055
2974 29 7054
2973 30 7053
2972 31 7052
2971 32 7051
2970 33 7050
2969 34 7049
2968 35 7048
2967 36 7047
2966 37 7046
2965 38 7045
2964 39 7044
2963 40 7043
2962 41 7042
2961 42 7041
2960 43 7040
2959 44 7039
2958 45 7038
2957 46 7037
2956 47 7036
2955 48 7035
2954 49 7034
2953 50 7033
2952 51 7032
2951 52 7031
2950 53 7030
2949 54 7029
2948 55 7028
2947 56 7027
2946 57 7026
2945 58 7025
2944 59 7024
2943 60 7023
2942 61 7022
2941 62 7021
2940 63 7020
2939 64 7019
2938 65 7018
2937 66 7017
2936 67 7016
2935 68 7015
2934 69 7014
2933 70 7013
2932 71 7012
2931 72 7011
2930 73 7010
2929 74 7009
2928 75 7008
2927 76 7007
2926 77 7006
2925 78 7005
2924 79 7004
2923 80 7003
2922 81 7002
2921 82 7001
2920 83 7000
2919 84 6999
2918 85 6998
2917 86 6997
2916 87 6996
2915 88 6995
2914 89 6994
2913 90 6993
2912 91 6992
2911 92 6991
2910 93 6990
2909 94 6989
2908 95 6988
2907 96 6987
2906 97 6986
2905 98 6985
2904 99 6984
2903 100 6983
2902 101 6982
2901 102 6981
2900 103 6980
2899 104 6979
2898 105 6978
2897 106 6977
2896 107 6976
2895 108 6975
2894 109 6974
2893 110 6973
2892 111 6972
2891 112 6971
2890 113 6970
2889 114 6969
2888 115 6968
2887 116 6967
2886 117 6966
2885 118 6965
2884 119 6964
2883 120 6963
2882 121 6962
2881 122 6961
2880 123 6960
2879 124 6959
2878 125 6958
2877 126 6957
2876 127 6956
2875 128 6955
2874 129 6954
2873 130 6953
2872 131 6952
2871 132 6951
2870 133 6950
2869 134 6949
2868 135 6948
2867 136 6947
2866 137 6946
2865 138 6945
2864 139 6944
2863 140 6943
2862 141 6942
2861 142 6941
2860 143 6940
2859 144 6939
2858 145 6938
2857 146 6937
2856 147 6936
2855 148 6935
2854 149 6934
2853 150 6933
2852 151 6932
2851 152 6931
2850 153 6930
2849 154 6929
2848 155 6928
2847 156 6927
2846 157 6926
2845 158 6925
2844 159 6924
2843 160 6923
2842 161 6922
2841 162 6921
2840 163 6920
2839 164 6919
2838 165 6918
2837 166 6917
2836 167 6916
2835 168 6915
2834 169 6914
2833 170 6913
2832 171 6912
2831 172 6911
2830 173 6910
2829 174 6909
2828 175 6908
2827 176 6907
2826 177 6906
2825 178 6905
2824 179 6904
2823 180 6903
2822 181 6902
2821 182 6901
2820 183 6900
2819 184 6899
2818 185 6898
2817 186 6897
2816 187 6896
2815 188 6895
2814 189 6894
2813 190 6893
2812 191 6892
2811 192 6891
2810 193 6890
2809 194 6889
2808 195 6888
2807 196 6887
2806 197 6886
2805 198 6885
2804 199 6884
2803 200 6883
2802 201 6882
2801 202 6881
2800 203 6880
2799 204 6879
2798 205 6878
2797 206 6877
2796 207 6876
2795 208 6875
2794 209 6874
2793 210 6873
2792 211 6872
2791 212 6871
2790 213 6870
2789 214 6869
2788 215 6868
2787 216 6867
2786 217 6866
2785 218 6865
2784 219 6864
2783 220 6863
2782 221 6862
2781 222 6861
2780 223 6860
2779 224 6859
2778 225 6858
2777 226 6857
2776 227 6856
2775 228 6855
2774 229 6854
2773 230 6853
2772 231 6852
2771 232 6851
2770 233 6850
2769 234 6849
2768 235 6848
2767 236 6847
2766 237 6846
2765 238 6845
2764 239 6844
2763 240 6843
2762 241 6842
2761 242 6841
2760 243 6840
2759 244 6839
2758 245 6838
2757 246 6837
2756 247 6836
2755 248 6835
2754 249 6834
2753 250 6833
2752 251 6832
2751 252 6831
2750 253 6830
2749 254 6829
2748 255 6828
2747 256 6827
2746 257 6826
2745 258 6825
2744 259 6824
2743 260 6823
2742 261 6822
2741 262 6821
2740 263 6820
2739 264 6819
2738 265 6818
2737 266 6817
2736 267 6816
2735 268 6815
2734 269 6814
2733 270 6813
2732 271 6812
2731 272 6811
2730 273 6810
2729 274 6809
2728 275 6808
2727 276 6807
2726 277 6806
2725 278 6805
2724 279 6804
2723 280 6803
2722 281 6802
2721 282 6801
2720 283 6800
2719 284 6799
2718 285 6798
2717 286 6797
2716 287 6796
2715 288 6795
2714 289 6794
2713 290 6793
2712 291 6792
2711 292 6791
2710 293 6790
2709 294 6789
2708 295 6788
2707 296 6787
2706 297 6786
2705 298 6785
2704 299 6784
2703 300 6783
2702 301 6782
2701 302 6781
2700 303 6780
2699 304 6779
2698 305 6778
2697 306 6777
2696 307 6776
2695 308 6775
2694 309 6774
2693 310 6773
2692 311 6772
2691 312 6771
2690 313 6770
2689 314 6769
2688 315 6768
2687 316 6767
2686 317 6766
2685 318 6765
2684 319 6764
2683 320 6763
2682 321 6762
2681 322 6761
2680 323 6760
2679 324 6759
2678 325 6758
2677 326 6757
2676 327 6756
2675 328 6755
2674 329 6754
2673 330 6753
2672 331 6752
2671 332 6751
2670 333 6750
2669 334 6749
2668 335 6748
2667 336 6747
2666 337 6746
2665 338 6745
2664 339 6744
2663 340 6743
2662 341 6742
2661 342 6741
2660 343 6740
2659 344 6739
2658 345 6738
2657 346 6737
2656 347 6736
2655 348 6735
2654 349 6734
2653 350 6733
2652 351 6732
2651 352 6731
2650 353 6730
2649 354 6729
2648 355 6728
2647 356 6727
2646 357 6726
2645 358 6725
2644 359 6724
2643 360 6723
2642 361 6722
2641 362 6721
2640 363 6720
2639 364 6719
2638 365 6718
2637 366 6717
2636 367 6716
2635 368 6715
2634 369 6714
2633 370 6713
2632 371 6712
2631 372 6711
2630 373 6710
2629 374 6709
2628 375 6708
2627 376 6707
2626 377 6706
2625 378 6705
2624 379 6704
2623 380 6703
2622 381 6702
2621 382 6701
2620 383 6700
2619 384 6699
2618 385 6698
2617 386 6697
2616 387 6696
2615 388 6695
2614 389 6694
2613 390 6693
2612 391 6692
2611 392 6691
2610 393 6690
2609 394 6689
2608 395 6688
2607 396 6687
2606 397 6686
2605 398 6685
2604 399 6684
2603 400 6683
2602 401 6682
2601 402 6681
2600 403 6680
2599 404 6679
2598 405 6678
2597 406 6677
2596 407 6676
2595 408 6675
2594 409 6674
2593 410 6673
2592 411 6672
2591 412 6671
2590 413 6670
2589 414 6669
2588 415 6668
2587 416 6667
2586 417 6666
2585 418 6665
2584 419 6664
2583 420 6663
2582 421 6662
2581 422 6661
2580 423 6660
2579 424 6659
2578 425 6658
2577 426 6657
2576 427 6656
2575 428 6655
2574 429 6654
2573 430 6653
2572 431 6652
2571 432 6651
2570 433 6650
2569 434 6649
2568 435 6648
2567 436 6647
2566 437 6646
2565 438 6645
2564 439 6644
2563 440 6643
2562 441 6642
2561 442 6641
2560 443 6640
2559 444 6639
2558 445 6638
2557 446 6637
2556 447 6636
2555 448 6635
2554 449 6634
2553 450 6633
2552 451 6632
2551 452 6631
2550 453 6630
2549 454 6629
2548 455 6628
2547 456 6627
2546 457 6626
2545 458 6625
2544 459 6624
2543 460 6623
2542 461 6622
2541 462 6621
2540 463 6620
2539 464 6619
2538 465 6618
2537 466 6617
2536 467 6616
2535 468 6615
2534 469 6614
2533 470 6613
2532 471 6612
2531 472 6611
2530 473 6610
2529 474 6609
2528 475 6608
2527 476 6607
2526 477 6606
2525 478 6605
2524 479 6604
2523 480 6603
2522 481 6602
2521 482 6601
2520 483 6600
2519 484 6599
2518 485 6598
2517 486 6597
2516 487 6596
2515 488 6595
2514 489 6594
2513 490 6593
2512 491 6592
2511 492 6591
2510 493 6590
2509 494 6589
2508 495 6588
2507 496 6587
2506 497 6586
2505 498 6585
2504 499 6584
2503 500 6583
2502 501 6582
2501 502 6581
2500 503 6580
2499 504 6579
2498 505 6578
2497 506 6577
2496 507 6576
2495 508 6575
2494 509 6574
2493 510 6573
2492 511 6572
2491 512 6571
2490 513 6570
2489 514 6569
2488 515 6568
2487 516 6567
2486 517 6566
2485 518 6565
2484 519 6564
2483 520 6563
2482 521 6562
2481 522 6561
2480 523 6560
2479 524 6559
2478 525 6558
2477 526 6557
2476 527 6556
2475 528 6555
2474 529 6554
2473 530 6553
2472 531 6552
2471 532 6551
2470 533 6550
2469 534 6549
2468 535 6548
2467 536 6547
2466 537 6546
2465 538 6545
2464 539 6544
2463 540 6543
2462 541 6542
2461 542 6541
2460 543 6540
2459 544 6539
2458 545 6538
2457 546 6537
2456 547 6536
2455 548 6535
2454 549 6534
2453 550 6533
2452 551 6532
2451 552 6531
2450 553 6530
2449 554 6529
2448 555 6528
2447 556 6527
2446 557 6526
2445 558 6525
2444 559 6524
2443 560 6523
2442 561 6522
2441 562 6521
2440 563 6520
2439 564 6519
2438 565 6518
2437 566 6517
2436 567 6516
2435 568 6515
2434 569 6514
2433 570 6513
2432 571 6512
2431 572 6511
2430 573 6510
2429 574 6509
2428 575 6508
2427 576 6507
2426 577 6506
2425 578 6505
2424 579 6504
2423 580 6503
2422 581 6502
2421 582 6501
2420 583 6500
2419 584 6499
2418 585 6498
2417 586 6497
2416 587 6496
2415 588 6495
2414 589 6494
2413 590 6493
2412 591 6492
2411 592 6491
2410 593 6490
2409 594 6489
2408 595 6488
2407 596 6487
2406 597 6486
2405 598 6485
2404 599 6484
2403 600 6483
2402 601 6482
2401 602 6481
2400 603 6480
2399 604 6479
2398 605 6478
2397 606 6477
2396 607 6476
2395 608 6475
2394 609 6474
2393 610 6473
2392 611 6472
2391 612 6471
2390 613 6470
2389 614 6469
2388 615 6468
2387 616 6467
2386 617 6466
2385 618 6465
2384 619 6464
2383 620 6463
2382 621 6462
2381 622 6461
2380 623 6460
2379 624 6459
2378 625 6458
2377 626 6457
2376 627 6456
2375 628 6455
2374 629 6454
2373 630 6453
2372 631 6452
2371 632 6451
2370 633 6450
2369 634 6449
2368 635 6448
2367 636 6447
2366 637 6446
2365 638 6445
2364 639 6444
2363 640 6443
2362 641 6442
2361 642 6441
2360 643 6440
2359 644 6439
2358 645 6438
2357 646 6437
2356 647 6436
2355 648 6435
2354 649 6434
2353 650 6433
2352 651 6432
2351 652 6431
2350 653 6430
2349 654 6429
2348 655 6428
2347 656 6427
2346 657 6426
2345 658 6425
2344 659 6424
2343 660 6423
2342 661 6422
2341 662 6421
2340 663 6420
2339 664 6419
2338 665 6418
2337 666 6417
2336 667 6416
2335 668 6415
2334 669 6414
2333 670 6413
2332 671 6412
2331 672 6411
2330 673 6410
2329 674 6409
2328 675 6408
2327 676 6407
2326 677 6406
2325 678 6405
2324 679 6404
2323 680 6403
2322 681 6402
2321 682 6401
2320 683 6400
2319 684 6399
2318 685 6398
2317 686 6397
2316 687 6396
2315 688 6395
2314 689 6394
2313 690 6393
2312 691 6392
2311 692 6391
2310 693 6390
2309 694 6389
2308 695 6388
2307 696 6387
2306 697 6386
2305 698 6385
2304 699 6384
2303 700 6383
2302 701 6382
2301 702 6381
2300 703 6380
2299 704 6379
2298 705 6378
2297 706 6377
2296 707 6376
2295 708 6375
2294 709 6374
2293 710 6373
2292 711 6372
2291 712 6371
2290 713 6370
2289 714 6369
2288 715 6368
2287 716 6367
2286 717 6366
2285 718 6365
2284 719 6364
2283 720 6363
2282 721 6362
2281 722 6361
2280 723 6360
2279 724 6359
2278 725 6358
2277 726 6357
2276 727 6356
2275 728 6355
2274 729 6354
2273 730 6353
2272 731 6352
2271 732 6351
2270 733 6350
2269 734 6349
2268 735 6348
2267 736 6347
2266 737 6346
2265 738 6345
2264 739 6344
2263 740 6343
2262 741 6342
2261 742 6341
2260 743 6340
2259 744 6339
2258 745 6338
2257 746 6337
2256 747 6336
2255 748 6335
2254 749 6334
2253 750 6333
2252 751 6332
2251 752 6331
2250 753 6330
2249 754 6329
2248 755 6328
2247 756 6327
2246 757 6326
2245 758 6325
2244 759 6324
2243 760 6323
2242 761 6322
2241 762 6321
2240 763 6320
2239 764 6319
2238 765 6318
2237 766 6317
2236 767 6316
2235 768 6315
2234 769 6314
2233 770 6313
2232 771 6312
2231 772 6311
2230 773 6310
2229 774 6309
2228 775 6308
2227 776 6307
2226 777 6306
2225 778 6305
2224 779 6304
2223 780 6303
2222 781 6302
2221 782 6301
2220 783 6300
2219 784 6299
2218 785 6298
2217 786 6297
2216 787 6296
2215 788 6295
2214 789 6294
2213 790 6293
2212 791 6292
2211 792 6291
2210 793 6290
2209 794 6289
2208 795 6288
2207 796 6287
2206 797 6286
2205 798 6285
2204 799 6284
2203 800 6283
2202 801 6282
2201 802 6281
2200 803 6280
2199 804 6279
2198 805 6278
2197 806 6277
2196 807 6276
2195 808 6275
2194 809 6274
2193 810 6273
2192 811 6272
2191 812 6271
2190 813 6270
2189 814 6269
2188 815 6268
2187 816 6267
2186 817 6266
2185 818 6265
2184 819 6264
2183 820 6263
2182 821 6262
2181 822 6261
2180 823 6260
2179 824 6259
2178 825 6258
2177 826 6257
2176 827 6256
2175 828 6255
2174 829 6254
2173 830 6253
2172 831 6252
2171 832 6251
2170 833 6250
2169 834 6249
2168 835 6248
2167 836 6247
2166 837 6246
2165 838 6245
2164 839 6244
2163 840 6243
2162 841 6242
2161 842 6241
2160 843 6240
2159 844 6239
2158 845 6238
2157 846 6237
2156 847 6236
2155 848 6235
2154 849 6234
2153 850 6233
2152 851 6232
2151 852 6231
2150 853 6230
2149 854 6229
2148 855 6228
2147 856 6227
2146 857 6226
2145 858 6225
2144 859 6224
2143 860 6223
2142 861 6222
2141 862 6221
2140 863 6220
2139 864 6219
2138 865 6218
2137 866 6217
2136 867 6216
2135 868 6215
2134 869 6214
2133 870 6213
2132 871 6212
2131 872 6211
2130 873 6210
2129 874 6209
2128 875 6208
2127 876 6207
2126 877 6206
2125 878 6205
2124 879 6204
2123 880 6203
2122 881 6202
2121 882 6201
2120 883 6200
2119 884 6199
2118 885 6198
2117 886 6197
2116 887 6196
2115 888 6195
2114 889 6194
2113 890 6193
2112 891 6192
2111 892 6191
2110 893 6190
2109 894 6189
2108 895 6188
2107 896 6187
2106 897 6186
2105 898 6185
2104 899 6184
2103 900 6183
2102 901 6182
2101 902 6181
2100 903 6180
2099 904 6179
2098 905 6178
2097 906 6177
2096 907 6176
2095 908 6175
2094 909 6174
2093 910 6173
2092 911 6172
2091 912 6171
2090 913 6170
2089 914 6169
2088 915 6168
2087 916 6167
2086 917 6166
2085 918 6165
2084 919 6164
2083 920 6163
2082 921 6162
2081 922 6161
2080 923 6160
2079 924 6159
2078 925 6158
2077 926 6157
2076 927 6156
2075 928 6155
2074 929 6154
2073 930 6153
2072 931 6152
2071 932 6151
2070 933 6150
2069 934 6149
2068 935 6148
2067 936 6147
2066 937 6146
2065 938 6145
2064 939 6144
2063 940 6143
2062 941 6142
2061 942 6141
2060 943 6140
2059 944 6139
2058 945 6138
2057 946 6137
2056 947 6136
2055 948 6135
2054 949 6134
2053 950 6133
2052 951 6132
2051 952 6131
2050 953 6130
2049 954 6129
2048 955 6128
2047 956 6127
2046 957 6126
2045 958 6125
2044 959 6124
2043 960 6123
2042 961 6122
2041 962 6121
2040 963 6120
2039 964 6119
2038 965 6118
2037 966 6117
2036 967 6116
2035 968 6115
2034 969 6114
2033 970 6113
2032 971 6112
2031 972 6111
2030 973 6110
2029 974 6109
2028 975 6108
2027 976 6107
2026 977 6106
2025 978 6105
2024 979 6104
2023 980 6103
2022 981 6102
2021 982 6101
2020 983 6100
2019 984 6099
2018 985 6098
2017 986 6097
2016 987 6096
2015 988 6095
2014 989 6094
2013 990 6093
2012 991 6092
2011 992 6091
2010 993 6090
2009 994 6089
2008 995 6088
2007 996 6087
2006 997 6086
2005 998 6085
2004 999 6084
2003 1000 6083
2002 1001 6082
2001 1002 6081
2000 1003 6080
1999 1004 6079
1998 1005 6078
1997 1006 6077
1996 1007 6076
1995 1008 6075
1994 1009 6074
1993 1010 6073
1992 1011 6072
1991 1012 6071
1990 1013 6070
1989 1014 6069
1988 1015 6068
1987 1016 6067
1986 1017 6066
1985 1018 6065
1984 1019 6064
1983 1020 6063
1982 1021 6062
1981 1022 6061
1980 1023 6060
1979 1024 6059
1978 1025 6058
1977 1026 6057
1976 1027 6056
1975 1028 6055
1974 1029 6054
1973 1030 6053
1972 1031 6052
1971 1032 6051
1970 1033 6050
1969 1034 6049
1968 1035 6048
1967 1036 6047
1966 1037 6046
1965 1038 6045
1964 1039 6044
1963 1040 6043
1962 1041 6042
1961 1042 6041
1960 1043 6040
1959 1044 6039
1958 1045 6038
1957 1046 6037
1956 1047 6036
1955 1048 6035
1954 1049 6034
1953 1050 6033
1952 1051 6032
1951 1052 6031
1950 1053 6030
1949 1054 6029
1948 1055 6028
1947 1056 6027
1946 1057 6026
1945 1058 6025
1944 1059 6024
1943 1060 6023
1942 1061 6022
1941 1062 6021
1940 1063 6020
1939 1064 6019
1938 1065 6018
1937 1066 6017
1936 1067 6016
1935 1068 6015
1934 1069 6014
1933 1070 6013
1932 1071 6012
1931 1072 6011
1930 1073 6010
1929 1074 6009
1928 1075 6008
1927 1076 6007
1926 1077 6006
1925 1078 6005
1924 1079 6004
1923 1080 6003
1922 1081 6002
1921 1082 6001
