2398
3000 3 8398
2999 4 8397
2998 5 8396
2997 6 8395
2996 7 8394
2995 8 8393
2994 9 8392
2993 10 8391
2992 11 8390
2991 12 8389
2990 13 8388
2989 14 8387
2988 15 8386
2987 16 8385
2986 17 8384
2985 18 8383
2984 19 8382
2983 20 8381
2982 21 8380
2981 22 8379
2980 23 8378
2979 24 8377
2978 25 8376
2977 26 8375
2976 27 8374
2975 28 8373
2974 29 8372
2973 30 8371
2972 31 8370
2971 32 8369
2970 33 8368
2969 34 8367
2968 35 8366
2967 36 8365
2966 37 8364
2965 38 8363
2964 39 8362
2963 40 8361
2962 41 8360
2961 42 8359
2960 43 8358
2959 44 8357
2958 45 8356
2957 46 8355
2956 47 8354
2955 48 8353
2954 49 8352
2953 50 8351
2952 51 8350
2951 52 8349
2950 53 8348
2949 54 8347
2948 55 8346
2947 56 8345
2946 57 8344
2945 58 8343
2944 59 8342
2943 60 8341
2942 61 8340
2941 62 8339
2940 63 8338
2939 64 8337
2938 65 8336
2937 66 8335
2936 67 8334
2935 68 8333
2934 69 8332
2933 70 8331
2932 71 8330
2931 72 8329
2930 73 8328
2929 74 8327
2928 75 8326
2927 76 8325
2926 77 8324
2925 78 8323
2924 79 8322
2923 80 8321
2922 81 8320
2921 82 8319
2920 83 8318
2919 84 8317
2918 85 8316
2917 86 8315
2916 87 8314
2915 88 8313
2914 89 8312
2913 90 8311
2912 91 8310
2911 92 8309
2910 93 8308
2909 94 8307
2908 95 8306
2907 96 8305
2906 97 8304
2905 98 8303
2904 99 8302
2903 100 8301
2902 101 8300
2901 102 8299
2900 103 8298
2899 104 8297
2898 105 8296
2897 106 8295
2896 107 8294
2895 108 8293
2894 109 8292
2893 110 8291
2892 111 8290
2891 112 8289
2890 113 8288
2889 114 8287
2888 115 8286
2887 116 8285
2886 117 8284
2885 118 8283
2884 119 8282
2883 120 8281
2882 121 8280
2881 122 8279
2880 123 8278
2879 124 8277
2878 125 8276
2877 126 8275
2876 127 8274
2875 128 8273
2874 129 8272
2873 130 8271
2872 131 8270
2871 132 8269
2870 133 8268
2869 134 8267
2868 135 8266
2867 136 8265
2866 137 8264
2865 138 8263
2864 139 8262
2863 140 8261
2862 141 8260
2861 142 8259
2860 143 8258
2859 144 8257
2858 145 8256
2857 146 8255
2856 147 8254
2855 148 8253
2854 149 8252
2853 150 8251
2852 151 8250
2851 152 8249
2850 153 8248
2849 154 8247
2848 155 8246
2847 156 8245
2846 157 8244
2845 158 8243
2844 159 8242
2843 160 8241
2842 161 8240
2841 162 8239
2840 163 8238
2839 164 8237
2838 165 8236
2837 166 8235
2836 167 8234
2835 168 8233
2834 169 8232
2833 170 8231
2832 171 8230
2831 172 8229
2830 173 8228
2829 174 8227
2828 175 8226
2827 176 8225
2826 177 8224
2825 178 8223
2824 179 8222
2823 180 8221
2822 181 8220
2821 182 8219
2820 183 8218
2819 184 8217
2818 185 8216
2817 186 8215
2816 187 8214
2815 188 8213
2814 189 8212
2813 190 8211
2812 191 8210
2811 192 8209
2810 193 8208
2809 194 8207
2808 195 8206
2807 196 8205
2806 197 8204
2805 198 8203
2804 199 8202
2803 200 8201
2802 201 8200
2801 202 8199
2800 203 8198
2799 204 8197
2798 205 8196
2797 206 8195
2796 207 8194
2795 208 8193
2794 209 8192
2793 210 8191
2792 211 8190
2791 212 8189
2790 213 8188
2789 214 8187
2788 215 8186
2787 216 8185
2786 217 8184
2785 218 8183
2784 219 8182
2783 220 8181
2782 221 8180
2781 222 8179
2780 223 8178
2779 224 8177
2778 225 8176
2777 226 8175
2776 227 8174
2775 228 8173
2774 229 8172
2773 230 8171
2772 231 8170
2771 232 8169
2770 233 8168
2769 234 8167
2768 235 8166
2767 236 8165
2766 237 8164
2765 238 8163
2764 239 8162
2763 240 8161
2762 241 8160
2761 242 8159
2760 243 8158
2759 244 8157
2758 245 8156
2757 246 8155
2756 247 8154
2755 248 8153
2754 249 8152
2753 250 8151
2752 251 8150
2751 252 8149
2750 253 8148
2749 254 8147
2748 255 8146
2747 256 8145
2746 257 8144
2745 258 8143
2744 259 8142
2743 260 8141
2742 261 8140
2741 262 8139
2740 263 8138
2739 264 8137
2738 265 8136
2737 266 8135
2736 267 8134
2735 268 8133
2734 269 8132
2733 270 8131
2732 271 8130
2731 272 8129
2730 273 8128
2729 274 8127
2728 275 8126
2727 276 8125
2726 277 8124
2725 278 8123
2724 279 8122
2723 280 8121
2722 281 8120
2721 282 8119
2720 283 8118
2719 284 8117
2718 285 8116
2717 286 8115
2716 287 8114
2715 288 8113
2714 289 8112
2713 290 8111
2712 291 8110
2711 292 8109
2710 293 8108
2709 294 8107
2708 295 8106
2707 296 8105
2706 297 8104
2705 298 8103
2704 299 8102
2703 300 8101
2702 301 8100
2701 302 8099
2700 303 8098
2699 304 8097
2698 305 8096
2697 306 8095
2696 307 8094
2695 308 8093
2694 309 8092
2693 310 8091
2692 311 8090
2691 312 8089
2690 313 8088
2689 314 8087
2688 315 8086
2687 316 8085
2686 317 8084
2685 318 8083
2684 319 8082
2683 320 8081
2682 321 8080
2681 322 8079
2680 323 8078
2679 324 8077
2678 325 8076
2677 326 8075
2676 327 8074
2675 328 8073
2674 329 8072
2673 330 8071
2672 331 8070
2671 332 8069
2670 333 8068
2669 334 8067
2668 335 8066
2667 336 8065
2666 337 8064
2665 338 8063
2664 339 8062
2663 340 8061
2662 341 8060
2661 342 8059
2660 343 8058
2659 344 8057
2658 345 8056
2657 346 8055
2656 347 8054
2655 348 8053
2654 349 8052
2653 350 8051
2652 351 8050
2651 352 8049
2650 353 8048
2649 354 8047
2648 355 8046
2647 356 8045
2646 357 8044
2645 358 8043
2644 359 8042
2643 360 8041
2642 361 8040
2641 362 8039
2640 363 8038
2639 364 8037
2638 365 8036
2637 366 8035
2636 367 8034
2635 368 8033
2634 369 8032
2633 370 8031
2632 371 8030
2631 372 8029
2630 373 8028
2629 374 8027
2628 375 8026
2627 376 8025
2626 377 8024
2625 378 8023
2624 379 8022
2623 380 8021
2622 381 8020
2621 382 8019
2620 383 8018
2619 384 8017
2618 385 8016
2617 386 8015
2616 387 8014
2615 388 8013
2614 389 8012
2613 390 8011
2612 391 8010
2611 392 8009
2610 393 8008
2609 394 8007
2608 395 8006
2607 396 8005
2606 397 8004
2605 398 8003
2604 399 8002
2603 400 8001
2602 401 8000
2601 402 7999
2600 403 7998
2599 404 7997
2598 405 7996
2597 406 7995
2596 407 7994
2595 408 7993
2594 409 7992
2593 410 7991
2592 411 7990
2591 412 7989
2590 413 7988
2589 414 7987
2588 415 7986
2587 416 7985
2586 417 7984
2585 418 7983
2584 419 7982
2583 420 7981
2582 421 7980
2581 422 7979
2580 423 7978
2579 424 7977
2578 425 7976
2577 426 7975
2576 427 7974
2575 428 7973
2574 429 7972
2573 430 7971
2572 431 7970
2571 432 7969
2570 433 7968
2569 434 7967
2568 435 7966
2567 436 7965
2566 437 7964
2565 438 7963
2564 439 7962
2563 440 7961
2562 441 7960
2561 442 7959
2560 443 7958
2559 444 7957
2558 445 7956
2557 446 7955
2556 447 7954
2555 448 7953
2554 449 7952
2553 450 7951
2552 451 7950
2551 452 7949
2550 453 7948
2549 454 7947
2548 455 7946
2547 456 7945
2546 457 7944
2545 458 7943
2544 459 7942
2543 460 7941
2542 461 7940
2541 462 7939
2540 463 7938
2539 464 7937
2538 465 7936
2537 466 7935
2536 467 7934
2535 468 7933
2534 469 7932
2533 470 7931
2532 471 7930
2531 472 7929
2530 473 7928
2529 474 7927
2528 475 7926
2527 476 7925
2526 477 7924
2525 478 7923
2524 479 7922
2523 480 7921
2522 481 7920
2521 482 7919
2520 483 7918
2519 484 7917
2518 485 7916
2517 486 7915
2516 487 7914
2515 488 7913
2514 489 7912
2513 490 7911
2512 491 7910
2511 492 7909
2510 493 7908
2509 494 7907
2508 495 7906
2507 496 7905
2506 497 7904
2505 498 7903
2504 499 7902
2503 500 7901
2502 501 7900
2501 502 7899
2500 503 7898
2499 504 7897
2498 505 7896
2497 506 7895
2496 507 7894
2495 508 7893
2494 509 7892
2493 510 7891
2492 511 7890
2491 512 7889
2490 513 7888
2489 514 7887
2488 515 7886
2487 516 7885
2486 517 7884
2485 518 7883
2484 519 7882
2483 520 7881
2482 521 7880
2481 522 7879
2480 523 7878
2479 524 7877
2478 525 7876
2477 526 7875
2476 527 7874
2475 528 7873
2474 529 7872
2473 530 7871
2472 531 7870
2471 532 7869
2470 533 7868
2469 534 7867
2468 535 7866
2467 536 7865
2466 537 7864
2465 538 7863
2464 539 7862
2463 540 7861
2462 541 7860
2461 542 7859
2460 543 7858
2459 544 7857
2458 545 7856
2457 546 7855
2456 547 7854
2455 548 7853
2454 549 7852
2453 550 7851
2452 551 7850
2451 552 7849
2450 553 7848
2449 554 7847
2448 555 7846
2447 556 7845
2446 557 7844
2445 558 7843
2444 559 7842
2443 560 7841
2442 561 7840
2441 562 7839
2440 563 7838
2439 564 7837
2438 565 7836
2437 566 7835
2436 567 7834
2435 568 7833
2434 569 7832
2433 570 7831
2432 571 7830
2431 572 7829
2430 573 7828
2429 574 7827
2428 575 7826
2427 576 7825
2426 577 7824
2425 578 7823
2424 579 7822
2423 580 7821
2422 581 7820
2421 582 7819
2420 583 7818
2419 584 7817
2418 585 7816
2417 586 7815
2416 587 7814
2415 588 7813
2414 589 7812
2413 590 7811
2412 591 7810
2411 592 7809
2410 593 7808
2409 594 7807
2408 595 7806
2407 596 7805
2406 597 7804
2405 598 7803
2404 599 7802
2403 600 7801
2402 601 7800
2401 602 7799
2400 603 7798
2399 604 7797
2398 605 7796
2397 606 7795
2396 607 7794
2395 608 7793
2394 609 7792
2393 610 7791
2392 611 7790
2391 612 7789
2390 613 7788
2389 614 7787
2388 615 7786
2387 616 7785
2386 617 7784
2385 618 7783
2384 619 7782
2383 620 7781
2382 621 7780
2381 622 7779
2380 623 7778
2379 624 7777
2378 625 7776
2377 626 7775
2376 627 7774
2375 628 7773
2374 629 7772
2373 630 7771
2372 631 7770
2371 632 7769
2370 633 7768
2369 634 7767
2368 635 7766
2367 636 7765
2366 637 7764
2365 638 7763
2364 639 7762
2363 640 7761
2362 641 7760
2361 642 7759
2360 643 7758
2359 644 7757
2358 645 7756
2357 646 7755
2356 647 7754
2355 648 7753
2354 649 7752
2353 650 7751
2352 651 7750
2351 652 7749
2350 653 7748
2349 654 7747
2348 655 7746
2347 656 7745
2346 657 7744
2345 658 7743
2344 659 7742
2343 660 7741
2342 661 7740
2341 662 7739
2340 663 7738
2339 664 7737
2338 665 7736
2337 666 7735
2336 667 7734
2335 668 7733
2334 669 7732
2333 670 7731
2332 671 7730
2331 672 7729
2330 673 7728
2329 674 7727
2328 675 7726
2327 676 7725
2326 677 7724
2325 678 7723
2324 679 7722
2323 680 7721
2322 681 7720
2321 682 7719
2320 683 7718
2319 684 7717
2318 685 7716
2317 686 7715
2316 687 7714
2315 688 7713
2314 689 7712
2313 690 7711
2312 691 7710
2311 692 7709
2310 693 7708
2309 694 7707
2308 695 7706
2307 696 7705
2306 697 7704
2305 698 7703
2304 699 7702
2303 700 7701
2302 701 7700
2301 702 7699
2300 703 7698
2299 704 7697
2298 705 7696
2297 706 7695
2296 707 7694
2295 708 7693
2294 709 7692
2293 710 7691
2292 711 7690
2291 712 7689
2290 713 7688
2289 714 7687
2288 715 7686
2287 716 7685
2286 717 7684
2285 718 7683
2284 719 7682
2283 720 7681
2282 721 7680
2281 722 7679
2280 723 7678
2279 724 7677
2278 725 7676
2277 726 7675
2276 727 7674
2275 728 7673
2274 729 7672
2273 730 7671
2272 731 7670
2271 732 7669
2270 733 7668
2269 734 7667
2268 735 7666
2267 736 7665
2266 737 7664
2265 738 7663
2264 739 7662
2263 740 7661
2262 741 7660
2261 742 7659
2260 743 7658
2259 744 7657
2258 745 7656
2257 746 7655
2256 747 7654
2255 748 7653
2254 749 7652
2253 750 7651
2252 751 7650
2251 752 7649
2250 753 7648
2249 754 7647
2248 755 7646
2247 756 7645
2246 757 7644
2245 758 7643
2244 759 7642
2243 760 7641
2242 761 7640
2241 762 7639
2240 763 7638
2239 764 7637
2238 765 7636
2237 766 7635
2236 767 7634
2235 768 7633
2234 769 7632
2233 770 7631
2232 771 7630
2231 772 7629
2230 773 7628
2229 774 7627
2228 775 7626
2227 776 7625
2226 777 7624
2225 778 7623
2224 779 7622
2223 780 7621
2222 781 7620
2221 782 7619
2220 783 7618
2219 784 7617
2218 785 7616
2217 786 7615
2216 787 7614
2215 788 7613
2214 789 7612
2213 790 7611
2212 791 7610
2211 792 7609
2210 793 7608
2209 794 7607
2208 795 7606
2207 796 7605
2206 797 7604
2205 798 7603
2204 799 7602
2203 800 7601
2202 801 7600
2201 802 7599
2200 803 7598
2199 804 7597
2198 805 7596
2197 806 7595
2196 807 7594
2195 808 7593
2194 809 7592
2193 810 7591
2192 811 7590
2191 812 7589
2190 813 7588
2189 814 7587
2188 815 7586
2187 816 7585
2186 817 7584
2185 818 7583
2184 819 7582
2183 820 7581
2182 821 7580
2181 822 7579
2180 823 7578
2179 824 7577
2178 825 7576
2177 826 7575
2176 827 7574
2175 828 7573
2174 829 7572
2173 830 7571
2172 831 7570
2171 832 7569
2170 833 7568
2169 834 7567
2168 835 7566
2167 836 7565
2166 837 7564
2165 838 7563
2164 839 7562
2163 840 7561
2162 841 7560
2161 842 7559
2160 843 7558
2159 844 7557
2158 845 7556
2157 846 7555
2156 847 7554
2155 848 7553
2154 849 7552
2153 850 7551
2152 851 7550
2151 852 7549
2150 853 7548
2149 854 7547
2148 855 7546
2147 856 7545
2146 857 7544
2145 858 7543
2144 859 7542
2143 860 7541
2142 861 7540
2141 862 7539
2140 863 7538
2139 864 7537
2138 865 7536
2137 866 7535
2136 867 7534
2135 868 7533
2134 869 7532
2133 870 7531
2132 871 7530
2131 872 7529
2130 873 7528
2129 874 7527
2128 875 7526
2127 876 7525
2126 877 7524
2125 878 7523
2124 879 7522
2123 880 7521
2122 881 7520
2121 882 7519
2120 883 7518
2119 884 7517
2118 885 7516
2117 886 7515
2116 887 7514
2115 888 7513
2114 889 7512
2113 890 7511
2112 891 7510
2111 892 7509
2110 893 7508
2109 894 7507
2108 895 7506
2107 896 7505
2106 897 7504
2105 898 7503
2104 899 7502
2103 900 7501
2102 901 7500
2101 902 7499
2100 903 7498
2099 904 7497
2098 905 7496
2097 906 7495
2096 907 7494
2095 908 7493
2094 909 7492
2093 910 7491
2092 911 7490
2091 912 7489
2090 913 7488
2089 914 7487
2088 915 7486
2087 916 7485
2086 917 7484
2085 918 7483
2084 919 7482
2083 920 7481
2082 921 7480
2081 922 7479
2080 923 7478
2079 924 7477
2078 925 7476
2077 926 7475
2076 927 7474
2075 928 7473
2074 929 7472
2073 930 7471
2072 931 7470
2071 932 7469
2070 933 7468
2069 934 7467
2068 935 7466
2067 936 7465
2066 937 7464
2065 938 7463
2064 939 7462
2063 940 7461
2062 941 7460
2061 942 7459
2060 943 7458
2059 944 7457
2058 945 7456
2057 946 7455
2056 947 7454
2055 948 7453
2054 949 7452
2053 950 7451
2052 951 7450
2051 952 7449
2050 953 7448
2049 954 7447
2048 955 7446
2047 956 7445
2046 957 7444
2045 958 7443
2044 959 7442
2043 960 7441
2042 961 7440
2041 962 7439
2040 963 7438
2039 964 7437
2038 965 7436
2037 966 7435
2036 967 7434
2035 968 7433
2034 969 7432
2033 970 7431
2032 971 7430
2031 972 7429
2030 973 7428
2029 974 7427
2028 975 7426
2027 976 7425
2026 977 7424
2025 978 7423
2024 979 7422
2023 980 7421
2022 981 7420
2021 982 7419
2020 983 7418
2019 984 7417
2018 985 7416
2017 986 7415
2016 987 7414
2015 988 7413
2014 989 7412
2013 990 7411
2012 991 7410
2011 992 7409
2010 993 7408
2009 994 7407
2008 995 7406
2007 996 7405
2006 997 7404
2005 998 7403
2004 999 7402
2003 1000 7401
2002 1001 7400
2001 1002 7399
2000 1003 7398
1999 1004 7397
1998 1005 7396
1997 1006 7395
1996 1007 7394
1995 1008 7393
1994 1009 7392
1993 1010 7391
1992 1011 7390
1991 1012 7389
1990 1013 7388
1989 1014 7387
1988 1015 7386
1987 1016 7385
1986 1017 7384
1985 1018 7383
1984 1019 7382
1983 1020 7381
1982 1021 7380
1981 1022 7379
1980 1023 7378
1979 1024 7377
1978 1025 7376
1977 1026 7375
1976 1027 7374
1975 1028 7373
1974 1029 7372
1973 1030 7371
1972 1031 7370
1971 1032 7369
1970 1033 7368
1969 1034 7367
1968 1035 7366
1967 1036 7365
1966 1037 7364
1965 1038 7363
1964 1039 7362
1963 1040 7361
1962 1041 7360
1961 1042 7359
1960 1043 7358
1959 1044 7357
1958 1045 7356
1957 1046 7355
1956 1047 7354
1955 1048 7353
1954 1049 7352
1953 1050 7351
1952 1051 7350
1951 1052 7349
1950 1053 7348
1949 1054 7347
1948 1055 7346
1947 1056 7345
1946 1057 7344
1945 1058 7343
1944 1059 7342
1943 1060 7341
1942 1061 7340
1941 1062 7339
1940 1063 7338
1939 1064 7337
1938 1065 7336
1937 1066 7335
1936 1067 7334
1935 1068 7333
1934 1069 7332
1933 1070 7331
1932 1071 7330
1931 1072 7329
1930 1073 7328
1929 1074 7327
1928 1075 7326
1927 1076 7325
1926 1077 7324
1925 1078 7323
1924 1079 7322
1923 1080 7321
1922 1081 7320
1921 1082 7319
1920 1083 7318
1919 1084 7317
1918 1085 7316
1917 1086 7315
1916 1087 7314
1915 1088 7313
1914 1089 7312
1913 1090 7311
1912 1091 7310
1911 1092 7309
1910 1093 7308
1909 1094 7307
1908 1095 7306
1907 1096 7305
1906 1097 7304
1905 1098 7303
1904 1099 7302
1903 1100 7301
1902 1101 7300
1901 1102 7299
1900 1103 7298
1899 1104 7297
1898 1105 7296
1897 1106 7295
1896 1107 7294
1895 1108 7293
1894 1109 7292
1893 1110 7291
1892 1111 7290
1891 1112 7289
1890 1113 7288
1889 1114 7287
1888 1115 7286
1887 1116 7285
1886 1117 7284
1885 1118 7283
1884 1119 7282
1883 1120 7281
1882 1121 7280
1881 1122 7279
1880 1123 7278
1879 1124 7277
1878 1125 7276
1877 1126 7275
1876 1127 7274
1875 1128 7273
1874 1129 7272
1873 1130 7271
1872 1131 7270
1871 1132 7269
1870 1133 7268
1869 1134 7267
1868 1135 7266
1867 1136 7265
1866 1137 7264
1865 1138 7263
1864 1139 7262
1863 1140 7261
1862 1141 7260
1861 1142 7259
1860 1143 7258
1859 1144 7257
1858 1145 7256
1857 1146 7255
1856 1147 7254
1855 1148 7253
1854 1149 7252
1853 1150 7251
1852 1151 7250
1851 1152 7249
1850 1153 7248
1849 1154 7247
1848 1155 7246
1847 1156 7245
1846 1157 7244
1845 1158 7243
1844 1159 7242
1843 1160 7241
1842 1161 7240
1841 1162 7239
1840 1163 7238
1839 1164 7237
1838 1165 7236
1837 1166 7235
1836 1167 7234
1835 1168 7233
1834 1169 7232
1833 1170 7231
1832 1171 7230
1831 1172 7229
1830 1173 7228
1829 1174 7227
1828 1175 7226
1827 1176 7225
1826 1177 7224
1825 1178 7223
1824 1179 7222
1823 1180 7221
1822 1181 7220
1821 1182 7219
1820 1183 7218
1819 1184 7217
1818 1185 7216
1817 1186 7215
1816 1187 7214
1815 1188 7213
1814 1189 7212
1813 1190 7211
1812 1191 7210
1811 1192 7209
1810 1193 7208
1809 1194 7207
1808 1195 7206
1807 1196 7205
1806 1197 7204
1805 1198 7203
1804 1199 7202
1803 1200 7201
1802 1201 7200
1801 1202 7199
1800 1203 7198
1799 1204 7197
1798 1205 7196
1797 1206 7195
1796 1207 7194
1795 1208 7193
1794 1209 7192
1793 1210 7191
1792 1211 7190
1791 1212 7189
1790 1213 7188
1789 1214 7187
1788 1215 7186
1787 1216 7185
1786 1217 7184
1785 1218 7183
1784 1219 7182
1783 1220 7181
1782 1221 7180
1781 1222 7179
1780 1223 7178
1779 1224 7177
1778 1225 7176
1777 1226 7175
1776 1227 7174
1775 1228 7173
1774 1229 7172
1773 1230 7171
1772 1231 7170
1771 1232 7169
1770 1233 7168
1769 1234 7167
1768 1235 7166
1767 1236 7165
1766 1237 7164
1765 1238 7163
1764 1239 7162
1763 1240 7161
1762 1241 7160
1761 1242 7159
1760 1243 7158
1759 1244 7157
1758 1245 7156
1757 1246 7155
1756 1247 7154
1755 1248 7153
1754 1249 7152
1753 1250 7151
1752 1251 7150
1751 1252 7149
1750 1253 7148
1749 1254 7147
1748 1255 7146
1747 1256 7145
1746 1257 7144
1745 1258 7143
1744 1259 7142
1743 1260 7141
1742 1261 7140
1741 1262 7139
1740 1263 7138
1739 1264 7137
1738 1265 7136
1737 1266 7135
1736 1267 7134
1735 1268 7133
1734 1269 7132
1733 1270 7131
1732 1271 7130
1731 1272 7129
1730 1273 7128
1729 1274 7127
1728 1275 7126
1727 1276 7125
1726 1277 7124
1725 1278 7123
1724 1279 7122
1723 1280 7121
1722 1281 7120
1721 1282 7119
1720 1283 7118
1719 1284 7117
1718 1285 7116
1717 1286 7115
1716 1287 7114
1715 1288 7113
1714 1289 7112
1713 1290 7111
1712 1291 7110
1711 1292 7109
1710 1293 7108
1709 1294 7107
1708 1295 7106
1707 1296 7105
1706 1297 7104
1705 1298 7103
1704 1299 7102
1703 1300 7101
1702 1301 7100
1701 1302 7099
1700 1303 7098
1699 1304 7097
1698 1305 7096
1697 1306 7095
1696 1307 7094
1695 1308 7093
1694 1309 7092
1693 1310 7091
1692 1311 7090
1691 1312 7089
1690 1313 7088
1689 1314 7087
1688 1315 7086
1687 1316 7085
1686 1317 7084
1685 1318 7083
1684 1319 7082
1683 1320 7081
1682 1321 7080
1681 1322 7079
1680 1323 7078
1679 1324 7077
1678 1325 7076
1677 1326 7075
1676 1327 7074
1675 1328 7073
1674 1329 7072
1673 1330 7071
1672 1331 7070
1671 1332 7069
1670 1333 7068
1669 1334 7067
1668 1335 7066
1667 1336 7065
1666 1337 7064
1665 1338 7063
1664 1339 7062
1663 1340 7061
1662 1341 7060
1661 1342 7059
1660 1343 7058
1659 1344 7057
1658 1345 7056
1657 1346 7055
1656 1347 7054
1655 1348 7053
1654 1349 7052
1653 1350 7051
1652 1351 7050
1651 1352 7049
1650 1353 7048
1649 1354 7047
1648 1355 7046
1647 1356 7045
1646 1357 7044
1645 1358 7043
1644 1359 7042
1643 1360 7041
1642 1361 7040
1641 1362 7039
1640 1363 7038
1639 1364 7037
1638 1365 7036
1637 1366 7035
1636 1367 7034
1635 1368 7033
1634 1369 7032
1633 1370 7031
1632 1371 7030
1631 1372 7029
1630 1373 7028
1629 1374 7027
1628 1375 7026
1627 1376 7025
1626 1377 7024
1625 1378 7023
1624 1379 7022
1623 1380 7021
1622 1381 7020
1621 1382 7019
1620 1383 7018
1619 1384 7017
1618 1385 7016
1617 1386 7015
1616 1387 7014
1615 1388 7013
1614 1389 7012
1613 1390 7011
1612 1391 7010
1611 1392 7009
1610 1393 7008
1609 1394 7007
1608 1395 7006
1607 1396 7005
1606 1397 7004
1605 1398 7003
1604 1399 7002
1603 1400 7001
1602 1401 7000
1601 1402 6999
1600 1403 6998
1599 1404 6997
1598 1405 6996
1597 1406 6995
1596 1407 6994
1595 1408 6993
1594 1409 6992
1593 1410 6991
1592 1411 6990
1591 1412 6989
1590 1413 6988
1589 1414 6987
1588 1415 6986
1587 1416 6985
1586 1417 6984
1585 1418 6983
1584 1419 6982
1583 1420 6981
1582 1421 6980
1581 1422 6979
1580 1423 6978
1579 1424 6977
1578 1425 6976
1577 1426 6975
1576 1427 6974
1575 1428 6973
1574 1429 6972
1573 1430 6971
1572 1431 6970
1571 1432 6969
1570 1433 6968
1569 1434 6967
1568 1435 6966
1567 1436 6965
1566 1437 6964
1565 1438 6963
1564 1439 6962
1563 1440 6961
1562 1441 6960
1561 1442 6959
1560 1443 6958
1559 1444 6957
1558 1445 6956
1557 1446 6955
1556 1447 6954
1555 1448 6953
1554 1449 6952
1553 1450 6951
1552 1451 6950
1551 1452 6949
1550 1453 6948
1549 1454 6947
1548 1455 6946
1547 1456 6945
1546 1457 6944
1545 1458 6943
1544 1459 6942
1543 1460 6941
1542 1461 6940
1541 1462 6939
1540 1463 6938
1539 1464 6937
1538 1465 6936
1537 1466 6935
1536 1467 6934
1535 1468 6933
1534 1469 6932
1533 1470 6931
1532 1471 6930
1531 1472 6929
1530 1473 6928
1529 1474 6927
1528 1475 6926
1527 1476 6925
1526 1477 6924
1525 1478 6923
1524 1479 6922
1523 1480 6921
1522 1481 6920
1521 1482 6919
1520 1483 6918
1519 1484 6917
1518 1485 6916
1517 1486 6915
1516 1487 6914
1515 1488 6913
1514 1489 6912
1513 1490 6911
1512 1491 6910
1511 1492 6909
1510 1493 6908
1509 1494 6907
1508 1495 6906
1507 1496 6905
1506 1497 6904
1505 1498 6903
1504 1499 6902
1503 1500 6901
1502 1501 6900
1501 1502 6899
1500 1503 6898
1499 1504 6897
1498 1505 6896
1497 1506 6895
1496 1507 6894
1495 1508 6893
1494 1509 6892
1493 1510 6891
1492 1511 6890
1491 1512 6889
1490 1513 6888
1489 1514 6887
1488 1515 6886
1487 1516 6885
1486 1517 6884
1485 1518 6883
1484 1519 6882
1483 1520 6881
1482 1521 6880
1481 1522 6879
1480 1523 6878
1479 1524 6877
1478 1525 6876
1477 1526 6875
1476 1527 6874
1475 1528 6873
1474 1529 6872
1473 1530 6871
1472 1531 6870
1471 1532 6869
1470 1533 6868
1469 1534 6867
1468 1535 6866
1467 1536 6865
1466 1537 6864
1465 1538 6863
1464 1539 6862
1463 1540 6861
1462 1541 6860
1461 1542 6859
1460 1543 6858
1459 1544 6857
1458 1545 6856
1457 1546 6855
1456 1547 6854
1455 1548 6853
1454 1549 6852
1453 1550 6851
1452 1551 6850
1451 1552 6849
1450 1553 6848
1449 1554 6847
1448 1555 6846
1447 1556 6845
1446 1557 6844
1445 1558 6843
1444 1559 6842
1443 1560 6841
1442 1561 6840
1441 1562 6839
1440 1563 6838
1439 1564 6837
1438 1565 6836
1437 1566 6835
1436 1567 6834
1435 1568 6833
1434 1569 6832
1433 1570 6831
1432 1571 6830
1431 1572 6829
1430 1573 6828
1429 1574 6827
1428 1575 6826
1427 1576 6825
1426 1577 6824
1425 1578 6823
1424 1579 6822
1423 1580 6821
1422 1581 6820
1421 1582 6819
1420 1583 6818
1419 1584 6817
1418 1585 6816
1417 1586 6815
1416 1587 6814
1415 1588 6813
1414 1589 6812
1413 1590 6811
1412 1591 6810
1411 1592 6809
1410 1593 6808
1409 1594 6807
1408 1595 6806
1407 1596 6805
1406 1597 6804
1405 1598 6803
1404 1599 6802
1403 1600 6801
1402 1601 6800
1401 1602 6799
1400 1603 6798
1399 1604 6797
1398 1605 6796
1397 1606 6795
1396 1607 6794
1395 1608 6793
1394 1609 6792
1393 1610 6791
1392 1611 6790
1391 1612 6789
1390 1613 6788
1389 1614 6787
1388 1615 6786
1387 1616 6785
1386 1617 6784
1385 1618 6783
1384 1619 6782
1383 1620 6781
1382 1621 6780
1381 1622 6779
1380 1623 6778
1379 1624 6777
1378 1625 6776
1377 1626 6775
1376 1627 6774
1375 1628 6773
1374 1629 6772
1373 1630 6771
1372 1631 6770
1371 1632 6769
1370 1633 6768
1369 1634 6767
1368 1635 6766
1367 1636 6765
1366 1637 6764
1365 1638 6763
1364 1639 6762
1363 1640 6761
1362 1641 6760
1361 1642 6759
1360 1643 6758
1359 1644 6757
1358 1645 6756
1357 1646 6755
1356 1647 6754
1355 1648 6753
1354 1649 6752
1353 1650 6751
1352 1651 6750
1351 1652 6749
1350 1653 6748
1349 1654 6747
1348 1655 6746
1347 1656 6745
1346 1657 6744
1345 1658 6743
1344 1659 6742
1343 1660 6741
1342 1661 6740
1341 1662 6739
1340 1663 6738
1339 1664 6737
1338 1665 6736
1337 1666 6735
1336 1667 6734
1335 1668 6733
1334 1669 6732
1333 1670 6731
1332 1671 6730
1331 1672 6729
1330 1673 6728
1329 1674 6727
1328 1675 6726
1327 1676 6725
1326 1677 6724
1325 1678 6723
1324 1679 6722
1323 1680 6721
1322 1681 6720
1321 1682 6719
1320 1683 6718
1319 1684 6717
1318 1685 6716
1317 1686 6715
1316 1687 6714
1315 1688 6713
1314 1689 6712
1313 1690 6711
1312 1691 6710
1311 1692 6709
1310 1693 6708
1309 1694 6707
1308 1695 6706
1307 1696 6705
1306 1697 6704
1305 1698 6703
1304 1699 6702
1303 1700 6701
1302 1701 6700
1301 1702 6699
1300 1703 6698
1299 1704 6697
1298 1705 6696
1297 1706 6695
1296 1707 6694
1295 1708 6693
1294 1709 6692
1293 1710 6691
1292 1711 6690
1291 1712 6689
1290 1713 6688
1289 1714 6687
1288 1715 6686
1287 1716 6685
1286 1717 6684
1285 1718 6683
1284 1719 6682
1283 1720 6681
1282 1721 6680
1281 1722 6679
1280 1723 6678
1279 1724 6677
1278 1725 6676
1277 1726 6675
1276 1727 6674
1275 1728 6673
1274 1729 6672
1273 1730 6671
1272 1731 6670
1271 1732 6669
1270 1733 6668
1269 1734 6667
1268 1735 6666
1267 1736 6665
1266 1737 6664
1265 1738 6663
1264 1739 6662
1263 1740 6661
1262 1741 6660
1261 1742 6659
1260 1743 6658
1259 1744 6657
1258 1745 6656
1257 1746 6655
1256 1747 6654
1255 1748 6653
1254 1749 6652
1253 1750 6651
1252 1751 6650
1251 1752 6649
1250 1753 6648
1249 1754 6647
1248 1755 6646
1247 1756 6645
1246 1757 6644
1245 1758 6643
1244 1759 6642
1243 1760 6641
1242 1761 6640
1241 1762 6639
1240 1763 6638
1239 1764 6637
1238 1765 6636
1237 1766 6635
1236 1767 6634
1235 1768 6633
1234 1769 6632
1233 1770 6631
1232 1771 6630
1231 1772 6629
1230 1773 6628
1229 1774 6627
1228 1775 6626
1227 1776 6625
1226 1777 6624
1225 1778 6623
1224 1779 6622
1223 1780 6621
1222 1781 6620
1221 1782 6619
1220 1783 6618
1219 1784 6617
1218 1785 6616
1217 1786 6615
1216 1787 6614
1215 1788 6613
1214 1789 6612
1213 1790 6611
1212 1791 6610
1211 1792 6609
1210 1793 6608
1209 1794 6607
1208 1795 6606
1207 1796 6605
1206 1797 6604
1205 1798 6603
1204 1799 6602
1203 1800 6601
1202 1801 6600
1201 1802 6599
1200 1803 6598
1199 1804 6597
1198 1805 6596
1197 1806 6595
1196 1807 6594
1195 1808 6593
1194 1809 6592
1193 1810 6591
1192 1811 6590
1191 1812 6589
1190 1813 6588
1189 1814 6587
1188 1815 6586
1187 1816 6585
1186 1817 6584
1185 1818 6583
1184 1819 6582
1183 1820 6581
1182 1821 6580
1181 1822 6579
1180 1823 6578
1179 1824 6577
1178 1825 6576
1177 1826 6575
1176 1827 6574
1175 1828 6573
1174 1829 6572
1173 1830 6571
1172 1831 6570
1171 1832 6569
1170 1833 6568
1169 1834 6567
1168 1835 6566
1167 1836 6565
1166 1837 6564
1165 1838 6563
1164 1839 6562
1163 1840 6561
1162 1841 6560
1161 1842 6559
1160 1843 6558
1159 1844 6557
1158 1845 6556
1157 1846 6555
1156 1847 6554
1155 1848 6553
1154 1849 6552
1153 1850 6551
1152 1851 6550
1151 1852 6549
1150 1853 6548
1149 1854 6547
1148 1855 6546
1147 1856 6545
1146 1857 6544
1145 1858 6543
1144 1859 6542
1143 1860 6541
1142 1861 6540
1141 1862 6539
1140 1863 6538
1139 1864 6537
1138 1865 6536
1137 1866 6535
1136 1867 6534
1135 1868 6533
1134 1869 6532
1133 1870 6531
1132 1871 6530
1131 1872 6529
1130 1873 6528
1129 1874 6527
1128 1875 6526
1127 1876 6525
1126 1877 6524
1125 1878 6523
1124 1879 6522
1123 1880 6521
1122 1881 6520
1121 1882 6519
1120 1883 6518
1119 1884 6517
1118 1885 6516
1117 1886 6515
1116 1887 6514
1115 1888 6513
1114 1889 6512
1113 1890 6511
1112 1891 6510
1111 1892 6509
1110 1893 6508
1109 1894 6507
1108 1895 6506
1107 1896 6505
1106 1897 6504
1105 1898 6503
1104 1899 6502
1103 1900 6501
1102 1901 6500
1101 1902 6499
1100 1903 6498
1099 1904 6497
1098 1905 6496
1097 1906 6495
1096 1907 6494
1095 1908 6493
1094 1909 6492
1093 1910 6491
1092 1911 6490
1091 1912 6489
1090 1913 6488
1089 1914 6487
1088 1915 6486
1087 1916 6485
1086 1917 6484
1085 1918 6483
1084 1919 6482
1083 1920 6481
1082 1921 6480
1081 1922 6479
1080 1923 6478
1079 1924 6477
1078 1925 6476
1077 1926 6475
1076 1927 6474
1075 1928 6473
1074 1929 6472
1073 1930 6471
1072 1931 6470
1071 1932 6469
1070 1933 6468
1069 1934 6467
1068 1935 6466
1067 1936 6465
1066 1937 6464
1065 1938 6463
1064 1939 6462
1063 1940 6461
1062 1941 6460
1061 1942 6459
1060 1943 6458
1059 1944 6457
1058 1945 6456
1057 1946 6455
1056 1947 6454
1055 1948 6453
1054 1949 6452
1053 1950 6451
1052 1951 6450
1051 1952 6449
1050 1953 6448
1049 1954 6447
1048 1955 6446
1047 1956 6445
1046 1957 6444
1045 1958 6443
1044 1959 6442
1043 1960 6441
1042 1961 6440
1041 1962 6439
1040 1963 6438
1039 1964 6437
1038 1965 6436
1037 1966 6435
1036 1967 6434
1035 1968 6433
1034 1969 6432
1033 1970 6431
1032 1971 6430
1031 1972 6429
1030 1973 6428
1029 1974 6427
1028 1975 6426
1027 1976 6425
1026 1977 6424
1025 1978 6423
1024 1979 6422
1023 1980 6421
1022 1981 6420
1021 1982 6419
1020 1983 6418
1019 1984 6417
1018 1985 6416
1017 1986 6415
1016 1987 6414
1015 1988 6413
1014 1989 6412
1013 1990 6411
1012 1991 6410
1011 1992 6409
1010 1993 6408
1009 1994 6407
1008 1995 6406
1007 1996 6405
1006 1997 6404
1005 1998 6403
1004 1999 6402
1003 2000 6401
1002 2001 6400
1001 2002 6399
1000 2003 6398
999 2004 6397
998 2005 6396
997 2006 6395
996 2007 6394
995 2008 6393
994 2009 6392
993 2010 6391
992 2011 6390
991 2012 6389
990 2013 6388
989 2014 6387
988 2015 6386
987 2016 6385
986 2017 6384
985 2018 6383
984 2019 6382
983 2020 6381
982 2021 6380
981 2022 6379
980 2023 6378
979 2024 6377
978 2025 6376
977 2026 6375
976 2027 6374
975 2028 6373
974 2029 6372
973 2030 6371
972 2031 6370
971 2032 6369
970 2033 6368
969 2034 6367
968 2035 6366
967 2036 6365
966 2037 6364
965 2038 6363
964 2039 6362
963 2040 6361
962 2041 6360
961 2042 6359
960 2043 6358
959 2044 6357
958 2045 6356
957 2046 6355
956 2047 6354
955 2048 6353
954 2049 6352
953 2050 6351
952 2051 6350
951 2052 6349
950 2053 6348
949 2054 6347
948 2055 6346
947 2056 6345
946 2057 6344
945 2058 6343
944 2059 6342
943 2060 6341
942 2061 6340
941 2062 6339
940 2063 6338
939 2064 6337
938 2065 6336
937 2066 6335
936 2067 6334
935 2068 6333
934 2069 6332
933 2070 6331
932 2071 6330
931 2072 6329
930 2073 6328
929 2074 6327
928 2075 6326
927 2076 6325
926 2077 6324
925 2078 6323
924 2079 6322
923 2080 6321
922 2081 6320
921 2082 6319
920 2083 6318
919 2084 6317
918 2085 6316
917 2086 6315
916 2087 6314
915 2088 6313
914 2089 6312
913 2090 6311
912 2091 6310
911 2092 6309
910 2093 6308
909 2094 6307
908 2095 6306
907 2096 6305
906 2097 6304
905 2098 6303
904 2099 6302
903 2100 6301
902 2101 6300
901 2102 6299
900 2103 6298
899 2104 6297
898 2105 6296
897 2106 6295
896 2107 6294
895 2108 6293
894 2109 6292
893 2110 6291
892 2111 6290
891 2112 6289
890 2113 6288
889 2114 6287
888 2115 6286
887 2116 6285
886 2117 6284
885 2118 6283
884 2119 6282
883 2120 6281
882 2121 6280
881 2122 6279
880 2123 6278
879 2124 6277
878 2125 6276
877 2126 6275
876 2127 6274
875 2128 6273
874 2129 6272
873 2130 6271
872 2131 6270
871 2132 6269
870 2133 6268
869 2134 6267
868 2135 6266
867 2136 6265
866 2137 6264
865 2138 6263
864 2139 6262
863 2140 6261
862 2141 6260
861 2142 6259
860 2143 6258
859 2144 6257
858 2145 6256
857 2146 6255
856 2147 6254
855 2148 6253
854 2149 6252
853 2150 6251
852 2151 6250
851 2152 6249
850 2153 6248
849 2154 6247
848 2155 6246
847 2156 6245
846 2157 6244
845 2158 6243
844 2159 6242
843 2160 6241
842 2161 6240
841 2162 6239
840 2163 6238
839 2164 6237
838 2165 6236
837 2166 6235
836 2167 6234
835 2168 6233
834 2169 6232
833 2170 6231
832 2171 6230
831 2172 6229
830 2173 6228
829 2174 6227
828 2175 6226
827 2176 6225
826 2177 6224
825 2178 6223
824 2179 6222
823 2180 6221
822 2181 6220
821 2182 6219
820 2183 6218
819 2184 6217
818 2185 6216
817 2186 6215
816 2187 6214
815 2188 6213
814 2189 6212
813 2190 6211
812 2191 6210
811 2192 6209
810 2193 6208
809 2194 6207
808 2195 6206
807 2196 6205
806 2197 6204
805 2198 6203
804 2199 6202
803 2200 6201
802 2201 6200
801 2202 6199
800 2203 6198
799 2204 6197
798 2205 6196
797 2206 6195
796 2207 6194
795 2208 6193
794 2209 6192
793 2210 6191
792 2211 6190
791 2212 6189
790 2213 6188
789 2214 6187
788 2215 6186
787 2216 6185
786 2217 6184
785 2218 6183
784 2219 6182
783 2220 6181
782 2221 6180
781 2222 6179
780 2223 6178
779 2224 6177
778 2225 6176
777 2226 6175
776 2227 6174
775 2228 6173
774 2229 6172
773 2230 6171
772 2231 6170
771 2232 6169
770 2233 6168
769 2234 6167
768 2235 6166
767 2236 6165
766 2237 6164
765 2238 6163
764 2239 6162
763 2240 6161
762 2241 6160
761 2242 6159
760 2243 6158
759 2244 6157
758 2245 6156
757 2246 6155
756 2247 6154
755 2248 6153
754 2249 6152
753 2250 6151
752 2251 6150
751 2252 6149
750 2253 6148
749 2254 6147
748 2255 6146
747 2256 6145
746 2257 6144
745 2258 6143
744 2259 6142
743 2260 6141
742 2261 6140
741 2262 6139
740 2263 6138
739 2264 6137
738 2265 6136
737 2266 6135
736 2267 6134
735 2268 6133
734 2269 6132
733 2270 6131
732 2271 6130
731 2272 6129
730 2273 6128
729 2274 6127
728 2275 6126
727 2276 6125
726 2277 6124
725 2278 6123
724 2279 6122
723 2280 6121
722 2281 6120
721 2282 6119
720 2283 6118
719 2284 6117
718 2285 6116
717 2286 6115
716 2287 6114
715 2288 6113
714 2289 6112
713 2290 6111
712 2291 6110
711 2292 6109
710 2293 6108
709 2294 6107
708 2295 6106
707 2296 6105
706 2297 6104
705 2298 6103
704 2299 6102
703 2300 6101
702 2301 6100
701 2302 6099
700 2303 6098
699 2304 6097
698 2305 6096
697 2306 6095
696 2307 6094
695 2308 6093
694 2309 6092
693 2310 6091
692 2311 6090
691 2312 6089
690 2313 6088
689 2314 6087
688 2315 6086
687 2316 6085
686 2317 6084
685 2318 6083
684 2319 6082
683 2320 6081
682 2321 6080
681 2322 6079
680 2323 6078
679 2324 6077
678 2325 6076
677 2326 6075
676 2327 6074
675 2328 6073
674 2329 6072
673 2330 6071
672 2331 6070
671 2332 6069
670 2333 6068
669 2334 6067
668 2335 6066
667 2336 6065
666 2337 6064
665 2338 6063
664 2339 6062
663 2340 6061
662 2341 6060
661 2342 6059
660 2343 6058
659 2344 6057
658 2345 6056
657 2346 6055
656 2347 6054
655 2348 6053
654 2349 6052
653 2350 6051
652 2351 6050
651 2352 6049
650 2353 6048
649 2354 6047
648 2355 6046
647 2356 6045
646 2357 6044
645 2358 6043
644 2359 6042
643 2360 6041
642 2361 6040
641 2362 6039
640 2363 6038
639 2364 6037
638 2365 6036
637 2366 6035
636 2367 6034
635 2368 6033
634 2369 6032
633 2370 6031
632 2371 6030
631 2372 6029
630 2373 6028
629 2374 6027
628 2375 6026
627 2376 6025
626 2377 6024
625 2378 6023
624 2379 6022
623 2380 6021
622 2381 6020
621 2382 6019
620 2383 6018
619 2384 6017
618 2385 6016
617 2386 6015
616 2387 6014
615 2388 6013
614 2389 6012
613 2390 6011
612 2391 6010
611 2392 6009
610 2393 6008
609 2394 6007
608 2395 6006
607 2396 6005
606 2397 6004
605 2398 6003
604 2399 6002
603 2400 6001
