308
3000 3 6308
2999 4 6307
2998 5 6306
2997 6 6305
2996 7 6304
2995 8 6303
2994 9 6302
2993 10 6301
2992 11 6300
2991 12 6299
2990 13 6298
2989 14 6297
2988 15 6296
2987 16 6295
2986 17 6294
2985 18 6293
2984 19 6292
2983 20 6291
2982 21 6290
2981 22 6289
2980 23 6288
2979 24 6287
2978 25 6286
2977 26 6285
2976 27 6284
2975 28 6283
2974 29 6282
2973 30 6281
2972 31 6280
2971 32 6279
2970 33 6278
2969 34 6277
2968 35 6276
2967 36 6275
2966 37 6274
2965 38 6273
2964 39 6272
2963 40 6271
2962 41 6270
2961 42 6269
2960 43 6268
2959 44 6267
2958 45 6266
2957 46 6265
2956 47 6264
2955 48 6263
2954 49 6262
2953 50 6261
2952 51 6260
2951 52 6259
2950 53 6258
2949 54 6257
2948 55 6256
2947 56 6255
2946 57 6254
2945 58 6253
2944 59 6252
2943 60 6251
2942 61 6250
2941 62 6249
2940 63 6248
2939 64 6247
2938 65 6246
2937 66 6245
2936 67 6244
2935 68 6243
2934 69 6242
2933 70 6241
2932 71 6240
2931 72 6239
2930 73 6238
2929 74 6237
2928 75 6236
2927 76 6235
2926 77 6234
2925 78 6233
2924 79 6232
2923 80 6231
2922 81 6230
2921 82 6229
2920 83 6228
2919 84 6227
2918 85 6226
2917 86 6225
2916 87 6224
2915 88 6223
2914 89 6222
2913 90 6221
2912 91 6220
2911 92 6219
2910 93 6218
2909 94 6217
2908 95 6216
2907 96 6215
2906 97 6214
2905 98 6213
2904 99 6212
2903 100 6211
2902 101 6210
2901 102 6209
2900 103 6208
2899 104 6207
2898 105 6206
2897 106 6205
2896 107 6204
2895 108 6203
2894 109 6202
2893 110 6201
2892 111 6200
2891 112 6199
2890 113 6198
2889 114 6197
2888 115 6196
2887 116 6195
2886 117 6194
2885 118 6193
2884 119 6192
2883 120 6191
2882 121 6190
2881 122 6189
2880 123 6188
2879 124 6187
2878 125 6186
2877 126 6185
2876 127 6184
2875 128 6183
2874 129 6182
2873 130 6181
2872 131 6180
2871 132 6179
2870 133 6178
2869 134 6177
2868 135 6176
2867 136 6175
2866 137 6174
2865 138 6173
2864 139 6172
2863 140 6171
2862 141 6170
2861 142 6169
2860 143 6168
2859 144 6167
2858 145 6166
2857 146 6165
2856 147 6164
2855 148 6163
2854 149 6162
2853 150 6161
2852 151 6160
2851 152 6159
2850 153 6158
2849 154 6157
2848 155 6156
2847 156 6155
2846 157 6154
2845 158 6153
2844 159 6152
2843 160 6151
2842 161 6150
2841 162 6149
2840 163 6148
2839 164 6147
2838 165 6146
2837 166 6145
2836 167 6144
2835 168 6143
2834 169 6142
2833 170 6141
2832 171 6140
2831 172 6139
2830 173 6138
2829 174 6137
2828 175 6136
2827 176 6135
2826 177 6134
2825 178 6133
2824 179 6132
2823 180 6131
2822 181 6130
2821 182 6129
2820 183 6128
2819 184 6127
2818 185 6126
2817 186 6125
2816 187 6124
2815 188 6123
2814 189 6122
2813 190 6121
2812 191 6120
2811 192 6119
2810 193 6118
2809 194 6117
2808 195 6116
2807 196 6115
2806 197 6114
2805 198 6113
2804 199 6112
2803 200 6111
2802 201 6110
2801 202 6109
2800 203 6108
2799 204 6107
2798 205 6106
2797 206 6105
2796 207 6104
2795 208 6103
2794 209 6102
2793 210 6101
2792 211 6100
2791 212 6099
2790 213 6098
2789 214 6097
2788 215 6096
2787 216 6095
2786 217 6094
2785 218 6093
2784 219 6092
2783 220 6091
2782 221 6090
2781 222 6089
2780 223 6088
2779 224 6087
2778 225 6086
2777 226 6085
2776 227 6084
2775 228 6083
2774 229 6082
2773 230 6081
2772 231 6080
2771 232 6079
2770 233 6078
2769 234 6077
2768 235 6076
2767 236 6075
2766 237 6074
2765 238 6073
2764 239 6072
2763 240 6071
2762 241 6070
2761 242 6069
2760 243 6068
2759 244 6067
2758 245 6066
2757 246 6065
2756 247 6064
2755 248 6063
2754 249 6062
2753 250 6061
2752 251 6060
2751 252 6059
2750 253 6058
2749 254 6057
2748 255 6056
2747 256 6055
2746 257 6054
2745 258 6053
2744 259 6052
2743 260 6051
2742 261 6050
2741 262 6049
2740 263 6048
2739 264 6047
2738 265 6046
2737 266 6045
2736 267 6044
2735 268 6043
2734 269 6042
2733 270 6041
2732 271 6040
2731 272 6039
2730 273 6038
2729 274 6037
2728 275 6036
2727 276 6035
2726 277 6034
2725 278 6033
2724 279 6032
2723 280 6031
2722 281 6030
2721 282 6029
2720 283 6028
2719 284 6027
2718 285 6026
2717 286 6025
2716 287 6024
2715 288 6023
2714 289 6022
2713 290 6021
2712 291 6020
2711 292 6019
2710 293 6018
2709 294 6017
2708 295 6016
2707 296 6015
2706 297 6014
2705 298 6013
2704 299 6012
2703 300 6011
2702 301 6010
2701 302 6009
2700 303 6008
2699 304 6007
2698 305 6006
2697 306 6005
2696 307 6004
2695 308 6003
2694 309 6002
2693 310 6001
