1612
3000 3 7612
2999 4 7611
2998 5 7610
2997 6 7609
2996 7 7608
2995 8 7607
2994 9 7606
2993 10 7605
2992 11 7604
2991 12 7603
2990 13 7602
2989 14 7601
2988 15 7600
2987 16 7599
2986 17 7598
2985 18 7597
2984 19 7596
2983 20 7595
2982 21 7594
2981 22 7593
2980 23 7592
2979 24 7591
2978 25 7590
2977 26 7589
2976 27 7588
2975 28 7587
2974 29 7586
2973 30 7585
2972 31 7584
2971 32 7583
2970 33 7582
2969 34 7581
2968 35 7580
2967 36 7579
2966 37 7578
2965 38 7577
2964 39 7576
2963 40 7575
2962 41 7574
2961 42 7573
2960 43 7572
2959 44 7571
2958 45 7570
2957 46 7569
2956 47 7568
2955 48 7567
2954 49 7566
2953 50 7565
2952 51 7564
2951 52 7563
2950 53 7562
2949 54 7561
2948 55 7560
2947 56 7559
2946 57 7558
2945 58 7557
2944 59 7556
2943 60 7555
2942 61 7554
2941 62 7553
2940 63 7552
2939 64 7551
2938 65 7550
2937 66 7549
2936 67 7548
2935 68 7547
2934 69 7546
2933 70 7545
2932 71 7544
2931 72 7543
2930 73 7542
2929 74 7541
2928 75 7540
2927 76 7539
2926 77 7538
2925 78 7537
2924 79 7536
2923 80 7535
2922 81 7534
2921 82 7533
2920 83 7532
2919 84 7531
2918 85 7530
2917 86 7529
2916 87 7528
2915 88 7527
2914 89 7526
2913 90 7525
2912 91 7524
2911 92 7523
2910 93 7522
2909 94 7521
2908 95 7520
2907 96 7519
2906 97 7518
2905 98 7517
2904 99 7516
2903 100 7515
2902 101 7514
2901 102 7513
2900 103 7512
2899 104 7511
2898 105 7510
2897 106 7509
2896 107 7508
2895 108 7507
2894 109 7506
2893 110 7505
2892 111 7504
2891 112 7503
2890 113 7502
2889 114 7501
2888 115 7500
2887 116 7499
2886 117 7498
2885 118 7497
2884 119 7496
2883 120 7495
2882 121 7494
2881 122 7493
2880 123 7492
2879 124 7491
2878 125 7490
2877 126 7489
2876 127 7488
2875 128 7487
2874 129 7486
2873 130 7485
2872 131 7484
2871 132 7483
2870 133 7482
2869 134 7481
2868 135 7480
2867 136 7479
2866 137 7478
2865 138 7477
2864 139 7476
2863 140 7475
2862 141 7474
2861 142 7473
2860 143 7472
2859 144 7471
2858 145 7470
2857 146 7469
2856 147 7468
2855 148 7467
2854 149 7466
2853 150 7465
2852 151 7464
2851 152 7463
2850 153 7462
2849 154 7461
2848 155 7460
2847 156 7459
2846 157 7458
2845 158 7457
2844 159 7456
2843 160 7455
2842 161 7454
2841 162 7453
2840 163 7452
2839 164 7451
2838 165 7450
2837 166 7449
2836 167 7448
2835 168 7447
2834 169 7446
2833 170 7445
2832 171 7444
2831 172 7443
2830 173 7442
2829 174 7441
2828 175 7440
2827 176 7439
2826 177 7438
2825 178 7437
2824 179 7436
2823 180 7435
2822 181 7434
2821 182 7433
2820 183 7432
2819 184 7431
2818 185 7430
2817 186 7429
2816 187 7428
2815 188 7427
2814 189 7426
2813 190 7425
2812 191 7424
2811 192 7423
2810 193 7422
2809 194 7421
2808 195 7420
2807 196 7419
2806 197 7418
2805 198 7417
2804 199 7416
2803 200 7415
2802 201 7414
2801 202 7413
2800 203 7412
2799 204 7411
2798 205 7410
2797 206 7409
2796 207 7408
2795 208 7407
2794 209 7406
2793 210 7405
2792 211 7404
2791 212 7403
2790 213 7402
2789 214 7401
2788 215 7400
2787 216 7399
2786 217 7398
2785 218 7397
2784 219 7396
2783 220 7395
2782 221 7394
2781 222 7393
2780 223 7392
2779 224 7391
2778 225 7390
2777 226 7389
2776 227 7388
2775 228 7387
2774 229 7386
2773 230 7385
2772 231 7384
2771 232 7383
2770 233 7382
2769 234 7381
2768 235 7380
2767 236 7379
2766 237 7378
2765 238 7377
2764 239 7376
2763 240 7375
2762 241 7374
2761 242 7373
2760 243 7372
2759 244 7371
2758 245 7370
2757 246 7369
2756 247 7368
2755 248 7367
2754 249 7366
2753 250 7365
2752 251 7364
2751 252 7363
2750 253 7362
2749 254 7361
2748 255 7360
2747 256 7359
2746 257 7358
2745 258 7357
2744 259 7356
2743 260 7355
2742 261 7354
2741 262 7353
2740 263 7352
2739 264 7351
2738 265 7350
2737 266 7349
2736 267 7348
2735 268 7347
2734 269 7346
2733 270 7345
2732 271 7344
2731 272 7343
2730 273 7342
2729 274 7341
2728 275 7340
2727 276 7339
2726 277 7338
2725 278 7337
2724 279 7336
2723 280 7335
2722 281 7334
2721 282 7333
2720 283 7332
2719 284 7331
2718 285 7330
2717 286 7329
2716 287 7328
2715 288 7327
2714 289 7326
2713 290 7325
2712 291 7324
2711 292 7323
2710 293 7322
2709 294 7321
2708 295 7320
2707 296 7319
2706 297 7318
2705 298 7317
2704 299 7316
2703 300 7315
2702 301 7314
2701 302 7313
2700 303 7312
2699 304 7311
2698 305 7310
2697 306 7309
2696 307 7308
2695 308 7307
2694 309 7306
2693 310 7305
2692 311 7304
2691 312 7303
2690 313 7302
2689 314 7301
2688 315 7300
2687 316 7299
2686 317 7298
2685 318 7297
2684 319 7296
2683 320 7295
2682 321 7294
2681 322 7293
2680 323 7292
2679 324 7291
2678 325 7290
2677 326 7289
2676 327 7288
2675 328 7287
2674 329 7286
2673 330 7285
2672 331 7284
2671 332 7283
2670 333 7282
2669 334 7281
2668 335 7280
2667 336 7279
2666 337 7278
2665 338 7277
2664 339 7276
2663 340 7275
2662 341 7274
2661 342 7273
2660 343 7272
2659 344 7271
2658 345 7270
2657 346 7269
2656 347 7268
2655 348 7267
2654 349 7266
2653 350 7265
2652 351 7264
2651 352 7263
2650 353 7262
2649 354 7261
2648 355 7260
2647 356 7259
2646 357 7258
2645 358 7257
2644 359 7256
2643 360 7255
2642 361 7254
2641 362 7253
2640 363 7252
2639 364 7251
2638 365 7250
2637 366 7249
2636 367 7248
2635 368 7247
2634 369 7246
2633 370 7245
2632 371 7244
2631 372 7243
2630 373 7242
2629 374 7241
2628 375 7240
2627 376 7239
2626 377 7238
2625 378 7237
2624 379 7236
2623 380 7235
2622 381 7234
2621 382 7233
2620 383 7232
2619 384 7231
2618 385 7230
2617 386 7229
2616 387 7228
2615 388 7227
2614 389 7226
2613 390 7225
2612 391 7224
2611 392 7223
2610 393 7222
2609 394 7221
2608 395 7220
2607 396 7219
2606 397 7218
2605 398 7217
2604 399 7216
2603 400 7215
2602 401 7214
2601 402 7213
2600 403 7212
2599 404 7211
2598 405 7210
2597 406 7209
2596 407 7208
2595 408 7207
2594 409 7206
2593 410 7205
2592 411 7204
2591 412 7203
2590 413 7202
2589 414 7201
2588 415 7200
2587 416 7199
2586 417 7198
2585 418 7197
2584 419 7196
2583 420 7195
2582 421 7194
2581 422 7193
2580 423 7192
2579 424 7191
2578 425 7190
2577 426 7189
2576 427 7188
2575 428 7187
2574 429 7186
2573 430 7185
2572 431 7184
2571 432 7183
2570 433 7182
2569 434 7181
2568 435 7180
2567 436 7179
2566 437 7178
2565 438 7177
2564 439 7176
2563 440 7175
2562 441 7174
2561 442 7173
2560 443 7172
2559 444 7171
2558 445 7170
2557 446 7169
2556 447 7168
2555 448 7167
2554 449 7166
2553 450 7165
2552 451 7164
2551 452 7163
2550 453 7162
2549 454 7161
2548 455 7160
2547 456 7159
2546 457 7158
2545 458 7157
2544 459 7156
2543 460 7155
2542 461 7154
2541 462 7153
2540 463 7152
2539 464 7151
2538 465 7150
2537 466 7149
2536 467 7148
2535 468 7147
2534 469 7146
2533 470 7145
2532 471 7144
2531 472 7143
2530 473 7142
2529 474 7141
2528 475 7140
2527 476 7139
2526 477 7138
2525 478 7137
2524 479 7136
2523 480 7135
2522 481 7134
2521 482 7133
2520 483 7132
2519 484 7131
2518 485 7130
2517 486 7129
2516 487 7128
2515 488 7127
2514 489 7126
2513 490 7125
2512 491 7124
2511 492 7123
2510 493 7122
2509 494 7121
2508 495 7120
2507 496 7119
2506 497 7118
2505 498 7117
2504 499 7116
2503 500 7115
2502 501 7114
2501 502 7113
2500 503 7112
2499 504 7111
2498 505 7110
2497 506 7109
2496 507 7108
2495 508 7107
2494 509 7106
2493 510 7105
2492 511 7104
2491 512 7103
2490 513 7102
2489 514 7101
2488 515 7100
2487 516 7099
2486 517 7098
2485 518 7097
2484 519 7096
2483 520 7095
2482 521 7094
2481 522 7093
2480 523 7092
2479 524 7091
2478 525 7090
2477 526 7089
2476 527 7088
2475 528 7087
2474 529 7086
2473 530 7085
2472 531 7084
2471 532 7083
2470 533 7082
2469 534 7081
2468 535 7080
2467 536 7079
2466 537 7078
2465 538 7077
2464 539 7076
2463 540 7075
2462 541 7074
2461 542 7073
2460 543 7072
2459 544 7071
2458 545 7070
2457 546 7069
2456 547 7068
2455 548 7067
2454 549 7066
2453 550 7065
2452 551 7064
2451 552 7063
2450 553 7062
2449 554 7061
2448 555 7060
2447 556 7059
2446 557 7058
2445 558 7057
2444 559 7056
2443 560 7055
2442 561 7054
2441 562 7053
2440 563 7052
2439 564 7051
2438 565 7050
2437 566 7049
2436 567 7048
2435 568 7047
2434 569 7046
2433 570 7045
2432 571 7044
2431 572 7043
2430 573 7042
2429 574 7041
2428 575 7040
2427 576 7039
2426 577 7038
2425 578 7037
2424 579 7036
2423 580 7035
2422 581 7034
2421 582 7033
2420 583 7032
2419 584 7031
2418 585 7030
2417 586 7029
2416 587 7028
2415 588 7027
2414 589 7026
2413 590 7025
2412 591 7024
2411 592 7023
2410 593 7022
2409 594 7021
2408 595 7020
2407 596 7019
2406 597 7018
2405 598 7017
2404 599 7016
2403 600 7015
2402 601 7014
2401 602 7013
2400 603 7012
2399 604 7011
2398 605 7010
2397 606 7009
2396 607 7008
2395 608 7007
2394 609 7006
2393 610 7005
2392 611 7004
2391 612 7003
2390 613 7002
2389 614 7001
2388 615 7000
2387 616 6999
2386 617 6998
2385 618 6997
2384 619 6996
2383 620 6995
2382 621 6994
2381 622 6993
2380 623 6992
2379 624 6991
2378 625 6990
2377 626 6989
2376 627 6988
2375 628 6987
2374 629 6986
2373 630 6985
2372 631 6984
2371 632 6983
2370 633 6982
2369 634 6981
2368 635 6980
2367 636 6979
2366 637 6978
2365 638 6977
2364 639 6976
2363 640 6975
2362 641 6974
2361 642 6973
2360 643 6972
2359 644 6971
2358 645 6970
2357 646 6969
2356 647 6968
2355 648 6967
2354 649 6966
2353 650 6965
2352 651 6964
2351 652 6963
2350 653 6962
2349 654 6961
2348 655 6960
2347 656 6959
2346 657 6958
2345 658 6957
2344 659 6956
2343 660 6955
2342 661 6954
2341 662 6953
2340 663 6952
2339 664 6951
2338 665 6950
2337 666 6949
2336 667 6948
2335 668 6947
2334 669 6946
2333 670 6945
2332 671 6944
2331 672 6943
2330 673 6942
2329 674 6941
2328 675 6940
2327 676 6939
2326 677 6938
2325 678 6937
2324 679 6936
2323 680 6935
2322 681 6934
2321 682 6933
2320 683 6932
2319 684 6931
2318 685 6930
2317 686 6929
2316 687 6928
2315 688 6927
2314 689 6926
2313 690 6925
2312 691 6924
2311 692 6923
2310 693 6922
2309 694 6921
2308 695 6920
2307 696 6919
2306 697 6918
2305 698 6917
2304 699 6916
2303 700 6915
2302 701 6914
2301 702 6913
2300 703 6912
2299 704 6911
2298 705 6910
2297 706 6909
2296 707 6908
2295 708 6907
2294 709 6906
2293 710 6905
2292 711 6904
2291 712 6903
2290 713 6902
2289 714 6901
2288 715 6900
2287 716 6899
2286 717 6898
2285 718 6897
2284 719 6896
2283 720 6895
2282 721 6894
2281 722 6893
2280 723 6892
2279 724 6891
2278 725 6890
2277 726 6889
2276 727 6888
2275 728 6887
2274 729 6886
2273 730 6885
2272 731 6884
2271 732 6883
2270 733 6882
2269 734 6881
2268 735 6880
2267 736 6879
2266 737 6878
2265 738 6877
2264 739 6876
2263 740 6875
2262 741 6874
2261 742 6873
2260 743 6872
2259 744 6871
2258 745 6870
2257 746 6869
2256 747 6868
2255 748 6867
2254 749 6866
2253 750 6865
2252 751 6864
2251 752 6863
2250 753 6862
2249 754 6861
2248 755 6860
2247 756 6859
2246 757 6858
2245 758 6857
2244 759 6856
2243 760 6855
2242 761 6854
2241 762 6853
2240 763 6852
2239 764 6851
2238 765 6850
2237 766 6849
2236 767 6848
2235 768 6847
2234 769 6846
2233 770 6845
2232 771 6844
2231 772 6843
2230 773 6842
2229 774 6841
2228 775 6840
2227 776 6839
2226 777 6838
2225 778 6837
2224 779 6836
2223 780 6835
2222 781 6834
2221 782 6833
2220 783 6832
2219 784 6831
2218 785 6830
2217 786 6829
2216 787 6828
2215 788 6827
2214 789 6826
2213 790 6825
2212 791 6824
2211 792 6823
2210 793 6822
2209 794 6821
2208 795 6820
2207 796 6819
2206 797 6818
2205 798 6817
2204 799 6816
2203 800 6815
2202 801 6814
2201 802 6813
2200 803 6812
2199 804 6811
2198 805 6810
2197 806 6809
2196 807 6808
2195 808 6807
2194 809 6806
2193 810 6805
2192 811 6804
2191 812 6803
2190 813 6802
2189 814 6801
2188 815 6800
2187 816 6799
2186 817 6798
2185 818 6797
2184 819 6796
2183 820 6795
2182 821 6794
2181 822 6793
2180 823 6792
2179 824 6791
2178 825 6790
2177 826 6789
2176 827 6788
2175 828 6787
2174 829 6786
2173 830 6785
2172 831 6784
2171 832 6783
2170 833 6782
2169 834 6781
2168 835 6780
2167 836 6779
2166 837 6778
2165 838 6777
2164 839 6776
2163 840 6775
2162 841 6774
2161 842 6773
2160 843 6772
2159 844 6771
2158 845 6770
2157 846 6769
2156 847 6768
2155 848 6767
2154 849 6766
2153 850 6765
2152 851 6764
2151 852 6763
2150 853 6762
2149 854 6761
2148 855 6760
2147 856 6759
2146 857 6758
2145 858 6757
2144 859 6756
2143 860 6755
2142 861 6754
2141 862 6753
2140 863 6752
2139 864 6751
2138 865 6750
2137 866 6749
2136 867 6748
2135 868 6747
2134 869 6746
2133 870 6745
2132 871 6744
2131 872 6743
2130 873 6742
2129 874 6741
2128 875 6740
2127 876 6739
2126 877 6738
2125 878 6737
2124 879 6736
2123 880 6735
2122 881 6734
2121 882 6733
2120 883 6732
2119 884 6731
2118 885 6730
2117 886 6729
2116 887 6728
2115 888 6727
2114 889 6726
2113 890 6725
2112 891 6724
2111 892 6723
2110 893 6722
2109 894 6721
2108 895 6720
2107 896 6719
2106 897 6718
2105 898 6717
2104 899 6716
2103 900 6715
2102 901 6714
2101 902 6713
2100 903 6712
2099 904 6711
2098 905 6710
2097 906 6709
2096 907 6708
2095 908 6707
2094 909 6706
2093 910 6705
2092 911 6704
2091 912 6703
2090 913 6702
2089 914 6701
2088 915 6700
2087 916 6699
2086 917 6698
2085 918 6697
2084 919 6696
2083 920 6695
2082 921 6694
2081 922 6693
2080 923 6692
2079 924 6691
2078 925 6690
2077 926 6689
2076 927 6688
2075 928 6687
2074 929 6686
2073 930 6685
2072 931 6684
2071 932 6683
2070 933 6682
2069 934 6681
2068 935 6680
2067 936 6679
2066 937 6678
2065 938 6677
2064 939 6676
2063 940 6675
2062 941 6674
2061 942 6673
2060 943 6672
2059 944 6671
2058 945 6670
2057 946 6669
2056 947 6668
2055 948 6667
2054 949 6666
2053 950 6665
2052 951 6664
2051 952 6663
2050 953 6662
2049 954 6661
2048 955 6660
2047 956 6659
2046 957 6658
2045 958 6657
2044 959 6656
2043 960 6655
2042 961 6654
2041 962 6653
2040 963 6652
2039 964 6651
2038 965 6650
2037 966 6649
2036 967 6648
2035 968 6647
2034 969 6646
2033 970 6645
2032 971 6644
2031 972 6643
2030 973 6642
2029 974 6641
2028 975 6640
2027 976 6639
2026 977 6638
2025 978 6637
2024 979 6636
2023 980 6635
2022 981 6634
2021 982 6633
2020 983 6632
2019 984 6631
2018 985 6630
2017 986 6629
2016 987 6628
2015 988 6627
2014 989 6626
2013 990 6625
2012 991 6624
2011 992 6623
2010 993 6622
2009 994 6621
2008 995 6620
2007 996 6619
2006 997 6618
2005 998 6617
2004 999 6616
2003 1000 6615
2002 1001 6614
2001 1002 6613
2000 1003 6612
1999 1004 6611
1998 1005 6610
1997 1006 6609
1996 1007 6608
1995 1008 6607
1994 1009 6606
1993 1010 6605
1992 1011 6604
1991 1012 6603
1990 1013 6602
1989 1014 6601
1988 1015 6600
1987 1016 6599
1986 1017 6598
1985 1018 6597
1984 1019 6596
1983 1020 6595
1982 1021 6594
1981 1022 6593
1980 1023 6592
1979 1024 6591
1978 1025 6590
1977 1026 6589
1976 1027 6588
1975 1028 6587
1974 1029 6586
1973 1030 6585
1972 1031 6584
1971 1032 6583
1970 1033 6582
1969 1034 6581
1968 1035 6580
1967 1036 6579
1966 1037 6578
1965 1038 6577
1964 1039 6576
1963 1040 6575
1962 1041 6574
1961 1042 6573
1960 1043 6572
1959 1044 6571
1958 1045 6570
1957 1046 6569
1956 1047 6568
1955 1048 6567
1954 1049 6566
1953 1050 6565
1952 1051 6564
1951 1052 6563
1950 1053 6562
1949 1054 6561
1948 1055 6560
1947 1056 6559
1946 1057 6558
1945 1058 6557
1944 1059 6556
1943 1060 6555
1942 1061 6554
1941 1062 6553
1940 1063 6552
1939 1064 6551
1938 1065 6550
1937 1066 6549
1936 1067 6548
1935 1068 6547
1934 1069 6546
1933 1070 6545
1932 1071 6544
1931 1072 6543
1930 1073 6542
1929 1074 6541
1928 1075 6540
1927 1076 6539
1926 1077 6538
1925 1078 6537
1924 1079 6536
1923 1080 6535
1922 1081 6534
1921 1082 6533
1920 1083 6532
1919 1084 6531
1918 1085 6530
1917 1086 6529
1916 1087 6528
1915 1088 6527
1914 1089 6526
1913 1090 6525
1912 1091 6524
1911 1092 6523
1910 1093 6522
1909 1094 6521
1908 1095 6520
1907 1096 6519
1906 1097 6518
1905 1098 6517
1904 1099 6516
1903 1100 6515
1902 1101 6514
1901 1102 6513
1900 1103 6512
1899 1104 6511
1898 1105 6510
1897 1106 6509
1896 1107 6508
1895 1108 6507
1894 1109 6506
1893 1110 6505
1892 1111 6504
1891 1112 6503
1890 1113 6502
1889 1114 6501
1888 1115 6500
1887 1116 6499
1886 1117 6498
1885 1118 6497
1884 1119 6496
1883 1120 6495
1882 1121 6494
1881 1122 6493
1880 1123 6492
1879 1124 6491
1878 1125 6490
1877 1126 6489
1876 1127 6488
1875 1128 6487
1874 1129 6486
1873 1130 6485
1872 1131 6484
1871 1132 6483
1870 1133 6482
1869 1134 6481
1868 1135 6480
1867 1136 6479
1866 1137 6478
1865 1138 6477
1864 1139 6476
1863 1140 6475
1862 1141 6474
1861 1142 6473
1860 1143 6472
1859 1144 6471
1858 1145 6470
1857 1146 6469
1856 1147 6468
1855 1148 6467
1854 1149 6466
1853 1150 6465
1852 1151 6464
1851 1152 6463
1850 1153 6462
1849 1154 6461
1848 1155 6460
1847 1156 6459
1846 1157 6458
1845 1158 6457
1844 1159 6456
1843 1160 6455
1842 1161 6454
1841 1162 6453
1840 1163 6452
1839 1164 6451
1838 1165 6450
1837 1166 6449
1836 1167 6448
1835 1168 6447
1834 1169 6446
1833 1170 6445
1832 1171 6444
1831 1172 6443
1830 1173 6442
1829 1174 6441
1828 1175 6440
1827 1176 6439
1826 1177 6438
1825 1178 6437
1824 1179 6436
1823 1180 6435
1822 1181 6434
1821 1182 6433
1820 1183 6432
1819 1184 6431
1818 1185 6430
1817 1186 6429
1816 1187 6428
1815 1188 6427
1814 1189 6426
1813 1190 6425
1812 1191 6424
1811 1192 6423
1810 1193 6422
1809 1194 6421
1808 1195 6420
1807 1196 6419
1806 1197 6418
1805 1198 6417
1804 1199 6416
1803 1200 6415
1802 1201 6414
1801 1202 6413
1800 1203 6412
1799 1204 6411
1798 1205 6410
1797 1206 6409
1796 1207 6408
1795 1208 6407
1794 1209 6406
1793 1210 6405
1792 1211 6404
1791 1212 6403
1790 1213 6402
1789 1214 6401
1788 1215 6400
1787 1216 6399
1786 1217 6398
1785 1218 6397
1784 1219 6396
1783 1220 6395
1782 1221 6394
1781 1222 6393
1780 1223 6392
1779 1224 6391
1778 1225 6390
1777 1226 6389
1776 1227 6388
1775 1228 6387
1774 1229 6386
1773 1230 6385
1772 1231 6384
1771 1232 6383
1770 1233 6382
1769 1234 6381
1768 1235 6380
1767 1236 6379
1766 1237 6378
1765 1238 6377
1764 1239 6376
1763 1240 6375
1762 1241 6374
1761 1242 6373
1760 1243 6372
1759 1244 6371
1758 1245 6370
1757 1246 6369
1756 1247 6368
1755 1248 6367
1754 1249 6366
1753 1250 6365
1752 1251 6364
1751 1252 6363
1750 1253 6362
1749 1254 6361
1748 1255 6360
1747 1256 6359
1746 1257 6358
1745 1258 6357
1744 1259 6356
1743 1260 6355
1742 1261 6354
1741 1262 6353
1740 1263 6352
1739 1264 6351
1738 1265 6350
1737 1266 6349
1736 1267 6348
1735 1268 6347
1734 1269 6346
1733 1270 6345
1732 1271 6344
1731 1272 6343
1730 1273 6342
1729 1274 6341
1728 1275 6340
1727 1276 6339
1726 1277 6338
1725 1278 6337
1724 1279 6336
1723 1280 6335
1722 1281 6334
1721 1282 6333
1720 1283 6332
1719 1284 6331
1718 1285 6330
1717 1286 6329
1716 1287 6328
1715 1288 6327
1714 1289 6326
1713 1290 6325
1712 1291 6324
1711 1292 6323
1710 1293 6322
1709 1294 6321
1708 1295 6320
1707 1296 6319
1706 1297 6318
1705 1298 6317
1704 1299 6316
1703 1300 6315
1702 1301 6314
1701 1302 6313
1700 1303 6312
1699 1304 6311
1698 1305 6310
1697 1306 6309
1696 1307 6308
1695 1308 6307
1694 1309 6306
1693 1310 6305
1692 1311 6304
1691 1312 6303
1690 1313 6302
1689 1314 6301
1688 1315 6300
1687 1316 6299
1686 1317 6298
1685 1318 6297
1684 1319 6296
1683 1320 6295
1682 1321 6294
1681 1322 6293
1680 1323 6292
1679 1324 6291
1678 1325 6290
1677 1326 6289
1676 1327 6288
1675 1328 6287
1674 1329 6286
1673 1330 6285
1672 1331 6284
1671 1332 6283
1670 1333 6282
1669 1334 6281
1668 1335 6280
1667 1336 6279
1666 1337 6278
1665 1338 6277
1664 1339 6276
1663 1340 6275
1662 1341 6274
1661 1342 6273
1660 1343 6272
1659 1344 6271
1658 1345 6270
1657 1346 6269
1656 1347 6268
1655 1348 6267
1654 1349 6266
1653 1350 6265
1652 1351 6264
1651 1352 6263
1650 1353 6262
1649 1354 6261
1648 1355 6260
1647 1356 6259
1646 1357 6258
1645 1358 6257
1644 1359 6256
1643 1360 6255
1642 1361 6254
1641 1362 6253
1640 1363 6252
1639 1364 6251
1638 1365 6250
1637 1366 6249
1636 1367 6248
1635 1368 6247
1634 1369 6246
1633 1370 6245
1632 1371 6244
1631 1372 6243
1630 1373 6242
1629 1374 6241
1628 1375 6240
1627 1376 6239
1626 1377 6238
1625 1378 6237
1624 1379 6236
1623 1380 6235
1622 1381 6234
1621 1382 6233
1620 1383 6232
1619 1384 6231
1618 1385 6230
1617 1386 6229
1616 1387 6228
1615 1388 6227
1614 1389 6226
1613 1390 6225
1612 1391 6224
1611 1392 6223
1610 1393 6222
1609 1394 6221
1608 1395 6220
1607 1396 6219
1606 1397 6218
1605 1398 6217
1604 1399 6216
1603 1400 6215
1602 1401 6214
1601 1402 6213
1600 1403 6212
1599 1404 6211
1598 1405 6210
1597 1406 6209
1596 1407 6208
1595 1408 6207
1594 1409 6206
1593 1410 6205
1592 1411 6204
1591 1412 6203
1590 1413 6202
1589 1414 6201
1588 1415 6200
1587 1416 6199
1586 1417 6198
1585 1418 6197
1584 1419 6196
1583 1420 6195
1582 1421 6194
1581 1422 6193
1580 1423 6192
1579 1424 6191
1578 1425 6190
1577 1426 6189
1576 1427 6188
1575 1428 6187
1574 1429 6186
1573 1430 6185
1572 1431 6184
1571 1432 6183
1570 1433 6182
1569 1434 6181
1568 1435 6180
1567 1436 6179
1566 1437 6178
1565 1438 6177
1564 1439 6176
1563 1440 6175
1562 1441 6174
1561 1442 6173
1560 1443 6172
1559 1444 6171
1558 1445 6170
1557 1446 6169
1556 1447 6168
1555 1448 6167
1554 1449 6166
1553 1450 6165
1552 1451 6164
1551 1452 6163
1550 1453 6162
1549 1454 6161
1548 1455 6160
1547 1456 6159
1546 1457 6158
1545 1458 6157
1544 1459 6156
1543 1460 6155
1542 1461 6154
1541 1462 6153
1540 1463 6152
1539 1464 6151
1538 1465 6150
1537 1466 6149
1536 1467 6148
1535 1468 6147
1534 1469 6146
1533 1470 6145
1532 1471 6144
1531 1472 6143
1530 1473 6142
1529 1474 6141
1528 1475 6140
1527 1476 6139
1526 1477 6138
1525 1478 6137
1524 1479 6136
1523 1480 6135
1522 1481 6134
1521 1482 6133
1520 1483 6132
1519 1484 6131
1518 1485 6130
1517 1486 6129
1516 1487 6128
1515 1488 6127
1514 1489 6126
1513 1490 6125
1512 1491 6124
1511 1492 6123
1510 1493 6122
1509 1494 6121
1508 1495 6120
1507 1496 6119
1506 1497 6118
1505 1498 6117
1504 1499 6116
1503 1500 6115
1502 1501 6114
1501 1502 6113
1500 1503 6112
1499 1504 6111
1498 1505 6110
1497 1506 6109
1496 1507 6108
1495 1508 6107
1494 1509 6106
1493 1510 6105
1492 1511 6104
1491 1512 6103
1490 1513 6102
1489 1514 6101
1488 1515 6100
1487 1516 6099
1486 1517 6098
1485 1518 6097
1484 1519 6096
1483 1520 6095
1482 1521 6094
1481 1522 6093
1480 1523 6092
1479 1524 6091
1478 1525 6090
1477 1526 6089
1476 1527 6088
1475 1528 6087
1474 1529 6086
1473 1530 6085
1472 1531 6084
1471 1532 6083
1470 1533 6082
1469 1534 6081
1468 1535 6080
1467 1536 6079
1466 1537 6078
1465 1538 6077
1464 1539 6076
1463 1540 6075
1462 1541 6074
1461 1542 6073
1460 1543 6072
1459 1544 6071
1458 1545 6070
1457 1546 6069
1456 1547 6068
1455 1548 6067
1454 1549 6066
1453 1550 6065
1452 1551 6064
1451 1552 6063
1450 1553 6062
1449 1554 6061
1448 1555 6060
1447 1556 6059
1446 1557 6058
1445 1558 6057
1444 1559 6056
1443 1560 6055
1442 1561 6054
1441 1562 6053
1440 1563 6052
1439 1564 6051
1438 1565 6050
1437 1566 6049
1436 1567 6048
1435 1568 6047
1434 1569 6046
1433 1570 6045
1432 1571 6044
1431 1572 6043
1430 1573 6042
1429 1574 6041
1428 1575 6040
1427 1576 6039
1426 1577 6038
1425 1578 6037
1424 1579 6036
1423 1580 6035
1422 1581 6034
1421 1582 6033
1420 1583 6032
1419 1584 6031
1418 1585 6030
1417 1586 6029
1416 1587 6028
1415 1588 6027
1414 1589 6026
1413 1590 6025
1412 1591 6024
1411 1592 6023
1410 1593 6022
1409 1594 6021
1408 1595 6020
1407 1596 6019
1406 1597 6018
1405 1598 6017
1404 1599 6016
1403 1600 6015
1402 1601 6014
1401 1602 6013
1400 1603 6012
1399 1604 6011
1398 1605 6010
1397 1606 6009
1396 1607 6008
1395 1608 6007
1394 1609 6006
1393 1610 6005
1392 1611 6004
1391 1612 6003
1390 1613 6002
1389 1614 6001
