2406
3000 3 8406
2999 4 8405
2998 5 8404
2997 6 8403
2996 7 8402
2995 8 8401
2994 9 8400
2993 10 8399
2992 11 8398
2991 12 8397
2990 13 8396
2989 14 8395
2988 15 8394
2987 16 8393
2986 17 8392
2985 18 8391
2984 19 8390
2983 20 8389
2982 21 8388
2981 22 8387
2980 23 8386
2979 24 8385
2978 25 8384
2977 26 8383
2976 27 8382
2975 28 8381
2974 29 8380
2973 30 8379
2972 31 8378
2971 32 8377
2970 33 8376
2969 34 8375
2968 35 8374
2967 36 8373
2966 37 8372
2965 38 8371
2964 39 8370
2963 40 8369
2962 41 8368
2961 42 8367
2960 43 8366
2959 44 8365
2958 45 8364
2957 46 8363
2956 47 8362
2955 48 8361
2954 49 8360
2953 50 8359
2952 51 8358
2951 52 8357
2950 53 8356
2949 54 8355
2948 55 8354
2947 56 8353
2946 57 8352
2945 58 8351
2944 59 8350
2943 60 8349
2942 61 8348
2941 62 8347
2940 63 8346
2939 64 8345
2938 65 8344
2937 66 8343
2936 67 8342
2935 68 8341
2934 69 8340
2933 70 8339
2932 71 8338
2931 72 8337
2930 73 8336
2929 74 8335
2928 75 8334
2927 76 8333
2926 77 8332
2925 78 8331
2924 79 8330
2923 80 8329
2922 81 8328
2921 82 8327
2920 83 8326
2919 84 8325
2918 85 8324
2917 86 8323
2916 87 8322
2915 88 8321
2914 89 8320
2913 90 8319
2912 91 8318
2911 92 8317
2910 93 8316
2909 94 8315
2908 95 8314
2907 96 8313
2906 97 8312
2905 98 8311
2904 99 8310
2903 100 8309
2902 101 8308
2901 102 8307
2900 103 8306
2899 104 8305
2898 105 8304
2897 106 8303
2896 107 8302
2895 108 8301
2894 109 8300
2893 110 8299
2892 111 8298
2891 112 8297
2890 113 8296
2889 114 8295
2888 115 8294
2887 116 8293
2886 117 8292
2885 118 8291
2884 119 8290
2883 120 8289
2882 121 8288
2881 122 8287
2880 123 8286
2879 124 8285
2878 125 8284
2877 126 8283
2876 127 8282
2875 128 8281
2874 129 8280
2873 130 8279
2872 131 8278
2871 132 8277
2870 133 8276
2869 134 8275
2868 135 8274
2867 136 8273
2866 137 8272
2865 138 8271
2864 139 8270
2863 140 8269
2862 141 8268
2861 142 8267
2860 143 8266
2859 144 8265
2858 145 8264
2857 146 8263
2856 147 8262
2855 148 8261
2854 149 8260
2853 150 8259
2852 151 8258
2851 152 8257
2850 153 8256
2849 154 8255
2848 155 8254
2847 156 8253
2846 157 8252
2845 158 8251
2844 159 8250
2843 160 8249
2842 161 8248
2841 162 8247
2840 163 8246
2839 164 8245
2838 165 8244
2837 166 8243
2836 167 8242
2835 168 8241
2834 169 8240
2833 170 8239
2832 171 8238
2831 172 8237
2830 173 8236
2829 174 8235
2828 175 8234
2827 176 8233
2826 177 8232
2825 178 8231
2824 179 8230
2823 180 8229
2822 181 8228
2821 182 8227
2820 183 8226
2819 184 8225
2818 185 8224
2817 186 8223
2816 187 8222
2815 188 8221
2814 189 8220
2813 190 8219
2812 191 8218
2811 192 8217
2810 193 8216
2809 194 8215
2808 195 8214
2807 196 8213
2806 197 8212
2805 198 8211
2804 199 8210
2803 200 8209
2802 201 8208
2801 202 8207
2800 203 8206
2799 204 8205
2798 205 8204
2797 206 8203
2796 207 8202
2795 208 8201
2794 209 8200
2793 210 8199
2792 211 8198
2791 212 8197
2790 213 8196
2789 214 8195
2788 215 8194
2787 216 8193
2786 217 8192
2785 218 8191
2784 219 8190
2783 220 8189
2782 221 8188
2781 222 8187
2780 223 8186
2779 224 8185
2778 225 8184
2777 226 8183
2776 227 8182
2775 228 8181
2774 229 8180
2773 230 8179
2772 231 8178
2771 232 8177
2770 233 8176
2769 234 8175
2768 235 8174
2767 236 8173
2766 237 8172
2765 238 8171
2764 239 8170
2763 240 8169
2762 241 8168
2761 242 8167
2760 243 8166
2759 244 8165
2758 245 8164
2757 246 8163
2756 247 8162
2755 248 8161
2754 249 8160
2753 250 8159
2752 251 8158
2751 252 8157
2750 253 8156
2749 254 8155
2748 255 8154
2747 256 8153
2746 257 8152
2745 258 8151
2744 259 8150
2743 260 8149
2742 261 8148
2741 262 8147
2740 263 8146
2739 264 8145
2738 265 8144
2737 266 8143
2736 267 8142
2735 268 8141
2734 269 8140
2733 270 8139
2732 271 8138
2731 272 8137
2730 273 8136
2729 274 8135
2728 275 8134
2727 276 8133
2726 277 8132
2725 278 8131
2724 279 8130
2723 280 8129
2722 281 8128
2721 282 8127
2720 283 8126
2719 284 8125
2718 285 8124
2717 286 8123
2716 287 8122
2715 288 8121
2714 289 8120
2713 290 8119
2712 291 8118
2711 292 8117
2710 293 8116
2709 294 8115
2708 295 8114
2707 296 8113
2706 297 8112
2705 298 8111
2704 299 8110
2703 300 8109
2702 301 8108
2701 302 8107
2700 303 8106
2699 304 8105
2698 305 8104
2697 306 8103
2696 307 8102
2695 308 8101
2694 309 8100
2693 310 8099
2692 311 8098
2691 312 8097
2690 313 8096
2689 314 8095
2688 315 8094
2687 316 8093
2686 317 8092
2685 318 8091
2684 319 8090
2683 320 8089
2682 321 8088
2681 322 8087
2680 323 8086
2679 324 8085
2678 325 8084
2677 326 8083
2676 327 8082
2675 328 8081
2674 329 8080
2673 330 8079
2672 331 8078
2671 332 8077
2670 333 8076
2669 334 8075
2668 335 8074
2667 336 8073
2666 337 8072
2665 338 8071
2664 339 8070
2663 340 8069
2662 341 8068
2661 342 8067
2660 343 8066
2659 344 8065
2658 345 8064
2657 346 8063
2656 347 8062
2655 348 8061
2654 349 8060
2653 350 8059
2652 351 8058
2651 352 8057
2650 353 8056
2649 354 8055
2648 355 8054
2647 356 8053
2646 357 8052
2645 358 8051
2644 359 8050
2643 360 8049
2642 361 8048
2641 362 8047
2640 363 8046
2639 364 8045
2638 365 8044
2637 366 8043
2636 367 8042
2635 368 8041
2634 369 8040
2633 370 8039
2632 371 8038
2631 372 8037
2630 373 8036
2629 374 8035
2628 375 8034
2627 376 8033
2626 377 8032
2625 378 8031
2624 379 8030
2623 380 8029
2622 381 8028
2621 382 8027
2620 383 8026
2619 384 8025
2618 385 8024
2617 386 8023
2616 387 8022
2615 388 8021
2614 389 8020
2613 390 8019
2612 391 8018
2611 392 8017
2610 393 8016
2609 394 8015
2608 395 8014
2607 396 8013
2606 397 8012
2605 398 8011
2604 399 8010
2603 400 8009
2602 401 8008
2601 402 8007
2600 403 8006
2599 404 8005
2598 405 8004
2597 406 8003
2596 407 8002
2595 408 8001
2594 409 8000
2593 410 7999
2592 411 7998
2591 412 7997
2590 413 7996
2589 414 7995
2588 415 7994
2587 416 7993
2586 417 7992
2585 418 7991
2584 419 7990
2583 420 7989
2582 421 7988
2581 422 7987
2580 423 7986
2579 424 7985
2578 425 7984
2577 426 7983
2576 427 7982
2575 428 7981
2574 429 7980
2573 430 7979
2572 431 7978
2571 432 7977
2570 433 7976
2569 434 7975
2568 435 7974
2567 436 7973
2566 437 7972
2565 438 7971
2564 439 7970
2563 440 7969
2562 441 7968
2561 442 7967
2560 443 7966
2559 444 7965
2558 445 7964
2557 446 7963
2556 447 7962
2555 448 7961
2554 449 7960
2553 450 7959
2552 451 7958
2551 452 7957
2550 453 7956
2549 454 7955
2548 455 7954
2547 456 7953
2546 457 7952
2545 458 7951
2544 459 7950
2543 460 7949
2542 461 7948
2541 462 7947
2540 463 7946
2539 464 7945
2538 465 7944
2537 466 7943
2536 467 7942
2535 468 7941
2534 469 7940
2533 470 7939
2532 471 7938
2531 472 7937
2530 473 7936
2529 474 7935
2528 475 7934
2527 476 7933
2526 477 7932
2525 478 7931
2524 479 7930
2523 480 7929
2522 481 7928
2521 482 7927
2520 483 7926
2519 484 7925
2518 485 7924
2517 486 7923
2516 487 7922
2515 488 7921
2514 489 7920
2513 490 7919
2512 491 7918
2511 492 7917
2510 493 7916
2509 494 7915
2508 495 7914
2507 496 7913
2506 497 7912
2505 498 7911
2504 499 7910
2503 500 7909
2502 501 7908
2501 502 7907
2500 503 7906
2499 504 7905
2498 505 7904
2497 506 7903
2496 507 7902
2495 508 7901
2494 509 7900
2493 510 7899
2492 511 7898
2491 512 7897
2490 513 7896
2489 514 7895
2488 515 7894
2487 516 7893
2486 517 7892
2485 518 7891
2484 519 7890
2483 520 7889
2482 521 7888
2481 522 7887
2480 523 7886
2479 524 7885
2478 525 7884
2477 526 7883
2476 527 7882
2475 528 7881
2474 529 7880
2473 530 7879
2472 531 7878
2471 532 7877
2470 533 7876
2469 534 7875
2468 535 7874
2467 536 7873
2466 537 7872
2465 538 7871
2464 539 7870
2463 540 7869
2462 541 7868
2461 542 7867
2460 543 7866
2459 544 7865
2458 545 7864
2457 546 7863
2456 547 7862
2455 548 7861
2454 549 7860
2453 550 7859
2452 551 7858
2451 552 7857
2450 553 7856
2449 554 7855
2448 555 7854
2447 556 7853
2446 557 7852
2445 558 7851
2444 559 7850
2443 560 7849
2442 561 7848
2441 562 7847
2440 563 7846
2439 564 7845
2438 565 7844
2437 566 7843
2436 567 7842
2435 568 7841
2434 569 7840
2433 570 7839
2432 571 7838
2431 572 7837
2430 573 7836
2429 574 7835
2428 575 7834
2427 576 7833
2426 577 7832
2425 578 7831
2424 579 7830
2423 580 7829
2422 581 7828
2421 582 7827
2420 583 7826
2419 584 7825
2418 585 7824
2417 586 7823
2416 587 7822
2415 588 7821
2414 589 7820
2413 590 7819
2412 591 7818
2411 592 7817
2410 593 7816
2409 594 7815
2408 595 7814
2407 596 7813
2406 597 7812
2405 598 7811
2404 599 7810
2403 600 7809
2402 601 7808
2401 602 7807
2400 603 7806
2399 604 7805
2398 605 7804
2397 606 7803
2396 607 7802
2395 608 7801
2394 609 7800
2393 610 7799
2392 611 7798
2391 612 7797
2390 613 7796
2389 614 7795
2388 615 7794
2387 616 7793
2386 617 7792
2385 618 7791
2384 619 7790
2383 620 7789
2382 621 7788
2381 622 7787
2380 623 7786
2379 624 7785
2378 625 7784
2377 626 7783
2376 627 7782
2375 628 7781
2374 629 7780
2373 630 7779
2372 631 7778
2371 632 7777
2370 633 7776
2369 634 7775
2368 635 7774
2367 636 7773
2366 637 7772
2365 638 7771
2364 639 7770
2363 640 7769
2362 641 7768
2361 642 7767
2360 643 7766
2359 644 7765
2358 645 7764
2357 646 7763
2356 647 7762
2355 648 7761
2354 649 7760
2353 650 7759
2352 651 7758
2351 652 7757
2350 653 7756
2349 654 7755
2348 655 7754
2347 656 7753
2346 657 7752
2345 658 7751
2344 659 7750
2343 660 7749
2342 661 7748
2341 662 7747
2340 663 7746
2339 664 7745
2338 665 7744
2337 666 7743
2336 667 7742
2335 668 7741
2334 669 7740
2333 670 7739
2332 671 7738
2331 672 7737
2330 673 7736
2329 674 7735
2328 675 7734
2327 676 7733
2326 677 7732
2325 678 7731
2324 679 7730
2323 680 7729
2322 681 7728
2321 682 7727
2320 683 7726
2319 684 7725
2318 685 7724
2317 686 7723
2316 687 7722
2315 688 7721
2314 689 7720
2313 690 7719
2312 691 7718
2311 692 7717
2310 693 7716
2309 694 7715
2308 695 7714
2307 696 7713
2306 697 7712
2305 698 7711
2304 699 7710
2303 700 7709
2302 701 7708
2301 702 7707
2300 703 7706
2299 704 7705
2298 705 7704
2297 706 7703
2296 707 7702
2295 708 7701
2294 709 7700
2293 710 7699
2292 711 7698
2291 712 7697
2290 713 7696
2289 714 7695
2288 715 7694
2287 716 7693
2286 717 7692
2285 718 7691
2284 719 7690
2283 720 7689
2282 721 7688
2281 722 7687
2280 723 7686
2279 724 7685
2278 725 7684
2277 726 7683
2276 727 7682
2275 728 7681
2274 729 7680
2273 730 7679
2272 731 7678
2271 732 7677
2270 733 7676
2269 734 7675
2268 735 7674
2267 736 7673
2266 737 7672
2265 738 7671
2264 739 7670
2263 740 7669
2262 741 7668
2261 742 7667
2260 743 7666
2259 744 7665
2258 745 7664
2257 746 7663
2256 747 7662
2255 748 7661
2254 749 7660
2253 750 7659
2252 751 7658
2251 752 7657
2250 753 7656
2249 754 7655
2248 755 7654
2247 756 7653
2246 757 7652
2245 758 7651
2244 759 7650
2243 760 7649
2242 761 7648
2241 762 7647
2240 763 7646
2239 764 7645
2238 765 7644
2237 766 7643
2236 767 7642
2235 768 7641
2234 769 7640
2233 770 7639
2232 771 7638
2231 772 7637
2230 773 7636
2229 774 7635
2228 775 7634
2227 776 7633
2226 777 7632
2225 778 7631
2224 779 7630
2223 780 7629
2222 781 7628
2221 782 7627
2220 783 7626
2219 784 7625
2218 785 7624
2217 786 7623
2216 787 7622
2215 788 7621
2214 789 7620
2213 790 7619
2212 791 7618
2211 792 7617
2210 793 7616
2209 794 7615
2208 795 7614
2207 796 7613
2206 797 7612
2205 798 7611
2204 799 7610
2203 800 7609
2202 801 7608
2201 802 7607
2200 803 7606
2199 804 7605
2198 805 7604
2197 806 7603
2196 807 7602
2195 808 7601
2194 809 7600
2193 810 7599
2192 811 7598
2191 812 7597
2190 813 7596
2189 814 7595
2188 815 7594
2187 816 7593
2186 817 7592
2185 818 7591
2184 819 7590
2183 820 7589
2182 821 7588
2181 822 7587
2180 823 7586
2179 824 7585
2178 825 7584
2177 826 7583
2176 827 7582
2175 828 7581
2174 829 7580
2173 830 7579
2172 831 7578
2171 832 7577
2170 833 7576
2169 834 7575
2168 835 7574
2167 836 7573
2166 837 7572
2165 838 7571
2164 839 7570
2163 840 7569
2162 841 7568
2161 842 7567
2160 843 7566
2159 844 7565
2158 845 7564
2157 846 7563
2156 847 7562
2155 848 7561
2154 849 7560
2153 850 7559
2152 851 7558
2151 852 7557
2150 853 7556
2149 854 7555
2148 855 7554
2147 856 7553
2146 857 7552
2145 858 7551
2144 859 7550
2143 860 7549
2142 861 7548
2141 862 7547
2140 863 7546
2139 864 7545
2138 865 7544
2137 866 7543
2136 867 7542
2135 868 7541
2134 869 7540
2133 870 7539
2132 871 7538
2131 872 7537
2130 873 7536
2129 874 7535
2128 875 7534
2127 876 7533
2126 877 7532
2125 878 7531
2124 879 7530
2123 880 7529
2122 881 7528
2121 882 7527
2120 883 7526
2119 884 7525
2118 885 7524
2117 886 7523
2116 887 7522
2115 888 7521
2114 889 7520
2113 890 7519
2112 891 7518
2111 892 7517
2110 893 7516
2109 894 7515
2108 895 7514
2107 896 7513
2106 897 7512
2105 898 7511
2104 899 7510
2103 900 7509
2102 901 7508
2101 902 7507
2100 903 7506
2099 904 7505
2098 905 7504
2097 906 7503
2096 907 7502
2095 908 7501
2094 909 7500
2093 910 7499
2092 911 7498
2091 912 7497
2090 913 7496
2089 914 7495
2088 915 7494
2087 916 7493
2086 917 7492
2085 918 7491
2084 919 7490
2083 920 7489
2082 921 7488
2081 922 7487
2080 923 7486
2079 924 7485
2078 925 7484
2077 926 7483
2076 927 7482
2075 928 7481
2074 929 7480
2073 930 7479
2072 931 7478
2071 932 7477
2070 933 7476
2069 934 7475
2068 935 7474
2067 936 7473
2066 937 7472
2065 938 7471
2064 939 7470
2063 940 7469
2062 941 7468
2061 942 7467
2060 943 7466
2059 944 7465
2058 945 7464
2057 946 7463
2056 947 7462
2055 948 7461
2054 949 7460
2053 950 7459
2052 951 7458
2051 952 7457
2050 953 7456
2049 954 7455
2048 955 7454
2047 956 7453
2046 957 7452
2045 958 7451
2044 959 7450
2043 960 7449
2042 961 7448
2041 962 7447
2040 963 7446
2039 964 7445
2038 965 7444
2037 966 7443
2036 967 7442
2035 968 7441
2034 969 7440
2033 970 7439
2032 971 7438
2031 972 7437
2030 973 7436
2029 974 7435
2028 975 7434
2027 976 7433
2026 977 7432
2025 978 7431
2024 979 7430
2023 980 7429
2022 981 7428
2021 982 7427
2020 983 7426
2019 984 7425
2018 985 7424
2017 986 7423
2016 987 7422
2015 988 7421
2014 989 7420
2013 990 7419
2012 991 7418
2011 992 7417
2010 993 7416
2009 994 7415
2008 995 7414
2007 996 7413
2006 997 7412
2005 998 7411
2004 999 7410
2003 1000 7409
2002 1001 7408
2001 1002 7407
2000 1003 7406
1999 1004 7405
1998 1005 7404
1997 1006 7403
1996 1007 7402
1995 1008 7401
1994 1009 7400
1993 1010 7399
1992 1011 7398
1991 1012 7397
1990 1013 7396
1989 1014 7395
1988 1015 7394
1987 1016 7393
1986 1017 7392
1985 1018 7391
1984 1019 7390
1983 1020 7389
1982 1021 7388
1981 1022 7387
1980 1023 7386
1979 1024 7385
1978 1025 7384
1977 1026 7383
1976 1027 7382
1975 1028 7381
1974 1029 7380
1973 1030 7379
1972 1031 7378
1971 1032 7377
1970 1033 7376
1969 1034 7375
1968 1035 7374
1967 1036 7373
1966 1037 7372
1965 1038 7371
1964 1039 7370
1963 1040 7369
1962 1041 7368
1961 1042 7367
1960 1043 7366
1959 1044 7365
1958 1045 7364
1957 1046 7363
1956 1047 7362
1955 1048 7361
1954 1049 7360
1953 1050 7359
1952 1051 7358
1951 1052 7357
1950 1053 7356
1949 1054 7355
1948 1055 7354
1947 1056 7353
1946 1057 7352
1945 1058 7351
1944 1059 7350
1943 1060 7349
1942 1061 7348
1941 1062 7347
1940 1063 7346
1939 1064 7345
1938 1065 7344
1937 1066 7343
1936 1067 7342
1935 1068 7341
1934 1069 7340
1933 1070 7339
1932 1071 7338
1931 1072 7337
1930 1073 7336
1929 1074 7335
1928 1075 7334
1927 1076 7333
1926 1077 7332
1925 1078 7331
1924 1079 7330
1923 1080 7329
1922 1081 7328
1921 1082 7327
1920 1083 7326
1919 1084 7325
1918 1085 7324
1917 1086 7323
1916 1087 7322
1915 1088 7321
1914 1089 7320
1913 1090 7319
1912 1091 7318
1911 1092 7317
1910 1093 7316
1909 1094 7315
1908 1095 7314
1907 1096 7313
1906 1097 7312
1905 1098 7311
1904 1099 7310
1903 1100 7309
1902 1101 7308
1901 1102 7307
1900 1103 7306
1899 1104 7305
1898 1105 7304
1897 1106 7303
1896 1107 7302
1895 1108 7301
1894 1109 7300
1893 1110 7299
1892 1111 7298
1891 1112 7297
1890 1113 7296
1889 1114 7295
1888 1115 7294
1887 1116 7293
1886 1117 7292
1885 1118 7291
1884 1119 7290
1883 1120 7289
1882 1121 7288
1881 1122 7287
1880 1123 7286
1879 1124 7285
1878 1125 7284
1877 1126 7283
1876 1127 7282
1875 1128 7281
1874 1129 7280
1873 1130 7279
1872 1131 7278
1871 1132 7277
1870 1133 7276
1869 1134 7275
1868 1135 7274
1867 1136 7273
1866 1137 7272
1865 1138 7271
1864 1139 7270
1863 1140 7269
1862 1141 7268
1861 1142 7267
1860 1143 7266
1859 1144 7265
1858 1145 7264
1857 1146 7263
1856 1147 7262
1855 1148 7261
1854 1149 7260
1853 1150 7259
1852 1151 7258
1851 1152 7257
1850 1153 7256
1849 1154 7255
1848 1155 7254
1847 1156 7253
1846 1157 7252
1845 1158 7251
1844 1159 7250
1843 1160 7249
1842 1161 7248
1841 1162 7247
1840 1163 7246
1839 1164 7245
1838 1165 7244
1837 1166 7243
1836 1167 7242
1835 1168 7241
1834 1169 7240
1833 1170 7239
1832 1171 7238
1831 1172 7237
1830 1173 7236
1829 1174 7235
1828 1175 7234
1827 1176 7233
1826 1177 7232
1825 1178 7231
1824 1179 7230
1823 1180 7229
1822 1181 7228
1821 1182 7227
1820 1183 7226
1819 1184 7225
1818 1185 7224
1817 1186 7223
1816 1187 7222
1815 1188 7221
1814 1189 7220
1813 1190 7219
1812 1191 7218
1811 1192 7217
1810 1193 7216
1809 1194 7215
1808 1195 7214
1807 1196 7213
1806 1197 7212
1805 1198 7211
1804 1199 7210
1803 1200 7209
1802 1201 7208
1801 1202 7207
1800 1203 7206
1799 1204 7205
1798 1205 7204
1797 1206 7203
1796 1207 7202
1795 1208 7201
1794 1209 7200
1793 1210 7199
1792 1211 7198
1791 1212 7197
1790 1213 7196
1789 1214 7195
1788 1215 7194
1787 1216 7193
1786 1217 7192
1785 1218 7191
1784 1219 7190
1783 1220 7189
1782 1221 7188
1781 1222 7187
1780 1223 7186
1779 1224 7185
1778 1225 7184
1777 1226 7183
1776 1227 7182
1775 1228 7181
1774 1229 7180
1773 1230 7179
1772 1231 7178
1771 1232 7177
1770 1233 7176
1769 1234 7175
1768 1235 7174
1767 1236 7173
1766 1237 7172
1765 1238 7171
1764 1239 7170
1763 1240 7169
1762 1241 7168
1761 1242 7167
1760 1243 7166
1759 1244 7165
1758 1245 7164
1757 1246 7163
1756 1247 7162
1755 1248 7161
1754 1249 7160
1753 1250 7159
1752 1251 7158
1751 1252 7157
1750 1253 7156
1749 1254 7155
1748 1255 7154
1747 1256 7153
1746 1257 7152
1745 1258 7151
1744 1259 7150
1743 1260 7149
1742 1261 7148
1741 1262 7147
1740 1263 7146
1739 1264 7145
1738 1265 7144
1737 1266 7143
1736 1267 7142
1735 1268 7141
1734 1269 7140
1733 1270 7139
1732 1271 7138
1731 1272 7137
1730 1273 7136
1729 1274 7135
1728 1275 7134
1727 1276 7133
1726 1277 7132
1725 1278 7131
1724 1279 7130
1723 1280 7129
1722 1281 7128
1721 1282 7127
1720 1283 7126
1719 1284 7125
1718 1285 7124
1717 1286 7123
1716 1287 7122
1715 1288 7121
1714 1289 7120
1713 1290 7119
1712 1291 7118
1711 1292 7117
1710 1293 7116
1709 1294 7115
1708 1295 7114
1707 1296 7113
1706 1297 7112
1705 1298 7111
1704 1299 7110
1703 1300 7109
1702 1301 7108
1701 1302 7107
1700 1303 7106
1699 1304 7105
1698 1305 7104
1697 1306 7103
1696 1307 7102
1695 1308 7101
1694 1309 7100
1693 1310 7099
1692 1311 7098
1691 1312 7097
1690 1313 7096
1689 1314 7095
1688 1315 7094
1687 1316 7093
1686 1317 7092
1685 1318 7091
1684 1319 7090
1683 1320 7089
1682 1321 7088
1681 1322 7087
1680 1323 7086
1679 1324 7085
1678 1325 7084
1677 1326 7083
1676 1327 7082
1675 1328 7081
1674 1329 7080
1673 1330 7079
1672 1331 7078
1671 1332 7077
1670 1333 7076
1669 1334 7075
1668 1335 7074
1667 1336 7073
1666 1337 7072
1665 1338 7071
1664 1339 7070
1663 1340 7069
1662 1341 7068
1661 1342 7067
1660 1343 7066
1659 1344 7065
1658 1345 7064
1657 1346 7063
1656 1347 7062
1655 1348 7061
1654 1349 7060
1653 1350 7059
1652 1351 7058
1651 1352 7057
1650 1353 7056
1649 1354 7055
1648 1355 7054
1647 1356 7053
1646 1357 7052
1645 1358 7051
1644 1359 7050
1643 1360 7049
1642 1361 7048
1641 1362 7047
1640 1363 7046
1639 1364 7045
1638 1365 7044
1637 1366 7043
1636 1367 7042
1635 1368 7041
1634 1369 7040
1633 1370 7039
1632 1371 7038
1631 1372 7037
1630 1373 7036
1629 1374 7035
1628 1375 7034
1627 1376 7033
1626 1377 7032
1625 1378 7031
1624 1379 7030
1623 1380 7029
1622 1381 7028
1621 1382 7027
1620 1383 7026
1619 1384 7025
1618 1385 7024
1617 1386 7023
1616 1387 7022
1615 1388 7021
1614 1389 7020
1613 1390 7019
1612 1391 7018
1611 1392 7017
1610 1393 7016
1609 1394 7015
1608 1395 7014
1607 1396 7013
1606 1397 7012
1605 1398 7011
1604 1399 7010
1603 1400 7009
1602 1401 7008
1601 1402 7007
1600 1403 7006
1599 1404 7005
1598 1405 7004
1597 1406 7003
1596 1407 7002
1595 1408 7001
1594 1409 7000
1593 1410 6999
1592 1411 6998
1591 1412 6997
1590 1413 6996
1589 1414 6995
1588 1415 6994
1587 1416 6993
1586 1417 6992
1585 1418 6991
1584 1419 6990
1583 1420 6989
1582 1421 6988
1581 1422 6987
1580 1423 6986
1579 1424 6985
1578 1425 6984
1577 1426 6983
1576 1427 6982
1575 1428 6981
1574 1429 6980
1573 1430 6979
1572 1431 6978
1571 1432 6977
1570 1433 6976
1569 1434 6975
1568 1435 6974
1567 1436 6973
1566 1437 6972
1565 1438 6971
1564 1439 6970
1563 1440 6969
1562 1441 6968
1561 1442 6967
1560 1443 6966
1559 1444 6965
1558 1445 6964
1557 1446 6963
1556 1447 6962
1555 1448 6961
1554 1449 6960
1553 1450 6959
1552 1451 6958
1551 1452 6957
1550 1453 6956
1549 1454 6955
1548 1455 6954
1547 1456 6953
1546 1457 6952
1545 1458 6951
1544 1459 6950
1543 1460 6949
1542 1461 6948
1541 1462 6947
1540 1463 6946
1539 1464 6945
1538 1465 6944
1537 1466 6943
1536 1467 6942
1535 1468 6941
1534 1469 6940
1533 1470 6939
1532 1471 6938
1531 1472 6937
1530 1473 6936
1529 1474 6935
1528 1475 6934
1527 1476 6933
1526 1477 6932
1525 1478 6931
1524 1479 6930
1523 1480 6929
1522 1481 6928
1521 1482 6927
1520 1483 6926
1519 1484 6925
1518 1485 6924
1517 1486 6923
1516 1487 6922
1515 1488 6921
1514 1489 6920
1513 1490 6919
1512 1491 6918
1511 1492 6917
1510 1493 6916
1509 1494 6915
1508 1495 6914
1507 1496 6913
1506 1497 6912
1505 1498 6911
1504 1499 6910
1503 1500 6909
1502 1501 6908
1501 1502 6907
1500 1503 6906
1499 1504 6905
1498 1505 6904
1497 1506 6903
1496 1507 6902
1495 1508 6901
1494 1509 6900
1493 1510 6899
1492 1511 6898
1491 1512 6897
1490 1513 6896
1489 1514 6895
1488 1515 6894
1487 1516 6893
1486 1517 6892
1485 1518 6891
1484 1519 6890
1483 1520 6889
1482 1521 6888
1481 1522 6887
1480 1523 6886
1479 1524 6885
1478 1525 6884
1477 1526 6883
1476 1527 6882
1475 1528 6881
1474 1529 6880
1473 1530 6879
1472 1531 6878
1471 1532 6877
1470 1533 6876
1469 1534 6875
1468 1535 6874
1467 1536 6873
1466 1537 6872
1465 1538 6871
1464 1539 6870
1463 1540 6869
1462 1541 6868
1461 1542 6867
1460 1543 6866
1459 1544 6865
1458 1545 6864
1457 1546 6863
1456 1547 6862
1455 1548 6861
1454 1549 6860
1453 1550 6859
1452 1551 6858
1451 1552 6857
1450 1553 6856
1449 1554 6855
1448 1555 6854
1447 1556 6853
1446 1557 6852
1445 1558 6851
1444 1559 6850
1443 1560 6849
1442 1561 6848
1441 1562 6847
1440 1563 6846
1439 1564 6845
1438 1565 6844
1437 1566 6843
1436 1567 6842
1435 1568 6841
1434 1569 6840
1433 1570 6839
1432 1571 6838
1431 1572 6837
1430 1573 6836
1429 1574 6835
1428 1575 6834
1427 1576 6833
1426 1577 6832
1425 1578 6831
1424 1579 6830
1423 1580 6829
1422 1581 6828
1421 1582 6827
1420 1583 6826
1419 1584 6825
1418 1585 6824
1417 1586 6823
1416 1587 6822
1415 1588 6821
1414 1589 6820
1413 1590 6819
1412 1591 6818
1411 1592 6817
1410 1593 6816
1409 1594 6815
1408 1595 6814
1407 1596 6813
1406 1597 6812
1405 1598 6811
1404 1599 6810
1403 1600 6809
1402 1601 6808
1401 1602 6807
1400 1603 6806
1399 1604 6805
1398 1605 6804
1397 1606 6803
1396 1607 6802
1395 1608 6801
1394 1609 6800
1393 1610 6799
1392 1611 6798
1391 1612 6797
1390 1613 6796
1389 1614 6795
1388 1615 6794
1387 1616 6793
1386 1617 6792
1385 1618 6791
1384 1619 6790
1383 1620 6789
1382 1621 6788
1381 1622 6787
1380 1623 6786
1379 1624 6785
1378 1625 6784
1377 1626 6783
1376 1627 6782
1375 1628 6781
1374 1629 6780
1373 1630 6779
1372 1631 6778
1371 1632 6777
1370 1633 6776
1369 1634 6775
1368 1635 6774
1367 1636 6773
1366 1637 6772
1365 1638 6771
1364 1639 6770
1363 1640 6769
1362 1641 6768
1361 1642 6767
1360 1643 6766
1359 1644 6765
1358 1645 6764
1357 1646 6763
1356 1647 6762
1355 1648 6761
1354 1649 6760
1353 1650 6759
1352 1651 6758
1351 1652 6757
1350 1653 6756
1349 1654 6755
1348 1655 6754
1347 1656 6753
1346 1657 6752
1345 1658 6751
1344 1659 6750
1343 1660 6749
1342 1661 6748
1341 1662 6747
1340 1663 6746
1339 1664 6745
1338 1665 6744
1337 1666 6743
1336 1667 6742
1335 1668 6741
1334 1669 6740
1333 1670 6739
1332 1671 6738
1331 1672 6737
1330 1673 6736
1329 1674 6735
1328 1675 6734
1327 1676 6733
1326 1677 6732
1325 1678 6731
1324 1679 6730
1323 1680 6729
1322 1681 6728
1321 1682 6727
1320 1683 6726
1319 1684 6725
1318 1685 6724
1317 1686 6723
1316 1687 6722
1315 1688 6721
1314 1689 6720
1313 1690 6719
1312 1691 6718
1311 1692 6717
1310 1693 6716
1309 1694 6715
1308 1695 6714
1307 1696 6713
1306 1697 6712
1305 1698 6711
1304 1699 6710
1303 1700 6709
1302 1701 6708
1301 1702 6707
1300 1703 6706
1299 1704 6705
1298 1705 6704
1297 1706 6703
1296 1707 6702
1295 1708 6701
1294 1709 6700
1293 1710 6699
1292 1711 6698
1291 1712 6697
1290 1713 6696
1289 1714 6695
1288 1715 6694
1287 1716 6693
1286 1717 6692
1285 1718 6691
1284 1719 6690
1283 1720 6689
1282 1721 6688
1281 1722 6687
1280 1723 6686
1279 1724 6685
1278 1725 6684
1277 1726 6683
1276 1727 6682
1275 1728 6681
1274 1729 6680
1273 1730 6679
1272 1731 6678
1271 1732 6677
1270 1733 6676
1269 1734 6675
1268 1735 6674
1267 1736 6673
1266 1737 6672
1265 1738 6671
1264 1739 6670
1263 1740 6669
1262 1741 6668
1261 1742 6667
1260 1743 6666
1259 1744 6665
1258 1745 6664
1257 1746 6663
1256 1747 6662
1255 1748 6661
1254 1749 6660
1253 1750 6659
1252 1751 6658
1251 1752 6657
1250 1753 6656
1249 1754 6655
1248 1755 6654
1247 1756 6653
1246 1757 6652
1245 1758 6651
1244 1759 6650
1243 1760 6649
1242 1761 6648
1241 1762 6647
1240 1763 6646
1239 1764 6645
1238 1765 6644
1237 1766 6643
1236 1767 6642
1235 1768 6641
1234 1769 6640
1233 1770 6639
1232 1771 6638
1231 1772 6637
1230 1773 6636
1229 1774 6635
1228 1775 6634
1227 1776 6633
1226 1777 6632
1225 1778 6631
1224 1779 6630
1223 1780 6629
1222 1781 6628
1221 1782 6627
1220 1783 6626
1219 1784 6625
1218 1785 6624
1217 1786 6623
1216 1787 6622
1215 1788 6621
1214 1789 6620
1213 1790 6619
1212 1791 6618
1211 1792 6617
1210 1793 6616
1209 1794 6615
1208 1795 6614
1207 1796 6613
1206 1797 6612
1205 1798 6611
1204 1799 6610
1203 1800 6609
1202 1801 6608
1201 1802 6607
1200 1803 6606
1199 1804 6605
1198 1805 6604
1197 1806 6603
1196 1807 6602
1195 1808 6601
1194 1809 6600
1193 1810 6599
1192 1811 6598
1191 1812 6597
1190 1813 6596
1189 1814 6595
1188 1815 6594
1187 1816 6593
1186 1817 6592
1185 1818 6591
1184 1819 6590
1183 1820 6589
1182 1821 6588
1181 1822 6587
1180 1823 6586
1179 1824 6585
1178 1825 6584
1177 1826 6583
1176 1827 6582
1175 1828 6581
1174 1829 6580
1173 1830 6579
1172 1831 6578
1171 1832 6577
1170 1833 6576
1169 1834 6575
1168 1835 6574
1167 1836 6573
1166 1837 6572
1165 1838 6571
1164 1839 6570
1163 1840 6569
1162 1841 6568
1161 1842 6567
1160 1843 6566
1159 1844 6565
1158 1845 6564
1157 1846 6563
1156 1847 6562
1155 1848 6561
1154 1849 6560
1153 1850 6559
1152 1851 6558
1151 1852 6557
1150 1853 6556
1149 1854 6555
1148 1855 6554
1147 1856 6553
1146 1857 6552
1145 1858 6551
1144 1859 6550
1143 1860 6549
1142 1861 6548
1141 1862 6547
1140 1863 6546
1139 1864 6545
1138 1865 6544
1137 1866 6543
1136 1867 6542
1135 1868 6541
1134 1869 6540
1133 1870 6539
1132 1871 6538
1131 1872 6537
1130 1873 6536
1129 1874 6535
1128 1875 6534
1127 1876 6533
1126 1877 6532
1125 1878 6531
1124 1879 6530
1123 1880 6529
1122 1881 6528
1121 1882 6527
1120 1883 6526
1119 1884 6525
1118 1885 6524
1117 1886 6523
1116 1887 6522
1115 1888 6521
1114 1889 6520
1113 1890 6519
1112 1891 6518
1111 1892 6517
1110 1893 6516
1109 1894 6515
1108 1895 6514
1107 1896 6513
1106 1897 6512
1105 1898 6511
1104 1899 6510
1103 1900 6509
1102 1901 6508
1101 1902 6507
1100 1903 6506
1099 1904 6505
1098 1905 6504
1097 1906 6503
1096 1907 6502
1095 1908 6501
1094 1909 6500
1093 1910 6499
1092 1911 6498
1091 1912 6497
1090 1913 6496
1089 1914 6495
1088 1915 6494
1087 1916 6493
1086 1917 6492
1085 1918 6491
1084 1919 6490
1083 1920 6489
1082 1921 6488
1081 1922 6487
1080 1923 6486
1079 1924 6485
1078 1925 6484
1077 1926 6483
1076 1927 6482
1075 1928 6481
1074 1929 6480
1073 1930 6479
1072 1931 6478
1071 1932 6477
1070 1933 6476
1069 1934 6475
1068 1935 6474
1067 1936 6473
1066 1937 6472
1065 1938 6471
1064 1939 6470
1063 1940 6469
1062 1941 6468
1061 1942 6467
1060 1943 6466
1059 1944 6465
1058 1945 6464
1057 1946 6463
1056 1947 6462
1055 1948 6461
1054 1949 6460
1053 1950 6459
1052 1951 6458
1051 1952 6457
1050 1953 6456
1049 1954 6455
1048 1955 6454
1047 1956 6453
1046 1957 6452
1045 1958 6451
1044 1959 6450
1043 1960 6449
1042 1961 6448
1041 1962 6447
1040 1963 6446
1039 1964 6445
1038 1965 6444
1037 1966 6443
1036 1967 6442
1035 1968 6441
1034 1969 6440
1033 1970 6439
1032 1971 6438
1031 1972 6437
1030 1973 6436
1029 1974 6435
1028 1975 6434
1027 1976 6433
1026 1977 6432
1025 1978 6431
1024 1979 6430
1023 1980 6429
1022 1981 6428
1021 1982 6427
1020 1983 6426
1019 1984 6425
1018 1985 6424
1017 1986 6423
1016 1987 6422
1015 1988 6421
1014 1989 6420
1013 1990 6419
1012 1991 6418
1011 1992 6417
1010 1993 6416
1009 1994 6415
1008 1995 6414
1007 1996 6413
1006 1997 6412
1005 1998 6411
1004 1999 6410
1003 2000 6409
1002 2001 6408
1001 2002 6407
1000 2003 6406
999 2004 6405
998 2005 6404
997 2006 6403
996 2007 6402
995 2008 6401
994 2009 6400
993 2010 6399
992 2011 6398
991 2012 6397
990 2013 6396
989 2014 6395
988 2015 6394
987 2016 6393
986 2017 6392
985 2018 6391
984 2019 6390
983 2020 6389
982 2021 6388
981 2022 6387
980 2023 6386
979 2024 6385
978 2025 6384
977 2026 6383
976 2027 6382
975 2028 6381
974 2029 6380
973 2030 6379
972 2031 6378
971 2032 6377
970 2033 6376
969 2034 6375
968 2035 6374
967 2036 6373
966 2037 6372
965 2038 6371
964 2039 6370
963 2040 6369
962 2041 6368
961 2042 6367
960 2043 6366
959 2044 6365
958 2045 6364
957 2046 6363
956 2047 6362
955 2048 6361
954 2049 6360
953 2050 6359
952 2051 6358
951 2052 6357
950 2053 6356
949 2054 6355
948 2055 6354
947 2056 6353
946 2057 6352
945 2058 6351
944 2059 6350
943 2060 6349
942 2061 6348
941 2062 6347
940 2063 6346
939 2064 6345
938 2065 6344
937 2066 6343
936 2067 6342
935 2068 6341
934 2069 6340
933 2070 6339
932 2071 6338
931 2072 6337
930 2073 6336
929 2074 6335
928 2075 6334
927 2076 6333
926 2077 6332
925 2078 6331
924 2079 6330
923 2080 6329
922 2081 6328
921 2082 6327
920 2083 6326
919 2084 6325
918 2085 6324
917 2086 6323
916 2087 6322
915 2088 6321
914 2089 6320
913 2090 6319
912 2091 6318
911 2092 6317
910 2093 6316
909 2094 6315
908 2095 6314
907 2096 6313
906 2097 6312
905 2098 6311
904 2099 6310
903 2100 6309
902 2101 6308
901 2102 6307
900 2103 6306
899 2104 6305
898 2105 6304
897 2106 6303
896 2107 6302
895 2108 6301
894 2109 6300
893 2110 6299
892 2111 6298
891 2112 6297
890 2113 6296
889 2114 6295
888 2115 6294
887 2116 6293
886 2117 6292
885 2118 6291
884 2119 6290
883 2120 6289
882 2121 6288
881 2122 6287
880 2123 6286
879 2124 6285
878 2125 6284
877 2126 6283
876 2127 6282
875 2128 6281
874 2129 6280
873 2130 6279
872 2131 6278
871 2132 6277
870 2133 6276
869 2134 6275
868 2135 6274
867 2136 6273
866 2137 6272
865 2138 6271
864 2139 6270
863 2140 6269
862 2141 6268
861 2142 6267
860 2143 6266
859 2144 6265
858 2145 6264
857 2146 6263
856 2147 6262
855 2148 6261
854 2149 6260
853 2150 6259
852 2151 6258
851 2152 6257
850 2153 6256
849 2154 6255
848 2155 6254
847 2156 6253
846 2157 6252
845 2158 6251
844 2159 6250
843 2160 6249
842 2161 6248
841 2162 6247
840 2163 6246
839 2164 6245
838 2165 6244
837 2166 6243
836 2167 6242
835 2168 6241
834 2169 6240
833 2170 6239
832 2171 6238
831 2172 6237
830 2173 6236
829 2174 6235
828 2175 6234
827 2176 6233
826 2177 6232
825 2178 6231
824 2179 6230
823 2180 6229
822 2181 6228
821 2182 6227
820 2183 6226
819 2184 6225
818 2185 6224
817 2186 6223
816 2187 6222
815 2188 6221
814 2189 6220
813 2190 6219
812 2191 6218
811 2192 6217
810 2193 6216
809 2194 6215
808 2195 6214
807 2196 6213
806 2197 6212
805 2198 6211
804 2199 6210
803 2200 6209
802 2201 6208
801 2202 6207
800 2203 6206
799 2204 6205
798 2205 6204
797 2206 6203
796 2207 6202
795 2208 6201
794 2209 6200
793 2210 6199
792 2211 6198
791 2212 6197
790 2213 6196
789 2214 6195
788 2215 6194
787 2216 6193
786 2217 6192
785 2218 6191
784 2219 6190
783 2220 6189
782 2221 6188
781 2222 6187
780 2223 6186
779 2224 6185
778 2225 6184
777 2226 6183
776 2227 6182
775 2228 6181
774 2229 6180
773 2230 6179
772 2231 6178
771 2232 6177
770 2233 6176
769 2234 6175
768 2235 6174
767 2236 6173
766 2237 6172
765 2238 6171
764 2239 6170
763 2240 6169
762 2241 6168
761 2242 6167
760 2243 6166
759 2244 6165
758 2245 6164
757 2246 6163
756 2247 6162
755 2248 6161
754 2249 6160
753 2250 6159
752 2251 6158
751 2252 6157
750 2253 6156
749 2254 6155
748 2255 6154
747 2256 6153
746 2257 6152
745 2258 6151
744 2259 6150
743 2260 6149
742 2261 6148
741 2262 6147
740 2263 6146
739 2264 6145
738 2265 6144
737 2266 6143
736 2267 6142
735 2268 6141
734 2269 6140
733 2270 6139
732 2271 6138
731 2272 6137
730 2273 6136
729 2274 6135
728 2275 6134
727 2276 6133
726 2277 6132
725 2278 6131
724 2279 6130
723 2280 6129
722 2281 6128
721 2282 6127
720 2283 6126
719 2284 6125
718 2285 6124
717 2286 6123
716 2287 6122
715 2288 6121
714 2289 6120
713 2290 6119
712 2291 6118
711 2292 6117
710 2293 6116
709 2294 6115
708 2295 6114
707 2296 6113
706 2297 6112
705 2298 6111
704 2299 6110
703 2300 6109
702 2301 6108
701 2302 6107
700 2303 6106
699 2304 6105
698 2305 6104
697 2306 6103
696 2307 6102
695 2308 6101
694 2309 6100
693 2310 6099
692 2311 6098
691 2312 6097
690 2313 6096
689 2314 6095
688 2315 6094
687 2316 6093
686 2317 6092
685 2318 6091
684 2319 6090
683 2320 6089
682 2321 6088
681 2322 6087
680 2323 6086
679 2324 6085
678 2325 6084
677 2326 6083
676 2327 6082
675 2328 6081
674 2329 6080
673 2330 6079
672 2331 6078
671 2332 6077
670 2333 6076
669 2334 6075
668 2335 6074
667 2336 6073
666 2337 6072
665 2338 6071
664 2339 6070
663 2340 6069
662 2341 6068
661 2342 6067
660 2343 6066
659 2344 6065
658 2345 6064
657 2346 6063
656 2347 6062
655 2348 6061
654 2349 6060
653 2350 6059
652 2351 6058
651 2352 6057
650 2353 6056
649 2354 6055
648 2355 6054
647 2356 6053
646 2357 6052
645 2358 6051
644 2359 6050
643 2360 6049
642 2361 6048
641 2362 6047
640 2363 6046
639 2364 6045
638 2365 6044
637 2366 6043
636 2367 6042
635 2368 6041
634 2369 6040
633 2370 6039
632 2371 6038
631 2372 6037
630 2373 6036
629 2374 6035
628 2375 6034
627 2376 6033
626 2377 6032
625 2378 6031
624 2379 6030
623 2380 6029
622 2381 6028
621 2382 6027
620 2383 6026
619 2384 6025
618 2385 6024
617 2386 6023
616 2387 6022
615 2388 6021
614 2389 6020
613 2390 6019
612 2391 6018
611 2392 6017
610 2393 6016
609 2394 6015
608 2395 6014
607 2396 6013
606 2397 6012
605 2398 6011
604 2399 6010
603 2400 6009
602 2401 6008
601 2402 6007
600 2403 6006
599 2404 6005
598 2405 6004
597 2406 6003
596 2407 6002
595 2408 6001
