2481
3000 3 8481
2999 4 8480
2998 5 8479
2997 6 8478
2996 7 8477
2995 8 8476
2994 9 8475
2993 10 8474
2992 11 8473
2991 12 8472
2990 13 8471
2989 14 8470
2988 15 8469
2987 16 8468
2986 17 8467
2985 18 8466
2984 19 8465
2983 20 8464
2982 21 8463
2981 22 8462
2980 23 8461
2979 24 8460
2978 25 8459
2977 26 8458
2976 27 8457
2975 28 8456
2974 29 8455
2973 30 8454
2972 31 8453
2971 32 8452
2970 33 8451
2969 34 8450
2968 35 8449
2967 36 8448
2966 37 8447
2965 38 8446
2964 39 8445
2963 40 8444
2962 41 8443
2961 42 8442
2960 43 8441
2959 44 8440
2958 45 8439
2957 46 8438
2956 47 8437
2955 48 8436
2954 49 8435
2953 50 8434
2952 51 8433
2951 52 8432
2950 53 8431
2949 54 8430
2948 55 8429
2947 56 8428
2946 57 8427
2945 58 8426
2944 59 8425
2943 60 8424
2942 61 8423
2941 62 8422
2940 63 8421
2939 64 8420
2938 65 8419
2937 66 8418
2936 67 8417
2935 68 8416
2934 69 8415
2933 70 8414
2932 71 8413
2931 72 8412
2930 73 8411
2929 74 8410
2928 75 8409
2927 76 8408
2926 77 8407
2925 78 8406
2924 79 8405
2923 80 8404
2922 81 8403
2921 82 8402
2920 83 8401
2919 84 8400
2918 85 8399
2917 86 8398
2916 87 8397
2915 88 8396
2914 89 8395
2913 90 8394
2912 91 8393
2911 92 8392
2910 93 8391
2909 94 8390
2908 95 8389
2907 96 8388
2906 97 8387
2905 98 8386
2904 99 8385
2903 100 8384
2902 101 8383
2901 102 8382
2900 103 8381
2899 104 8380
2898 105 8379
2897 106 8378
2896 107 8377
2895 108 8376
2894 109 8375
2893 110 8374
2892 111 8373
2891 112 8372
2890 113 8371
2889 114 8370
2888 115 8369
2887 116 8368
2886 117 8367
2885 118 8366
2884 119 8365
2883 120 8364
2882 121 8363
2881 122 8362
2880 123 8361
2879 124 8360
2878 125 8359
2877 126 8358
2876 127 8357
2875 128 8356
2874 129 8355
2873 130 8354
2872 131 8353
2871 132 8352
2870 133 8351
2869 134 8350
2868 135 8349
2867 136 8348
2866 137 8347
2865 138 8346
2864 139 8345
2863 140 8344
2862 141 8343
2861 142 8342
2860 143 8341
2859 144 8340
2858 145 8339
2857 146 8338
2856 147 8337
2855 148 8336
2854 149 8335
2853 150 8334
2852 151 8333
2851 152 8332
2850 153 8331
2849 154 8330
2848 155 8329
2847 156 8328
2846 157 8327
2845 158 8326
2844 159 8325
2843 160 8324
2842 161 8323
2841 162 8322
2840 163 8321
2839 164 8320
2838 165 8319
2837 166 8318
2836 167 8317
2835 168 8316
2834 169 8315
2833 170 8314
2832 171 8313
2831 172 8312
2830 173 8311
2829 174 8310
2828 175 8309
2827 176 8308
2826 177 8307
2825 178 8306
2824 179 8305
2823 180 8304
2822 181 8303
2821 182 8302
2820 183 8301
2819 184 8300
2818 185 8299
2817 186 8298
2816 187 8297
2815 188 8296
2814 189 8295
2813 190 8294
2812 191 8293
2811 192 8292
2810 193 8291
2809 194 8290
2808 195 8289
2807 196 8288
2806 197 8287
2805 198 8286
2804 199 8285
2803 200 8284
2802 201 8283
2801 202 8282
2800 203 8281
2799 204 8280
2798 205 8279
2797 206 8278
2796 207 8277
2795 208 8276
2794 209 8275
2793 210 8274
2792 211 8273
2791 212 8272
2790 213 8271
2789 214 8270
2788 215 8269
2787 216 8268
2786 217 8267
2785 218 8266
2784 219 8265
2783 220 8264
2782 221 8263
2781 222 8262
2780 223 8261
2779 224 8260
2778 225 8259
2777 226 8258
2776 227 8257
2775 228 8256
2774 229 8255
2773 230 8254
2772 231 8253
2771 232 8252
2770 233 8251
2769 234 8250
2768 235 8249
2767 236 8248
2766 237 8247
2765 238 8246
2764 239 8245
2763 240 8244
2762 241 8243
2761 242 8242
2760 243 8241
2759 244 8240
2758 245 8239
2757 246 8238
2756 247 8237
2755 248 8236
2754 249 8235
2753 250 8234
2752 251 8233
2751 252 8232
2750 253 8231
2749 254 8230
2748 255 8229
2747 256 8228
2746 257 8227
2745 258 8226
2744 259 8225
2743 260 8224
2742 261 8223
2741 262 8222
2740 263 8221
2739 264 8220
2738 265 8219
2737 266 8218
2736 267 8217
2735 268 8216
2734 269 8215
2733 270 8214
2732 271 8213
2731 272 8212
2730 273 8211
2729 274 8210
2728 275 8209
2727 276 8208
2726 277 8207
2725 278 8206
2724 279 8205
2723 280 8204
2722 281 8203
2721 282 8202
2720 283 8201
2719 284 8200
2718 285 8199
2717 286 8198
2716 287 8197
2715 288 8196
2714 289 8195
2713 290 8194
2712 291 8193
2711 292 8192
2710 293 8191
2709 294 8190
2708 295 8189
2707 296 8188
2706 297 8187
2705 298 8186
2704 299 8185
2703 300 8184
2702 301 8183
2701 302 8182
2700 303 8181
2699 304 8180
2698 305 8179
2697 306 8178
2696 307 8177
2695 308 8176
2694 309 8175
2693 310 8174
2692 311 8173
2691 312 8172
2690 313 8171
2689 314 8170
2688 315 8169
2687 316 8168
2686 317 8167
2685 318 8166
2684 319 8165
2683 320 8164
2682 321 8163
2681 322 8162
2680 323 8161
2679 324 8160
2678 325 8159
2677 326 8158
2676 327 8157
2675 328 8156
2674 329 8155
2673 330 8154
2672 331 8153
2671 332 8152
2670 333 8151
2669 334 8150
2668 335 8149
2667 336 8148
2666 337 8147
2665 338 8146
2664 339 8145
2663 340 8144
2662 341 8143
2661 342 8142
2660 343 8141
2659 344 8140
2658 345 8139
2657 346 8138
2656 347 8137
2655 348 8136
2654 349 8135
2653 350 8134
2652 351 8133
2651 352 8132
2650 353 8131
2649 354 8130
2648 355 8129
2647 356 8128
2646 357 8127
2645 358 8126
2644 359 8125
2643 360 8124
2642 361 8123
2641 362 8122
2640 363 8121
2639 364 8120
2638 365 8119
2637 366 8118
2636 367 8117
2635 368 8116
2634 369 8115
2633 370 8114
2632 371 8113
2631 372 8112
2630 373 8111
2629 374 8110
2628 375 8109
2627 376 8108
2626 377 8107
2625 378 8106
2624 379 8105
2623 380 8104
2622 381 8103
2621 382 8102
2620 383 8101
2619 384 8100
2618 385 8099
2617 386 8098
2616 387 8097
2615 388 8096
2614 389 8095
2613 390 8094
2612 391 8093
2611 392 8092
2610 393 8091
2609 394 8090
2608 395 8089
2607 396 8088
2606 397 8087
2605 398 8086
2604 399 8085
2603 400 8084
2602 401 8083
2601 402 8082
2600 403 8081
2599 404 8080
2598 405 8079
2597 406 8078
2596 407 8077
2595 408 8076
2594 409 8075
2593 410 8074
2592 411 8073
2591 412 8072
2590 413 8071
2589 414 8070
2588 415 8069
2587 416 8068
2586 417 8067
2585 418 8066
2584 419 8065
2583 420 8064
2582 421 8063
2581 422 8062
2580 423 8061
2579 424 8060
2578 425 8059
2577 426 8058
2576 427 8057
2575 428 8056
2574 429 8055
2573 430 8054
2572 431 8053
2571 432 8052
2570 433 8051
2569 434 8050
2568 435 8049
2567 436 8048
2566 437 8047
2565 438 8046
2564 439 8045
2563 440 8044
2562 441 8043
2561 442 8042
2560 443 8041
2559 444 8040
2558 445 8039
2557 446 8038
2556 447 8037
2555 448 8036
2554 449 8035
2553 450 8034
2552 451 8033
2551 452 8032
2550 453 8031
2549 454 8030
2548 455 8029
2547 456 8028
2546 457 8027
2545 458 8026
2544 459 8025
2543 460 8024
2542 461 8023
2541 462 8022
2540 463 8021
2539 464 8020
2538 465 8019
2537 466 8018
2536 467 8017
2535 468 8016
2534 469 8015
2533 470 8014
2532 471 8013
2531 472 8012
2530 473 8011
2529 474 8010
2528 475 8009
2527 476 8008
2526 477 8007
2525 478 8006
2524 479 8005
2523 480 8004
2522 481 8003
2521 482 8002
2520 483 8001
2519 484 8000
2518 485 7999
2517 486 7998
2516 487 7997
2515 488 7996
2514 489 7995
2513 490 7994
2512 491 7993
2511 492 7992
2510 493 7991
2509 494 7990
2508 495 7989
2507 496 7988
2506 497 7987
2505 498 7986
2504 499 7985
2503 500 7984
2502 501 7983
2501 502 7982
2500 503 7981
2499 504 7980
2498 505 7979
2497 506 7978
2496 507 7977
2495 508 7976
2494 509 7975
2493 510 7974
2492 511 7973
2491 512 7972
2490 513 7971
2489 514 7970
2488 515 7969
2487 516 7968
2486 517 7967
2485 518 7966
2484 519 7965
2483 520 7964
2482 521 7963
2481 522 7962
2480 523 7961
2479 524 7960
2478 525 7959
2477 526 7958
2476 527 7957
2475 528 7956
2474 529 7955
2473 530 7954
2472 531 7953
2471 532 7952
2470 533 7951
2469 534 7950
2468 535 7949
2467 536 7948
2466 537 7947
2465 538 7946
2464 539 7945
2463 540 7944
2462 541 7943
2461 542 7942
2460 543 7941
2459 544 7940
2458 545 7939
2457 546 7938
2456 547 7937
2455 548 7936
2454 549 7935
2453 550 7934
2452 551 7933
2451 552 7932
2450 553 7931
2449 554 7930
2448 555 7929
2447 556 7928
2446 557 7927
2445 558 7926
2444 559 7925
2443 560 7924
2442 561 7923
2441 562 7922
2440 563 7921
2439 564 7920
2438 565 7919
2437 566 7918
2436 567 7917
2435 568 7916
2434 569 7915
2433 570 7914
2432 571 7913
2431 572 7912
2430 573 7911
2429 574 7910
2428 575 7909
2427 576 7908
2426 577 7907
2425 578 7906
2424 579 7905
2423 580 7904
2422 581 7903
2421 582 7902
2420 583 7901
2419 584 7900
2418 585 7899
2417 586 7898
2416 587 7897
2415 588 7896
2414 589 7895
2413 590 7894
2412 591 7893
2411 592 7892
2410 593 7891
2409 594 7890
2408 595 7889
2407 596 7888
2406 597 7887
2405 598 7886
2404 599 7885
2403 600 7884
2402 601 7883
2401 602 7882
2400 603 7881
2399 604 7880
2398 605 7879
2397 606 7878
2396 607 7877
2395 608 7876
2394 609 7875
2393 610 7874
2392 611 7873
2391 612 7872
2390 613 7871
2389 614 7870
2388 615 7869
2387 616 7868
2386 617 7867
2385 618 7866
2384 619 7865
2383 620 7864
2382 621 7863
2381 622 7862
2380 623 7861
2379 624 7860
2378 625 7859
2377 626 7858
2376 627 7857
2375 628 7856
2374 629 7855
2373 630 7854
2372 631 7853
2371 632 7852
2370 633 7851
2369 634 7850
2368 635 7849
2367 636 7848
2366 637 7847
2365 638 7846
2364 639 7845
2363 640 7844
2362 641 7843
2361 642 7842
2360 643 7841
2359 644 7840
2358 645 7839
2357 646 7838
2356 647 7837
2355 648 7836
2354 649 7835
2353 650 7834
2352 651 7833
2351 652 7832
2350 653 7831
2349 654 7830
2348 655 7829
2347 656 7828
2346 657 7827
2345 658 7826
2344 659 7825
2343 660 7824
2342 661 7823
2341 662 7822
2340 663 7821
2339 664 7820
2338 665 7819
2337 666 7818
2336 667 7817
2335 668 7816
2334 669 7815
2333 670 7814
2332 671 7813
2331 672 7812
2330 673 7811
2329 674 7810
2328 675 7809
2327 676 7808
2326 677 7807
2325 678 7806
2324 679 7805
2323 680 7804
2322 681 7803
2321 682 7802
2320 683 7801
2319 684 7800
2318 685 7799
2317 686 7798
2316 687 7797
2315 688 7796
2314 689 7795
2313 690 7794
2312 691 7793
2311 692 7792
2310 693 7791
2309 694 7790
2308 695 7789
2307 696 7788
2306 697 7787
2305 698 7786
2304 699 7785
2303 700 7784
2302 701 7783
2301 702 7782
2300 703 7781
2299 704 7780
2298 705 7779
2297 706 7778
2296 707 7777
2295 708 7776
2294 709 7775
2293 710 7774
2292 711 7773
2291 712 7772
2290 713 7771
2289 714 7770
2288 715 7769
2287 716 7768
2286 717 7767
2285 718 7766
2284 719 7765
2283 720 7764
2282 721 7763
2281 722 7762
2280 723 7761
2279 724 7760
2278 725 7759
2277 726 7758
2276 727 7757
2275 728 7756
2274 729 7755
2273 730 7754
2272 731 7753
2271 732 7752
2270 733 7751
2269 734 7750
2268 735 7749
2267 736 7748
2266 737 7747
2265 738 7746
2264 739 7745
2263 740 7744
2262 741 7743
2261 742 7742
2260 743 7741
2259 744 7740
2258 745 7739
2257 746 7738
2256 747 7737
2255 748 7736
2254 749 7735
2253 750 7734
2252 751 7733
2251 752 7732
2250 753 7731
2249 754 7730
2248 755 7729
2247 756 7728
2246 757 7727
2245 758 7726
2244 759 7725
2243 760 7724
2242 761 7723
2241 762 7722
2240 763 7721
2239 764 7720
2238 765 7719
2237 766 7718
2236 767 7717
2235 768 7716
2234 769 7715
2233 770 7714
2232 771 7713
2231 772 7712
2230 773 7711
2229 774 7710
2228 775 7709
2227 776 7708
2226 777 7707
2225 778 7706
2224 779 7705
2223 780 7704
2222 781 7703
2221 782 7702
2220 783 7701
2219 784 7700
2218 785 7699
2217 786 7698
2216 787 7697
2215 788 7696
2214 789 7695
2213 790 7694
2212 791 7693
2211 792 7692
2210 793 7691
2209 794 7690
2208 795 7689
2207 796 7688
2206 797 7687
2205 798 7686
2204 799 7685
2203 800 7684
2202 801 7683
2201 802 7682
2200 803 7681
2199 804 7680
2198 805 7679
2197 806 7678
2196 807 7677
2195 808 7676
2194 809 7675
2193 810 7674
2192 811 7673
2191 812 7672
2190 813 7671
2189 814 7670
2188 815 7669
2187 816 7668
2186 817 7667
2185 818 7666
2184 819 7665
2183 820 7664
2182 821 7663
2181 822 7662
2180 823 7661
2179 824 7660
2178 825 7659
2177 826 7658
2176 827 7657
2175 828 7656
2174 829 7655
2173 830 7654
2172 831 7653
2171 832 7652
2170 833 7651
2169 834 7650
2168 835 7649
2167 836 7648
2166 837 7647
2165 838 7646
2164 839 7645
2163 840 7644
2162 841 7643
2161 842 7642
2160 843 7641
2159 844 7640
2158 845 7639
2157 846 7638
2156 847 7637
2155 848 7636
2154 849 7635
2153 850 7634
2152 851 7633
2151 852 7632
2150 853 7631
2149 854 7630
2148 855 7629
2147 856 7628
2146 857 7627
2145 858 7626
2144 859 7625
2143 860 7624
2142 861 7623
2141 862 7622
2140 863 7621
2139 864 7620
2138 865 7619
2137 866 7618
2136 867 7617
2135 868 7616
2134 869 7615
2133 870 7614
2132 871 7613
2131 872 7612
2130 873 7611
2129 874 7610
2128 875 7609
2127 876 7608
2126 877 7607
2125 878 7606
2124 879 7605
2123 880 7604
2122 881 7603
2121 882 7602
2120 883 7601
2119 884 7600
2118 885 7599
2117 886 7598
2116 887 7597
2115 888 7596
2114 889 7595
2113 890 7594
2112 891 7593
2111 892 7592
2110 893 7591
2109 894 7590
2108 895 7589
2107 896 7588
2106 897 7587
2105 898 7586
2104 899 7585
2103 900 7584
2102 901 7583
2101 902 7582
2100 903 7581
2099 904 7580
2098 905 7579
2097 906 7578
2096 907 7577
2095 908 7576
2094 909 7575
2093 910 7574
2092 911 7573
2091 912 7572
2090 913 7571
2089 914 7570
2088 915 7569
2087 916 7568
2086 917 7567
2085 918 7566
2084 919 7565
2083 920 7564
2082 921 7563
2081 922 7562
2080 923 7561
2079 924 7560
2078 925 7559
2077 926 7558
2076 927 7557
2075 928 7556
2074 929 7555
2073 930 7554
2072 931 7553
2071 932 7552
2070 933 7551
2069 934 7550
2068 935 7549
2067 936 7548
2066 937 7547
2065 938 7546
2064 939 7545
2063 940 7544
2062 941 7543
2061 942 7542
2060 943 7541
2059 944 7540
2058 945 7539
2057 946 7538
2056 947 7537
2055 948 7536
2054 949 7535
2053 950 7534
2052 951 7533
2051 952 7532
2050 953 7531
2049 954 7530
2048 955 7529
2047 956 7528
2046 957 7527
2045 958 7526
2044 959 7525
2043 960 7524
2042 961 7523
2041 962 7522
2040 963 7521
2039 964 7520
2038 965 7519
2037 966 7518
2036 967 7517
2035 968 7516
2034 969 7515
2033 970 7514
2032 971 7513
2031 972 7512
2030 973 7511
2029 974 7510
2028 975 7509
2027 976 7508
2026 977 7507
2025 978 7506
2024 979 7505
2023 980 7504
2022 981 7503
2021 982 7502
2020 983 7501
2019 984 7500
2018 985 7499
2017 986 7498
2016 987 7497
2015 988 7496
2014 989 7495
2013 990 7494
2012 991 7493
2011 992 7492
2010 993 7491
2009 994 7490
2008 995 7489
2007 996 7488
2006 997 7487
2005 998 7486
2004 999 7485
2003 1000 7484
2002 1001 7483
2001 1002 7482
2000 1003 7481
1999 1004 7480
1998 1005 7479
1997 1006 7478
1996 1007 7477
1995 1008 7476
1994 1009 7475
1993 1010 7474
1992 1011 7473
1991 1012 7472
1990 1013 7471
1989 1014 7470
1988 1015 7469
1987 1016 7468
1986 1017 7467
1985 1018 7466
1984 1019 7465
1983 1020 7464
1982 1021 7463
1981 1022 7462
1980 1023 7461
1979 1024 7460
1978 1025 7459
1977 1026 7458
1976 1027 7457
1975 1028 7456
1974 1029 7455
1973 1030 7454
1972 1031 7453
1971 1032 7452
1970 1033 7451
1969 1034 7450
1968 1035 7449
1967 1036 7448
1966 1037 7447
1965 1038 7446
1964 1039 7445
1963 1040 7444
1962 1041 7443
1961 1042 7442
1960 1043 7441
1959 1044 7440
1958 1045 7439
1957 1046 7438
1956 1047 7437
1955 1048 7436
1954 1049 7435
1953 1050 7434
1952 1051 7433
1951 1052 7432
1950 1053 7431
1949 1054 7430
1948 1055 7429
1947 1056 7428
1946 1057 7427
1945 1058 7426
1944 1059 7425
1943 1060 7424
1942 1061 7423
1941 1062 7422
1940 1063 7421
1939 1064 7420
1938 1065 7419
1937 1066 7418
1936 1067 7417
1935 1068 7416
1934 1069 7415
1933 1070 7414
1932 1071 7413
1931 1072 7412
1930 1073 7411
1929 1074 7410
1928 1075 7409
1927 1076 7408
1926 1077 7407
1925 1078 7406
1924 1079 7405
1923 1080 7404
1922 1081 7403
1921 1082 7402
1920 1083 7401
1919 1084 7400
1918 1085 7399
1917 1086 7398
1916 1087 7397
1915 1088 7396
1914 1089 7395
1913 1090 7394
1912 1091 7393
1911 1092 7392
1910 1093 7391
1909 1094 7390
1908 1095 7389
1907 1096 7388
1906 1097 7387
1905 1098 7386
1904 1099 7385
1903 1100 7384
1902 1101 7383
1901 1102 7382
1900 1103 7381
1899 1104 7380
1898 1105 7379
1897 1106 7378
1896 1107 7377
1895 1108 7376
1894 1109 7375
1893 1110 7374
1892 1111 7373
1891 1112 7372
1890 1113 7371
1889 1114 7370
1888 1115 7369
1887 1116 7368
1886 1117 7367
1885 1118 7366
1884 1119 7365
1883 1120 7364
1882 1121 7363
1881 1122 7362
1880 1123 7361
1879 1124 7360
1878 1125 7359
1877 1126 7358
1876 1127 7357
1875 1128 7356
1874 1129 7355
1873 1130 7354
1872 1131 7353
1871 1132 7352
1870 1133 7351
1869 1134 7350
1868 1135 7349
1867 1136 7348
1866 1137 7347
1865 1138 7346
1864 1139 7345
1863 1140 7344
1862 1141 7343
1861 1142 7342
1860 1143 7341
1859 1144 7340
1858 1145 7339
1857 1146 7338
1856 1147 7337
1855 1148 7336
1854 1149 7335
1853 1150 7334
1852 1151 7333
1851 1152 7332
1850 1153 7331
1849 1154 7330
1848 1155 7329
1847 1156 7328
1846 1157 7327
1845 1158 7326
1844 1159 7325
1843 1160 7324
1842 1161 7323
1841 1162 7322
1840 1163 7321
1839 1164 7320
1838 1165 7319
1837 1166 7318
1836 1167 7317
1835 1168 7316
1834 1169 7315
1833 1170 7314
1832 1171 7313
1831 1172 7312
1830 1173 7311
1829 1174 7310
1828 1175 7309
1827 1176 7308
1826 1177 7307
1825 1178 7306
1824 1179 7305
1823 1180 7304
1822 1181 7303
1821 1182 7302
1820 1183 7301
1819 1184 7300
1818 1185 7299
1817 1186 7298
1816 1187 7297
1815 1188 7296
1814 1189 7295
1813 1190 7294
1812 1191 7293
1811 1192 7292
1810 1193 7291
1809 1194 7290
1808 1195 7289
1807 1196 7288
1806 1197 7287
1805 1198 7286
1804 1199 7285
1803 1200 7284
1802 1201 7283
1801 1202 7282
1800 1203 7281
1799 1204 7280
1798 1205 7279
1797 1206 7278
1796 1207 7277
1795 1208 7276
1794 1209 7275
1793 1210 7274
1792 1211 7273
1791 1212 7272
1790 1213 7271
1789 1214 7270
1788 1215 7269
1787 1216 7268
1786 1217 7267
1785 1218 7266
1784 1219 7265
1783 1220 7264
1782 1221 7263
1781 1222 7262
1780 1223 7261
1779 1224 7260
1778 1225 7259
1777 1226 7258
1776 1227 7257
1775 1228 7256
1774 1229 7255
1773 1230 7254
1772 1231 7253
1771 1232 7252
1770 1233 7251
1769 1234 7250
1768 1235 7249
1767 1236 7248
1766 1237 7247
1765 1238 7246
1764 1239 7245
1763 1240 7244
1762 1241 7243
1761 1242 7242
1760 1243 7241
1759 1244 7240
1758 1245 7239
1757 1246 7238
1756 1247 7237
1755 1248 7236
1754 1249 7235
1753 1250 7234
1752 1251 7233
1751 1252 7232
1750 1253 7231
1749 1254 7230
1748 1255 7229
1747 1256 7228
1746 1257 7227
1745 1258 7226
1744 1259 7225
1743 1260 7224
1742 1261 7223
1741 1262 7222
1740 1263 7221
1739 1264 7220
1738 1265 7219
1737 1266 7218
1736 1267 7217
1735 1268 7216
1734 1269 7215
1733 1270 7214
1732 1271 7213
1731 1272 7212
1730 1273 7211
1729 1274 7210
1728 1275 7209
1727 1276 7208
1726 1277 7207
1725 1278 7206
1724 1279 7205
1723 1280 7204
1722 1281 7203
1721 1282 7202
1720 1283 7201
1719 1284 7200
1718 1285 7199
1717 1286 7198
1716 1287 7197
1715 1288 7196
1714 1289 7195
1713 1290 7194
1712 1291 7193
1711 1292 7192
1710 1293 7191
1709 1294 7190
1708 1295 7189
1707 1296 7188
1706 1297 7187
1705 1298 7186
1704 1299 7185
1703 1300 7184
1702 1301 7183
1701 1302 7182
1700 1303 7181
1699 1304 7180
1698 1305 7179
1697 1306 7178
1696 1307 7177
1695 1308 7176
1694 1309 7175
1693 1310 7174
1692 1311 7173
1691 1312 7172
1690 1313 7171
1689 1314 7170
1688 1315 7169
1687 1316 7168
1686 1317 7167
1685 1318 7166
1684 1319 7165
1683 1320 7164
1682 1321 7163
1681 1322 7162
1680 1323 7161
1679 1324 7160
1678 1325 7159
1677 1326 7158
1676 1327 7157
1675 1328 7156
1674 1329 7155
1673 1330 7154
1672 1331 7153
1671 1332 7152
1670 1333 7151
1669 1334 7150
1668 1335 7149
1667 1336 7148
1666 1337 7147
1665 1338 7146
1664 1339 7145
1663 1340 7144
1662 1341 7143
1661 1342 7142
1660 1343 7141
1659 1344 7140
1658 1345 7139
1657 1346 7138
1656 1347 7137
1655 1348 7136
1654 1349 7135
1653 1350 7134
1652 1351 7133
1651 1352 7132
1650 1353 7131
1649 1354 7130
1648 1355 7129
1647 1356 7128
1646 1357 7127
1645 1358 7126
1644 1359 7125
1643 1360 7124
1642 1361 7123
1641 1362 7122
1640 1363 7121
1639 1364 7120
1638 1365 7119
1637 1366 7118
1636 1367 7117
1635 1368 7116
1634 1369 7115
1633 1370 7114
1632 1371 7113
1631 1372 7112
1630 1373 7111
1629 1374 7110
1628 1375 7109
1627 1376 7108
1626 1377 7107
1625 1378 7106
1624 1379 7105
1623 1380 7104
1622 1381 7103
1621 1382 7102
1620 1383 7101
1619 1384 7100
1618 1385 7099
1617 1386 7098
1616 1387 7097
1615 1388 7096
1614 1389 7095
1613 1390 7094
1612 1391 7093
1611 1392 7092
1610 1393 7091
1609 1394 7090
1608 1395 7089
1607 1396 7088
1606 1397 7087
1605 1398 7086
1604 1399 7085
1603 1400 7084
1602 1401 7083
1601 1402 7082
1600 1403 7081
1599 1404 7080
1598 1405 7079
1597 1406 7078
1596 1407 7077
1595 1408 7076
1594 1409 7075
1593 1410 7074
1592 1411 7073
1591 1412 7072
1590 1413 7071
1589 1414 7070
1588 1415 7069
1587 1416 7068
1586 1417 7067
1585 1418 7066
1584 1419 7065
1583 1420 7064
1582 1421 7063
1581 1422 7062
1580 1423 7061
1579 1424 7060
1578 1425 7059
1577 1426 7058
1576 1427 7057
1575 1428 7056
1574 1429 7055
1573 1430 7054
1572 1431 7053
1571 1432 7052
1570 1433 7051
1569 1434 7050
1568 1435 7049
1567 1436 7048
1566 1437 7047
1565 1438 7046
1564 1439 7045
1563 1440 7044
1562 1441 7043
1561 1442 7042
1560 1443 7041
1559 1444 7040
1558 1445 7039
1557 1446 7038
1556 1447 7037
1555 1448 7036
1554 1449 7035
1553 1450 7034
1552 1451 7033
1551 1452 7032
1550 1453 7031
1549 1454 7030
1548 1455 7029
1547 1456 7028
1546 1457 7027
1545 1458 7026
1544 1459 7025
1543 1460 7024
1542 1461 7023
1541 1462 7022
1540 1463 7021
1539 1464 7020
1538 1465 7019
1537 1466 7018
1536 1467 7017
1535 1468 7016
1534 1469 7015
1533 1470 7014
1532 1471 7013
1531 1472 7012
1530 1473 7011
1529 1474 7010
1528 1475 7009
1527 1476 7008
1526 1477 7007
1525 1478 7006
1524 1479 7005
1523 1480 7004
1522 1481 7003
1521 1482 7002
1520 1483 7001
1519 1484 7000
1518 1485 6999
1517 1486 6998
1516 1487 6997
1515 1488 6996
1514 1489 6995
1513 1490 6994
1512 1491 6993
1511 1492 6992
1510 1493 6991
1509 1494 6990
1508 1495 6989
1507 1496 6988
1506 1497 6987
1505 1498 6986
1504 1499 6985
1503 1500 6984
1502 1501 6983
1501 1502 6982
1500 1503 6981
1499 1504 6980
1498 1505 6979
1497 1506 6978
1496 1507 6977
1495 1508 6976
1494 1509 6975
1493 1510 6974
1492 1511 6973
1491 1512 6972
1490 1513 6971
1489 1514 6970
1488 1515 6969
1487 1516 6968
1486 1517 6967
1485 1518 6966
1484 1519 6965
1483 1520 6964
1482 1521 6963
1481 1522 6962
1480 1523 6961
1479 1524 6960
1478 1525 6959
1477 1526 6958
1476 1527 6957
1475 1528 6956
1474 1529 6955
1473 1530 6954
1472 1531 6953
1471 1532 6952
1470 1533 6951
1469 1534 6950
1468 1535 6949
1467 1536 6948
1466 1537 6947
1465 1538 6946
1464 1539 6945
1463 1540 6944
1462 1541 6943
1461 1542 6942
1460 1543 6941
1459 1544 6940
1458 1545 6939
1457 1546 6938
1456 1547 6937
1455 1548 6936
1454 1549 6935
1453 1550 6934
1452 1551 6933
1451 1552 6932
1450 1553 6931
1449 1554 6930
1448 1555 6929
1447 1556 6928
1446 1557 6927
1445 1558 6926
1444 1559 6925
1443 1560 6924
1442 1561 6923
1441 1562 6922
1440 1563 6921
1439 1564 6920
1438 1565 6919
1437 1566 6918
1436 1567 6917
1435 1568 6916
1434 1569 6915
1433 1570 6914
1432 1571 6913
1431 1572 6912
1430 1573 6911
1429 1574 6910
1428 1575 6909
1427 1576 6908
1426 1577 6907
1425 1578 6906
1424 1579 6905
1423 1580 6904
1422 1581 6903
1421 1582 6902
1420 1583 6901
1419 1584 6900
1418 1585 6899
1417 1586 6898
1416 1587 6897
1415 1588 6896
1414 1589 6895
1413 1590 6894
1412 1591 6893
1411 1592 6892
1410 1593 6891
1409 1594 6890
1408 1595 6889
1407 1596 6888
1406 1597 6887
1405 1598 6886
1404 1599 6885
1403 1600 6884
1402 1601 6883
1401 1602 6882
1400 1603 6881
1399 1604 6880
1398 1605 6879
1397 1606 6878
1396 1607 6877
1395 1608 6876
1394 1609 6875
1393 1610 6874
1392 1611 6873
1391 1612 6872
1390 1613 6871
1389 1614 6870
1388 1615 6869
1387 1616 6868
1386 1617 6867
1385 1618 6866
1384 1619 6865
1383 1620 6864
1382 1621 6863
1381 1622 6862
1380 1623 6861
1379 1624 6860
1378 1625 6859
1377 1626 6858
1376 1627 6857
1375 1628 6856
1374 1629 6855
1373 1630 6854
1372 1631 6853
1371 1632 6852
1370 1633 6851
1369 1634 6850
1368 1635 6849
1367 1636 6848
1366 1637 6847
1365 1638 6846
1364 1639 6845
1363 1640 6844
1362 1641 6843
1361 1642 6842
1360 1643 6841
1359 1644 6840
1358 1645 6839
1357 1646 6838
1356 1647 6837
1355 1648 6836
1354 1649 6835
1353 1650 6834
1352 1651 6833
1351 1652 6832
1350 1653 6831
1349 1654 6830
1348 1655 6829
1347 1656 6828
1346 1657 6827
1345 1658 6826
1344 1659 6825
1343 1660 6824
1342 1661 6823
1341 1662 6822
1340 1663 6821
1339 1664 6820
1338 1665 6819
1337 1666 6818
1336 1667 6817
1335 1668 6816
1334 1669 6815
1333 1670 6814
1332 1671 6813
1331 1672 6812
1330 1673 6811
1329 1674 6810
1328 1675 6809
1327 1676 6808
1326 1677 6807
1325 1678 6806
1324 1679 6805
1323 1680 6804
1322 1681 6803
1321 1682 6802
1320 1683 6801
1319 1684 6800
1318 1685 6799
1317 1686 6798
1316 1687 6797
1315 1688 6796
1314 1689 6795
1313 1690 6794
1312 1691 6793
1311 1692 6792
1310 1693 6791
1309 1694 6790
1308 1695 6789
1307 1696 6788
1306 1697 6787
1305 1698 6786
1304 1699 6785
1303 1700 6784
1302 1701 6783
1301 1702 6782
1300 1703 6781
1299 1704 6780
1298 1705 6779
1297 1706 6778
1296 1707 6777
1295 1708 6776
1294 1709 6775
1293 1710 6774
1292 1711 6773
1291 1712 6772
1290 1713 6771
1289 1714 6770
1288 1715 6769
1287 1716 6768
1286 1717 6767
1285 1718 6766
1284 1719 6765
1283 1720 6764
1282 1721 6763
1281 1722 6762
1280 1723 6761
1279 1724 6760
1278 1725 6759
1277 1726 6758
1276 1727 6757
1275 1728 6756
1274 1729 6755
1273 1730 6754
1272 1731 6753
1271 1732 6752
1270 1733 6751
1269 1734 6750
1268 1735 6749
1267 1736 6748
1266 1737 6747
1265 1738 6746
1264 1739 6745
1263 1740 6744
1262 1741 6743
1261 1742 6742
1260 1743 6741
1259 1744 6740
1258 1745 6739
1257 1746 6738
1256 1747 6737
1255 1748 6736
1254 1749 6735
1253 1750 6734
1252 1751 6733
1251 1752 6732
1250 1753 6731
1249 1754 6730
1248 1755 6729
1247 1756 6728
1246 1757 6727
1245 1758 6726
1244 1759 6725
1243 1760 6724
1242 1761 6723
1241 1762 6722
1240 1763 6721
1239 1764 6720
1238 1765 6719
1237 1766 6718
1236 1767 6717
1235 1768 6716
1234 1769 6715
1233 1770 6714
1232 1771 6713
1231 1772 6712
1230 1773 6711
1229 1774 6710
1228 1775 6709
1227 1776 6708
1226 1777 6707
1225 1778 6706
1224 1779 6705
1223 1780 6704
1222 1781 6703
1221 1782 6702
1220 1783 6701
1219 1784 6700
1218 1785 6699
1217 1786 6698
1216 1787 6697
1215 1788 6696
1214 1789 6695
1213 1790 6694
1212 1791 6693
1211 1792 6692
1210 1793 6691
1209 1794 6690
1208 1795 6689
1207 1796 6688
1206 1797 6687
1205 1798 6686
1204 1799 6685
1203 1800 6684
1202 1801 6683
1201 1802 6682
1200 1803 6681
1199 1804 6680
1198 1805 6679
1197 1806 6678
1196 1807 6677
1195 1808 6676
1194 1809 6675
1193 1810 6674
1192 1811 6673
1191 1812 6672
1190 1813 6671
1189 1814 6670
1188 1815 6669
1187 1816 6668
1186 1817 6667
1185 1818 6666
1184 1819 6665
1183 1820 6664
1182 1821 6663
1181 1822 6662
1180 1823 6661
1179 1824 6660
1178 1825 6659
1177 1826 6658
1176 1827 6657
1175 1828 6656
1174 1829 6655
1173 1830 6654
1172 1831 6653
1171 1832 6652
1170 1833 6651
1169 1834 6650
1168 1835 6649
1167 1836 6648
1166 1837 6647
1165 1838 6646
1164 1839 6645
1163 1840 6644
1162 1841 6643
1161 1842 6642
1160 1843 6641
1159 1844 6640
1158 1845 6639
1157 1846 6638
1156 1847 6637
1155 1848 6636
1154 1849 6635
1153 1850 6634
1152 1851 6633
1151 1852 6632
1150 1853 6631
1149 1854 6630
1148 1855 6629
1147 1856 6628
1146 1857 6627
1145 1858 6626
1144 1859 6625
1143 1860 6624
1142 1861 6623
1141 1862 6622
1140 1863 6621
1139 1864 6620
1138 1865 6619
1137 1866 6618
1136 1867 6617
1135 1868 6616
1134 1869 6615
1133 1870 6614
1132 1871 6613
1131 1872 6612
1130 1873 6611
1129 1874 6610
1128 1875 6609
1127 1876 6608
1126 1877 6607
1125 1878 6606
1124 1879 6605
1123 1880 6604
1122 1881 6603
1121 1882 6602
1120 1883 6601
1119 1884 6600
1118 1885 6599
1117 1886 6598
1116 1887 6597
1115 1888 6596
1114 1889 6595
1113 1890 6594
1112 1891 6593
1111 1892 6592
1110 1893 6591
1109 1894 6590
1108 1895 6589
1107 1896 6588
1106 1897 6587
1105 1898 6586
1104 1899 6585
1103 1900 6584
1102 1901 6583
1101 1902 6582
1100 1903 6581
1099 1904 6580
1098 1905 6579
1097 1906 6578
1096 1907 6577
1095 1908 6576
1094 1909 6575
1093 1910 6574
1092 1911 6573
1091 1912 6572
1090 1913 6571
1089 1914 6570
1088 1915 6569
1087 1916 6568
1086 1917 6567
1085 1918 6566
1084 1919 6565
1083 1920 6564
1082 1921 6563
1081 1922 6562
1080 1923 6561
1079 1924 6560
1078 1925 6559
1077 1926 6558
1076 1927 6557
1075 1928 6556
1074 1929 6555
1073 1930 6554
1072 1931 6553
1071 1932 6552
1070 1933 6551
1069 1934 6550
1068 1935 6549
1067 1936 6548
1066 1937 6547
1065 1938 6546
1064 1939 6545
1063 1940 6544
1062 1941 6543
1061 1942 6542
1060 1943 6541
1059 1944 6540
1058 1945 6539
1057 1946 6538
1056 1947 6537
1055 1948 6536
1054 1949 6535
1053 1950 6534
1052 1951 6533
1051 1952 6532
1050 1953 6531
1049 1954 6530
1048 1955 6529
1047 1956 6528
1046 1957 6527
1045 1958 6526
1044 1959 6525
1043 1960 6524
1042 1961 6523
1041 1962 6522
1040 1963 6521
1039 1964 6520
1038 1965 6519
1037 1966 6518
1036 1967 6517
1035 1968 6516
1034 1969 6515
1033 1970 6514
1032 1971 6513
1031 1972 6512
1030 1973 6511
1029 1974 6510
1028 1975 6509
1027 1976 6508
1026 1977 6507
1025 1978 6506
1024 1979 6505
1023 1980 6504
1022 1981 6503
1021 1982 6502
1020 1983 6501
1019 1984 6500
1018 1985 6499
1017 1986 6498
1016 1987 6497
1015 1988 6496
1014 1989 6495
1013 1990 6494
1012 1991 6493
1011 1992 6492
1010 1993 6491
1009 1994 6490
1008 1995 6489
1007 1996 6488
1006 1997 6487
1005 1998 6486
1004 1999 6485
1003 2000 6484
1002 2001 6483
1001 2002 6482
1000 2003 6481
999 2004 6480
998 2005 6479
997 2006 6478
996 2007 6477
995 2008 6476
994 2009 6475
993 2010 6474
992 2011 6473
991 2012 6472
990 2013 6471
989 2014 6470
988 2015 6469
987 2016 6468
986 2017 6467
985 2018 6466
984 2019 6465
983 2020 6464
982 2021 6463
981 2022 6462
980 2023 6461
979 2024 6460
978 2025 6459
977 2026 6458
976 2027 6457
975 2028 6456
974 2029 6455
973 2030 6454
972 2031 6453
971 2032 6452
970 2033 6451
969 2034 6450
968 2035 6449
967 2036 6448
966 2037 6447
965 2038 6446
964 2039 6445
963 2040 6444
962 2041 6443
961 2042 6442
960 2043 6441
959 2044 6440
958 2045 6439
957 2046 6438
956 2047 6437
955 2048 6436
954 2049 6435
953 2050 6434
952 2051 6433
951 2052 6432
950 2053 6431
949 2054 6430
948 2055 6429
947 2056 6428
946 2057 6427
945 2058 6426
944 2059 6425
943 2060 6424
942 2061 6423
941 2062 6422
940 2063 6421
939 2064 6420
938 2065 6419
937 2066 6418
936 2067 6417
935 2068 6416
934 2069 6415
933 2070 6414
932 2071 6413
931 2072 6412
930 2073 6411
929 2074 6410
928 2075 6409
927 2076 6408
926 2077 6407
925 2078 6406
924 2079 6405
923 2080 6404
922 2081 6403
921 2082 6402
920 2083 6401
919 2084 6400
918 2085 6399
917 2086 6398
916 2087 6397
915 2088 6396
914 2089 6395
913 2090 6394
912 2091 6393
911 2092 6392
910 2093 6391
909 2094 6390
908 2095 6389
907 2096 6388
906 2097 6387
905 2098 6386
904 2099 6385
903 2100 6384
902 2101 6383
901 2102 6382
900 2103 6381
899 2104 6380
898 2105 6379
897 2106 6378
896 2107 6377
895 2108 6376
894 2109 6375
893 2110 6374
892 2111 6373
891 2112 6372
890 2113 6371
889 2114 6370
888 2115 6369
887 2116 6368
886 2117 6367
885 2118 6366
884 2119 6365
883 2120 6364
882 2121 6363
881 2122 6362
880 2123 6361
879 2124 6360
878 2125 6359
877 2126 6358
876 2127 6357
875 2128 6356
874 2129 6355
873 2130 6354
872 2131 6353
871 2132 6352
870 2133 6351
869 2134 6350
868 2135 6349
867 2136 6348
866 2137 6347
865 2138 6346
864 2139 6345
863 2140 6344
862 2141 6343
861 2142 6342
860 2143 6341
859 2144 6340
858 2145 6339
857 2146 6338
856 2147 6337
855 2148 6336
854 2149 6335
853 2150 6334
852 2151 6333
851 2152 6332
850 2153 6331
849 2154 6330
848 2155 6329
847 2156 6328
846 2157 6327
845 2158 6326
844 2159 6325
843 2160 6324
842 2161 6323
841 2162 6322
840 2163 6321
839 2164 6320
838 2165 6319
837 2166 6318
836 2167 6317
835 2168 6316
834 2169 6315
833 2170 6314
832 2171 6313
831 2172 6312
830 2173 6311
829 2174 6310
828 2175 6309
827 2176 6308
826 2177 6307
825 2178 6306
824 2179 6305
823 2180 6304
822 2181 6303
821 2182 6302
820 2183 6301
819 2184 6300
818 2185 6299
817 2186 6298
816 2187 6297
815 2188 6296
814 2189 6295
813 2190 6294
812 2191 6293
811 2192 6292
810 2193 6291
809 2194 6290
808 2195 6289
807 2196 6288
806 2197 6287
805 2198 6286
804 2199 6285
803 2200 6284
802 2201 6283
801 2202 6282
800 2203 6281
799 2204 6280
798 2205 6279
797 2206 6278
796 2207 6277
795 2208 6276
794 2209 6275
793 2210 6274
792 2211 6273
791 2212 6272
790 2213 6271
789 2214 6270
788 2215 6269
787 2216 6268
786 2217 6267
785 2218 6266
784 2219 6265
783 2220 6264
782 2221 6263
781 2222 6262
780 2223 6261
779 2224 6260
778 2225 6259
777 2226 6258
776 2227 6257
775 2228 6256
774 2229 6255
773 2230 6254
772 2231 6253
771 2232 6252
770 2233 6251
769 2234 6250
768 2235 6249
767 2236 6248
766 2237 6247
765 2238 6246
764 2239 6245
763 2240 6244
762 2241 6243
761 2242 6242
760 2243 6241
759 2244 6240
758 2245 6239
757 2246 6238
756 2247 6237
755 2248 6236
754 2249 6235
753 2250 6234
752 2251 6233
751 2252 6232
750 2253 6231
749 2254 6230
748 2255 6229
747 2256 6228
746 2257 6227
745 2258 6226
744 2259 6225
743 2260 6224
742 2261 6223
741 2262 6222
740 2263 6221
739 2264 6220
738 2265 6219
737 2266 6218
736 2267 6217
735 2268 6216
734 2269 6215
733 2270 6214
732 2271 6213
731 2272 6212
730 2273 6211
729 2274 6210
728 2275 6209
727 2276 6208
726 2277 6207
725 2278 6206
724 2279 6205
723 2280 6204
722 2281 6203
721 2282 6202
720 2283 6201
719 2284 6200
718 2285 6199
717 2286 6198
716 2287 6197
715 2288 6196
714 2289 6195
713 2290 6194
712 2291 6193
711 2292 6192
710 2293 6191
709 2294 6190
708 2295 6189
707 2296 6188
706 2297 6187
705 2298 6186
704 2299 6185
703 2300 6184
702 2301 6183
701 2302 6182
700 2303 6181
699 2304 6180
698 2305 6179
697 2306 6178
696 2307 6177
695 2308 6176
694 2309 6175
693 2310 6174
692 2311 6173
691 2312 6172
690 2313 6171
689 2314 6170
688 2315 6169
687 2316 6168
686 2317 6167
685 2318 6166
684 2319 6165
683 2320 6164
682 2321 6163
681 2322 6162
680 2323 6161
679 2324 6160
678 2325 6159
677 2326 6158
676 2327 6157
675 2328 6156
674 2329 6155
673 2330 6154
672 2331 6153
671 2332 6152
670 2333 6151
669 2334 6150
668 2335 6149
667 2336 6148
666 2337 6147
665 2338 6146
664 2339 6145
663 2340 6144
662 2341 6143
661 2342 6142
660 2343 6141
659 2344 6140
658 2345 6139
657 2346 6138
656 2347 6137
655 2348 6136
654 2349 6135
653 2350 6134
652 2351 6133
651 2352 6132
650 2353 6131
649 2354 6130
648 2355 6129
647 2356 6128
646 2357 6127
645 2358 6126
644 2359 6125
643 2360 6124
642 2361 6123
641 2362 6122
640 2363 6121
639 2364 6120
638 2365 6119
637 2366 6118
636 2367 6117
635 2368 6116
634 2369 6115
633 2370 6114
632 2371 6113
631 2372 6112
630 2373 6111
629 2374 6110
628 2375 6109
627 2376 6108
626 2377 6107
625 2378 6106
624 2379 6105
623 2380 6104
622 2381 6103
621 2382 6102
620 2383 6101
619 2384 6100
618 2385 6099
617 2386 6098
616 2387 6097
615 2388 6096
614 2389 6095
613 2390 6094
612 2391 6093
611 2392 6092
610 2393 6091
609 2394 6090
608 2395 6089
607 2396 6088
606 2397 6087
605 2398 6086
604 2399 6085
603 2400 6084
602 2401 6083
601 2402 6082
600 2403 6081
599 2404 6080
598 2405 6079
597 2406 6078
596 2407 6077
595 2408 6076
594 2409 6075
593 2410 6074
592 2411 6073
591 2412 6072
590 2413 6071
589 2414 6070
588 2415 6069
587 2416 6068
586 2417 6067
585 2418 6066
584 2419 6065
583 2420 6064
582 2421 6063
581 2422 6062
580 2423 6061
579 2424 6060
578 2425 6059
577 2426 6058
576 2427 6057
575 2428 6056
574 2429 6055
573 2430 6054
572 2431 6053
571 2432 6052
570 2433 6051
569 2434 6050
568 2435 6049
567 2436 6048
566 2437 6047
565 2438 6046
564 2439 6045
563 2440 6044
562 2441 6043
561 2442 6042
560 2443 6041
559 2444 6040
558 2445 6039
557 2446 6038
556 2447 6037
555 2448 6036
554 2449 6035
553 2450 6034
552 2451 6033
551 2452 6032
550 2453 6031
549 2454 6030
548 2455 6029
547 2456 6028
546 2457 6027
545 2458 6026
544 2459 6025
543 2460 6024
542 2461 6023
541 2462 6022
540 2463 6021
539 2464 6020
538 2465 6019
537 2466 6018
536 2467 6017
535 2468 6016
534 2469 6015
533 2470 6014
532 2471 6013
531 2472 6012
530 2473 6011
529 2474 6010
528 2475 6009
527 2476 6008
526 2477 6007
525 2478 6006
524 2479 6005
523 2480 6004
522 2481 6003
521 2482 6002
520 2483 6001
