2005
3000 3 8005
2999 4 8004
2998 5 8003
2997 6 8002
2996 7 8001
2995 8 8000
2994 9 7999
2993 10 7998
2992 11 7997
2991 12 7996
2990 13 7995
2989 14 7994
2988 15 7993
2987 16 7992
2986 17 7991
2985 18 7990
2984 19 7989
2983 20 7988
2982 21 7987
2981 22 7986
2980 23 7985
2979 24 7984
2978 25 7983
2977 26 7982
2976 27 7981
2975 28 7980
2974 29 7979
2973 30 7978
2972 31 7977
2971 32 7976
2970 33 7975
2969 34 7974
2968 35 7973
2967 36 7972
2966 37 7971
2965 38 7970
2964 39 7969
2963 40 7968
2962 41 7967
2961 42 7966
2960 43 7965
2959 44 7964
2958 45 7963
2957 46 7962
2956 47 7961
2955 48 7960
2954 49 7959
2953 50 7958
2952 51 7957
2951 52 7956
2950 53 7955
2949 54 7954
2948 55 7953
2947 56 7952
2946 57 7951
2945 58 7950
2944 59 7949
2943 60 7948
2942 61 7947
2941 62 7946
2940 63 7945
2939 64 7944
2938 65 7943
2937 66 7942
2936 67 7941
2935 68 7940
2934 69 7939
2933 70 7938
2932 71 7937
2931 72 7936
2930 73 7935
2929 74 7934
2928 75 7933
2927 76 7932
2926 77 7931
2925 78 7930
2924 79 7929
2923 80 7928
2922 81 7927
2921 82 7926
2920 83 7925
2919 84 7924
2918 85 7923
2917 86 7922
2916 87 7921
2915 88 7920
2914 89 7919
2913 90 7918
2912 91 7917
2911 92 7916
2910 93 7915
2909 94 7914
2908 95 7913
2907 96 7912
2906 97 7911
2905 98 7910
2904 99 7909
2903 100 7908
2902 101 7907
2901 102 7906
2900 103 7905
2899 104 7904
2898 105 7903
2897 106 7902
2896 107 7901
2895 108 7900
2894 109 7899
2893 110 7898
2892 111 7897
2891 112 7896
2890 113 7895
2889 114 7894
2888 115 7893
2887 116 7892
2886 117 7891
2885 118 7890
2884 119 7889
2883 120 7888
2882 121 7887
2881 122 7886
2880 123 7885
2879 124 7884
2878 125 7883
2877 126 7882
2876 127 7881
2875 128 7880
2874 129 7879
2873 130 7878
2872 131 7877
2871 132 7876
2870 133 7875
2869 134 7874
2868 135 7873
2867 136 7872
2866 137 7871
2865 138 7870
2864 139 7869
2863 140 7868
2862 141 7867
2861 142 7866
2860 143 7865
2859 144 7864
2858 145 7863
2857 146 7862
2856 147 7861
2855 148 7860
2854 149 7859
2853 150 7858
2852 151 7857
2851 152 7856
2850 153 7855
2849 154 7854
2848 155 7853
2847 156 7852
2846 157 7851
2845 158 7850
2844 159 7849
2843 160 7848
2842 161 7847
2841 162 7846
2840 163 7845
2839 164 7844
2838 165 7843
2837 166 7842
2836 167 7841
2835 168 7840
2834 169 7839
2833 170 7838
2832 171 7837
2831 172 7836
2830 173 7835
2829 174 7834
2828 175 7833
2827 176 7832
2826 177 7831
2825 178 7830
2824 179 7829
2823 180 7828
2822 181 7827
2821 182 7826
2820 183 7825
2819 184 7824
2818 185 7823
2817 186 7822
2816 187 7821
2815 188 7820
2814 189 7819
2813 190 7818
2812 191 7817
2811 192 7816
2810 193 7815
2809 194 7814
2808 195 7813
2807 196 7812
2806 197 7811
2805 198 7810
2804 199 7809
2803 200 7808
2802 201 7807
2801 202 7806
2800 203 7805
2799 204 7804
2798 205 7803
2797 206 7802
2796 207 7801
2795 208 7800
2794 209 7799
2793 210 7798
2792 211 7797
2791 212 7796
2790 213 7795
2789 214 7794
2788 215 7793
2787 216 7792
2786 217 7791
2785 218 7790
2784 219 7789
2783 220 7788
2782 221 7787
2781 222 7786
2780 223 7785
2779 224 7784
2778 225 7783
2777 226 7782
2776 227 7781
2775 228 7780
2774 229 7779
2773 230 7778
2772 231 7777
2771 232 7776
2770 233 7775
2769 234 7774
2768 235 7773
2767 236 7772
2766 237 7771
2765 238 7770
2764 239 7769
2763 240 7768
2762 241 7767
2761 242 7766
2760 243 7765
2759 244 7764
2758 245 7763
2757 246 7762
2756 247 7761
2755 248 7760
2754 249 7759
2753 250 7758
2752 251 7757
2751 252 7756
2750 253 7755
2749 254 7754
2748 255 7753
2747 256 7752
2746 257 7751
2745 258 7750
2744 259 7749
2743 260 7748
2742 261 7747
2741 262 7746
2740 263 7745
2739 264 7744
2738 265 7743
2737 266 7742
2736 267 7741
2735 268 7740
2734 269 7739
2733 270 7738
2732 271 7737
2731 272 7736
2730 273 7735
2729 274 7734
2728 275 7733
2727 276 7732
2726 277 7731
2725 278 7730
2724 279 7729
2723 280 7728
2722 281 7727
2721 282 7726
2720 283 7725
2719 284 7724
2718 285 7723
2717 286 7722
2716 287 7721
2715 288 7720
2714 289 7719
2713 290 7718
2712 291 7717
2711 292 7716
2710 293 7715
2709 294 7714
2708 295 7713
2707 296 7712
2706 297 7711
2705 298 7710
2704 299 7709
2703 300 7708
2702 301 7707
2701 302 7706
2700 303 7705
2699 304 7704
2698 305 7703
2697 306 7702
2696 307 7701
2695 308 7700
2694 309 7699
2693 310 7698
2692 311 7697
2691 312 7696
2690 313 7695
2689 314 7694
2688 315 7693
2687 316 7692
2686 317 7691
2685 318 7690
2684 319 7689
2683 320 7688
2682 321 7687
2681 322 7686
2680 323 7685
2679 324 7684
2678 325 7683
2677 326 7682
2676 327 7681
2675 328 7680
2674 329 7679
2673 330 7678
2672 331 7677
2671 332 7676
2670 333 7675
2669 334 7674
2668 335 7673
2667 336 7672
2666 337 7671
2665 338 7670
2664 339 7669
2663 340 7668
2662 341 7667
2661 342 7666
2660 343 7665
2659 344 7664
2658 345 7663
2657 346 7662
2656 347 7661
2655 348 7660
2654 349 7659
2653 350 7658
2652 351 7657
2651 352 7656
2650 353 7655
2649 354 7654
2648 355 7653
2647 356 7652
2646 357 7651
2645 358 7650
2644 359 7649
2643 360 7648
2642 361 7647
2641 362 7646
2640 363 7645
2639 364 7644
2638 365 7643
2637 366 7642
2636 367 7641
2635 368 7640
2634 369 7639
2633 370 7638
2632 371 7637
2631 372 7636
2630 373 7635
2629 374 7634
2628 375 7633
2627 376 7632
2626 377 7631
2625 378 7630
2624 379 7629
2623 380 7628
2622 381 7627
2621 382 7626
2620 383 7625
2619 384 7624
2618 385 7623
2617 386 7622
2616 387 7621
2615 388 7620
2614 389 7619
2613 390 7618
2612 391 7617
2611 392 7616
2610 393 7615
2609 394 7614
2608 395 7613
2607 396 7612
2606 397 7611
2605 398 7610
2604 399 7609
2603 400 7608
2602 401 7607
2601 402 7606
2600 403 7605
2599 404 7604
2598 405 7603
2597 406 7602
2596 407 7601
2595 408 7600
2594 409 7599
2593 410 7598
2592 411 7597
2591 412 7596
2590 413 7595
2589 414 7594
2588 415 7593
2587 416 7592
2586 417 7591
2585 418 7590
2584 419 7589
2583 420 7588
2582 421 7587
2581 422 7586
2580 423 7585
2579 424 7584
2578 425 7583
2577 426 7582
2576 427 7581
2575 428 7580
2574 429 7579
2573 430 7578
2572 431 7577
2571 432 7576
2570 433 7575
2569 434 7574
2568 435 7573
2567 436 7572
2566 437 7571
2565 438 7570
2564 439 7569
2563 440 7568
2562 441 7567
2561 442 7566
2560 443 7565
2559 444 7564
2558 445 7563
2557 446 7562
2556 447 7561
2555 448 7560
2554 449 7559
2553 450 7558
2552 451 7557
2551 452 7556
2550 453 7555
2549 454 7554
2548 455 7553
2547 456 7552
2546 457 7551
2545 458 7550
2544 459 7549
2543 460 7548
2542 461 7547
2541 462 7546
2540 463 7545
2539 464 7544
2538 465 7543
2537 466 7542
2536 467 7541
2535 468 7540
2534 469 7539
2533 470 7538
2532 471 7537
2531 472 7536
2530 473 7535
2529 474 7534
2528 475 7533
2527 476 7532
2526 477 7531
2525 478 7530
2524 479 7529
2523 480 7528
2522 481 7527
2521 482 7526
2520 483 7525
2519 484 7524
2518 485 7523
2517 486 7522
2516 487 7521
2515 488 7520
2514 489 7519
2513 490 7518
2512 491 7517
2511 492 7516
2510 493 7515
2509 494 7514
2508 495 7513
2507 496 7512
2506 497 7511
2505 498 7510
2504 499 7509
2503 500 7508
2502 501 7507
2501 502 7506
2500 503 7505
2499 504 7504
2498 505 7503
2497 506 7502
2496 507 7501
2495 508 7500
2494 509 7499
2493 510 7498
2492 511 7497
2491 512 7496
2490 513 7495
2489 514 7494
2488 515 7493
2487 516 7492
2486 517 7491
2485 518 7490
2484 519 7489
2483 520 7488
2482 521 7487
2481 522 7486
2480 523 7485
2479 524 7484
2478 525 7483
2477 526 7482
2476 527 7481
2475 528 7480
2474 529 7479
2473 530 7478
2472 531 7477
2471 532 7476
2470 533 7475
2469 534 7474
2468 535 7473
2467 536 7472
2466 537 7471
2465 538 7470
2464 539 7469
2463 540 7468
2462 541 7467
2461 542 7466
2460 543 7465
2459 544 7464
2458 545 7463
2457 546 7462
2456 547 7461
2455 548 7460
2454 549 7459
2453 550 7458
2452 551 7457
2451 552 7456
2450 553 7455
2449 554 7454
2448 555 7453
2447 556 7452
2446 557 7451
2445 558 7450
2444 559 7449
2443 560 7448
2442 561 7447
2441 562 7446
2440 563 7445
2439 564 7444
2438 565 7443
2437 566 7442
2436 567 7441
2435 568 7440
2434 569 7439
2433 570 7438
2432 571 7437
2431 572 7436
2430 573 7435
2429 574 7434
2428 575 7433
2427 576 7432
2426 577 7431
2425 578 7430
2424 579 7429
2423 580 7428
2422 581 7427
2421 582 7426
2420 583 7425
2419 584 7424
2418 585 7423
2417 586 7422
2416 587 7421
2415 588 7420
2414 589 7419
2413 590 7418
2412 591 7417
2411 592 7416
2410 593 7415
2409 594 7414
2408 595 7413
2407 596 7412
2406 597 7411
2405 598 7410
2404 599 7409
2403 600 7408
2402 601 7407
2401 602 7406
2400 603 7405
2399 604 7404
2398 605 7403
2397 606 7402
2396 607 7401
2395 608 7400
2394 609 7399
2393 610 7398
2392 611 7397
2391 612 7396
2390 613 7395
2389 614 7394
2388 615 7393
2387 616 7392
2386 617 7391
2385 618 7390
2384 619 7389
2383 620 7388
2382 621 7387
2381 622 7386
2380 623 7385
2379 624 7384
2378 625 7383
2377 626 7382
2376 627 7381
2375 628 7380
2374 629 7379
2373 630 7378
2372 631 7377
2371 632 7376
2370 633 7375
2369 634 7374
2368 635 7373
2367 636 7372
2366 637 7371
2365 638 7370
2364 639 7369
2363 640 7368
2362 641 7367
2361 642 7366
2360 643 7365
2359 644 7364
2358 645 7363
2357 646 7362
2356 647 7361
2355 648 7360
2354 649 7359
2353 650 7358
2352 651 7357
2351 652 7356
2350 653 7355
2349 654 7354
2348 655 7353
2347 656 7352
2346 657 7351
2345 658 7350
2344 659 7349
2343 660 7348
2342 661 7347
2341 662 7346
2340 663 7345
2339 664 7344
2338 665 7343
2337 666 7342
2336 667 7341
2335 668 7340
2334 669 7339
2333 670 7338
2332 671 7337
2331 672 7336
2330 673 7335
2329 674 7334
2328 675 7333
2327 676 7332
2326 677 7331
2325 678 7330
2324 679 7329
2323 680 7328
2322 681 7327
2321 682 7326
2320 683 7325
2319 684 7324
2318 685 7323
2317 686 7322
2316 687 7321
2315 688 7320
2314 689 7319
2313 690 7318
2312 691 7317
2311 692 7316
2310 693 7315
2309 694 7314
2308 695 7313
2307 696 7312
2306 697 7311
2305 698 7310
2304 699 7309
2303 700 7308
2302 701 7307
2301 702 7306
2300 703 7305
2299 704 7304
2298 705 7303
2297 706 7302
2296 707 7301
2295 708 7300
2294 709 7299
2293 710 7298
2292 711 7297
2291 712 7296
2290 713 7295
2289 714 7294
2288 715 7293
2287 716 7292
2286 717 7291
2285 718 7290
2284 719 7289
2283 720 7288
2282 721 7287
2281 722 7286
2280 723 7285
2279 724 7284
2278 725 7283
2277 726 7282
2276 727 7281
2275 728 7280
2274 729 7279
2273 730 7278
2272 731 7277
2271 732 7276
2270 733 7275
2269 734 7274
2268 735 7273
2267 736 7272
2266 737 7271
2265 738 7270
2264 739 7269
2263 740 7268
2262 741 7267
2261 742 7266
2260 743 7265
2259 744 7264
2258 745 7263
2257 746 7262
2256 747 7261
2255 748 7260
2254 749 7259
2253 750 7258
2252 751 7257
2251 752 7256
2250 753 7255
2249 754 7254
2248 755 7253
2247 756 7252
2246 757 7251
2245 758 7250
2244 759 7249
2243 760 7248
2242 761 7247
2241 762 7246
2240 763 7245
2239 764 7244
2238 765 7243
2237 766 7242
2236 767 7241
2235 768 7240
2234 769 7239
2233 770 7238
2232 771 7237
2231 772 7236
2230 773 7235
2229 774 7234
2228 775 7233
2227 776 7232
2226 777 7231
2225 778 7230
2224 779 7229
2223 780 7228
2222 781 7227
2221 782 7226
2220 783 7225
2219 784 7224
2218 785 7223
2217 786 7222
2216 787 7221
2215 788 7220
2214 789 7219
2213 790 7218
2212 791 7217
2211 792 7216
2210 793 7215
2209 794 7214
2208 795 7213
2207 796 7212
2206 797 7211
2205 798 7210
2204 799 7209
2203 800 7208
2202 801 7207
2201 802 7206
2200 803 7205
2199 804 7204
2198 805 7203
2197 806 7202
2196 807 7201
2195 808 7200
2194 809 7199
2193 810 7198
2192 811 7197
2191 812 7196
2190 813 7195
2189 814 7194
2188 815 7193
2187 816 7192
2186 817 7191
2185 818 7190
2184 819 7189
2183 820 7188
2182 821 7187
2181 822 7186
2180 823 7185
2179 824 7184
2178 825 7183
2177 826 7182
2176 827 7181
2175 828 7180
2174 829 7179
2173 830 7178
2172 831 7177
2171 832 7176
2170 833 7175
2169 834 7174
2168 835 7173
2167 836 7172
2166 837 7171
2165 838 7170
2164 839 7169
2163 840 7168
2162 841 7167
2161 842 7166
2160 843 7165
2159 844 7164
2158 845 7163
2157 846 7162
2156 847 7161
2155 848 7160
2154 849 7159
2153 850 7158
2152 851 7157
2151 852 7156
2150 853 7155
2149 854 7154
2148 855 7153
2147 856 7152
2146 857 7151
2145 858 7150
2144 859 7149
2143 860 7148
2142 861 7147
2141 862 7146
2140 863 7145
2139 864 7144
2138 865 7143
2137 866 7142
2136 867 7141
2135 868 7140
2134 869 7139
2133 870 7138
2132 871 7137
2131 872 7136
2130 873 7135
2129 874 7134
2128 875 7133
2127 876 7132
2126 877 7131
2125 878 7130
2124 879 7129
2123 880 7128
2122 881 7127
2121 882 7126
2120 883 7125
2119 884 7124
2118 885 7123
2117 886 7122
2116 887 7121
2115 888 7120
2114 889 7119
2113 890 7118
2112 891 7117
2111 892 7116
2110 893 7115
2109 894 7114
2108 895 7113
2107 896 7112
2106 897 7111
2105 898 7110
2104 899 7109
2103 900 7108
2102 901 7107
2101 902 7106
2100 903 7105
2099 904 7104
2098 905 7103
2097 906 7102
2096 907 7101
2095 908 7100
2094 909 7099
2093 910 7098
2092 911 7097
2091 912 7096
2090 913 7095
2089 914 7094
2088 915 7093
2087 916 7092
2086 917 7091
2085 918 7090
2084 919 7089
2083 920 7088
2082 921 7087
2081 922 7086
2080 923 7085
2079 924 7084
2078 925 7083
2077 926 7082
2076 927 7081
2075 928 7080
2074 929 7079
2073 930 7078
2072 931 7077
2071 932 7076
2070 933 7075
2069 934 7074
2068 935 7073
2067 936 7072
2066 937 7071
2065 938 7070
2064 939 7069
2063 940 7068
2062 941 7067
2061 942 7066
2060 943 7065
2059 944 7064
2058 945 7063
2057 946 7062
2056 947 7061
2055 948 7060
2054 949 7059
2053 950 7058
2052 951 7057
2051 952 7056
2050 953 7055
2049 954 7054
2048 955 7053
2047 956 7052
2046 957 7051
2045 958 7050
2044 959 7049
2043 960 7048
2042 961 7047
2041 962 7046
2040 963 7045
2039 964 7044
2038 965 7043
2037 966 7042
2036 967 7041
2035 968 7040
2034 969 7039
2033 970 7038
2032 971 7037
2031 972 7036
2030 973 7035
2029 974 7034
2028 975 7033
2027 976 7032
2026 977 7031
2025 978 7030
2024 979 7029
2023 980 7028
2022 981 7027
2021 982 7026
2020 983 7025
2019 984 7024
2018 985 7023
2017 986 7022
2016 987 7021
2015 988 7020
2014 989 7019
2013 990 7018
2012 991 7017
2011 992 7016
2010 993 7015
2009 994 7014
2008 995 7013
2007 996 7012
2006 997 7011
2005 998 7010
2004 999 7009
2003 1000 7008
2002 1001 7007
2001 1002 7006
2000 1003 7005
1999 1004 7004
1998 1005 7003
1997 1006 7002
1996 1007 7001
1995 1008 7000
1994 1009 6999
1993 1010 6998
1992 1011 6997
1991 1012 6996
1990 1013 6995
1989 1014 6994
1988 1015 6993
1987 1016 6992
1986 1017 6991
1985 1018 6990
1984 1019 6989
1983 1020 6988
1982 1021 6987
1981 1022 6986
1980 1023 6985
1979 1024 6984
1978 1025 6983
1977 1026 6982
1976 1027 6981
1975 1028 6980
1974 1029 6979
1973 1030 6978
1972 1031 6977
1971 1032 6976
1970 1033 6975
1969 1034 6974
1968 1035 6973
1967 1036 6972
1966 1037 6971
1965 1038 6970
1964 1039 6969
1963 1040 6968
1962 1041 6967
1961 1042 6966
1960 1043 6965
1959 1044 6964
1958 1045 6963
1957 1046 6962
1956 1047 6961
1955 1048 6960
1954 1049 6959
1953 1050 6958
1952 1051 6957
1951 1052 6956
1950 1053 6955
1949 1054 6954
1948 1055 6953
1947 1056 6952
1946 1057 6951
1945 1058 6950
1944 1059 6949
1943 1060 6948
1942 1061 6947
1941 1062 6946
1940 1063 6945
1939 1064 6944
1938 1065 6943
1937 1066 6942
1936 1067 6941
1935 1068 6940
1934 1069 6939
1933 1070 6938
1932 1071 6937
1931 1072 6936
1930 1073 6935
1929 1074 6934
1928 1075 6933
1927 1076 6932
1926 1077 6931
1925 1078 6930
1924 1079 6929
1923 1080 6928
1922 1081 6927
1921 1082 6926
1920 1083 6925
1919 1084 6924
1918 1085 6923
1917 1086 6922
1916 1087 6921
1915 1088 6920
1914 1089 6919
1913 1090 6918
1912 1091 6917
1911 1092 6916
1910 1093 6915
1909 1094 6914
1908 1095 6913
1907 1096 6912
1906 1097 6911
1905 1098 6910
1904 1099 6909
1903 1100 6908
1902 1101 6907
1901 1102 6906
1900 1103 6905
1899 1104 6904
1898 1105 6903
1897 1106 6902
1896 1107 6901
1895 1108 6900
1894 1109 6899
1893 1110 6898
1892 1111 6897
1891 1112 6896
1890 1113 6895
1889 1114 6894
1888 1115 6893
1887 1116 6892
1886 1117 6891
1885 1118 6890
1884 1119 6889
1883 1120 6888
1882 1121 6887
1881 1122 6886
1880 1123 6885
1879 1124 6884
1878 1125 6883
1877 1126 6882
1876 1127 6881
1875 1128 6880
1874 1129 6879
1873 1130 6878
1872 1131 6877
1871 1132 6876
1870 1133 6875
1869 1134 6874
1868 1135 6873
1867 1136 6872
1866 1137 6871
1865 1138 6870
1864 1139 6869
1863 1140 6868
1862 1141 6867
1861 1142 6866
1860 1143 6865
1859 1144 6864
1858 1145 6863
1857 1146 6862
1856 1147 6861
1855 1148 6860
1854 1149 6859
1853 1150 6858
1852 1151 6857
1851 1152 6856
1850 1153 6855
1849 1154 6854
1848 1155 6853
1847 1156 6852
1846 1157 6851
1845 1158 6850
1844 1159 6849
1843 1160 6848
1842 1161 6847
1841 1162 6846
1840 1163 6845
1839 1164 6844
1838 1165 6843
1837 1166 6842
1836 1167 6841
1835 1168 6840
1834 1169 6839
1833 1170 6838
1832 1171 6837
1831 1172 6836
1830 1173 6835
1829 1174 6834
1828 1175 6833
1827 1176 6832
1826 1177 6831
1825 1178 6830
1824 1179 6829
1823 1180 6828
1822 1181 6827
1821 1182 6826
1820 1183 6825
1819 1184 6824
1818 1185 6823
1817 1186 6822
1816 1187 6821
1815 1188 6820
1814 1189 6819
1813 1190 6818
1812 1191 6817
1811 1192 6816
1810 1193 6815
1809 1194 6814
1808 1195 6813
1807 1196 6812
1806 1197 6811
1805 1198 6810
1804 1199 6809
1803 1200 6808
1802 1201 6807
1801 1202 6806
1800 1203 6805
1799 1204 6804
1798 1205 6803
1797 1206 6802
1796 1207 6801
1795 1208 6800
1794 1209 6799
1793 1210 6798
1792 1211 6797
1791 1212 6796
1790 1213 6795
1789 1214 6794
1788 1215 6793
1787 1216 6792
1786 1217 6791
1785 1218 6790
1784 1219 6789
1783 1220 6788
1782 1221 6787
1781 1222 6786
1780 1223 6785
1779 1224 6784
1778 1225 6783
1777 1226 6782
1776 1227 6781
1775 1228 6780
1774 1229 6779
1773 1230 6778
1772 1231 6777
1771 1232 6776
1770 1233 6775
1769 1234 6774
1768 1235 6773
1767 1236 6772
1766 1237 6771
1765 1238 6770
1764 1239 6769
1763 1240 6768
1762 1241 6767
1761 1242 6766
1760 1243 6765
1759 1244 6764
1758 1245 6763
1757 1246 6762
1756 1247 6761
1755 1248 6760
1754 1249 6759
1753 1250 6758
1752 1251 6757
1751 1252 6756
1750 1253 6755
1749 1254 6754
1748 1255 6753
1747 1256 6752
1746 1257 6751
1745 1258 6750
1744 1259 6749
1743 1260 6748
1742 1261 6747
1741 1262 6746
1740 1263 6745
1739 1264 6744
1738 1265 6743
1737 1266 6742
1736 1267 6741
1735 1268 6740
1734 1269 6739
1733 1270 6738
1732 1271 6737
1731 1272 6736
1730 1273 6735
1729 1274 6734
1728 1275 6733
1727 1276 6732
1726 1277 6731
1725 1278 6730
1724 1279 6729
1723 1280 6728
1722 1281 6727
1721 1282 6726
1720 1283 6725
1719 1284 6724
1718 1285 6723
1717 1286 6722
1716 1287 6721
1715 1288 6720
1714 1289 6719
1713 1290 6718
1712 1291 6717
1711 1292 6716
1710 1293 6715
1709 1294 6714
1708 1295 6713
1707 1296 6712
1706 1297 6711
1705 1298 6710
1704 1299 6709
1703 1300 6708
1702 1301 6707
1701 1302 6706
1700 1303 6705
1699 1304 6704
1698 1305 6703
1697 1306 6702
1696 1307 6701
1695 1308 6700
1694 1309 6699
1693 1310 6698
1692 1311 6697
1691 1312 6696
1690 1313 6695
1689 1314 6694
1688 1315 6693
1687 1316 6692
1686 1317 6691
1685 1318 6690
1684 1319 6689
1683 1320 6688
1682 1321 6687
1681 1322 6686
1680 1323 6685
1679 1324 6684
1678 1325 6683
1677 1326 6682
1676 1327 6681
1675 1328 6680
1674 1329 6679
1673 1330 6678
1672 1331 6677
1671 1332 6676
1670 1333 6675
1669 1334 6674
1668 1335 6673
1667 1336 6672
1666 1337 6671
1665 1338 6670
1664 1339 6669
1663 1340 6668
1662 1341 6667
1661 1342 6666
1660 1343 6665
1659 1344 6664
1658 1345 6663
1657 1346 6662
1656 1347 6661
1655 1348 6660
1654 1349 6659
1653 1350 6658
1652 1351 6657
1651 1352 6656
1650 1353 6655
1649 1354 6654
1648 1355 6653
1647 1356 6652
1646 1357 6651
1645 1358 6650
1644 1359 6649
1643 1360 6648
1642 1361 6647
1641 1362 6646
1640 1363 6645
1639 1364 6644
1638 1365 6643
1637 1366 6642
1636 1367 6641
1635 1368 6640
1634 1369 6639
1633 1370 6638
1632 1371 6637
1631 1372 6636
1630 1373 6635
1629 1374 6634
1628 1375 6633
1627 1376 6632
1626 1377 6631
1625 1378 6630
1624 1379 6629
1623 1380 6628
1622 1381 6627
1621 1382 6626
1620 1383 6625
1619 1384 6624
1618 1385 6623
1617 1386 6622
1616 1387 6621
1615 1388 6620
1614 1389 6619
1613 1390 6618
1612 1391 6617
1611 1392 6616
1610 1393 6615
1609 1394 6614
1608 1395 6613
1607 1396 6612
1606 1397 6611
1605 1398 6610
1604 1399 6609
1603 1400 6608
1602 1401 6607
1601 1402 6606
1600 1403 6605
1599 1404 6604
1598 1405 6603
1597 1406 6602
1596 1407 6601
1595 1408 6600
1594 1409 6599
1593 1410 6598
1592 1411 6597
1591 1412 6596
1590 1413 6595
1589 1414 6594
1588 1415 6593
1587 1416 6592
1586 1417 6591
1585 1418 6590
1584 1419 6589
1583 1420 6588
1582 1421 6587
1581 1422 6586
1580 1423 6585
1579 1424 6584
1578 1425 6583
1577 1426 6582
1576 1427 6581
1575 1428 6580
1574 1429 6579
1573 1430 6578
1572 1431 6577
1571 1432 6576
1570 1433 6575
1569 1434 6574
1568 1435 6573
1567 1436 6572
1566 1437 6571
1565 1438 6570
1564 1439 6569
1563 1440 6568
1562 1441 6567
1561 1442 6566
1560 1443 6565
1559 1444 6564
1558 1445 6563
1557 1446 6562
1556 1447 6561
1555 1448 6560
1554 1449 6559
1553 1450 6558
1552 1451 6557
1551 1452 6556
1550 1453 6555
1549 1454 6554
1548 1455 6553
1547 1456 6552
1546 1457 6551
1545 1458 6550
1544 1459 6549
1543 1460 6548
1542 1461 6547
1541 1462 6546
1540 1463 6545
1539 1464 6544
1538 1465 6543
1537 1466 6542
1536 1467 6541
1535 1468 6540
1534 1469 6539
1533 1470 6538
1532 1471 6537
1531 1472 6536
1530 1473 6535
1529 1474 6534
1528 1475 6533
1527 1476 6532
1526 1477 6531
1525 1478 6530
1524 1479 6529
1523 1480 6528
1522 1481 6527
1521 1482 6526
1520 1483 6525
1519 1484 6524
1518 1485 6523
1517 1486 6522
1516 1487 6521
1515 1488 6520
1514 1489 6519
1513 1490 6518
1512 1491 6517
1511 1492 6516
1510 1493 6515
1509 1494 6514
1508 1495 6513
1507 1496 6512
1506 1497 6511
1505 1498 6510
1504 1499 6509
1503 1500 6508
1502 1501 6507
1501 1502 6506
1500 1503 6505
1499 1504 6504
1498 1505 6503
1497 1506 6502
1496 1507 6501
1495 1508 6500
1494 1509 6499
1493 1510 6498
1492 1511 6497
1491 1512 6496
1490 1513 6495
1489 1514 6494
1488 1515 6493
1487 1516 6492
1486 1517 6491
1485 1518 6490
1484 1519 6489
1483 1520 6488
1482 1521 6487
1481 1522 6486
1480 1523 6485
1479 1524 6484
1478 1525 6483
1477 1526 6482
1476 1527 6481
1475 1528 6480
1474 1529 6479
1473 1530 6478
1472 1531 6477
1471 1532 6476
1470 1533 6475
1469 1534 6474
1468 1535 6473
1467 1536 6472
1466 1537 6471
1465 1538 6470
1464 1539 6469
1463 1540 6468
1462 1541 6467
1461 1542 6466
1460 1543 6465
1459 1544 6464
1458 1545 6463
1457 1546 6462
1456 1547 6461
1455 1548 6460
1454 1549 6459
1453 1550 6458
1452 1551 6457
1451 1552 6456
1450 1553 6455
1449 1554 6454
1448 1555 6453
1447 1556 6452
1446 1557 6451
1445 1558 6450
1444 1559 6449
1443 1560 6448
1442 1561 6447
1441 1562 6446
1440 1563 6445
1439 1564 6444
1438 1565 6443
1437 1566 6442
1436 1567 6441
1435 1568 6440
1434 1569 6439
1433 1570 6438
1432 1571 6437
1431 1572 6436
1430 1573 6435
1429 1574 6434
1428 1575 6433
1427 1576 6432
1426 1577 6431
1425 1578 6430
1424 1579 6429
1423 1580 6428
1422 1581 6427
1421 1582 6426
1420 1583 6425
1419 1584 6424
1418 1585 6423
1417 1586 6422
1416 1587 6421
1415 1588 6420
1414 1589 6419
1413 1590 6418
1412 1591 6417
1411 1592 6416
1410 1593 6415
1409 1594 6414
1408 1595 6413
1407 1596 6412
1406 1597 6411
1405 1598 6410
1404 1599 6409
1403 1600 6408
1402 1601 6407
1401 1602 6406
1400 1603 6405
1399 1604 6404
1398 1605 6403
1397 1606 6402
1396 1607 6401
1395 1608 6400
1394 1609 6399
1393 1610 6398
1392 1611 6397
1391 1612 6396
1390 1613 6395
1389 1614 6394
1388 1615 6393
1387 1616 6392
1386 1617 6391
1385 1618 6390
1384 1619 6389
1383 1620 6388
1382 1621 6387
1381 1622 6386
1380 1623 6385
1379 1624 6384
1378 1625 6383
1377 1626 6382
1376 1627 6381
1375 1628 6380
1374 1629 6379
1373 1630 6378
1372 1631 6377
1371 1632 6376
1370 1633 6375
1369 1634 6374
1368 1635 6373
1367 1636 6372
1366 1637 6371
1365 1638 6370
1364 1639 6369
1363 1640 6368
1362 1641 6367
1361 1642 6366
1360 1643 6365
1359 1644 6364
1358 1645 6363
1357 1646 6362
1356 1647 6361
1355 1648 6360
1354 1649 6359
1353 1650 6358
1352 1651 6357
1351 1652 6356
1350 1653 6355
1349 1654 6354
1348 1655 6353
1347 1656 6352
1346 1657 6351
1345 1658 6350
1344 1659 6349
1343 1660 6348
1342 1661 6347
1341 1662 6346
1340 1663 6345
1339 1664 6344
1338 1665 6343
1337 1666 6342
1336 1667 6341
1335 1668 6340
1334 1669 6339
1333 1670 6338
1332 1671 6337
1331 1672 6336
1330 1673 6335
1329 1674 6334
1328 1675 6333
1327 1676 6332
1326 1677 6331
1325 1678 6330
1324 1679 6329
1323 1680 6328
1322 1681 6327
1321 1682 6326
1320 1683 6325
1319 1684 6324
1318 1685 6323
1317 1686 6322
1316 1687 6321
1315 1688 6320
1314 1689 6319
1313 1690 6318
1312 1691 6317
1311 1692 6316
1310 1693 6315
1309 1694 6314
1308 1695 6313
1307 1696 6312
1306 1697 6311
1305 1698 6310
1304 1699 6309
1303 1700 6308
1302 1701 6307
1301 1702 6306
1300 1703 6305
1299 1704 6304
1298 1705 6303
1297 1706 6302
1296 1707 6301
1295 1708 6300
1294 1709 6299
1293 1710 6298
1292 1711 6297
1291 1712 6296
1290 1713 6295
1289 1714 6294
1288 1715 6293
1287 1716 6292
1286 1717 6291
1285 1718 6290
1284 1719 6289
1283 1720 6288
1282 1721 6287
1281 1722 6286
1280 1723 6285
1279 1724 6284
1278 1725 6283
1277 1726 6282
1276 1727 6281
1275 1728 6280
1274 1729 6279
1273 1730 6278
1272 1731 6277
1271 1732 6276
1270 1733 6275
1269 1734 6274
1268 1735 6273
1267 1736 6272
1266 1737 6271
1265 1738 6270
1264 1739 6269
1263 1740 6268
1262 1741 6267
1261 1742 6266
1260 1743 6265
1259 1744 6264
1258 1745 6263
1257 1746 6262
1256 1747 6261
1255 1748 6260
1254 1749 6259
1253 1750 6258
1252 1751 6257
1251 1752 6256
1250 1753 6255
1249 1754 6254
1248 1755 6253
1247 1756 6252
1246 1757 6251
1245 1758 6250
1244 1759 6249
1243 1760 6248
1242 1761 6247
1241 1762 6246
1240 1763 6245
1239 1764 6244
1238 1765 6243
1237 1766 6242
1236 1767 6241
1235 1768 6240
1234 1769 6239
1233 1770 6238
1232 1771 6237
1231 1772 6236
1230 1773 6235
1229 1774 6234
1228 1775 6233
1227 1776 6232
1226 1777 6231
1225 1778 6230
1224 1779 6229
1223 1780 6228
1222 1781 6227
1221 1782 6226
1220 1783 6225
1219 1784 6224
1218 1785 6223
1217 1786 6222
1216 1787 6221
1215 1788 6220
1214 1789 6219
1213 1790 6218
1212 1791 6217
1211 1792 6216
1210 1793 6215
1209 1794 6214
1208 1795 6213
1207 1796 6212
1206 1797 6211
1205 1798 6210
1204 1799 6209
1203 1800 6208
1202 1801 6207
1201 1802 6206
1200 1803 6205
1199 1804 6204
1198 1805 6203
1197 1806 6202
1196 1807 6201
1195 1808 6200
1194 1809 6199
1193 1810 6198
1192 1811 6197
1191 1812 6196
1190 1813 6195
1189 1814 6194
1188 1815 6193
1187 1816 6192
1186 1817 6191
1185 1818 6190
1184 1819 6189
1183 1820 6188
1182 1821 6187
1181 1822 6186
1180 1823 6185
1179 1824 6184
1178 1825 6183
1177 1826 6182
1176 1827 6181
1175 1828 6180
1174 1829 6179
1173 1830 6178
1172 1831 6177
1171 1832 6176
1170 1833 6175
1169 1834 6174
1168 1835 6173
1167 1836 6172
1166 1837 6171
1165 1838 6170
1164 1839 6169
1163 1840 6168
1162 1841 6167
1161 1842 6166
1160 1843 6165
1159 1844 6164
1158 1845 6163
1157 1846 6162
1156 1847 6161
1155 1848 6160
1154 1849 6159
1153 1850 6158
1152 1851 6157
1151 1852 6156
1150 1853 6155
1149 1854 6154
1148 1855 6153
1147 1856 6152
1146 1857 6151
1145 1858 6150
1144 1859 6149
1143 1860 6148
1142 1861 6147
1141 1862 6146
1140 1863 6145
1139 1864 6144
1138 1865 6143
1137 1866 6142
1136 1867 6141
1135 1868 6140
1134 1869 6139
1133 1870 6138
1132 1871 6137
1131 1872 6136
1130 1873 6135
1129 1874 6134
1128 1875 6133
1127 1876 6132
1126 1877 6131
1125 1878 6130
1124 1879 6129
1123 1880 6128
1122 1881 6127
1121 1882 6126
1120 1883 6125
1119 1884 6124
1118 1885 6123
1117 1886 6122
1116 1887 6121
1115 1888 6120
1114 1889 6119
1113 1890 6118
1112 1891 6117
1111 1892 6116
1110 1893 6115
1109 1894 6114
1108 1895 6113
1107 1896 6112
1106 1897 6111
1105 1898 6110
1104 1899 6109
1103 1900 6108
1102 1901 6107
1101 1902 6106
1100 1903 6105
1099 1904 6104
1098 1905 6103
1097 1906 6102
1096 1907 6101
1095 1908 6100
1094 1909 6099
1093 1910 6098
1092 1911 6097
1091 1912 6096
1090 1913 6095
1089 1914 6094
1088 1915 6093
1087 1916 6092
1086 1917 6091
1085 1918 6090
1084 1919 6089
1083 1920 6088
1082 1921 6087
1081 1922 6086
1080 1923 6085
1079 1924 6084
1078 1925 6083
1077 1926 6082
1076 1927 6081
1075 1928 6080
1074 1929 6079
1073 1930 6078
1072 1931 6077
1071 1932 6076
1070 1933 6075
1069 1934 6074
1068 1935 6073
1067 1936 6072
1066 1937 6071
1065 1938 6070
1064 1939 6069
1063 1940 6068
1062 1941 6067
1061 1942 6066
1060 1943 6065
1059 1944 6064
1058 1945 6063
1057 1946 6062
1056 1947 6061
1055 1948 6060
1054 1949 6059
1053 1950 6058
1052 1951 6057
1051 1952 6056
1050 1953 6055
1049 1954 6054
1048 1955 6053
1047 1956 6052
1046 1957 6051
1045 1958 6050
1044 1959 6049
1043 1960 6048
1042 1961 6047
1041 1962 6046
1040 1963 6045
1039 1964 6044
1038 1965 6043
1037 1966 6042
1036 1967 6041
1035 1968 6040
1034 1969 6039
1033 1970 6038
1032 1971 6037
1031 1972 6036
1030 1973 6035
1029 1974 6034
1028 1975 6033
1027 1976 6032
1026 1977 6031
1025 1978 6030
1024 1979 6029
1023 1980 6028
1022 1981 6027
1021 1982 6026
1020 1983 6025
1019 1984 6024
1018 1985 6023
1017 1986 6022
1016 1987 6021
1015 1988 6020
1014 1989 6019
1013 1990 6018
1012 1991 6017
1011 1992 6016
1010 1993 6015
1009 1994 6014
1008 1995 6013
1007 1996 6012
1006 1997 6011
1005 1998 6010
1004 1999 6009
1003 2000 6008
1002 2001 6007
1001 2002 6006
1000 2003 6005
999 2004 6004
998 2005 6003
997 2006 6002
996 2007 6001
