2318
3000 3 8318
2999 4 8317
2998 5 8316
2997 6 8315
2996 7 8314
2995 8 8313
2994 9 8312
2993 10 8311
2992 11 8310
2991 12 8309
2990 13 8308
2989 14 8307
2988 15 8306
2987 16 8305
2986 17 8304
2985 18 8303
2984 19 8302
2983 20 8301
2982 21 8300
2981 22 8299
2980 23 8298
2979 24 8297
2978 25 8296
2977 26 8295
2976 27 8294
2975 28 8293
2974 29 8292
2973 30 8291
2972 31 8290
2971 32 8289
2970 33 8288
2969 34 8287
2968 35 8286
2967 36 8285
2966 37 8284
2965 38 8283
2964 39 8282
2963 40 8281
2962 41 8280
2961 42 8279
2960 43 8278
2959 44 8277
2958 45 8276
2957 46 8275
2956 47 8274
2955 48 8273
2954 49 8272
2953 50 8271
2952 51 8270
2951 52 8269
2950 53 8268
2949 54 8267
2948 55 8266
2947 56 8265
2946 57 8264
2945 58 8263
2944 59 8262
2943 60 8261
2942 61 8260
2941 62 8259
2940 63 8258
2939 64 8257
2938 65 8256
2937 66 8255
2936 67 8254
2935 68 8253
2934 69 8252
2933 70 8251
2932 71 8250
2931 72 8249
2930 73 8248
2929 74 8247
2928 75 8246
2927 76 8245
2926 77 8244
2925 78 8243
2924 79 8242
2923 80 8241
2922 81 8240
2921 82 8239
2920 83 8238
2919 84 8237
2918 85 8236
2917 86 8235
2916 87 8234
2915 88 8233
2914 89 8232
2913 90 8231
2912 91 8230
2911 92 8229
2910 93 8228
2909 94 8227
2908 95 8226
2907 96 8225
2906 97 8224
2905 98 8223
2904 99 8222
2903 100 8221
2902 101 8220
2901 102 8219
2900 103 8218
2899 104 8217
2898 105 8216
2897 106 8215
2896 107 8214
2895 108 8213
2894 109 8212
2893 110 8211
2892 111 8210
2891 112 8209
2890 113 8208
2889 114 8207
2888 115 8206
2887 116 8205
2886 117 8204
2885 118 8203
2884 119 8202
2883 120 8201
2882 121 8200
2881 122 8199
2880 123 8198
2879 124 8197
2878 125 8196
2877 126 8195
2876 127 8194
2875 128 8193
2874 129 8192
2873 130 8191
2872 131 8190
2871 132 8189
2870 133 8188
2869 134 8187
2868 135 8186
2867 136 8185
2866 137 8184
2865 138 8183
2864 139 8182
2863 140 8181
2862 141 8180
2861 142 8179
2860 143 8178
2859 144 8177
2858 145 8176
2857 146 8175
2856 147 8174
2855 148 8173
2854 149 8172
2853 150 8171
2852 151 8170
2851 152 8169
2850 153 8168
2849 154 8167
2848 155 8166
2847 156 8165
2846 157 8164
2845 158 8163
2844 159 8162
2843 160 8161
2842 161 8160
2841 162 8159
2840 163 8158
2839 164 8157
2838 165 8156
2837 166 8155
2836 167 8154
2835 168 8153
2834 169 8152
2833 170 8151
2832 171 8150
2831 172 8149
2830 173 8148
2829 174 8147
2828 175 8146
2827 176 8145
2826 177 8144
2825 178 8143
2824 179 8142
2823 180 8141
2822 181 8140
2821 182 8139
2820 183 8138
2819 184 8137
2818 185 8136
2817 186 8135
2816 187 8134
2815 188 8133
2814 189 8132
2813 190 8131
2812 191 8130
2811 192 8129
2810 193 8128
2809 194 8127
2808 195 8126
2807 196 8125
2806 197 8124
2805 198 8123
2804 199 8122
2803 200 8121
2802 201 8120
2801 202 8119
2800 203 8118
2799 204 8117
2798 205 8116
2797 206 8115
2796 207 8114
2795 208 8113
2794 209 8112
2793 210 8111
2792 211 8110
2791 212 8109
2790 213 8108
2789 214 8107
2788 215 8106
2787 216 8105
2786 217 8104
2785 218 8103
2784 219 8102
2783 220 8101
2782 221 8100
2781 222 8099
2780 223 8098
2779 224 8097
2778 225 8096
2777 226 8095
2776 227 8094
2775 228 8093
2774 229 8092
2773 230 8091
2772 231 8090
2771 232 8089
2770 233 8088
2769 234 8087
2768 235 8086
2767 236 8085
2766 237 8084
2765 238 8083
2764 239 8082
2763 240 8081
2762 241 8080
2761 242 8079
2760 243 8078
2759 244 8077
2758 245 8076
2757 246 8075
2756 247 8074
2755 248 8073
2754 249 8072
2753 250 8071
2752 251 8070
2751 252 8069
2750 253 8068
2749 254 8067
2748 255 8066
2747 256 8065
2746 257 8064
2745 258 8063
2744 259 8062
2743 260 8061
2742 261 8060
2741 262 8059
2740 263 8058
2739 264 8057
2738 265 8056
2737 266 8055
2736 267 8054
2735 268 8053
2734 269 8052
2733 270 8051
2732 271 8050
2731 272 8049
2730 273 8048
2729 274 8047
2728 275 8046
2727 276 8045
2726 277 8044
2725 278 8043
2724 279 8042
2723 280 8041
2722 281 8040
2721 282 8039
2720 283 8038
2719 284 8037
2718 285 8036
2717 286 8035
2716 287 8034
2715 288 8033
2714 289 8032
2713 290 8031
2712 291 8030
2711 292 8029
2710 293 8028
2709 294 8027
2708 295 8026
2707 296 8025
2706 297 8024
2705 298 8023
2704 299 8022
2703 300 8021
2702 301 8020
2701 302 8019
2700 303 8018
2699 304 8017
2698 305 8016
2697 306 8015
2696 307 8014
2695 308 8013
2694 309 8012
2693 310 8011
2692 311 8010
2691 312 8009
2690 313 8008
2689 314 8007
2688 315 8006
2687 316 8005
2686 317 8004
2685 318 8003
2684 319 8002
2683 320 8001
2682 321 8000
2681 322 7999
2680 323 7998
2679 324 7997
2678 325 7996
2677 326 7995
2676 327 7994
2675 328 7993
2674 329 7992
2673 330 7991
2672 331 7990
2671 332 7989
2670 333 7988
2669 334 7987
2668 335 7986
2667 336 7985
2666 337 7984
2665 338 7983
2664 339 7982
2663 340 7981
2662 341 7980
2661 342 7979
2660 343 7978
2659 344 7977
2658 345 7976
2657 346 7975
2656 347 7974
2655 348 7973
2654 349 7972
2653 350 7971
2652 351 7970
2651 352 7969
2650 353 7968
2649 354 7967
2648 355 7966
2647 356 7965
2646 357 7964
2645 358 7963
2644 359 7962
2643 360 7961
2642 361 7960
2641 362 7959
2640 363 7958
2639 364 7957
2638 365 7956
2637 366 7955
2636 367 7954
2635 368 7953
2634 369 7952
2633 370 7951
2632 371 7950
2631 372 7949
2630 373 7948
2629 374 7947
2628 375 7946
2627 376 7945
2626 377 7944
2625 378 7943
2624 379 7942
2623 380 7941
2622 381 7940
2621 382 7939
2620 383 7938
2619 384 7937
2618 385 7936
2617 386 7935
2616 387 7934
2615 388 7933
2614 389 7932
2613 390 7931
2612 391 7930
2611 392 7929
2610 393 7928
2609 394 7927
2608 395 7926
2607 396 7925
2606 397 7924
2605 398 7923
2604 399 7922
2603 400 7921
2602 401 7920
2601 402 7919
2600 403 7918
2599 404 7917
2598 405 7916
2597 406 7915
2596 407 7914
2595 408 7913
2594 409 7912
2593 410 7911
2592 411 7910
2591 412 7909
2590 413 7908
2589 414 7907
2588 415 7906
2587 416 7905
2586 417 7904
2585 418 7903
2584 419 7902
2583 420 7901
2582 421 7900
2581 422 7899
2580 423 7898
2579 424 7897
2578 425 7896
2577 426 7895
2576 427 7894
2575 428 7893
2574 429 7892
2573 430 7891
2572 431 7890
2571 432 7889
2570 433 7888
2569 434 7887
2568 435 7886
2567 436 7885
2566 437 7884
2565 438 7883
2564 439 7882
2563 440 7881
2562 441 7880
2561 442 7879
2560 443 7878
2559 444 7877
2558 445 7876
2557 446 7875
2556 447 7874
2555 448 7873
2554 449 7872
2553 450 7871
2552 451 7870
2551 452 7869
2550 453 7868
2549 454 7867
2548 455 7866
2547 456 7865
2546 457 7864
2545 458 7863
2544 459 7862
2543 460 7861
2542 461 7860
2541 462 7859
2540 463 7858
2539 464 7857
2538 465 7856
2537 466 7855
2536 467 7854
2535 468 7853
2534 469 7852
2533 470 7851
2532 471 7850
2531 472 7849
2530 473 7848
2529 474 7847
2528 475 7846
2527 476 7845
2526 477 7844
2525 478 7843
2524 479 7842
2523 480 7841
2522 481 7840
2521 482 7839
2520 483 7838
2519 484 7837
2518 485 7836
2517 486 7835
2516 487 7834
2515 488 7833
2514 489 7832
2513 490 7831
2512 491 7830
2511 492 7829
2510 493 7828
2509 494 7827
2508 495 7826
2507 496 7825
2506 497 7824
2505 498 7823
2504 499 7822
2503 500 7821
2502 501 7820
2501 502 7819
2500 503 7818
2499 504 7817
2498 505 7816
2497 506 7815
2496 507 7814
2495 508 7813
2494 509 7812
2493 510 7811
2492 511 7810
2491 512 7809
2490 513 7808
2489 514 7807
2488 515 7806
2487 516 7805
2486 517 7804
2485 518 7803
2484 519 7802
2483 520 7801
2482 521 7800
2481 522 7799
2480 523 7798
2479 524 7797
2478 525 7796
2477 526 7795
2476 527 7794
2475 528 7793
2474 529 7792
2473 530 7791
2472 531 7790
2471 532 7789
2470 533 7788
2469 534 7787
2468 535 7786
2467 536 7785
2466 537 7784
2465 538 7783
2464 539 7782
2463 540 7781
2462 541 7780
2461 542 7779
2460 543 7778
2459 544 7777
2458 545 7776
2457 546 7775
2456 547 7774
2455 548 7773
2454 549 7772
2453 550 7771
2452 551 7770
2451 552 7769
2450 553 7768
2449 554 7767
2448 555 7766
2447 556 7765
2446 557 7764
2445 558 7763
2444 559 7762
2443 560 7761
2442 561 7760
2441 562 7759
2440 563 7758
2439 564 7757
2438 565 7756
2437 566 7755
2436 567 7754
2435 568 7753
2434 569 7752
2433 570 7751
2432 571 7750
2431 572 7749
2430 573 7748
2429 574 7747
2428 575 7746
2427 576 7745
2426 577 7744
2425 578 7743
2424 579 7742
2423 580 7741
2422 581 7740
2421 582 7739
2420 583 7738
2419 584 7737
2418 585 7736
2417 586 7735
2416 587 7734
2415 588 7733
2414 589 7732
2413 590 7731
2412 591 7730
2411 592 7729
2410 593 7728
2409 594 7727
2408 595 7726
2407 596 7725
2406 597 7724
2405 598 7723
2404 599 7722
2403 600 7721
2402 601 7720
2401 602 7719
2400 603 7718
2399 604 7717
2398 605 7716
2397 606 7715
2396 607 7714
2395 608 7713
2394 609 7712
2393 610 7711
2392 611 7710
2391 612 7709
2390 613 7708
2389 614 7707
2388 615 7706
2387 616 7705
2386 617 7704
2385 618 7703
2384 619 7702
2383 620 7701
2382 621 7700
2381 622 7699
2380 623 7698
2379 624 7697
2378 625 7696
2377 626 7695
2376 627 7694
2375 628 7693
2374 629 7692
2373 630 7691
2372 631 7690
2371 632 7689
2370 633 7688
2369 634 7687
2368 635 7686
2367 636 7685
2366 637 7684
2365 638 7683
2364 639 7682
2363 640 7681
2362 641 7680
2361 642 7679
2360 643 7678
2359 644 7677
2358 645 7676
2357 646 7675
2356 647 7674
2355 648 7673
2354 649 7672
2353 650 7671
2352 651 7670
2351 652 7669
2350 653 7668
2349 654 7667
2348 655 7666
2347 656 7665
2346 657 7664
2345 658 7663
2344 659 7662
2343 660 7661
2342 661 7660
2341 662 7659
2340 663 7658
2339 664 7657
2338 665 7656
2337 666 7655
2336 667 7654
2335 668 7653
2334 669 7652
2333 670 7651
2332 671 7650
2331 672 7649
2330 673 7648
2329 674 7647
2328 675 7646
2327 676 7645
2326 677 7644
2325 678 7643
2324 679 7642
2323 680 7641
2322 681 7640
2321 682 7639
2320 683 7638
2319 684 7637
2318 685 7636
2317 686 7635
2316 687 7634
2315 688 7633
2314 689 7632
2313 690 7631
2312 691 7630
2311 692 7629
2310 693 7628
2309 694 7627
2308 695 7626
2307 696 7625
2306 697 7624
2305 698 7623
2304 699 7622
2303 700 7621
2302 701 7620
2301 702 7619
2300 703 7618
2299 704 7617
2298 705 7616
2297 706 7615
2296 707 7614
2295 708 7613
2294 709 7612
2293 710 7611
2292 711 7610
2291 712 7609
2290 713 7608
2289 714 7607
2288 715 7606
2287 716 7605
2286 717 7604
2285 718 7603
2284 719 7602
2283 720 7601
2282 721 7600
2281 722 7599
2280 723 7598
2279 724 7597
2278 725 7596
2277 726 7595
2276 727 7594
2275 728 7593
2274 729 7592
2273 730 7591
2272 731 7590
2271 732 7589
2270 733 7588
2269 734 7587
2268 735 7586
2267 736 7585
2266 737 7584
2265 738 7583
2264 739 7582
2263 740 7581
2262 741 7580
2261 742 7579
2260 743 7578
2259 744 7577
2258 745 7576
2257 746 7575
2256 747 7574
2255 748 7573
2254 749 7572
2253 750 7571
2252 751 7570
2251 752 7569
2250 753 7568
2249 754 7567
2248 755 7566
2247 756 7565
2246 757 7564
2245 758 7563
2244 759 7562
2243 760 7561
2242 761 7560
2241 762 7559
2240 763 7558
2239 764 7557
2238 765 7556
2237 766 7555
2236 767 7554
2235 768 7553
2234 769 7552
2233 770 7551
2232 771 7550
2231 772 7549
2230 773 7548
2229 774 7547
2228 775 7546
2227 776 7545
2226 777 7544
2225 778 7543
2224 779 7542
2223 780 7541
2222 781 7540
2221 782 7539
2220 783 7538
2219 784 7537
2218 785 7536
2217 786 7535
2216 787 7534
2215 788 7533
2214 789 7532
2213 790 7531
2212 791 7530
2211 792 7529
2210 793 7528
2209 794 7527
2208 795 7526
2207 796 7525
2206 797 7524
2205 798 7523
2204 799 7522
2203 800 7521
2202 801 7520
2201 802 7519
2200 803 7518
2199 804 7517
2198 805 7516
2197 806 7515
2196 807 7514
2195 808 7513
2194 809 7512
2193 810 7511
2192 811 7510
2191 812 7509
2190 813 7508
2189 814 7507
2188 815 7506
2187 816 7505
2186 817 7504
2185 818 7503
2184 819 7502
2183 820 7501
2182 821 7500
2181 822 7499
2180 823 7498
2179 824 7497
2178 825 7496
2177 826 7495
2176 827 7494
2175 828 7493
2174 829 7492
2173 830 7491
2172 831 7490
2171 832 7489
2170 833 7488
2169 834 7487
2168 835 7486
2167 836 7485
2166 837 7484
2165 838 7483
2164 839 7482
2163 840 7481
2162 841 7480
2161 842 7479
2160 843 7478
2159 844 7477
2158 845 7476
2157 846 7475
2156 847 7474
2155 848 7473
2154 849 7472
2153 850 7471
2152 851 7470
2151 852 7469
2150 853 7468
2149 854 7467
2148 855 7466
2147 856 7465
2146 857 7464
2145 858 7463
2144 859 7462
2143 860 7461
2142 861 7460
2141 862 7459
2140 863 7458
2139 864 7457
2138 865 7456
2137 866 7455
2136 867 7454
2135 868 7453
2134 869 7452
2133 870 7451
2132 871 7450
2131 872 7449
2130 873 7448
2129 874 7447
2128 875 7446
2127 876 7445
2126 877 7444
2125 878 7443
2124 879 7442
2123 880 7441
2122 881 7440
2121 882 7439
2120 883 7438
2119 884 7437
2118 885 7436
2117 886 7435
2116 887 7434
2115 888 7433
2114 889 7432
2113 890 7431
2112 891 7430
2111 892 7429
2110 893 7428
2109 894 7427
2108 895 7426
2107 896 7425
2106 897 7424
2105 898 7423
2104 899 7422
2103 900 7421
2102 901 7420
2101 902 7419
2100 903 7418
2099 904 7417
2098 905 7416
2097 906 7415
2096 907 7414
2095 908 7413
2094 909 7412
2093 910 7411
2092 911 7410
2091 912 7409
2090 913 7408
2089 914 7407
2088 915 7406
2087 916 7405
2086 917 7404
2085 918 7403
2084 919 7402
2083 920 7401
2082 921 7400
2081 922 7399
2080 923 7398
2079 924 7397
2078 925 7396
2077 926 7395
2076 927 7394
2075 928 7393
2074 929 7392
2073 930 7391
2072 931 7390
2071 932 7389
2070 933 7388
2069 934 7387
2068 935 7386
2067 936 7385
2066 937 7384
2065 938 7383
2064 939 7382
2063 940 7381
2062 941 7380
2061 942 7379
2060 943 7378
2059 944 7377
2058 945 7376
2057 946 7375
2056 947 7374
2055 948 7373
2054 949 7372
2053 950 7371
2052 951 7370
2051 952 7369
2050 953 7368
2049 954 7367
2048 955 7366
2047 956 7365
2046 957 7364
2045 958 7363
2044 959 7362
2043 960 7361
2042 961 7360
2041 962 7359
2040 963 7358
2039 964 7357
2038 965 7356
2037 966 7355
2036 967 7354
2035 968 7353
2034 969 7352
2033 970 7351
2032 971 7350
2031 972 7349
2030 973 7348
2029 974 7347
2028 975 7346
2027 976 7345
2026 977 7344
2025 978 7343
2024 979 7342
2023 980 7341
2022 981 7340
2021 982 7339
2020 983 7338
2019 984 7337
2018 985 7336
2017 986 7335
2016 987 7334
2015 988 7333
2014 989 7332
2013 990 7331
2012 991 7330
2011 992 7329
2010 993 7328
2009 994 7327
2008 995 7326
2007 996 7325
2006 997 7324
2005 998 7323
2004 999 7322
2003 1000 7321
2002 1001 7320
2001 1002 7319
2000 1003 7318
1999 1004 7317
1998 1005 7316
1997 1006 7315
1996 1007 7314
1995 1008 7313
1994 1009 7312
1993 1010 7311
1992 1011 7310
1991 1012 7309
1990 1013 7308
1989 1014 7307
1988 1015 7306
1987 1016 7305
1986 1017 7304
1985 1018 7303
1984 1019 7302
1983 1020 7301
1982 1021 7300
1981 1022 7299
1980 1023 7298
1979 1024 7297
1978 1025 7296
1977 1026 7295
1976 1027 7294
1975 1028 7293
1974 1029 7292
1973 1030 7291
1972 1031 7290
1971 1032 7289
1970 1033 7288
1969 1034 7287
1968 1035 7286
1967 1036 7285
1966 1037 7284
1965 1038 7283
1964 1039 7282
1963 1040 7281
1962 1041 7280
1961 1042 7279
1960 1043 7278
1959 1044 7277
1958 1045 7276
1957 1046 7275
1956 1047 7274
1955 1048 7273
1954 1049 7272
1953 1050 7271
1952 1051 7270
1951 1052 7269
1950 1053 7268
1949 1054 7267
1948 1055 7266
1947 1056 7265
1946 1057 7264
1945 1058 7263
1944 1059 7262
1943 1060 7261
1942 1061 7260
1941 1062 7259
1940 1063 7258
1939 1064 7257
1938 1065 7256
1937 1066 7255
1936 1067 7254
1935 1068 7253
1934 1069 7252
1933 1070 7251
1932 1071 7250
1931 1072 7249
1930 1073 7248
1929 1074 7247
1928 1075 7246
1927 1076 7245
1926 1077 7244
1925 1078 7243
1924 1079 7242
1923 1080 7241
1922 1081 7240
1921 1082 7239
1920 1083 7238
1919 1084 7237
1918 1085 7236
1917 1086 7235
1916 1087 7234
1915 1088 7233
1914 1089 7232
1913 1090 7231
1912 1091 7230
1911 1092 7229
1910 1093 7228
1909 1094 7227
1908 1095 7226
1907 1096 7225
1906 1097 7224
1905 1098 7223
1904 1099 7222
1903 1100 7221
1902 1101 7220
1901 1102 7219
1900 1103 7218
1899 1104 7217
1898 1105 7216
1897 1106 7215
1896 1107 7214
1895 1108 7213
1894 1109 7212
1893 1110 7211
1892 1111 7210
1891 1112 7209
1890 1113 7208
1889 1114 7207
1888 1115 7206
1887 1116 7205
1886 1117 7204
1885 1118 7203
1884 1119 7202
1883 1120 7201
1882 1121 7200
1881 1122 7199
1880 1123 7198
1879 1124 7197
1878 1125 7196
1877 1126 7195
1876 1127 7194
1875 1128 7193
1874 1129 7192
1873 1130 7191
1872 1131 7190
1871 1132 7189
1870 1133 7188
1869 1134 7187
1868 1135 7186
1867 1136 7185
1866 1137 7184
1865 1138 7183
1864 1139 7182
1863 1140 7181
1862 1141 7180
1861 1142 7179
1860 1143 7178
1859 1144 7177
1858 1145 7176
1857 1146 7175
1856 1147 7174
1855 1148 7173
1854 1149 7172
1853 1150 7171
1852 1151 7170
1851 1152 7169
1850 1153 7168
1849 1154 7167
1848 1155 7166
1847 1156 7165
1846 1157 7164
1845 1158 7163
1844 1159 7162
1843 1160 7161
1842 1161 7160
1841 1162 7159
1840 1163 7158
1839 1164 7157
1838 1165 7156
1837 1166 7155
1836 1167 7154
1835 1168 7153
1834 1169 7152
1833 1170 7151
1832 1171 7150
1831 1172 7149
1830 1173 7148
1829 1174 7147
1828 1175 7146
1827 1176 7145
1826 1177 7144
1825 1178 7143
1824 1179 7142
1823 1180 7141
1822 1181 7140
1821 1182 7139
1820 1183 7138
1819 1184 7137
1818 1185 7136
1817 1186 7135
1816 1187 7134
1815 1188 7133
1814 1189 7132
1813 1190 7131
1812 1191 7130
1811 1192 7129
1810 1193 7128
1809 1194 7127
1808 1195 7126
1807 1196 7125
1806 1197 7124
1805 1198 7123
1804 1199 7122
1803 1200 7121
1802 1201 7120
1801 1202 7119
1800 1203 7118
1799 1204 7117
1798 1205 7116
1797 1206 7115
1796 1207 7114
1795 1208 7113
1794 1209 7112
1793 1210 7111
1792 1211 7110
1791 1212 7109
1790 1213 7108
1789 1214 7107
1788 1215 7106
1787 1216 7105
1786 1217 7104
1785 1218 7103
1784 1219 7102
1783 1220 7101
1782 1221 7100
1781 1222 7099
1780 1223 7098
1779 1224 7097
1778 1225 7096
1777 1226 7095
1776 1227 7094
1775 1228 7093
1774 1229 7092
1773 1230 7091
1772 1231 7090
1771 1232 7089
1770 1233 7088
1769 1234 7087
1768 1235 7086
1767 1236 7085
1766 1237 7084
1765 1238 7083
1764 1239 7082
1763 1240 7081
1762 1241 7080
1761 1242 7079
1760 1243 7078
1759 1244 7077
1758 1245 7076
1757 1246 7075
1756 1247 7074
1755 1248 7073
1754 1249 7072
1753 1250 7071
1752 1251 7070
1751 1252 7069
1750 1253 7068
1749 1254 7067
1748 1255 7066
1747 1256 7065
1746 1257 7064
1745 1258 7063
1744 1259 7062
1743 1260 7061
1742 1261 7060
1741 1262 7059
1740 1263 7058
1739 1264 7057
1738 1265 7056
1737 1266 7055
1736 1267 7054
1735 1268 7053
1734 1269 7052
1733 1270 7051
1732 1271 7050
1731 1272 7049
1730 1273 7048
1729 1274 7047
1728 1275 7046
1727 1276 7045
1726 1277 7044
1725 1278 7043
1724 1279 7042
1723 1280 7041
1722 1281 7040
1721 1282 7039
1720 1283 7038
1719 1284 7037
1718 1285 7036
1717 1286 7035
1716 1287 7034
1715 1288 7033
1714 1289 7032
1713 1290 7031
1712 1291 7030
1711 1292 7029
1710 1293 7028
1709 1294 7027
1708 1295 7026
1707 1296 7025
1706 1297 7024
1705 1298 7023
1704 1299 7022
1703 1300 7021
1702 1301 7020
1701 1302 7019
1700 1303 7018
1699 1304 7017
1698 1305 7016
1697 1306 7015
1696 1307 7014
1695 1308 7013
1694 1309 7012
1693 1310 7011
1692 1311 7010
1691 1312 7009
1690 1313 7008
1689 1314 7007
1688 1315 7006
1687 1316 7005
1686 1317 7004
1685 1318 7003
1684 1319 7002
1683 1320 7001
1682 1321 7000
1681 1322 6999
1680 1323 6998
1679 1324 6997
1678 1325 6996
1677 1326 6995
1676 1327 6994
1675 1328 6993
1674 1329 6992
1673 1330 6991
1672 1331 6990
1671 1332 6989
1670 1333 6988
1669 1334 6987
1668 1335 6986
1667 1336 6985
1666 1337 6984
1665 1338 6983
1664 1339 6982
1663 1340 6981
1662 1341 6980
1661 1342 6979
1660 1343 6978
1659 1344 6977
1658 1345 6976
1657 1346 6975
1656 1347 6974
1655 1348 6973
1654 1349 6972
1653 1350 6971
1652 1351 6970
1651 1352 6969
1650 1353 6968
1649 1354 6967
1648 1355 6966
1647 1356 6965
1646 1357 6964
1645 1358 6963
1644 1359 6962
1643 1360 6961
1642 1361 6960
1641 1362 6959
1640 1363 6958
1639 1364 6957
1638 1365 6956
1637 1366 6955
1636 1367 6954
1635 1368 6953
1634 1369 6952
1633 1370 6951
1632 1371 6950
1631 1372 6949
1630 1373 6948
1629 1374 6947
1628 1375 6946
1627 1376 6945
1626 1377 6944
1625 1378 6943
1624 1379 6942
1623 1380 6941
1622 1381 6940
1621 1382 6939
1620 1383 6938
1619 1384 6937
1618 1385 6936
1617 1386 6935
1616 1387 6934
1615 1388 6933
1614 1389 6932
1613 1390 6931
1612 1391 6930
1611 1392 6929
1610 1393 6928
1609 1394 6927
1608 1395 6926
1607 1396 6925
1606 1397 6924
1605 1398 6923
1604 1399 6922
1603 1400 6921
1602 1401 6920
1601 1402 6919
1600 1403 6918
1599 1404 6917
1598 1405 6916
1597 1406 6915
1596 1407 6914
1595 1408 6913
1594 1409 6912
1593 1410 6911
1592 1411 6910
1591 1412 6909
1590 1413 6908
1589 1414 6907
1588 1415 6906
1587 1416 6905
1586 1417 6904
1585 1418 6903
1584 1419 6902
1583 1420 6901
1582 1421 6900
1581 1422 6899
1580 1423 6898
1579 1424 6897
1578 1425 6896
1577 1426 6895
1576 1427 6894
1575 1428 6893
1574 1429 6892
1573 1430 6891
1572 1431 6890
1571 1432 6889
1570 1433 6888
1569 1434 6887
1568 1435 6886
1567 1436 6885
1566 1437 6884
1565 1438 6883
1564 1439 6882
1563 1440 6881
1562 1441 6880
1561 1442 6879
1560 1443 6878
1559 1444 6877
1558 1445 6876
1557 1446 6875
1556 1447 6874
1555 1448 6873
1554 1449 6872
1553 1450 6871
1552 1451 6870
1551 1452 6869
1550 1453 6868
1549 1454 6867
1548 1455 6866
1547 1456 6865
1546 1457 6864
1545 1458 6863
1544 1459 6862
1543 1460 6861
1542 1461 6860
1541 1462 6859
1540 1463 6858
1539 1464 6857
1538 1465 6856
1537 1466 6855
1536 1467 6854
1535 1468 6853
1534 1469 6852
1533 1470 6851
1532 1471 6850
1531 1472 6849
1530 1473 6848
1529 1474 6847
1528 1475 6846
1527 1476 6845
1526 1477 6844
1525 1478 6843
1524 1479 6842
1523 1480 6841
1522 1481 6840
1521 1482 6839
1520 1483 6838
1519 1484 6837
1518 1485 6836
1517 1486 6835
1516 1487 6834
1515 1488 6833
1514 1489 6832
1513 1490 6831
1512 1491 6830
1511 1492 6829
1510 1493 6828
1509 1494 6827
1508 1495 6826
1507 1496 6825
1506 1497 6824
1505 1498 6823
1504 1499 6822
1503 1500 6821
1502 1501 6820
1501 1502 6819
1500 1503 6818
1499 1504 6817
1498 1505 6816
1497 1506 6815
1496 1507 6814
1495 1508 6813
1494 1509 6812
1493 1510 6811
1492 1511 6810
1491 1512 6809
1490 1513 6808
1489 1514 6807
1488 1515 6806
1487 1516 6805
1486 1517 6804
1485 1518 6803
1484 1519 6802
1483 1520 6801
1482 1521 6800
1481 1522 6799
1480 1523 6798
1479 1524 6797
1478 1525 6796
1477 1526 6795
1476 1527 6794
1475 1528 6793
1474 1529 6792
1473 1530 6791
1472 1531 6790
1471 1532 6789
1470 1533 6788
1469 1534 6787
1468 1535 6786
1467 1536 6785
1466 1537 6784
1465 1538 6783
1464 1539 6782
1463 1540 6781
1462 1541 6780
1461 1542 6779
1460 1543 6778
1459 1544 6777
1458 1545 6776
1457 1546 6775
1456 1547 6774
1455 1548 6773
1454 1549 6772
1453 1550 6771
1452 1551 6770
1451 1552 6769
1450 1553 6768
1449 1554 6767
1448 1555 6766
1447 1556 6765
1446 1557 6764
1445 1558 6763
1444 1559 6762
1443 1560 6761
1442 1561 6760
1441 1562 6759
1440 1563 6758
1439 1564 6757
1438 1565 6756
1437 1566 6755
1436 1567 6754
1435 1568 6753
1434 1569 6752
1433 1570 6751
1432 1571 6750
1431 1572 6749
1430 1573 6748
1429 1574 6747
1428 1575 6746
1427 1576 6745
1426 1577 6744
1425 1578 6743
1424 1579 6742
1423 1580 6741
1422 1581 6740
1421 1582 6739
1420 1583 6738
1419 1584 6737
1418 1585 6736
1417 1586 6735
1416 1587 6734
1415 1588 6733
1414 1589 6732
1413 1590 6731
1412 1591 6730
1411 1592 6729
1410 1593 6728
1409 1594 6727
1408 1595 6726
1407 1596 6725
1406 1597 6724
1405 1598 6723
1404 1599 6722
1403 1600 6721
1402 1601 6720
1401 1602 6719
1400 1603 6718
1399 1604 6717
1398 1605 6716
1397 1606 6715
1396 1607 6714
1395 1608 6713
1394 1609 6712
1393 1610 6711
1392 1611 6710
1391 1612 6709
1390 1613 6708
1389 1614 6707
1388 1615 6706
1387 1616 6705
1386 1617 6704
1385 1618 6703
1384 1619 6702
1383 1620 6701
1382 1621 6700
1381 1622 6699
1380 1623 6698
1379 1624 6697
1378 1625 6696
1377 1626 6695
1376 1627 6694
1375 1628 6693
1374 1629 6692
1373 1630 6691
1372 1631 6690
1371 1632 6689
1370 1633 6688
1369 1634 6687
1368 1635 6686
1367 1636 6685
1366 1637 6684
1365 1638 6683
1364 1639 6682
1363 1640 6681
1362 1641 6680
1361 1642 6679
1360 1643 6678
1359 1644 6677
1358 1645 6676
1357 1646 6675
1356 1647 6674
1355 1648 6673
1354 1649 6672
1353 1650 6671
1352 1651 6670
1351 1652 6669
1350 1653 6668
1349 1654 6667
1348 1655 6666
1347 1656 6665
1346 1657 6664
1345 1658 6663
1344 1659 6662
1343 1660 6661
1342 1661 6660
1341 1662 6659
1340 1663 6658
1339 1664 6657
1338 1665 6656
1337 1666 6655
1336 1667 6654
1335 1668 6653
1334 1669 6652
1333 1670 6651
1332 1671 6650
1331 1672 6649
1330 1673 6648
1329 1674 6647
1328 1675 6646
1327 1676 6645
1326 1677 6644
1325 1678 6643
1324 1679 6642
1323 1680 6641
1322 1681 6640
1321 1682 6639
1320 1683 6638
1319 1684 6637
1318 1685 6636
1317 1686 6635
1316 1687 6634
1315 1688 6633
1314 1689 6632
1313 1690 6631
1312 1691 6630
1311 1692 6629
1310 1693 6628
1309 1694 6627
1308 1695 6626
1307 1696 6625
1306 1697 6624
1305 1698 6623
1304 1699 6622
1303 1700 6621
1302 1701 6620
1301 1702 6619
1300 1703 6618
1299 1704 6617
1298 1705 6616
1297 1706 6615
1296 1707 6614
1295 1708 6613
1294 1709 6612
1293 1710 6611
1292 1711 6610
1291 1712 6609
1290 1713 6608
1289 1714 6607
1288 1715 6606
1287 1716 6605
1286 1717 6604
1285 1718 6603
1284 1719 6602
1283 1720 6601
1282 1721 6600
1281 1722 6599
1280 1723 6598
1279 1724 6597
1278 1725 6596
1277 1726 6595
1276 1727 6594
1275 1728 6593
1274 1729 6592
1273 1730 6591
1272 1731 6590
1271 1732 6589
1270 1733 6588
1269 1734 6587
1268 1735 6586
1267 1736 6585
1266 1737 6584
1265 1738 6583
1264 1739 6582
1263 1740 6581
1262 1741 6580
1261 1742 6579
1260 1743 6578
1259 1744 6577
1258 1745 6576
1257 1746 6575
1256 1747 6574
1255 1748 6573
1254 1749 6572
1253 1750 6571
1252 1751 6570
1251 1752 6569
1250 1753 6568
1249 1754 6567
1248 1755 6566
1247 1756 6565
1246 1757 6564
1245 1758 6563
1244 1759 6562
1243 1760 6561
1242 1761 6560
1241 1762 6559
1240 1763 6558
1239 1764 6557
1238 1765 6556
1237 1766 6555
1236 1767 6554
1235 1768 6553
1234 1769 6552
1233 1770 6551
1232 1771 6550
1231 1772 6549
1230 1773 6548
1229 1774 6547
1228 1775 6546
1227 1776 6545
1226 1777 6544
1225 1778 6543
1224 1779 6542
1223 1780 6541
1222 1781 6540
1221 1782 6539
1220 1783 6538
1219 1784 6537
1218 1785 6536
1217 1786 6535
1216 1787 6534
1215 1788 6533
1214 1789 6532
1213 1790 6531
1212 1791 6530
1211 1792 6529
1210 1793 6528
1209 1794 6527
1208 1795 6526
1207 1796 6525
1206 1797 6524
1205 1798 6523
1204 1799 6522
1203 1800 6521
1202 1801 6520
1201 1802 6519
1200 1803 6518
1199 1804 6517
1198 1805 6516
1197 1806 6515
1196 1807 6514
1195 1808 6513
1194 1809 6512
1193 1810 6511
1192 1811 6510
1191 1812 6509
1190 1813 6508
1189 1814 6507
1188 1815 6506
1187 1816 6505
1186 1817 6504
1185 1818 6503
1184 1819 6502
1183 1820 6501
1182 1821 6500
1181 1822 6499
1180 1823 6498
1179 1824 6497
1178 1825 6496
1177 1826 6495
1176 1827 6494
1175 1828 6493
1174 1829 6492
1173 1830 6491
1172 1831 6490
1171 1832 6489
1170 1833 6488
1169 1834 6487
1168 1835 6486
1167 1836 6485
1166 1837 6484
1165 1838 6483
1164 1839 6482
1163 1840 6481
1162 1841 6480
1161 1842 6479
1160 1843 6478
1159 1844 6477
1158 1845 6476
1157 1846 6475
1156 1847 6474
1155 1848 6473
1154 1849 6472
1153 1850 6471
1152 1851 6470
1151 1852 6469
1150 1853 6468
1149 1854 6467
1148 1855 6466
1147 1856 6465
1146 1857 6464
1145 1858 6463
1144 1859 6462
1143 1860 6461
1142 1861 6460
1141 1862 6459
1140 1863 6458
1139 1864 6457
1138 1865 6456
1137 1866 6455
1136 1867 6454
1135 1868 6453
1134 1869 6452
1133 1870 6451
1132 1871 6450
1131 1872 6449
1130 1873 6448
1129 1874 6447
1128 1875 6446
1127 1876 6445
1126 1877 6444
1125 1878 6443
1124 1879 6442
1123 1880 6441
1122 1881 6440
1121 1882 6439
1120 1883 6438
1119 1884 6437
1118 1885 6436
1117 1886 6435
1116 1887 6434
1115 1888 6433
1114 1889 6432
1113 1890 6431
1112 1891 6430
1111 1892 6429
1110 1893 6428
1109 1894 6427
1108 1895 6426
1107 1896 6425
1106 1897 6424
1105 1898 6423
1104 1899 6422
1103 1900 6421
1102 1901 6420
1101 1902 6419
1100 1903 6418
1099 1904 6417
1098 1905 6416
1097 1906 6415
1096 1907 6414
1095 1908 6413
1094 1909 6412
1093 1910 6411
1092 1911 6410
1091 1912 6409
1090 1913 6408
1089 1914 6407
1088 1915 6406
1087 1916 6405
1086 1917 6404
1085 1918 6403
1084 1919 6402
1083 1920 6401
1082 1921 6400
1081 1922 6399
1080 1923 6398
1079 1924 6397
1078 1925 6396
1077 1926 6395
1076 1927 6394
1075 1928 6393
1074 1929 6392
1073 1930 6391
1072 1931 6390
1071 1932 6389
1070 1933 6388
1069 1934 6387
1068 1935 6386
1067 1936 6385
1066 1937 6384
1065 1938 6383
1064 1939 6382
1063 1940 6381
1062 1941 6380
1061 1942 6379
1060 1943 6378
1059 1944 6377
1058 1945 6376
1057 1946 6375
1056 1947 6374
1055 1948 6373
1054 1949 6372
1053 1950 6371
1052 1951 6370
1051 1952 6369
1050 1953 6368
1049 1954 6367
1048 1955 6366
1047 1956 6365
1046 1957 6364
1045 1958 6363
1044 1959 6362
1043 1960 6361
1042 1961 6360
1041 1962 6359
1040 1963 6358
1039 1964 6357
1038 1965 6356
1037 1966 6355
1036 1967 6354
1035 1968 6353
1034 1969 6352
1033 1970 6351
1032 1971 6350
1031 1972 6349
1030 1973 6348
1029 1974 6347
1028 1975 6346
1027 1976 6345
1026 1977 6344
1025 1978 6343
1024 1979 6342
1023 1980 6341
1022 1981 6340
1021 1982 6339
1020 1983 6338
1019 1984 6337
1018 1985 6336
1017 1986 6335
1016 1987 6334
1015 1988 6333
1014 1989 6332
1013 1990 6331
1012 1991 6330
1011 1992 6329
1010 1993 6328
1009 1994 6327
1008 1995 6326
1007 1996 6325
1006 1997 6324
1005 1998 6323
1004 1999 6322
1003 2000 6321
1002 2001 6320
1001 2002 6319
1000 2003 6318
999 2004 6317
998 2005 6316
997 2006 6315
996 2007 6314
995 2008 6313
994 2009 6312
993 2010 6311
992 2011 6310
991 2012 6309
990 2013 6308
989 2014 6307
988 2015 6306
987 2016 6305
986 2017 6304
985 2018 6303
984 2019 6302
983 2020 6301
982 2021 6300
981 2022 6299
980 2023 6298
979 2024 6297
978 2025 6296
977 2026 6295
976 2027 6294
975 2028 6293
974 2029 6292
973 2030 6291
972 2031 6290
971 2032 6289
970 2033 6288
969 2034 6287
968 2035 6286
967 2036 6285
966 2037 6284
965 2038 6283
964 2039 6282
963 2040 6281
962 2041 6280
961 2042 6279
960 2043 6278
959 2044 6277
958 2045 6276
957 2046 6275
956 2047 6274
955 2048 6273
954 2049 6272
953 2050 6271
952 2051 6270
951 2052 6269
950 2053 6268
949 2054 6267
948 2055 6266
947 2056 6265
946 2057 6264
945 2058 6263
944 2059 6262
943 2060 6261
942 2061 6260
941 2062 6259
940 2063 6258
939 2064 6257
938 2065 6256
937 2066 6255
936 2067 6254
935 2068 6253
934 2069 6252
933 2070 6251
932 2071 6250
931 2072 6249
930 2073 6248
929 2074 6247
928 2075 6246
927 2076 6245
926 2077 6244
925 2078 6243
924 2079 6242
923 2080 6241
922 2081 6240
921 2082 6239
920 2083 6238
919 2084 6237
918 2085 6236
917 2086 6235
916 2087 6234
915 2088 6233
914 2089 6232
913 2090 6231
912 2091 6230
911 2092 6229
910 2093 6228
909 2094 6227
908 2095 6226
907 2096 6225
906 2097 6224
905 2098 6223
904 2099 6222
903 2100 6221
902 2101 6220
901 2102 6219
900 2103 6218
899 2104 6217
898 2105 6216
897 2106 6215
896 2107 6214
895 2108 6213
894 2109 6212
893 2110 6211
892 2111 6210
891 2112 6209
890 2113 6208
889 2114 6207
888 2115 6206
887 2116 6205
886 2117 6204
885 2118 6203
884 2119 6202
883 2120 6201
882 2121 6200
881 2122 6199
880 2123 6198
879 2124 6197
878 2125 6196
877 2126 6195
876 2127 6194
875 2128 6193
874 2129 6192
873 2130 6191
872 2131 6190
871 2132 6189
870 2133 6188
869 2134 6187
868 2135 6186
867 2136 6185
866 2137 6184
865 2138 6183
864 2139 6182
863 2140 6181
862 2141 6180
861 2142 6179
860 2143 6178
859 2144 6177
858 2145 6176
857 2146 6175
856 2147 6174
855 2148 6173
854 2149 6172
853 2150 6171
852 2151 6170
851 2152 6169
850 2153 6168
849 2154 6167
848 2155 6166
847 2156 6165
846 2157 6164
845 2158 6163
844 2159 6162
843 2160 6161
842 2161 6160
841 2162 6159
840 2163 6158
839 2164 6157
838 2165 6156
837 2166 6155
836 2167 6154
835 2168 6153
834 2169 6152
833 2170 6151
832 2171 6150
831 2172 6149
830 2173 6148
829 2174 6147
828 2175 6146
827 2176 6145
826 2177 6144
825 2178 6143
824 2179 6142
823 2180 6141
822 2181 6140
821 2182 6139
820 2183 6138
819 2184 6137
818 2185 6136
817 2186 6135
816 2187 6134
815 2188 6133
814 2189 6132
813 2190 6131
812 2191 6130
811 2192 6129
810 2193 6128
809 2194 6127
808 2195 6126
807 2196 6125
806 2197 6124
805 2198 6123
804 2199 6122
803 2200 6121
802 2201 6120
801 2202 6119
800 2203 6118
799 2204 6117
798 2205 6116
797 2206 6115
796 2207 6114
795 2208 6113
794 2209 6112
793 2210 6111
792 2211 6110
791 2212 6109
790 2213 6108
789 2214 6107
788 2215 6106
787 2216 6105
786 2217 6104
785 2218 6103
784 2219 6102
783 2220 6101
782 2221 6100
781 2222 6099
780 2223 6098
779 2224 6097
778 2225 6096
777 2226 6095
776 2227 6094
775 2228 6093
774 2229 6092
773 2230 6091
772 2231 6090
771 2232 6089
770 2233 6088
769 2234 6087
768 2235 6086
767 2236 6085
766 2237 6084
765 2238 6083
764 2239 6082
763 2240 6081
762 2241 6080
761 2242 6079
760 2243 6078
759 2244 6077
758 2245 6076
757 2246 6075
756 2247 6074
755 2248 6073
754 2249 6072
753 2250 6071
752 2251 6070
751 2252 6069
750 2253 6068
749 2254 6067
748 2255 6066
747 2256 6065
746 2257 6064
745 2258 6063
744 2259 6062
743 2260 6061
742 2261 6060
741 2262 6059
740 2263 6058
739 2264 6057
738 2265 6056
737 2266 6055
736 2267 6054
735 2268 6053
734 2269 6052
733 2270 6051
732 2271 6050
731 2272 6049
730 2273 6048
729 2274 6047
728 2275 6046
727 2276 6045
726 2277 6044
725 2278 6043
724 2279 6042
723 2280 6041
722 2281 6040
721 2282 6039
720 2283 6038
719 2284 6037
718 2285 6036
717 2286 6035
716 2287 6034
715 2288 6033
714 2289 6032
713 2290 6031
712 2291 6030
711 2292 6029
710 2293 6028
709 2294 6027
708 2295 6026
707 2296 6025
706 2297 6024
705 2298 6023
704 2299 6022
703 2300 6021
702 2301 6020
701 2302 6019
700 2303 6018
699 2304 6017
698 2305 6016
697 2306 6015
696 2307 6014
695 2308 6013
694 2309 6012
693 2310 6011
692 2311 6010
691 2312 6009
690 2313 6008
689 2314 6007
688 2315 6006
687 2316 6005
686 2317 6004
685 2318 6003
684 2319 6002
683 2320 6001
