1298
3000 3 7298
2999 4 7297
2998 5 7296
2997 6 7295
2996 7 7294
2995 8 7293
2994 9 7292
2993 10 7291
2992 11 7290
2991 12 7289
2990 13 7288
2989 14 7287
2988 15 7286
2987 16 7285
2986 17 7284
2985 18 7283
2984 19 7282
2983 20 7281
2982 21 7280
2981 22 7279
2980 23 7278
2979 24 7277
2978 25 7276
2977 26 7275
2976 27 7274
2975 28 7273
2974 29 7272
2973 30 7271
2972 31 7270
2971 32 7269
2970 33 7268
2969 34 7267
2968 35 7266
2967 36 7265
2966 37 7264
2965 38 7263
2964 39 7262
2963 40 7261
2962 41 7260
2961 42 7259
2960 43 7258
2959 44 7257
2958 45 7256
2957 46 7255
2956 47 7254
2955 48 7253
2954 49 7252
2953 50 7251
2952 51 7250
2951 52 7249
2950 53 7248
2949 54 7247
2948 55 7246
2947 56 7245
2946 57 7244
2945 58 7243
2944 59 7242
2943 60 7241
2942 61 7240
2941 62 7239
2940 63 7238
2939 64 7237
2938 65 7236
2937 66 7235
2936 67 7234
2935 68 7233
2934 69 7232
2933 70 7231
2932 71 7230
2931 72 7229
2930 73 7228
2929 74 7227
2928 75 7226
2927 76 7225
2926 77 7224
2925 78 7223
2924 79 7222
2923 80 7221
2922 81 7220
2921 82 7219
2920 83 7218
2919 84 7217
2918 85 7216
2917 86 7215
2916 87 7214
2915 88 7213
2914 89 7212
2913 90 7211
2912 91 7210
2911 92 7209
2910 93 7208
2909 94 7207
2908 95 7206
2907 96 7205
2906 97 7204
2905 98 7203
2904 99 7202
2903 100 7201
2902 101 7200
2901 102 7199
2900 103 7198
2899 104 7197
2898 105 7196
2897 106 7195
2896 107 7194
2895 108 7193
2894 109 7192
2893 110 7191
2892 111 7190
2891 112 7189
2890 113 7188
2889 114 7187
2888 115 7186
2887 116 7185
2886 117 7184
2885 118 7183
2884 119 7182
2883 120 7181
2882 121 7180
2881 122 7179
2880 123 7178
2879 124 7177
2878 125 7176
2877 126 7175
2876 127 7174
2875 128 7173
2874 129 7172
2873 130 7171
2872 131 7170
2871 132 7169
2870 133 7168
2869 134 7167
2868 135 7166
2867 136 7165
2866 137 7164
2865 138 7163
2864 139 7162
2863 140 7161
2862 141 7160
2861 142 7159
2860 143 7158
2859 144 7157
2858 145 7156
2857 146 7155
2856 147 7154
2855 148 7153
2854 149 7152
2853 150 7151
2852 151 7150
2851 152 7149
2850 153 7148
2849 154 7147
2848 155 7146
2847 156 7145
2846 157 7144
2845 158 7143
2844 159 7142
2843 160 7141
2842 161 7140
2841 162 7139
2840 163 7138
2839 164 7137
2838 165 7136
2837 166 7135
2836 167 7134
2835 168 7133
2834 169 7132
2833 170 7131
2832 171 7130
2831 172 7129
2830 173 7128
2829 174 7127
2828 175 7126
2827 176 7125
2826 177 7124
2825 178 7123
2824 179 7122
2823 180 7121
2822 181 7120
2821 182 7119
2820 183 7118
2819 184 7117
2818 185 7116
2817 186 7115
2816 187 7114
2815 188 7113
2814 189 7112
2813 190 7111
2812 191 7110
2811 192 7109
2810 193 7108
2809 194 7107
2808 195 7106
2807 196 7105
2806 197 7104
2805 198 7103
2804 199 7102
2803 200 7101
2802 201 7100
2801 202 7099
2800 203 7098
2799 204 7097
2798 205 7096
2797 206 7095
2796 207 7094
2795 208 7093
2794 209 7092
2793 210 7091
2792 211 7090
2791 212 7089
2790 213 7088
2789 214 7087
2788 215 7086
2787 216 7085
2786 217 7084
2785 218 7083
2784 219 7082
2783 220 7081
2782 221 7080
2781 222 7079
2780 223 7078
2779 224 7077
2778 225 7076
2777 226 7075
2776 227 7074
2775 228 7073
2774 229 7072
2773 230 7071
2772 231 7070
2771 232 7069
2770 233 7068
2769 234 7067
2768 235 7066
2767 236 7065
2766 237 7064
2765 238 7063
2764 239 7062
2763 240 7061
2762 241 7060
2761 242 7059
2760 243 7058
2759 244 7057
2758 245 7056
2757 246 7055
2756 247 7054
2755 248 7053
2754 249 7052
2753 250 7051
2752 251 7050
2751 252 7049
2750 253 7048
2749 254 7047
2748 255 7046
2747 256 7045
2746 257 7044
2745 258 7043
2744 259 7042
2743 260 7041
2742 261 7040
2741 262 7039
2740 263 7038
2739 264 7037
2738 265 7036
2737 266 7035
2736 267 7034
2735 268 7033
2734 269 7032
2733 270 7031
2732 271 7030
2731 272 7029
2730 273 7028
2729 274 7027
2728 275 7026
2727 276 7025
2726 277 7024
2725 278 7023
2724 279 7022
2723 280 7021
2722 281 7020
2721 282 7019
2720 283 7018
2719 284 7017
2718 285 7016
2717 286 7015
2716 287 7014
2715 288 7013
2714 289 7012
2713 290 7011
2712 291 7010
2711 292 7009
2710 293 7008
2709 294 7007
2708 295 7006
2707 296 7005
2706 297 7004
2705 298 7003
2704 299 7002
2703 300 7001
2702 301 7000
2701 302 6999
2700 303 6998
2699 304 6997
2698 305 6996
2697 306 6995
2696 307 6994
2695 308 6993
2694 309 6992
2693 310 6991
2692 311 6990
2691 312 6989
2690 313 6988
2689 314 6987
2688 315 6986
2687 316 6985
2686 317 6984
2685 318 6983
2684 319 6982
2683 320 6981
2682 321 6980
2681 322 6979
2680 323 6978
2679 324 6977
2678 325 6976
2677 326 6975
2676 327 6974
2675 328 6973
2674 329 6972
2673 330 6971
2672 331 6970
2671 332 6969
2670 333 6968
2669 334 6967
2668 335 6966
2667 336 6965
2666 337 6964
2665 338 6963
2664 339 6962
2663 340 6961
2662 341 6960
2661 342 6959
2660 343 6958
2659 344 6957
2658 345 6956
2657 346 6955
2656 347 6954
2655 348 6953
2654 349 6952
2653 350 6951
2652 351 6950
2651 352 6949
2650 353 6948
2649 354 6947
2648 355 6946
2647 356 6945
2646 357 6944
2645 358 6943
2644 359 6942
2643 360 6941
2642 361 6940
2641 362 6939
2640 363 6938
2639 364 6937
2638 365 6936
2637 366 6935
2636 367 6934
2635 368 6933
2634 369 6932
2633 370 6931
2632 371 6930
2631 372 6929
2630 373 6928
2629 374 6927
2628 375 6926
2627 376 6925
2626 377 6924
2625 378 6923
2624 379 6922
2623 380 6921
2622 381 6920
2621 382 6919
2620 383 6918
2619 384 6917
2618 385 6916
2617 386 6915
2616 387 6914
2615 388 6913
2614 389 6912
2613 390 6911
2612 391 6910
2611 392 6909
2610 393 6908
2609 394 6907
2608 395 6906
2607 396 6905
2606 397 6904
2605 398 6903
2604 399 6902
2603 400 6901
2602 401 6900
2601 402 6899
2600 403 6898
2599 404 6897
2598 405 6896
2597 406 6895
2596 407 6894
2595 408 6893
2594 409 6892
2593 410 6891
2592 411 6890
2591 412 6889
2590 413 6888
2589 414 6887
2588 415 6886
2587 416 6885
2586 417 6884
2585 418 6883
2584 419 6882
2583 420 6881
2582 421 6880
2581 422 6879
2580 423 6878
2579 424 6877
2578 425 6876
2577 426 6875
2576 427 6874
2575 428 6873
2574 429 6872
2573 430 6871
2572 431 6870
2571 432 6869
2570 433 6868
2569 434 6867
2568 435 6866
2567 436 6865
2566 437 6864
2565 438 6863
2564 439 6862
2563 440 6861
2562 441 6860
2561 442 6859
2560 443 6858
2559 444 6857
2558 445 6856
2557 446 6855
2556 447 6854
2555 448 6853
2554 449 6852
2553 450 6851
2552 451 6850
2551 452 6849
2550 453 6848
2549 454 6847
2548 455 6846
2547 456 6845
2546 457 6844
2545 458 6843
2544 459 6842
2543 460 6841
2542 461 6840
2541 462 6839
2540 463 6838
2539 464 6837
2538 465 6836
2537 466 6835
2536 467 6834
2535 468 6833
2534 469 6832
2533 470 6831
2532 471 6830
2531 472 6829
2530 473 6828
2529 474 6827
2528 475 6826
2527 476 6825
2526 477 6824
2525 478 6823
2524 479 6822
2523 480 6821
2522 481 6820
2521 482 6819
2520 483 6818
2519 484 6817
2518 485 6816
2517 486 6815
2516 487 6814
2515 488 6813
2514 489 6812
2513 490 6811
2512 491 6810
2511 492 6809
2510 493 6808
2509 494 6807
2508 495 6806
2507 496 6805
2506 497 6804
2505 498 6803
2504 499 6802
2503 500 6801
2502 501 6800
2501 502 6799
2500 503 6798
2499 504 6797
2498 505 6796
2497 506 6795
2496 507 6794
2495 508 6793
2494 509 6792
2493 510 6791
2492 511 6790
2491 512 6789
2490 513 6788
2489 514 6787
2488 515 6786
2487 516 6785
2486 517 6784
2485 518 6783
2484 519 6782
2483 520 6781
2482 521 6780
2481 522 6779
2480 523 6778
2479 524 6777
2478 525 6776
2477 526 6775
2476 527 6774
2475 528 6773
2474 529 6772
2473 530 6771
2472 531 6770
2471 532 6769
2470 533 6768
2469 534 6767
2468 535 6766
2467 536 6765
2466 537 6764
2465 538 6763
2464 539 6762
2463 540 6761
2462 541 6760
2461 542 6759
2460 543 6758
2459 544 6757
2458 545 6756
2457 546 6755
2456 547 6754
2455 548 6753
2454 549 6752
2453 550 6751
2452 551 6750
2451 552 6749
2450 553 6748
2449 554 6747
2448 555 6746
2447 556 6745
2446 557 6744
2445 558 6743
2444 559 6742
2443 560 6741
2442 561 6740
2441 562 6739
2440 563 6738
2439 564 6737
2438 565 6736
2437 566 6735
2436 567 6734
2435 568 6733
2434 569 6732
2433 570 6731
2432 571 6730
2431 572 6729
2430 573 6728
2429 574 6727
2428 575 6726
2427 576 6725
2426 577 6724
2425 578 6723
2424 579 6722
2423 580 6721
2422 581 6720
2421 582 6719
2420 583 6718
2419 584 6717
2418 585 6716
2417 586 6715
2416 587 6714
2415 588 6713
2414 589 6712
2413 590 6711
2412 591 6710
2411 592 6709
2410 593 6708
2409 594 6707
2408 595 6706
2407 596 6705
2406 597 6704
2405 598 6703
2404 599 6702
2403 600 6701
2402 601 6700
2401 602 6699
2400 603 6698
2399 604 6697
2398 605 6696
2397 606 6695
2396 607 6694
2395 608 6693
2394 609 6692
2393 610 6691
2392 611 6690
2391 612 6689
2390 613 6688
2389 614 6687
2388 615 6686
2387 616 6685
2386 617 6684
2385 618 6683
2384 619 6682
2383 620 6681
2382 621 6680
2381 622 6679
2380 623 6678
2379 624 6677
2378 625 6676
2377 626 6675
2376 627 6674
2375 628 6673
2374 629 6672
2373 630 6671
2372 631 6670
2371 632 6669
2370 633 6668
2369 634 6667
2368 635 6666
2367 636 6665
2366 637 6664
2365 638 6663
2364 639 6662
2363 640 6661
2362 641 6660
2361 642 6659
2360 643 6658
2359 644 6657
2358 645 6656
2357 646 6655
2356 647 6654
2355 648 6653
2354 649 6652
2353 650 6651
2352 651 6650
2351 652 6649
2350 653 6648
2349 654 6647
2348 655 6646
2347 656 6645
2346 657 6644
2345 658 6643
2344 659 6642
2343 660 6641
2342 661 6640
2341 662 6639
2340 663 6638
2339 664 6637
2338 665 6636
2337 666 6635
2336 667 6634
2335 668 6633
2334 669 6632
2333 670 6631
2332 671 6630
2331 672 6629
2330 673 6628
2329 674 6627
2328 675 6626
2327 676 6625
2326 677 6624
2325 678 6623
2324 679 6622
2323 680 6621
2322 681 6620
2321 682 6619
2320 683 6618
2319 684 6617
2318 685 6616
2317 686 6615
2316 687 6614
2315 688 6613
2314 689 6612
2313 690 6611
2312 691 6610
2311 692 6609
2310 693 6608
2309 694 6607
2308 695 6606
2307 696 6605
2306 697 6604
2305 698 6603
2304 699 6602
2303 700 6601
2302 701 6600
2301 702 6599
2300 703 6598
2299 704 6597
2298 705 6596
2297 706 6595
2296 707 6594
2295 708 6593
2294 709 6592
2293 710 6591
2292 711 6590
2291 712 6589
2290 713 6588
2289 714 6587
2288 715 6586
2287 716 6585
2286 717 6584
2285 718 6583
2284 719 6582
2283 720 6581
2282 721 6580
2281 722 6579
2280 723 6578
2279 724 6577
2278 725 6576
2277 726 6575
2276 727 6574
2275 728 6573
2274 729 6572
2273 730 6571
2272 731 6570
2271 732 6569
2270 733 6568
2269 734 6567
2268 735 6566
2267 736 6565
2266 737 6564
2265 738 6563
2264 739 6562
2263 740 6561
2262 741 6560
2261 742 6559
2260 743 6558
2259 744 6557
2258 745 6556
2257 746 6555
2256 747 6554
2255 748 6553
2254 749 6552
2253 750 6551
2252 751 6550
2251 752 6549
2250 753 6548
2249 754 6547
2248 755 6546
2247 756 6545
2246 757 6544
2245 758 6543
2244 759 6542
2243 760 6541
2242 761 6540
2241 762 6539
2240 763 6538
2239 764 6537
2238 765 6536
2237 766 6535
2236 767 6534
2235 768 6533
2234 769 6532
2233 770 6531
2232 771 6530
2231 772 6529
2230 773 6528
2229 774 6527
2228 775 6526
2227 776 6525
2226 777 6524
2225 778 6523
2224 779 6522
2223 780 6521
2222 781 6520
2221 782 6519
2220 783 6518
2219 784 6517
2218 785 6516
2217 786 6515
2216 787 6514
2215 788 6513
2214 789 6512
2213 790 6511
2212 791 6510
2211 792 6509
2210 793 6508
2209 794 6507
2208 795 6506
2207 796 6505
2206 797 6504
2205 798 6503
2204 799 6502
2203 800 6501
2202 801 6500
2201 802 6499
2200 803 6498
2199 804 6497
2198 805 6496
2197 806 6495
2196 807 6494
2195 808 6493
2194 809 6492
2193 810 6491
2192 811 6490
2191 812 6489
2190 813 6488
2189 814 6487
2188 815 6486
2187 816 6485
2186 817 6484
2185 818 6483
2184 819 6482
2183 820 6481
2182 821 6480
2181 822 6479
2180 823 6478
2179 824 6477
2178 825 6476
2177 826 6475
2176 827 6474
2175 828 6473
2174 829 6472
2173 830 6471
2172 831 6470
2171 832 6469
2170 833 6468
2169 834 6467
2168 835 6466
2167 836 6465
2166 837 6464
2165 838 6463
2164 839 6462
2163 840 6461
2162 841 6460
2161 842 6459
2160 843 6458
2159 844 6457
2158 845 6456
2157 846 6455
2156 847 6454
2155 848 6453
2154 849 6452
2153 850 6451
2152 851 6450
2151 852 6449
2150 853 6448
2149 854 6447
2148 855 6446
2147 856 6445
2146 857 6444
2145 858 6443
2144 859 6442
2143 860 6441
2142 861 6440
2141 862 6439
2140 863 6438
2139 864 6437
2138 865 6436
2137 866 6435
2136 867 6434
2135 868 6433
2134 869 6432
2133 870 6431
2132 871 6430
2131 872 6429
2130 873 6428
2129 874 6427
2128 875 6426
2127 876 6425
2126 877 6424
2125 878 6423
2124 879 6422
2123 880 6421
2122 881 6420
2121 882 6419
2120 883 6418
2119 884 6417
2118 885 6416
2117 886 6415
2116 887 6414
2115 888 6413
2114 889 6412
2113 890 6411
2112 891 6410
2111 892 6409
2110 893 6408
2109 894 6407
2108 895 6406
2107 896 6405
2106 897 6404
2105 898 6403
2104 899 6402
2103 900 6401
2102 901 6400
2101 902 6399
2100 903 6398
2099 904 6397
2098 905 6396
2097 906 6395
2096 907 6394
2095 908 6393
2094 909 6392
2093 910 6391
2092 911 6390
2091 912 6389
2090 913 6388
2089 914 6387
2088 915 6386
2087 916 6385
2086 917 6384
2085 918 6383
2084 919 6382
2083 920 6381
2082 921 6380
2081 922 6379
2080 923 6378
2079 924 6377
2078 925 6376
2077 926 6375
2076 927 6374
2075 928 6373
2074 929 6372
2073 930 6371
2072 931 6370
2071 932 6369
2070 933 6368
2069 934 6367
2068 935 6366
2067 936 6365
2066 937 6364
2065 938 6363
2064 939 6362
2063 940 6361
2062 941 6360
2061 942 6359
2060 943 6358
2059 944 6357
2058 945 6356
2057 946 6355
2056 947 6354
2055 948 6353
2054 949 6352
2053 950 6351
2052 951 6350
2051 952 6349
2050 953 6348
2049 954 6347
2048 955 6346
2047 956 6345
2046 957 6344
2045 958 6343
2044 959 6342
2043 960 6341
2042 961 6340
2041 962 6339
2040 963 6338
2039 964 6337
2038 965 6336
2037 966 6335
2036 967 6334
2035 968 6333
2034 969 6332
2033 970 6331
2032 971 6330
2031 972 6329
2030 973 6328
2029 974 6327
2028 975 6326
2027 976 6325
2026 977 6324
2025 978 6323
2024 979 6322
2023 980 6321
2022 981 6320
2021 982 6319
2020 983 6318
2019 984 6317
2018 985 6316
2017 986 6315
2016 987 6314
2015 988 6313
2014 989 6312
2013 990 6311
2012 991 6310
2011 992 6309
2010 993 6308
2009 994 6307
2008 995 6306
2007 996 6305
2006 997 6304
2005 998 6303
2004 999 6302
2003 1000 6301
2002 1001 6300
2001 1002 6299
2000 1003 6298
1999 1004 6297
1998 1005 6296
1997 1006 6295
1996 1007 6294
1995 1008 6293
1994 1009 6292
1993 1010 6291
1992 1011 6290
1991 1012 6289
1990 1013 6288
1989 1014 6287
1988 1015 6286
1987 1016 6285
1986 1017 6284
1985 1018 6283
1984 1019 6282
1983 1020 6281
1982 1021 6280
1981 1022 6279
1980 1023 6278
1979 1024 6277
1978 1025 6276
1977 1026 6275
1976 1027 6274
1975 1028 6273
1974 1029 6272
1973 1030 6271
1972 1031 6270
1971 1032 6269
1970 1033 6268
1969 1034 6267
1968 1035 6266
1967 1036 6265
1966 1037 6264
1965 1038 6263
1964 1039 6262
1963 1040 6261
1962 1041 6260
1961 1042 6259
1960 1043 6258
1959 1044 6257
1958 1045 6256
1957 1046 6255
1956 1047 6254
1955 1048 6253
1954 1049 6252
1953 1050 6251
1952 1051 6250
1951 1052 6249
1950 1053 6248
1949 1054 6247
1948 1055 6246
1947 1056 6245
1946 1057 6244
1945 1058 6243
1944 1059 6242
1943 1060 6241
1942 1061 6240
1941 1062 6239
1940 1063 6238
1939 1064 6237
1938 1065 6236
1937 1066 6235
1936 1067 6234
1935 1068 6233
1934 1069 6232
1933 1070 6231
1932 1071 6230
1931 1072 6229
1930 1073 6228
1929 1074 6227
1928 1075 6226
1927 1076 6225
1926 1077 6224
1925 1078 6223
1924 1079 6222
1923 1080 6221
1922 1081 6220
1921 1082 6219
1920 1083 6218
1919 1084 6217
1918 1085 6216
1917 1086 6215
1916 1087 6214
1915 1088 6213
1914 1089 6212
1913 1090 6211
1912 1091 6210
1911 1092 6209
1910 1093 6208
1909 1094 6207
1908 1095 6206
1907 1096 6205
1906 1097 6204
1905 1098 6203
1904 1099 6202
1903 1100 6201
1902 1101 6200
1901 1102 6199
1900 1103 6198
1899 1104 6197
1898 1105 6196
1897 1106 6195
1896 1107 6194
1895 1108 6193
1894 1109 6192
1893 1110 6191
1892 1111 6190
1891 1112 6189
1890 1113 6188
1889 1114 6187
1888 1115 6186
1887 1116 6185
1886 1117 6184
1885 1118 6183
1884 1119 6182
1883 1120 6181
1882 1121 6180
1881 1122 6179
1880 1123 6178
1879 1124 6177
1878 1125 6176
1877 1126 6175
1876 1127 6174
1875 1128 6173
1874 1129 6172
1873 1130 6171
1872 1131 6170
1871 1132 6169
1870 1133 6168
1869 1134 6167
1868 1135 6166
1867 1136 6165
1866 1137 6164
1865 1138 6163
1864 1139 6162
1863 1140 6161
1862 1141 6160
1861 1142 6159
1860 1143 6158
1859 1144 6157
1858 1145 6156
1857 1146 6155
1856 1147 6154
1855 1148 6153
1854 1149 6152
1853 1150 6151
1852 1151 6150
1851 1152 6149
1850 1153 6148
1849 1154 6147
1848 1155 6146
1847 1156 6145
1846 1157 6144
1845 1158 6143
1844 1159 6142
1843 1160 6141
1842 1161 6140
1841 1162 6139
1840 1163 6138
1839 1164 6137
1838 1165 6136
1837 1166 6135
1836 1167 6134
1835 1168 6133
1834 1169 6132
1833 1170 6131
1832 1171 6130
1831 1172 6129
1830 1173 6128
1829 1174 6127
1828 1175 6126
1827 1176 6125
1826 1177 6124
1825 1178 6123
1824 1179 6122
1823 1180 6121
1822 1181 6120
1821 1182 6119
1820 1183 6118
1819 1184 6117
1818 1185 6116
1817 1186 6115
1816 1187 6114
1815 1188 6113
1814 1189 6112
1813 1190 6111
1812 1191 6110
1811 1192 6109
1810 1193 6108
1809 1194 6107
1808 1195 6106
1807 1196 6105
1806 1197 6104
1805 1198 6103
1804 1199 6102
1803 1200 6101
1802 1201 6100
1801 1202 6099
1800 1203 6098
1799 1204 6097
1798 1205 6096
1797 1206 6095
1796 1207 6094
1795 1208 6093
1794 1209 6092
1793 1210 6091
1792 1211 6090
1791 1212 6089
1790 1213 6088
1789 1214 6087
1788 1215 6086
1787 1216 6085
1786 1217 6084
1785 1218 6083
1784 1219 6082
1783 1220 6081
1782 1221 6080
1781 1222 6079
1780 1223 6078
1779 1224 6077
1778 1225 6076
1777 1226 6075
1776 1227 6074
1775 1228 6073
1774 1229 6072
1773 1230 6071
1772 1231 6070
1771 1232 6069
1770 1233 6068
1769 1234 6067
1768 1235 6066
1767 1236 6065
1766 1237 6064
1765 1238 6063
1764 1239 6062
1763 1240 6061
1762 1241 6060
1761 1242 6059
1760 1243 6058
1759 1244 6057
1758 1245 6056
1757 1246 6055
1756 1247 6054
1755 1248 6053
1754 1249 6052
1753 1250 6051
1752 1251 6050
1751 1252 6049
1750 1253 6048
1749 1254 6047
1748 1255 6046
1747 1256 6045
1746 1257 6044
1745 1258 6043
1744 1259 6042
1743 1260 6041
1742 1261 6040
1741 1262 6039
1740 1263 6038
1739 1264 6037
1738 1265 6036
1737 1266 6035
1736 1267 6034
1735 1268 6033
1734 1269 6032
1733 1270 6031
1732 1271 6030
1731 1272 6029
1730 1273 6028
1729 1274 6027
1728 1275 6026
1727 1276 6025
1726 1277 6024
1725 1278 6023
1724 1279 6022
1723 1280 6021
1722 1281 6020
1721 1282 6019
1720 1283 6018
1719 1284 6017
1718 1285 6016
1717 1286 6015
1716 1287 6014
1715 1288 6013
1714 1289 6012
1713 1290 6011
1712 1291 6010
1711 1292 6009
1710 1293 6008
1709 1294 6007
1708 1295 6006
1707 1296 6005
1706 1297 6004
1705 1298 6003
1704 1299 6002
1703 1300 6001
