333
3000 3 6333
2999 4 6332
2998 5 6331
2997 6 6330
2996 7 6329
2995 8 6328
2994 9 6327
2993 10 6326
2992 11 6325
2991 12 6324
2990 13 6323
2989 14 6322
2988 15 6321
2987 16 6320
2986 17 6319
2985 18 6318
2984 19 6317
2983 20 6316
2982 21 6315
2981 22 6314
2980 23 6313
2979 24 6312
2978 25 6311
2977 26 6310
2976 27 6309
2975 28 6308
2974 29 6307
2973 30 6306
2972 31 6305
2971 32 6304
2970 33 6303
2969 34 6302
2968 35 6301
2967 36 6300
2966 37 6299
2965 38 6298
2964 39 6297
2963 40 6296
2962 41 6295
2961 42 6294
2960 43 6293
2959 44 6292
2958 45 6291
2957 46 6290
2956 47 6289
2955 48 6288
2954 49 6287
2953 50 6286
2952 51 6285
2951 52 6284
2950 53 6283
2949 54 6282
2948 55 6281
2947 56 6280
2946 57 6279
2945 58 6278
2944 59 6277
2943 60 6276
2942 61 6275
2941 62 6274
2940 63 6273
2939 64 6272
2938 65 6271
2937 66 6270
2936 67 6269
2935 68 6268
2934 69 6267
2933 70 6266
2932 71 6265
2931 72 6264
2930 73 6263
2929 74 6262
2928 75 6261
2927 76 6260
2926 77 6259
2925 78 6258
2924 79 6257
2923 80 6256
2922 81 6255
2921 82 6254
2920 83 6253
2919 84 6252
2918 85 6251
2917 86 6250
2916 87 6249
2915 88 6248
2914 89 6247
2913 90 6246
2912 91 6245
2911 92 6244
2910 93 6243
2909 94 6242
2908 95 6241
2907 96 6240
2906 97 6239
2905 98 6238
2904 99 6237
2903 100 6236
2902 101 6235
2901 102 6234
2900 103 6233
2899 104 6232
2898 105 6231
2897 106 6230
2896 107 6229
2895 108 6228
2894 109 6227
2893 110 6226
2892 111 6225
2891 112 6224
2890 113 6223
2889 114 6222
2888 115 6221
2887 116 6220
2886 117 6219
2885 118 6218
2884 119 6217
2883 120 6216
2882 121 6215
2881 122 6214
2880 123 6213
2879 124 6212
2878 125 6211
2877 126 6210
2876 127 6209
2875 128 6208
2874 129 6207
2873 130 6206
2872 131 6205
2871 132 6204
2870 133 6203
2869 134 6202
2868 135 6201
2867 136 6200
2866 137 6199
2865 138 6198
2864 139 6197
2863 140 6196
2862 141 6195
2861 142 6194
2860 143 6193
2859 144 6192
2858 145 6191
2857 146 6190
2856 147 6189
2855 148 6188
2854 149 6187
2853 150 6186
2852 151 6185
2851 152 6184
2850 153 6183
2849 154 6182
2848 155 6181
2847 156 6180
2846 157 6179
2845 158 6178
2844 159 6177
2843 160 6176
2842 161 6175
2841 162 6174
2840 163 6173
2839 164 6172
2838 165 6171
2837 166 6170
2836 167 6169
2835 168 6168
2834 169 6167
2833 170 6166
2832 171 6165
2831 172 6164
2830 173 6163
2829 174 6162
2828 175 6161
2827 176 6160
2826 177 6159
2825 178 6158
2824 179 6157
2823 180 6156
2822 181 6155
2821 182 6154
2820 183 6153
2819 184 6152
2818 185 6151
2817 186 6150
2816 187 6149
2815 188 6148
2814 189 6147
2813 190 6146
2812 191 6145
2811 192 6144
2810 193 6143
2809 194 6142
2808 195 6141
2807 196 6140
2806 197 6139
2805 198 6138
2804 199 6137
2803 200 6136
2802 201 6135
2801 202 6134
2800 203 6133
2799 204 6132
2798 205 6131
2797 206 6130
2796 207 6129
2795 208 6128
2794 209 6127
2793 210 6126
2792 211 6125
2791 212 6124
2790 213 6123
2789 214 6122
2788 215 6121
2787 216 6120
2786 217 6119
2785 218 6118
2784 219 6117
2783 220 6116
2782 221 6115
2781 222 6114
2780 223 6113
2779 224 6112
2778 225 6111
2777 226 6110
2776 227 6109
2775 228 6108
2774 229 6107
2773 230 6106
2772 231 6105
2771 232 6104
2770 233 6103
2769 234 6102
2768 235 6101
2767 236 6100
2766 237 6099
2765 238 6098
2764 239 6097
2763 240 6096
2762 241 6095
2761 242 6094
2760 243 6093
2759 244 6092
2758 245 6091
2757 246 6090
2756 247 6089
2755 248 6088
2754 249 6087
2753 250 6086
2752 251 6085
2751 252 6084
2750 253 6083
2749 254 6082
2748 255 6081
2747 256 6080
2746 257 6079
2745 258 6078
2744 259 6077
2743 260 6076
2742 261 6075
2741 262 6074
2740 263 6073
2739 264 6072
2738 265 6071
2737 266 6070
2736 267 6069
2735 268 6068
2734 269 6067
2733 270 6066
2732 271 6065
2731 272 6064
2730 273 6063
2729 274 6062
2728 275 6061
2727 276 6060
2726 277 6059
2725 278 6058
2724 279 6057
2723 280 6056
2722 281 6055
2721 282 6054
2720 283 6053
2719 284 6052
2718 285 6051
2717 286 6050
2716 287 6049
2715 288 6048
2714 289 6047
2713 290 6046
2712 291 6045
2711 292 6044
2710 293 6043
2709 294 6042
2708 295 6041
2707 296 6040
2706 297 6039
2705 298 6038
2704 299 6037
2703 300 6036
2702 301 6035
2701 302 6034
2700 303 6033
2699 304 6032
2698 305 6031
2697 306 6030
2696 307 6029
2695 308 6028
2694 309 6027
2693 310 6026
2692 311 6025
2691 312 6024
2690 313 6023
2689 314 6022
2688 315 6021
2687 316 6020
2686 317 6019
2685 318 6018
2684 319 6017
2683 320 6016
2682 321 6015
2681 322 6014
2680 323 6013
2679 324 6012
2678 325 6011
2677 326 6010
2676 327 6009
2675 328 6008
2674 329 6007
2673 330 6006
2672 331 6005
2671 332 6004
2670 333 6003
2669 334 6002
2668 335 6001
