2702
3000 3 8702
2999 4 8701
2998 5 8700
2997 6 8699
2996 7 8698
2995 8 8697
2994 9 8696
2993 10 8695
2992 11 8694
2991 12 8693
2990 13 8692
2989 14 8691
2988 15 8690
2987 16 8689
2986 17 8688
2985 18 8687
2984 19 8686
2983 20 8685
2982 21 8684
2981 22 8683
2980 23 8682
2979 24 8681
2978 25 8680
2977 26 8679
2976 27 8678
2975 28 8677
2974 29 8676
2973 30 8675
2972 31 8674
2971 32 8673
2970 33 8672
2969 34 8671
2968 35 8670
2967 36 8669
2966 37 8668
2965 38 8667
2964 39 8666
2963 40 8665
2962 41 8664
2961 42 8663
2960 43 8662
2959 44 8661
2958 45 8660
2957 46 8659
2956 47 8658
2955 48 8657
2954 49 8656
2953 50 8655
2952 51 8654
2951 52 8653
2950 53 8652
2949 54 8651
2948 55 8650
2947 56 8649
2946 57 8648
2945 58 8647
2944 59 8646
2943 60 8645
2942 61 8644
2941 62 8643
2940 63 8642
2939 64 8641
2938 65 8640
2937 66 8639
2936 67 8638
2935 68 8637
2934 69 8636
2933 70 8635
2932 71 8634
2931 72 8633
2930 73 8632
2929 74 8631
2928 75 8630
2927 76 8629
2926 77 8628
2925 78 8627
2924 79 8626
2923 80 8625
2922 81 8624
2921 82 8623
2920 83 8622
2919 84 8621
2918 85 8620
2917 86 8619
2916 87 8618
2915 88 8617
2914 89 8616
2913 90 8615
2912 91 8614
2911 92 8613
2910 93 8612
2909 94 8611
2908 95 8610
2907 96 8609
2906 97 8608
2905 98 8607
2904 99 8606
2903 100 8605
2902 101 8604
2901 102 8603
2900 103 8602
2899 104 8601
2898 105 8600
2897 106 8599
2896 107 8598
2895 108 8597
2894 109 8596
2893 110 8595
2892 111 8594
2891 112 8593
2890 113 8592
2889 114 8591
2888 115 8590
2887 116 8589
2886 117 8588
2885 118 8587
2884 119 8586
2883 120 8585
2882 121 8584
2881 122 8583
2880 123 8582
2879 124 8581
2878 125 8580
2877 126 8579
2876 127 8578
2875 128 8577
2874 129 8576
2873 130 8575
2872 131 8574
2871 132 8573
2870 133 8572
2869 134 8571
2868 135 8570
2867 136 8569
2866 137 8568
2865 138 8567
2864 139 8566
2863 140 8565
2862 141 8564
2861 142 8563
2860 143 8562
2859 144 8561
2858 145 8560
2857 146 8559
2856 147 8558
2855 148 8557
2854 149 8556
2853 150 8555
2852 151 8554
2851 152 8553
2850 153 8552
2849 154 8551
2848 155 8550
2847 156 8549
2846 157 8548
2845 158 8547
2844 159 8546
2843 160 8545
2842 161 8544
2841 162 8543
2840 163 8542
2839 164 8541
2838 165 8540
2837 166 8539
2836 167 8538
2835 168 8537
2834 169 8536
2833 170 8535
2832 171 8534
2831 172 8533
2830 173 8532
2829 174 8531
2828 175 8530
2827 176 8529
2826 177 8528
2825 178 8527
2824 179 8526
2823 180 8525
2822 181 8524
2821 182 8523
2820 183 8522
2819 184 8521
2818 185 8520
2817 186 8519
2816 187 8518
2815 188 8517
2814 189 8516
2813 190 8515
2812 191 8514
2811 192 8513
2810 193 8512
2809 194 8511
2808 195 8510
2807 196 8509
2806 197 8508
2805 198 8507
2804 199 8506
2803 200 8505
2802 201 8504
2801 202 8503
2800 203 8502
2799 204 8501
2798 205 8500
2797 206 8499
2796 207 8498
2795 208 8497
2794 209 8496
2793 210 8495
2792 211 8494
2791 212 8493
2790 213 8492
2789 214 8491
2788 215 8490
2787 216 8489
2786 217 8488
2785 218 8487
2784 219 8486
2783 220 8485
2782 221 8484
2781 222 8483
2780 223 8482
2779 224 8481
2778 225 8480
2777 226 8479
2776 227 8478
2775 228 8477
2774 229 8476
2773 230 8475
2772 231 8474
2771 232 8473
2770 233 8472
2769 234 8471
2768 235 8470
2767 236 8469
2766 237 8468
2765 238 8467
2764 239 8466
2763 240 8465
2762 241 8464
2761 242 8463
2760 243 8462
2759 244 8461
2758 245 8460
2757 246 8459
2756 247 8458
2755 248 8457
2754 249 8456
2753 250 8455
2752 251 8454
2751 252 8453
2750 253 8452
2749 254 8451
2748 255 8450
2747 256 8449
2746 257 8448
2745 258 8447
2744 259 8446
2743 260 8445
2742 261 8444
2741 262 8443
2740 263 8442
2739 264 8441
2738 265 8440
2737 266 8439
2736 267 8438
2735 268 8437
2734 269 8436
2733 270 8435
2732 271 8434
2731 272 8433
2730 273 8432
2729 274 8431
2728 275 8430
2727 276 8429
2726 277 8428
2725 278 8427
2724 279 8426
2723 280 8425
2722 281 8424
2721 282 8423
2720 283 8422
2719 284 8421
2718 285 8420
2717 286 8419
2716 287 8418
2715 288 8417
2714 289 8416
2713 290 8415
2712 291 8414
2711 292 8413
2710 293 8412
2709 294 8411
2708 295 8410
2707 296 8409
2706 297 8408
2705 298 8407
2704 299 8406
2703 300 8405
2702 301 8404
2701 302 8403
2700 303 8402
2699 304 8401
2698 305 8400
2697 306 8399
2696 307 8398
2695 308 8397
2694 309 8396
2693 310 8395
2692 311 8394
2691 312 8393
2690 313 8392
2689 314 8391
2688 315 8390
2687 316 8389
2686 317 8388
2685 318 8387
2684 319 8386
2683 320 8385
2682 321 8384
2681 322 8383
2680 323 8382
2679 324 8381
2678 325 8380
2677 326 8379
2676 327 8378
2675 328 8377
2674 329 8376
2673 330 8375
2672 331 8374
2671 332 8373
2670 333 8372
2669 334 8371
2668 335 8370
2667 336 8369
2666 337 8368
2665 338 8367
2664 339 8366
2663 340 8365
2662 341 8364
2661 342 8363
2660 343 8362
2659 344 8361
2658 345 8360
2657 346 8359
2656 347 8358
2655 348 8357
2654 349 8356
2653 350 8355
2652 351 8354
2651 352 8353
2650 353 8352
2649 354 8351
2648 355 8350
2647 356 8349
2646 357 8348
2645 358 8347
2644 359 8346
2643 360 8345
2642 361 8344
2641 362 8343
2640 363 8342
2639 364 8341
2638 365 8340
2637 366 8339
2636 367 8338
2635 368 8337
2634 369 8336
2633 370 8335
2632 371 8334
2631 372 8333
2630 373 8332
2629 374 8331
2628 375 8330
2627 376 8329
2626 377 8328
2625 378 8327
2624 379 8326
2623 380 8325
2622 381 8324
2621 382 8323
2620 383 8322
2619 384 8321
2618 385 8320
2617 386 8319
2616 387 8318
2615 388 8317
2614 389 8316
2613 390 8315
2612 391 8314
2611 392 8313
2610 393 8312
2609 394 8311
2608 395 8310
2607 396 8309
2606 397 8308
2605 398 8307
2604 399 8306
2603 400 8305
2602 401 8304
2601 402 8303
2600 403 8302
2599 404 8301
2598 405 8300
2597 406 8299
2596 407 8298
2595 408 8297
2594 409 8296
2593 410 8295
2592 411 8294
2591 412 8293
2590 413 8292
2589 414 8291
2588 415 8290
2587 416 8289
2586 417 8288
2585 418 8287
2584 419 8286
2583 420 8285
2582 421 8284
2581 422 8283
2580 423 8282
2579 424 8281
2578 425 8280
2577 426 8279
2576 427 8278
2575 428 8277
2574 429 8276
2573 430 8275
2572 431 8274
2571 432 8273
2570 433 8272
2569 434 8271
2568 435 8270
2567 436 8269
2566 437 8268
2565 438 8267
2564 439 8266
2563 440 8265
2562 441 8264
2561 442 8263
2560 443 8262
2559 444 8261
2558 445 8260
2557 446 8259
2556 447 8258
2555 448 8257
2554 449 8256
2553 450 8255
2552 451 8254
2551 452 8253
2550 453 8252
2549 454 8251
2548 455 8250
2547 456 8249
2546 457 8248
2545 458 8247
2544 459 8246
2543 460 8245
2542 461 8244
2541 462 8243
2540 463 8242
2539 464 8241
2538 465 8240
2537 466 8239
2536 467 8238
2535 468 8237
2534 469 8236
2533 470 8235
2532 471 8234
2531 472 8233
2530 473 8232
2529 474 8231
2528 475 8230
2527 476 8229
2526 477 8228
2525 478 8227
2524 479 8226
2523 480 8225
2522 481 8224
2521 482 8223
2520 483 8222
2519 484 8221
2518 485 8220
2517 486 8219
2516 487 8218
2515 488 8217
2514 489 8216
2513 490 8215
2512 491 8214
2511 492 8213
2510 493 8212
2509 494 8211
2508 495 8210
2507 496 8209
2506 497 8208
2505 498 8207
2504 499 8206
2503 500 8205
2502 501 8204
2501 502 8203
2500 503 8202
2499 504 8201
2498 505 8200
2497 506 8199
2496 507 8198
2495 508 8197
2494 509 8196
2493 510 8195
2492 511 8194
2491 512 8193
2490 513 8192
2489 514 8191
2488 515 8190
2487 516 8189
2486 517 8188
2485 518 8187
2484 519 8186
2483 520 8185
2482 521 8184
2481 522 8183
2480 523 8182
2479 524 8181
2478 525 8180
2477 526 8179
2476 527 8178
2475 528 8177
2474 529 8176
2473 530 8175
2472 531 8174
2471 532 8173
2470 533 8172
2469 534 8171
2468 535 8170
2467 536 8169
2466 537 8168
2465 538 8167
2464 539 8166
2463 540 8165
2462 541 8164
2461 542 8163
2460 543 8162
2459 544 8161
2458 545 8160
2457 546 8159
2456 547 8158
2455 548 8157
2454 549 8156
2453 550 8155
2452 551 8154
2451 552 8153
2450 553 8152
2449 554 8151
2448 555 8150
2447 556 8149
2446 557 8148
2445 558 8147
2444 559 8146
2443 560 8145
2442 561 8144
2441 562 8143
2440 563 8142
2439 564 8141
2438 565 8140
2437 566 8139
2436 567 8138
2435 568 8137
2434 569 8136
2433 570 8135
2432 571 8134
2431 572 8133
2430 573 8132
2429 574 8131
2428 575 8130
2427 576 8129
2426 577 8128
2425 578 8127
2424 579 8126
2423 580 8125
2422 581 8124
2421 582 8123
2420 583 8122
2419 584 8121
2418 585 8120
2417 586 8119
2416 587 8118
2415 588 8117
2414 589 8116
2413 590 8115
2412 591 8114
2411 592 8113
2410 593 8112
2409 594 8111
2408 595 8110
2407 596 8109
2406 597 8108
2405 598 8107
2404 599 8106
2403 600 8105
2402 601 8104
2401 602 8103
2400 603 8102
2399 604 8101
2398 605 8100
2397 606 8099
2396 607 8098
2395 608 8097
2394 609 8096
2393 610 8095
2392 611 8094
2391 612 8093
2390 613 8092
2389 614 8091
2388 615 8090
2387 616 8089
2386 617 8088
2385 618 8087
2384 619 8086
2383 620 8085
2382 621 8084
2381 622 8083
2380 623 8082
2379 624 8081
2378 625 8080
2377 626 8079
2376 627 8078
2375 628 8077
2374 629 8076
2373 630 8075
2372 631 8074
2371 632 8073
2370 633 8072
2369 634 8071
2368 635 8070
2367 636 8069
2366 637 8068
2365 638 8067
2364 639 8066
2363 640 8065
2362 641 8064
2361 642 8063
2360 643 8062
2359 644 8061
2358 645 8060
2357 646 8059
2356 647 8058
2355 648 8057
2354 649 8056
2353 650 8055
2352 651 8054
2351 652 8053
2350 653 8052
2349 654 8051
2348 655 8050
2347 656 8049
2346 657 8048
2345 658 8047
2344 659 8046
2343 660 8045
2342 661 8044
2341 662 8043
2340 663 8042
2339 664 8041
2338 665 8040
2337 666 8039
2336 667 8038
2335 668 8037
2334 669 8036
2333 670 8035
2332 671 8034
2331 672 8033
2330 673 8032
2329 674 8031
2328 675 8030
2327 676 8029
2326 677 8028
2325 678 8027
2324 679 8026
2323 680 8025
2322 681 8024
2321 682 8023
2320 683 8022
2319 684 8021
2318 685 8020
2317 686 8019
2316 687 8018
2315 688 8017
2314 689 8016
2313 690 8015
2312 691 8014
2311 692 8013
2310 693 8012
2309 694 8011
2308 695 8010
2307 696 8009
2306 697 8008
2305 698 8007
2304 699 8006
2303 700 8005
2302 701 8004
2301 702 8003
2300 703 8002
2299 704 8001
2298 705 8000
2297 706 7999
2296 707 7998
2295 708 7997
2294 709 7996
2293 710 7995
2292 711 7994
2291 712 7993
2290 713 7992
2289 714 7991
2288 715 7990
2287 716 7989
2286 717 7988
2285 718 7987
2284 719 7986
2283 720 7985
2282 721 7984
2281 722 7983
2280 723 7982
2279 724 7981
2278 725 7980
2277 726 7979
2276 727 7978
2275 728 7977
2274 729 7976
2273 730 7975
2272 731 7974
2271 732 7973
2270 733 7972
2269 734 7971
2268 735 7970
2267 736 7969
2266 737 7968
2265 738 7967
2264 739 7966
2263 740 7965
2262 741 7964
2261 742 7963
2260 743 7962
2259 744 7961
2258 745 7960
2257 746 7959
2256 747 7958
2255 748 7957
2254 749 7956
2253 750 7955
2252 751 7954
2251 752 7953
2250 753 7952
2249 754 7951
2248 755 7950
2247 756 7949
2246 757 7948
2245 758 7947
2244 759 7946
2243 760 7945
2242 761 7944
2241 762 7943
2240 763 7942
2239 764 7941
2238 765 7940
2237 766 7939
2236 767 7938
2235 768 7937
2234 769 7936
2233 770 7935
2232 771 7934
2231 772 7933
2230 773 7932
2229 774 7931
2228 775 7930
2227 776 7929
2226 777 7928
2225 778 7927
2224 779 7926
2223 780 7925
2222 781 7924
2221 782 7923
2220 783 7922
2219 784 7921
2218 785 7920
2217 786 7919
2216 787 7918
2215 788 7917
2214 789 7916
2213 790 7915
2212 791 7914
2211 792 7913
2210 793 7912
2209 794 7911
2208 795 7910
2207 796 7909
2206 797 7908
2205 798 7907
2204 799 7906
2203 800 7905
2202 801 7904
2201 802 7903
2200 803 7902
2199 804 7901
2198 805 7900
2197 806 7899
2196 807 7898
2195 808 7897
2194 809 7896
2193 810 7895
2192 811 7894
2191 812 7893
2190 813 7892
2189 814 7891
2188 815 7890
2187 816 7889
2186 817 7888
2185 818 7887
2184 819 7886
2183 820 7885
2182 821 7884
2181 822 7883
2180 823 7882
2179 824 7881
2178 825 7880
2177 826 7879
2176 827 7878
2175 828 7877
2174 829 7876
2173 830 7875
2172 831 7874
2171 832 7873
2170 833 7872
2169 834 7871
2168 835 7870
2167 836 7869
2166 837 7868
2165 838 7867
2164 839 7866
2163 840 7865
2162 841 7864
2161 842 7863
2160 843 7862
2159 844 7861
2158 845 7860
2157 846 7859
2156 847 7858
2155 848 7857
2154 849 7856
2153 850 7855
2152 851 7854
2151 852 7853
2150 853 7852
2149 854 7851
2148 855 7850
2147 856 7849
2146 857 7848
2145 858 7847
2144 859 7846
2143 860 7845
2142 861 7844
2141 862 7843
2140 863 7842
2139 864 7841
2138 865 7840
2137 866 7839
2136 867 7838
2135 868 7837
2134 869 7836
2133 870 7835
2132 871 7834
2131 872 7833
2130 873 7832
2129 874 7831
2128 875 7830
2127 876 7829
2126 877 7828
2125 878 7827
2124 879 7826
2123 880 7825
2122 881 7824
2121 882 7823
2120 883 7822
2119 884 7821
2118 885 7820
2117 886 7819
2116 887 7818
2115 888 7817
2114 889 7816
2113 890 7815
2112 891 7814
2111 892 7813
2110 893 7812
2109 894 7811
2108 895 7810
2107 896 7809
2106 897 7808
2105 898 7807
2104 899 7806
2103 900 7805
2102 901 7804
2101 902 7803
2100 903 7802
2099 904 7801
2098 905 7800
2097 906 7799
2096 907 7798
2095 908 7797
2094 909 7796
2093 910 7795
2092 911 7794
2091 912 7793
2090 913 7792
2089 914 7791
2088 915 7790
2087 916 7789
2086 917 7788
2085 918 7787
2084 919 7786
2083 920 7785
2082 921 7784
2081 922 7783
2080 923 7782
2079 924 7781
2078 925 7780
2077 926 7779
2076 927 7778
2075 928 7777
2074 929 7776
2073 930 7775
2072 931 7774
2071 932 7773
2070 933 7772
2069 934 7771
2068 935 7770
2067 936 7769
2066 937 7768
2065 938 7767
2064 939 7766
2063 940 7765
2062 941 7764
2061 942 7763
2060 943 7762
2059 944 7761
2058 945 7760
2057 946 7759
2056 947 7758
2055 948 7757
2054 949 7756
2053 950 7755
2052 951 7754
2051 952 7753
2050 953 7752
2049 954 7751
2048 955 7750
2047 956 7749
2046 957 7748
2045 958 7747
2044 959 7746
2043 960 7745
2042 961 7744
2041 962 7743
2040 963 7742
2039 964 7741
2038 965 7740
2037 966 7739
2036 967 7738
2035 968 7737
2034 969 7736
2033 970 7735
2032 971 7734
2031 972 7733
2030 973 7732
2029 974 7731
2028 975 7730
2027 976 7729
2026 977 7728
2025 978 7727
2024 979 7726
2023 980 7725
2022 981 7724
2021 982 7723
2020 983 7722
2019 984 7721
2018 985 7720
2017 986 7719
2016 987 7718
2015 988 7717
2014 989 7716
2013 990 7715
2012 991 7714
2011 992 7713
2010 993 7712
2009 994 7711
2008 995 7710
2007 996 7709
2006 997 7708
2005 998 7707
2004 999 7706
2003 1000 7705
2002 1001 7704
2001 1002 7703
2000 1003 7702
1999 1004 7701
1998 1005 7700
1997 1006 7699
1996 1007 7698
1995 1008 7697
1994 1009 7696
1993 1010 7695
1992 1011 7694
1991 1012 7693
1990 1013 7692
1989 1014 7691
1988 1015 7690
1987 1016 7689
1986 1017 7688
1985 1018 7687
1984 1019 7686
1983 1020 7685
1982 1021 7684
1981 1022 7683
1980 1023 7682
1979 1024 7681
1978 1025 7680
1977 1026 7679
1976 1027 7678
1975 1028 7677
1974 1029 7676
1973 1030 7675
1972 1031 7674
1971 1032 7673
1970 1033 7672
1969 1034 7671
1968 1035 7670
1967 1036 7669
1966 1037 7668
1965 1038 7667
1964 1039 7666
1963 1040 7665
1962 1041 7664
1961 1042 7663
1960 1043 7662
1959 1044 7661
1958 1045 7660
1957 1046 7659
1956 1047 7658
1955 1048 7657
1954 1049 7656
1953 1050 7655
1952 1051 7654
1951 1052 7653
1950 1053 7652
1949 1054 7651
1948 1055 7650
1947 1056 7649
1946 1057 7648
1945 1058 7647
1944 1059 7646
1943 1060 7645
1942 1061 7644
1941 1062 7643
1940 1063 7642
1939 1064 7641
1938 1065 7640
1937 1066 7639
1936 1067 7638
1935 1068 7637
1934 1069 7636
1933 1070 7635
1932 1071 7634
1931 1072 7633
1930 1073 7632
1929 1074 7631
1928 1075 7630
1927 1076 7629
1926 1077 7628
1925 1078 7627
1924 1079 7626
1923 1080 7625
1922 1081 7624
1921 1082 7623
1920 1083 7622
1919 1084 7621
1918 1085 7620
1917 1086 7619
1916 1087 7618
1915 1088 7617
1914 1089 7616
1913 1090 7615
1912 1091 7614
1911 1092 7613
1910 1093 7612
1909 1094 7611
1908 1095 7610
1907 1096 7609
1906 1097 7608
1905 1098 7607
1904 1099 7606
1903 1100 7605
1902 1101 7604
1901 1102 7603
1900 1103 7602
1899 1104 7601
1898 1105 7600
1897 1106 7599
1896 1107 7598
1895 1108 7597
1894 1109 7596
1893 1110 7595
1892 1111 7594
1891 1112 7593
1890 1113 7592
1889 1114 7591
1888 1115 7590
1887 1116 7589
1886 1117 7588
1885 1118 7587
1884 1119 7586
1883 1120 7585
1882 1121 7584
1881 1122 7583
1880 1123 7582
1879 1124 7581
1878 1125 7580
1877 1126 7579
1876 1127 7578
1875 1128 7577
1874 1129 7576
1873 1130 7575
1872 1131 7574
1871 1132 7573
1870 1133 7572
1869 1134 7571
1868 1135 7570
1867 1136 7569
1866 1137 7568
1865 1138 7567
1864 1139 7566
1863 1140 7565
1862 1141 7564
1861 1142 7563
1860 1143 7562
1859 1144 7561
1858 1145 7560
1857 1146 7559
1856 1147 7558
1855 1148 7557
1854 1149 7556
1853 1150 7555
1852 1151 7554
1851 1152 7553
1850 1153 7552
1849 1154 7551
1848 1155 7550
1847 1156 7549
1846 1157 7548
1845 1158 7547
1844 1159 7546
1843 1160 7545
1842 1161 7544
1841 1162 7543
1840 1163 7542
1839 1164 7541
1838 1165 7540
1837 1166 7539
1836 1167 7538
1835 1168 7537
1834 1169 7536
1833 1170 7535
1832 1171 7534
1831 1172 7533
1830 1173 7532
1829 1174 7531
1828 1175 7530
1827 1176 7529
1826 1177 7528
1825 1178 7527
1824 1179 7526
1823 1180 7525
1822 1181 7524
1821 1182 7523
1820 1183 7522
1819 1184 7521
1818 1185 7520
1817 1186 7519
1816 1187 7518
1815 1188 7517
1814 1189 7516
1813 1190 7515
1812 1191 7514
1811 1192 7513
1810 1193 7512
1809 1194 7511
1808 1195 7510
1807 1196 7509
1806 1197 7508
1805 1198 7507
1804 1199 7506
1803 1200 7505
1802 1201 7504
1801 1202 7503
1800 1203 7502
1799 1204 7501
1798 1205 7500
1797 1206 7499
1796 1207 7498
1795 1208 7497
1794 1209 7496
1793 1210 7495
1792 1211 7494
1791 1212 7493
1790 1213 7492
1789 1214 7491
1788 1215 7490
1787 1216 7489
1786 1217 7488
1785 1218 7487
1784 1219 7486
1783 1220 7485
1782 1221 7484
1781 1222 7483
1780 1223 7482
1779 1224 7481
1778 1225 7480
1777 1226 7479
1776 1227 7478
1775 1228 7477
1774 1229 7476
1773 1230 7475
1772 1231 7474
1771 1232 7473
1770 1233 7472
1769 1234 7471
1768 1235 7470
1767 1236 7469
1766 1237 7468
1765 1238 7467
1764 1239 7466
1763 1240 7465
1762 1241 7464
1761 1242 7463
1760 1243 7462
1759 1244 7461
1758 1245 7460
1757 1246 7459
1756 1247 7458
1755 1248 7457
1754 1249 7456
1753 1250 7455
1752 1251 7454
1751 1252 7453
1750 1253 7452
1749 1254 7451
1748 1255 7450
1747 1256 7449
1746 1257 7448
1745 1258 7447
1744 1259 7446
1743 1260 7445
1742 1261 7444
1741 1262 7443
1740 1263 7442
1739 1264 7441
1738 1265 7440
1737 1266 7439
1736 1267 7438
1735 1268 7437
1734 1269 7436
1733 1270 7435
1732 1271 7434
1731 1272 7433
1730 1273 7432
1729 1274 7431
1728 1275 7430
1727 1276 7429
1726 1277 7428
1725 1278 7427
1724 1279 7426
1723 1280 7425
1722 1281 7424
1721 1282 7423
1720 1283 7422
1719 1284 7421
1718 1285 7420
1717 1286 7419
1716 1287 7418
1715 1288 7417
1714 1289 7416
1713 1290 7415
1712 1291 7414
1711 1292 7413
1710 1293 7412
1709 1294 7411
1708 1295 7410
1707 1296 7409
1706 1297 7408
1705 1298 7407
1704 1299 7406
1703 1300 7405
1702 1301 7404
1701 1302 7403
1700 1303 7402
1699 1304 7401
1698 1305 7400
1697 1306 7399
1696 1307 7398
1695 1308 7397
1694 1309 7396
1693 1310 7395
1692 1311 7394
1691 1312 7393
1690 1313 7392
1689 1314 7391
1688 1315 7390
1687 1316 7389
1686 1317 7388
1685 1318 7387
1684 1319 7386
1683 1320 7385
1682 1321 7384
1681 1322 7383
1680 1323 7382
1679 1324 7381
1678 1325 7380
1677 1326 7379
1676 1327 7378
1675 1328 7377
1674 1329 7376
1673 1330 7375
1672 1331 7374
1671 1332 7373
1670 1333 7372
1669 1334 7371
1668 1335 7370
1667 1336 7369
1666 1337 7368
1665 1338 7367
1664 1339 7366
1663 1340 7365
1662 1341 7364
1661 1342 7363
1660 1343 7362
1659 1344 7361
1658 1345 7360
1657 1346 7359
1656 1347 7358
1655 1348 7357
1654 1349 7356
1653 1350 7355
1652 1351 7354
1651 1352 7353
1650 1353 7352
1649 1354 7351
1648 1355 7350
1647 1356 7349
1646 1357 7348
1645 1358 7347
1644 1359 7346
1643 1360 7345
1642 1361 7344
1641 1362 7343
1640 1363 7342
1639 1364 7341
1638 1365 7340
1637 1366 7339
1636 1367 7338
1635 1368 7337
1634 1369 7336
1633 1370 7335
1632 1371 7334
1631 1372 7333
1630 1373 7332
1629 1374 7331
1628 1375 7330
1627 1376 7329
1626 1377 7328
1625 1378 7327
1624 1379 7326
1623 1380 7325
1622 1381 7324
1621 1382 7323
1620 1383 7322
1619 1384 7321
1618 1385 7320
1617 1386 7319
1616 1387 7318
1615 1388 7317
1614 1389 7316
1613 1390 7315
1612 1391 7314
1611 1392 7313
1610 1393 7312
1609 1394 7311
1608 1395 7310
1607 1396 7309
1606 1397 7308
1605 1398 7307
1604 1399 7306
1603 1400 7305
1602 1401 7304
1601 1402 7303
1600 1403 7302
1599 1404 7301
1598 1405 7300
1597 1406 7299
1596 1407 7298
1595 1408 7297
1594 1409 7296
1593 1410 7295
1592 1411 7294
1591 1412 7293
1590 1413 7292
1589 1414 7291
1588 1415 7290
1587 1416 7289
1586 1417 7288
1585 1418 7287
1584 1419 7286
1583 1420 7285
1582 1421 7284
1581 1422 7283
1580 1423 7282
1579 1424 7281
1578 1425 7280
1577 1426 7279
1576 1427 7278
1575 1428 7277
1574 1429 7276
1573 1430 7275
1572 1431 7274
1571 1432 7273
1570 1433 7272
1569 1434 7271
1568 1435 7270
1567 1436 7269
1566 1437 7268
1565 1438 7267
1564 1439 7266
1563 1440 7265
1562 1441 7264
1561 1442 7263
1560 1443 7262
1559 1444 7261
1558 1445 7260
1557 1446 7259
1556 1447 7258
1555 1448 7257
1554 1449 7256
1553 1450 7255
1552 1451 7254
1551 1452 7253
1550 1453 7252
1549 1454 7251
1548 1455 7250
1547 1456 7249
1546 1457 7248
1545 1458 7247
1544 1459 7246
1543 1460 7245
1542 1461 7244
1541 1462 7243
1540 1463 7242
1539 1464 7241
1538 1465 7240
1537 1466 7239
1536 1467 7238
1535 1468 7237
1534 1469 7236
1533 1470 7235
1532 1471 7234
1531 1472 7233
1530 1473 7232
1529 1474 7231
1528 1475 7230
1527 1476 7229
1526 1477 7228
1525 1478 7227
1524 1479 7226
1523 1480 7225
1522 1481 7224
1521 1482 7223
1520 1483 7222
1519 1484 7221
1518 1485 7220
1517 1486 7219
1516 1487 7218
1515 1488 7217
1514 1489 7216
1513 1490 7215
1512 1491 7214
1511 1492 7213
1510 1493 7212
1509 1494 7211
1508 1495 7210
1507 1496 7209
1506 1497 7208
1505 1498 7207
1504 1499 7206
1503 1500 7205
1502 1501 7204
1501 1502 7203
1500 1503 7202
1499 1504 7201
1498 1505 7200
1497 1506 7199
1496 1507 7198
1495 1508 7197
1494 1509 7196
1493 1510 7195
1492 1511 7194
1491 1512 7193
1490 1513 7192
1489 1514 7191
1488 1515 7190
1487 1516 7189
1486 1517 7188
1485 1518 7187
1484 1519 7186
1483 1520 7185
1482 1521 7184
1481 1522 7183
1480 1523 7182
1479 1524 7181
1478 1525 7180
1477 1526 7179
1476 1527 7178
1475 1528 7177
1474 1529 7176
1473 1530 7175
1472 1531 7174
1471 1532 7173
1470 1533 7172
1469 1534 7171
1468 1535 7170
1467 1536 7169
1466 1537 7168
1465 1538 7167
1464 1539 7166
1463 1540 7165
1462 1541 7164
1461 1542 7163
1460 1543 7162
1459 1544 7161
1458 1545 7160
1457 1546 7159
1456 1547 7158
1455 1548 7157
1454 1549 7156
1453 1550 7155
1452 1551 7154
1451 1552 7153
1450 1553 7152
1449 1554 7151
1448 1555 7150
1447 1556 7149
1446 1557 7148
1445 1558 7147
1444 1559 7146
1443 1560 7145
1442 1561 7144
1441 1562 7143
1440 1563 7142
1439 1564 7141
1438 1565 7140
1437 1566 7139
1436 1567 7138
1435 1568 7137
1434 1569 7136
1433 1570 7135
1432 1571 7134
1431 1572 7133
1430 1573 7132
1429 1574 7131
1428 1575 7130
1427 1576 7129
1426 1577 7128
1425 1578 7127
1424 1579 7126
1423 1580 7125
1422 1581 7124
1421 1582 7123
1420 1583 7122
1419 1584 7121
1418 1585 7120
1417 1586 7119
1416 1587 7118
1415 1588 7117
1414 1589 7116
1413 1590 7115
1412 1591 7114
1411 1592 7113
1410 1593 7112
1409 1594 7111
1408 1595 7110
1407 1596 7109
1406 1597 7108
1405 1598 7107
1404 1599 7106
1403 1600 7105
1402 1601 7104
1401 1602 7103
1400 1603 7102
1399 1604 7101
1398 1605 7100
1397 1606 7099
1396 1607 7098
1395 1608 7097
1394 1609 7096
1393 1610 7095
1392 1611 7094
1391 1612 7093
1390 1613 7092
1389 1614 7091
1388 1615 7090
1387 1616 7089
1386 1617 7088
1385 1618 7087
1384 1619 7086
1383 1620 7085
1382 1621 7084
1381 1622 7083
1380 1623 7082
1379 1624 7081
1378 1625 7080
1377 1626 7079
1376 1627 7078
1375 1628 7077
1374 1629 7076
1373 1630 7075
1372 1631 7074
1371 1632 7073
1370 1633 7072
1369 1634 7071
1368 1635 7070
1367 1636 7069
1366 1637 7068
1365 1638 7067
1364 1639 7066
1363 1640 7065
1362 1641 7064
1361 1642 7063
1360 1643 7062
1359 1644 7061
1358 1645 7060
1357 1646 7059
1356 1647 7058
1355 1648 7057
1354 1649 7056
1353 1650 7055
1352 1651 7054
1351 1652 7053
1350 1653 7052
1349 1654 7051
1348 1655 7050
1347 1656 7049
1346 1657 7048
1345 1658 7047
1344 1659 7046
1343 1660 7045
1342 1661 7044
1341 1662 7043
1340 1663 7042
1339 1664 7041
1338 1665 7040
1337 1666 7039
1336 1667 7038
1335 1668 7037
1334 1669 7036
1333 1670 7035
1332 1671 7034
1331 1672 7033
1330 1673 7032
1329 1674 7031
1328 1675 7030
1327 1676 7029
1326 1677 7028
1325 1678 7027
1324 1679 7026
1323 1680 7025
1322 1681 7024
1321 1682 7023
1320 1683 7022
1319 1684 7021
1318 1685 7020
1317 1686 7019
1316 1687 7018
1315 1688 7017
1314 1689 7016
1313 1690 7015
1312 1691 7014
1311 1692 7013
1310 1693 7012
1309 1694 7011
1308 1695 7010
1307 1696 7009
1306 1697 7008
1305 1698 7007
1304 1699 7006
1303 1700 7005
1302 1701 7004
1301 1702 7003
1300 1703 7002
1299 1704 7001
1298 1705 7000
1297 1706 6999
1296 1707 6998
1295 1708 6997
1294 1709 6996
1293 1710 6995
1292 1711 6994
1291 1712 6993
1290 1713 6992
1289 1714 6991
1288 1715 6990
1287 1716 6989
1286 1717 6988
1285 1718 6987
1284 1719 6986
1283 1720 6985
1282 1721 6984
1281 1722 6983
1280 1723 6982
1279 1724 6981
1278 1725 6980
1277 1726 6979
1276 1727 6978
1275 1728 6977
1274 1729 6976
1273 1730 6975
1272 1731 6974
1271 1732 6973
1270 1733 6972
1269 1734 6971
1268 1735 6970
1267 1736 6969
1266 1737 6968
1265 1738 6967
1264 1739 6966
1263 1740 6965
1262 1741 6964
1261 1742 6963
1260 1743 6962
1259 1744 6961
1258 1745 6960
1257 1746 6959
1256 1747 6958
1255 1748 6957
1254 1749 6956
1253 1750 6955
1252 1751 6954
1251 1752 6953
1250 1753 6952
1249 1754 6951
1248 1755 6950
1247 1756 6949
1246 1757 6948
1245 1758 6947
1244 1759 6946
1243 1760 6945
1242 1761 6944
1241 1762 6943
1240 1763 6942
1239 1764 6941
1238 1765 6940
1237 1766 6939
1236 1767 6938
1235 1768 6937
1234 1769 6936
1233 1770 6935
1232 1771 6934
1231 1772 6933
1230 1773 6932
1229 1774 6931
1228 1775 6930
1227 1776 6929
1226 1777 6928
1225 1778 6927
1224 1779 6926
1223 1780 6925
1222 1781 6924
1221 1782 6923
1220 1783 6922
1219 1784 6921
1218 1785 6920
1217 1786 6919
1216 1787 6918
1215 1788 6917
1214 1789 6916
1213 1790 6915
1212 1791 6914
1211 1792 6913
1210 1793 6912
1209 1794 6911
1208 1795 6910
1207 1796 6909
1206 1797 6908
1205 1798 6907
1204 1799 6906
1203 1800 6905
1202 1801 6904
1201 1802 6903
1200 1803 6902
1199 1804 6901
1198 1805 6900
1197 1806 6899
1196 1807 6898
1195 1808 6897
1194 1809 6896
1193 1810 6895
1192 1811 6894
1191 1812 6893
1190 1813 6892
1189 1814 6891
1188 1815 6890
1187 1816 6889
1186 1817 6888
1185 1818 6887
1184 1819 6886
1183 1820 6885
1182 1821 6884
1181 1822 6883
1180 1823 6882
1179 1824 6881
1178 1825 6880
1177 1826 6879
1176 1827 6878
1175 1828 6877
1174 1829 6876
1173 1830 6875
1172 1831 6874
1171 1832 6873
1170 1833 6872
1169 1834 6871
1168 1835 6870
1167 1836 6869
1166 1837 6868
1165 1838 6867
1164 1839 6866
1163 1840 6865
1162 1841 6864
1161 1842 6863
1160 1843 6862
1159 1844 6861
1158 1845 6860
1157 1846 6859
1156 1847 6858
1155 1848 6857
1154 1849 6856
1153 1850 6855
1152 1851 6854
1151 1852 6853
1150 1853 6852
1149 1854 6851
1148 1855 6850
1147 1856 6849
1146 1857 6848
1145 1858 6847
1144 1859 6846
1143 1860 6845
1142 1861 6844
1141 1862 6843
1140 1863 6842
1139 1864 6841
1138 1865 6840
1137 1866 6839
1136 1867 6838
1135 1868 6837
1134 1869 6836
1133 1870 6835
1132 1871 6834
1131 1872 6833
1130 1873 6832
1129 1874 6831
1128 1875 6830
1127 1876 6829
1126 1877 6828
1125 1878 6827
1124 1879 6826
1123 1880 6825
1122 1881 6824
1121 1882 6823
1120 1883 6822
1119 1884 6821
1118 1885 6820
1117 1886 6819
1116 1887 6818
1115 1888 6817
1114 1889 6816
1113 1890 6815
1112 1891 6814
1111 1892 6813
1110 1893 6812
1109 1894 6811
1108 1895 6810
1107 1896 6809
1106 1897 6808
1105 1898 6807
1104 1899 6806
1103 1900 6805
1102 1901 6804
1101 1902 6803
1100 1903 6802
1099 1904 6801
1098 1905 6800
1097 1906 6799
1096 1907 6798
1095 1908 6797
1094 1909 6796
1093 1910 6795
1092 1911 6794
1091 1912 6793
1090 1913 6792
1089 1914 6791
1088 1915 6790
1087 1916 6789
1086 1917 6788
1085 1918 6787
1084 1919 6786
1083 1920 6785
1082 1921 6784
1081 1922 6783
1080 1923 6782
1079 1924 6781
1078 1925 6780
1077 1926 6779
1076 1927 6778
1075 1928 6777
1074 1929 6776
1073 1930 6775
1072 1931 6774
1071 1932 6773
1070 1933 6772
1069 1934 6771
1068 1935 6770
1067 1936 6769
1066 1937 6768
1065 1938 6767
1064 1939 6766
1063 1940 6765
1062 1941 6764
1061 1942 6763
1060 1943 6762
1059 1944 6761
1058 1945 6760
1057 1946 6759
1056 1947 6758
1055 1948 6757
1054 1949 6756
1053 1950 6755
1052 1951 6754
1051 1952 6753
1050 1953 6752
1049 1954 6751
1048 1955 6750
1047 1956 6749
1046 1957 6748
1045 1958 6747
1044 1959 6746
1043 1960 6745
1042 1961 6744
1041 1962 6743
1040 1963 6742
1039 1964 6741
1038 1965 6740
1037 1966 6739
1036 1967 6738
1035 1968 6737
1034 1969 6736
1033 1970 6735
1032 1971 6734
1031 1972 6733
1030 1973 6732
1029 1974 6731
1028 1975 6730
1027 1976 6729
1026 1977 6728
1025 1978 6727
1024 1979 6726
1023 1980 6725
1022 1981 6724
1021 1982 6723
1020 1983 6722
1019 1984 6721
1018 1985 6720
1017 1986 6719
1016 1987 6718
1015 1988 6717
1014 1989 6716
1013 1990 6715
1012 1991 6714
1011 1992 6713
1010 1993 6712
1009 1994 6711
1008 1995 6710
1007 1996 6709
1006 1997 6708
1005 1998 6707
1004 1999 6706
1003 2000 6705
1002 2001 6704
1001 2002 6703
1000 2003 6702
999 2004 6701
998 2005 6700
997 2006 6699
996 2007 6698
995 2008 6697
994 2009 6696
993 2010 6695
992 2011 6694
991 2012 6693
990 2013 6692
989 2014 6691
988 2015 6690
987 2016 6689
986 2017 6688
985 2018 6687
984 2019 6686
983 2020 6685
982 2021 6684
981 2022 6683
980 2023 6682
979 2024 6681
978 2025 6680
977 2026 6679
976 2027 6678
975 2028 6677
974 2029 6676
973 2030 6675
972 2031 6674
971 2032 6673
970 2033 6672
969 2034 6671
968 2035 6670
967 2036 6669
966 2037 6668
965 2038 6667
964 2039 6666
963 2040 6665
962 2041 6664
961 2042 6663
960 2043 6662
959 2044 6661
958 2045 6660
957 2046 6659
956 2047 6658
955 2048 6657
954 2049 6656
953 2050 6655
952 2051 6654
951 2052 6653
950 2053 6652
949 2054 6651
948 2055 6650
947 2056 6649
946 2057 6648
945 2058 6647
944 2059 6646
943 2060 6645
942 2061 6644
941 2062 6643
940 2063 6642
939 2064 6641
938 2065 6640
937 2066 6639
936 2067 6638
935 2068 6637
934 2069 6636
933 2070 6635
932 2071 6634
931 2072 6633
930 2073 6632
929 2074 6631
928 2075 6630
927 2076 6629
926 2077 6628
925 2078 6627
924 2079 6626
923 2080 6625
922 2081 6624
921 2082 6623
920 2083 6622
919 2084 6621
918 2085 6620
917 2086 6619
916 2087 6618
915 2088 6617
914 2089 6616
913 2090 6615
912 2091 6614
911 2092 6613
910 2093 6612
909 2094 6611
908 2095 6610
907 2096 6609
906 2097 6608
905 2098 6607
904 2099 6606
903 2100 6605
902 2101 6604
901 2102 6603
900 2103 6602
899 2104 6601
898 2105 6600
897 2106 6599
896 2107 6598
895 2108 6597
894 2109 6596
893 2110 6595
892 2111 6594
891 2112 6593
890 2113 6592
889 2114 6591
888 2115 6590
887 2116 6589
886 2117 6588
885 2118 6587
884 2119 6586
883 2120 6585
882 2121 6584
881 2122 6583
880 2123 6582
879 2124 6581
878 2125 6580
877 2126 6579
876 2127 6578
875 2128 6577
874 2129 6576
873 2130 6575
872 2131 6574
871 2132 6573
870 2133 6572
869 2134 6571
868 2135 6570
867 2136 6569
866 2137 6568
865 2138 6567
864 2139 6566
863 2140 6565
862 2141 6564
861 2142 6563
860 2143 6562
859 2144 6561
858 2145 6560
857 2146 6559
856 2147 6558
855 2148 6557
854 2149 6556
853 2150 6555
852 2151 6554
851 2152 6553
850 2153 6552
849 2154 6551
848 2155 6550
847 2156 6549
846 2157 6548
845 2158 6547
844 2159 6546
843 2160 6545
842 2161 6544
841 2162 6543
840 2163 6542
839 2164 6541
838 2165 6540
837 2166 6539
836 2167 6538
835 2168 6537
834 2169 6536
833 2170 6535
832 2171 6534
831 2172 6533
830 2173 6532
829 2174 6531
828 2175 6530
827 2176 6529
826 2177 6528
825 2178 6527
824 2179 6526
823 2180 6525
822 2181 6524
821 2182 6523
820 2183 6522
819 2184 6521
818 2185 6520
817 2186 6519
816 2187 6518
815 2188 6517
814 2189 6516
813 2190 6515
812 2191 6514
811 2192 6513
810 2193 6512
809 2194 6511
808 2195 6510
807 2196 6509
806 2197 6508
805 2198 6507
804 2199 6506
803 2200 6505
802 2201 6504
801 2202 6503
800 2203 6502
799 2204 6501
798 2205 6500
797 2206 6499
796 2207 6498
795 2208 6497
794 2209 6496
793 2210 6495
792 2211 6494
791 2212 6493
790 2213 6492
789 2214 6491
788 2215 6490
787 2216 6489
786 2217 6488
785 2218 6487
784 2219 6486
783 2220 6485
782 2221 6484
781 2222 6483
780 2223 6482
779 2224 6481
778 2225 6480
777 2226 6479
776 2227 6478
775 2228 6477
774 2229 6476
773 2230 6475
772 2231 6474
771 2232 6473
770 2233 6472
769 2234 6471
768 2235 6470
767 2236 6469
766 2237 6468
765 2238 6467
764 2239 6466
763 2240 6465
762 2241 6464
761 2242 6463
760 2243 6462
759 2244 6461
758 2245 6460
757 2246 6459
756 2247 6458
755 2248 6457
754 2249 6456
753 2250 6455
752 2251 6454
751 2252 6453
750 2253 6452
749 2254 6451
748 2255 6450
747 2256 6449
746 2257 6448
745 2258 6447
744 2259 6446
743 2260 6445
742 2261 6444
741 2262 6443
740 2263 6442
739 2264 6441
738 2265 6440
737 2266 6439
736 2267 6438
735 2268 6437
734 2269 6436
733 2270 6435
732 2271 6434
731 2272 6433
730 2273 6432
729 2274 6431
728 2275 6430
727 2276 6429
726 2277 6428
725 2278 6427
724 2279 6426
723 2280 6425
722 2281 6424
721 2282 6423
720 2283 6422
719 2284 6421
718 2285 6420
717 2286 6419
716 2287 6418
715 2288 6417
714 2289 6416
713 2290 6415
712 2291 6414
711 2292 6413
710 2293 6412
709 2294 6411
708 2295 6410
707 2296 6409
706 2297 6408
705 2298 6407
704 2299 6406
703 2300 6405
702 2301 6404
701 2302 6403
700 2303 6402
699 2304 6401
698 2305 6400
697 2306 6399
696 2307 6398
695 2308 6397
694 2309 6396
693 2310 6395
692 2311 6394
691 2312 6393
690 2313 6392
689 2314 6391
688 2315 6390
687 2316 6389
686 2317 6388
685 2318 6387
684 2319 6386
683 2320 6385
682 2321 6384
681 2322 6383
680 2323 6382
679 2324 6381
678 2325 6380
677 2326 6379
676 2327 6378
675 2328 6377
674 2329 6376
673 2330 6375
672 2331 6374
671 2332 6373
670 2333 6372
669 2334 6371
668 2335 6370
667 2336 6369
666 2337 6368
665 2338 6367
664 2339 6366
663 2340 6365
662 2341 6364
661 2342 6363
660 2343 6362
659 2344 6361
658 2345 6360
657 2346 6359
656 2347 6358
655 2348 6357
654 2349 6356
653 2350 6355
652 2351 6354
651 2352 6353
650 2353 6352
649 2354 6351
648 2355 6350
647 2356 6349
646 2357 6348
645 2358 6347
644 2359 6346
643 2360 6345
642 2361 6344
641 2362 6343
640 2363 6342
639 2364 6341
638 2365 6340
637 2366 6339
636 2367 6338
635 2368 6337
634 2369 6336
633 2370 6335
632 2371 6334
631 2372 6333
630 2373 6332
629 2374 6331
628 2375 6330
627 2376 6329
626 2377 6328
625 2378 6327
624 2379 6326
623 2380 6325
622 2381 6324
621 2382 6323
620 2383 6322
619 2384 6321
618 2385 6320
617 2386 6319
616 2387 6318
615 2388 6317
614 2389 6316
613 2390 6315
612 2391 6314
611 2392 6313
610 2393 6312
609 2394 6311
608 2395 6310
607 2396 6309
606 2397 6308
605 2398 6307
604 2399 6306
603 2400 6305
602 2401 6304
601 2402 6303
600 2403 6302
599 2404 6301
598 2405 6300
597 2406 6299
596 2407 6298
595 2408 6297
594 2409 6296
593 2410 6295
592 2411 6294
591 2412 6293
590 2413 6292
589 2414 6291
588 2415 6290
587 2416 6289
586 2417 6288
585 2418 6287
584 2419 6286
583 2420 6285
582 2421 6284
581 2422 6283
580 2423 6282
579 2424 6281
578 2425 6280
577 2426 6279
576 2427 6278
575 2428 6277
574 2429 6276
573 2430 6275
572 2431 6274
571 2432 6273
570 2433 6272
569 2434 6271
568 2435 6270
567 2436 6269
566 2437 6268
565 2438 6267
564 2439 6266
563 2440 6265
562 2441 6264
561 2442 6263
560 2443 6262
559 2444 6261
558 2445 6260
557 2446 6259
556 2447 6258
555 2448 6257
554 2449 6256
553 2450 6255
552 2451 6254
551 2452 6253
550 2453 6252
549 2454 6251
548 2455 6250
547 2456 6249
546 2457 6248
545 2458 6247
544 2459 6246
543 2460 6245
542 2461 6244
541 2462 6243
540 2463 6242
539 2464 6241
538 2465 6240
537 2466 6239
536 2467 6238
535 2468 6237
534 2469 6236
533 2470 6235
532 2471 6234
531 2472 6233
530 2473 6232
529 2474 6231
528 2475 6230
527 2476 6229
526 2477 6228
525 2478 6227
524 2479 6226
523 2480 6225
522 2481 6224
521 2482 6223
520 2483 6222
519 2484 6221
518 2485 6220
517 2486 6219
516 2487 6218
515 2488 6217
514 2489 6216
513 2490 6215
512 2491 6214
511 2492 6213
510 2493 6212
509 2494 6211
508 2495 6210
507 2496 6209
506 2497 6208
505 2498 6207
504 2499 6206
503 2500 6205
502 2501 6204
501 2502 6203
500 2503 6202
499 2504 6201
498 2505 6200
497 2506 6199
496 2507 6198
495 2508 6197
494 2509 6196
493 2510 6195
492 2511 6194
491 2512 6193
490 2513 6192
489 2514 6191
488 2515 6190
487 2516 6189
486 2517 6188
485 2518 6187
484 2519 6186
483 2520 6185
482 2521 6184
481 2522 6183
480 2523 6182
479 2524 6181
478 2525 6180
477 2526 6179
476 2527 6178
475 2528 6177
474 2529 6176
473 2530 6175
472 2531 6174
471 2532 6173
470 2533 6172
469 2534 6171
468 2535 6170
467 2536 6169
466 2537 6168
465 2538 6167
464 2539 6166
463 2540 6165
462 2541 6164
461 2542 6163
460 2543 6162
459 2544 6161
458 2545 6160
457 2546 6159
456 2547 6158
455 2548 6157
454 2549 6156
453 2550 6155
452 2551 6154
451 2552 6153
450 2553 6152
449 2554 6151
448 2555 6150
447 2556 6149
446 2557 6148
445 2558 6147
444 2559 6146
443 2560 6145
442 2561 6144
441 2562 6143
440 2563 6142
439 2564 6141
438 2565 6140
437 2566 6139
436 2567 6138
435 2568 6137
434 2569 6136
433 2570 6135
432 2571 6134
431 2572 6133
430 2573 6132
429 2574 6131
428 2575 6130
427 2576 6129
426 2577 6128
425 2578 6127
424 2579 6126
423 2580 6125
422 2581 6124
421 2582 6123
420 2583 6122
419 2584 6121
418 2585 6120
417 2586 6119
416 2587 6118
415 2588 6117
414 2589 6116
413 2590 6115
412 2591 6114
411 2592 6113
410 2593 6112
409 2594 6111
408 2595 6110
407 2596 6109
406 2597 6108
405 2598 6107
404 2599 6106
403 2600 6105
402 2601 6104
401 2602 6103
400 2603 6102
399 2604 6101
398 2605 6100
397 2606 6099
396 2607 6098
395 2608 6097
394 2609 6096
393 2610 6095
392 2611 6094
391 2612 6093
390 2613 6092
389 2614 6091
388 2615 6090
387 2616 6089
386 2617 6088
385 2618 6087
384 2619 6086
383 2620 6085
382 2621 6084
381 2622 6083
380 2623 6082
379 2624 6081
378 2625 6080
377 2626 6079
376 2627 6078
375 2628 6077
374 2629 6076
373 2630 6075
372 2631 6074
371 2632 6073
370 2633 6072
369 2634 6071
368 2635 6070
367 2636 6069
366 2637 6068
365 2638 6067
364 2639 6066
363 2640 6065
362 2641 6064
361 2642 6063
360 2643 6062
359 2644 6061
358 2645 6060
357 2646 6059
356 2647 6058
355 2648 6057
354 2649 6056
353 2650 6055
352 2651 6054
351 2652 6053
350 2653 6052
349 2654 6051
348 2655 6050
347 2656 6049
346 2657 6048
345 2658 6047
344 2659 6046
343 2660 6045
342 2661 6044
341 2662 6043
340 2663 6042
339 2664 6041
338 2665 6040
337 2666 6039
336 2667 6038
335 2668 6037
334 2669 6036
333 2670 6035
332 2671 6034
331 2672 6033
330 2673 6032
329 2674 6031
328 2675 6030
327 2676 6029
326 2677 6028
325 2678 6027
324 2679 6026
323 2680 6025
322 2681 6024
321 2682 6023
320 2683 6022
319 2684 6021
318 2685 6020
317 2686 6019
316 2687 6018
315 2688 6017
314 2689 6016
313 2690 6015
312 2691 6014
311 2692 6013
310 2693 6012
309 2694 6011
308 2695 6010
307 2696 6009
306 2697 6008
305 2698 6007
304 2699 6006
303 2700 6005
302 2701 6004
301 2702 6003
300 2703 6002
299 2704 6001
