2146
3000 3 8146
2999 4 8145
2998 5 8144
2997 6 8143
2996 7 8142
2995 8 8141
2994 9 8140
2993 10 8139
2992 11 8138
2991 12 8137
2990 13 8136
2989 14 8135
2988 15 8134
2987 16 8133
2986 17 8132
2985 18 8131
2984 19 8130
2983 20 8129
2982 21 8128
2981 22 8127
2980 23 8126
2979 24 8125
2978 25 8124
2977 26 8123
2976 27 8122
2975 28 8121
2974 29 8120
2973 30 8119
2972 31 8118
2971 32 8117
2970 33 8116
2969 34 8115
2968 35 8114
2967 36 8113
2966 37 8112
2965 38 8111
2964 39 8110
2963 40 8109
2962 41 8108
2961 42 8107
2960 43 8106
2959 44 8105
2958 45 8104
2957 46 8103
2956 47 8102
2955 48 8101
2954 49 8100
2953 50 8099
2952 51 8098
2951 52 8097
2950 53 8096
2949 54 8095
2948 55 8094
2947 56 8093
2946 57 8092
2945 58 8091
2944 59 8090
2943 60 8089
2942 61 8088
2941 62 8087
2940 63 8086
2939 64 8085
2938 65 8084
2937 66 8083
2936 67 8082
2935 68 8081
2934 69 8080
2933 70 8079
2932 71 8078
2931 72 8077
2930 73 8076
2929 74 8075
2928 75 8074
2927 76 8073
2926 77 8072
2925 78 8071
2924 79 8070
2923 80 8069
2922 81 8068
2921 82 8067
2920 83 8066
2919 84 8065
2918 85 8064
2917 86 8063
2916 87 8062
2915 88 8061
2914 89 8060
2913 90 8059
2912 91 8058
2911 92 8057
2910 93 8056
2909 94 8055
2908 95 8054
2907 96 8053
2906 97 8052
2905 98 8051
2904 99 8050
2903 100 8049
2902 101 8048
2901 102 8047
2900 103 8046
2899 104 8045
2898 105 8044
2897 106 8043
2896 107 8042
2895 108 8041
2894 109 8040
2893 110 8039
2892 111 8038
2891 112 8037
2890 113 8036
2889 114 8035
2888 115 8034
2887 116 8033
2886 117 8032
2885 118 8031
2884 119 8030
2883 120 8029
2882 121 8028
2881 122 8027
2880 123 8026
2879 124 8025
2878 125 8024
2877 126 8023
2876 127 8022
2875 128 8021
2874 129 8020
2873 130 8019
2872 131 8018
2871 132 8017
2870 133 8016
2869 134 8015
2868 135 8014
2867 136 8013
2866 137 8012
2865 138 8011
2864 139 8010
2863 140 8009
2862 141 8008
2861 142 8007
2860 143 8006
2859 144 8005
2858 145 8004
2857 146 8003
2856 147 8002
2855 148 8001
2854 149 8000
2853 150 7999
2852 151 7998
2851 152 7997
2850 153 7996
2849 154 7995
2848 155 7994
2847 156 7993
2846 157 7992
2845 158 7991
2844 159 7990
2843 160 7989
2842 161 7988
2841 162 7987
2840 163 7986
2839 164 7985
2838 165 7984
2837 166 7983
2836 167 7982
2835 168 7981
2834 169 7980
2833 170 7979
2832 171 7978
2831 172 7977
2830 173 7976
2829 174 7975
2828 175 7974
2827 176 7973
2826 177 7972
2825 178 7971
2824 179 7970
2823 180 7969
2822 181 7968
2821 182 7967
2820 183 7966
2819 184 7965
2818 185 7964
2817 186 7963
2816 187 7962
2815 188 7961
2814 189 7960
2813 190 7959
2812 191 7958
2811 192 7957
2810 193 7956
2809 194 7955
2808 195 7954
2807 196 7953
2806 197 7952
2805 198 7951
2804 199 7950
2803 200 7949
2802 201 7948
2801 202 7947
2800 203 7946
2799 204 7945
2798 205 7944
2797 206 7943
2796 207 7942
2795 208 7941
2794 209 7940
2793 210 7939
2792 211 7938
2791 212 7937
2790 213 7936
2789 214 7935
2788 215 7934
2787 216 7933
2786 217 7932
2785 218 7931
2784 219 7930
2783 220 7929
2782 221 7928
2781 222 7927
2780 223 7926
2779 224 7925
2778 225 7924
2777 226 7923
2776 227 7922
2775 228 7921
2774 229 7920
2773 230 7919
2772 231 7918
2771 232 7917
2770 233 7916
2769 234 7915
2768 235 7914
2767 236 7913
2766 237 7912
2765 238 7911
2764 239 7910
2763 240 7909
2762 241 7908
2761 242 7907
2760 243 7906
2759 244 7905
2758 245 7904
2757 246 7903
2756 247 7902
2755 248 7901
2754 249 7900
2753 250 7899
2752 251 7898
2751 252 7897
2750 253 7896
2749 254 7895
2748 255 7894
2747 256 7893
2746 257 7892
2745 258 7891
2744 259 7890
2743 260 7889
2742 261 7888
2741 262 7887
2740 263 7886
2739 264 7885
2738 265 7884
2737 266 7883
2736 267 7882
2735 268 7881
2734 269 7880
2733 270 7879
2732 271 7878
2731 272 7877
2730 273 7876
2729 274 7875
2728 275 7874
2727 276 7873
2726 277 7872
2725 278 7871
2724 279 7870
2723 280 7869
2722 281 7868
2721 282 7867
2720 283 7866
2719 284 7865
2718 285 7864
2717 286 7863
2716 287 7862
2715 288 7861
2714 289 7860
2713 290 7859
2712 291 7858
2711 292 7857
2710 293 7856
2709 294 7855
2708 295 7854
2707 296 7853
2706 297 7852
2705 298 7851
2704 299 7850
2703 300 7849
2702 301 7848
2701 302 7847
2700 303 7846
2699 304 7845
2698 305 7844
2697 306 7843
2696 307 7842
2695 308 7841
2694 309 7840
2693 310 7839
2692 311 7838
2691 312 7837
2690 313 7836
2689 314 7835
2688 315 7834
2687 316 7833
2686 317 7832
2685 318 7831
2684 319 7830
2683 320 7829
2682 321 7828
2681 322 7827
2680 323 7826
2679 324 7825
2678 325 7824
2677 326 7823
2676 327 7822
2675 328 7821
2674 329 7820
2673 330 7819
2672 331 7818
2671 332 7817
2670 333 7816
2669 334 7815
2668 335 7814
2667 336 7813
2666 337 7812
2665 338 7811
2664 339 7810
2663 340 7809
2662 341 7808
2661 342 7807
2660 343 7806
2659 344 7805
2658 345 7804
2657 346 7803
2656 347 7802
2655 348 7801
2654 349 7800
2653 350 7799
2652 351 7798
2651 352 7797
2650 353 7796
2649 354 7795
2648 355 7794
2647 356 7793
2646 357 7792
2645 358 7791
2644 359 7790
2643 360 7789
2642 361 7788
2641 362 7787
2640 363 7786
2639 364 7785
2638 365 7784
2637 366 7783
2636 367 7782
2635 368 7781
2634 369 7780
2633 370 7779
2632 371 7778
2631 372 7777
2630 373 7776
2629 374 7775
2628 375 7774
2627 376 7773
2626 377 7772
2625 378 7771
2624 379 7770
2623 380 7769
2622 381 7768
2621 382 7767
2620 383 7766
2619 384 7765
2618 385 7764
2617 386 7763
2616 387 7762
2615 388 7761
2614 389 7760
2613 390 7759
2612 391 7758
2611 392 7757
2610 393 7756
2609 394 7755
2608 395 7754
2607 396 7753
2606 397 7752
2605 398 7751
2604 399 7750
2603 400 7749
2602 401 7748
2601 402 7747
2600 403 7746
2599 404 7745
2598 405 7744
2597 406 7743
2596 407 7742
2595 408 7741
2594 409 7740
2593 410 7739
2592 411 7738
2591 412 7737
2590 413 7736
2589 414 7735
2588 415 7734
2587 416 7733
2586 417 7732
2585 418 7731
2584 419 7730
2583 420 7729
2582 421 7728
2581 422 7727
2580 423 7726
2579 424 7725
2578 425 7724
2577 426 7723
2576 427 7722
2575 428 7721
2574 429 7720
2573 430 7719
2572 431 7718
2571 432 7717
2570 433 7716
2569 434 7715
2568 435 7714
2567 436 7713
2566 437 7712
2565 438 7711
2564 439 7710
2563 440 7709
2562 441 7708
2561 442 7707
2560 443 7706
2559 444 7705
2558 445 7704
2557 446 7703
2556 447 7702
2555 448 7701
2554 449 7700
2553 450 7699
2552 451 7698
2551 452 7697
2550 453 7696
2549 454 7695
2548 455 7694
2547 456 7693
2546 457 7692
2545 458 7691
2544 459 7690
2543 460 7689
2542 461 7688
2541 462 7687
2540 463 7686
2539 464 7685
2538 465 7684
2537 466 7683
2536 467 7682
2535 468 7681
2534 469 7680
2533 470 7679
2532 471 7678
2531 472 7677
2530 473 7676
2529 474 7675
2528 475 7674
2527 476 7673
2526 477 7672
2525 478 7671
2524 479 7670
2523 480 7669
2522 481 7668
2521 482 7667
2520 483 7666
2519 484 7665
2518 485 7664
2517 486 7663
2516 487 7662
2515 488 7661
2514 489 7660
2513 490 7659
2512 491 7658
2511 492 7657
2510 493 7656
2509 494 7655
2508 495 7654
2507 496 7653
2506 497 7652
2505 498 7651
2504 499 7650
2503 500 7649
2502 501 7648
2501 502 7647
2500 503 7646
2499 504 7645
2498 505 7644
2497 506 7643
2496 507 7642
2495 508 7641
2494 509 7640
2493 510 7639
2492 511 7638
2491 512 7637
2490 513 7636
2489 514 7635
2488 515 7634
2487 516 7633
2486 517 7632
2485 518 7631
2484 519 7630
2483 520 7629
2482 521 7628
2481 522 7627
2480 523 7626
2479 524 7625
2478 525 7624
2477 526 7623
2476 527 7622
2475 528 7621
2474 529 7620
2473 530 7619
2472 531 7618
2471 532 7617
2470 533 7616
2469 534 7615
2468 535 7614
2467 536 7613
2466 537 7612
2465 538 7611
2464 539 7610
2463 540 7609
2462 541 7608
2461 542 7607
2460 543 7606
2459 544 7605
2458 545 7604
2457 546 7603
2456 547 7602
2455 548 7601
2454 549 7600
2453 550 7599
2452 551 7598
2451 552 7597
2450 553 7596
2449 554 7595
2448 555 7594
2447 556 7593
2446 557 7592
2445 558 7591
2444 559 7590
2443 560 7589
2442 561 7588
2441 562 7587
2440 563 7586
2439 564 7585
2438 565 7584
2437 566 7583
2436 567 7582
2435 568 7581
2434 569 7580
2433 570 7579
2432 571 7578
2431 572 7577
2430 573 7576
2429 574 7575
2428 575 7574
2427 576 7573
2426 577 7572
2425 578 7571
2424 579 7570
2423 580 7569
2422 581 7568
2421 582 7567
2420 583 7566
2419 584 7565
2418 585 7564
2417 586 7563
2416 587 7562
2415 588 7561
2414 589 7560
2413 590 7559
2412 591 7558
2411 592 7557
2410 593 7556
2409 594 7555
2408 595 7554
2407 596 7553
2406 597 7552
2405 598 7551
2404 599 7550
2403 600 7549
2402 601 7548
2401 602 7547
2400 603 7546
2399 604 7545
2398 605 7544
2397 606 7543
2396 607 7542
2395 608 7541
2394 609 7540
2393 610 7539
2392 611 7538
2391 612 7537
2390 613 7536
2389 614 7535
2388 615 7534
2387 616 7533
2386 617 7532
2385 618 7531
2384 619 7530
2383 620 7529
2382 621 7528
2381 622 7527
2380 623 7526
2379 624 7525
2378 625 7524
2377 626 7523
2376 627 7522
2375 628 7521
2374 629 7520
2373 630 7519
2372 631 7518
2371 632 7517
2370 633 7516
2369 634 7515
2368 635 7514
2367 636 7513
2366 637 7512
2365 638 7511
2364 639 7510
2363 640 7509
2362 641 7508
2361 642 7507
2360 643 7506
2359 644 7505
2358 645 7504
2357 646 7503
2356 647 7502
2355 648 7501
2354 649 7500
2353 650 7499
2352 651 7498
2351 652 7497
2350 653 7496
2349 654 7495
2348 655 7494
2347 656 7493
2346 657 7492
2345 658 7491
2344 659 7490
2343 660 7489
2342 661 7488
2341 662 7487
2340 663 7486
2339 664 7485
2338 665 7484
2337 666 7483
2336 667 7482
2335 668 7481
2334 669 7480
2333 670 7479
2332 671 7478
2331 672 7477
2330 673 7476
2329 674 7475
2328 675 7474
2327 676 7473
2326 677 7472
2325 678 7471
2324 679 7470
2323 680 7469
2322 681 7468
2321 682 7467
2320 683 7466
2319 684 7465
2318 685 7464
2317 686 7463
2316 687 7462
2315 688 7461
2314 689 7460
2313 690 7459
2312 691 7458
2311 692 7457
2310 693 7456
2309 694 7455
2308 695 7454
2307 696 7453
2306 697 7452
2305 698 7451
2304 699 7450
2303 700 7449
2302 701 7448
2301 702 7447
2300 703 7446
2299 704 7445
2298 705 7444
2297 706 7443
2296 707 7442
2295 708 7441
2294 709 7440
2293 710 7439
2292 711 7438
2291 712 7437
2290 713 7436
2289 714 7435
2288 715 7434
2287 716 7433
2286 717 7432
2285 718 7431
2284 719 7430
2283 720 7429
2282 721 7428
2281 722 7427
2280 723 7426
2279 724 7425
2278 725 7424
2277 726 7423
2276 727 7422
2275 728 7421
2274 729 7420
2273 730 7419
2272 731 7418
2271 732 7417
2270 733 7416
2269 734 7415
2268 735 7414
2267 736 7413
2266 737 7412
2265 738 7411
2264 739 7410
2263 740 7409
2262 741 7408
2261 742 7407
2260 743 7406
2259 744 7405
2258 745 7404
2257 746 7403
2256 747 7402
2255 748 7401
2254 749 7400
2253 750 7399
2252 751 7398
2251 752 7397
2250 753 7396
2249 754 7395
2248 755 7394
2247 756 7393
2246 757 7392
2245 758 7391
2244 759 7390
2243 760 7389
2242 761 7388
2241 762 7387
2240 763 7386
2239 764 7385
2238 765 7384
2237 766 7383
2236 767 7382
2235 768 7381
2234 769 7380
2233 770 7379
2232 771 7378
2231 772 7377
2230 773 7376
2229 774 7375
2228 775 7374
2227 776 7373
2226 777 7372
2225 778 7371
2224 779 7370
2223 780 7369
2222 781 7368
2221 782 7367
2220 783 7366
2219 784 7365
2218 785 7364
2217 786 7363
2216 787 7362
2215 788 7361
2214 789 7360
2213 790 7359
2212 791 7358
2211 792 7357
2210 793 7356
2209 794 7355
2208 795 7354
2207 796 7353
2206 797 7352
2205 798 7351
2204 799 7350
2203 800 7349
2202 801 7348
2201 802 7347
2200 803 7346
2199 804 7345
2198 805 7344
2197 806 7343
2196 807 7342
2195 808 7341
2194 809 7340
2193 810 7339
2192 811 7338
2191 812 7337
2190 813 7336
2189 814 7335
2188 815 7334
2187 816 7333
2186 817 7332
2185 818 7331
2184 819 7330
2183 820 7329
2182 821 7328
2181 822 7327
2180 823 7326
2179 824 7325
2178 825 7324
2177 826 7323
2176 827 7322
2175 828 7321
2174 829 7320
2173 830 7319
2172 831 7318
2171 832 7317
2170 833 7316
2169 834 7315
2168 835 7314
2167 836 7313
2166 837 7312
2165 838 7311
2164 839 7310
2163 840 7309
2162 841 7308
2161 842 7307
2160 843 7306
2159 844 7305
2158 845 7304
2157 846 7303
2156 847 7302
2155 848 7301
2154 849 7300
2153 850 7299
2152 851 7298
2151 852 7297
2150 853 7296
2149 854 7295
2148 855 7294
2147 856 7293
2146 857 7292
2145 858 7291
2144 859 7290
2143 860 7289
2142 861 7288
2141 862 7287
2140 863 7286
2139 864 7285
2138 865 7284
2137 866 7283
2136 867 7282
2135 868 7281
2134 869 7280
2133 870 7279
2132 871 7278
2131 872 7277
2130 873 7276
2129 874 7275
2128 875 7274
2127 876 7273
2126 877 7272
2125 878 7271
2124 879 7270
2123 880 7269
2122 881 7268
2121 882 7267
2120 883 7266
2119 884 7265
2118 885 7264
2117 886 7263
2116 887 7262
2115 888 7261
2114 889 7260
2113 890 7259
2112 891 7258
2111 892 7257
2110 893 7256
2109 894 7255
2108 895 7254
2107 896 7253
2106 897 7252
2105 898 7251
2104 899 7250
2103 900 7249
2102 901 7248
2101 902 7247
2100 903 7246
2099 904 7245
2098 905 7244
2097 906 7243
2096 907 7242
2095 908 7241
2094 909 7240
2093 910 7239
2092 911 7238
2091 912 7237
2090 913 7236
2089 914 7235
2088 915 7234
2087 916 7233
2086 917 7232
2085 918 7231
2084 919 7230
2083 920 7229
2082 921 7228
2081 922 7227
2080 923 7226
2079 924 7225
2078 925 7224
2077 926 7223
2076 927 7222
2075 928 7221
2074 929 7220
2073 930 7219
2072 931 7218
2071 932 7217
2070 933 7216
2069 934 7215
2068 935 7214
2067 936 7213
2066 937 7212
2065 938 7211
2064 939 7210
2063 940 7209
2062 941 7208
2061 942 7207
2060 943 7206
2059 944 7205
2058 945 7204
2057 946 7203
2056 947 7202
2055 948 7201
2054 949 7200
2053 950 7199
2052 951 7198
2051 952 7197
2050 953 7196
2049 954 7195
2048 955 7194
2047 956 7193
2046 957 7192
2045 958 7191
2044 959 7190
2043 960 7189
2042 961 7188
2041 962 7187
2040 963 7186
2039 964 7185
2038 965 7184
2037 966 7183
2036 967 7182
2035 968 7181
2034 969 7180
2033 970 7179
2032 971 7178
2031 972 7177
2030 973 7176
2029 974 7175
2028 975 7174
2027 976 7173
2026 977 7172
2025 978 7171
2024 979 7170
2023 980 7169
2022 981 7168
2021 982 7167
2020 983 7166
2019 984 7165
2018 985 7164
2017 986 7163
2016 987 7162
2015 988 7161
2014 989 7160
2013 990 7159
2012 991 7158
2011 992 7157
2010 993 7156
2009 994 7155
2008 995 7154
2007 996 7153
2006 997 7152
2005 998 7151
2004 999 7150
2003 1000 7149
2002 1001 7148
2001 1002 7147
2000 1003 7146
1999 1004 7145
1998 1005 7144
1997 1006 7143
1996 1007 7142
1995 1008 7141
1994 1009 7140
1993 1010 7139
1992 1011 7138
1991 1012 7137
1990 1013 7136
1989 1014 7135
1988 1015 7134
1987 1016 7133
1986 1017 7132
1985 1018 7131
1984 1019 7130
1983 1020 7129
1982 1021 7128
1981 1022 7127
1980 1023 7126
1979 1024 7125
1978 1025 7124
1977 1026 7123
1976 1027 7122
1975 1028 7121
1974 1029 7120
1973 1030 7119
1972 1031 7118
1971 1032 7117
1970 1033 7116
1969 1034 7115
1968 1035 7114
1967 1036 7113
1966 1037 7112
1965 1038 7111
1964 1039 7110
1963 1040 7109
1962 1041 7108
1961 1042 7107
1960 1043 7106
1959 1044 7105
1958 1045 7104
1957 1046 7103
1956 1047 7102
1955 1048 7101
1954 1049 7100
1953 1050 7099
1952 1051 7098
1951 1052 7097
1950 1053 7096
1949 1054 7095
1948 1055 7094
1947 1056 7093
1946 1057 7092
1945 1058 7091
1944 1059 7090
1943 1060 7089
1942 1061 7088
1941 1062 7087
1940 1063 7086
1939 1064 7085
1938 1065 7084
1937 1066 7083
1936 1067 7082
1935 1068 7081
1934 1069 7080
1933 1070 7079
1932 1071 7078
1931 1072 7077
1930 1073 7076
1929 1074 7075
1928 1075 7074
1927 1076 7073
1926 1077 7072
1925 1078 7071
1924 1079 7070
1923 1080 7069
1922 1081 7068
1921 1082 7067
1920 1083 7066
1919 1084 7065
1918 1085 7064
1917 1086 7063
1916 1087 7062
1915 1088 7061
1914 1089 7060
1913 1090 7059
1912 1091 7058
1911 1092 7057
1910 1093 7056
1909 1094 7055
1908 1095 7054
1907 1096 7053
1906 1097 7052
1905 1098 7051
1904 1099 7050
1903 1100 7049
1902 1101 7048
1901 1102 7047
1900 1103 7046
1899 1104 7045
1898 1105 7044
1897 1106 7043
1896 1107 7042
1895 1108 7041
1894 1109 7040
1893 1110 7039
1892 1111 7038
1891 1112 7037
1890 1113 7036
1889 1114 7035
1888 1115 7034
1887 1116 7033
1886 1117 7032
1885 1118 7031
1884 1119 7030
1883 1120 7029
1882 1121 7028
1881 1122 7027
1880 1123 7026
1879 1124 7025
1878 1125 7024
1877 1126 7023
1876 1127 7022
1875 1128 7021
1874 1129 7020
1873 1130 7019
1872 1131 7018
1871 1132 7017
1870 1133 7016
1869 1134 7015
1868 1135 7014
1867 1136 7013
1866 1137 7012
1865 1138 7011
1864 1139 7010
1863 1140 7009
1862 1141 7008
1861 1142 7007
1860 1143 7006
1859 1144 7005
1858 1145 7004
1857 1146 7003
1856 1147 7002
1855 1148 7001
1854 1149 7000
1853 1150 6999
1852 1151 6998
1851 1152 6997
1850 1153 6996
1849 1154 6995
1848 1155 6994
1847 1156 6993
1846 1157 6992
1845 1158 6991
1844 1159 6990
1843 1160 6989
1842 1161 6988
1841 1162 6987
1840 1163 6986
1839 1164 6985
1838 1165 6984
1837 1166 6983
1836 1167 6982
1835 1168 6981
1834 1169 6980
1833 1170 6979
1832 1171 6978
1831 1172 6977
1830 1173 6976
1829 1174 6975
1828 1175 6974
1827 1176 6973
1826 1177 6972
1825 1178 6971
1824 1179 6970
1823 1180 6969
1822 1181 6968
1821 1182 6967
1820 1183 6966
1819 1184 6965
1818 1185 6964
1817 1186 6963
1816 1187 6962
1815 1188 6961
1814 1189 6960
1813 1190 6959
1812 1191 6958
1811 1192 6957
1810 1193 6956
1809 1194 6955
1808 1195 6954
1807 1196 6953
1806 1197 6952
1805 1198 6951
1804 1199 6950
1803 1200 6949
1802 1201 6948
1801 1202 6947
1800 1203 6946
1799 1204 6945
1798 1205 6944
1797 1206 6943
1796 1207 6942
1795 1208 6941
1794 1209 6940
1793 1210 6939
1792 1211 6938
1791 1212 6937
1790 1213 6936
1789 1214 6935
1788 1215 6934
1787 1216 6933
1786 1217 6932
1785 1218 6931
1784 1219 6930
1783 1220 6929
1782 1221 6928
1781 1222 6927
1780 1223 6926
1779 1224 6925
1778 1225 6924
1777 1226 6923
1776 1227 6922
1775 1228 6921
1774 1229 6920
1773 1230 6919
1772 1231 6918
1771 1232 6917
1770 1233 6916
1769 1234 6915
1768 1235 6914
1767 1236 6913
1766 1237 6912
1765 1238 6911
1764 1239 6910
1763 1240 6909
1762 1241 6908
1761 1242 6907
1760 1243 6906
1759 1244 6905
1758 1245 6904
1757 1246 6903
1756 1247 6902
1755 1248 6901
1754 1249 6900
1753 1250 6899
1752 1251 6898
1751 1252 6897
1750 1253 6896
1749 1254 6895
1748 1255 6894
1747 1256 6893
1746 1257 6892
1745 1258 6891
1744 1259 6890
1743 1260 6889
1742 1261 6888
1741 1262 6887
1740 1263 6886
1739 1264 6885
1738 1265 6884
1737 1266 6883
1736 1267 6882
1735 1268 6881
1734 1269 6880
1733 1270 6879
1732 1271 6878
1731 1272 6877
1730 1273 6876
1729 1274 6875
1728 1275 6874
1727 1276 6873
1726 1277 6872
1725 1278 6871
1724 1279 6870
1723 1280 6869
1722 1281 6868
1721 1282 6867
1720 1283 6866
1719 1284 6865
1718 1285 6864
1717 1286 6863
1716 1287 6862
1715 1288 6861
1714 1289 6860
1713 1290 6859
1712 1291 6858
1711 1292 6857
1710 1293 6856
1709 1294 6855
1708 1295 6854
1707 1296 6853
1706 1297 6852
1705 1298 6851
1704 1299 6850
1703 1300 6849
1702 1301 6848
1701 1302 6847
1700 1303 6846
1699 1304 6845
1698 1305 6844
1697 1306 6843
1696 1307 6842
1695 1308 6841
1694 1309 6840
1693 1310 6839
1692 1311 6838
1691 1312 6837
1690 1313 6836
1689 1314 6835
1688 1315 6834
1687 1316 6833
1686 1317 6832
1685 1318 6831
1684 1319 6830
1683 1320 6829
1682 1321 6828
1681 1322 6827
1680 1323 6826
1679 1324 6825
1678 1325 6824
1677 1326 6823
1676 1327 6822
1675 1328 6821
1674 1329 6820
1673 1330 6819
1672 1331 6818
1671 1332 6817
1670 1333 6816
1669 1334 6815
1668 1335 6814
1667 1336 6813
1666 1337 6812
1665 1338 6811
1664 1339 6810
1663 1340 6809
1662 1341 6808
1661 1342 6807
1660 1343 6806
1659 1344 6805
1658 1345 6804
1657 1346 6803
1656 1347 6802
1655 1348 6801
1654 1349 6800
1653 1350 6799
1652 1351 6798
1651 1352 6797
1650 1353 6796
1649 1354 6795
1648 1355 6794
1647 1356 6793
1646 1357 6792
1645 1358 6791
1644 1359 6790
1643 1360 6789
1642 1361 6788
1641 1362 6787
1640 1363 6786
1639 1364 6785
1638 1365 6784
1637 1366 6783
1636 1367 6782
1635 1368 6781
1634 1369 6780
1633 1370 6779
1632 1371 6778
1631 1372 6777
1630 1373 6776
1629 1374 6775
1628 1375 6774
1627 1376 6773
1626 1377 6772
1625 1378 6771
1624 1379 6770
1623 1380 6769
1622 1381 6768
1621 1382 6767
1620 1383 6766
1619 1384 6765
1618 1385 6764
1617 1386 6763
1616 1387 6762
1615 1388 6761
1614 1389 6760
1613 1390 6759
1612 1391 6758
1611 1392 6757
1610 1393 6756
1609 1394 6755
1608 1395 6754
1607 1396 6753
1606 1397 6752
1605 1398 6751
1604 1399 6750
1603 1400 6749
1602 1401 6748
1601 1402 6747
1600 1403 6746
1599 1404 6745
1598 1405 6744
1597 1406 6743
1596 1407 6742
1595 1408 6741
1594 1409 6740
1593 1410 6739
1592 1411 6738
1591 1412 6737
1590 1413 6736
1589 1414 6735
1588 1415 6734
1587 1416 6733
1586 1417 6732
1585 1418 6731
1584 1419 6730
1583 1420 6729
1582 1421 6728
1581 1422 6727
1580 1423 6726
1579 1424 6725
1578 1425 6724
1577 1426 6723
1576 1427 6722
1575 1428 6721
1574 1429 6720
1573 1430 6719
1572 1431 6718
1571 1432 6717
1570 1433 6716
1569 1434 6715
1568 1435 6714
1567 1436 6713
1566 1437 6712
1565 1438 6711
1564 1439 6710
1563 1440 6709
1562 1441 6708
1561 1442 6707
1560 1443 6706
1559 1444 6705
1558 1445 6704
1557 1446 6703
1556 1447 6702
1555 1448 6701
1554 1449 6700
1553 1450 6699
1552 1451 6698
1551 1452 6697
1550 1453 6696
1549 1454 6695
1548 1455 6694
1547 1456 6693
1546 1457 6692
1545 1458 6691
1544 1459 6690
1543 1460 6689
1542 1461 6688
1541 1462 6687
1540 1463 6686
1539 1464 6685
1538 1465 6684
1537 1466 6683
1536 1467 6682
1535 1468 6681
1534 1469 6680
1533 1470 6679
1532 1471 6678
1531 1472 6677
1530 1473 6676
1529 1474 6675
1528 1475 6674
1527 1476 6673
1526 1477 6672
1525 1478 6671
1524 1479 6670
1523 1480 6669
1522 1481 6668
1521 1482 6667
1520 1483 6666
1519 1484 6665
1518 1485 6664
1517 1486 6663
1516 1487 6662
1515 1488 6661
1514 1489 6660
1513 1490 6659
1512 1491 6658
1511 1492 6657
1510 1493 6656
1509 1494 6655
1508 1495 6654
1507 1496 6653
1506 1497 6652
1505 1498 6651
1504 1499 6650
1503 1500 6649
1502 1501 6648
1501 1502 6647
1500 1503 6646
1499 1504 6645
1498 1505 6644
1497 1506 6643
1496 1507 6642
1495 1508 6641
1494 1509 6640
1493 1510 6639
1492 1511 6638
1491 1512 6637
1490 1513 6636
1489 1514 6635
1488 1515 6634
1487 1516 6633
1486 1517 6632
1485 1518 6631
1484 1519 6630
1483 1520 6629
1482 1521 6628
1481 1522 6627
1480 1523 6626
1479 1524 6625
1478 1525 6624
1477 1526 6623
1476 1527 6622
1475 1528 6621
1474 1529 6620
1473 1530 6619
1472 1531 6618
1471 1532 6617
1470 1533 6616
1469 1534 6615
1468 1535 6614
1467 1536 6613
1466 1537 6612
1465 1538 6611
1464 1539 6610
1463 1540 6609
1462 1541 6608
1461 1542 6607
1460 1543 6606
1459 1544 6605
1458 1545 6604
1457 1546 6603
1456 1547 6602
1455 1548 6601
1454 1549 6600
1453 1550 6599
1452 1551 6598
1451 1552 6597
1450 1553 6596
1449 1554 6595
1448 1555 6594
1447 1556 6593
1446 1557 6592
1445 1558 6591
1444 1559 6590
1443 1560 6589
1442 1561 6588
1441 1562 6587
1440 1563 6586
1439 1564 6585
1438 1565 6584
1437 1566 6583
1436 1567 6582
1435 1568 6581
1434 1569 6580
1433 1570 6579
1432 1571 6578
1431 1572 6577
1430 1573 6576
1429 1574 6575
1428 1575 6574
1427 1576 6573
1426 1577 6572
1425 1578 6571
1424 1579 6570
1423 1580 6569
1422 1581 6568
1421 1582 6567
1420 1583 6566
1419 1584 6565
1418 1585 6564
1417 1586 6563
1416 1587 6562
1415 1588 6561
1414 1589 6560
1413 1590 6559
1412 1591 6558
1411 1592 6557
1410 1593 6556
1409 1594 6555
1408 1595 6554
1407 1596 6553
1406 1597 6552
1405 1598 6551
1404 1599 6550
1403 1600 6549
1402 1601 6548
1401 1602 6547
1400 1603 6546
1399 1604 6545
1398 1605 6544
1397 1606 6543
1396 1607 6542
1395 1608 6541
1394 1609 6540
1393 1610 6539
1392 1611 6538
1391 1612 6537
1390 1613 6536
1389 1614 6535
1388 1615 6534
1387 1616 6533
1386 1617 6532
1385 1618 6531
1384 1619 6530
1383 1620 6529
1382 1621 6528
1381 1622 6527
1380 1623 6526
1379 1624 6525
1378 1625 6524
1377 1626 6523
1376 1627 6522
1375 1628 6521
1374 1629 6520
1373 1630 6519
1372 1631 6518
1371 1632 6517
1370 1633 6516
1369 1634 6515
1368 1635 6514
1367 1636 6513
1366 1637 6512
1365 1638 6511
1364 1639 6510
1363 1640 6509
1362 1641 6508
1361 1642 6507
1360 1643 6506
1359 1644 6505
1358 1645 6504
1357 1646 6503
1356 1647 6502
1355 1648 6501
1354 1649 6500
1353 1650 6499
1352 1651 6498
1351 1652 6497
1350 1653 6496
1349 1654 6495
1348 1655 6494
1347 1656 6493
1346 1657 6492
1345 1658 6491
1344 1659 6490
1343 1660 6489
1342 1661 6488
1341 1662 6487
1340 1663 6486
1339 1664 6485
1338 1665 6484
1337 1666 6483
1336 1667 6482
1335 1668 6481
1334 1669 6480
1333 1670 6479
1332 1671 6478
1331 1672 6477
1330 1673 6476
1329 1674 6475
1328 1675 6474
1327 1676 6473
1326 1677 6472
1325 1678 6471
1324 1679 6470
1323 1680 6469
1322 1681 6468
1321 1682 6467
1320 1683 6466
1319 1684 6465
1318 1685 6464
1317 1686 6463
1316 1687 6462
1315 1688 6461
1314 1689 6460
1313 1690 6459
1312 1691 6458
1311 1692 6457
1310 1693 6456
1309 1694 6455
1308 1695 6454
1307 1696 6453
1306 1697 6452
1305 1698 6451
1304 1699 6450
1303 1700 6449
1302 1701 6448
1301 1702 6447
1300 1703 6446
1299 1704 6445
1298 1705 6444
1297 1706 6443
1296 1707 6442
1295 1708 6441
1294 1709 6440
1293 1710 6439
1292 1711 6438
1291 1712 6437
1290 1713 6436
1289 1714 6435
1288 1715 6434
1287 1716 6433
1286 1717 6432
1285 1718 6431
1284 1719 6430
1283 1720 6429
1282 1721 6428
1281 1722 6427
1280 1723 6426
1279 1724 6425
1278 1725 6424
1277 1726 6423
1276 1727 6422
1275 1728 6421
1274 1729 6420
1273 1730 6419
1272 1731 6418
1271 1732 6417
1270 1733 6416
1269 1734 6415
1268 1735 6414
1267 1736 6413
1266 1737 6412
1265 1738 6411
1264 1739 6410
1263 1740 6409
1262 1741 6408
1261 1742 6407
1260 1743 6406
1259 1744 6405
1258 1745 6404
1257 1746 6403
1256 1747 6402
1255 1748 6401
1254 1749 6400
1253 1750 6399
1252 1751 6398
1251 1752 6397
1250 1753 6396
1249 1754 6395
1248 1755 6394
1247 1756 6393
1246 1757 6392
1245 1758 6391
1244 1759 6390
1243 1760 6389
1242 1761 6388
1241 1762 6387
1240 1763 6386
1239 1764 6385
1238 1765 6384
1237 1766 6383
1236 1767 6382
1235 1768 6381
1234 1769 6380
1233 1770 6379
1232 1771 6378
1231 1772 6377
1230 1773 6376
1229 1774 6375
1228 1775 6374
1227 1776 6373
1226 1777 6372
1225 1778 6371
1224 1779 6370
1223 1780 6369
1222 1781 6368
1221 1782 6367
1220 1783 6366
1219 1784 6365
1218 1785 6364
1217 1786 6363
1216 1787 6362
1215 1788 6361
1214 1789 6360
1213 1790 6359
1212 1791 6358
1211 1792 6357
1210 1793 6356
1209 1794 6355
1208 1795 6354
1207 1796 6353
1206 1797 6352
1205 1798 6351
1204 1799 6350
1203 1800 6349
1202 1801 6348
1201 1802 6347
1200 1803 6346
1199 1804 6345
1198 1805 6344
1197 1806 6343
1196 1807 6342
1195 1808 6341
1194 1809 6340
1193 1810 6339
1192 1811 6338
1191 1812 6337
1190 1813 6336
1189 1814 6335
1188 1815 6334
1187 1816 6333
1186 1817 6332
1185 1818 6331
1184 1819 6330
1183 1820 6329
1182 1821 6328
1181 1822 6327
1180 1823 6326
1179 1824 6325
1178 1825 6324
1177 1826 6323
1176 1827 6322
1175 1828 6321
1174 1829 6320
1173 1830 6319
1172 1831 6318
1171 1832 6317
1170 1833 6316
1169 1834 6315
1168 1835 6314
1167 1836 6313
1166 1837 6312
1165 1838 6311
1164 1839 6310
1163 1840 6309
1162 1841 6308
1161 1842 6307
1160 1843 6306
1159 1844 6305
1158 1845 6304
1157 1846 6303
1156 1847 6302
1155 1848 6301
1154 1849 6300
1153 1850 6299
1152 1851 6298
1151 1852 6297
1150 1853 6296
1149 1854 6295
1148 1855 6294
1147 1856 6293
1146 1857 6292
1145 1858 6291
1144 1859 6290
1143 1860 6289
1142 1861 6288
1141 1862 6287
1140 1863 6286
1139 1864 6285
1138 1865 6284
1137 1866 6283
1136 1867 6282
1135 1868 6281
1134 1869 6280
1133 1870 6279
1132 1871 6278
1131 1872 6277
1130 1873 6276
1129 1874 6275
1128 1875 6274
1127 1876 6273
1126 1877 6272
1125 1878 6271
1124 1879 6270
1123 1880 6269
1122 1881 6268
1121 1882 6267
1120 1883 6266
1119 1884 6265
1118 1885 6264
1117 1886 6263
1116 1887 6262
1115 1888 6261
1114 1889 6260
1113 1890 6259
1112 1891 6258
1111 1892 6257
1110 1893 6256
1109 1894 6255
1108 1895 6254
1107 1896 6253
1106 1897 6252
1105 1898 6251
1104 1899 6250
1103 1900 6249
1102 1901 6248
1101 1902 6247
1100 1903 6246
1099 1904 6245
1098 1905 6244
1097 1906 6243
1096 1907 6242
1095 1908 6241
1094 1909 6240
1093 1910 6239
1092 1911 6238
1091 1912 6237
1090 1913 6236
1089 1914 6235
1088 1915 6234
1087 1916 6233
1086 1917 6232
1085 1918 6231
1084 1919 6230
1083 1920 6229
1082 1921 6228
1081 1922 6227
1080 1923 6226
1079 1924 6225
1078 1925 6224
1077 1926 6223
1076 1927 6222
1075 1928 6221
1074 1929 6220
1073 1930 6219
1072 1931 6218
1071 1932 6217
1070 1933 6216
1069 1934 6215
1068 1935 6214
1067 1936 6213
1066 1937 6212
1065 1938 6211
1064 1939 6210
1063 1940 6209
1062 1941 6208
1061 1942 6207
1060 1943 6206
1059 1944 6205
1058 1945 6204
1057 1946 6203
1056 1947 6202
1055 1948 6201
1054 1949 6200
1053 1950 6199
1052 1951 6198
1051 1952 6197
1050 1953 6196
1049 1954 6195
1048 1955 6194
1047 1956 6193
1046 1957 6192
1045 1958 6191
1044 1959 6190
1043 1960 6189
1042 1961 6188
1041 1962 6187
1040 1963 6186
1039 1964 6185
1038 1965 6184
1037 1966 6183
1036 1967 6182
1035 1968 6181
1034 1969 6180
1033 1970 6179
1032 1971 6178
1031 1972 6177
1030 1973 6176
1029 1974 6175
1028 1975 6174
1027 1976 6173
1026 1977 6172
1025 1978 6171
1024 1979 6170
1023 1980 6169
1022 1981 6168
1021 1982 6167
1020 1983 6166
1019 1984 6165
1018 1985 6164
1017 1986 6163
1016 1987 6162
1015 1988 6161
1014 1989 6160
1013 1990 6159
1012 1991 6158
1011 1992 6157
1010 1993 6156
1009 1994 6155
1008 1995 6154
1007 1996 6153
1006 1997 6152
1005 1998 6151
1004 1999 6150
1003 2000 6149
1002 2001 6148
1001 2002 6147
1000 2003 6146
999 2004 6145
998 2005 6144
997 2006 6143
996 2007 6142
995 2008 6141
994 2009 6140
993 2010 6139
992 2011 6138
991 2012 6137
990 2013 6136
989 2014 6135
988 2015 6134
987 2016 6133
986 2017 6132
985 2018 6131
984 2019 6130
983 2020 6129
982 2021 6128
981 2022 6127
980 2023 6126
979 2024 6125
978 2025 6124
977 2026 6123
976 2027 6122
975 2028 6121
974 2029 6120
973 2030 6119
972 2031 6118
971 2032 6117
970 2033 6116
969 2034 6115
968 2035 6114
967 2036 6113
966 2037 6112
965 2038 6111
964 2039 6110
963 2040 6109
962 2041 6108
961 2042 6107
960 2043 6106
959 2044 6105
958 2045 6104
957 2046 6103
956 2047 6102
955 2048 6101
954 2049 6100
953 2050 6099
952 2051 6098
951 2052 6097
950 2053 6096
949 2054 6095
948 2055 6094
947 2056 6093
946 2057 6092
945 2058 6091
944 2059 6090
943 2060 6089
942 2061 6088
941 2062 6087
940 2063 6086
939 2064 6085
938 2065 6084
937 2066 6083
936 2067 6082
935 2068 6081
934 2069 6080
933 2070 6079
932 2071 6078
931 2072 6077
930 2073 6076
929 2074 6075
928 2075 6074
927 2076 6073
926 2077 6072
925 2078 6071
924 2079 6070
923 2080 6069
922 2081 6068
921 2082 6067
920 2083 6066
919 2084 6065
918 2085 6064
917 2086 6063
916 2087 6062
915 2088 6061
914 2089 6060
913 2090 6059
912 2091 6058
911 2092 6057
910 2093 6056
909 2094 6055
908 2095 6054
907 2096 6053
906 2097 6052
905 2098 6051
904 2099 6050
903 2100 6049
902 2101 6048
901 2102 6047
900 2103 6046
899 2104 6045
898 2105 6044
897 2106 6043
896 2107 6042
895 2108 6041
894 2109 6040
893 2110 6039
892 2111 6038
891 2112 6037
890 2113 6036
889 2114 6035
888 2115 6034
887 2116 6033
886 2117 6032
885 2118 6031
884 2119 6030
883 2120 6029
882 2121 6028
881 2122 6027
880 2123 6026
879 2124 6025
878 2125 6024
877 2126 6023
876 2127 6022
875 2128 6021
874 2129 6020
873 2130 6019
872 2131 6018
871 2132 6017
870 2133 6016
869 2134 6015
868 2135 6014
867 2136 6013
866 2137 6012
865 2138 6011
864 2139 6010
863 2140 6009
862 2141 6008
861 2142 6007
860 2143 6006
859 2144 6005
858 2145 6004
857 2146 6003
856 2147 6002
855 2148 6001
