2382
3000 3 8382
2999 4 8381
2998 5 8380
2997 6 8379
2996 7 8378
2995 8 8377
2994 9 8376
2993 10 8375
2992 11 8374
2991 12 8373
2990 13 8372
2989 14 8371
2988 15 8370
2987 16 8369
2986 17 8368
2985 18 8367
2984 19 8366
2983 20 8365
2982 21 8364
2981 22 8363
2980 23 8362
2979 24 8361
2978 25 8360
2977 26 8359
2976 27 8358
2975 28 8357
2974 29 8356
2973 30 8355
2972 31 8354
2971 32 8353
2970 33 8352
2969 34 8351
2968 35 8350
2967 36 8349
2966 37 8348
2965 38 8347
2964 39 8346
2963 40 8345
2962 41 8344
2961 42 8343
2960 43 8342
2959 44 8341
2958 45 8340
2957 46 8339
2956 47 8338
2955 48 8337
2954 49 8336
2953 50 8335
2952 51 8334
2951 52 8333
2950 53 8332
2949 54 8331
2948 55 8330
2947 56 8329
2946 57 8328
2945 58 8327
2944 59 8326
2943 60 8325
2942 61 8324
2941 62 8323
2940 63 8322
2939 64 8321
2938 65 8320
2937 66 8319
2936 67 8318
2935 68 8317
2934 69 8316
2933 70 8315
2932 71 8314
2931 72 8313
2930 73 8312
2929 74 8311
2928 75 8310
2927 76 8309
2926 77 8308
2925 78 8307
2924 79 8306
2923 80 8305
2922 81 8304
2921 82 8303
2920 83 8302
2919 84 8301
2918 85 8300
2917 86 8299
2916 87 8298
2915 88 8297
2914 89 8296
2913 90 8295
2912 91 8294
2911 92 8293
2910 93 8292
2909 94 8291
2908 95 8290
2907 96 8289
2906 97 8288
2905 98 8287
2904 99 8286
2903 100 8285
2902 101 8284
2901 102 8283
2900 103 8282
2899 104 8281
2898 105 8280
2897 106 8279
2896 107 8278
2895 108 8277
2894 109 8276
2893 110 8275
2892 111 8274
2891 112 8273
2890 113 8272
2889 114 8271
2888 115 8270
2887 116 8269
2886 117 8268
2885 118 8267
2884 119 8266
2883 120 8265
2882 121 8264
2881 122 8263
2880 123 8262
2879 124 8261
2878 125 8260
2877 126 8259
2876 127 8258
2875 128 8257
2874 129 8256
2873 130 8255
2872 131 8254
2871 132 8253
2870 133 8252
2869 134 8251
2868 135 8250
2867 136 8249
2866 137 8248
2865 138 8247
2864 139 8246
2863 140 8245
2862 141 8244
2861 142 8243
2860 143 8242
2859 144 8241
2858 145 8240
2857 146 8239
2856 147 8238
2855 148 8237
2854 149 8236
2853 150 8235
2852 151 8234
2851 152 8233
2850 153 8232
2849 154 8231
2848 155 8230
2847 156 8229
2846 157 8228
2845 158 8227
2844 159 8226
2843 160 8225
2842 161 8224
2841 162 8223
2840 163 8222
2839 164 8221
2838 165 8220
2837 166 8219
2836 167 8218
2835 168 8217
2834 169 8216
2833 170 8215
2832 171 8214
2831 172 8213
2830 173 8212
2829 174 8211
2828 175 8210
2827 176 8209
2826 177 8208
2825 178 8207
2824 179 8206
2823 180 8205
2822 181 8204
2821 182 8203
2820 183 8202
2819 184 8201
2818 185 8200
2817 186 8199
2816 187 8198
2815 188 8197
2814 189 8196
2813 190 8195
2812 191 8194
2811 192 8193
2810 193 8192
2809 194 8191
2808 195 8190
2807 196 8189
2806 197 8188
2805 198 8187
2804 199 8186
2803 200 8185
2802 201 8184
2801 202 8183
2800 203 8182
2799 204 8181
2798 205 8180
2797 206 8179
2796 207 8178
2795 208 8177
2794 209 8176
2793 210 8175
2792 211 8174
2791 212 8173
2790 213 8172
2789 214 8171
2788 215 8170
2787 216 8169
2786 217 8168
2785 218 8167
2784 219 8166
2783 220 8165
2782 221 8164
2781 222 8163
2780 223 8162
2779 224 8161
2778 225 8160
2777 226 8159
2776 227 8158
2775 228 8157
2774 229 8156
2773 230 8155
2772 231 8154
2771 232 8153
2770 233 8152
2769 234 8151
2768 235 8150
2767 236 8149
2766 237 8148
2765 238 8147
2764 239 8146
2763 240 8145
2762 241 8144
2761 242 8143
2760 243 8142
2759 244 8141
2758 245 8140
2757 246 8139
2756 247 8138
2755 248 8137
2754 249 8136
2753 250 8135
2752 251 8134
2751 252 8133
2750 253 8132
2749 254 8131
2748 255 8130
2747 256 8129
2746 257 8128
2745 258 8127
2744 259 8126
2743 260 8125
2742 261 8124
2741 262 8123
2740 263 8122
2739 264 8121
2738 265 8120
2737 266 8119
2736 267 8118
2735 268 8117
2734 269 8116
2733 270 8115
2732 271 8114
2731 272 8113
2730 273 8112
2729 274 8111
2728 275 8110
2727 276 8109
2726 277 8108
2725 278 8107
2724 279 8106
2723 280 8105
2722 281 8104
2721 282 8103
2720 283 8102
2719 284 8101
2718 285 8100
2717 286 8099
2716 287 8098
2715 288 8097
2714 289 8096
2713 290 8095
2712 291 8094
2711 292 8093
2710 293 8092
2709 294 8091
2708 295 8090
2707 296 8089
2706 297 8088
2705 298 8087
2704 299 8086
2703 300 8085
2702 301 8084
2701 302 8083
2700 303 8082
2699 304 8081
2698 305 8080
2697 306 8079
2696 307 8078
2695 308 8077
2694 309 8076
2693 310 8075
2692 311 8074
2691 312 8073
2690 313 8072
2689 314 8071
2688 315 8070
2687 316 8069
2686 317 8068
2685 318 8067
2684 319 8066
2683 320 8065
2682 321 8064
2681 322 8063
2680 323 8062
2679 324 8061
2678 325 8060
2677 326 8059
2676 327 8058
2675 328 8057
2674 329 8056
2673 330 8055
2672 331 8054
2671 332 8053
2670 333 8052
2669 334 8051
2668 335 8050
2667 336 8049
2666 337 8048
2665 338 8047
2664 339 8046
2663 340 8045
2662 341 8044
2661 342 8043
2660 343 8042
2659 344 8041
2658 345 8040
2657 346 8039
2656 347 8038
2655 348 8037
2654 349 8036
2653 350 8035
2652 351 8034
2651 352 8033
2650 353 8032
2649 354 8031
2648 355 8030
2647 356 8029
2646 357 8028
2645 358 8027
2644 359 8026
2643 360 8025
2642 361 8024
2641 362 8023
2640 363 8022
2639 364 8021
2638 365 8020
2637 366 8019
2636 367 8018
2635 368 8017
2634 369 8016
2633 370 8015
2632 371 8014
2631 372 8013
2630 373 8012
2629 374 8011
2628 375 8010
2627 376 8009
2626 377 8008
2625 378 8007
2624 379 8006
2623 380 8005
2622 381 8004
2621 382 8003
2620 383 8002
2619 384 8001
2618 385 8000
2617 386 7999
2616 387 7998
2615 388 7997
2614 389 7996
2613 390 7995
2612 391 7994
2611 392 7993
2610 393 7992
2609 394 7991
2608 395 7990
2607 396 7989
2606 397 7988
2605 398 7987
2604 399 7986
2603 400 7985
2602 401 7984
2601 402 7983
2600 403 7982
2599 404 7981
2598 405 7980
2597 406 7979
2596 407 7978
2595 408 7977
2594 409 7976
2593 410 7975
2592 411 7974
2591 412 7973
2590 413 7972
2589 414 7971
2588 415 7970
2587 416 7969
2586 417 7968
2585 418 7967
2584 419 7966
2583 420 7965
2582 421 7964
2581 422 7963
2580 423 7962
2579 424 7961
2578 425 7960
2577 426 7959
2576 427 7958
2575 428 7957
2574 429 7956
2573 430 7955
2572 431 7954
2571 432 7953
2570 433 7952
2569 434 7951
2568 435 7950
2567 436 7949
2566 437 7948
2565 438 7947
2564 439 7946
2563 440 7945
2562 441 7944
2561 442 7943
2560 443 7942
2559 444 7941
2558 445 7940
2557 446 7939
2556 447 7938
2555 448 7937
2554 449 7936
2553 450 7935
2552 451 7934
2551 452 7933
2550 453 7932
2549 454 7931
2548 455 7930
2547 456 7929
2546 457 7928
2545 458 7927
2544 459 7926
2543 460 7925
2542 461 7924
2541 462 7923
2540 463 7922
2539 464 7921
2538 465 7920
2537 466 7919
2536 467 7918
2535 468 7917
2534 469 7916
2533 470 7915
2532 471 7914
2531 472 7913
2530 473 7912
2529 474 7911
2528 475 7910
2527 476 7909
2526 477 7908
2525 478 7907
2524 479 7906
2523 480 7905
2522 481 7904
2521 482 7903
2520 483 7902
2519 484 7901
2518 485 7900
2517 486 7899
2516 487 7898
2515 488 7897
2514 489 7896
2513 490 7895
2512 491 7894
2511 492 7893
2510 493 7892
2509 494 7891
2508 495 7890
2507 496 7889
2506 497 7888
2505 498 7887
2504 499 7886
2503 500 7885
2502 501 7884
2501 502 7883
2500 503 7882
2499 504 7881
2498 505 7880
2497 506 7879
2496 507 7878
2495 508 7877
2494 509 7876
2493 510 7875
2492 511 7874
2491 512 7873
2490 513 7872
2489 514 7871
2488 515 7870
2487 516 7869
2486 517 7868
2485 518 7867
2484 519 7866
2483 520 7865
2482 521 7864
2481 522 7863
2480 523 7862
2479 524 7861
2478 525 7860
2477 526 7859
2476 527 7858
2475 528 7857
2474 529 7856
2473 530 7855
2472 531 7854
2471 532 7853
2470 533 7852
2469 534 7851
2468 535 7850
2467 536 7849
2466 537 7848
2465 538 7847
2464 539 7846
2463 540 7845
2462 541 7844
2461 542 7843
2460 543 7842
2459 544 7841
2458 545 7840
2457 546 7839
2456 547 7838
2455 548 7837
2454 549 7836
2453 550 7835
2452 551 7834
2451 552 7833
2450 553 7832
2449 554 7831
2448 555 7830
2447 556 7829
2446 557 7828
2445 558 7827
2444 559 7826
2443 560 7825
2442 561 7824
2441 562 7823
2440 563 7822
2439 564 7821
2438 565 7820
2437 566 7819
2436 567 7818
2435 568 7817
2434 569 7816
2433 570 7815
2432 571 7814
2431 572 7813
2430 573 7812
2429 574 7811
2428 575 7810
2427 576 7809
2426 577 7808
2425 578 7807
2424 579 7806
2423 580 7805
2422 581 7804
2421 582 7803
2420 583 7802
2419 584 7801
2418 585 7800
2417 586 7799
2416 587 7798
2415 588 7797
2414 589 7796
2413 590 7795
2412 591 7794
2411 592 7793
2410 593 7792
2409 594 7791
2408 595 7790
2407 596 7789
2406 597 7788
2405 598 7787
2404 599 7786
2403 600 7785
2402 601 7784
2401 602 7783
2400 603 7782
2399 604 7781
2398 605 7780
2397 606 7779
2396 607 7778
2395 608 7777
2394 609 7776
2393 610 7775
2392 611 7774
2391 612 7773
2390 613 7772
2389 614 7771
2388 615 7770
2387 616 7769
2386 617 7768
2385 618 7767
2384 619 7766
2383 620 7765
2382 621 7764
2381 622 7763
2380 623 7762
2379 624 7761
2378 625 7760
2377 626 7759
2376 627 7758
2375 628 7757
2374 629 7756
2373 630 7755
2372 631 7754
2371 632 7753
2370 633 7752
2369 634 7751
2368 635 7750
2367 636 7749
2366 637 7748
2365 638 7747
2364 639 7746
2363 640 7745
2362 641 7744
2361 642 7743
2360 643 7742
2359 644 7741
2358 645 7740
2357 646 7739
2356 647 7738
2355 648 7737
2354 649 7736
2353 650 7735
2352 651 7734
2351 652 7733
2350 653 7732
2349 654 7731
2348 655 7730
2347 656 7729
2346 657 7728
2345 658 7727
2344 659 7726
2343 660 7725
2342 661 7724
2341 662 7723
2340 663 7722
2339 664 7721
2338 665 7720
2337 666 7719
2336 667 7718
2335 668 7717
2334 669 7716
2333 670 7715
2332 671 7714
2331 672 7713
2330 673 7712
2329 674 7711
2328 675 7710
2327 676 7709
2326 677 7708
2325 678 7707
2324 679 7706
2323 680 7705
2322 681 7704
2321 682 7703
2320 683 7702
2319 684 7701
2318 685 7700
2317 686 7699
2316 687 7698
2315 688 7697
2314 689 7696
2313 690 7695
2312 691 7694
2311 692 7693
2310 693 7692
2309 694 7691
2308 695 7690
2307 696 7689
2306 697 7688
2305 698 7687
2304 699 7686
2303 700 7685
2302 701 7684
2301 702 7683
2300 703 7682
2299 704 7681
2298 705 7680
2297 706 7679
2296 707 7678
2295 708 7677
2294 709 7676
2293 710 7675
2292 711 7674
2291 712 7673
2290 713 7672
2289 714 7671
2288 715 7670
2287 716 7669
2286 717 7668
2285 718 7667
2284 719 7666
2283 720 7665
2282 721 7664
2281 722 7663
2280 723 7662
2279 724 7661
2278 725 7660
2277 726 7659
2276 727 7658
2275 728 7657
2274 729 7656
2273 730 7655
2272 731 7654
2271 732 7653
2270 733 7652
2269 734 7651
2268 735 7650
2267 736 7649
2266 737 7648
2265 738 7647
2264 739 7646
2263 740 7645
2262 741 7644
2261 742 7643
2260 743 7642
2259 744 7641
2258 745 7640
2257 746 7639
2256 747 7638
2255 748 7637
2254 749 7636
2253 750 7635
2252 751 7634
2251 752 7633
2250 753 7632
2249 754 7631
2248 755 7630
2247 756 7629
2246 757 7628
2245 758 7627
2244 759 7626
2243 760 7625
2242 761 7624
2241 762 7623
2240 763 7622
2239 764 7621
2238 765 7620
2237 766 7619
2236 767 7618
2235 768 7617
2234 769 7616
2233 770 7615
2232 771 7614
2231 772 7613
2230 773 7612
2229 774 7611
2228 775 7610
2227 776 7609
2226 777 7608
2225 778 7607
2224 779 7606
2223 780 7605
2222 781 7604
2221 782 7603
2220 783 7602
2219 784 7601
2218 785 7600
2217 786 7599
2216 787 7598
2215 788 7597
2214 789 7596
2213 790 7595
2212 791 7594
2211 792 7593
2210 793 7592
2209 794 7591
2208 795 7590
2207 796 7589
2206 797 7588
2205 798 7587
2204 799 7586
2203 800 7585
2202 801 7584
2201 802 7583
2200 803 7582
2199 804 7581
2198 805 7580
2197 806 7579
2196 807 7578
2195 808 7577
2194 809 7576
2193 810 7575
2192 811 7574
2191 812 7573
2190 813 7572
2189 814 7571
2188 815 7570
2187 816 7569
2186 817 7568
2185 818 7567
2184 819 7566
2183 820 7565
2182 821 7564
2181 822 7563
2180 823 7562
2179 824 7561
2178 825 7560
2177 826 7559
2176 827 7558
2175 828 7557
2174 829 7556
2173 830 7555
2172 831 7554
2171 832 7553
2170 833 7552
2169 834 7551
2168 835 7550
2167 836 7549
2166 837 7548
2165 838 7547
2164 839 7546
2163 840 7545
2162 841 7544
2161 842 7543
2160 843 7542
2159 844 7541
2158 845 7540
2157 846 7539
2156 847 7538
2155 848 7537
2154 849 7536
2153 850 7535
2152 851 7534
2151 852 7533
2150 853 7532
2149 854 7531
2148 855 7530
2147 856 7529
2146 857 7528
2145 858 7527
2144 859 7526
2143 860 7525
2142 861 7524
2141 862 7523
2140 863 7522
2139 864 7521
2138 865 7520
2137 866 7519
2136 867 7518
2135 868 7517
2134 869 7516
2133 870 7515
2132 871 7514
2131 872 7513
2130 873 7512
2129 874 7511
2128 875 7510
2127 876 7509
2126 877 7508
2125 878 7507
2124 879 7506
2123 880 7505
2122 881 7504
2121 882 7503
2120 883 7502
2119 884 7501
2118 885 7500
2117 886 7499
2116 887 7498
2115 888 7497
2114 889 7496
2113 890 7495
2112 891 7494
2111 892 7493
2110 893 7492
2109 894 7491
2108 895 7490
2107 896 7489
2106 897 7488
2105 898 7487
2104 899 7486
2103 900 7485
2102 901 7484
2101 902 7483
2100 903 7482
2099 904 7481
2098 905 7480
2097 906 7479
2096 907 7478
2095 908 7477
2094 909 7476
2093 910 7475
2092 911 7474
2091 912 7473
2090 913 7472
2089 914 7471
2088 915 7470
2087 916 7469
2086 917 7468
2085 918 7467
2084 919 7466
2083 920 7465
2082 921 7464
2081 922 7463
2080 923 7462
2079 924 7461
2078 925 7460
2077 926 7459
2076 927 7458
2075 928 7457
2074 929 7456
2073 930 7455
2072 931 7454
2071 932 7453
2070 933 7452
2069 934 7451
2068 935 7450
2067 936 7449
2066 937 7448
2065 938 7447
2064 939 7446
2063 940 7445
2062 941 7444
2061 942 7443
2060 943 7442
2059 944 7441
2058 945 7440
2057 946 7439
2056 947 7438
2055 948 7437
2054 949 7436
2053 950 7435
2052 951 7434
2051 952 7433
2050 953 7432
2049 954 7431
2048 955 7430
2047 956 7429
2046 957 7428
2045 958 7427
2044 959 7426
2043 960 7425
2042 961 7424
2041 962 7423
2040 963 7422
2039 964 7421
2038 965 7420
2037 966 7419
2036 967 7418
2035 968 7417
2034 969 7416
2033 970 7415
2032 971 7414
2031 972 7413
2030 973 7412
2029 974 7411
2028 975 7410
2027 976 7409
2026 977 7408
2025 978 7407
2024 979 7406
2023 980 7405
2022 981 7404
2021 982 7403
2020 983 7402
2019 984 7401
2018 985 7400
2017 986 7399
2016 987 7398
2015 988 7397
2014 989 7396
2013 990 7395
2012 991 7394
2011 992 7393
2010 993 7392
2009 994 7391
2008 995 7390
2007 996 7389
2006 997 7388
2005 998 7387
2004 999 7386
2003 1000 7385
2002 1001 7384
2001 1002 7383
2000 1003 7382
1999 1004 7381
1998 1005 7380
1997 1006 7379
1996 1007 7378
1995 1008 7377
1994 1009 7376
1993 1010 7375
1992 1011 7374
1991 1012 7373
1990 1013 7372
1989 1014 7371
1988 1015 7370
1987 1016 7369
1986 1017 7368
1985 1018 7367
1984 1019 7366
1983 1020 7365
1982 1021 7364
1981 1022 7363
1980 1023 7362
1979 1024 7361
1978 1025 7360
1977 1026 7359
1976 1027 7358
1975 1028 7357
1974 1029 7356
1973 1030 7355
1972 1031 7354
1971 1032 7353
1970 1033 7352
1969 1034 7351
1968 1035 7350
1967 1036 7349
1966 1037 7348
1965 1038 7347
1964 1039 7346
1963 1040 7345
1962 1041 7344
1961 1042 7343
1960 1043 7342
1959 1044 7341
1958 1045 7340
1957 1046 7339
1956 1047 7338
1955 1048 7337
1954 1049 7336
1953 1050 7335
1952 1051 7334
1951 1052 7333
1950 1053 7332
1949 1054 7331
1948 1055 7330
1947 1056 7329
1946 1057 7328
1945 1058 7327
1944 1059 7326
1943 1060 7325
1942 1061 7324
1941 1062 7323
1940 1063 7322
1939 1064 7321
1938 1065 7320
1937 1066 7319
1936 1067 7318
1935 1068 7317
1934 1069 7316
1933 1070 7315
1932 1071 7314
1931 1072 7313
1930 1073 7312
1929 1074 7311
1928 1075 7310
1927 1076 7309
1926 1077 7308
1925 1078 7307
1924 1079 7306
1923 1080 7305
1922 1081 7304
1921 1082 7303
1920 1083 7302
1919 1084 7301
1918 1085 7300
1917 1086 7299
1916 1087 7298
1915 1088 7297
1914 1089 7296
1913 1090 7295
1912 1091 7294
1911 1092 7293
1910 1093 7292
1909 1094 7291
1908 1095 7290
1907 1096 7289
1906 1097 7288
1905 1098 7287
1904 1099 7286
1903 1100 7285
1902 1101 7284
1901 1102 7283
1900 1103 7282
1899 1104 7281
1898 1105 7280
1897 1106 7279
1896 1107 7278
1895 1108 7277
1894 1109 7276
1893 1110 7275
1892 1111 7274
1891 1112 7273
1890 1113 7272
1889 1114 7271
1888 1115 7270
1887 1116 7269
1886 1117 7268
1885 1118 7267
1884 1119 7266
1883 1120 7265
1882 1121 7264
1881 1122 7263
1880 1123 7262
1879 1124 7261
1878 1125 7260
1877 1126 7259
1876 1127 7258
1875 1128 7257
1874 1129 7256
1873 1130 7255
1872 1131 7254
1871 1132 7253
1870 1133 7252
1869 1134 7251
1868 1135 7250
1867 1136 7249
1866 1137 7248
1865 1138 7247
1864 1139 7246
1863 1140 7245
1862 1141 7244
1861 1142 7243
1860 1143 7242
1859 1144 7241
1858 1145 7240
1857 1146 7239
1856 1147 7238
1855 1148 7237
1854 1149 7236
1853 1150 7235
1852 1151 7234
1851 1152 7233
1850 1153 7232
1849 1154 7231
1848 1155 7230
1847 1156 7229
1846 1157 7228
1845 1158 7227
1844 1159 7226
1843 1160 7225
1842 1161 7224
1841 1162 7223
1840 1163 7222
1839 1164 7221
1838 1165 7220
1837 1166 7219
1836 1167 7218
1835 1168 7217
1834 1169 7216
1833 1170 7215
1832 1171 7214
1831 1172 7213
1830 1173 7212
1829 1174 7211
1828 1175 7210
1827 1176 7209
1826 1177 7208
1825 1178 7207
1824 1179 7206
1823 1180 7205
1822 1181 7204
1821 1182 7203
1820 1183 7202
1819 1184 7201
1818 1185 7200
1817 1186 7199
1816 1187 7198
1815 1188 7197
1814 1189 7196
1813 1190 7195
1812 1191 7194
1811 1192 7193
1810 1193 7192
1809 1194 7191
1808 1195 7190
1807 1196 7189
1806 1197 7188
1805 1198 7187
1804 1199 7186
1803 1200 7185
1802 1201 7184
1801 1202 7183
1800 1203 7182
1799 1204 7181
1798 1205 7180
1797 1206 7179
1796 1207 7178
1795 1208 7177
1794 1209 7176
1793 1210 7175
1792 1211 7174
1791 1212 7173
1790 1213 7172
1789 1214 7171
1788 1215 7170
1787 1216 7169
1786 1217 7168
1785 1218 7167
1784 1219 7166
1783 1220 7165
1782 1221 7164
1781 1222 7163
1780 1223 7162
1779 1224 7161
1778 1225 7160
1777 1226 7159
1776 1227 7158
1775 1228 7157
1774 1229 7156
1773 1230 7155
1772 1231 7154
1771 1232 7153
1770 1233 7152
1769 1234 7151
1768 1235 7150
1767 1236 7149
1766 1237 7148
1765 1238 7147
1764 1239 7146
1763 1240 7145
1762 1241 7144
1761 1242 7143
1760 1243 7142
1759 1244 7141
1758 1245 7140
1757 1246 7139
1756 1247 7138
1755 1248 7137
1754 1249 7136
1753 1250 7135
1752 1251 7134
1751 1252 7133
1750 1253 7132
1749 1254 7131
1748 1255 7130
1747 1256 7129
1746 1257 7128
1745 1258 7127
1744 1259 7126
1743 1260 7125
1742 1261 7124
1741 1262 7123
1740 1263 7122
1739 1264 7121
1738 1265 7120
1737 1266 7119
1736 1267 7118
1735 1268 7117
1734 1269 7116
1733 1270 7115
1732 1271 7114
1731 1272 7113
1730 1273 7112
1729 1274 7111
1728 1275 7110
1727 1276 7109
1726 1277 7108
1725 1278 7107
1724 1279 7106
1723 1280 7105
1722 1281 7104
1721 1282 7103
1720 1283 7102
1719 1284 7101
1718 1285 7100
1717 1286 7099
1716 1287 7098
1715 1288 7097
1714 1289 7096
1713 1290 7095
1712 1291 7094
1711 1292 7093
1710 1293 7092
1709 1294 7091
1708 1295 7090
1707 1296 7089
1706 1297 7088
1705 1298 7087
1704 1299 7086
1703 1300 7085
1702 1301 7084
1701 1302 7083
1700 1303 7082
1699 1304 7081
1698 1305 7080
1697 1306 7079
1696 1307 7078
1695 1308 7077
1694 1309 7076
1693 1310 7075
1692 1311 7074
1691 1312 7073
1690 1313 7072
1689 1314 7071
1688 1315 7070
1687 1316 7069
1686 1317 7068
1685 1318 7067
1684 1319 7066
1683 1320 7065
1682 1321 7064
1681 1322 7063
1680 1323 7062
1679 1324 7061
1678 1325 7060
1677 1326 7059
1676 1327 7058
1675 1328 7057
1674 1329 7056
1673 1330 7055
1672 1331 7054
1671 1332 7053
1670 1333 7052
1669 1334 7051
1668 1335 7050
1667 1336 7049
1666 1337 7048
1665 1338 7047
1664 1339 7046
1663 1340 7045
1662 1341 7044
1661 1342 7043
1660 1343 7042
1659 1344 7041
1658 1345 7040
1657 1346 7039
1656 1347 7038
1655 1348 7037
1654 1349 7036
1653 1350 7035
1652 1351 7034
1651 1352 7033
1650 1353 7032
1649 1354 7031
1648 1355 7030
1647 1356 7029
1646 1357 7028
1645 1358 7027
1644 1359 7026
1643 1360 7025
1642 1361 7024
1641 1362 7023
1640 1363 7022
1639 1364 7021
1638 1365 7020
1637 1366 7019
1636 1367 7018
1635 1368 7017
1634 1369 7016
1633 1370 7015
1632 1371 7014
1631 1372 7013
1630 1373 7012
1629 1374 7011
1628 1375 7010
1627 1376 7009
1626 1377 7008
1625 1378 7007
1624 1379 7006
1623 1380 7005
1622 1381 7004
1621 1382 7003
1620 1383 7002
1619 1384 7001
1618 1385 7000
1617 1386 6999
1616 1387 6998
1615 1388 6997
1614 1389 6996
1613 1390 6995
1612 1391 6994
1611 1392 6993
1610 1393 6992
1609 1394 6991
1608 1395 6990
1607 1396 6989
1606 1397 6988
1605 1398 6987
1604 1399 6986
1603 1400 6985
1602 1401 6984
1601 1402 6983
1600 1403 6982
1599 1404 6981
1598 1405 6980
1597 1406 6979
1596 1407 6978
1595 1408 6977
1594 1409 6976
1593 1410 6975
1592 1411 6974
1591 1412 6973
1590 1413 6972
1589 1414 6971
1588 1415 6970
1587 1416 6969
1586 1417 6968
1585 1418 6967
1584 1419 6966
1583 1420 6965
1582 1421 6964
1581 1422 6963
1580 1423 6962
1579 1424 6961
1578 1425 6960
1577 1426 6959
1576 1427 6958
1575 1428 6957
1574 1429 6956
1573 1430 6955
1572 1431 6954
1571 1432 6953
1570 1433 6952
1569 1434 6951
1568 1435 6950
1567 1436 6949
1566 1437 6948
1565 1438 6947
1564 1439 6946
1563 1440 6945
1562 1441 6944
1561 1442 6943
1560 1443 6942
1559 1444 6941
1558 1445 6940
1557 1446 6939
1556 1447 6938
1555 1448 6937
1554 1449 6936
1553 1450 6935
1552 1451 6934
1551 1452 6933
1550 1453 6932
1549 1454 6931
1548 1455 6930
1547 1456 6929
1546 1457 6928
1545 1458 6927
1544 1459 6926
1543 1460 6925
1542 1461 6924
1541 1462 6923
1540 1463 6922
1539 1464 6921
1538 1465 6920
1537 1466 6919
1536 1467 6918
1535 1468 6917
1534 1469 6916
1533 1470 6915
1532 1471 6914
1531 1472 6913
1530 1473 6912
1529 1474 6911
1528 1475 6910
1527 1476 6909
1526 1477 6908
1525 1478 6907
1524 1479 6906
1523 1480 6905
1522 1481 6904
1521 1482 6903
1520 1483 6902
1519 1484 6901
1518 1485 6900
1517 1486 6899
1516 1487 6898
1515 1488 6897
1514 1489 6896
1513 1490 6895
1512 1491 6894
1511 1492 6893
1510 1493 6892
1509 1494 6891
1508 1495 6890
1507 1496 6889
1506 1497 6888
1505 1498 6887
1504 1499 6886
1503 1500 6885
1502 1501 6884
1501 1502 6883
1500 1503 6882
1499 1504 6881
1498 1505 6880
1497 1506 6879
1496 1507 6878
1495 1508 6877
1494 1509 6876
1493 1510 6875
1492 1511 6874
1491 1512 6873
1490 1513 6872
1489 1514 6871
1488 1515 6870
1487 1516 6869
1486 1517 6868
1485 1518 6867
1484 1519 6866
1483 1520 6865
1482 1521 6864
1481 1522 6863
1480 1523 6862
1479 1524 6861
1478 1525 6860
1477 1526 6859
1476 1527 6858
1475 1528 6857
1474 1529 6856
1473 1530 6855
1472 1531 6854
1471 1532 6853
1470 1533 6852
1469 1534 6851
1468 1535 6850
1467 1536 6849
1466 1537 6848
1465 1538 6847
1464 1539 6846
1463 1540 6845
1462 1541 6844
1461 1542 6843
1460 1543 6842
1459 1544 6841
1458 1545 6840
1457 1546 6839
1456 1547 6838
1455 1548 6837
1454 1549 6836
1453 1550 6835
1452 1551 6834
1451 1552 6833
1450 1553 6832
1449 1554 6831
1448 1555 6830
1447 1556 6829
1446 1557 6828
1445 1558 6827
1444 1559 6826
1443 1560 6825
1442 1561 6824
1441 1562 6823
1440 1563 6822
1439 1564 6821
1438 1565 6820
1437 1566 6819
1436 1567 6818
1435 1568 6817
1434 1569 6816
1433 1570 6815
1432 1571 6814
1431 1572 6813
1430 1573 6812
1429 1574 6811
1428 1575 6810
1427 1576 6809
1426 1577 6808
1425 1578 6807
1424 1579 6806
1423 1580 6805
1422 1581 6804
1421 1582 6803
1420 1583 6802
1419 1584 6801
1418 1585 6800
1417 1586 6799
1416 1587 6798
1415 1588 6797
1414 1589 6796
1413 1590 6795
1412 1591 6794
1411 1592 6793
1410 1593 6792
1409 1594 6791
1408 1595 6790
1407 1596 6789
1406 1597 6788
1405 1598 6787
1404 1599 6786
1403 1600 6785
1402 1601 6784
1401 1602 6783
1400 1603 6782
1399 1604 6781
1398 1605 6780
1397 1606 6779
1396 1607 6778
1395 1608 6777
1394 1609 6776
1393 1610 6775
1392 1611 6774
1391 1612 6773
1390 1613 6772
1389 1614 6771
1388 1615 6770
1387 1616 6769
1386 1617 6768
1385 1618 6767
1384 1619 6766
1383 1620 6765
1382 1621 6764
1381 1622 6763
1380 1623 6762
1379 1624 6761
1378 1625 6760
1377 1626 6759
1376 1627 6758
1375 1628 6757
1374 1629 6756
1373 1630 6755
1372 1631 6754
1371 1632 6753
1370 1633 6752
1369 1634 6751
1368 1635 6750
1367 1636 6749
1366 1637 6748
1365 1638 6747
1364 1639 6746
1363 1640 6745
1362 1641 6744
1361 1642 6743
1360 1643 6742
1359 1644 6741
1358 1645 6740
1357 1646 6739
1356 1647 6738
1355 1648 6737
1354 1649 6736
1353 1650 6735
1352 1651 6734
1351 1652 6733
1350 1653 6732
1349 1654 6731
1348 1655 6730
1347 1656 6729
1346 1657 6728
1345 1658 6727
1344 1659 6726
1343 1660 6725
1342 1661 6724
1341 1662 6723
1340 1663 6722
1339 1664 6721
1338 1665 6720
1337 1666 6719
1336 1667 6718
1335 1668 6717
1334 1669 6716
1333 1670 6715
1332 1671 6714
1331 1672 6713
1330 1673 6712
1329 1674 6711
1328 1675 6710
1327 1676 6709
1326 1677 6708
1325 1678 6707
1324 1679 6706
1323 1680 6705
1322 1681 6704
1321 1682 6703
1320 1683 6702
1319 1684 6701
1318 1685 6700
1317 1686 6699
1316 1687 6698
1315 1688 6697
1314 1689 6696
1313 1690 6695
1312 1691 6694
1311 1692 6693
1310 1693 6692
1309 1694 6691
1308 1695 6690
1307 1696 6689
1306 1697 6688
1305 1698 6687
1304 1699 6686
1303 1700 6685
1302 1701 6684
1301 1702 6683
1300 1703 6682
1299 1704 6681
1298 1705 6680
1297 1706 6679
1296 1707 6678
1295 1708 6677
1294 1709 6676
1293 1710 6675
1292 1711 6674
1291 1712 6673
1290 1713 6672
1289 1714 6671
1288 1715 6670
1287 1716 6669
1286 1717 6668
1285 1718 6667
1284 1719 6666
1283 1720 6665
1282 1721 6664
1281 1722 6663
1280 1723 6662
1279 1724 6661
1278 1725 6660
1277 1726 6659
1276 1727 6658
1275 1728 6657
1274 1729 6656
1273 1730 6655
1272 1731 6654
1271 1732 6653
1270 1733 6652
1269 1734 6651
1268 1735 6650
1267 1736 6649
1266 1737 6648
1265 1738 6647
1264 1739 6646
1263 1740 6645
1262 1741 6644
1261 1742 6643
1260 1743 6642
1259 1744 6641
1258 1745 6640
1257 1746 6639
1256 1747 6638
1255 1748 6637
1254 1749 6636
1253 1750 6635
1252 1751 6634
1251 1752 6633
1250 1753 6632
1249 1754 6631
1248 1755 6630
1247 1756 6629
1246 1757 6628
1245 1758 6627
1244 1759 6626
1243 1760 6625
1242 1761 6624
1241 1762 6623
1240 1763 6622
1239 1764 6621
1238 1765 6620
1237 1766 6619
1236 1767 6618
1235 1768 6617
1234 1769 6616
1233 1770 6615
1232 1771 6614
1231 1772 6613
1230 1773 6612
1229 1774 6611
1228 1775 6610
1227 1776 6609
1226 1777 6608
1225 1778 6607
1224 1779 6606
1223 1780 6605
1222 1781 6604
1221 1782 6603
1220 1783 6602
1219 1784 6601
1218 1785 6600
1217 1786 6599
1216 1787 6598
1215 1788 6597
1214 1789 6596
1213 1790 6595
1212 1791 6594
1211 1792 6593
1210 1793 6592
1209 1794 6591
1208 1795 6590
1207 1796 6589
1206 1797 6588
1205 1798 6587
1204 1799 6586
1203 1800 6585
1202 1801 6584
1201 1802 6583
1200 1803 6582
1199 1804 6581
1198 1805 6580
1197 1806 6579
1196 1807 6578
1195 1808 6577
1194 1809 6576
1193 1810 6575
1192 1811 6574
1191 1812 6573
1190 1813 6572
1189 1814 6571
1188 1815 6570
1187 1816 6569
1186 1817 6568
1185 1818 6567
1184 1819 6566
1183 1820 6565
1182 1821 6564
1181 1822 6563
1180 1823 6562
1179 1824 6561
1178 1825 6560
1177 1826 6559
1176 1827 6558
1175 1828 6557
1174 1829 6556
1173 1830 6555
1172 1831 6554
1171 1832 6553
1170 1833 6552
1169 1834 6551
1168 1835 6550
1167 1836 6549
1166 1837 6548
1165 1838 6547
1164 1839 6546
1163 1840 6545
1162 1841 6544
1161 1842 6543
1160 1843 6542
1159 1844 6541
1158 1845 6540
1157 1846 6539
1156 1847 6538
1155 1848 6537
1154 1849 6536
1153 1850 6535
1152 1851 6534
1151 1852 6533
1150 1853 6532
1149 1854 6531
1148 1855 6530
1147 1856 6529
1146 1857 6528
1145 1858 6527
1144 1859 6526
1143 1860 6525
1142 1861 6524
1141 1862 6523
1140 1863 6522
1139 1864 6521
1138 1865 6520
1137 1866 6519
1136 1867 6518
1135 1868 6517
1134 1869 6516
1133 1870 6515
1132 1871 6514
1131 1872 6513
1130 1873 6512
1129 1874 6511
1128 1875 6510
1127 1876 6509
1126 1877 6508
1125 1878 6507
1124 1879 6506
1123 1880 6505
1122 1881 6504
1121 1882 6503
1120 1883 6502
1119 1884 6501
1118 1885 6500
1117 1886 6499
1116 1887 6498
1115 1888 6497
1114 1889 6496
1113 1890 6495
1112 1891 6494
1111 1892 6493
1110 1893 6492
1109 1894 6491
1108 1895 6490
1107 1896 6489
1106 1897 6488
1105 1898 6487
1104 1899 6486
1103 1900 6485
1102 1901 6484
1101 1902 6483
1100 1903 6482
1099 1904 6481
1098 1905 6480
1097 1906 6479
1096 1907 6478
1095 1908 6477
1094 1909 6476
1093 1910 6475
1092 1911 6474
1091 1912 6473
1090 1913 6472
1089 1914 6471
1088 1915 6470
1087 1916 6469
1086 1917 6468
1085 1918 6467
1084 1919 6466
1083 1920 6465
1082 1921 6464
1081 1922 6463
1080 1923 6462
1079 1924 6461
1078 1925 6460
1077 1926 6459
1076 1927 6458
1075 1928 6457
1074 1929 6456
1073 1930 6455
1072 1931 6454
1071 1932 6453
1070 1933 6452
1069 1934 6451
1068 1935 6450
1067 1936 6449
1066 1937 6448
1065 1938 6447
1064 1939 6446
1063 1940 6445
1062 1941 6444
1061 1942 6443
1060 1943 6442
1059 1944 6441
1058 1945 6440
1057 1946 6439
1056 1947 6438
1055 1948 6437
1054 1949 6436
1053 1950 6435
1052 1951 6434
1051 1952 6433
1050 1953 6432
1049 1954 6431
1048 1955 6430
1047 1956 6429
1046 1957 6428
1045 1958 6427
1044 1959 6426
1043 1960 6425
1042 1961 6424
1041 1962 6423
1040 1963 6422
1039 1964 6421
1038 1965 6420
1037 1966 6419
1036 1967 6418
1035 1968 6417
1034 1969 6416
1033 1970 6415
1032 1971 6414
1031 1972 6413
1030 1973 6412
1029 1974 6411
1028 1975 6410
1027 1976 6409
1026 1977 6408
1025 1978 6407
1024 1979 6406
1023 1980 6405
1022 1981 6404
1021 1982 6403
1020 1983 6402
1019 1984 6401
1018 1985 6400
1017 1986 6399
1016 1987 6398
1015 1988 6397
1014 1989 6396
1013 1990 6395
1012 1991 6394
1011 1992 6393
1010 1993 6392
1009 1994 6391
1008 1995 6390
1007 1996 6389
1006 1997 6388
1005 1998 6387
1004 1999 6386
1003 2000 6385
1002 2001 6384
1001 2002 6383
1000 2003 6382
999 2004 6381
998 2005 6380
997 2006 6379
996 2007 6378
995 2008 6377
994 2009 6376
993 2010 6375
992 2011 6374
991 2012 6373
990 2013 6372
989 2014 6371
988 2015 6370
987 2016 6369
986 2017 6368
985 2018 6367
984 2019 6366
983 2020 6365
982 2021 6364
981 2022 6363
980 2023 6362
979 2024 6361
978 2025 6360
977 2026 6359
976 2027 6358
975 2028 6357
974 2029 6356
973 2030 6355
972 2031 6354
971 2032 6353
970 2033 6352
969 2034 6351
968 2035 6350
967 2036 6349
966 2037 6348
965 2038 6347
964 2039 6346
963 2040 6345
962 2041 6344
961 2042 6343
960 2043 6342
959 2044 6341
958 2045 6340
957 2046 6339
956 2047 6338
955 2048 6337
954 2049 6336
953 2050 6335
952 2051 6334
951 2052 6333
950 2053 6332
949 2054 6331
948 2055 6330
947 2056 6329
946 2057 6328
945 2058 6327
944 2059 6326
943 2060 6325
942 2061 6324
941 2062 6323
940 2063 6322
939 2064 6321
938 2065 6320
937 2066 6319
936 2067 6318
935 2068 6317
934 2069 6316
933 2070 6315
932 2071 6314
931 2072 6313
930 2073 6312
929 2074 6311
928 2075 6310
927 2076 6309
926 2077 6308
925 2078 6307
924 2079 6306
923 2080 6305
922 2081 6304
921 2082 6303
920 2083 6302
919 2084 6301
918 2085 6300
917 2086 6299
916 2087 6298
915 2088 6297
914 2089 6296
913 2090 6295
912 2091 6294
911 2092 6293
910 2093 6292
909 2094 6291
908 2095 6290
907 2096 6289
906 2097 6288
905 2098 6287
904 2099 6286
903 2100 6285
902 2101 6284
901 2102 6283
900 2103 6282
899 2104 6281
898 2105 6280
897 2106 6279
896 2107 6278
895 2108 6277
894 2109 6276
893 2110 6275
892 2111 6274
891 2112 6273
890 2113 6272
889 2114 6271
888 2115 6270
887 2116 6269
886 2117 6268
885 2118 6267
884 2119 6266
883 2120 6265
882 2121 6264
881 2122 6263
880 2123 6262
879 2124 6261
878 2125 6260
877 2126 6259
876 2127 6258
875 2128 6257
874 2129 6256
873 2130 6255
872 2131 6254
871 2132 6253
870 2133 6252
869 2134 6251
868 2135 6250
867 2136 6249
866 2137 6248
865 2138 6247
864 2139 6246
863 2140 6245
862 2141 6244
861 2142 6243
860 2143 6242
859 2144 6241
858 2145 6240
857 2146 6239
856 2147 6238
855 2148 6237
854 2149 6236
853 2150 6235
852 2151 6234
851 2152 6233
850 2153 6232
849 2154 6231
848 2155 6230
847 2156 6229
846 2157 6228
845 2158 6227
844 2159 6226
843 2160 6225
842 2161 6224
841 2162 6223
840 2163 6222
839 2164 6221
838 2165 6220
837 2166 6219
836 2167 6218
835 2168 6217
834 2169 6216
833 2170 6215
832 2171 6214
831 2172 6213
830 2173 6212
829 2174 6211
828 2175 6210
827 2176 6209
826 2177 6208
825 2178 6207
824 2179 6206
823 2180 6205
822 2181 6204
821 2182 6203
820 2183 6202
819 2184 6201
818 2185 6200
817 2186 6199
816 2187 6198
815 2188 6197
814 2189 6196
813 2190 6195
812 2191 6194
811 2192 6193
810 2193 6192
809 2194 6191
808 2195 6190
807 2196 6189
806 2197 6188
805 2198 6187
804 2199 6186
803 2200 6185
802 2201 6184
801 2202 6183
800 2203 6182
799 2204 6181
798 2205 6180
797 2206 6179
796 2207 6178
795 2208 6177
794 2209 6176
793 2210 6175
792 2211 6174
791 2212 6173
790 2213 6172
789 2214 6171
788 2215 6170
787 2216 6169
786 2217 6168
785 2218 6167
784 2219 6166
783 2220 6165
782 2221 6164
781 2222 6163
780 2223 6162
779 2224 6161
778 2225 6160
777 2226 6159
776 2227 6158
775 2228 6157
774 2229 6156
773 2230 6155
772 2231 6154
771 2232 6153
770 2233 6152
769 2234 6151
768 2235 6150
767 2236 6149
766 2237 6148
765 2238 6147
764 2239 6146
763 2240 6145
762 2241 6144
761 2242 6143
760 2243 6142
759 2244 6141
758 2245 6140
757 2246 6139
756 2247 6138
755 2248 6137
754 2249 6136
753 2250 6135
752 2251 6134
751 2252 6133
750 2253 6132
749 2254 6131
748 2255 6130
747 2256 6129
746 2257 6128
745 2258 6127
744 2259 6126
743 2260 6125
742 2261 6124
741 2262 6123
740 2263 6122
739 2264 6121
738 2265 6120
737 2266 6119
736 2267 6118
735 2268 6117
734 2269 6116
733 2270 6115
732 2271 6114
731 2272 6113
730 2273 6112
729 2274 6111
728 2275 6110
727 2276 6109
726 2277 6108
725 2278 6107
724 2279 6106
723 2280 6105
722 2281 6104
721 2282 6103
720 2283 6102
719 2284 6101
718 2285 6100
717 2286 6099
716 2287 6098
715 2288 6097
714 2289 6096
713 2290 6095
712 2291 6094
711 2292 6093
710 2293 6092
709 2294 6091
708 2295 6090
707 2296 6089
706 2297 6088
705 2298 6087
704 2299 6086
703 2300 6085
702 2301 6084
701 2302 6083
700 2303 6082
699 2304 6081
698 2305 6080
697 2306 6079
696 2307 6078
695 2308 6077
694 2309 6076
693 2310 6075
692 2311 6074
691 2312 6073
690 2313 6072
689 2314 6071
688 2315 6070
687 2316 6069
686 2317 6068
685 2318 6067
684 2319 6066
683 2320 6065
682 2321 6064
681 2322 6063
680 2323 6062
679 2324 6061
678 2325 6060
677 2326 6059
676 2327 6058
675 2328 6057
674 2329 6056
673 2330 6055
672 2331 6054
671 2332 6053
670 2333 6052
669 2334 6051
668 2335 6050
667 2336 6049
666 2337 6048
665 2338 6047
664 2339 6046
663 2340 6045
662 2341 6044
661 2342 6043
660 2343 6042
659 2344 6041
658 2345 6040
657 2346 6039
656 2347 6038
655 2348 6037
654 2349 6036
653 2350 6035
652 2351 6034
651 2352 6033
650 2353 6032
649 2354 6031
648 2355 6030
647 2356 6029
646 2357 6028
645 2358 6027
644 2359 6026
643 2360 6025
642 2361 6024
641 2362 6023
640 2363 6022
639 2364 6021
638 2365 6020
637 2366 6019
636 2367 6018
635 2368 6017
634 2369 6016
633 2370 6015
632 2371 6014
631 2372 6013
630 2373 6012
629 2374 6011
628 2375 6010
627 2376 6009
626 2377 6008
625 2378 6007
624 2379 6006
623 2380 6005
622 2381 6004
621 2382 6003
620 2383 6002
619 2384 6001
