2821
3000 3 8821
2999 4 8820
2998 5 8819
2997 6 8818
2996 7 8817
2995 8 8816
2994 9 8815
2993 10 8814
2992 11 8813
2991 12 8812
2990 13 8811
2989 14 8810
2988 15 8809
2987 16 8808
2986 17 8807
2985 18 8806
2984 19 8805
2983 20 8804
2982 21 8803
2981 22 8802
2980 23 8801
2979 24 8800
2978 25 8799
2977 26 8798
2976 27 8797
2975 28 8796
2974 29 8795
2973 30 8794
2972 31 8793
2971 32 8792
2970 33 8791
2969 34 8790
2968 35 8789
2967 36 8788
2966 37 8787
2965 38 8786
2964 39 8785
2963 40 8784
2962 41 8783
2961 42 8782
2960 43 8781
2959 44 8780
2958 45 8779
2957 46 8778
2956 47 8777
2955 48 8776
2954 49 8775
2953 50 8774
2952 51 8773
2951 52 8772
2950 53 8771
2949 54 8770
2948 55 8769
2947 56 8768
2946 57 8767
2945 58 8766
2944 59 8765
2943 60 8764
2942 61 8763
2941 62 8762
2940 63 8761
2939 64 8760
2938 65 8759
2937 66 8758
2936 67 8757
2935 68 8756
2934 69 8755
2933 70 8754
2932 71 8753
2931 72 8752
2930 73 8751
2929 74 8750
2928 75 8749
2927 76 8748
2926 77 8747
2925 78 8746
2924 79 8745
2923 80 8744
2922 81 8743
2921 82 8742
2920 83 8741
2919 84 8740
2918 85 8739
2917 86 8738
2916 87 8737
2915 88 8736
2914 89 8735
2913 90 8734
2912 91 8733
2911 92 8732
2910 93 8731
2909 94 8730
2908 95 8729
2907 96 8728
2906 97 8727
2905 98 8726
2904 99 8725
2903 100 8724
2902 101 8723
2901 102 8722
2900 103 8721
2899 104 8720
2898 105 8719
2897 106 8718
2896 107 8717
2895 108 8716
2894 109 8715
2893 110 8714
2892 111 8713
2891 112 8712
2890 113 8711
2889 114 8710
2888 115 8709
2887 116 8708
2886 117 8707
2885 118 8706
2884 119 8705
2883 120 8704
2882 121 8703
2881 122 8702
2880 123 8701
2879 124 8700
2878 125 8699
2877 126 8698
2876 127 8697
2875 128 8696
2874 129 8695
2873 130 8694
2872 131 8693
2871 132 8692
2870 133 8691
2869 134 8690
2868 135 8689
2867 136 8688
2866 137 8687
2865 138 8686
2864 139 8685
2863 140 8684
2862 141 8683
2861 142 8682
2860 143 8681
2859 144 8680
2858 145 8679
2857 146 8678
2856 147 8677
2855 148 8676
2854 149 8675
2853 150 8674
2852 151 8673
2851 152 8672
2850 153 8671
2849 154 8670
2848 155 8669
2847 156 8668
2846 157 8667
2845 158 8666
2844 159 8665
2843 160 8664
2842 161 8663
2841 162 8662
2840 163 8661
2839 164 8660
2838 165 8659
2837 166 8658
2836 167 8657
2835 168 8656
2834 169 8655
2833 170 8654
2832 171 8653
2831 172 8652
2830 173 8651
2829 174 8650
2828 175 8649
2827 176 8648
2826 177 8647
2825 178 8646
2824 179 8645
2823 180 8644
2822 181 8643
2821 182 8642
2820 183 8641
2819 184 8640
2818 185 8639
2817 186 8638
2816 187 8637
2815 188 8636
2814 189 8635
2813 190 8634
2812 191 8633
2811 192 8632
2810 193 8631
2809 194 8630
2808 195 8629
2807 196 8628
2806 197 8627
2805 198 8626
2804 199 8625
2803 200 8624
2802 201 8623
2801 202 8622
2800 203 8621
2799 204 8620
2798 205 8619
2797 206 8618
2796 207 8617
2795 208 8616
2794 209 8615
2793 210 8614
2792 211 8613
2791 212 8612
2790 213 8611
2789 214 8610
2788 215 8609
2787 216 8608
2786 217 8607
2785 218 8606
2784 219 8605
2783 220 8604
2782 221 8603
2781 222 8602
2780 223 8601
2779 224 8600
2778 225 8599
2777 226 8598
2776 227 8597
2775 228 8596
2774 229 8595
2773 230 8594
2772 231 8593
2771 232 8592
2770 233 8591
2769 234 8590
2768 235 8589
2767 236 8588
2766 237 8587
2765 238 8586
2764 239 8585
2763 240 8584
2762 241 8583
2761 242 8582
2760 243 8581
2759 244 8580
2758 245 8579
2757 246 8578
2756 247 8577
2755 248 8576
2754 249 8575
2753 250 8574
2752 251 8573
2751 252 8572
2750 253 8571
2749 254 8570
2748 255 8569
2747 256 8568
2746 257 8567
2745 258 8566
2744 259 8565
2743 260 8564
2742 261 8563
2741 262 8562
2740 263 8561
2739 264 8560
2738 265 8559
2737 266 8558
2736 267 8557
2735 268 8556
2734 269 8555
2733 270 8554
2732 271 8553
2731 272 8552
2730 273 8551
2729 274 8550
2728 275 8549
2727 276 8548
2726 277 8547
2725 278 8546
2724 279 8545
2723 280 8544
2722 281 8543
2721 282 8542
2720 283 8541
2719 284 8540
2718 285 8539
2717 286 8538
2716 287 8537
2715 288 8536
2714 289 8535
2713 290 8534
2712 291 8533
2711 292 8532
2710 293 8531
2709 294 8530
2708 295 8529
2707 296 8528
2706 297 8527
2705 298 8526
2704 299 8525
2703 300 8524
2702 301 8523
2701 302 8522
2700 303 8521
2699 304 8520
2698 305 8519
2697 306 8518
2696 307 8517
2695 308 8516
2694 309 8515
2693 310 8514
2692 311 8513
2691 312 8512
2690 313 8511
2689 314 8510
2688 315 8509
2687 316 8508
2686 317 8507
2685 318 8506
2684 319 8505
2683 320 8504
2682 321 8503
2681 322 8502
2680 323 8501
2679 324 8500
2678 325 8499
2677 326 8498
2676 327 8497
2675 328 8496
2674 329 8495
2673 330 8494
2672 331 8493
2671 332 8492
2670 333 8491
2669 334 8490
2668 335 8489
2667 336 8488
2666 337 8487
2665 338 8486
2664 339 8485
2663 340 8484
2662 341 8483
2661 342 8482
2660 343 8481
2659 344 8480
2658 345 8479
2657 346 8478
2656 347 8477
2655 348 8476
2654 349 8475
2653 350 8474
2652 351 8473
2651 352 8472
2650 353 8471
2649 354 8470
2648 355 8469
2647 356 8468
2646 357 8467
2645 358 8466
2644 359 8465
2643 360 8464
2642 361 8463
2641 362 8462
2640 363 8461
2639 364 8460
2638 365 8459
2637 366 8458
2636 367 8457
2635 368 8456
2634 369 8455
2633 370 8454
2632 371 8453
2631 372 8452
2630 373 8451
2629 374 8450
2628 375 8449
2627 376 8448
2626 377 8447
2625 378 8446
2624 379 8445
2623 380 8444
2622 381 8443
2621 382 8442
2620 383 8441
2619 384 8440
2618 385 8439
2617 386 8438
2616 387 8437
2615 388 8436
2614 389 8435
2613 390 8434
2612 391 8433
2611 392 8432
2610 393 8431
2609 394 8430
2608 395 8429
2607 396 8428
2606 397 8427
2605 398 8426
2604 399 8425
2603 400 8424
2602 401 8423
2601 402 8422
2600 403 8421
2599 404 8420
2598 405 8419
2597 406 8418
2596 407 8417
2595 408 8416
2594 409 8415
2593 410 8414
2592 411 8413
2591 412 8412
2590 413 8411
2589 414 8410
2588 415 8409
2587 416 8408
2586 417 8407
2585 418 8406
2584 419 8405
2583 420 8404
2582 421 8403
2581 422 8402
2580 423 8401
2579 424 8400
2578 425 8399
2577 426 8398
2576 427 8397
2575 428 8396
2574 429 8395
2573 430 8394
2572 431 8393
2571 432 8392
2570 433 8391
2569 434 8390
2568 435 8389
2567 436 8388
2566 437 8387
2565 438 8386
2564 439 8385
2563 440 8384
2562 441 8383
2561 442 8382
2560 443 8381
2559 444 8380
2558 445 8379
2557 446 8378
2556 447 8377
2555 448 8376
2554 449 8375
2553 450 8374
2552 451 8373
2551 452 8372
2550 453 8371
2549 454 8370
2548 455 8369
2547 456 8368
2546 457 8367
2545 458 8366
2544 459 8365
2543 460 8364
2542 461 8363
2541 462 8362
2540 463 8361
2539 464 8360
2538 465 8359
2537 466 8358
2536 467 8357
2535 468 8356
2534 469 8355
2533 470 8354
2532 471 8353
2531 472 8352
2530 473 8351
2529 474 8350
2528 475 8349
2527 476 8348
2526 477 8347
2525 478 8346
2524 479 8345
2523 480 8344
2522 481 8343
2521 482 8342
2520 483 8341
2519 484 8340
2518 485 8339
2517 486 8338
2516 487 8337
2515 488 8336
2514 489 8335
2513 490 8334
2512 491 8333
2511 492 8332
2510 493 8331
2509 494 8330
2508 495 8329
2507 496 8328
2506 497 8327
2505 498 8326
2504 499 8325
2503 500 8324
2502 501 8323
2501 502 8322
2500 503 8321
2499 504 8320
2498 505 8319
2497 506 8318
2496 507 8317
2495 508 8316
2494 509 8315
2493 510 8314
2492 511 8313
2491 512 8312
2490 513 8311
2489 514 8310
2488 515 8309
2487 516 8308
2486 517 8307
2485 518 8306
2484 519 8305
2483 520 8304
2482 521 8303
2481 522 8302
2480 523 8301
2479 524 8300
2478 525 8299
2477 526 8298
2476 527 8297
2475 528 8296
2474 529 8295
2473 530 8294
2472 531 8293
2471 532 8292
2470 533 8291
2469 534 8290
2468 535 8289
2467 536 8288
2466 537 8287
2465 538 8286
2464 539 8285
2463 540 8284
2462 541 8283
2461 542 8282
2460 543 8281
2459 544 8280
2458 545 8279
2457 546 8278
2456 547 8277
2455 548 8276
2454 549 8275
2453 550 8274
2452 551 8273
2451 552 8272
2450 553 8271
2449 554 8270
2448 555 8269
2447 556 8268
2446 557 8267
2445 558 8266
2444 559 8265
2443 560 8264
2442 561 8263
2441 562 8262
2440 563 8261
2439 564 8260
2438 565 8259
2437 566 8258
2436 567 8257
2435 568 8256
2434 569 8255
2433 570 8254
2432 571 8253
2431 572 8252
2430 573 8251
2429 574 8250
2428 575 8249
2427 576 8248
2426 577 8247
2425 578 8246
2424 579 8245
2423 580 8244
2422 581 8243
2421 582 8242
2420 583 8241
2419 584 8240
2418 585 8239
2417 586 8238
2416 587 8237
2415 588 8236
2414 589 8235
2413 590 8234
2412 591 8233
2411 592 8232
2410 593 8231
2409 594 8230
2408 595 8229
2407 596 8228
2406 597 8227
2405 598 8226
2404 599 8225
2403 600 8224
2402 601 8223
2401 602 8222
2400 603 8221
2399 604 8220
2398 605 8219
2397 606 8218
2396 607 8217
2395 608 8216
2394 609 8215
2393 610 8214
2392 611 8213
2391 612 8212
2390 613 8211
2389 614 8210
2388 615 8209
2387 616 8208
2386 617 8207
2385 618 8206
2384 619 8205
2383 620 8204
2382 621 8203
2381 622 8202
2380 623 8201
2379 624 8200
2378 625 8199
2377 626 8198
2376 627 8197
2375 628 8196
2374 629 8195
2373 630 8194
2372 631 8193
2371 632 8192
2370 633 8191
2369 634 8190
2368 635 8189
2367 636 8188
2366 637 8187
2365 638 8186
2364 639 8185
2363 640 8184
2362 641 8183
2361 642 8182
2360 643 8181
2359 644 8180
2358 645 8179
2357 646 8178
2356 647 8177
2355 648 8176
2354 649 8175
2353 650 8174
2352 651 8173
2351 652 8172
2350 653 8171
2349 654 8170
2348 655 8169
2347 656 8168
2346 657 8167
2345 658 8166
2344 659 8165
2343 660 8164
2342 661 8163
2341 662 8162
2340 663 8161
2339 664 8160
2338 665 8159
2337 666 8158
2336 667 8157
2335 668 8156
2334 669 8155
2333 670 8154
2332 671 8153
2331 672 8152
2330 673 8151
2329 674 8150
2328 675 8149
2327 676 8148
2326 677 8147
2325 678 8146
2324 679 8145
2323 680 8144
2322 681 8143
2321 682 8142
2320 683 8141
2319 684 8140
2318 685 8139
2317 686 8138
2316 687 8137
2315 688 8136
2314 689 8135
2313 690 8134
2312 691 8133
2311 692 8132
2310 693 8131
2309 694 8130
2308 695 8129
2307 696 8128
2306 697 8127
2305 698 8126
2304 699 8125
2303 700 8124
2302 701 8123
2301 702 8122
2300 703 8121
2299 704 8120
2298 705 8119
2297 706 8118
2296 707 8117
2295 708 8116
2294 709 8115
2293 710 8114
2292 711 8113
2291 712 8112
2290 713 8111
2289 714 8110
2288 715 8109
2287 716 8108
2286 717 8107
2285 718 8106
2284 719 8105
2283 720 8104
2282 721 8103
2281 722 8102
2280 723 8101
2279 724 8100
2278 725 8099
2277 726 8098
2276 727 8097
2275 728 8096
2274 729 8095
2273 730 8094
2272 731 8093
2271 732 8092
2270 733 8091
2269 734 8090
2268 735 8089
2267 736 8088
2266 737 8087
2265 738 8086
2264 739 8085
2263 740 8084
2262 741 8083
2261 742 8082
2260 743 8081
2259 744 8080
2258 745 8079
2257 746 8078
2256 747 8077
2255 748 8076
2254 749 8075
2253 750 8074
2252 751 8073
2251 752 8072
2250 753 8071
2249 754 8070
2248 755 8069
2247 756 8068
2246 757 8067
2245 758 8066
2244 759 8065
2243 760 8064
2242 761 8063
2241 762 8062
2240 763 8061
2239 764 8060
2238 765 8059
2237 766 8058
2236 767 8057
2235 768 8056
2234 769 8055
2233 770 8054
2232 771 8053
2231 772 8052
2230 773 8051
2229 774 8050
2228 775 8049
2227 776 8048
2226 777 8047
2225 778 8046
2224 779 8045
2223 780 8044
2222 781 8043
2221 782 8042
2220 783 8041
2219 784 8040
2218 785 8039
2217 786 8038
2216 787 8037
2215 788 8036
2214 789 8035
2213 790 8034
2212 791 8033
2211 792 8032
2210 793 8031
2209 794 8030
2208 795 8029
2207 796 8028
2206 797 8027
2205 798 8026
2204 799 8025
2203 800 8024
2202 801 8023
2201 802 8022
2200 803 8021
2199 804 8020
2198 805 8019
2197 806 8018
2196 807 8017
2195 808 8016
2194 809 8015
2193 810 8014
2192 811 8013
2191 812 8012
2190 813 8011
2189 814 8010
2188 815 8009
2187 816 8008
2186 817 8007
2185 818 8006
2184 819 8005
2183 820 8004
2182 821 8003
2181 822 8002
2180 823 8001
2179 824 8000
2178 825 7999
2177 826 7998
2176 827 7997
2175 828 7996
2174 829 7995
2173 830 7994
2172 831 7993
2171 832 7992
2170 833 7991
2169 834 7990
2168 835 7989
2167 836 7988
2166 837 7987
2165 838 7986
2164 839 7985
2163 840 7984
2162 841 7983
2161 842 7982
2160 843 7981
2159 844 7980
2158 845 7979
2157 846 7978
2156 847 7977
2155 848 7976
2154 849 7975
2153 850 7974
2152 851 7973
2151 852 7972
2150 853 7971
2149 854 7970
2148 855 7969
2147 856 7968
2146 857 7967
2145 858 7966
2144 859 7965
2143 860 7964
2142 861 7963
2141 862 7962
2140 863 7961
2139 864 7960
2138 865 7959
2137 866 7958
2136 867 7957
2135 868 7956
2134 869 7955
2133 870 7954
2132 871 7953
2131 872 7952
2130 873 7951
2129 874 7950
2128 875 7949
2127 876 7948
2126 877 7947
2125 878 7946
2124 879 7945
2123 880 7944
2122 881 7943
2121 882 7942
2120 883 7941
2119 884 7940
2118 885 7939
2117 886 7938
2116 887 7937
2115 888 7936
2114 889 7935
2113 890 7934
2112 891 7933
2111 892 7932
2110 893 7931
2109 894 7930
2108 895 7929
2107 896 7928
2106 897 7927
2105 898 7926
2104 899 7925
2103 900 7924
2102 901 7923
2101 902 7922
2100 903 7921
2099 904 7920
2098 905 7919
2097 906 7918
2096 907 7917
2095 908 7916
2094 909 7915
2093 910 7914
2092 911 7913
2091 912 7912
2090 913 7911
2089 914 7910
2088 915 7909
2087 916 7908
2086 917 7907
2085 918 7906
2084 919 7905
2083 920 7904
2082 921 7903
2081 922 7902
2080 923 7901
2079 924 7900
2078 925 7899
2077 926 7898
2076 927 7897
2075 928 7896
2074 929 7895
2073 930 7894
2072 931 7893
2071 932 7892
2070 933 7891
2069 934 7890
2068 935 7889
2067 936 7888
2066 937 7887
2065 938 7886
2064 939 7885
2063 940 7884
2062 941 7883
2061 942 7882
2060 943 7881
2059 944 7880
2058 945 7879
2057 946 7878
2056 947 7877
2055 948 7876
2054 949 7875
2053 950 7874
2052 951 7873
2051 952 7872
2050 953 7871
2049 954 7870
2048 955 7869
2047 956 7868
2046 957 7867
2045 958 7866
2044 959 7865
2043 960 7864
2042 961 7863
2041 962 7862
2040 963 7861
2039 964 7860
2038 965 7859
2037 966 7858
2036 967 7857
2035 968 7856
2034 969 7855
2033 970 7854
2032 971 7853
2031 972 7852
2030 973 7851
2029 974 7850
2028 975 7849
2027 976 7848
2026 977 7847
2025 978 7846
2024 979 7845
2023 980 7844
2022 981 7843
2021 982 7842
2020 983 7841
2019 984 7840
2018 985 7839
2017 986 7838
2016 987 7837
2015 988 7836
2014 989 7835
2013 990 7834
2012 991 7833
2011 992 7832
2010 993 7831
2009 994 7830
2008 995 7829
2007 996 7828
2006 997 7827
2005 998 7826
2004 999 7825
2003 1000 7824
2002 1001 7823
2001 1002 7822
2000 1003 7821
1999 1004 7820
1998 1005 7819
1997 1006 7818
1996 1007 7817
1995 1008 7816
1994 1009 7815
1993 1010 7814
1992 1011 7813
1991 1012 7812
1990 1013 7811
1989 1014 7810
1988 1015 7809
1987 1016 7808
1986 1017 7807
1985 1018 7806
1984 1019 7805
1983 1020 7804
1982 1021 7803
1981 1022 7802
1980 1023 7801
1979 1024 7800
1978 1025 7799
1977 1026 7798
1976 1027 7797
1975 1028 7796
1974 1029 7795
1973 1030 7794
1972 1031 7793
1971 1032 7792
1970 1033 7791
1969 1034 7790
1968 1035 7789
1967 1036 7788
1966 1037 7787
1965 1038 7786
1964 1039 7785
1963 1040 7784
1962 1041 7783
1961 1042 7782
1960 1043 7781
1959 1044 7780
1958 1045 7779
1957 1046 7778
1956 1047 7777
1955 1048 7776
1954 1049 7775
1953 1050 7774
1952 1051 7773
1951 1052 7772
1950 1053 7771
1949 1054 7770
1948 1055 7769
1947 1056 7768
1946 1057 7767
1945 1058 7766
1944 1059 7765
1943 1060 7764
1942 1061 7763
1941 1062 7762
1940 1063 7761
1939 1064 7760
1938 1065 7759
1937 1066 7758
1936 1067 7757
1935 1068 7756
1934 1069 7755
1933 1070 7754
1932 1071 7753
1931 1072 7752
1930 1073 7751
1929 1074 7750
1928 1075 7749
1927 1076 7748
1926 1077 7747
1925 1078 7746
1924 1079 7745
1923 1080 7744
1922 1081 7743
1921 1082 7742
1920 1083 7741
1919 1084 7740
1918 1085 7739
1917 1086 7738
1916 1087 7737
1915 1088 7736
1914 1089 7735
1913 1090 7734
1912 1091 7733
1911 1092 7732
1910 1093 7731
1909 1094 7730
1908 1095 7729
1907 1096 7728
1906 1097 7727
1905 1098 7726
1904 1099 7725
1903 1100 7724
1902 1101 7723
1901 1102 7722
1900 1103 7721
1899 1104 7720
1898 1105 7719
1897 1106 7718
1896 1107 7717
1895 1108 7716
1894 1109 7715
1893 1110 7714
1892 1111 7713
1891 1112 7712
1890 1113 7711
1889 1114 7710
1888 1115 7709
1887 1116 7708
1886 1117 7707
1885 1118 7706
1884 1119 7705
1883 1120 7704
1882 1121 7703
1881 1122 7702
1880 1123 7701
1879 1124 7700
1878 1125 7699
1877 1126 7698
1876 1127 7697
1875 1128 7696
1874 1129 7695
1873 1130 7694
1872 1131 7693
1871 1132 7692
1870 1133 7691
1869 1134 7690
1868 1135 7689
1867 1136 7688
1866 1137 7687
1865 1138 7686
1864 1139 7685
1863 1140 7684
1862 1141 7683
1861 1142 7682
1860 1143 7681
1859 1144 7680
1858 1145 7679
1857 1146 7678
1856 1147 7677
1855 1148 7676
1854 1149 7675
1853 1150 7674
1852 1151 7673
1851 1152 7672
1850 1153 7671
1849 1154 7670
1848 1155 7669
1847 1156 7668
1846 1157 7667
1845 1158 7666
1844 1159 7665
1843 1160 7664
1842 1161 7663
1841 1162 7662
1840 1163 7661
1839 1164 7660
1838 1165 7659
1837 1166 7658
1836 1167 7657
1835 1168 7656
1834 1169 7655
1833 1170 7654
1832 1171 7653
1831 1172 7652
1830 1173 7651
1829 1174 7650
1828 1175 7649
1827 1176 7648
1826 1177 7647
1825 1178 7646
1824 1179 7645
1823 1180 7644
1822 1181 7643
1821 1182 7642
1820 1183 7641
1819 1184 7640
1818 1185 7639
1817 1186 7638
1816 1187 7637
1815 1188 7636
1814 1189 7635
1813 1190 7634
1812 1191 7633
1811 1192 7632
1810 1193 7631
1809 1194 7630
1808 1195 7629
1807 1196 7628
1806 1197 7627
1805 1198 7626
1804 1199 7625
1803 1200 7624
1802 1201 7623
1801 1202 7622
1800 1203 7621
1799 1204 7620
1798 1205 7619
1797 1206 7618
1796 1207 7617
1795 1208 7616
1794 1209 7615
1793 1210 7614
1792 1211 7613
1791 1212 7612
1790 1213 7611
1789 1214 7610
1788 1215 7609
1787 1216 7608
1786 1217 7607
1785 1218 7606
1784 1219 7605
1783 1220 7604
1782 1221 7603
1781 1222 7602
1780 1223 7601
1779 1224 7600
1778 1225 7599
1777 1226 7598
1776 1227 7597
1775 1228 7596
1774 1229 7595
1773 1230 7594
1772 1231 7593
1771 1232 7592
1770 1233 7591
1769 1234 7590
1768 1235 7589
1767 1236 7588
1766 1237 7587
1765 1238 7586
1764 1239 7585
1763 1240 7584
1762 1241 7583
1761 1242 7582
1760 1243 7581
1759 1244 7580
1758 1245 7579
1757 1246 7578
1756 1247 7577
1755 1248 7576
1754 1249 7575
1753 1250 7574
1752 1251 7573
1751 1252 7572
1750 1253 7571
1749 1254 7570
1748 1255 7569
1747 1256 7568
1746 1257 7567
1745 1258 7566
1744 1259 7565
1743 1260 7564
1742 1261 7563
1741 1262 7562
1740 1263 7561
1739 1264 7560
1738 1265 7559
1737 1266 7558
1736 1267 7557
1735 1268 7556
1734 1269 7555
1733 1270 7554
1732 1271 7553
1731 1272 7552
1730 1273 7551
1729 1274 7550
1728 1275 7549
1727 1276 7548
1726 1277 7547
1725 1278 7546
1724 1279 7545
1723 1280 7544
1722 1281 7543
1721 1282 7542
1720 1283 7541
1719 1284 7540
1718 1285 7539
1717 1286 7538
1716 1287 7537
1715 1288 7536
1714 1289 7535
1713 1290 7534
1712 1291 7533
1711 1292 7532
1710 1293 7531
1709 1294 7530
1708 1295 7529
1707 1296 7528
1706 1297 7527
1705 1298 7526
1704 1299 7525
1703 1300 7524
1702 1301 7523
1701 1302 7522
1700 1303 7521
1699 1304 7520
1698 1305 7519
1697 1306 7518
1696 1307 7517
1695 1308 7516
1694 1309 7515
1693 1310 7514
1692 1311 7513
1691 1312 7512
1690 1313 7511
1689 1314 7510
1688 1315 7509
1687 1316 7508
1686 1317 7507
1685 1318 7506
1684 1319 7505
1683 1320 7504
1682 1321 7503
1681 1322 7502
1680 1323 7501
1679 1324 7500
1678 1325 7499
1677 1326 7498
1676 1327 7497
1675 1328 7496
1674 1329 7495
1673 1330 7494
1672 1331 7493
1671 1332 7492
1670 1333 7491
1669 1334 7490
1668 1335 7489
1667 1336 7488
1666 1337 7487
1665 1338 7486
1664 1339 7485
1663 1340 7484
1662 1341 7483
1661 1342 7482
1660 1343 7481
1659 1344 7480
1658 1345 7479
1657 1346 7478
1656 1347 7477
1655 1348 7476
1654 1349 7475
1653 1350 7474
1652 1351 7473
1651 1352 7472
1650 1353 7471
1649 1354 7470
1648 1355 7469
1647 1356 7468
1646 1357 7467
1645 1358 7466
1644 1359 7465
1643 1360 7464
1642 1361 7463
1641 1362 7462
1640 1363 7461
1639 1364 7460
1638 1365 7459
1637 1366 7458
1636 1367 7457
1635 1368 7456
1634 1369 7455
1633 1370 7454
1632 1371 7453
1631 1372 7452
1630 1373 7451
1629 1374 7450
1628 1375 7449
1627 1376 7448
1626 1377 7447
1625 1378 7446
1624 1379 7445
1623 1380 7444
1622 1381 7443
1621 1382 7442
1620 1383 7441
1619 1384 7440
1618 1385 7439
1617 1386 7438
1616 1387 7437
1615 1388 7436
1614 1389 7435
1613 1390 7434
1612 1391 7433
1611 1392 7432
1610 1393 7431
1609 1394 7430
1608 1395 7429
1607 1396 7428
1606 1397 7427
1605 1398 7426
1604 1399 7425
1603 1400 7424
1602 1401 7423
1601 1402 7422
1600 1403 7421
1599 1404 7420
1598 1405 7419
1597 1406 7418
1596 1407 7417
1595 1408 7416
1594 1409 7415
1593 1410 7414
1592 1411 7413
1591 1412 7412
1590 1413 7411
1589 1414 7410
1588 1415 7409
1587 1416 7408
1586 1417 7407
1585 1418 7406
1584 1419 7405
1583 1420 7404
1582 1421 7403
1581 1422 7402
1580 1423 7401
1579 1424 7400
1578 1425 7399
1577 1426 7398
1576 1427 7397
1575 1428 7396
1574 1429 7395
1573 1430 7394
1572 1431 7393
1571 1432 7392
1570 1433 7391
1569 1434 7390
1568 1435 7389
1567 1436 7388
1566 1437 7387
1565 1438 7386
1564 1439 7385
1563 1440 7384
1562 1441 7383
1561 1442 7382
1560 1443 7381
1559 1444 7380
1558 1445 7379
1557 1446 7378
1556 1447 7377
1555 1448 7376
1554 1449 7375
1553 1450 7374
1552 1451 7373
1551 1452 7372
1550 1453 7371
1549 1454 7370
1548 1455 7369
1547 1456 7368
1546 1457 7367
1545 1458 7366
1544 1459 7365
1543 1460 7364
1542 1461 7363
1541 1462 7362
1540 1463 7361
1539 1464 7360
1538 1465 7359
1537 1466 7358
1536 1467 7357
1535 1468 7356
1534 1469 7355
1533 1470 7354
1532 1471 7353
1531 1472 7352
1530 1473 7351
1529 1474 7350
1528 1475 7349
1527 1476 7348
1526 1477 7347
1525 1478 7346
1524 1479 7345
1523 1480 7344
1522 1481 7343
1521 1482 7342
1520 1483 7341
1519 1484 7340
1518 1485 7339
1517 1486 7338
1516 1487 7337
1515 1488 7336
1514 1489 7335
1513 1490 7334
1512 1491 7333
1511 1492 7332
1510 1493 7331
1509 1494 7330
1508 1495 7329
1507 1496 7328
1506 1497 7327
1505 1498 7326
1504 1499 7325
1503 1500 7324
1502 1501 7323
1501 1502 7322
1500 1503 7321
1499 1504 7320
1498 1505 7319
1497 1506 7318
1496 1507 7317
1495 1508 7316
1494 1509 7315
1493 1510 7314
1492 1511 7313
1491 1512 7312
1490 1513 7311
1489 1514 7310
1488 1515 7309
1487 1516 7308
1486 1517 7307
1485 1518 7306
1484 1519 7305
1483 1520 7304
1482 1521 7303
1481 1522 7302
1480 1523 7301
1479 1524 7300
1478 1525 7299
1477 1526 7298
1476 1527 7297
1475 1528 7296
1474 1529 7295
1473 1530 7294
1472 1531 7293
1471 1532 7292
1470 1533 7291
1469 1534 7290
1468 1535 7289
1467 1536 7288
1466 1537 7287
1465 1538 7286
1464 1539 7285
1463 1540 7284
1462 1541 7283
1461 1542 7282
1460 1543 7281
1459 1544 7280
1458 1545 7279
1457 1546 7278
1456 1547 7277
1455 1548 7276
1454 1549 7275
1453 1550 7274
1452 1551 7273
1451 1552 7272
1450 1553 7271
1449 1554 7270
1448 1555 7269
1447 1556 7268
1446 1557 7267
1445 1558 7266
1444 1559 7265
1443 1560 7264
1442 1561 7263
1441 1562 7262
1440 1563 7261
1439 1564 7260
1438 1565 7259
1437 1566 7258
1436 1567 7257
1435 1568 7256
1434 1569 7255
1433 1570 7254
1432 1571 7253
1431 1572 7252
1430 1573 7251
1429 1574 7250
1428 1575 7249
1427 1576 7248
1426 1577 7247
1425 1578 7246
1424 1579 7245
1423 1580 7244
1422 1581 7243
1421 1582 7242
1420 1583 7241
1419 1584 7240
1418 1585 7239
1417 1586 7238
1416 1587 7237
1415 1588 7236
1414 1589 7235
1413 1590 7234
1412 1591 7233
1411 1592 7232
1410 1593 7231
1409 1594 7230
1408 1595 7229
1407 1596 7228
1406 1597 7227
1405 1598 7226
1404 1599 7225
1403 1600 7224
1402 1601 7223
1401 1602 7222
1400 1603 7221
1399 1604 7220
1398 1605 7219
1397 1606 7218
1396 1607 7217
1395 1608 7216
1394 1609 7215
1393 1610 7214
1392 1611 7213
1391 1612 7212
1390 1613 7211
1389 1614 7210
1388 1615 7209
1387 1616 7208
1386 1617 7207
1385 1618 7206
1384 1619 7205
1383 1620 7204
1382 1621 7203
1381 1622 7202
1380 1623 7201
1379 1624 7200
1378 1625 7199
1377 1626 7198
1376 1627 7197
1375 1628 7196
1374 1629 7195
1373 1630 7194
1372 1631 7193
1371 1632 7192
1370 1633 7191
1369 1634 7190
1368 1635 7189
1367 1636 7188
1366 1637 7187
1365 1638 7186
1364 1639 7185
1363 1640 7184
1362 1641 7183
1361 1642 7182
1360 1643 7181
1359 1644 7180
1358 1645 7179
1357 1646 7178
1356 1647 7177
1355 1648 7176
1354 1649 7175
1353 1650 7174
1352 1651 7173
1351 1652 7172
1350 1653 7171
1349 1654 7170
1348 1655 7169
1347 1656 7168
1346 1657 7167
1345 1658 7166
1344 1659 7165
1343 1660 7164
1342 1661 7163
1341 1662 7162
1340 1663 7161
1339 1664 7160
1338 1665 7159
1337 1666 7158
1336 1667 7157
1335 1668 7156
1334 1669 7155
1333 1670 7154
1332 1671 7153
1331 1672 7152
1330 1673 7151
1329 1674 7150
1328 1675 7149
1327 1676 7148
1326 1677 7147
1325 1678 7146
1324 1679 7145
1323 1680 7144
1322 1681 7143
1321 1682 7142
1320 1683 7141
1319 1684 7140
1318 1685 7139
1317 1686 7138
1316 1687 7137
1315 1688 7136
1314 1689 7135
1313 1690 7134
1312 1691 7133
1311 1692 7132
1310 1693 7131
1309 1694 7130
1308 1695 7129
1307 1696 7128
1306 1697 7127
1305 1698 7126
1304 1699 7125
1303 1700 7124
1302 1701 7123
1301 1702 7122
1300 1703 7121
1299 1704 7120
1298 1705 7119
1297 1706 7118
1296 1707 7117
1295 1708 7116
1294 1709 7115
1293 1710 7114
1292 1711 7113
1291 1712 7112
1290 1713 7111
1289 1714 7110
1288 1715 7109
1287 1716 7108
1286 1717 7107
1285 1718 7106
1284 1719 7105
1283 1720 7104
1282 1721 7103
1281 1722 7102
1280 1723 7101
1279 1724 7100
1278 1725 7099
1277 1726 7098
1276 1727 7097
1275 1728 7096
1274 1729 7095
1273 1730 7094
1272 1731 7093
1271 1732 7092
1270 1733 7091
1269 1734 7090
1268 1735 7089
1267 1736 7088
1266 1737 7087
1265 1738 7086
1264 1739 7085
1263 1740 7084
1262 1741 7083
1261 1742 7082
1260 1743 7081
1259 1744 7080
1258 1745 7079
1257 1746 7078
1256 1747 7077
1255 1748 7076
1254 1749 7075
1253 1750 7074
1252 1751 7073
1251 1752 7072
1250 1753 7071
1249 1754 7070
1248 1755 7069
1247 1756 7068
1246 1757 7067
1245 1758 7066
1244 1759 7065
1243 1760 7064
1242 1761 7063
1241 1762 7062
1240 1763 7061
1239 1764 7060
1238 1765 7059
1237 1766 7058
1236 1767 7057
1235 1768 7056
1234 1769 7055
1233 1770 7054
1232 1771 7053
1231 1772 7052
1230 1773 7051
1229 1774 7050
1228 1775 7049
1227 1776 7048
1226 1777 7047
1225 1778 7046
1224 1779 7045
1223 1780 7044
1222 1781 7043
1221 1782 7042
1220 1783 7041
1219 1784 7040
1218 1785 7039
1217 1786 7038
1216 1787 7037
1215 1788 7036
1214 1789 7035
1213 1790 7034
1212 1791 7033
1211 1792 7032
1210 1793 7031
1209 1794 7030
1208 1795 7029
1207 1796 7028
1206 1797 7027
1205 1798 7026
1204 1799 7025
1203 1800 7024
1202 1801 7023
1201 1802 7022
1200 1803 7021
1199 1804 7020
1198 1805 7019
1197 1806 7018
1196 1807 7017
1195 1808 7016
1194 1809 7015
1193 1810 7014
1192 1811 7013
1191 1812 7012
1190 1813 7011
1189 1814 7010
1188 1815 7009
1187 1816 7008
1186 1817 7007
1185 1818 7006
1184 1819 7005
1183 1820 7004
1182 1821 7003
1181 1822 7002
1180 1823 7001
1179 1824 7000
1178 1825 6999
1177 1826 6998
1176 1827 6997
1175 1828 6996
1174 1829 6995
1173 1830 6994
1172 1831 6993
1171 1832 6992
1170 1833 6991
1169 1834 6990
1168 1835 6989
1167 1836 6988
1166 1837 6987
1165 1838 6986
1164 1839 6985
1163 1840 6984
1162 1841 6983
1161 1842 6982
1160 1843 6981
1159 1844 6980
1158 1845 6979
1157 1846 6978
1156 1847 6977
1155 1848 6976
1154 1849 6975
1153 1850 6974
1152 1851 6973
1151 1852 6972
1150 1853 6971
1149 1854 6970
1148 1855 6969
1147 1856 6968
1146 1857 6967
1145 1858 6966
1144 1859 6965
1143 1860 6964
1142 1861 6963
1141 1862 6962
1140 1863 6961
1139 1864 6960
1138 1865 6959
1137 1866 6958
1136 1867 6957
1135 1868 6956
1134 1869 6955
1133 1870 6954
1132 1871 6953
1131 1872 6952
1130 1873 6951
1129 1874 6950
1128 1875 6949
1127 1876 6948
1126 1877 6947
1125 1878 6946
1124 1879 6945
1123 1880 6944
1122 1881 6943
1121 1882 6942
1120 1883 6941
1119 1884 6940
1118 1885 6939
1117 1886 6938
1116 1887 6937
1115 1888 6936
1114 1889 6935
1113 1890 6934
1112 1891 6933
1111 1892 6932
1110 1893 6931
1109 1894 6930
1108 1895 6929
1107 1896 6928
1106 1897 6927
1105 1898 6926
1104 1899 6925
1103 1900 6924
1102 1901 6923
1101 1902 6922
1100 1903 6921
1099 1904 6920
1098 1905 6919
1097 1906 6918
1096 1907 6917
1095 1908 6916
1094 1909 6915
1093 1910 6914
1092 1911 6913
1091 1912 6912
1090 1913 6911
1089 1914 6910
1088 1915 6909
1087 1916 6908
1086 1917 6907
1085 1918 6906
1084 1919 6905
1083 1920 6904
1082 1921 6903
1081 1922 6902
1080 1923 6901
1079 1924 6900
1078 1925 6899
1077 1926 6898
1076 1927 6897
1075 1928 6896
1074 1929 6895
1073 1930 6894
1072 1931 6893
1071 1932 6892
1070 1933 6891
1069 1934 6890
1068 1935 6889
1067 1936 6888
1066 1937 6887
1065 1938 6886
1064 1939 6885
1063 1940 6884
1062 1941 6883
1061 1942 6882
1060 1943 6881
1059 1944 6880
1058 1945 6879
1057 1946 6878
1056 1947 6877
1055 1948 6876
1054 1949 6875
1053 1950 6874
1052 1951 6873
1051 1952 6872
1050 1953 6871
1049 1954 6870
1048 1955 6869
1047 1956 6868
1046 1957 6867
1045 1958 6866
1044 1959 6865
1043 1960 6864
1042 1961 6863
1041 1962 6862
1040 1963 6861
1039 1964 6860
1038 1965 6859
1037 1966 6858
1036 1967 6857
1035 1968 6856
1034 1969 6855
1033 1970 6854
1032 1971 6853
1031 1972 6852
1030 1973 6851
1029 1974 6850
1028 1975 6849
1027 1976 6848
1026 1977 6847
1025 1978 6846
1024 1979 6845
1023 1980 6844
1022 1981 6843
1021 1982 6842
1020 1983 6841
1019 1984 6840
1018 1985 6839
1017 1986 6838
1016 1987 6837
1015 1988 6836
1014 1989 6835
1013 1990 6834
1012 1991 6833
1011 1992 6832
1010 1993 6831
1009 1994 6830
1008 1995 6829
1007 1996 6828
1006 1997 6827
1005 1998 6826
1004 1999 6825
1003 2000 6824
1002 2001 6823
1001 2002 6822
1000 2003 6821
999 2004 6820
998 2005 6819
997 2006 6818
996 2007 6817
995 2008 6816
994 2009 6815
993 2010 6814
992 2011 6813
991 2012 6812
990 2013 6811
989 2014 6810
988 2015 6809
987 2016 6808
986 2017 6807
985 2018 6806
984 2019 6805
983 2020 6804
982 2021 6803
981 2022 6802
980 2023 6801
979 2024 6800
978 2025 6799
977 2026 6798
976 2027 6797
975 2028 6796
974 2029 6795
973 2030 6794
972 2031 6793
971 2032 6792
970 2033 6791
969 2034 6790
968 2035 6789
967 2036 6788
966 2037 6787
965 2038 6786
964 2039 6785
963 2040 6784
962 2041 6783
961 2042 6782
960 2043 6781
959 2044 6780
958 2045 6779
957 2046 6778
956 2047 6777
955 2048 6776
954 2049 6775
953 2050 6774
952 2051 6773
951 2052 6772
950 2053 6771
949 2054 6770
948 2055 6769
947 2056 6768
946 2057 6767
945 2058 6766
944 2059 6765
943 2060 6764
942 2061 6763
941 2062 6762
940 2063 6761
939 2064 6760
938 2065 6759
937 2066 6758
936 2067 6757
935 2068 6756
934 2069 6755
933 2070 6754
932 2071 6753
931 2072 6752
930 2073 6751
929 2074 6750
928 2075 6749
927 2076 6748
926 2077 6747
925 2078 6746
924 2079 6745
923 2080 6744
922 2081 6743
921 2082 6742
920 2083 6741
919 2084 6740
918 2085 6739
917 2086 6738
916 2087 6737
915 2088 6736
914 2089 6735
913 2090 6734
912 2091 6733
911 2092 6732
910 2093 6731
909 2094 6730
908 2095 6729
907 2096 6728
906 2097 6727
905 2098 6726
904 2099 6725
903 2100 6724
902 2101 6723
901 2102 6722
900 2103 6721
899 2104 6720
898 2105 6719
897 2106 6718
896 2107 6717
895 2108 6716
894 2109 6715
893 2110 6714
892 2111 6713
891 2112 6712
890 2113 6711
889 2114 6710
888 2115 6709
887 2116 6708
886 2117 6707
885 2118 6706
884 2119 6705
883 2120 6704
882 2121 6703
881 2122 6702
880 2123 6701
879 2124 6700
878 2125 6699
877 2126 6698
876 2127 6697
875 2128 6696
874 2129 6695
873 2130 6694
872 2131 6693
871 2132 6692
870 2133 6691
869 2134 6690
868 2135 6689
867 2136 6688
866 2137 6687
865 2138 6686
864 2139 6685
863 2140 6684
862 2141 6683
861 2142 6682
860 2143 6681
859 2144 6680
858 2145 6679
857 2146 6678
856 2147 6677
855 2148 6676
854 2149 6675
853 2150 6674
852 2151 6673
851 2152 6672
850 2153 6671
849 2154 6670
848 2155 6669
847 2156 6668
846 2157 6667
845 2158 6666
844 2159 6665
843 2160 6664
842 2161 6663
841 2162 6662
840 2163 6661
839 2164 6660
838 2165 6659
837 2166 6658
836 2167 6657
835 2168 6656
834 2169 6655
833 2170 6654
832 2171 6653
831 2172 6652
830 2173 6651
829 2174 6650
828 2175 6649
827 2176 6648
826 2177 6647
825 2178 6646
824 2179 6645
823 2180 6644
822 2181 6643
821 2182 6642
820 2183 6641
819 2184 6640
818 2185 6639
817 2186 6638
816 2187 6637
815 2188 6636
814 2189 6635
813 2190 6634
812 2191 6633
811 2192 6632
810 2193 6631
809 2194 6630
808 2195 6629
807 2196 6628
806 2197 6627
805 2198 6626
804 2199 6625
803 2200 6624
802 2201 6623
801 2202 6622
800 2203 6621
799 2204 6620
798 2205 6619
797 2206 6618
796 2207 6617
795 2208 6616
794 2209 6615
793 2210 6614
792 2211 6613
791 2212 6612
790 2213 6611
789 2214 6610
788 2215 6609
787 2216 6608
786 2217 6607
785 2218 6606
784 2219 6605
783 2220 6604
782 2221 6603
781 2222 6602
780 2223 6601
779 2224 6600
778 2225 6599
777 2226 6598
776 2227 6597
775 2228 6596
774 2229 6595
773 2230 6594
772 2231 6593
771 2232 6592
770 2233 6591
769 2234 6590
768 2235 6589
767 2236 6588
766 2237 6587
765 2238 6586
764 2239 6585
763 2240 6584
762 2241 6583
761 2242 6582
760 2243 6581
759 2244 6580
758 2245 6579
757 2246 6578
756 2247 6577
755 2248 6576
754 2249 6575
753 2250 6574
752 2251 6573
751 2252 6572
750 2253 6571
749 2254 6570
748 2255 6569
747 2256 6568
746 2257 6567
745 2258 6566
744 2259 6565
743 2260 6564
742 2261 6563
741 2262 6562
740 2263 6561
739 2264 6560
738 2265 6559
737 2266 6558
736 2267 6557
735 2268 6556
734 2269 6555
733 2270 6554
732 2271 6553
731 2272 6552
730 2273 6551
729 2274 6550
728 2275 6549
727 2276 6548
726 2277 6547
725 2278 6546
724 2279 6545
723 2280 6544
722 2281 6543
721 2282 6542
720 2283 6541
719 2284 6540
718 2285 6539
717 2286 6538
716 2287 6537
715 2288 6536
714 2289 6535
713 2290 6534
712 2291 6533
711 2292 6532
710 2293 6531
709 2294 6530
708 2295 6529
707 2296 6528
706 2297 6527
705 2298 6526
704 2299 6525
703 2300 6524
702 2301 6523
701 2302 6522
700 2303 6521
699 2304 6520
698 2305 6519
697 2306 6518
696 2307 6517
695 2308 6516
694 2309 6515
693 2310 6514
692 2311 6513
691 2312 6512
690 2313 6511
689 2314 6510
688 2315 6509
687 2316 6508
686 2317 6507
685 2318 6506
684 2319 6505
683 2320 6504
682 2321 6503
681 2322 6502
680 2323 6501
679 2324 6500
678 2325 6499
677 2326 6498
676 2327 6497
675 2328 6496
674 2329 6495
673 2330 6494
672 2331 6493
671 2332 6492
670 2333 6491
669 2334 6490
668 2335 6489
667 2336 6488
666 2337 6487
665 2338 6486
664 2339 6485
663 2340 6484
662 2341 6483
661 2342 6482
660 2343 6481
659 2344 6480
658 2345 6479
657 2346 6478
656 2347 6477
655 2348 6476
654 2349 6475
653 2350 6474
652 2351 6473
651 2352 6472
650 2353 6471
649 2354 6470
648 2355 6469
647 2356 6468
646 2357 6467
645 2358 6466
644 2359 6465
643 2360 6464
642 2361 6463
641 2362 6462
640 2363 6461
639 2364 6460
638 2365 6459
637 2366 6458
636 2367 6457
635 2368 6456
634 2369 6455
633 2370 6454
632 2371 6453
631 2372 6452
630 2373 6451
629 2374 6450
628 2375 6449
627 2376 6448
626 2377 6447
625 2378 6446
624 2379 6445
623 2380 6444
622 2381 6443
621 2382 6442
620 2383 6441
619 2384 6440
618 2385 6439
617 2386 6438
616 2387 6437
615 2388 6436
614 2389 6435
613 2390 6434
612 2391 6433
611 2392 6432
610 2393 6431
609 2394 6430
608 2395 6429
607 2396 6428
606 2397 6427
605 2398 6426
604 2399 6425
603 2400 6424
602 2401 6423
601 2402 6422
600 2403 6421
599 2404 6420
598 2405 6419
597 2406 6418
596 2407 6417
595 2408 6416
594 2409 6415
593 2410 6414
592 2411 6413
591 2412 6412
590 2413 6411
589 2414 6410
588 2415 6409
587 2416 6408
586 2417 6407
585 2418 6406
584 2419 6405
583 2420 6404
582 2421 6403
581 2422 6402
580 2423 6401
579 2424 6400
578 2425 6399
577 2426 6398
576 2427 6397
575 2428 6396
574 2429 6395
573 2430 6394
572 2431 6393
571 2432 6392
570 2433 6391
569 2434 6390
568 2435 6389
567 2436 6388
566 2437 6387
565 2438 6386
564 2439 6385
563 2440 6384
562 2441 6383
561 2442 6382
560 2443 6381
559 2444 6380
558 2445 6379
557 2446 6378
556 2447 6377
555 2448 6376
554 2449 6375
553 2450 6374
552 2451 6373
551 2452 6372
550 2453 6371
549 2454 6370
548 2455 6369
547 2456 6368
546 2457 6367
545 2458 6366
544 2459 6365
543 2460 6364
542 2461 6363
541 2462 6362
540 2463 6361
539 2464 6360
538 2465 6359
537 2466 6358
536 2467 6357
535 2468 6356
534 2469 6355
533 2470 6354
532 2471 6353
531 2472 6352
530 2473 6351
529 2474 6350
528 2475 6349
527 2476 6348
526 2477 6347
525 2478 6346
524 2479 6345
523 2480 6344
522 2481 6343
521 2482 6342
520 2483 6341
519 2484 6340
518 2485 6339
517 2486 6338
516 2487 6337
515 2488 6336
514 2489 6335
513 2490 6334
512 2491 6333
511 2492 6332
510 2493 6331
509 2494 6330
508 2495 6329
507 2496 6328
506 2497 6327
505 2498 6326
504 2499 6325
503 2500 6324
502 2501 6323
501 2502 6322
500 2503 6321
499 2504 6320
498 2505 6319
497 2506 6318
496 2507 6317
495 2508 6316
494 2509 6315
493 2510 6314
492 2511 6313
491 2512 6312
490 2513 6311
489 2514 6310
488 2515 6309
487 2516 6308
486 2517 6307
485 2518 6306
484 2519 6305
483 2520 6304
482 2521 6303
481 2522 6302
480 2523 6301
479 2524 6300
478 2525 6299
477 2526 6298
476 2527 6297
475 2528 6296
474 2529 6295
473 2530 6294
472 2531 6293
471 2532 6292
470 2533 6291
469 2534 6290
468 2535 6289
467 2536 6288
466 2537 6287
465 2538 6286
464 2539 6285
463 2540 6284
462 2541 6283
461 2542 6282
460 2543 6281
459 2544 6280
458 2545 6279
457 2546 6278
456 2547 6277
455 2548 6276
454 2549 6275
453 2550 6274
452 2551 6273
451 2552 6272
450 2553 6271
449 2554 6270
448 2555 6269
447 2556 6268
446 2557 6267
445 2558 6266
444 2559 6265
443 2560 6264
442 2561 6263
441 2562 6262
440 2563 6261
439 2564 6260
438 2565 6259
437 2566 6258
436 2567 6257
435 2568 6256
434 2569 6255
433 2570 6254
432 2571 6253
431 2572 6252
430 2573 6251
429 2574 6250
428 2575 6249
427 2576 6248
426 2577 6247
425 2578 6246
424 2579 6245
423 2580 6244
422 2581 6243
421 2582 6242
420 2583 6241
419 2584 6240
418 2585 6239
417 2586 6238
416 2587 6237
415 2588 6236
414 2589 6235
413 2590 6234
412 2591 6233
411 2592 6232
410 2593 6231
409 2594 6230
408 2595 6229
407 2596 6228
406 2597 6227
405 2598 6226
404 2599 6225
403 2600 6224
402 2601 6223
401 2602 6222
400 2603 6221
399 2604 6220
398 2605 6219
397 2606 6218
396 2607 6217
395 2608 6216
394 2609 6215
393 2610 6214
392 2611 6213
391 2612 6212
390 2613 6211
389 2614 6210
388 2615 6209
387 2616 6208
386 2617 6207
385 2618 6206
384 2619 6205
383 2620 6204
382 2621 6203
381 2622 6202
380 2623 6201
379 2624 6200
378 2625 6199
377 2626 6198
376 2627 6197
375 2628 6196
374 2629 6195
373 2630 6194
372 2631 6193
371 2632 6192
370 2633 6191
369 2634 6190
368 2635 6189
367 2636 6188
366 2637 6187
365 2638 6186
364 2639 6185
363 2640 6184
362 2641 6183
361 2642 6182
360 2643 6181
359 2644 6180
358 2645 6179
357 2646 6178
356 2647 6177
355 2648 6176
354 2649 6175
353 2650 6174
352 2651 6173
351 2652 6172
350 2653 6171
349 2654 6170
348 2655 6169
347 2656 6168
346 2657 6167
345 2658 6166
344 2659 6165
343 2660 6164
342 2661 6163
341 2662 6162
340 2663 6161
339 2664 6160
338 2665 6159
337 2666 6158
336 2667 6157
335 2668 6156
334 2669 6155
333 2670 6154
332 2671 6153
331 2672 6152
330 2673 6151
329 2674 6150
328 2675 6149
327 2676 6148
326 2677 6147
325 2678 6146
324 2679 6145
323 2680 6144
322 2681 6143
321 2682 6142
320 2683 6141
319 2684 6140
318 2685 6139
317 2686 6138
316 2687 6137
315 2688 6136
314 2689 6135
313 2690 6134
312 2691 6133
311 2692 6132
310 2693 6131
309 2694 6130
308 2695 6129
307 2696 6128
306 2697 6127
305 2698 6126
304 2699 6125
303 2700 6124
302 2701 6123
301 2702 6122
300 2703 6121
299 2704 6120
298 2705 6119
297 2706 6118
296 2707 6117
295 2708 6116
294 2709 6115
293 2710 6114
292 2711 6113
291 2712 6112
290 2713 6111
289 2714 6110
288 2715 6109
287 2716 6108
286 2717 6107
285 2718 6106
284 2719 6105
283 2720 6104
282 2721 6103
281 2722 6102
280 2723 6101
279 2724 6100
278 2725 6099
277 2726 6098
276 2727 6097
275 2728 6096
274 2729 6095
273 2730 6094
272 2731 6093
271 2732 6092
270 2733 6091
269 2734 6090
268 2735 6089
267 2736 6088
266 2737 6087
265 2738 6086
264 2739 6085
263 2740 6084
262 2741 6083
261 2742 6082
260 2743 6081
259 2744 6080
258 2745 6079
257 2746 6078
256 2747 6077
255 2748 6076
254 2749 6075
253 2750 6074
252 2751 6073
251 2752 6072
250 2753 6071
249 2754 6070
248 2755 6069
247 2756 6068
246 2757 6067
245 2758 6066
244 2759 6065
243 2760 6064
242 2761 6063
241 2762 6062
240 2763 6061
239 2764 6060
238 2765 6059
237 2766 6058
236 2767 6057
235 2768 6056
234 2769 6055
233 2770 6054
232 2771 6053
231 2772 6052
230 2773 6051
229 2774 6050
228 2775 6049
227 2776 6048
226 2777 6047
225 2778 6046
224 2779 6045
223 2780 6044
222 2781 6043
221 2782 6042
220 2783 6041
219 2784 6040
218 2785 6039
217 2786 6038
216 2787 6037
215 2788 6036
214 2789 6035
213 2790 6034
212 2791 6033
211 2792 6032
210 2793 6031
209 2794 6030
208 2795 6029
207 2796 6028
206 2797 6027
205 2798 6026
204 2799 6025
203 2800 6024
202 2801 6023
201 2802 6022
200 2803 6021
199 2804 6020
198 2805 6019
197 2806 6018
196 2807 6017
195 2808 6016
194 2809 6015
193 2810 6014
192 2811 6013
191 2812 6012
190 2813 6011
189 2814 6010
188 2815 6009
187 2816 6008
186 2817 6007
185 2818 6006
184 2819 6005
183 2820 6004
182 2821 6003
181 2822 6002
180 2823 6001
