2352
3000 3 8352
2999 4 8351
2998 5 8350
2997 6 8349
2996 7 8348
2995 8 8347
2994 9 8346
2993 10 8345
2992 11 8344
2991 12 8343
2990 13 8342
2989 14 8341
2988 15 8340
2987 16 8339
2986 17 8338
2985 18 8337
2984 19 8336
2983 20 8335
2982 21 8334
2981 22 8333
2980 23 8332
2979 24 8331
2978 25 8330
2977 26 8329
2976 27 8328
2975 28 8327
2974 29 8326
2973 30 8325
2972 31 8324
2971 32 8323
2970 33 8322
2969 34 8321
2968 35 8320
2967 36 8319
2966 37 8318
2965 38 8317
2964 39 8316
2963 40 8315
2962 41 8314
2961 42 8313
2960 43 8312
2959 44 8311
2958 45 8310
2957 46 8309
2956 47 8308
2955 48 8307
2954 49 8306
2953 50 8305
2952 51 8304
2951 52 8303
2950 53 8302
2949 54 8301
2948 55 8300
2947 56 8299
2946 57 8298
2945 58 8297
2944 59 8296
2943 60 8295
2942 61 8294
2941 62 8293
2940 63 8292
2939 64 8291
2938 65 8290
2937 66 8289
2936 67 8288
2935 68 8287
2934 69 8286
2933 70 8285
2932 71 8284
2931 72 8283
2930 73 8282
2929 74 8281
2928 75 8280
2927 76 8279
2926 77 8278
2925 78 8277
2924 79 8276
2923 80 8275
2922 81 8274
2921 82 8273
2920 83 8272
2919 84 8271
2918 85 8270
2917 86 8269
2916 87 8268
2915 88 8267
2914 89 8266
2913 90 8265
2912 91 8264
2911 92 8263
2910 93 8262
2909 94 8261
2908 95 8260
2907 96 8259
2906 97 8258
2905 98 8257
2904 99 8256
2903 100 8255
2902 101 8254
2901 102 8253
2900 103 8252
2899 104 8251
2898 105 8250
2897 106 8249
2896 107 8248
2895 108 8247
2894 109 8246
2893 110 8245
2892 111 8244
2891 112 8243
2890 113 8242
2889 114 8241
2888 115 8240
2887 116 8239
2886 117 8238
2885 118 8237
2884 119 8236
2883 120 8235
2882 121 8234
2881 122 8233
2880 123 8232
2879 124 8231
2878 125 8230
2877 126 8229
2876 127 8228
2875 128 8227
2874 129 8226
2873 130 8225
2872 131 8224
2871 132 8223
2870 133 8222
2869 134 8221
2868 135 8220
2867 136 8219
2866 137 8218
2865 138 8217
2864 139 8216
2863 140 8215
2862 141 8214
2861 142 8213
2860 143 8212
2859 144 8211
2858 145 8210
2857 146 8209
2856 147 8208
2855 148 8207
2854 149 8206
2853 150 8205
2852 151 8204
2851 152 8203
2850 153 8202
2849 154 8201
2848 155 8200
2847 156 8199
2846 157 8198
2845 158 8197
2844 159 8196
2843 160 8195
2842 161 8194
2841 162 8193
2840 163 8192
2839 164 8191
2838 165 8190
2837 166 8189
2836 167 8188
2835 168 8187
2834 169 8186
2833 170 8185
2832 171 8184
2831 172 8183
2830 173 8182
2829 174 8181
2828 175 8180
2827 176 8179
2826 177 8178
2825 178 8177
2824 179 8176
2823 180 8175
2822 181 8174
2821 182 8173
2820 183 8172
2819 184 8171
2818 185 8170
2817 186 8169
2816 187 8168
2815 188 8167
2814 189 8166
2813 190 8165
2812 191 8164
2811 192 8163
2810 193 8162
2809 194 8161
2808 195 8160
2807 196 8159
2806 197 8158
2805 198 8157
2804 199 8156
2803 200 8155
2802 201 8154
2801 202 8153
2800 203 8152
2799 204 8151
2798 205 8150
2797 206 8149
2796 207 8148
2795 208 8147
2794 209 8146
2793 210 8145
2792 211 8144
2791 212 8143
2790 213 8142
2789 214 8141
2788 215 8140
2787 216 8139
2786 217 8138
2785 218 8137
2784 219 8136
2783 220 8135
2782 221 8134
2781 222 8133
2780 223 8132
2779 224 8131
2778 225 8130
2777 226 8129
2776 227 8128
2775 228 8127
2774 229 8126
2773 230 8125
2772 231 8124
2771 232 8123
2770 233 8122
2769 234 8121
2768 235 8120
2767 236 8119
2766 237 8118
2765 238 8117
2764 239 8116
2763 240 8115
2762 241 8114
2761 242 8113
2760 243 8112
2759 244 8111
2758 245 8110
2757 246 8109
2756 247 8108
2755 248 8107
2754 249 8106
2753 250 8105
2752 251 8104
2751 252 8103
2750 253 8102
2749 254 8101
2748 255 8100
2747 256 8099
2746 257 8098
2745 258 8097
2744 259 8096
2743 260 8095
2742 261 8094
2741 262 8093
2740 263 8092
2739 264 8091
2738 265 8090
2737 266 8089
2736 267 8088
2735 268 8087
2734 269 8086
2733 270 8085
2732 271 8084
2731 272 8083
2730 273 8082
2729 274 8081
2728 275 8080
2727 276 8079
2726 277 8078
2725 278 8077
2724 279 8076
2723 280 8075
2722 281 8074
2721 282 8073
2720 283 8072
2719 284 8071
2718 285 8070
2717 286 8069
2716 287 8068
2715 288 8067
2714 289 8066
2713 290 8065
2712 291 8064
2711 292 8063
2710 293 8062
2709 294 8061
2708 295 8060
2707 296 8059
2706 297 8058
2705 298 8057
2704 299 8056
2703 300 8055
2702 301 8054
2701 302 8053
2700 303 8052
2699 304 8051
2698 305 8050
2697 306 8049
2696 307 8048
2695 308 8047
2694 309 8046
2693 310 8045
2692 311 8044
2691 312 8043
2690 313 8042
2689 314 8041
2688 315 8040
2687 316 8039
2686 317 8038
2685 318 8037
2684 319 8036
2683 320 8035
2682 321 8034
2681 322 8033
2680 323 8032
2679 324 8031
2678 325 8030
2677 326 8029
2676 327 8028
2675 328 8027
2674 329 8026
2673 330 8025
2672 331 8024
2671 332 8023
2670 333 8022
2669 334 8021
2668 335 8020
2667 336 8019
2666 337 8018
2665 338 8017
2664 339 8016
2663 340 8015
2662 341 8014
2661 342 8013
2660 343 8012
2659 344 8011
2658 345 8010
2657 346 8009
2656 347 8008
2655 348 8007
2654 349 8006
2653 350 8005
2652 351 8004
2651 352 8003
2650 353 8002
2649 354 8001
2648 355 8000
2647 356 7999
2646 357 7998
2645 358 7997
2644 359 7996
2643 360 7995
2642 361 7994
2641 362 7993
2640 363 7992
2639 364 7991
2638 365 7990
2637 366 7989
2636 367 7988
2635 368 7987
2634 369 7986
2633 370 7985
2632 371 7984
2631 372 7983
2630 373 7982
2629 374 7981
2628 375 7980
2627 376 7979
2626 377 7978
2625 378 7977
2624 379 7976
2623 380 7975
2622 381 7974
2621 382 7973
2620 383 7972
2619 384 7971
2618 385 7970
2617 386 7969
2616 387 7968
2615 388 7967
2614 389 7966
2613 390 7965
2612 391 7964
2611 392 7963
2610 393 7962
2609 394 7961
2608 395 7960
2607 396 7959
2606 397 7958
2605 398 7957
2604 399 7956
2603 400 7955
2602 401 7954
2601 402 7953
2600 403 7952
2599 404 7951
2598 405 7950
2597 406 7949
2596 407 7948
2595 408 7947
2594 409 7946
2593 410 7945
2592 411 7944
2591 412 7943
2590 413 7942
2589 414 7941
2588 415 7940
2587 416 7939
2586 417 7938
2585 418 7937
2584 419 7936
2583 420 7935
2582 421 7934
2581 422 7933
2580 423 7932
2579 424 7931
2578 425 7930
2577 426 7929
2576 427 7928
2575 428 7927
2574 429 7926
2573 430 7925
2572 431 7924
2571 432 7923
2570 433 7922
2569 434 7921
2568 435 7920
2567 436 7919
2566 437 7918
2565 438 7917
2564 439 7916
2563 440 7915
2562 441 7914
2561 442 7913
2560 443 7912
2559 444 7911
2558 445 7910
2557 446 7909
2556 447 7908
2555 448 7907
2554 449 7906
2553 450 7905
2552 451 7904
2551 452 7903
2550 453 7902
2549 454 7901
2548 455 7900
2547 456 7899
2546 457 7898
2545 458 7897
2544 459 7896
2543 460 7895
2542 461 7894
2541 462 7893
2540 463 7892
2539 464 7891
2538 465 7890
2537 466 7889
2536 467 7888
2535 468 7887
2534 469 7886
2533 470 7885
2532 471 7884
2531 472 7883
2530 473 7882
2529 474 7881
2528 475 7880
2527 476 7879
2526 477 7878
2525 478 7877
2524 479 7876
2523 480 7875
2522 481 7874
2521 482 7873
2520 483 7872
2519 484 7871
2518 485 7870
2517 486 7869
2516 487 7868
2515 488 7867
2514 489 7866
2513 490 7865
2512 491 7864
2511 492 7863
2510 493 7862
2509 494 7861
2508 495 7860
2507 496 7859
2506 497 7858
2505 498 7857
2504 499 7856
2503 500 7855
2502 501 7854
2501 502 7853
2500 503 7852
2499 504 7851
2498 505 7850
2497 506 7849
2496 507 7848
2495 508 7847
2494 509 7846
2493 510 7845
2492 511 7844
2491 512 7843
2490 513 7842
2489 514 7841
2488 515 7840
2487 516 7839
2486 517 7838
2485 518 7837
2484 519 7836
2483 520 7835
2482 521 7834
2481 522 7833
2480 523 7832
2479 524 7831
2478 525 7830
2477 526 7829
2476 527 7828
2475 528 7827
2474 529 7826
2473 530 7825
2472 531 7824
2471 532 7823
2470 533 7822
2469 534 7821
2468 535 7820
2467 536 7819
2466 537 7818
2465 538 7817
2464 539 7816
2463 540 7815
2462 541 7814
2461 542 7813
2460 543 7812
2459 544 7811
2458 545 7810
2457 546 7809
2456 547 7808
2455 548 7807
2454 549 7806
2453 550 7805
2452 551 7804
2451 552 7803
2450 553 7802
2449 554 7801
2448 555 7800
2447 556 7799
2446 557 7798
2445 558 7797
2444 559 7796
2443 560 7795
2442 561 7794
2441 562 7793
2440 563 7792
2439 564 7791
2438 565 7790
2437 566 7789
2436 567 7788
2435 568 7787
2434 569 7786
2433 570 7785
2432 571 7784
2431 572 7783
2430 573 7782
2429 574 7781
2428 575 7780
2427 576 7779
2426 577 7778
2425 578 7777
2424 579 7776
2423 580 7775
2422 581 7774
2421 582 7773
2420 583 7772
2419 584 7771
2418 585 7770
2417 586 7769
2416 587 7768
2415 588 7767
2414 589 7766
2413 590 7765
2412 591 7764
2411 592 7763
2410 593 7762
2409 594 7761
2408 595 7760
2407 596 7759
2406 597 7758
2405 598 7757
2404 599 7756
2403 600 7755
2402 601 7754
2401 602 7753
2400 603 7752
2399 604 7751
2398 605 7750
2397 606 7749
2396 607 7748
2395 608 7747
2394 609 7746
2393 610 7745
2392 611 7744
2391 612 7743
2390 613 7742
2389 614 7741
2388 615 7740
2387 616 7739
2386 617 7738
2385 618 7737
2384 619 7736
2383 620 7735
2382 621 7734
2381 622 7733
2380 623 7732
2379 624 7731
2378 625 7730
2377 626 7729
2376 627 7728
2375 628 7727
2374 629 7726
2373 630 7725
2372 631 7724
2371 632 7723
2370 633 7722
2369 634 7721
2368 635 7720
2367 636 7719
2366 637 7718
2365 638 7717
2364 639 7716
2363 640 7715
2362 641 7714
2361 642 7713
2360 643 7712
2359 644 7711
2358 645 7710
2357 646 7709
2356 647 7708
2355 648 7707
2354 649 7706
2353 650 7705
2352 651 7704
2351 652 7703
2350 653 7702
2349 654 7701
2348 655 7700
2347 656 7699
2346 657 7698
2345 658 7697
2344 659 7696
2343 660 7695
2342 661 7694
2341 662 7693
2340 663 7692
2339 664 7691
2338 665 7690
2337 666 7689
2336 667 7688
2335 668 7687
2334 669 7686
2333 670 7685
2332 671 7684
2331 672 7683
2330 673 7682
2329 674 7681
2328 675 7680
2327 676 7679
2326 677 7678
2325 678 7677
2324 679 7676
2323 680 7675
2322 681 7674
2321 682 7673
2320 683 7672
2319 684 7671
2318 685 7670
2317 686 7669
2316 687 7668
2315 688 7667
2314 689 7666
2313 690 7665
2312 691 7664
2311 692 7663
2310 693 7662
2309 694 7661
2308 695 7660
2307 696 7659
2306 697 7658
2305 698 7657
2304 699 7656
2303 700 7655
2302 701 7654
2301 702 7653
2300 703 7652
2299 704 7651
2298 705 7650
2297 706 7649
2296 707 7648
2295 708 7647
2294 709 7646
2293 710 7645
2292 711 7644
2291 712 7643
2290 713 7642
2289 714 7641
2288 715 7640
2287 716 7639
2286 717 7638
2285 718 7637
2284 719 7636
2283 720 7635
2282 721 7634
2281 722 7633
2280 723 7632
2279 724 7631
2278 725 7630
2277 726 7629
2276 727 7628
2275 728 7627
2274 729 7626
2273 730 7625
2272 731 7624
2271 732 7623
2270 733 7622
2269 734 7621
2268 735 7620
2267 736 7619
2266 737 7618
2265 738 7617
2264 739 7616
2263 740 7615
2262 741 7614
2261 742 7613
2260 743 7612
2259 744 7611
2258 745 7610
2257 746 7609
2256 747 7608
2255 748 7607
2254 749 7606
2253 750 7605
2252 751 7604
2251 752 7603
2250 753 7602
2249 754 7601
2248 755 7600
2247 756 7599
2246 757 7598
2245 758 7597
2244 759 7596
2243 760 7595
2242 761 7594
2241 762 7593
2240 763 7592
2239 764 7591
2238 765 7590
2237 766 7589
2236 767 7588
2235 768 7587
2234 769 7586
2233 770 7585
2232 771 7584
2231 772 7583
2230 773 7582
2229 774 7581
2228 775 7580
2227 776 7579
2226 777 7578
2225 778 7577
2224 779 7576
2223 780 7575
2222 781 7574
2221 782 7573
2220 783 7572
2219 784 7571
2218 785 7570
2217 786 7569
2216 787 7568
2215 788 7567
2214 789 7566
2213 790 7565
2212 791 7564
2211 792 7563
2210 793 7562
2209 794 7561
2208 795 7560
2207 796 7559
2206 797 7558
2205 798 7557
2204 799 7556
2203 800 7555
2202 801 7554
2201 802 7553
2200 803 7552
2199 804 7551
2198 805 7550
2197 806 7549
2196 807 7548
2195 808 7547
2194 809 7546
2193 810 7545
2192 811 7544
2191 812 7543
2190 813 7542
2189 814 7541
2188 815 7540
2187 816 7539
2186 817 7538
2185 818 7537
2184 819 7536
2183 820 7535
2182 821 7534
2181 822 7533
2180 823 7532
2179 824 7531
2178 825 7530
2177 826 7529
2176 827 7528
2175 828 7527
2174 829 7526
2173 830 7525
2172 831 7524
2171 832 7523
2170 833 7522
2169 834 7521
2168 835 7520
2167 836 7519
2166 837 7518
2165 838 7517
2164 839 7516
2163 840 7515
2162 841 7514
2161 842 7513
2160 843 7512
2159 844 7511
2158 845 7510
2157 846 7509
2156 847 7508
2155 848 7507
2154 849 7506
2153 850 7505
2152 851 7504
2151 852 7503
2150 853 7502
2149 854 7501
2148 855 7500
2147 856 7499
2146 857 7498
2145 858 7497
2144 859 7496
2143 860 7495
2142 861 7494
2141 862 7493
2140 863 7492
2139 864 7491
2138 865 7490
2137 866 7489
2136 867 7488
2135 868 7487
2134 869 7486
2133 870 7485
2132 871 7484
2131 872 7483
2130 873 7482
2129 874 7481
2128 875 7480
2127 876 7479
2126 877 7478
2125 878 7477
2124 879 7476
2123 880 7475
2122 881 7474
2121 882 7473
2120 883 7472
2119 884 7471
2118 885 7470
2117 886 7469
2116 887 7468
2115 888 7467
2114 889 7466
2113 890 7465
2112 891 7464
2111 892 7463
2110 893 7462
2109 894 7461
2108 895 7460
2107 896 7459
2106 897 7458
2105 898 7457
2104 899 7456
2103 900 7455
2102 901 7454
2101 902 7453
2100 903 7452
2099 904 7451
2098 905 7450
2097 906 7449
2096 907 7448
2095 908 7447
2094 909 7446
2093 910 7445
2092 911 7444
2091 912 7443
2090 913 7442
2089 914 7441
2088 915 7440
2087 916 7439
2086 917 7438
2085 918 7437
2084 919 7436
2083 920 7435
2082 921 7434
2081 922 7433
2080 923 7432
2079 924 7431
2078 925 7430
2077 926 7429
2076 927 7428
2075 928 7427
2074 929 7426
2073 930 7425
2072 931 7424
2071 932 7423
2070 933 7422
2069 934 7421
2068 935 7420
2067 936 7419
2066 937 7418
2065 938 7417
2064 939 7416
2063 940 7415
2062 941 7414
2061 942 7413
2060 943 7412
2059 944 7411
2058 945 7410
2057 946 7409
2056 947 7408
2055 948 7407
2054 949 7406
2053 950 7405
2052 951 7404
2051 952 7403
2050 953 7402
2049 954 7401
2048 955 7400
2047 956 7399
2046 957 7398
2045 958 7397
2044 959 7396
2043 960 7395
2042 961 7394
2041 962 7393
2040 963 7392
2039 964 7391
2038 965 7390
2037 966 7389
2036 967 7388
2035 968 7387
2034 969 7386
2033 970 7385
2032 971 7384
2031 972 7383
2030 973 7382
2029 974 7381
2028 975 7380
2027 976 7379
2026 977 7378
2025 978 7377
2024 979 7376
2023 980 7375
2022 981 7374
2021 982 7373
2020 983 7372
2019 984 7371
2018 985 7370
2017 986 7369
2016 987 7368
2015 988 7367
2014 989 7366
2013 990 7365
2012 991 7364
2011 992 7363
2010 993 7362
2009 994 7361
2008 995 7360
2007 996 7359
2006 997 7358
2005 998 7357
2004 999 7356
2003 1000 7355
2002 1001 7354
2001 1002 7353
2000 1003 7352
1999 1004 7351
1998 1005 7350
1997 1006 7349
1996 1007 7348
1995 1008 7347
1994 1009 7346
1993 1010 7345
1992 1011 7344
1991 1012 7343
1990 1013 7342
1989 1014 7341
1988 1015 7340
1987 1016 7339
1986 1017 7338
1985 1018 7337
1984 1019 7336
1983 1020 7335
1982 1021 7334
1981 1022 7333
1980 1023 7332
1979 1024 7331
1978 1025 7330
1977 1026 7329
1976 1027 7328
1975 1028 7327
1974 1029 7326
1973 1030 7325
1972 1031 7324
1971 1032 7323
1970 1033 7322
1969 1034 7321
1968 1035 7320
1967 1036 7319
1966 1037 7318
1965 1038 7317
1964 1039 7316
1963 1040 7315
1962 1041 7314
1961 1042 7313
1960 1043 7312
1959 1044 7311
1958 1045 7310
1957 1046 7309
1956 1047 7308
1955 1048 7307
1954 1049 7306
1953 1050 7305
1952 1051 7304
1951 1052 7303
1950 1053 7302
1949 1054 7301
1948 1055 7300
1947 1056 7299
1946 1057 7298
1945 1058 7297
1944 1059 7296
1943 1060 7295
1942 1061 7294
1941 1062 7293
1940 1063 7292
1939 1064 7291
1938 1065 7290
1937 1066 7289
1936 1067 7288
1935 1068 7287
1934 1069 7286
1933 1070 7285
1932 1071 7284
1931 1072 7283
1930 1073 7282
1929 1074 7281
1928 1075 7280
1927 1076 7279
1926 1077 7278
1925 1078 7277
1924 1079 7276
1923 1080 7275
1922 1081 7274
1921 1082 7273
1920 1083 7272
1919 1084 7271
1918 1085 7270
1917 1086 7269
1916 1087 7268
1915 1088 7267
1914 1089 7266
1913 1090 7265
1912 1091 7264
1911 1092 7263
1910 1093 7262
1909 1094 7261
1908 1095 7260
1907 1096 7259
1906 1097 7258
1905 1098 7257
1904 1099 7256
1903 1100 7255
1902 1101 7254
1901 1102 7253
1900 1103 7252
1899 1104 7251
1898 1105 7250
1897 1106 7249
1896 1107 7248
1895 1108 7247
1894 1109 7246
1893 1110 7245
1892 1111 7244
1891 1112 7243
1890 1113 7242
1889 1114 7241
1888 1115 7240
1887 1116 7239
1886 1117 7238
1885 1118 7237
1884 1119 7236
1883 1120 7235
1882 1121 7234
1881 1122 7233
1880 1123 7232
1879 1124 7231
1878 1125 7230
1877 1126 7229
1876 1127 7228
1875 1128 7227
1874 1129 7226
1873 1130 7225
1872 1131 7224
1871 1132 7223
1870 1133 7222
1869 1134 7221
1868 1135 7220
1867 1136 7219
1866 1137 7218
1865 1138 7217
1864 1139 7216
1863 1140 7215
1862 1141 7214
1861 1142 7213
1860 1143 7212
1859 1144 7211
1858 1145 7210
1857 1146 7209
1856 1147 7208
1855 1148 7207
1854 1149 7206
1853 1150 7205
1852 1151 7204
1851 1152 7203
1850 1153 7202
1849 1154 7201
1848 1155 7200
1847 1156 7199
1846 1157 7198
1845 1158 7197
1844 1159 7196
1843 1160 7195
1842 1161 7194
1841 1162 7193
1840 1163 7192
1839 1164 7191
1838 1165 7190
1837 1166 7189
1836 1167 7188
1835 1168 7187
1834 1169 7186
1833 1170 7185
1832 1171 7184
1831 1172 7183
1830 1173 7182
1829 1174 7181
1828 1175 7180
1827 1176 7179
1826 1177 7178
1825 1178 7177
1824 1179 7176
1823 1180 7175
1822 1181 7174
1821 1182 7173
1820 1183 7172
1819 1184 7171
1818 1185 7170
1817 1186 7169
1816 1187 7168
1815 1188 7167
1814 1189 7166
1813 1190 7165
1812 1191 7164
1811 1192 7163
1810 1193 7162
1809 1194 7161
1808 1195 7160
1807 1196 7159
1806 1197 7158
1805 1198 7157
1804 1199 7156
1803 1200 7155
1802 1201 7154
1801 1202 7153
1800 1203 7152
1799 1204 7151
1798 1205 7150
1797 1206 7149
1796 1207 7148
1795 1208 7147
1794 1209 7146
1793 1210 7145
1792 1211 7144
1791 1212 7143
1790 1213 7142
1789 1214 7141
1788 1215 7140
1787 1216 7139
1786 1217 7138
1785 1218 7137
1784 1219 7136
1783 1220 7135
1782 1221 7134
1781 1222 7133
1780 1223 7132
1779 1224 7131
1778 1225 7130
1777 1226 7129
1776 1227 7128
1775 1228 7127
1774 1229 7126
1773 1230 7125
1772 1231 7124
1771 1232 7123
1770 1233 7122
1769 1234 7121
1768 1235 7120
1767 1236 7119
1766 1237 7118
1765 1238 7117
1764 1239 7116
1763 1240 7115
1762 1241 7114
1761 1242 7113
1760 1243 7112
1759 1244 7111
1758 1245 7110
1757 1246 7109
1756 1247 7108
1755 1248 7107
1754 1249 7106
1753 1250 7105
1752 1251 7104
1751 1252 7103
1750 1253 7102
1749 1254 7101
1748 1255 7100
1747 1256 7099
1746 1257 7098
1745 1258 7097
1744 1259 7096
1743 1260 7095
1742 1261 7094
1741 1262 7093
1740 1263 7092
1739 1264 7091
1738 1265 7090
1737 1266 7089
1736 1267 7088
1735 1268 7087
1734 1269 7086
1733 1270 7085
1732 1271 7084
1731 1272 7083
1730 1273 7082
1729 1274 7081
1728 1275 7080
1727 1276 7079
1726 1277 7078
1725 1278 7077
1724 1279 7076
1723 1280 7075
1722 1281 7074
1721 1282 7073
1720 1283 7072
1719 1284 7071
1718 1285 7070
1717 1286 7069
1716 1287 7068
1715 1288 7067
1714 1289 7066
1713 1290 7065
1712 1291 7064
1711 1292 7063
1710 1293 7062
1709 1294 7061
1708 1295 7060
1707 1296 7059
1706 1297 7058
1705 1298 7057
1704 1299 7056
1703 1300 7055
1702 1301 7054
1701 1302 7053
1700 1303 7052
1699 1304 7051
1698 1305 7050
1697 1306 7049
1696 1307 7048
1695 1308 7047
1694 1309 7046
1693 1310 7045
1692 1311 7044
1691 1312 7043
1690 1313 7042
1689 1314 7041
1688 1315 7040
1687 1316 7039
1686 1317 7038
1685 1318 7037
1684 1319 7036
1683 1320 7035
1682 1321 7034
1681 1322 7033
1680 1323 7032
1679 1324 7031
1678 1325 7030
1677 1326 7029
1676 1327 7028
1675 1328 7027
1674 1329 7026
1673 1330 7025
1672 1331 7024
1671 1332 7023
1670 1333 7022
1669 1334 7021
1668 1335 7020
1667 1336 7019
1666 1337 7018
1665 1338 7017
1664 1339 7016
1663 1340 7015
1662 1341 7014
1661 1342 7013
1660 1343 7012
1659 1344 7011
1658 1345 7010
1657 1346 7009
1656 1347 7008
1655 1348 7007
1654 1349 7006
1653 1350 7005
1652 1351 7004
1651 1352 7003
1650 1353 7002
1649 1354 7001
1648 1355 7000
1647 1356 6999
1646 1357 6998
1645 1358 6997
1644 1359 6996
1643 1360 6995
1642 1361 6994
1641 1362 6993
1640 1363 6992
1639 1364 6991
1638 1365 6990
1637 1366 6989
1636 1367 6988
1635 1368 6987
1634 1369 6986
1633 1370 6985
1632 1371 6984
1631 1372 6983
1630 1373 6982
1629 1374 6981
1628 1375 6980
1627 1376 6979
1626 1377 6978
1625 1378 6977
1624 1379 6976
1623 1380 6975
1622 1381 6974
1621 1382 6973
1620 1383 6972
1619 1384 6971
1618 1385 6970
1617 1386 6969
1616 1387 6968
1615 1388 6967
1614 1389 6966
1613 1390 6965
1612 1391 6964
1611 1392 6963
1610 1393 6962
1609 1394 6961
1608 1395 6960
1607 1396 6959
1606 1397 6958
1605 1398 6957
1604 1399 6956
1603 1400 6955
1602 1401 6954
1601 1402 6953
1600 1403 6952
1599 1404 6951
1598 1405 6950
1597 1406 6949
1596 1407 6948
1595 1408 6947
1594 1409 6946
1593 1410 6945
1592 1411 6944
1591 1412 6943
1590 1413 6942
1589 1414 6941
1588 1415 6940
1587 1416 6939
1586 1417 6938
1585 1418 6937
1584 1419 6936
1583 1420 6935
1582 1421 6934
1581 1422 6933
1580 1423 6932
1579 1424 6931
1578 1425 6930
1577 1426 6929
1576 1427 6928
1575 1428 6927
1574 1429 6926
1573 1430 6925
1572 1431 6924
1571 1432 6923
1570 1433 6922
1569 1434 6921
1568 1435 6920
1567 1436 6919
1566 1437 6918
1565 1438 6917
1564 1439 6916
1563 1440 6915
1562 1441 6914
1561 1442 6913
1560 1443 6912
1559 1444 6911
1558 1445 6910
1557 1446 6909
1556 1447 6908
1555 1448 6907
1554 1449 6906
1553 1450 6905
1552 1451 6904
1551 1452 6903
1550 1453 6902
1549 1454 6901
1548 1455 6900
1547 1456 6899
1546 1457 6898
1545 1458 6897
1544 1459 6896
1543 1460 6895
1542 1461 6894
1541 1462 6893
1540 1463 6892
1539 1464 6891
1538 1465 6890
1537 1466 6889
1536 1467 6888
1535 1468 6887
1534 1469 6886
1533 1470 6885
1532 1471 6884
1531 1472 6883
1530 1473 6882
1529 1474 6881
1528 1475 6880
1527 1476 6879
1526 1477 6878
1525 1478 6877
1524 1479 6876
1523 1480 6875
1522 1481 6874
1521 1482 6873
1520 1483 6872
1519 1484 6871
1518 1485 6870
1517 1486 6869
1516 1487 6868
1515 1488 6867
1514 1489 6866
1513 1490 6865
1512 1491 6864
1511 1492 6863
1510 1493 6862
1509 1494 6861
1508 1495 6860
1507 1496 6859
1506 1497 6858
1505 1498 6857
1504 1499 6856
1503 1500 6855
1502 1501 6854
1501 1502 6853
1500 1503 6852
1499 1504 6851
1498 1505 6850
1497 1506 6849
1496 1507 6848
1495 1508 6847
1494 1509 6846
1493 1510 6845
1492 1511 6844
1491 1512 6843
1490 1513 6842
1489 1514 6841
1488 1515 6840
1487 1516 6839
1486 1517 6838
1485 1518 6837
1484 1519 6836
1483 1520 6835
1482 1521 6834
1481 1522 6833
1480 1523 6832
1479 1524 6831
1478 1525 6830
1477 1526 6829
1476 1527 6828
1475 1528 6827
1474 1529 6826
1473 1530 6825
1472 1531 6824
1471 1532 6823
1470 1533 6822
1469 1534 6821
1468 1535 6820
1467 1536 6819
1466 1537 6818
1465 1538 6817
1464 1539 6816
1463 1540 6815
1462 1541 6814
1461 1542 6813
1460 1543 6812
1459 1544 6811
1458 1545 6810
1457 1546 6809
1456 1547 6808
1455 1548 6807
1454 1549 6806
1453 1550 6805
1452 1551 6804
1451 1552 6803
1450 1553 6802
1449 1554 6801
1448 1555 6800
1447 1556 6799
1446 1557 6798
1445 1558 6797
1444 1559 6796
1443 1560 6795
1442 1561 6794
1441 1562 6793
1440 1563 6792
1439 1564 6791
1438 1565 6790
1437 1566 6789
1436 1567 6788
1435 1568 6787
1434 1569 6786
1433 1570 6785
1432 1571 6784
1431 1572 6783
1430 1573 6782
1429 1574 6781
1428 1575 6780
1427 1576 6779
1426 1577 6778
1425 1578 6777
1424 1579 6776
1423 1580 6775
1422 1581 6774
1421 1582 6773
1420 1583 6772
1419 1584 6771
1418 1585 6770
1417 1586 6769
1416 1587 6768
1415 1588 6767
1414 1589 6766
1413 1590 6765
1412 1591 6764
1411 1592 6763
1410 1593 6762
1409 1594 6761
1408 1595 6760
1407 1596 6759
1406 1597 6758
1405 1598 6757
1404 1599 6756
1403 1600 6755
1402 1601 6754
1401 1602 6753
1400 1603 6752
1399 1604 6751
1398 1605 6750
1397 1606 6749
1396 1607 6748
1395 1608 6747
1394 1609 6746
1393 1610 6745
1392 1611 6744
1391 1612 6743
1390 1613 6742
1389 1614 6741
1388 1615 6740
1387 1616 6739
1386 1617 6738
1385 1618 6737
1384 1619 6736
1383 1620 6735
1382 1621 6734
1381 1622 6733
1380 1623 6732
1379 1624 6731
1378 1625 6730
1377 1626 6729
1376 1627 6728
1375 1628 6727
1374 1629 6726
1373 1630 6725
1372 1631 6724
1371 1632 6723
1370 1633 6722
1369 1634 6721
1368 1635 6720
1367 1636 6719
1366 1637 6718
1365 1638 6717
1364 1639 6716
1363 1640 6715
1362 1641 6714
1361 1642 6713
1360 1643 6712
1359 1644 6711
1358 1645 6710
1357 1646 6709
1356 1647 6708
1355 1648 6707
1354 1649 6706
1353 1650 6705
1352 1651 6704
1351 1652 6703
1350 1653 6702
1349 1654 6701
1348 1655 6700
1347 1656 6699
1346 1657 6698
1345 1658 6697
1344 1659 6696
1343 1660 6695
1342 1661 6694
1341 1662 6693
1340 1663 6692
1339 1664 6691
1338 1665 6690
1337 1666 6689
1336 1667 6688
1335 1668 6687
1334 1669 6686
1333 1670 6685
1332 1671 6684
1331 1672 6683
1330 1673 6682
1329 1674 6681
1328 1675 6680
1327 1676 6679
1326 1677 6678
1325 1678 6677
1324 1679 6676
1323 1680 6675
1322 1681 6674
1321 1682 6673
1320 1683 6672
1319 1684 6671
1318 1685 6670
1317 1686 6669
1316 1687 6668
1315 1688 6667
1314 1689 6666
1313 1690 6665
1312 1691 6664
1311 1692 6663
1310 1693 6662
1309 1694 6661
1308 1695 6660
1307 1696 6659
1306 1697 6658
1305 1698 6657
1304 1699 6656
1303 1700 6655
1302 1701 6654
1301 1702 6653
1300 1703 6652
1299 1704 6651
1298 1705 6650
1297 1706 6649
1296 1707 6648
1295 1708 6647
1294 1709 6646
1293 1710 6645
1292 1711 6644
1291 1712 6643
1290 1713 6642
1289 1714 6641
1288 1715 6640
1287 1716 6639
1286 1717 6638
1285 1718 6637
1284 1719 6636
1283 1720 6635
1282 1721 6634
1281 1722 6633
1280 1723 6632
1279 1724 6631
1278 1725 6630
1277 1726 6629
1276 1727 6628
1275 1728 6627
1274 1729 6626
1273 1730 6625
1272 1731 6624
1271 1732 6623
1270 1733 6622
1269 1734 6621
1268 1735 6620
1267 1736 6619
1266 1737 6618
1265 1738 6617
1264 1739 6616
1263 1740 6615
1262 1741 6614
1261 1742 6613
1260 1743 6612
1259 1744 6611
1258 1745 6610
1257 1746 6609
1256 1747 6608
1255 1748 6607
1254 1749 6606
1253 1750 6605
1252 1751 6604
1251 1752 6603
1250 1753 6602
1249 1754 6601
1248 1755 6600
1247 1756 6599
1246 1757 6598
1245 1758 6597
1244 1759 6596
1243 1760 6595
1242 1761 6594
1241 1762 6593
1240 1763 6592
1239 1764 6591
1238 1765 6590
1237 1766 6589
1236 1767 6588
1235 1768 6587
1234 1769 6586
1233 1770 6585
1232 1771 6584
1231 1772 6583
1230 1773 6582
1229 1774 6581
1228 1775 6580
1227 1776 6579
1226 1777 6578
1225 1778 6577
1224 1779 6576
1223 1780 6575
1222 1781 6574
1221 1782 6573
1220 1783 6572
1219 1784 6571
1218 1785 6570
1217 1786 6569
1216 1787 6568
1215 1788 6567
1214 1789 6566
1213 1790 6565
1212 1791 6564
1211 1792 6563
1210 1793 6562
1209 1794 6561
1208 1795 6560
1207 1796 6559
1206 1797 6558
1205 1798 6557
1204 1799 6556
1203 1800 6555
1202 1801 6554
1201 1802 6553
1200 1803 6552
1199 1804 6551
1198 1805 6550
1197 1806 6549
1196 1807 6548
1195 1808 6547
1194 1809 6546
1193 1810 6545
1192 1811 6544
1191 1812 6543
1190 1813 6542
1189 1814 6541
1188 1815 6540
1187 1816 6539
1186 1817 6538
1185 1818 6537
1184 1819 6536
1183 1820 6535
1182 1821 6534
1181 1822 6533
1180 1823 6532
1179 1824 6531
1178 1825 6530
1177 1826 6529
1176 1827 6528
1175 1828 6527
1174 1829 6526
1173 1830 6525
1172 1831 6524
1171 1832 6523
1170 1833 6522
1169 1834 6521
1168 1835 6520
1167 1836 6519
1166 1837 6518
1165 1838 6517
1164 1839 6516
1163 1840 6515
1162 1841 6514
1161 1842 6513
1160 1843 6512
1159 1844 6511
1158 1845 6510
1157 1846 6509
1156 1847 6508
1155 1848 6507
1154 1849 6506
1153 1850 6505
1152 1851 6504
1151 1852 6503
1150 1853 6502
1149 1854 6501
1148 1855 6500
1147 1856 6499
1146 1857 6498
1145 1858 6497
1144 1859 6496
1143 1860 6495
1142 1861 6494
1141 1862 6493
1140 1863 6492
1139 1864 6491
1138 1865 6490
1137 1866 6489
1136 1867 6488
1135 1868 6487
1134 1869 6486
1133 1870 6485
1132 1871 6484
1131 1872 6483
1130 1873 6482
1129 1874 6481
1128 1875 6480
1127 1876 6479
1126 1877 6478
1125 1878 6477
1124 1879 6476
1123 1880 6475
1122 1881 6474
1121 1882 6473
1120 1883 6472
1119 1884 6471
1118 1885 6470
1117 1886 6469
1116 1887 6468
1115 1888 6467
1114 1889 6466
1113 1890 6465
1112 1891 6464
1111 1892 6463
1110 1893 6462
1109 1894 6461
1108 1895 6460
1107 1896 6459
1106 1897 6458
1105 1898 6457
1104 1899 6456
1103 1900 6455
1102 1901 6454
1101 1902 6453
1100 1903 6452
1099 1904 6451
1098 1905 6450
1097 1906 6449
1096 1907 6448
1095 1908 6447
1094 1909 6446
1093 1910 6445
1092 1911 6444
1091 1912 6443
1090 1913 6442
1089 1914 6441
1088 1915 6440
1087 1916 6439
1086 1917 6438
1085 1918 6437
1084 1919 6436
1083 1920 6435
1082 1921 6434
1081 1922 6433
1080 1923 6432
1079 1924 6431
1078 1925 6430
1077 1926 6429
1076 1927 6428
1075 1928 6427
1074 1929 6426
1073 1930 6425
1072 1931 6424
1071 1932 6423
1070 1933 6422
1069 1934 6421
1068 1935 6420
1067 1936 6419
1066 1937 6418
1065 1938 6417
1064 1939 6416
1063 1940 6415
1062 1941 6414
1061 1942 6413
1060 1943 6412
1059 1944 6411
1058 1945 6410
1057 1946 6409
1056 1947 6408
1055 1948 6407
1054 1949 6406
1053 1950 6405
1052 1951 6404
1051 1952 6403
1050 1953 6402
1049 1954 6401
1048 1955 6400
1047 1956 6399
1046 1957 6398
1045 1958 6397
1044 1959 6396
1043 1960 6395
1042 1961 6394
1041 1962 6393
1040 1963 6392
1039 1964 6391
1038 1965 6390
1037 1966 6389
1036 1967 6388
1035 1968 6387
1034 1969 6386
1033 1970 6385
1032 1971 6384
1031 1972 6383
1030 1973 6382
1029 1974 6381
1028 1975 6380
1027 1976 6379
1026 1977 6378
1025 1978 6377
1024 1979 6376
1023 1980 6375
1022 1981 6374
1021 1982 6373
1020 1983 6372
1019 1984 6371
1018 1985 6370
1017 1986 6369
1016 1987 6368
1015 1988 6367
1014 1989 6366
1013 1990 6365
1012 1991 6364
1011 1992 6363
1010 1993 6362
1009 1994 6361
1008 1995 6360
1007 1996 6359
1006 1997 6358
1005 1998 6357
1004 1999 6356
1003 2000 6355
1002 2001 6354
1001 2002 6353
1000 2003 6352
999 2004 6351
998 2005 6350
997 2006 6349
996 2007 6348
995 2008 6347
994 2009 6346
993 2010 6345
992 2011 6344
991 2012 6343
990 2013 6342
989 2014 6341
988 2015 6340
987 2016 6339
986 2017 6338
985 2018 6337
984 2019 6336
983 2020 6335
982 2021 6334
981 2022 6333
980 2023 6332
979 2024 6331
978 2025 6330
977 2026 6329
976 2027 6328
975 2028 6327
974 2029 6326
973 2030 6325
972 2031 6324
971 2032 6323
970 2033 6322
969 2034 6321
968 2035 6320
967 2036 6319
966 2037 6318
965 2038 6317
964 2039 6316
963 2040 6315
962 2041 6314
961 2042 6313
960 2043 6312
959 2044 6311
958 2045 6310
957 2046 6309
956 2047 6308
955 2048 6307
954 2049 6306
953 2050 6305
952 2051 6304
951 2052 6303
950 2053 6302
949 2054 6301
948 2055 6300
947 2056 6299
946 2057 6298
945 2058 6297
944 2059 6296
943 2060 6295
942 2061 6294
941 2062 6293
940 2063 6292
939 2064 6291
938 2065 6290
937 2066 6289
936 2067 6288
935 2068 6287
934 2069 6286
933 2070 6285
932 2071 6284
931 2072 6283
930 2073 6282
929 2074 6281
928 2075 6280
927 2076 6279
926 2077 6278
925 2078 6277
924 2079 6276
923 2080 6275
922 2081 6274
921 2082 6273
920 2083 6272
919 2084 6271
918 2085 6270
917 2086 6269
916 2087 6268
915 2088 6267
914 2089 6266
913 2090 6265
912 2091 6264
911 2092 6263
910 2093 6262
909 2094 6261
908 2095 6260
907 2096 6259
906 2097 6258
905 2098 6257
904 2099 6256
903 2100 6255
902 2101 6254
901 2102 6253
900 2103 6252
899 2104 6251
898 2105 6250
897 2106 6249
896 2107 6248
895 2108 6247
894 2109 6246
893 2110 6245
892 2111 6244
891 2112 6243
890 2113 6242
889 2114 6241
888 2115 6240
887 2116 6239
886 2117 6238
885 2118 6237
884 2119 6236
883 2120 6235
882 2121 6234
881 2122 6233
880 2123 6232
879 2124 6231
878 2125 6230
877 2126 6229
876 2127 6228
875 2128 6227
874 2129 6226
873 2130 6225
872 2131 6224
871 2132 6223
870 2133 6222
869 2134 6221
868 2135 6220
867 2136 6219
866 2137 6218
865 2138 6217
864 2139 6216
863 2140 6215
862 2141 6214
861 2142 6213
860 2143 6212
859 2144 6211
858 2145 6210
857 2146 6209
856 2147 6208
855 2148 6207
854 2149 6206
853 2150 6205
852 2151 6204
851 2152 6203
850 2153 6202
849 2154 6201
848 2155 6200
847 2156 6199
846 2157 6198
845 2158 6197
844 2159 6196
843 2160 6195
842 2161 6194
841 2162 6193
840 2163 6192
839 2164 6191
838 2165 6190
837 2166 6189
836 2167 6188
835 2168 6187
834 2169 6186
833 2170 6185
832 2171 6184
831 2172 6183
830 2173 6182
829 2174 6181
828 2175 6180
827 2176 6179
826 2177 6178
825 2178 6177
824 2179 6176
823 2180 6175
822 2181 6174
821 2182 6173
820 2183 6172
819 2184 6171
818 2185 6170
817 2186 6169
816 2187 6168
815 2188 6167
814 2189 6166
813 2190 6165
812 2191 6164
811 2192 6163
810 2193 6162
809 2194 6161
808 2195 6160
807 2196 6159
806 2197 6158
805 2198 6157
804 2199 6156
803 2200 6155
802 2201 6154
801 2202 6153
800 2203 6152
799 2204 6151
798 2205 6150
797 2206 6149
796 2207 6148
795 2208 6147
794 2209 6146
793 2210 6145
792 2211 6144
791 2212 6143
790 2213 6142
789 2214 6141
788 2215 6140
787 2216 6139
786 2217 6138
785 2218 6137
784 2219 6136
783 2220 6135
782 2221 6134
781 2222 6133
780 2223 6132
779 2224 6131
778 2225 6130
777 2226 6129
776 2227 6128
775 2228 6127
774 2229 6126
773 2230 6125
772 2231 6124
771 2232 6123
770 2233 6122
769 2234 6121
768 2235 6120
767 2236 6119
766 2237 6118
765 2238 6117
764 2239 6116
763 2240 6115
762 2241 6114
761 2242 6113
760 2243 6112
759 2244 6111
758 2245 6110
757 2246 6109
756 2247 6108
755 2248 6107
754 2249 6106
753 2250 6105
752 2251 6104
751 2252 6103
750 2253 6102
749 2254 6101
748 2255 6100
747 2256 6099
746 2257 6098
745 2258 6097
744 2259 6096
743 2260 6095
742 2261 6094
741 2262 6093
740 2263 6092
739 2264 6091
738 2265 6090
737 2266 6089
736 2267 6088
735 2268 6087
734 2269 6086
733 2270 6085
732 2271 6084
731 2272 6083
730 2273 6082
729 2274 6081
728 2275 6080
727 2276 6079
726 2277 6078
725 2278 6077
724 2279 6076
723 2280 6075
722 2281 6074
721 2282 6073
720 2283 6072
719 2284 6071
718 2285 6070
717 2286 6069
716 2287 6068
715 2288 6067
714 2289 6066
713 2290 6065
712 2291 6064
711 2292 6063
710 2293 6062
709 2294 6061
708 2295 6060
707 2296 6059
706 2297 6058
705 2298 6057
704 2299 6056
703 2300 6055
702 2301 6054
701 2302 6053
700 2303 6052
699 2304 6051
698 2305 6050
697 2306 6049
696 2307 6048
695 2308 6047
694 2309 6046
693 2310 6045
692 2311 6044
691 2312 6043
690 2313 6042
689 2314 6041
688 2315 6040
687 2316 6039
686 2317 6038
685 2318 6037
684 2319 6036
683 2320 6035
682 2321 6034
681 2322 6033
680 2323 6032
679 2324 6031
678 2325 6030
677 2326 6029
676 2327 6028
675 2328 6027
674 2329 6026
673 2330 6025
672 2331 6024
671 2332 6023
670 2333 6022
669 2334 6021
668 2335 6020
667 2336 6019
666 2337 6018
665 2338 6017
664 2339 6016
663 2340 6015
662 2341 6014
661 2342 6013
660 2343 6012
659 2344 6011
658 2345 6010
657 2346 6009
656 2347 6008
655 2348 6007
654 2349 6006
653 2350 6005
652 2351 6004
651 2352 6003
650 2353 6002
649 2354 6001
