121
3000 3 6121
2999 4 6120
2998 5 6119
2997 6 6118
2996 7 6117
2995 8 6116
2994 9 6115
2993 10 6114
2992 11 6113
2991 12 6112
2990 13 6111
2989 14 6110
2988 15 6109
2987 16 6108
2986 17 6107
2985 18 6106
2984 19 6105
2983 20 6104
2982 21 6103
2981 22 6102
2980 23 6101
2979 24 6100
2978 25 6099
2977 26 6098
2976 27 6097
2975 28 6096
2974 29 6095
2973 30 6094
2972 31 6093
2971 32 6092
2970 33 6091
2969 34 6090
2968 35 6089
2967 36 6088
2966 37 6087
2965 38 6086
2964 39 6085
2963 40 6084
2962 41 6083
2961 42 6082
2960 43 6081
2959 44 6080
2958 45 6079
2957 46 6078
2956 47 6077
2955 48 6076
2954 49 6075
2953 50 6074
2952 51 6073
2951 52 6072
2950 53 6071
2949 54 6070
2948 55 6069
2947 56 6068
2946 57 6067
2945 58 6066
2944 59 6065
2943 60 6064
2942 61 6063
2941 62 6062
2940 63 6061
2939 64 6060
2938 65 6059
2937 66 6058
2936 67 6057
2935 68 6056
2934 69 6055
2933 70 6054
2932 71 6053
2931 72 6052
2930 73 6051
2929 74 6050
2928 75 6049
2927 76 6048
2926 77 6047
2925 78 6046
2924 79 6045
2923 80 6044
2922 81 6043
2921 82 6042
2920 83 6041
2919 84 6040
2918 85 6039
2917 86 6038
2916 87 6037
2915 88 6036
2914 89 6035
2913 90 6034
2912 91 6033
2911 92 6032
2910 93 6031
2909 94 6030
2908 95 6029
2907 96 6028
2906 97 6027
2905 98 6026
2904 99 6025
2903 100 6024
2902 101 6023
2901 102 6022
2900 103 6021
2899 104 6020
2898 105 6019
2897 106 6018
2896 107 6017
2895 108 6016
2894 109 6015
2893 110 6014
2892 111 6013
2891 112 6012
2890 113 6011
2889 114 6010
2888 115 6009
2887 116 6008
2886 117 6007
2885 118 6006
2884 119 6005
2883 120 6004
2882 121 6003
2881 122 6002
2880 123 6001
