1999
3000 3 7999
2999 4 7998
2998 5 7997
2997 6 7996
2996 7 7995
2995 8 7994
2994 9 7993
2993 10 7992
2992 11 7991
2991 12 7990
2990 13 7989
2989 14 7988
2988 15 7987
2987 16 7986
2986 17 7985
2985 18 7984
2984 19 7983
2983 20 7982
2982 21 7981
2981 22 7980
2980 23 7979
2979 24 7978
2978 25 7977
2977 26 7976
2976 27 7975
2975 28 7974
2974 29 7973
2973 30 7972
2972 31 7971
2971 32 7970
2970 33 7969
2969 34 7968
2968 35 7967
2967 36 7966
2966 37 7965
2965 38 7964
2964 39 7963
2963 40 7962
2962 41 7961
2961 42 7960
2960 43 7959
2959 44 7958
2958 45 7957
2957 46 7956
2956 47 7955
2955 48 7954
2954 49 7953
2953 50 7952
2952 51 7951
2951 52 7950
2950 53 7949
2949 54 7948
2948 55 7947
2947 56 7946
2946 57 7945
2945 58 7944
2944 59 7943
2943 60 7942
2942 61 7941
2941 62 7940
2940 63 7939
2939 64 7938
2938 65 7937
2937 66 7936
2936 67 7935
2935 68 7934
2934 69 7933
2933 70 7932
2932 71 7931
2931 72 7930
2930 73 7929
2929 74 7928
2928 75 7927
2927 76 7926
2926 77 7925
2925 78 7924
2924 79 7923
2923 80 7922
2922 81 7921
2921 82 7920
2920 83 7919
2919 84 7918
2918 85 7917
2917 86 7916
2916 87 7915
2915 88 7914
2914 89 7913
2913 90 7912
2912 91 7911
2911 92 7910
2910 93 7909
2909 94 7908
2908 95 7907
2907 96 7906
2906 97 7905
2905 98 7904
2904 99 7903
2903 100 7902
2902 101 7901
2901 102 7900
2900 103 7899
2899 104 7898
2898 105 7897
2897 106 7896
2896 107 7895
2895 108 7894
2894 109 7893
2893 110 7892
2892 111 7891
2891 112 7890
2890 113 7889
2889 114 7888
2888 115 7887
2887 116 7886
2886 117 7885
2885 118 7884
2884 119 7883
2883 120 7882
2882 121 7881
2881 122 7880
2880 123 7879
2879 124 7878
2878 125 7877
2877 126 7876
2876 127 7875
2875 128 7874
2874 129 7873
2873 130 7872
2872 131 7871
2871 132 7870
2870 133 7869
2869 134 7868
2868 135 7867
2867 136 7866
2866 137 7865
2865 138 7864
2864 139 7863
2863 140 7862
2862 141 7861
2861 142 7860
2860 143 7859
2859 144 7858
2858 145 7857
2857 146 7856
2856 147 7855
2855 148 7854
2854 149 7853
2853 150 7852
2852 151 7851
2851 152 7850
2850 153 7849
2849 154 7848
2848 155 7847
2847 156 7846
2846 157 7845
2845 158 7844
2844 159 7843
2843 160 7842
2842 161 7841
2841 162 7840
2840 163 7839
2839 164 7838
2838 165 7837
2837 166 7836
2836 167 7835
2835 168 7834
2834 169 7833
2833 170 7832
2832 171 7831
2831 172 7830
2830 173 7829
2829 174 7828
2828 175 7827
2827 176 7826
2826 177 7825
2825 178 7824
2824 179 7823
2823 180 7822
2822 181 7821
2821 182 7820
2820 183 7819
2819 184 7818
2818 185 7817
2817 186 7816
2816 187 7815
2815 188 7814
2814 189 7813
2813 190 7812
2812 191 7811
2811 192 7810
2810 193 7809
2809 194 7808
2808 195 7807
2807 196 7806
2806 197 7805
2805 198 7804
2804 199 7803
2803 200 7802
2802 201 7801
2801 202 7800
2800 203 7799
2799 204 7798
2798 205 7797
2797 206 7796
2796 207 7795
2795 208 7794
2794 209 7793
2793 210 7792
2792 211 7791
2791 212 7790
2790 213 7789
2789 214 7788
2788 215 7787
2787 216 7786
2786 217 7785
2785 218 7784
2784 219 7783
2783 220 7782
2782 221 7781
2781 222 7780
2780 223 7779
2779 224 7778
2778 225 7777
2777 226 7776
2776 227 7775
2775 228 7774
2774 229 7773
2773 230 7772
2772 231 7771
2771 232 7770
2770 233 7769
2769 234 7768
2768 235 7767
2767 236 7766
2766 237 7765
2765 238 7764
2764 239 7763
2763 240 7762
2762 241 7761
2761 242 7760
2760 243 7759
2759 244 7758
2758 245 7757
2757 246 7756
2756 247 7755
2755 248 7754
2754 249 7753
2753 250 7752
2752 251 7751
2751 252 7750
2750 253 7749
2749 254 7748
2748 255 7747
2747 256 7746
2746 257 7745
2745 258 7744
2744 259 7743
2743 260 7742
2742 261 7741
2741 262 7740
2740 263 7739
2739 264 7738
2738 265 7737
2737 266 7736
2736 267 7735
2735 268 7734
2734 269 7733
2733 270 7732
2732 271 7731
2731 272 7730
2730 273 7729
2729 274 7728
2728 275 7727
2727 276 7726
2726 277 7725
2725 278 7724
2724 279 7723
2723 280 7722
2722 281 7721
2721 282 7720
2720 283 7719
2719 284 7718
2718 285 7717
2717 286 7716
2716 287 7715
2715 288 7714
2714 289 7713
2713 290 7712
2712 291 7711
2711 292 7710
2710 293 7709
2709 294 7708
2708 295 7707
2707 296 7706
2706 297 7705
2705 298 7704
2704 299 7703
2703 300 7702
2702 301 7701
2701 302 7700
2700 303 7699
2699 304 7698
2698 305 7697
2697 306 7696
2696 307 7695
2695 308 7694
2694 309 7693
2693 310 7692
2692 311 7691
2691 312 7690
2690 313 7689
2689 314 7688
2688 315 7687
2687 316 7686
2686 317 7685
2685 318 7684
2684 319 7683
2683 320 7682
2682 321 7681
2681 322 7680
2680 323 7679
2679 324 7678
2678 325 7677
2677 326 7676
2676 327 7675
2675 328 7674
2674 329 7673
2673 330 7672
2672 331 7671
2671 332 7670
2670 333 7669
2669 334 7668
2668 335 7667
2667 336 7666
2666 337 7665
2665 338 7664
2664 339 7663
2663 340 7662
2662 341 7661
2661 342 7660
2660 343 7659
2659 344 7658
2658 345 7657
2657 346 7656
2656 347 7655
2655 348 7654
2654 349 7653
2653 350 7652
2652 351 7651
2651 352 7650
2650 353 7649
2649 354 7648
2648 355 7647
2647 356 7646
2646 357 7645
2645 358 7644
2644 359 7643
2643 360 7642
2642 361 7641
2641 362 7640
2640 363 7639
2639 364 7638
2638 365 7637
2637 366 7636
2636 367 7635
2635 368 7634
2634 369 7633
2633 370 7632
2632 371 7631
2631 372 7630
2630 373 7629
2629 374 7628
2628 375 7627
2627 376 7626
2626 377 7625
2625 378 7624
2624 379 7623
2623 380 7622
2622 381 7621
2621 382 7620
2620 383 7619
2619 384 7618
2618 385 7617
2617 386 7616
2616 387 7615
2615 388 7614
2614 389 7613
2613 390 7612
2612 391 7611
2611 392 7610
2610 393 7609
2609 394 7608
2608 395 7607
2607 396 7606
2606 397 7605
2605 398 7604
2604 399 7603
2603 400 7602
2602 401 7601
2601 402 7600
2600 403 7599
2599 404 7598
2598 405 7597
2597 406 7596
2596 407 7595
2595 408 7594
2594 409 7593
2593 410 7592
2592 411 7591
2591 412 7590
2590 413 7589
2589 414 7588
2588 415 7587
2587 416 7586
2586 417 7585
2585 418 7584
2584 419 7583
2583 420 7582
2582 421 7581
2581 422 7580
2580 423 7579
2579 424 7578
2578 425 7577
2577 426 7576
2576 427 7575
2575 428 7574
2574 429 7573
2573 430 7572
2572 431 7571
2571 432 7570
2570 433 7569
2569 434 7568
2568 435 7567
2567 436 7566
2566 437 7565
2565 438 7564
2564 439 7563
2563 440 7562
2562 441 7561
2561 442 7560
2560 443 7559
2559 444 7558
2558 445 7557
2557 446 7556
2556 447 7555
2555 448 7554
2554 449 7553
2553 450 7552
2552 451 7551
2551 452 7550
2550 453 7549
2549 454 7548
2548 455 7547
2547 456 7546
2546 457 7545
2545 458 7544
2544 459 7543
2543 460 7542
2542 461 7541
2541 462 7540
2540 463 7539
2539 464 7538
2538 465 7537
2537 466 7536
2536 467 7535
2535 468 7534
2534 469 7533
2533 470 7532
2532 471 7531
2531 472 7530
2530 473 7529
2529 474 7528
2528 475 7527
2527 476 7526
2526 477 7525
2525 478 7524
2524 479 7523
2523 480 7522
2522 481 7521
2521 482 7520
2520 483 7519
2519 484 7518
2518 485 7517
2517 486 7516
2516 487 7515
2515 488 7514
2514 489 7513
2513 490 7512
2512 491 7511
2511 492 7510
2510 493 7509
2509 494 7508
2508 495 7507
2507 496 7506
2506 497 7505
2505 498 7504
2504 499 7503
2503 500 7502
2502 501 7501
2501 502 7500
2500 503 7499
2499 504 7498
2498 505 7497
2497 506 7496
2496 507 7495
2495 508 7494
2494 509 7493
2493 510 7492
2492 511 7491
2491 512 7490
2490 513 7489
2489 514 7488
2488 515 7487
2487 516 7486
2486 517 7485
2485 518 7484
2484 519 7483
2483 520 7482
2482 521 7481
2481 522 7480
2480 523 7479
2479 524 7478
2478 525 7477
2477 526 7476
2476 527 7475
2475 528 7474
2474 529 7473
2473 530 7472
2472 531 7471
2471 532 7470
2470 533 7469
2469 534 7468
2468 535 7467
2467 536 7466
2466 537 7465
2465 538 7464
2464 539 7463
2463 540 7462
2462 541 7461
2461 542 7460
2460 543 7459
2459 544 7458
2458 545 7457
2457 546 7456
2456 547 7455
2455 548 7454
2454 549 7453
2453 550 7452
2452 551 7451
2451 552 7450
2450 553 7449
2449 554 7448
2448 555 7447
2447 556 7446
2446 557 7445
2445 558 7444
2444 559 7443
2443 560 7442
2442 561 7441
2441 562 7440
2440 563 7439
2439 564 7438
2438 565 7437
2437 566 7436
2436 567 7435
2435 568 7434
2434 569 7433
2433 570 7432
2432 571 7431
2431 572 7430
2430 573 7429
2429 574 7428
2428 575 7427
2427 576 7426
2426 577 7425
2425 578 7424
2424 579 7423
2423 580 7422
2422 581 7421
2421 582 7420
2420 583 7419
2419 584 7418
2418 585 7417
2417 586 7416
2416 587 7415
2415 588 7414
2414 589 7413
2413 590 7412
2412 591 7411
2411 592 7410
2410 593 7409
2409 594 7408
2408 595 7407
2407 596 7406
2406 597 7405
2405 598 7404
2404 599 7403
2403 600 7402
2402 601 7401
2401 602 7400
2400 603 7399
2399 604 7398
2398 605 7397
2397 606 7396
2396 607 7395
2395 608 7394
2394 609 7393
2393 610 7392
2392 611 7391
2391 612 7390
2390 613 7389
2389 614 7388
2388 615 7387
2387 616 7386
2386 617 7385
2385 618 7384
2384 619 7383
2383 620 7382
2382 621 7381
2381 622 7380
2380 623 7379
2379 624 7378
2378 625 7377
2377 626 7376
2376 627 7375
2375 628 7374
2374 629 7373
2373 630 7372
2372 631 7371
2371 632 7370
2370 633 7369
2369 634 7368
2368 635 7367
2367 636 7366
2366 637 7365
2365 638 7364
2364 639 7363
2363 640 7362
2362 641 7361
2361 642 7360
2360 643 7359
2359 644 7358
2358 645 7357
2357 646 7356
2356 647 7355
2355 648 7354
2354 649 7353
2353 650 7352
2352 651 7351
2351 652 7350
2350 653 7349
2349 654 7348
2348 655 7347
2347 656 7346
2346 657 7345
2345 658 7344
2344 659 7343
2343 660 7342
2342 661 7341
2341 662 7340
2340 663 7339
2339 664 7338
2338 665 7337
2337 666 7336
2336 667 7335
2335 668 7334
2334 669 7333
2333 670 7332
2332 671 7331
2331 672 7330
2330 673 7329
2329 674 7328
2328 675 7327
2327 676 7326
2326 677 7325
2325 678 7324
2324 679 7323
2323 680 7322
2322 681 7321
2321 682 7320
2320 683 7319
2319 684 7318
2318 685 7317
2317 686 7316
2316 687 7315
2315 688 7314
2314 689 7313
2313 690 7312
2312 691 7311
2311 692 7310
2310 693 7309
2309 694 7308
2308 695 7307
2307 696 7306
2306 697 7305
2305 698 7304
2304 699 7303
2303 700 7302
2302 701 7301
2301 702 7300
2300 703 7299
2299 704 7298
2298 705 7297
2297 706 7296
2296 707 7295
2295 708 7294
2294 709 7293
2293 710 7292
2292 711 7291
2291 712 7290
2290 713 7289
2289 714 7288
2288 715 7287
2287 716 7286
2286 717 7285
2285 718 7284
2284 719 7283
2283 720 7282
2282 721 7281
2281 722 7280
2280 723 7279
2279 724 7278
2278 725 7277
2277 726 7276
2276 727 7275
2275 728 7274
2274 729 7273
2273 730 7272
2272 731 7271
2271 732 7270
2270 733 7269
2269 734 7268
2268 735 7267
2267 736 7266
2266 737 7265
2265 738 7264
2264 739 7263
2263 740 7262
2262 741 7261
2261 742 7260
2260 743 7259
2259 744 7258
2258 745 7257
2257 746 7256
2256 747 7255
2255 748 7254
2254 749 7253
2253 750 7252
2252 751 7251
2251 752 7250
2250 753 7249
2249 754 7248
2248 755 7247
2247 756 7246
2246 757 7245
2245 758 7244
2244 759 7243
2243 760 7242
2242 761 7241
2241 762 7240
2240 763 7239
2239 764 7238
2238 765 7237
2237 766 7236
2236 767 7235
2235 768 7234
2234 769 7233
2233 770 7232
2232 771 7231
2231 772 7230
2230 773 7229
2229 774 7228
2228 775 7227
2227 776 7226
2226 777 7225
2225 778 7224
2224 779 7223
2223 780 7222
2222 781 7221
2221 782 7220
2220 783 7219
2219 784 7218
2218 785 7217
2217 786 7216
2216 787 7215
2215 788 7214
2214 789 7213
2213 790 7212
2212 791 7211
2211 792 7210
2210 793 7209
2209 794 7208
2208 795 7207
2207 796 7206
2206 797 7205
2205 798 7204
2204 799 7203
2203 800 7202
2202 801 7201
2201 802 7200
2200 803 7199
2199 804 7198
2198 805 7197
2197 806 7196
2196 807 7195
2195 808 7194
2194 809 7193
2193 810 7192
2192 811 7191
2191 812 7190
2190 813 7189
2189 814 7188
2188 815 7187
2187 816 7186
2186 817 7185
2185 818 7184
2184 819 7183
2183 820 7182
2182 821 7181
2181 822 7180
2180 823 7179
2179 824 7178
2178 825 7177
2177 826 7176
2176 827 7175
2175 828 7174
2174 829 7173
2173 830 7172
2172 831 7171
2171 832 7170
2170 833 7169
2169 834 7168
2168 835 7167
2167 836 7166
2166 837 7165
2165 838 7164
2164 839 7163
2163 840 7162
2162 841 7161
2161 842 7160
2160 843 7159
2159 844 7158
2158 845 7157
2157 846 7156
2156 847 7155
2155 848 7154
2154 849 7153
2153 850 7152
2152 851 7151
2151 852 7150
2150 853 7149
2149 854 7148
2148 855 7147
2147 856 7146
2146 857 7145
2145 858 7144
2144 859 7143
2143 860 7142
2142 861 7141
2141 862 7140
2140 863 7139
2139 864 7138
2138 865 7137
2137 866 7136
2136 867 7135
2135 868 7134
2134 869 7133
2133 870 7132
2132 871 7131
2131 872 7130
2130 873 7129
2129 874 7128
2128 875 7127
2127 876 7126
2126 877 7125
2125 878 7124
2124 879 7123
2123 880 7122
2122 881 7121
2121 882 7120
2120 883 7119
2119 884 7118
2118 885 7117
2117 886 7116
2116 887 7115
2115 888 7114
2114 889 7113
2113 890 7112
2112 891 7111
2111 892 7110
2110 893 7109
2109 894 7108
2108 895 7107
2107 896 7106
2106 897 7105
2105 898 7104
2104 899 7103
2103 900 7102
2102 901 7101
2101 902 7100
2100 903 7099
2099 904 7098
2098 905 7097
2097 906 7096
2096 907 7095
2095 908 7094
2094 909 7093
2093 910 7092
2092 911 7091
2091 912 7090
2090 913 7089
2089 914 7088
2088 915 7087
2087 916 7086
2086 917 7085
2085 918 7084
2084 919 7083
2083 920 7082
2082 921 7081
2081 922 7080
2080 923 7079
2079 924 7078
2078 925 7077
2077 926 7076
2076 927 7075
2075 928 7074
2074 929 7073
2073 930 7072
2072 931 7071
2071 932 7070
2070 933 7069
2069 934 7068
2068 935 7067
2067 936 7066
2066 937 7065
2065 938 7064
2064 939 7063
2063 940 7062
2062 941 7061
2061 942 7060
2060 943 7059
2059 944 7058
2058 945 7057
2057 946 7056
2056 947 7055
2055 948 7054
2054 949 7053
2053 950 7052
2052 951 7051
2051 952 7050
2050 953 7049
2049 954 7048
2048 955 7047
2047 956 7046
2046 957 7045
2045 958 7044
2044 959 7043
2043 960 7042
2042 961 7041
2041 962 7040
2040 963 7039
2039 964 7038
2038 965 7037
2037 966 7036
2036 967 7035
2035 968 7034
2034 969 7033
2033 970 7032
2032 971 7031
2031 972 7030
2030 973 7029
2029 974 7028
2028 975 7027
2027 976 7026
2026 977 7025
2025 978 7024
2024 979 7023
2023 980 7022
2022 981 7021
2021 982 7020
2020 983 7019
2019 984 7018
2018 985 7017
2017 986 7016
2016 987 7015
2015 988 7014
2014 989 7013
2013 990 7012
2012 991 7011
2011 992 7010
2010 993 7009
2009 994 7008
2008 995 7007
2007 996 7006
2006 997 7005
2005 998 7004
2004 999 7003
2003 1000 7002
2002 1001 7001
2001 1002 7000
2000 1003 6999
1999 1004 6998
1998 1005 6997
1997 1006 6996
1996 1007 6995
1995 1008 6994
1994 1009 6993
1993 1010 6992
1992 1011 6991
1991 1012 6990
1990 1013 6989
1989 1014 6988
1988 1015 6987
1987 1016 6986
1986 1017 6985
1985 1018 6984
1984 1019 6983
1983 1020 6982
1982 1021 6981
1981 1022 6980
1980 1023 6979
1979 1024 6978
1978 1025 6977
1977 1026 6976
1976 1027 6975
1975 1028 6974
1974 1029 6973
1973 1030 6972
1972 1031 6971
1971 1032 6970
1970 1033 6969
1969 1034 6968
1968 1035 6967
1967 1036 6966
1966 1037 6965
1965 1038 6964
1964 1039 6963
1963 1040 6962
1962 1041 6961
1961 1042 6960
1960 1043 6959
1959 1044 6958
1958 1045 6957
1957 1046 6956
1956 1047 6955
1955 1048 6954
1954 1049 6953
1953 1050 6952
1952 1051 6951
1951 1052 6950
1950 1053 6949
1949 1054 6948
1948 1055 6947
1947 1056 6946
1946 1057 6945
1945 1058 6944
1944 1059 6943
1943 1060 6942
1942 1061 6941
1941 1062 6940
1940 1063 6939
1939 1064 6938
1938 1065 6937
1937 1066 6936
1936 1067 6935
1935 1068 6934
1934 1069 6933
1933 1070 6932
1932 1071 6931
1931 1072 6930
1930 1073 6929
1929 1074 6928
1928 1075 6927
1927 1076 6926
1926 1077 6925
1925 1078 6924
1924 1079 6923
1923 1080 6922
1922 1081 6921
1921 1082 6920
1920 1083 6919
1919 1084 6918
1918 1085 6917
1917 1086 6916
1916 1087 6915
1915 1088 6914
1914 1089 6913
1913 1090 6912
1912 1091 6911
1911 1092 6910
1910 1093 6909
1909 1094 6908
1908 1095 6907
1907 1096 6906
1906 1097 6905
1905 1098 6904
1904 1099 6903
1903 1100 6902
1902 1101 6901
1901 1102 6900
1900 1103 6899
1899 1104 6898
1898 1105 6897
1897 1106 6896
1896 1107 6895
1895 1108 6894
1894 1109 6893
1893 1110 6892
1892 1111 6891
1891 1112 6890
1890 1113 6889
1889 1114 6888
1888 1115 6887
1887 1116 6886
1886 1117 6885
1885 1118 6884
1884 1119 6883
1883 1120 6882
1882 1121 6881
1881 1122 6880
1880 1123 6879
1879 1124 6878
1878 1125 6877
1877 1126 6876
1876 1127 6875
1875 1128 6874
1874 1129 6873
1873 1130 6872
1872 1131 6871
1871 1132 6870
1870 1133 6869
1869 1134 6868
1868 1135 6867
1867 1136 6866
1866 1137 6865
1865 1138 6864
1864 1139 6863
1863 1140 6862
1862 1141 6861
1861 1142 6860
1860 1143 6859
1859 1144 6858
1858 1145 6857
1857 1146 6856
1856 1147 6855
1855 1148 6854
1854 1149 6853
1853 1150 6852
1852 1151 6851
1851 1152 6850
1850 1153 6849
1849 1154 6848
1848 1155 6847
1847 1156 6846
1846 1157 6845
1845 1158 6844
1844 1159 6843
1843 1160 6842
1842 1161 6841
1841 1162 6840
1840 1163 6839
1839 1164 6838
1838 1165 6837
1837 1166 6836
1836 1167 6835
1835 1168 6834
1834 1169 6833
1833 1170 6832
1832 1171 6831
1831 1172 6830
1830 1173 6829
1829 1174 6828
1828 1175 6827
1827 1176 6826
1826 1177 6825
1825 1178 6824
1824 1179 6823
1823 1180 6822
1822 1181 6821
1821 1182 6820
1820 1183 6819
1819 1184 6818
1818 1185 6817
1817 1186 6816
1816 1187 6815
1815 1188 6814
1814 1189 6813
1813 1190 6812
1812 1191 6811
1811 1192 6810
1810 1193 6809
1809 1194 6808
1808 1195 6807
1807 1196 6806
1806 1197 6805
1805 1198 6804
1804 1199 6803
1803 1200 6802
1802 1201 6801
1801 1202 6800
1800 1203 6799
1799 1204 6798
1798 1205 6797
1797 1206 6796
1796 1207 6795
1795 1208 6794
1794 1209 6793
1793 1210 6792
1792 1211 6791
1791 1212 6790
1790 1213 6789
1789 1214 6788
1788 1215 6787
1787 1216 6786
1786 1217 6785
1785 1218 6784
1784 1219 6783
1783 1220 6782
1782 1221 6781
1781 1222 6780
1780 1223 6779
1779 1224 6778
1778 1225 6777
1777 1226 6776
1776 1227 6775
1775 1228 6774
1774 1229 6773
1773 1230 6772
1772 1231 6771
1771 1232 6770
1770 1233 6769
1769 1234 6768
1768 1235 6767
1767 1236 6766
1766 1237 6765
1765 1238 6764
1764 1239 6763
1763 1240 6762
1762 1241 6761
1761 1242 6760
1760 1243 6759
1759 1244 6758
1758 1245 6757
1757 1246 6756
1756 1247 6755
1755 1248 6754
1754 1249 6753
1753 1250 6752
1752 1251 6751
1751 1252 6750
1750 1253 6749
1749 1254 6748
1748 1255 6747
1747 1256 6746
1746 1257 6745
1745 1258 6744
1744 1259 6743
1743 1260 6742
1742 1261 6741
1741 1262 6740
1740 1263 6739
1739 1264 6738
1738 1265 6737
1737 1266 6736
1736 1267 6735
1735 1268 6734
1734 1269 6733
1733 1270 6732
1732 1271 6731
1731 1272 6730
1730 1273 6729
1729 1274 6728
1728 1275 6727
1727 1276 6726
1726 1277 6725
1725 1278 6724
1724 1279 6723
1723 1280 6722
1722 1281 6721
1721 1282 6720
1720 1283 6719
1719 1284 6718
1718 1285 6717
1717 1286 6716
1716 1287 6715
1715 1288 6714
1714 1289 6713
1713 1290 6712
1712 1291 6711
1711 1292 6710
1710 1293 6709
1709 1294 6708
1708 1295 6707
1707 1296 6706
1706 1297 6705
1705 1298 6704
1704 1299 6703
1703 1300 6702
1702 1301 6701
1701 1302 6700
1700 1303 6699
1699 1304 6698
1698 1305 6697
1697 1306 6696
1696 1307 6695
1695 1308 6694
1694 1309 6693
1693 1310 6692
1692 1311 6691
1691 1312 6690
1690 1313 6689
1689 1314 6688
1688 1315 6687
1687 1316 6686
1686 1317 6685
1685 1318 6684
1684 1319 6683
1683 1320 6682
1682 1321 6681
1681 1322 6680
1680 1323 6679
1679 1324 6678
1678 1325 6677
1677 1326 6676
1676 1327 6675
1675 1328 6674
1674 1329 6673
1673 1330 6672
1672 1331 6671
1671 1332 6670
1670 1333 6669
1669 1334 6668
1668 1335 6667
1667 1336 6666
1666 1337 6665
1665 1338 6664
1664 1339 6663
1663 1340 6662
1662 1341 6661
1661 1342 6660
1660 1343 6659
1659 1344 6658
1658 1345 6657
1657 1346 6656
1656 1347 6655
1655 1348 6654
1654 1349 6653
1653 1350 6652
1652 1351 6651
1651 1352 6650
1650 1353 6649
1649 1354 6648
1648 1355 6647
1647 1356 6646
1646 1357 6645
1645 1358 6644
1644 1359 6643
1643 1360 6642
1642 1361 6641
1641 1362 6640
1640 1363 6639
1639 1364 6638
1638 1365 6637
1637 1366 6636
1636 1367 6635
1635 1368 6634
1634 1369 6633
1633 1370 6632
1632 1371 6631
1631 1372 6630
1630 1373 6629
1629 1374 6628
1628 1375 6627
1627 1376 6626
1626 1377 6625
1625 1378 6624
1624 1379 6623
1623 1380 6622
1622 1381 6621
1621 1382 6620
1620 1383 6619
1619 1384 6618
1618 1385 6617
1617 1386 6616
1616 1387 6615
1615 1388 6614
1614 1389 6613
1613 1390 6612
1612 1391 6611
1611 1392 6610
1610 1393 6609
1609 1394 6608
1608 1395 6607
1607 1396 6606
1606 1397 6605
1605 1398 6604
1604 1399 6603
1603 1400 6602
1602 1401 6601
1601 1402 6600
1600 1403 6599
1599 1404 6598
1598 1405 6597
1597 1406 6596
1596 1407 6595
1595 1408 6594
1594 1409 6593
1593 1410 6592
1592 1411 6591
1591 1412 6590
1590 1413 6589
1589 1414 6588
1588 1415 6587
1587 1416 6586
1586 1417 6585
1585 1418 6584
1584 1419 6583
1583 1420 6582
1582 1421 6581
1581 1422 6580
1580 1423 6579
1579 1424 6578
1578 1425 6577
1577 1426 6576
1576 1427 6575
1575 1428 6574
1574 1429 6573
1573 1430 6572
1572 1431 6571
1571 1432 6570
1570 1433 6569
1569 1434 6568
1568 1435 6567
1567 1436 6566
1566 1437 6565
1565 1438 6564
1564 1439 6563
1563 1440 6562
1562 1441 6561
1561 1442 6560
1560 1443 6559
1559 1444 6558
1558 1445 6557
1557 1446 6556
1556 1447 6555
1555 1448 6554
1554 1449 6553
1553 1450 6552
1552 1451 6551
1551 1452 6550
1550 1453 6549
1549 1454 6548
1548 1455 6547
1547 1456 6546
1546 1457 6545
1545 1458 6544
1544 1459 6543
1543 1460 6542
1542 1461 6541
1541 1462 6540
1540 1463 6539
1539 1464 6538
1538 1465 6537
1537 1466 6536
1536 1467 6535
1535 1468 6534
1534 1469 6533
1533 1470 6532
1532 1471 6531
1531 1472 6530
1530 1473 6529
1529 1474 6528
1528 1475 6527
1527 1476 6526
1526 1477 6525
1525 1478 6524
1524 1479 6523
1523 1480 6522
1522 1481 6521
1521 1482 6520
1520 1483 6519
1519 1484 6518
1518 1485 6517
1517 1486 6516
1516 1487 6515
1515 1488 6514
1514 1489 6513
1513 1490 6512
1512 1491 6511
1511 1492 6510
1510 1493 6509
1509 1494 6508
1508 1495 6507
1507 1496 6506
1506 1497 6505
1505 1498 6504
1504 1499 6503
1503 1500 6502
1502 1501 6501
1501 1502 6500
1500 1503 6499
1499 1504 6498
1498 1505 6497
1497 1506 6496
1496 1507 6495
1495 1508 6494
1494 1509 6493
1493 1510 6492
1492 1511 6491
1491 1512 6490
1490 1513 6489
1489 1514 6488
1488 1515 6487
1487 1516 6486
1486 1517 6485
1485 1518 6484
1484 1519 6483
1483 1520 6482
1482 1521 6481
1481 1522 6480
1480 1523 6479
1479 1524 6478
1478 1525 6477
1477 1526 6476
1476 1527 6475
1475 1528 6474
1474 1529 6473
1473 1530 6472
1472 1531 6471
1471 1532 6470
1470 1533 6469
1469 1534 6468
1468 1535 6467
1467 1536 6466
1466 1537 6465
1465 1538 6464
1464 1539 6463
1463 1540 6462
1462 1541 6461
1461 1542 6460
1460 1543 6459
1459 1544 6458
1458 1545 6457
1457 1546 6456
1456 1547 6455
1455 1548 6454
1454 1549 6453
1453 1550 6452
1452 1551 6451
1451 1552 6450
1450 1553 6449
1449 1554 6448
1448 1555 6447
1447 1556 6446
1446 1557 6445
1445 1558 6444
1444 1559 6443
1443 1560 6442
1442 1561 6441
1441 1562 6440
1440 1563 6439
1439 1564 6438
1438 1565 6437
1437 1566 6436
1436 1567 6435
1435 1568 6434
1434 1569 6433
1433 1570 6432
1432 1571 6431
1431 1572 6430
1430 1573 6429
1429 1574 6428
1428 1575 6427
1427 1576 6426
1426 1577 6425
1425 1578 6424
1424 1579 6423
1423 1580 6422
1422 1581 6421
1421 1582 6420
1420 1583 6419
1419 1584 6418
1418 1585 6417
1417 1586 6416
1416 1587 6415
1415 1588 6414
1414 1589 6413
1413 1590 6412
1412 1591 6411
1411 1592 6410
1410 1593 6409
1409 1594 6408
1408 1595 6407
1407 1596 6406
1406 1597 6405
1405 1598 6404
1404 1599 6403
1403 1600 6402
1402 1601 6401
1401 1602 6400
1400 1603 6399
1399 1604 6398
1398 1605 6397
1397 1606 6396
1396 1607 6395
1395 1608 6394
1394 1609 6393
1393 1610 6392
1392 1611 6391
1391 1612 6390
1390 1613 6389
1389 1614 6388
1388 1615 6387
1387 1616 6386
1386 1617 6385
1385 1618 6384
1384 1619 6383
1383 1620 6382
1382 1621 6381
1381 1622 6380
1380 1623 6379
1379 1624 6378
1378 1625 6377
1377 1626 6376
1376 1627 6375
1375 1628 6374
1374 1629 6373
1373 1630 6372
1372 1631 6371
1371 1632 6370
1370 1633 6369
1369 1634 6368
1368 1635 6367
1367 1636 6366
1366 1637 6365
1365 1638 6364
1364 1639 6363
1363 1640 6362
1362 1641 6361
1361 1642 6360
1360 1643 6359
1359 1644 6358
1358 1645 6357
1357 1646 6356
1356 1647 6355
1355 1648 6354
1354 1649 6353
1353 1650 6352
1352 1651 6351
1351 1652 6350
1350 1653 6349
1349 1654 6348
1348 1655 6347
1347 1656 6346
1346 1657 6345
1345 1658 6344
1344 1659 6343
1343 1660 6342
1342 1661 6341
1341 1662 6340
1340 1663 6339
1339 1664 6338
1338 1665 6337
1337 1666 6336
1336 1667 6335
1335 1668 6334
1334 1669 6333
1333 1670 6332
1332 1671 6331
1331 1672 6330
1330 1673 6329
1329 1674 6328
1328 1675 6327
1327 1676 6326
1326 1677 6325
1325 1678 6324
1324 1679 6323
1323 1680 6322
1322 1681 6321
1321 1682 6320
1320 1683 6319
1319 1684 6318
1318 1685 6317
1317 1686 6316
1316 1687 6315
1315 1688 6314
1314 1689 6313
1313 1690 6312
1312 1691 6311
1311 1692 6310
1310 1693 6309
1309 1694 6308
1308 1695 6307
1307 1696 6306
1306 1697 6305
1305 1698 6304
1304 1699 6303
1303 1700 6302
1302 1701 6301
1301 1702 6300
1300 1703 6299
1299 1704 6298
1298 1705 6297
1297 1706 6296
1296 1707 6295
1295 1708 6294
1294 1709 6293
1293 1710 6292
1292 1711 6291
1291 1712 6290
1290 1713 6289
1289 1714 6288
1288 1715 6287
1287 1716 6286
1286 1717 6285
1285 1718 6284
1284 1719 6283
1283 1720 6282
1282 1721 6281
1281 1722 6280
1280 1723 6279
1279 1724 6278
1278 1725 6277
1277 1726 6276
1276 1727 6275
1275 1728 6274
1274 1729 6273
1273 1730 6272
1272 1731 6271
1271 1732 6270
1270 1733 6269
1269 1734 6268
1268 1735 6267
1267 1736 6266
1266 1737 6265
1265 1738 6264
1264 1739 6263
1263 1740 6262
1262 1741 6261
1261 1742 6260
1260 1743 6259
1259 1744 6258
1258 1745 6257
1257 1746 6256
1256 1747 6255
1255 1748 6254
1254 1749 6253
1253 1750 6252
1252 1751 6251
1251 1752 6250
1250 1753 6249
1249 1754 6248
1248 1755 6247
1247 1756 6246
1246 1757 6245
1245 1758 6244
1244 1759 6243
1243 1760 6242
1242 1761 6241
1241 1762 6240
1240 1763 6239
1239 1764 6238
1238 1765 6237
1237 1766 6236
1236 1767 6235
1235 1768 6234
1234 1769 6233
1233 1770 6232
1232 1771 6231
1231 1772 6230
1230 1773 6229
1229 1774 6228
1228 1775 6227
1227 1776 6226
1226 1777 6225
1225 1778 6224
1224 1779 6223
1223 1780 6222
1222 1781 6221
1221 1782 6220
1220 1783 6219
1219 1784 6218
1218 1785 6217
1217 1786 6216
1216 1787 6215
1215 1788 6214
1214 1789 6213
1213 1790 6212
1212 1791 6211
1211 1792 6210
1210 1793 6209
1209 1794 6208
1208 1795 6207
1207 1796 6206
1206 1797 6205
1205 1798 6204
1204 1799 6203
1203 1800 6202
1202 1801 6201
1201 1802 6200
1200 1803 6199
1199 1804 6198
1198 1805 6197
1197 1806 6196
1196 1807 6195
1195 1808 6194
1194 1809 6193
1193 1810 6192
1192 1811 6191
1191 1812 6190
1190 1813 6189
1189 1814 6188
1188 1815 6187
1187 1816 6186
1186 1817 6185
1185 1818 6184
1184 1819 6183
1183 1820 6182
1182 1821 6181
1181 1822 6180
1180 1823 6179
1179 1824 6178
1178 1825 6177
1177 1826 6176
1176 1827 6175
1175 1828 6174
1174 1829 6173
1173 1830 6172
1172 1831 6171
1171 1832 6170
1170 1833 6169
1169 1834 6168
1168 1835 6167
1167 1836 6166
1166 1837 6165
1165 1838 6164
1164 1839 6163
1163 1840 6162
1162 1841 6161
1161 1842 6160
1160 1843 6159
1159 1844 6158
1158 1845 6157
1157 1846 6156
1156 1847 6155
1155 1848 6154
1154 1849 6153
1153 1850 6152
1152 1851 6151
1151 1852 6150
1150 1853 6149
1149 1854 6148
1148 1855 6147
1147 1856 6146
1146 1857 6145
1145 1858 6144
1144 1859 6143
1143 1860 6142
1142 1861 6141
1141 1862 6140
1140 1863 6139
1139 1864 6138
1138 1865 6137
1137 1866 6136
1136 1867 6135
1135 1868 6134
1134 1869 6133
1133 1870 6132
1132 1871 6131
1131 1872 6130
1130 1873 6129
1129 1874 6128
1128 1875 6127
1127 1876 6126
1126 1877 6125
1125 1878 6124
1124 1879 6123
1123 1880 6122
1122 1881 6121
1121 1882 6120
1120 1883 6119
1119 1884 6118
1118 1885 6117
1117 1886 6116
1116 1887 6115
1115 1888 6114
1114 1889 6113
1113 1890 6112
1112 1891 6111
1111 1892 6110
1110 1893 6109
1109 1894 6108
1108 1895 6107
1107 1896 6106
1106 1897 6105
1105 1898 6104
1104 1899 6103
1103 1900 6102
1102 1901 6101
1101 1902 6100
1100 1903 6099
1099 1904 6098
1098 1905 6097
1097 1906 6096
1096 1907 6095
1095 1908 6094
1094 1909 6093
1093 1910 6092
1092 1911 6091
1091 1912 6090
1090 1913 6089
1089 1914 6088
1088 1915 6087
1087 1916 6086
1086 1917 6085
1085 1918 6084
1084 1919 6083
1083 1920 6082
1082 1921 6081
1081 1922 6080
1080 1923 6079
1079 1924 6078
1078 1925 6077
1077 1926 6076
1076 1927 6075
1075 1928 6074
1074 1929 6073
1073 1930 6072
1072 1931 6071
1071 1932 6070
1070 1933 6069
1069 1934 6068
1068 1935 6067
1067 1936 6066
1066 1937 6065
1065 1938 6064
1064 1939 6063
1063 1940 6062
1062 1941 6061
1061 1942 6060
1060 1943 6059
1059 1944 6058
1058 1945 6057
1057 1946 6056
1056 1947 6055
1055 1948 6054
1054 1949 6053
1053 1950 6052
1052 1951 6051
1051 1952 6050
1050 1953 6049
1049 1954 6048
1048 1955 6047
1047 1956 6046
1046 1957 6045
1045 1958 6044
1044 1959 6043
1043 1960 6042
1042 1961 6041
1041 1962 6040
1040 1963 6039
1039 1964 6038
1038 1965 6037
1037 1966 6036
1036 1967 6035
1035 1968 6034
1034 1969 6033
1033 1970 6032
1032 1971 6031
1031 1972 6030
1030 1973 6029
1029 1974 6028
1028 1975 6027
1027 1976 6026
1026 1977 6025
1025 1978 6024
1024 1979 6023
1023 1980 6022
1022 1981 6021
1021 1982 6020
1020 1983 6019
1019 1984 6018
1018 1985 6017
1017 1986 6016
1016 1987 6015
1015 1988 6014
1014 1989 6013
1013 1990 6012
1012 1991 6011
1011 1992 6010
1010 1993 6009
1009 1994 6008
1008 1995 6007
1007 1996 6006
1006 1997 6005
1005 1998 6004
1004 1999 6003
1003 2000 6002
1002 2001 6001
