1088
3000 3 7088
2999 4 7087
2998 5 7086
2997 6 7085
2996 7 7084
2995 8 7083
2994 9 7082
2993 10 7081
2992 11 7080
2991 12 7079
2990 13 7078
2989 14 7077
2988 15 7076
2987 16 7075
2986 17 7074
2985 18 7073
2984 19 7072
2983 20 7071
2982 21 7070
2981 22 7069
2980 23 7068
2979 24 7067
2978 25 7066
2977 26 7065
2976 27 7064
2975 28 7063
2974 29 7062
2973 30 7061
2972 31 7060
2971 32 7059
2970 33 7058
2969 34 7057
2968 35 7056
2967 36 7055
2966 37 7054
2965 38 7053
2964 39 7052
2963 40 7051
2962 41 7050
2961 42 7049
2960 43 7048
2959 44 7047
2958 45 7046
2957 46 7045
2956 47 7044
2955 48 7043
2954 49 7042
2953 50 7041
2952 51 7040
2951 52 7039
2950 53 7038
2949 54 7037
2948 55 7036
2947 56 7035
2946 57 7034
2945 58 7033
2944 59 7032
2943 60 7031
2942 61 7030
2941 62 7029
2940 63 7028
2939 64 7027
2938 65 7026
2937 66 7025
2936 67 7024
2935 68 7023
2934 69 7022
2933 70 7021
2932 71 7020
2931 72 7019
2930 73 7018
2929 74 7017
2928 75 7016
2927 76 7015
2926 77 7014
2925 78 7013
2924 79 7012
2923 80 7011
2922 81 7010
2921 82 7009
2920 83 7008
2919 84 7007
2918 85 7006
2917 86 7005
2916 87 7004
2915 88 7003
2914 89 7002
2913 90 7001
2912 91 7000
2911 92 6999
2910 93 6998
2909 94 6997
2908 95 6996
2907 96 6995
2906 97 6994
2905 98 6993
2904 99 6992
2903 100 6991
2902 101 6990
2901 102 6989
2900 103 6988
2899 104 6987
2898 105 6986
2897 106 6985
2896 107 6984
2895 108 6983
2894 109 6982
2893 110 6981
2892 111 6980
2891 112 6979
2890 113 6978
2889 114 6977
2888 115 6976
2887 116 6975
2886 117 6974
2885 118 6973
2884 119 6972
2883 120 6971
2882 121 6970
2881 122 6969
2880 123 6968
2879 124 6967
2878 125 6966
2877 126 6965
2876 127 6964
2875 128 6963
2874 129 6962
2873 130 6961
2872 131 6960
2871 132 6959
2870 133 6958
2869 134 6957
2868 135 6956
2867 136 6955
2866 137 6954
2865 138 6953
2864 139 6952
2863 140 6951
2862 141 6950
2861 142 6949
2860 143 6948
2859 144 6947
2858 145 6946
2857 146 6945
2856 147 6944
2855 148 6943
2854 149 6942
2853 150 6941
2852 151 6940
2851 152 6939
2850 153 6938
2849 154 6937
2848 155 6936
2847 156 6935
2846 157 6934
2845 158 6933
2844 159 6932
2843 160 6931
2842 161 6930
2841 162 6929
2840 163 6928
2839 164 6927
2838 165 6926
2837 166 6925
2836 167 6924
2835 168 6923
2834 169 6922
2833 170 6921
2832 171 6920
2831 172 6919
2830 173 6918
2829 174 6917
2828 175 6916
2827 176 6915
2826 177 6914
2825 178 6913
2824 179 6912
2823 180 6911
2822 181 6910
2821 182 6909
2820 183 6908
2819 184 6907
2818 185 6906
2817 186 6905
2816 187 6904
2815 188 6903
2814 189 6902
2813 190 6901
2812 191 6900
2811 192 6899
2810 193 6898
2809 194 6897
2808 195 6896
2807 196 6895
2806 197 6894
2805 198 6893
2804 199 6892
2803 200 6891
2802 201 6890
2801 202 6889
2800 203 6888
2799 204 6887
2798 205 6886
2797 206 6885
2796 207 6884
2795 208 6883
2794 209 6882
2793 210 6881
2792 211 6880
2791 212 6879
2790 213 6878
2789 214 6877
2788 215 6876
2787 216 6875
2786 217 6874
2785 218 6873
2784 219 6872
2783 220 6871
2782 221 6870
2781 222 6869
2780 223 6868
2779 224 6867
2778 225 6866
2777 226 6865
2776 227 6864
2775 228 6863
2774 229 6862
2773 230 6861
2772 231 6860
2771 232 6859
2770 233 6858
2769 234 6857
2768 235 6856
2767 236 6855
2766 237 6854
2765 238 6853
2764 239 6852
2763 240 6851
2762 241 6850
2761 242 6849
2760 243 6848
2759 244 6847
2758 245 6846
2757 246 6845
2756 247 6844
2755 248 6843
2754 249 6842
2753 250 6841
2752 251 6840
2751 252 6839
2750 253 6838
2749 254 6837
2748 255 6836
2747 256 6835
2746 257 6834
2745 258 6833
2744 259 6832
2743 260 6831
2742 261 6830
2741 262 6829
2740 263 6828
2739 264 6827
2738 265 6826
2737 266 6825
2736 267 6824
2735 268 6823
2734 269 6822
2733 270 6821
2732 271 6820
2731 272 6819
2730 273 6818
2729 274 6817
2728 275 6816
2727 276 6815
2726 277 6814
2725 278 6813
2724 279 6812
2723 280 6811
2722 281 6810
2721 282 6809
2720 283 6808
2719 284 6807
2718 285 6806
2717 286 6805
2716 287 6804
2715 288 6803
2714 289 6802
2713 290 6801
2712 291 6800
2711 292 6799
2710 293 6798
2709 294 6797
2708 295 6796
2707 296 6795
2706 297 6794
2705 298 6793
2704 299 6792
2703 300 6791
2702 301 6790
2701 302 6789
2700 303 6788
2699 304 6787
2698 305 6786
2697 306 6785
2696 307 6784
2695 308 6783
2694 309 6782
2693 310 6781
2692 311 6780
2691 312 6779
2690 313 6778
2689 314 6777
2688 315 6776
2687 316 6775
2686 317 6774
2685 318 6773
2684 319 6772
2683 320 6771
2682 321 6770
2681 322 6769
2680 323 6768
2679 324 6767
2678 325 6766
2677 326 6765
2676 327 6764
2675 328 6763
2674 329 6762
2673 330 6761
2672 331 6760
2671 332 6759
2670 333 6758
2669 334 6757
2668 335 6756
2667 336 6755
2666 337 6754
2665 338 6753
2664 339 6752
2663 340 6751
2662 341 6750
2661 342 6749
2660 343 6748
2659 344 6747
2658 345 6746
2657 346 6745
2656 347 6744
2655 348 6743
2654 349 6742
2653 350 6741
2652 351 6740
2651 352 6739
2650 353 6738
2649 354 6737
2648 355 6736
2647 356 6735
2646 357 6734
2645 358 6733
2644 359 6732
2643 360 6731
2642 361 6730
2641 362 6729
2640 363 6728
2639 364 6727
2638 365 6726
2637 366 6725
2636 367 6724
2635 368 6723
2634 369 6722
2633 370 6721
2632 371 6720
2631 372 6719
2630 373 6718
2629 374 6717
2628 375 6716
2627 376 6715
2626 377 6714
2625 378 6713
2624 379 6712
2623 380 6711
2622 381 6710
2621 382 6709
2620 383 6708
2619 384 6707
2618 385 6706
2617 386 6705
2616 387 6704
2615 388 6703
2614 389 6702
2613 390 6701
2612 391 6700
2611 392 6699
2610 393 6698
2609 394 6697
2608 395 6696
2607 396 6695
2606 397 6694
2605 398 6693
2604 399 6692
2603 400 6691
2602 401 6690
2601 402 6689
2600 403 6688
2599 404 6687
2598 405 6686
2597 406 6685
2596 407 6684
2595 408 6683
2594 409 6682
2593 410 6681
2592 411 6680
2591 412 6679
2590 413 6678
2589 414 6677
2588 415 6676
2587 416 6675
2586 417 6674
2585 418 6673
2584 419 6672
2583 420 6671
2582 421 6670
2581 422 6669
2580 423 6668
2579 424 6667
2578 425 6666
2577 426 6665
2576 427 6664
2575 428 6663
2574 429 6662
2573 430 6661
2572 431 6660
2571 432 6659
2570 433 6658
2569 434 6657
2568 435 6656
2567 436 6655
2566 437 6654
2565 438 6653
2564 439 6652
2563 440 6651
2562 441 6650
2561 442 6649
2560 443 6648
2559 444 6647
2558 445 6646
2557 446 6645
2556 447 6644
2555 448 6643
2554 449 6642
2553 450 6641
2552 451 6640
2551 452 6639
2550 453 6638
2549 454 6637
2548 455 6636
2547 456 6635
2546 457 6634
2545 458 6633
2544 459 6632
2543 460 6631
2542 461 6630
2541 462 6629
2540 463 6628
2539 464 6627
2538 465 6626
2537 466 6625
2536 467 6624
2535 468 6623
2534 469 6622
2533 470 6621
2532 471 6620
2531 472 6619
2530 473 6618
2529 474 6617
2528 475 6616
2527 476 6615
2526 477 6614
2525 478 6613
2524 479 6612
2523 480 6611
2522 481 6610
2521 482 6609
2520 483 6608
2519 484 6607
2518 485 6606
2517 486 6605
2516 487 6604
2515 488 6603
2514 489 6602
2513 490 6601
2512 491 6600
2511 492 6599
2510 493 6598
2509 494 6597
2508 495 6596
2507 496 6595
2506 497 6594
2505 498 6593
2504 499 6592
2503 500 6591
2502 501 6590
2501 502 6589
2500 503 6588
2499 504 6587
2498 505 6586
2497 506 6585
2496 507 6584
2495 508 6583
2494 509 6582
2493 510 6581
2492 511 6580
2491 512 6579
2490 513 6578
2489 514 6577
2488 515 6576
2487 516 6575
2486 517 6574
2485 518 6573
2484 519 6572
2483 520 6571
2482 521 6570
2481 522 6569
2480 523 6568
2479 524 6567
2478 525 6566
2477 526 6565
2476 527 6564
2475 528 6563
2474 529 6562
2473 530 6561
2472 531 6560
2471 532 6559
2470 533 6558
2469 534 6557
2468 535 6556
2467 536 6555
2466 537 6554
2465 538 6553
2464 539 6552
2463 540 6551
2462 541 6550
2461 542 6549
2460 543 6548
2459 544 6547
2458 545 6546
2457 546 6545
2456 547 6544
2455 548 6543
2454 549 6542
2453 550 6541
2452 551 6540
2451 552 6539
2450 553 6538
2449 554 6537
2448 555 6536
2447 556 6535
2446 557 6534
2445 558 6533
2444 559 6532
2443 560 6531
2442 561 6530
2441 562 6529
2440 563 6528
2439 564 6527
2438 565 6526
2437 566 6525
2436 567 6524
2435 568 6523
2434 569 6522
2433 570 6521
2432 571 6520
2431 572 6519
2430 573 6518
2429 574 6517
2428 575 6516
2427 576 6515
2426 577 6514
2425 578 6513
2424 579 6512
2423 580 6511
2422 581 6510
2421 582 6509
2420 583 6508
2419 584 6507
2418 585 6506
2417 586 6505
2416 587 6504
2415 588 6503
2414 589 6502
2413 590 6501
2412 591 6500
2411 592 6499
2410 593 6498
2409 594 6497
2408 595 6496
2407 596 6495
2406 597 6494
2405 598 6493
2404 599 6492
2403 600 6491
2402 601 6490
2401 602 6489
2400 603 6488
2399 604 6487
2398 605 6486
2397 606 6485
2396 607 6484
2395 608 6483
2394 609 6482
2393 610 6481
2392 611 6480
2391 612 6479
2390 613 6478
2389 614 6477
2388 615 6476
2387 616 6475
2386 617 6474
2385 618 6473
2384 619 6472
2383 620 6471
2382 621 6470
2381 622 6469
2380 623 6468
2379 624 6467
2378 625 6466
2377 626 6465
2376 627 6464
2375 628 6463
2374 629 6462
2373 630 6461
2372 631 6460
2371 632 6459
2370 633 6458
2369 634 6457
2368 635 6456
2367 636 6455
2366 637 6454
2365 638 6453
2364 639 6452
2363 640 6451
2362 641 6450
2361 642 6449
2360 643 6448
2359 644 6447
2358 645 6446
2357 646 6445
2356 647 6444
2355 648 6443
2354 649 6442
2353 650 6441
2352 651 6440
2351 652 6439
2350 653 6438
2349 654 6437
2348 655 6436
2347 656 6435
2346 657 6434
2345 658 6433
2344 659 6432
2343 660 6431
2342 661 6430
2341 662 6429
2340 663 6428
2339 664 6427
2338 665 6426
2337 666 6425
2336 667 6424
2335 668 6423
2334 669 6422
2333 670 6421
2332 671 6420
2331 672 6419
2330 673 6418
2329 674 6417
2328 675 6416
2327 676 6415
2326 677 6414
2325 678 6413
2324 679 6412
2323 680 6411
2322 681 6410
2321 682 6409
2320 683 6408
2319 684 6407
2318 685 6406
2317 686 6405
2316 687 6404
2315 688 6403
2314 689 6402
2313 690 6401
2312 691 6400
2311 692 6399
2310 693 6398
2309 694 6397
2308 695 6396
2307 696 6395
2306 697 6394
2305 698 6393
2304 699 6392
2303 700 6391
2302 701 6390
2301 702 6389
2300 703 6388
2299 704 6387
2298 705 6386
2297 706 6385
2296 707 6384
2295 708 6383
2294 709 6382
2293 710 6381
2292 711 6380
2291 712 6379
2290 713 6378
2289 714 6377
2288 715 6376
2287 716 6375
2286 717 6374
2285 718 6373
2284 719 6372
2283 720 6371
2282 721 6370
2281 722 6369
2280 723 6368
2279 724 6367
2278 725 6366
2277 726 6365
2276 727 6364
2275 728 6363
2274 729 6362
2273 730 6361
2272 731 6360
2271 732 6359
2270 733 6358
2269 734 6357
2268 735 6356
2267 736 6355
2266 737 6354
2265 738 6353
2264 739 6352
2263 740 6351
2262 741 6350
2261 742 6349
2260 743 6348
2259 744 6347
2258 745 6346
2257 746 6345
2256 747 6344
2255 748 6343
2254 749 6342
2253 750 6341
2252 751 6340
2251 752 6339
2250 753 6338
2249 754 6337
2248 755 6336
2247 756 6335
2246 757 6334
2245 758 6333
2244 759 6332
2243 760 6331
2242 761 6330
2241 762 6329
2240 763 6328
2239 764 6327
2238 765 6326
2237 766 6325
2236 767 6324
2235 768 6323
2234 769 6322
2233 770 6321
2232 771 6320
2231 772 6319
2230 773 6318
2229 774 6317
2228 775 6316
2227 776 6315
2226 777 6314
2225 778 6313
2224 779 6312
2223 780 6311
2222 781 6310
2221 782 6309
2220 783 6308
2219 784 6307
2218 785 6306
2217 786 6305
2216 787 6304
2215 788 6303
2214 789 6302
2213 790 6301
2212 791 6300
2211 792 6299
2210 793 6298
2209 794 6297
2208 795 6296
2207 796 6295
2206 797 6294
2205 798 6293
2204 799 6292
2203 800 6291
2202 801 6290
2201 802 6289
2200 803 6288
2199 804 6287
2198 805 6286
2197 806 6285
2196 807 6284
2195 808 6283
2194 809 6282
2193 810 6281
2192 811 6280
2191 812 6279
2190 813 6278
2189 814 6277
2188 815 6276
2187 816 6275
2186 817 6274
2185 818 6273
2184 819 6272
2183 820 6271
2182 821 6270
2181 822 6269
2180 823 6268
2179 824 6267
2178 825 6266
2177 826 6265
2176 827 6264
2175 828 6263
2174 829 6262
2173 830 6261
2172 831 6260
2171 832 6259
2170 833 6258
2169 834 6257
2168 835 6256
2167 836 6255
2166 837 6254
2165 838 6253
2164 839 6252
2163 840 6251
2162 841 6250
2161 842 6249
2160 843 6248
2159 844 6247
2158 845 6246
2157 846 6245
2156 847 6244
2155 848 6243
2154 849 6242
2153 850 6241
2152 851 6240
2151 852 6239
2150 853 6238
2149 854 6237
2148 855 6236
2147 856 6235
2146 857 6234
2145 858 6233
2144 859 6232
2143 860 6231
2142 861 6230
2141 862 6229
2140 863 6228
2139 864 6227
2138 865 6226
2137 866 6225
2136 867 6224
2135 868 6223
2134 869 6222
2133 870 6221
2132 871 6220
2131 872 6219
2130 873 6218
2129 874 6217
2128 875 6216
2127 876 6215
2126 877 6214
2125 878 6213
2124 879 6212
2123 880 6211
2122 881 6210
2121 882 6209
2120 883 6208
2119 884 6207
2118 885 6206
2117 886 6205
2116 887 6204
2115 888 6203
2114 889 6202
2113 890 6201
2112 891 6200
2111 892 6199
2110 893 6198
2109 894 6197
2108 895 6196
2107 896 6195
2106 897 6194
2105 898 6193
2104 899 6192
2103 900 6191
2102 901 6190
2101 902 6189
2100 903 6188
2099 904 6187
2098 905 6186
2097 906 6185
2096 907 6184
2095 908 6183
2094 909 6182
2093 910 6181
2092 911 6180
2091 912 6179
2090 913 6178
2089 914 6177
2088 915 6176
2087 916 6175
2086 917 6174
2085 918 6173
2084 919 6172
2083 920 6171
2082 921 6170
2081 922 6169
2080 923 6168
2079 924 6167
2078 925 6166
2077 926 6165
2076 927 6164
2075 928 6163
2074 929 6162
2073 930 6161
2072 931 6160
2071 932 6159
2070 933 6158
2069 934 6157
2068 935 6156
2067 936 6155
2066 937 6154
2065 938 6153
2064 939 6152
2063 940 6151
2062 941 6150
2061 942 6149
2060 943 6148
2059 944 6147
2058 945 6146
2057 946 6145
2056 947 6144
2055 948 6143
2054 949 6142
2053 950 6141
2052 951 6140
2051 952 6139
2050 953 6138
2049 954 6137
2048 955 6136
2047 956 6135
2046 957 6134
2045 958 6133
2044 959 6132
2043 960 6131
2042 961 6130
2041 962 6129
2040 963 6128
2039 964 6127
2038 965 6126
2037 966 6125
2036 967 6124
2035 968 6123
2034 969 6122
2033 970 6121
2032 971 6120
2031 972 6119
2030 973 6118
2029 974 6117
2028 975 6116
2027 976 6115
2026 977 6114
2025 978 6113
2024 979 6112
2023 980 6111
2022 981 6110
2021 982 6109
2020 983 6108
2019 984 6107
2018 985 6106
2017 986 6105
2016 987 6104
2015 988 6103
2014 989 6102
2013 990 6101
2012 991 6100
2011 992 6099
2010 993 6098
2009 994 6097
2008 995 6096
2007 996 6095
2006 997 6094
2005 998 6093
2004 999 6092
2003 1000 6091
2002 1001 6090
2001 1002 6089
2000 1003 6088
1999 1004 6087
1998 1005 6086
1997 1006 6085
1996 1007 6084
1995 1008 6083
1994 1009 6082
1993 1010 6081
1992 1011 6080
1991 1012 6079
1990 1013 6078
1989 1014 6077
1988 1015 6076
1987 1016 6075
1986 1017 6074
1985 1018 6073
1984 1019 6072
1983 1020 6071
1982 1021 6070
1981 1022 6069
1980 1023 6068
1979 1024 6067
1978 1025 6066
1977 1026 6065
1976 1027 6064
1975 1028 6063
1974 1029 6062
1973 1030 6061
1972 1031 6060
1971 1032 6059
1970 1033 6058
1969 1034 6057
1968 1035 6056
1967 1036 6055
1966 1037 6054
1965 1038 6053
1964 1039 6052
1963 1040 6051
1962 1041 6050
1961 1042 6049
1960 1043 6048
1959 1044 6047
1958 1045 6046
1957 1046 6045
1956 1047 6044
1955 1048 6043
1954 1049 6042
1953 1050 6041
1952 1051 6040
1951 1052 6039
1950 1053 6038
1949 1054 6037
1948 1055 6036
1947 1056 6035
1946 1057 6034
1945 1058 6033
1944 1059 6032
1943 1060 6031
1942 1061 6030
1941 1062 6029
1940 1063 6028
1939 1064 6027
1938 1065 6026
1937 1066 6025
1936 1067 6024
1935 1068 6023
1934 1069 6022
1933 1070 6021
1932 1071 6020
1931 1072 6019
1930 1073 6018
1929 1074 6017
1928 1075 6016
1927 1076 6015
1926 1077 6014
1925 1078 6013
1924 1079 6012
1923 1080 6011
1922 1081 6010
1921 1082 6009
1920 1083 6008
1919 1084 6007
1918 1085 6006
1917 1086 6005
1916 1087 6004
1915 1088 6003
1914 1089 6002
1913 1090 6001
