2180
3000 3 8180
2999 4 8179
2998 5 8178
2997 6 8177
2996 7 8176
2995 8 8175
2994 9 8174
2993 10 8173
2992 11 8172
2991 12 8171
2990 13 8170
2989 14 8169
2988 15 8168
2987 16 8167
2986 17 8166
2985 18 8165
2984 19 8164
2983 20 8163
2982 21 8162
2981 22 8161
2980 23 8160
2979 24 8159
2978 25 8158
2977 26 8157
2976 27 8156
2975 28 8155
2974 29 8154
2973 30 8153
2972 31 8152
2971 32 8151
2970 33 8150
2969 34 8149
2968 35 8148
2967 36 8147
2966 37 8146
2965 38 8145
2964 39 8144
2963 40 8143
2962 41 8142
2961 42 8141
2960 43 8140
2959 44 8139
2958 45 8138
2957 46 8137
2956 47 8136
2955 48 8135
2954 49 8134
2953 50 8133
2952 51 8132
2951 52 8131
2950 53 8130
2949 54 8129
2948 55 8128
2947 56 8127
2946 57 8126
2945 58 8125
2944 59 8124
2943 60 8123
2942 61 8122
2941 62 8121
2940 63 8120
2939 64 8119
2938 65 8118
2937 66 8117
2936 67 8116
2935 68 8115
2934 69 8114
2933 70 8113
2932 71 8112
2931 72 8111
2930 73 8110
2929 74 8109
2928 75 8108
2927 76 8107
2926 77 8106
2925 78 8105
2924 79 8104
2923 80 8103
2922 81 8102
2921 82 8101
2920 83 8100
2919 84 8099
2918 85 8098
2917 86 8097
2916 87 8096
2915 88 8095
2914 89 8094
2913 90 8093
2912 91 8092
2911 92 8091
2910 93 8090
2909 94 8089
2908 95 8088
2907 96 8087
2906 97 8086
2905 98 8085
2904 99 8084
2903 100 8083
2902 101 8082
2901 102 8081
2900 103 8080
2899 104 8079
2898 105 8078
2897 106 8077
2896 107 8076
2895 108 8075
2894 109 8074
2893 110 8073
2892 111 8072
2891 112 8071
2890 113 8070
2889 114 8069
2888 115 8068
2887 116 8067
2886 117 8066
2885 118 8065
2884 119 8064
2883 120 8063
2882 121 8062
2881 122 8061
2880 123 8060
2879 124 8059
2878 125 8058
2877 126 8057
2876 127 8056
2875 128 8055
2874 129 8054
2873 130 8053
2872 131 8052
2871 132 8051
2870 133 8050
2869 134 8049
2868 135 8048
2867 136 8047
2866 137 8046
2865 138 8045
2864 139 8044
2863 140 8043
2862 141 8042
2861 142 8041
2860 143 8040
2859 144 8039
2858 145 8038
2857 146 8037
2856 147 8036
2855 148 8035
2854 149 8034
2853 150 8033
2852 151 8032
2851 152 8031
2850 153 8030
2849 154 8029
2848 155 8028
2847 156 8027
2846 157 8026
2845 158 8025
2844 159 8024
2843 160 8023
2842 161 8022
2841 162 8021
2840 163 8020
2839 164 8019
2838 165 8018
2837 166 8017
2836 167 8016
2835 168 8015
2834 169 8014
2833 170 8013
2832 171 8012
2831 172 8011
2830 173 8010
2829 174 8009
2828 175 8008
2827 176 8007
2826 177 8006
2825 178 8005
2824 179 8004
2823 180 8003
2822 181 8002
2821 182 8001
2820 183 8000
2819 184 7999
2818 185 7998
2817 186 7997
2816 187 7996
2815 188 7995
2814 189 7994
2813 190 7993
2812 191 7992
2811 192 7991
2810 193 7990
2809 194 7989
2808 195 7988
2807 196 7987
2806 197 7986
2805 198 7985
2804 199 7984
2803 200 7983
2802 201 7982
2801 202 7981
2800 203 7980
2799 204 7979
2798 205 7978
2797 206 7977
2796 207 7976
2795 208 7975
2794 209 7974
2793 210 7973
2792 211 7972
2791 212 7971
2790 213 7970
2789 214 7969
2788 215 7968
2787 216 7967
2786 217 7966
2785 218 7965
2784 219 7964
2783 220 7963
2782 221 7962
2781 222 7961
2780 223 7960
2779 224 7959
2778 225 7958
2777 226 7957
2776 227 7956
2775 228 7955
2774 229 7954
2773 230 7953
2772 231 7952
2771 232 7951
2770 233 7950
2769 234 7949
2768 235 7948
2767 236 7947
2766 237 7946
2765 238 7945
2764 239 7944
2763 240 7943
2762 241 7942
2761 242 7941
2760 243 7940
2759 244 7939
2758 245 7938
2757 246 7937
2756 247 7936
2755 248 7935
2754 249 7934
2753 250 7933
2752 251 7932
2751 252 7931
2750 253 7930
2749 254 7929
2748 255 7928
2747 256 7927
2746 257 7926
2745 258 7925
2744 259 7924
2743 260 7923
2742 261 7922
2741 262 7921
2740 263 7920
2739 264 7919
2738 265 7918
2737 266 7917
2736 267 7916
2735 268 7915
2734 269 7914
2733 270 7913
2732 271 7912
2731 272 7911
2730 273 7910
2729 274 7909
2728 275 7908
2727 276 7907
2726 277 7906
2725 278 7905
2724 279 7904
2723 280 7903
2722 281 7902
2721 282 7901
2720 283 7900
2719 284 7899
2718 285 7898
2717 286 7897
2716 287 7896
2715 288 7895
2714 289 7894
2713 290 7893
2712 291 7892
2711 292 7891
2710 293 7890
2709 294 7889
2708 295 7888
2707 296 7887
2706 297 7886
2705 298 7885
2704 299 7884
2703 300 7883
2702 301 7882
2701 302 7881
2700 303 7880
2699 304 7879
2698 305 7878
2697 306 7877
2696 307 7876
2695 308 7875
2694 309 7874
2693 310 7873
2692 311 7872
2691 312 7871
2690 313 7870
2689 314 7869
2688 315 7868
2687 316 7867
2686 317 7866
2685 318 7865
2684 319 7864
2683 320 7863
2682 321 7862
2681 322 7861
2680 323 7860
2679 324 7859
2678 325 7858
2677 326 7857
2676 327 7856
2675 328 7855
2674 329 7854
2673 330 7853
2672 331 7852
2671 332 7851
2670 333 7850
2669 334 7849
2668 335 7848
2667 336 7847
2666 337 7846
2665 338 7845
2664 339 7844
2663 340 7843
2662 341 7842
2661 342 7841
2660 343 7840
2659 344 7839
2658 345 7838
2657 346 7837
2656 347 7836
2655 348 7835
2654 349 7834
2653 350 7833
2652 351 7832
2651 352 7831
2650 353 7830
2649 354 7829
2648 355 7828
2647 356 7827
2646 357 7826
2645 358 7825
2644 359 7824
2643 360 7823
2642 361 7822
2641 362 7821
2640 363 7820
2639 364 7819
2638 365 7818
2637 366 7817
2636 367 7816
2635 368 7815
2634 369 7814
2633 370 7813
2632 371 7812
2631 372 7811
2630 373 7810
2629 374 7809
2628 375 7808
2627 376 7807
2626 377 7806
2625 378 7805
2624 379 7804
2623 380 7803
2622 381 7802
2621 382 7801
2620 383 7800
2619 384 7799
2618 385 7798
2617 386 7797
2616 387 7796
2615 388 7795
2614 389 7794
2613 390 7793
2612 391 7792
2611 392 7791
2610 393 7790
2609 394 7789
2608 395 7788
2607 396 7787
2606 397 7786
2605 398 7785
2604 399 7784
2603 400 7783
2602 401 7782
2601 402 7781
2600 403 7780
2599 404 7779
2598 405 7778
2597 406 7777
2596 407 7776
2595 408 7775
2594 409 7774
2593 410 7773
2592 411 7772
2591 412 7771
2590 413 7770
2589 414 7769
2588 415 7768
2587 416 7767
2586 417 7766
2585 418 7765
2584 419 7764
2583 420 7763
2582 421 7762
2581 422 7761
2580 423 7760
2579 424 7759
2578 425 7758
2577 426 7757
2576 427 7756
2575 428 7755
2574 429 7754
2573 430 7753
2572 431 7752
2571 432 7751
2570 433 7750
2569 434 7749
2568 435 7748
2567 436 7747
2566 437 7746
2565 438 7745
2564 439 7744
2563 440 7743
2562 441 7742
2561 442 7741
2560 443 7740
2559 444 7739
2558 445 7738
2557 446 7737
2556 447 7736
2555 448 7735
2554 449 7734
2553 450 7733
2552 451 7732
2551 452 7731
2550 453 7730
2549 454 7729
2548 455 7728
2547 456 7727
2546 457 7726
2545 458 7725
2544 459 7724
2543 460 7723
2542 461 7722
2541 462 7721
2540 463 7720
2539 464 7719
2538 465 7718
2537 466 7717
2536 467 7716
2535 468 7715
2534 469 7714
2533 470 7713
2532 471 7712
2531 472 7711
2530 473 7710
2529 474 7709
2528 475 7708
2527 476 7707
2526 477 7706
2525 478 7705
2524 479 7704
2523 480 7703
2522 481 7702
2521 482 7701
2520 483 7700
2519 484 7699
2518 485 7698
2517 486 7697
2516 487 7696
2515 488 7695
2514 489 7694
2513 490 7693
2512 491 7692
2511 492 7691
2510 493 7690
2509 494 7689
2508 495 7688
2507 496 7687
2506 497 7686
2505 498 7685
2504 499 7684
2503 500 7683
2502 501 7682
2501 502 7681
2500 503 7680
2499 504 7679
2498 505 7678
2497 506 7677
2496 507 7676
2495 508 7675
2494 509 7674
2493 510 7673
2492 511 7672
2491 512 7671
2490 513 7670
2489 514 7669
2488 515 7668
2487 516 7667
2486 517 7666
2485 518 7665
2484 519 7664
2483 520 7663
2482 521 7662
2481 522 7661
2480 523 7660
2479 524 7659
2478 525 7658
2477 526 7657
2476 527 7656
2475 528 7655
2474 529 7654
2473 530 7653
2472 531 7652
2471 532 7651
2470 533 7650
2469 534 7649
2468 535 7648
2467 536 7647
2466 537 7646
2465 538 7645
2464 539 7644
2463 540 7643
2462 541 7642
2461 542 7641
2460 543 7640
2459 544 7639
2458 545 7638
2457 546 7637
2456 547 7636
2455 548 7635
2454 549 7634
2453 550 7633
2452 551 7632
2451 552 7631
2450 553 7630
2449 554 7629
2448 555 7628
2447 556 7627
2446 557 7626
2445 558 7625
2444 559 7624
2443 560 7623
2442 561 7622
2441 562 7621
2440 563 7620
2439 564 7619
2438 565 7618
2437 566 7617
2436 567 7616
2435 568 7615
2434 569 7614
2433 570 7613
2432 571 7612
2431 572 7611
2430 573 7610
2429 574 7609
2428 575 7608
2427 576 7607
2426 577 7606
2425 578 7605
2424 579 7604
2423 580 7603
2422 581 7602
2421 582 7601
2420 583 7600
2419 584 7599
2418 585 7598
2417 586 7597
2416 587 7596
2415 588 7595
2414 589 7594
2413 590 7593
2412 591 7592
2411 592 7591
2410 593 7590
2409 594 7589
2408 595 7588
2407 596 7587
2406 597 7586
2405 598 7585
2404 599 7584
2403 600 7583
2402 601 7582
2401 602 7581
2400 603 7580
2399 604 7579
2398 605 7578
2397 606 7577
2396 607 7576
2395 608 7575
2394 609 7574
2393 610 7573
2392 611 7572
2391 612 7571
2390 613 7570
2389 614 7569
2388 615 7568
2387 616 7567
2386 617 7566
2385 618 7565
2384 619 7564
2383 620 7563
2382 621 7562
2381 622 7561
2380 623 7560
2379 624 7559
2378 625 7558
2377 626 7557
2376 627 7556
2375 628 7555
2374 629 7554
2373 630 7553
2372 631 7552
2371 632 7551
2370 633 7550
2369 634 7549
2368 635 7548
2367 636 7547
2366 637 7546
2365 638 7545
2364 639 7544
2363 640 7543
2362 641 7542
2361 642 7541
2360 643 7540
2359 644 7539
2358 645 7538
2357 646 7537
2356 647 7536
2355 648 7535
2354 649 7534
2353 650 7533
2352 651 7532
2351 652 7531
2350 653 7530
2349 654 7529
2348 655 7528
2347 656 7527
2346 657 7526
2345 658 7525
2344 659 7524
2343 660 7523
2342 661 7522
2341 662 7521
2340 663 7520
2339 664 7519
2338 665 7518
2337 666 7517
2336 667 7516
2335 668 7515
2334 669 7514
2333 670 7513
2332 671 7512
2331 672 7511
2330 673 7510
2329 674 7509
2328 675 7508
2327 676 7507
2326 677 7506
2325 678 7505
2324 679 7504
2323 680 7503
2322 681 7502
2321 682 7501
2320 683 7500
2319 684 7499
2318 685 7498
2317 686 7497
2316 687 7496
2315 688 7495
2314 689 7494
2313 690 7493
2312 691 7492
2311 692 7491
2310 693 7490
2309 694 7489
2308 695 7488
2307 696 7487
2306 697 7486
2305 698 7485
2304 699 7484
2303 700 7483
2302 701 7482
2301 702 7481
2300 703 7480
2299 704 7479
2298 705 7478
2297 706 7477
2296 707 7476
2295 708 7475
2294 709 7474
2293 710 7473
2292 711 7472
2291 712 7471
2290 713 7470
2289 714 7469
2288 715 7468
2287 716 7467
2286 717 7466
2285 718 7465
2284 719 7464
2283 720 7463
2282 721 7462
2281 722 7461
2280 723 7460
2279 724 7459
2278 725 7458
2277 726 7457
2276 727 7456
2275 728 7455
2274 729 7454
2273 730 7453
2272 731 7452
2271 732 7451
2270 733 7450
2269 734 7449
2268 735 7448
2267 736 7447
2266 737 7446
2265 738 7445
2264 739 7444
2263 740 7443
2262 741 7442
2261 742 7441
2260 743 7440
2259 744 7439
2258 745 7438
2257 746 7437
2256 747 7436
2255 748 7435
2254 749 7434
2253 750 7433
2252 751 7432
2251 752 7431
2250 753 7430
2249 754 7429
2248 755 7428
2247 756 7427
2246 757 7426
2245 758 7425
2244 759 7424
2243 760 7423
2242 761 7422
2241 762 7421
2240 763 7420
2239 764 7419
2238 765 7418
2237 766 7417
2236 767 7416
2235 768 7415
2234 769 7414
2233 770 7413
2232 771 7412
2231 772 7411
2230 773 7410
2229 774 7409
2228 775 7408
2227 776 7407
2226 777 7406
2225 778 7405
2224 779 7404
2223 780 7403
2222 781 7402
2221 782 7401
2220 783 7400
2219 784 7399
2218 785 7398
2217 786 7397
2216 787 7396
2215 788 7395
2214 789 7394
2213 790 7393
2212 791 7392
2211 792 7391
2210 793 7390
2209 794 7389
2208 795 7388
2207 796 7387
2206 797 7386
2205 798 7385
2204 799 7384
2203 800 7383
2202 801 7382
2201 802 7381
2200 803 7380
2199 804 7379
2198 805 7378
2197 806 7377
2196 807 7376
2195 808 7375
2194 809 7374
2193 810 7373
2192 811 7372
2191 812 7371
2190 813 7370
2189 814 7369
2188 815 7368
2187 816 7367
2186 817 7366
2185 818 7365
2184 819 7364
2183 820 7363
2182 821 7362
2181 822 7361
2180 823 7360
2179 824 7359
2178 825 7358
2177 826 7357
2176 827 7356
2175 828 7355
2174 829 7354
2173 830 7353
2172 831 7352
2171 832 7351
2170 833 7350
2169 834 7349
2168 835 7348
2167 836 7347
2166 837 7346
2165 838 7345
2164 839 7344
2163 840 7343
2162 841 7342
2161 842 7341
2160 843 7340
2159 844 7339
2158 845 7338
2157 846 7337
2156 847 7336
2155 848 7335
2154 849 7334
2153 850 7333
2152 851 7332
2151 852 7331
2150 853 7330
2149 854 7329
2148 855 7328
2147 856 7327
2146 857 7326
2145 858 7325
2144 859 7324
2143 860 7323
2142 861 7322
2141 862 7321
2140 863 7320
2139 864 7319
2138 865 7318
2137 866 7317
2136 867 7316
2135 868 7315
2134 869 7314
2133 870 7313
2132 871 7312
2131 872 7311
2130 873 7310
2129 874 7309
2128 875 7308
2127 876 7307
2126 877 7306
2125 878 7305
2124 879 7304
2123 880 7303
2122 881 7302
2121 882 7301
2120 883 7300
2119 884 7299
2118 885 7298
2117 886 7297
2116 887 7296
2115 888 7295
2114 889 7294
2113 890 7293
2112 891 7292
2111 892 7291
2110 893 7290
2109 894 7289
2108 895 7288
2107 896 7287
2106 897 7286
2105 898 7285
2104 899 7284
2103 900 7283
2102 901 7282
2101 902 7281
2100 903 7280
2099 904 7279
2098 905 7278
2097 906 7277
2096 907 7276
2095 908 7275
2094 909 7274
2093 910 7273
2092 911 7272
2091 912 7271
2090 913 7270
2089 914 7269
2088 915 7268
2087 916 7267
2086 917 7266
2085 918 7265
2084 919 7264
2083 920 7263
2082 921 7262
2081 922 7261
2080 923 7260
2079 924 7259
2078 925 7258
2077 926 7257
2076 927 7256
2075 928 7255
2074 929 7254
2073 930 7253
2072 931 7252
2071 932 7251
2070 933 7250
2069 934 7249
2068 935 7248
2067 936 7247
2066 937 7246
2065 938 7245
2064 939 7244
2063 940 7243
2062 941 7242
2061 942 7241
2060 943 7240
2059 944 7239
2058 945 7238
2057 946 7237
2056 947 7236
2055 948 7235
2054 949 7234
2053 950 7233
2052 951 7232
2051 952 7231
2050 953 7230
2049 954 7229
2048 955 7228
2047 956 7227
2046 957 7226
2045 958 7225
2044 959 7224
2043 960 7223
2042 961 7222
2041 962 7221
2040 963 7220
2039 964 7219
2038 965 7218
2037 966 7217
2036 967 7216
2035 968 7215
2034 969 7214
2033 970 7213
2032 971 7212
2031 972 7211
2030 973 7210
2029 974 7209
2028 975 7208
2027 976 7207
2026 977 7206
2025 978 7205
2024 979 7204
2023 980 7203
2022 981 7202
2021 982 7201
2020 983 7200
2019 984 7199
2018 985 7198
2017 986 7197
2016 987 7196
2015 988 7195
2014 989 7194
2013 990 7193
2012 991 7192
2011 992 7191
2010 993 7190
2009 994 7189
2008 995 7188
2007 996 7187
2006 997 7186
2005 998 7185
2004 999 7184
2003 1000 7183
2002 1001 7182
2001 1002 7181
2000 1003 7180
1999 1004 7179
1998 1005 7178
1997 1006 7177
1996 1007 7176
1995 1008 7175
1994 1009 7174
1993 1010 7173
1992 1011 7172
1991 1012 7171
1990 1013 7170
1989 1014 7169
1988 1015 7168
1987 1016 7167
1986 1017 7166
1985 1018 7165
1984 1019 7164
1983 1020 7163
1982 1021 7162
1981 1022 7161
1980 1023 7160
1979 1024 7159
1978 1025 7158
1977 1026 7157
1976 1027 7156
1975 1028 7155
1974 1029 7154
1973 1030 7153
1972 1031 7152
1971 1032 7151
1970 1033 7150
1969 1034 7149
1968 1035 7148
1967 1036 7147
1966 1037 7146
1965 1038 7145
1964 1039 7144
1963 1040 7143
1962 1041 7142
1961 1042 7141
1960 1043 7140
1959 1044 7139
1958 1045 7138
1957 1046 7137
1956 1047 7136
1955 1048 7135
1954 1049 7134
1953 1050 7133
1952 1051 7132
1951 1052 7131
1950 1053 7130
1949 1054 7129
1948 1055 7128
1947 1056 7127
1946 1057 7126
1945 1058 7125
1944 1059 7124
1943 1060 7123
1942 1061 7122
1941 1062 7121
1940 1063 7120
1939 1064 7119
1938 1065 7118
1937 1066 7117
1936 1067 7116
1935 1068 7115
1934 1069 7114
1933 1070 7113
1932 1071 7112
1931 1072 7111
1930 1073 7110
1929 1074 7109
1928 1075 7108
1927 1076 7107
1926 1077 7106
1925 1078 7105
1924 1079 7104
1923 1080 7103
1922 1081 7102
1921 1082 7101
1920 1083 7100
1919 1084 7099
1918 1085 7098
1917 1086 7097
1916 1087 7096
1915 1088 7095
1914 1089 7094
1913 1090 7093
1912 1091 7092
1911 1092 7091
1910 1093 7090
1909 1094 7089
1908 1095 7088
1907 1096 7087
1906 1097 7086
1905 1098 7085
1904 1099 7084
1903 1100 7083
1902 1101 7082
1901 1102 7081
1900 1103 7080
1899 1104 7079
1898 1105 7078
1897 1106 7077
1896 1107 7076
1895 1108 7075
1894 1109 7074
1893 1110 7073
1892 1111 7072
1891 1112 7071
1890 1113 7070
1889 1114 7069
1888 1115 7068
1887 1116 7067
1886 1117 7066
1885 1118 7065
1884 1119 7064
1883 1120 7063
1882 1121 7062
1881 1122 7061
1880 1123 7060
1879 1124 7059
1878 1125 7058
1877 1126 7057
1876 1127 7056
1875 1128 7055
1874 1129 7054
1873 1130 7053
1872 1131 7052
1871 1132 7051
1870 1133 7050
1869 1134 7049
1868 1135 7048
1867 1136 7047
1866 1137 7046
1865 1138 7045
1864 1139 7044
1863 1140 7043
1862 1141 7042
1861 1142 7041
1860 1143 7040
1859 1144 7039
1858 1145 7038
1857 1146 7037
1856 1147 7036
1855 1148 7035
1854 1149 7034
1853 1150 7033
1852 1151 7032
1851 1152 7031
1850 1153 7030
1849 1154 7029
1848 1155 7028
1847 1156 7027
1846 1157 7026
1845 1158 7025
1844 1159 7024
1843 1160 7023
1842 1161 7022
1841 1162 7021
1840 1163 7020
1839 1164 7019
1838 1165 7018
1837 1166 7017
1836 1167 7016
1835 1168 7015
1834 1169 7014
1833 1170 7013
1832 1171 7012
1831 1172 7011
1830 1173 7010
1829 1174 7009
1828 1175 7008
1827 1176 7007
1826 1177 7006
1825 1178 7005
1824 1179 7004
1823 1180 7003
1822 1181 7002
1821 1182 7001
1820 1183 7000
1819 1184 6999
1818 1185 6998
1817 1186 6997
1816 1187 6996
1815 1188 6995
1814 1189 6994
1813 1190 6993
1812 1191 6992
1811 1192 6991
1810 1193 6990
1809 1194 6989
1808 1195 6988
1807 1196 6987
1806 1197 6986
1805 1198 6985
1804 1199 6984
1803 1200 6983
1802 1201 6982
1801 1202 6981
1800 1203 6980
1799 1204 6979
1798 1205 6978
1797 1206 6977
1796 1207 6976
1795 1208 6975
1794 1209 6974
1793 1210 6973
1792 1211 6972
1791 1212 6971
1790 1213 6970
1789 1214 6969
1788 1215 6968
1787 1216 6967
1786 1217 6966
1785 1218 6965
1784 1219 6964
1783 1220 6963
1782 1221 6962
1781 1222 6961
1780 1223 6960
1779 1224 6959
1778 1225 6958
1777 1226 6957
1776 1227 6956
1775 1228 6955
1774 1229 6954
1773 1230 6953
1772 1231 6952
1771 1232 6951
1770 1233 6950
1769 1234 6949
1768 1235 6948
1767 1236 6947
1766 1237 6946
1765 1238 6945
1764 1239 6944
1763 1240 6943
1762 1241 6942
1761 1242 6941
1760 1243 6940
1759 1244 6939
1758 1245 6938
1757 1246 6937
1756 1247 6936
1755 1248 6935
1754 1249 6934
1753 1250 6933
1752 1251 6932
1751 1252 6931
1750 1253 6930
1749 1254 6929
1748 1255 6928
1747 1256 6927
1746 1257 6926
1745 1258 6925
1744 1259 6924
1743 1260 6923
1742 1261 6922
1741 1262 6921
1740 1263 6920
1739 1264 6919
1738 1265 6918
1737 1266 6917
1736 1267 6916
1735 1268 6915
1734 1269 6914
1733 1270 6913
1732 1271 6912
1731 1272 6911
1730 1273 6910
1729 1274 6909
1728 1275 6908
1727 1276 6907
1726 1277 6906
1725 1278 6905
1724 1279 6904
1723 1280 6903
1722 1281 6902
1721 1282 6901
1720 1283 6900
1719 1284 6899
1718 1285 6898
1717 1286 6897
1716 1287 6896
1715 1288 6895
1714 1289 6894
1713 1290 6893
1712 1291 6892
1711 1292 6891
1710 1293 6890
1709 1294 6889
1708 1295 6888
1707 1296 6887
1706 1297 6886
1705 1298 6885
1704 1299 6884
1703 1300 6883
1702 1301 6882
1701 1302 6881
1700 1303 6880
1699 1304 6879
1698 1305 6878
1697 1306 6877
1696 1307 6876
1695 1308 6875
1694 1309 6874
1693 1310 6873
1692 1311 6872
1691 1312 6871
1690 1313 6870
1689 1314 6869
1688 1315 6868
1687 1316 6867
1686 1317 6866
1685 1318 6865
1684 1319 6864
1683 1320 6863
1682 1321 6862
1681 1322 6861
1680 1323 6860
1679 1324 6859
1678 1325 6858
1677 1326 6857
1676 1327 6856
1675 1328 6855
1674 1329 6854
1673 1330 6853
1672 1331 6852
1671 1332 6851
1670 1333 6850
1669 1334 6849
1668 1335 6848
1667 1336 6847
1666 1337 6846
1665 1338 6845
1664 1339 6844
1663 1340 6843
1662 1341 6842
1661 1342 6841
1660 1343 6840
1659 1344 6839
1658 1345 6838
1657 1346 6837
1656 1347 6836
1655 1348 6835
1654 1349 6834
1653 1350 6833
1652 1351 6832
1651 1352 6831
1650 1353 6830
1649 1354 6829
1648 1355 6828
1647 1356 6827
1646 1357 6826
1645 1358 6825
1644 1359 6824
1643 1360 6823
1642 1361 6822
1641 1362 6821
1640 1363 6820
1639 1364 6819
1638 1365 6818
1637 1366 6817
1636 1367 6816
1635 1368 6815
1634 1369 6814
1633 1370 6813
1632 1371 6812
1631 1372 6811
1630 1373 6810
1629 1374 6809
1628 1375 6808
1627 1376 6807
1626 1377 6806
1625 1378 6805
1624 1379 6804
1623 1380 6803
1622 1381 6802
1621 1382 6801
1620 1383 6800
1619 1384 6799
1618 1385 6798
1617 1386 6797
1616 1387 6796
1615 1388 6795
1614 1389 6794
1613 1390 6793
1612 1391 6792
1611 1392 6791
1610 1393 6790
1609 1394 6789
1608 1395 6788
1607 1396 6787
1606 1397 6786
1605 1398 6785
1604 1399 6784
1603 1400 6783
1602 1401 6782
1601 1402 6781
1600 1403 6780
1599 1404 6779
1598 1405 6778
1597 1406 6777
1596 1407 6776
1595 1408 6775
1594 1409 6774
1593 1410 6773
1592 1411 6772
1591 1412 6771
1590 1413 6770
1589 1414 6769
1588 1415 6768
1587 1416 6767
1586 1417 6766
1585 1418 6765
1584 1419 6764
1583 1420 6763
1582 1421 6762
1581 1422 6761
1580 1423 6760
1579 1424 6759
1578 1425 6758
1577 1426 6757
1576 1427 6756
1575 1428 6755
1574 1429 6754
1573 1430 6753
1572 1431 6752
1571 1432 6751
1570 1433 6750
1569 1434 6749
1568 1435 6748
1567 1436 6747
1566 1437 6746
1565 1438 6745
1564 1439 6744
1563 1440 6743
1562 1441 6742
1561 1442 6741
1560 1443 6740
1559 1444 6739
1558 1445 6738
1557 1446 6737
1556 1447 6736
1555 1448 6735
1554 1449 6734
1553 1450 6733
1552 1451 6732
1551 1452 6731
1550 1453 6730
1549 1454 6729
1548 1455 6728
1547 1456 6727
1546 1457 6726
1545 1458 6725
1544 1459 6724
1543 1460 6723
1542 1461 6722
1541 1462 6721
1540 1463 6720
1539 1464 6719
1538 1465 6718
1537 1466 6717
1536 1467 6716
1535 1468 6715
1534 1469 6714
1533 1470 6713
1532 1471 6712
1531 1472 6711
1530 1473 6710
1529 1474 6709
1528 1475 6708
1527 1476 6707
1526 1477 6706
1525 1478 6705
1524 1479 6704
1523 1480 6703
1522 1481 6702
1521 1482 6701
1520 1483 6700
1519 1484 6699
1518 1485 6698
1517 1486 6697
1516 1487 6696
1515 1488 6695
1514 1489 6694
1513 1490 6693
1512 1491 6692
1511 1492 6691
1510 1493 6690
1509 1494 6689
1508 1495 6688
1507 1496 6687
1506 1497 6686
1505 1498 6685
1504 1499 6684
1503 1500 6683
1502 1501 6682
1501 1502 6681
1500 1503 6680
1499 1504 6679
1498 1505 6678
1497 1506 6677
1496 1507 6676
1495 1508 6675
1494 1509 6674
1493 1510 6673
1492 1511 6672
1491 1512 6671
1490 1513 6670
1489 1514 6669
1488 1515 6668
1487 1516 6667
1486 1517 6666
1485 1518 6665
1484 1519 6664
1483 1520 6663
1482 1521 6662
1481 1522 6661
1480 1523 6660
1479 1524 6659
1478 1525 6658
1477 1526 6657
1476 1527 6656
1475 1528 6655
1474 1529 6654
1473 1530 6653
1472 1531 6652
1471 1532 6651
1470 1533 6650
1469 1534 6649
1468 1535 6648
1467 1536 6647
1466 1537 6646
1465 1538 6645
1464 1539 6644
1463 1540 6643
1462 1541 6642
1461 1542 6641
1460 1543 6640
1459 1544 6639
1458 1545 6638
1457 1546 6637
1456 1547 6636
1455 1548 6635
1454 1549 6634
1453 1550 6633
1452 1551 6632
1451 1552 6631
1450 1553 6630
1449 1554 6629
1448 1555 6628
1447 1556 6627
1446 1557 6626
1445 1558 6625
1444 1559 6624
1443 1560 6623
1442 1561 6622
1441 1562 6621
1440 1563 6620
1439 1564 6619
1438 1565 6618
1437 1566 6617
1436 1567 6616
1435 1568 6615
1434 1569 6614
1433 1570 6613
1432 1571 6612
1431 1572 6611
1430 1573 6610
1429 1574 6609
1428 1575 6608
1427 1576 6607
1426 1577 6606
1425 1578 6605
1424 1579 6604
1423 1580 6603
1422 1581 6602
1421 1582 6601
1420 1583 6600
1419 1584 6599
1418 1585 6598
1417 1586 6597
1416 1587 6596
1415 1588 6595
1414 1589 6594
1413 1590 6593
1412 1591 6592
1411 1592 6591
1410 1593 6590
1409 1594 6589
1408 1595 6588
1407 1596 6587
1406 1597 6586
1405 1598 6585
1404 1599 6584
1403 1600 6583
1402 1601 6582
1401 1602 6581
1400 1603 6580
1399 1604 6579
1398 1605 6578
1397 1606 6577
1396 1607 6576
1395 1608 6575
1394 1609 6574
1393 1610 6573
1392 1611 6572
1391 1612 6571
1390 1613 6570
1389 1614 6569
1388 1615 6568
1387 1616 6567
1386 1617 6566
1385 1618 6565
1384 1619 6564
1383 1620 6563
1382 1621 6562
1381 1622 6561
1380 1623 6560
1379 1624 6559
1378 1625 6558
1377 1626 6557
1376 1627 6556
1375 1628 6555
1374 1629 6554
1373 1630 6553
1372 1631 6552
1371 1632 6551
1370 1633 6550
1369 1634 6549
1368 1635 6548
1367 1636 6547
1366 1637 6546
1365 1638 6545
1364 1639 6544
1363 1640 6543
1362 1641 6542
1361 1642 6541
1360 1643 6540
1359 1644 6539
1358 1645 6538
1357 1646 6537
1356 1647 6536
1355 1648 6535
1354 1649 6534
1353 1650 6533
1352 1651 6532
1351 1652 6531
1350 1653 6530
1349 1654 6529
1348 1655 6528
1347 1656 6527
1346 1657 6526
1345 1658 6525
1344 1659 6524
1343 1660 6523
1342 1661 6522
1341 1662 6521
1340 1663 6520
1339 1664 6519
1338 1665 6518
1337 1666 6517
1336 1667 6516
1335 1668 6515
1334 1669 6514
1333 1670 6513
1332 1671 6512
1331 1672 6511
1330 1673 6510
1329 1674 6509
1328 1675 6508
1327 1676 6507
1326 1677 6506
1325 1678 6505
1324 1679 6504
1323 1680 6503
1322 1681 6502
1321 1682 6501
1320 1683 6500
1319 1684 6499
1318 1685 6498
1317 1686 6497
1316 1687 6496
1315 1688 6495
1314 1689 6494
1313 1690 6493
1312 1691 6492
1311 1692 6491
1310 1693 6490
1309 1694 6489
1308 1695 6488
1307 1696 6487
1306 1697 6486
1305 1698 6485
1304 1699 6484
1303 1700 6483
1302 1701 6482
1301 1702 6481
1300 1703 6480
1299 1704 6479
1298 1705 6478
1297 1706 6477
1296 1707 6476
1295 1708 6475
1294 1709 6474
1293 1710 6473
1292 1711 6472
1291 1712 6471
1290 1713 6470
1289 1714 6469
1288 1715 6468
1287 1716 6467
1286 1717 6466
1285 1718 6465
1284 1719 6464
1283 1720 6463
1282 1721 6462
1281 1722 6461
1280 1723 6460
1279 1724 6459
1278 1725 6458
1277 1726 6457
1276 1727 6456
1275 1728 6455
1274 1729 6454
1273 1730 6453
1272 1731 6452
1271 1732 6451
1270 1733 6450
1269 1734 6449
1268 1735 6448
1267 1736 6447
1266 1737 6446
1265 1738 6445
1264 1739 6444
1263 1740 6443
1262 1741 6442
1261 1742 6441
1260 1743 6440
1259 1744 6439
1258 1745 6438
1257 1746 6437
1256 1747 6436
1255 1748 6435
1254 1749 6434
1253 1750 6433
1252 1751 6432
1251 1752 6431
1250 1753 6430
1249 1754 6429
1248 1755 6428
1247 1756 6427
1246 1757 6426
1245 1758 6425
1244 1759 6424
1243 1760 6423
1242 1761 6422
1241 1762 6421
1240 1763 6420
1239 1764 6419
1238 1765 6418
1237 1766 6417
1236 1767 6416
1235 1768 6415
1234 1769 6414
1233 1770 6413
1232 1771 6412
1231 1772 6411
1230 1773 6410
1229 1774 6409
1228 1775 6408
1227 1776 6407
1226 1777 6406
1225 1778 6405
1224 1779 6404
1223 1780 6403
1222 1781 6402
1221 1782 6401
1220 1783 6400
1219 1784 6399
1218 1785 6398
1217 1786 6397
1216 1787 6396
1215 1788 6395
1214 1789 6394
1213 1790 6393
1212 1791 6392
1211 1792 6391
1210 1793 6390
1209 1794 6389
1208 1795 6388
1207 1796 6387
1206 1797 6386
1205 1798 6385
1204 1799 6384
1203 1800 6383
1202 1801 6382
1201 1802 6381
1200 1803 6380
1199 1804 6379
1198 1805 6378
1197 1806 6377
1196 1807 6376
1195 1808 6375
1194 1809 6374
1193 1810 6373
1192 1811 6372
1191 1812 6371
1190 1813 6370
1189 1814 6369
1188 1815 6368
1187 1816 6367
1186 1817 6366
1185 1818 6365
1184 1819 6364
1183 1820 6363
1182 1821 6362
1181 1822 6361
1180 1823 6360
1179 1824 6359
1178 1825 6358
1177 1826 6357
1176 1827 6356
1175 1828 6355
1174 1829 6354
1173 1830 6353
1172 1831 6352
1171 1832 6351
1170 1833 6350
1169 1834 6349
1168 1835 6348
1167 1836 6347
1166 1837 6346
1165 1838 6345
1164 1839 6344
1163 1840 6343
1162 1841 6342
1161 1842 6341
1160 1843 6340
1159 1844 6339
1158 1845 6338
1157 1846 6337
1156 1847 6336
1155 1848 6335
1154 1849 6334
1153 1850 6333
1152 1851 6332
1151 1852 6331
1150 1853 6330
1149 1854 6329
1148 1855 6328
1147 1856 6327
1146 1857 6326
1145 1858 6325
1144 1859 6324
1143 1860 6323
1142 1861 6322
1141 1862 6321
1140 1863 6320
1139 1864 6319
1138 1865 6318
1137 1866 6317
1136 1867 6316
1135 1868 6315
1134 1869 6314
1133 1870 6313
1132 1871 6312
1131 1872 6311
1130 1873 6310
1129 1874 6309
1128 1875 6308
1127 1876 6307
1126 1877 6306
1125 1878 6305
1124 1879 6304
1123 1880 6303
1122 1881 6302
1121 1882 6301
1120 1883 6300
1119 1884 6299
1118 1885 6298
1117 1886 6297
1116 1887 6296
1115 1888 6295
1114 1889 6294
1113 1890 6293
1112 1891 6292
1111 1892 6291
1110 1893 6290
1109 1894 6289
1108 1895 6288
1107 1896 6287
1106 1897 6286
1105 1898 6285
1104 1899 6284
1103 1900 6283
1102 1901 6282
1101 1902 6281
1100 1903 6280
1099 1904 6279
1098 1905 6278
1097 1906 6277
1096 1907 6276
1095 1908 6275
1094 1909 6274
1093 1910 6273
1092 1911 6272
1091 1912 6271
1090 1913 6270
1089 1914 6269
1088 1915 6268
1087 1916 6267
1086 1917 6266
1085 1918 6265
1084 1919 6264
1083 1920 6263
1082 1921 6262
1081 1922 6261
1080 1923 6260
1079 1924 6259
1078 1925 6258
1077 1926 6257
1076 1927 6256
1075 1928 6255
1074 1929 6254
1073 1930 6253
1072 1931 6252
1071 1932 6251
1070 1933 6250
1069 1934 6249
1068 1935 6248
1067 1936 6247
1066 1937 6246
1065 1938 6245
1064 1939 6244
1063 1940 6243
1062 1941 6242
1061 1942 6241
1060 1943 6240
1059 1944 6239
1058 1945 6238
1057 1946 6237
1056 1947 6236
1055 1948 6235
1054 1949 6234
1053 1950 6233
1052 1951 6232
1051 1952 6231
1050 1953 6230
1049 1954 6229
1048 1955 6228
1047 1956 6227
1046 1957 6226
1045 1958 6225
1044 1959 6224
1043 1960 6223
1042 1961 6222
1041 1962 6221
1040 1963 6220
1039 1964 6219
1038 1965 6218
1037 1966 6217
1036 1967 6216
1035 1968 6215
1034 1969 6214
1033 1970 6213
1032 1971 6212
1031 1972 6211
1030 1973 6210
1029 1974 6209
1028 1975 6208
1027 1976 6207
1026 1977 6206
1025 1978 6205
1024 1979 6204
1023 1980 6203
1022 1981 6202
1021 1982 6201
1020 1983 6200
1019 1984 6199
1018 1985 6198
1017 1986 6197
1016 1987 6196
1015 1988 6195
1014 1989 6194
1013 1990 6193
1012 1991 6192
1011 1992 6191
1010 1993 6190
1009 1994 6189
1008 1995 6188
1007 1996 6187
1006 1997 6186
1005 1998 6185
1004 1999 6184
1003 2000 6183
1002 2001 6182
1001 2002 6181
1000 2003 6180
999 2004 6179
998 2005 6178
997 2006 6177
996 2007 6176
995 2008 6175
994 2009 6174
993 2010 6173
992 2011 6172
991 2012 6171
990 2013 6170
989 2014 6169
988 2015 6168
987 2016 6167
986 2017 6166
985 2018 6165
984 2019 6164
983 2020 6163
982 2021 6162
981 2022 6161
980 2023 6160
979 2024 6159
978 2025 6158
977 2026 6157
976 2027 6156
975 2028 6155
974 2029 6154
973 2030 6153
972 2031 6152
971 2032 6151
970 2033 6150
969 2034 6149
968 2035 6148
967 2036 6147
966 2037 6146
965 2038 6145
964 2039 6144
963 2040 6143
962 2041 6142
961 2042 6141
960 2043 6140
959 2044 6139
958 2045 6138
957 2046 6137
956 2047 6136
955 2048 6135
954 2049 6134
953 2050 6133
952 2051 6132
951 2052 6131
950 2053 6130
949 2054 6129
948 2055 6128
947 2056 6127
946 2057 6126
945 2058 6125
944 2059 6124
943 2060 6123
942 2061 6122
941 2062 6121
940 2063 6120
939 2064 6119
938 2065 6118
937 2066 6117
936 2067 6116
935 2068 6115
934 2069 6114
933 2070 6113
932 2071 6112
931 2072 6111
930 2073 6110
929 2074 6109
928 2075 6108
927 2076 6107
926 2077 6106
925 2078 6105
924 2079 6104
923 2080 6103
922 2081 6102
921 2082 6101
920 2083 6100
919 2084 6099
918 2085 6098
917 2086 6097
916 2087 6096
915 2088 6095
914 2089 6094
913 2090 6093
912 2091 6092
911 2092 6091
910 2093 6090
909 2094 6089
908 2095 6088
907 2096 6087
906 2097 6086
905 2098 6085
904 2099 6084
903 2100 6083
902 2101 6082
901 2102 6081
900 2103 6080
899 2104 6079
898 2105 6078
897 2106 6077
896 2107 6076
895 2108 6075
894 2109 6074
893 2110 6073
892 2111 6072
891 2112 6071
890 2113 6070
889 2114 6069
888 2115 6068
887 2116 6067
886 2117 6066
885 2118 6065
884 2119 6064
883 2120 6063
882 2121 6062
881 2122 6061
880 2123 6060
879 2124 6059
878 2125 6058
877 2126 6057
876 2127 6056
875 2128 6055
874 2129 6054
873 2130 6053
872 2131 6052
871 2132 6051
870 2133 6050
869 2134 6049
868 2135 6048
867 2136 6047
866 2137 6046
865 2138 6045
864 2139 6044
863 2140 6043
862 2141 6042
861 2142 6041
860 2143 6040
859 2144 6039
858 2145 6038
857 2146 6037
856 2147 6036
855 2148 6035
854 2149 6034
853 2150 6033
852 2151 6032
851 2152 6031
850 2153 6030
849 2154 6029
848 2155 6028
847 2156 6027
846 2157 6026
845 2158 6025
844 2159 6024
843 2160 6023
842 2161 6022
841 2162 6021
840 2163 6020
839 2164 6019
838 2165 6018
837 2166 6017
836 2167 6016
835 2168 6015
834 2169 6014
833 2170 6013
832 2171 6012
831 2172 6011
830 2173 6010
829 2174 6009
828 2175 6008
827 2176 6007
826 2177 6006
825 2178 6005
824 2179 6004
823 2180 6003
822 2181 6002
821 2182 6001
