2881
3000 3 8881
2999 4 8880
2998 5 8879
2997 6 8878
2996 7 8877
2995 8 8876
2994 9 8875
2993 10 8874
2992 11 8873
2991 12 8872
2990 13 8871
2989 14 8870
2988 15 8869
2987 16 8868
2986 17 8867
2985 18 8866
2984 19 8865
2983 20 8864
2982 21 8863
2981 22 8862
2980 23 8861
2979 24 8860
2978 25 8859
2977 26 8858
2976 27 8857
2975 28 8856
2974 29 8855
2973 30 8854
2972 31 8853
2971 32 8852
2970 33 8851
2969 34 8850
2968 35 8849
2967 36 8848
2966 37 8847
2965 38 8846
2964 39 8845
2963 40 8844
2962 41 8843
2961 42 8842
2960 43 8841
2959 44 8840
2958 45 8839
2957 46 8838
2956 47 8837
2955 48 8836
2954 49 8835
2953 50 8834
2952 51 8833
2951 52 8832
2950 53 8831
2949 54 8830
2948 55 8829
2947 56 8828
2946 57 8827
2945 58 8826
2944 59 8825
2943 60 8824
2942 61 8823
2941 62 8822
2940 63 8821
2939 64 8820
2938 65 8819
2937 66 8818
2936 67 8817
2935 68 8816
2934 69 8815
2933 70 8814
2932 71 8813
2931 72 8812
2930 73 8811
2929 74 8810
2928 75 8809
2927 76 8808
2926 77 8807
2925 78 8806
2924 79 8805
2923 80 8804
2922 81 8803
2921 82 8802
2920 83 8801
2919 84 8800
2918 85 8799
2917 86 8798
2916 87 8797
2915 88 8796
2914 89 8795
2913 90 8794
2912 91 8793
2911 92 8792
2910 93 8791
2909 94 8790
2908 95 8789
2907 96 8788
2906 97 8787
2905 98 8786
2904 99 8785
2903 100 8784
2902 101 8783
2901 102 8782
2900 103 8781
2899 104 8780
2898 105 8779
2897 106 8778
2896 107 8777
2895 108 8776
2894 109 8775
2893 110 8774
2892 111 8773
2891 112 8772
2890 113 8771
2889 114 8770
2888 115 8769
2887 116 8768
2886 117 8767
2885 118 8766
2884 119 8765
2883 120 8764
2882 121 8763
2881 122 8762
2880 123 8761
2879 124 8760
2878 125 8759
2877 126 8758
2876 127 8757
2875 128 8756
2874 129 8755
2873 130 8754
2872 131 8753
2871 132 8752
2870 133 8751
2869 134 8750
2868 135 8749
2867 136 8748
2866 137 8747
2865 138 8746
2864 139 8745
2863 140 8744
2862 141 8743
2861 142 8742
2860 143 8741
2859 144 8740
2858 145 8739
2857 146 8738
2856 147 8737
2855 148 8736
2854 149 8735
2853 150 8734
2852 151 8733
2851 152 8732
2850 153 8731
2849 154 8730
2848 155 8729
2847 156 8728
2846 157 8727
2845 158 8726
2844 159 8725
2843 160 8724
2842 161 8723
2841 162 8722
2840 163 8721
2839 164 8720
2838 165 8719
2837 166 8718
2836 167 8717
2835 168 8716
2834 169 8715
2833 170 8714
2832 171 8713
2831 172 8712
2830 173 8711
2829 174 8710
2828 175 8709
2827 176 8708
2826 177 8707
2825 178 8706
2824 179 8705
2823 180 8704
2822 181 8703
2821 182 8702
2820 183 8701
2819 184 8700
2818 185 8699
2817 186 8698
2816 187 8697
2815 188 8696
2814 189 8695
2813 190 8694
2812 191 8693
2811 192 8692
2810 193 8691
2809 194 8690
2808 195 8689
2807 196 8688
2806 197 8687
2805 198 8686
2804 199 8685
2803 200 8684
2802 201 8683
2801 202 8682
2800 203 8681
2799 204 8680
2798 205 8679
2797 206 8678
2796 207 8677
2795 208 8676
2794 209 8675
2793 210 8674
2792 211 8673
2791 212 8672
2790 213 8671
2789 214 8670
2788 215 8669
2787 216 8668
2786 217 8667
2785 218 8666
2784 219 8665
2783 220 8664
2782 221 8663
2781 222 8662
2780 223 8661
2779 224 8660
2778 225 8659
2777 226 8658
2776 227 8657
2775 228 8656
2774 229 8655
2773 230 8654
2772 231 8653
2771 232 8652
2770 233 8651
2769 234 8650
2768 235 8649
2767 236 8648
2766 237 8647
2765 238 8646
2764 239 8645
2763 240 8644
2762 241 8643
2761 242 8642
2760 243 8641
2759 244 8640
2758 245 8639
2757 246 8638
2756 247 8637
2755 248 8636
2754 249 8635
2753 250 8634
2752 251 8633
2751 252 8632
2750 253 8631
2749 254 8630
2748 255 8629
2747 256 8628
2746 257 8627
2745 258 8626
2744 259 8625
2743 260 8624
2742 261 8623
2741 262 8622
2740 263 8621
2739 264 8620
2738 265 8619
2737 266 8618
2736 267 8617
2735 268 8616
2734 269 8615
2733 270 8614
2732 271 8613
2731 272 8612
2730 273 8611
2729 274 8610
2728 275 8609
2727 276 8608
2726 277 8607
2725 278 8606
2724 279 8605
2723 280 8604
2722 281 8603
2721 282 8602
2720 283 8601
2719 284 8600
2718 285 8599
2717 286 8598
2716 287 8597
2715 288 8596
2714 289 8595
2713 290 8594
2712 291 8593
2711 292 8592
2710 293 8591
2709 294 8590
2708 295 8589
2707 296 8588
2706 297 8587
2705 298 8586
2704 299 8585
2703 300 8584
2702 301 8583
2701 302 8582
2700 303 8581
2699 304 8580
2698 305 8579
2697 306 8578
2696 307 8577
2695 308 8576
2694 309 8575
2693 310 8574
2692 311 8573
2691 312 8572
2690 313 8571
2689 314 8570
2688 315 8569
2687 316 8568
2686 317 8567
2685 318 8566
2684 319 8565
2683 320 8564
2682 321 8563
2681 322 8562
2680 323 8561
2679 324 8560
2678 325 8559
2677 326 8558
2676 327 8557
2675 328 8556
2674 329 8555
2673 330 8554
2672 331 8553
2671 332 8552
2670 333 8551
2669 334 8550
2668 335 8549
2667 336 8548
2666 337 8547
2665 338 8546
2664 339 8545
2663 340 8544
2662 341 8543
2661 342 8542
2660 343 8541
2659 344 8540
2658 345 8539
2657 346 8538
2656 347 8537
2655 348 8536
2654 349 8535
2653 350 8534
2652 351 8533
2651 352 8532
2650 353 8531
2649 354 8530
2648 355 8529
2647 356 8528
2646 357 8527
2645 358 8526
2644 359 8525
2643 360 8524
2642 361 8523
2641 362 8522
2640 363 8521
2639 364 8520
2638 365 8519
2637 366 8518
2636 367 8517
2635 368 8516
2634 369 8515
2633 370 8514
2632 371 8513
2631 372 8512
2630 373 8511
2629 374 8510
2628 375 8509
2627 376 8508
2626 377 8507
2625 378 8506
2624 379 8505
2623 380 8504
2622 381 8503
2621 382 8502
2620 383 8501
2619 384 8500
2618 385 8499
2617 386 8498
2616 387 8497
2615 388 8496
2614 389 8495
2613 390 8494
2612 391 8493
2611 392 8492
2610 393 8491
2609 394 8490
2608 395 8489
2607 396 8488
2606 397 8487
2605 398 8486
2604 399 8485
2603 400 8484
2602 401 8483
2601 402 8482
2600 403 8481
2599 404 8480
2598 405 8479
2597 406 8478
2596 407 8477
2595 408 8476
2594 409 8475
2593 410 8474
2592 411 8473
2591 412 8472
2590 413 8471
2589 414 8470
2588 415 8469
2587 416 8468
2586 417 8467
2585 418 8466
2584 419 8465
2583 420 8464
2582 421 8463
2581 422 8462
2580 423 8461
2579 424 8460
2578 425 8459
2577 426 8458
2576 427 8457
2575 428 8456
2574 429 8455
2573 430 8454
2572 431 8453
2571 432 8452
2570 433 8451
2569 434 8450
2568 435 8449
2567 436 8448
2566 437 8447
2565 438 8446
2564 439 8445
2563 440 8444
2562 441 8443
2561 442 8442
2560 443 8441
2559 444 8440
2558 445 8439
2557 446 8438
2556 447 8437
2555 448 8436
2554 449 8435
2553 450 8434
2552 451 8433
2551 452 8432
2550 453 8431
2549 454 8430
2548 455 8429
2547 456 8428
2546 457 8427
2545 458 8426
2544 459 8425
2543 460 8424
2542 461 8423
2541 462 8422
2540 463 8421
2539 464 8420
2538 465 8419
2537 466 8418
2536 467 8417
2535 468 8416
2534 469 8415
2533 470 8414
2532 471 8413
2531 472 8412
2530 473 8411
2529 474 8410
2528 475 8409
2527 476 8408
2526 477 8407
2525 478 8406
2524 479 8405
2523 480 8404
2522 481 8403
2521 482 8402
2520 483 8401
2519 484 8400
2518 485 8399
2517 486 8398
2516 487 8397
2515 488 8396
2514 489 8395
2513 490 8394
2512 491 8393
2511 492 8392
2510 493 8391
2509 494 8390
2508 495 8389
2507 496 8388
2506 497 8387
2505 498 8386
2504 499 8385
2503 500 8384
2502 501 8383
2501 502 8382
2500 503 8381
2499 504 8380
2498 505 8379
2497 506 8378
2496 507 8377
2495 508 8376
2494 509 8375
2493 510 8374
2492 511 8373
2491 512 8372
2490 513 8371
2489 514 8370
2488 515 8369
2487 516 8368
2486 517 8367
2485 518 8366
2484 519 8365
2483 520 8364
2482 521 8363
2481 522 8362
2480 523 8361
2479 524 8360
2478 525 8359
2477 526 8358
2476 527 8357
2475 528 8356
2474 529 8355
2473 530 8354
2472 531 8353
2471 532 8352
2470 533 8351
2469 534 8350
2468 535 8349
2467 536 8348
2466 537 8347
2465 538 8346
2464 539 8345
2463 540 8344
2462 541 8343
2461 542 8342
2460 543 8341
2459 544 8340
2458 545 8339
2457 546 8338
2456 547 8337
2455 548 8336
2454 549 8335
2453 550 8334
2452 551 8333
2451 552 8332
2450 553 8331
2449 554 8330
2448 555 8329
2447 556 8328
2446 557 8327
2445 558 8326
2444 559 8325
2443 560 8324
2442 561 8323
2441 562 8322
2440 563 8321
2439 564 8320
2438 565 8319
2437 566 8318
2436 567 8317
2435 568 8316
2434 569 8315
2433 570 8314
2432 571 8313
2431 572 8312
2430 573 8311
2429 574 8310
2428 575 8309
2427 576 8308
2426 577 8307
2425 578 8306
2424 579 8305
2423 580 8304
2422 581 8303
2421 582 8302
2420 583 8301
2419 584 8300
2418 585 8299
2417 586 8298
2416 587 8297
2415 588 8296
2414 589 8295
2413 590 8294
2412 591 8293
2411 592 8292
2410 593 8291
2409 594 8290
2408 595 8289
2407 596 8288
2406 597 8287
2405 598 8286
2404 599 8285
2403 600 8284
2402 601 8283
2401 602 8282
2400 603 8281
2399 604 8280
2398 605 8279
2397 606 8278
2396 607 8277
2395 608 8276
2394 609 8275
2393 610 8274
2392 611 8273
2391 612 8272
2390 613 8271
2389 614 8270
2388 615 8269
2387 616 8268
2386 617 8267
2385 618 8266
2384 619 8265
2383 620 8264
2382 621 8263
2381 622 8262
2380 623 8261
2379 624 8260
2378 625 8259
2377 626 8258
2376 627 8257
2375 628 8256
2374 629 8255
2373 630 8254
2372 631 8253
2371 632 8252
2370 633 8251
2369 634 8250
2368 635 8249
2367 636 8248
2366 637 8247
2365 638 8246
2364 639 8245
2363 640 8244
2362 641 8243
2361 642 8242
2360 643 8241
2359 644 8240
2358 645 8239
2357 646 8238
2356 647 8237
2355 648 8236
2354 649 8235
2353 650 8234
2352 651 8233
2351 652 8232
2350 653 8231
2349 654 8230
2348 655 8229
2347 656 8228
2346 657 8227
2345 658 8226
2344 659 8225
2343 660 8224
2342 661 8223
2341 662 8222
2340 663 8221
2339 664 8220
2338 665 8219
2337 666 8218
2336 667 8217
2335 668 8216
2334 669 8215
2333 670 8214
2332 671 8213
2331 672 8212
2330 673 8211
2329 674 8210
2328 675 8209
2327 676 8208
2326 677 8207
2325 678 8206
2324 679 8205
2323 680 8204
2322 681 8203
2321 682 8202
2320 683 8201
2319 684 8200
2318 685 8199
2317 686 8198
2316 687 8197
2315 688 8196
2314 689 8195
2313 690 8194
2312 691 8193
2311 692 8192
2310 693 8191
2309 694 8190
2308 695 8189
2307 696 8188
2306 697 8187
2305 698 8186
2304 699 8185
2303 700 8184
2302 701 8183
2301 702 8182
2300 703 8181
2299 704 8180
2298 705 8179
2297 706 8178
2296 707 8177
2295 708 8176
2294 709 8175
2293 710 8174
2292 711 8173
2291 712 8172
2290 713 8171
2289 714 8170
2288 715 8169
2287 716 8168
2286 717 8167
2285 718 8166
2284 719 8165
2283 720 8164
2282 721 8163
2281 722 8162
2280 723 8161
2279 724 8160
2278 725 8159
2277 726 8158
2276 727 8157
2275 728 8156
2274 729 8155
2273 730 8154
2272 731 8153
2271 732 8152
2270 733 8151
2269 734 8150
2268 735 8149
2267 736 8148
2266 737 8147
2265 738 8146
2264 739 8145
2263 740 8144
2262 741 8143
2261 742 8142
2260 743 8141
2259 744 8140
2258 745 8139
2257 746 8138
2256 747 8137
2255 748 8136
2254 749 8135
2253 750 8134
2252 751 8133
2251 752 8132
2250 753 8131
2249 754 8130
2248 755 8129
2247 756 8128
2246 757 8127
2245 758 8126
2244 759 8125
2243 760 8124
2242 761 8123
2241 762 8122
2240 763 8121
2239 764 8120
2238 765 8119
2237 766 8118
2236 767 8117
2235 768 8116
2234 769 8115
2233 770 8114
2232 771 8113
2231 772 8112
2230 773 8111
2229 774 8110
2228 775 8109
2227 776 8108
2226 777 8107
2225 778 8106
2224 779 8105
2223 780 8104
2222 781 8103
2221 782 8102
2220 783 8101
2219 784 8100
2218 785 8099
2217 786 8098
2216 787 8097
2215 788 8096
2214 789 8095
2213 790 8094
2212 791 8093
2211 792 8092
2210 793 8091
2209 794 8090
2208 795 8089
2207 796 8088
2206 797 8087
2205 798 8086
2204 799 8085
2203 800 8084
2202 801 8083
2201 802 8082
2200 803 8081
2199 804 8080
2198 805 8079
2197 806 8078
2196 807 8077
2195 808 8076
2194 809 8075
2193 810 8074
2192 811 8073
2191 812 8072
2190 813 8071
2189 814 8070
2188 815 8069
2187 816 8068
2186 817 8067
2185 818 8066
2184 819 8065
2183 820 8064
2182 821 8063
2181 822 8062
2180 823 8061
2179 824 8060
2178 825 8059
2177 826 8058
2176 827 8057
2175 828 8056
2174 829 8055
2173 830 8054
2172 831 8053
2171 832 8052
2170 833 8051
2169 834 8050
2168 835 8049
2167 836 8048
2166 837 8047
2165 838 8046
2164 839 8045
2163 840 8044
2162 841 8043
2161 842 8042
2160 843 8041
2159 844 8040
2158 845 8039
2157 846 8038
2156 847 8037
2155 848 8036
2154 849 8035
2153 850 8034
2152 851 8033
2151 852 8032
2150 853 8031
2149 854 8030
2148 855 8029
2147 856 8028
2146 857 8027
2145 858 8026
2144 859 8025
2143 860 8024
2142 861 8023
2141 862 8022
2140 863 8021
2139 864 8020
2138 865 8019
2137 866 8018
2136 867 8017
2135 868 8016
2134 869 8015
2133 870 8014
2132 871 8013
2131 872 8012
2130 873 8011
2129 874 8010
2128 875 8009
2127 876 8008
2126 877 8007
2125 878 8006
2124 879 8005
2123 880 8004
2122 881 8003
2121 882 8002
2120 883 8001
2119 884 8000
2118 885 7999
2117 886 7998
2116 887 7997
2115 888 7996
2114 889 7995
2113 890 7994
2112 891 7993
2111 892 7992
2110 893 7991
2109 894 7990
2108 895 7989
2107 896 7988
2106 897 7987
2105 898 7986
2104 899 7985
2103 900 7984
2102 901 7983
2101 902 7982
2100 903 7981
2099 904 7980
2098 905 7979
2097 906 7978
2096 907 7977
2095 908 7976
2094 909 7975
2093 910 7974
2092 911 7973
2091 912 7972
2090 913 7971
2089 914 7970
2088 915 7969
2087 916 7968
2086 917 7967
2085 918 7966
2084 919 7965
2083 920 7964
2082 921 7963
2081 922 7962
2080 923 7961
2079 924 7960
2078 925 7959
2077 926 7958
2076 927 7957
2075 928 7956
2074 929 7955
2073 930 7954
2072 931 7953
2071 932 7952
2070 933 7951
2069 934 7950
2068 935 7949
2067 936 7948
2066 937 7947
2065 938 7946
2064 939 7945
2063 940 7944
2062 941 7943
2061 942 7942
2060 943 7941
2059 944 7940
2058 945 7939
2057 946 7938
2056 947 7937
2055 948 7936
2054 949 7935
2053 950 7934
2052 951 7933
2051 952 7932
2050 953 7931
2049 954 7930
2048 955 7929
2047 956 7928
2046 957 7927
2045 958 7926
2044 959 7925
2043 960 7924
2042 961 7923
2041 962 7922
2040 963 7921
2039 964 7920
2038 965 7919
2037 966 7918
2036 967 7917
2035 968 7916
2034 969 7915
2033 970 7914
2032 971 7913
2031 972 7912
2030 973 7911
2029 974 7910
2028 975 7909
2027 976 7908
2026 977 7907
2025 978 7906
2024 979 7905
2023 980 7904
2022 981 7903
2021 982 7902
2020 983 7901
2019 984 7900
2018 985 7899
2017 986 7898
2016 987 7897
2015 988 7896
2014 989 7895
2013 990 7894
2012 991 7893
2011 992 7892
2010 993 7891
2009 994 7890
2008 995 7889
2007 996 7888
2006 997 7887
2005 998 7886
2004 999 7885
2003 1000 7884
2002 1001 7883
2001 1002 7882
2000 1003 7881
1999 1004 7880
1998 1005 7879
1997 1006 7878
1996 1007 7877
1995 1008 7876
1994 1009 7875
1993 1010 7874
1992 1011 7873
1991 1012 7872
1990 1013 7871
1989 1014 7870
1988 1015 7869
1987 1016 7868
1986 1017 7867
1985 1018 7866
1984 1019 7865
1983 1020 7864
1982 1021 7863
1981 1022 7862
1980 1023 7861
1979 1024 7860
1978 1025 7859
1977 1026 7858
1976 1027 7857
1975 1028 7856
1974 1029 7855
1973 1030 7854
1972 1031 7853
1971 1032 7852
1970 1033 7851
1969 1034 7850
1968 1035 7849
1967 1036 7848
1966 1037 7847
1965 1038 7846
1964 1039 7845
1963 1040 7844
1962 1041 7843
1961 1042 7842
1960 1043 7841
1959 1044 7840
1958 1045 7839
1957 1046 7838
1956 1047 7837
1955 1048 7836
1954 1049 7835
1953 1050 7834
1952 1051 7833
1951 1052 7832
1950 1053 7831
1949 1054 7830
1948 1055 7829
1947 1056 7828
1946 1057 7827
1945 1058 7826
1944 1059 7825
1943 1060 7824
1942 1061 7823
1941 1062 7822
1940 1063 7821
1939 1064 7820
1938 1065 7819
1937 1066 7818
1936 1067 7817
1935 1068 7816
1934 1069 7815
1933 1070 7814
1932 1071 7813
1931 1072 7812
1930 1073 7811
1929 1074 7810
1928 1075 7809
1927 1076 7808
1926 1077 7807
1925 1078 7806
1924 1079 7805
1923 1080 7804
1922 1081 7803
1921 1082 7802
1920 1083 7801
1919 1084 7800
1918 1085 7799
1917 1086 7798
1916 1087 7797
1915 1088 7796
1914 1089 7795
1913 1090 7794
1912 1091 7793
1911 1092 7792
1910 1093 7791
1909 1094 7790
1908 1095 7789
1907 1096 7788
1906 1097 7787
1905 1098 7786
1904 1099 7785
1903 1100 7784
1902 1101 7783
1901 1102 7782
1900 1103 7781
1899 1104 7780
1898 1105 7779
1897 1106 7778
1896 1107 7777
1895 1108 7776
1894 1109 7775
1893 1110 7774
1892 1111 7773
1891 1112 7772
1890 1113 7771
1889 1114 7770
1888 1115 7769
1887 1116 7768
1886 1117 7767
1885 1118 7766
1884 1119 7765
1883 1120 7764
1882 1121 7763
1881 1122 7762
1880 1123 7761
1879 1124 7760
1878 1125 7759
1877 1126 7758
1876 1127 7757
1875 1128 7756
1874 1129 7755
1873 1130 7754
1872 1131 7753
1871 1132 7752
1870 1133 7751
1869 1134 7750
1868 1135 7749
1867 1136 7748
1866 1137 7747
1865 1138 7746
1864 1139 7745
1863 1140 7744
1862 1141 7743
1861 1142 7742
1860 1143 7741
1859 1144 7740
1858 1145 7739
1857 1146 7738
1856 1147 7737
1855 1148 7736
1854 1149 7735
1853 1150 7734
1852 1151 7733
1851 1152 7732
1850 1153 7731
1849 1154 7730
1848 1155 7729
1847 1156 7728
1846 1157 7727
1845 1158 7726
1844 1159 7725
1843 1160 7724
1842 1161 7723
1841 1162 7722
1840 1163 7721
1839 1164 7720
1838 1165 7719
1837 1166 7718
1836 1167 7717
1835 1168 7716
1834 1169 7715
1833 1170 7714
1832 1171 7713
1831 1172 7712
1830 1173 7711
1829 1174 7710
1828 1175 7709
1827 1176 7708
1826 1177 7707
1825 1178 7706
1824 1179 7705
1823 1180 7704
1822 1181 7703
1821 1182 7702
1820 1183 7701
1819 1184 7700
1818 1185 7699
1817 1186 7698
1816 1187 7697
1815 1188 7696
1814 1189 7695
1813 1190 7694
1812 1191 7693
1811 1192 7692
1810 1193 7691
1809 1194 7690
1808 1195 7689
1807 1196 7688
1806 1197 7687
1805 1198 7686
1804 1199 7685
1803 1200 7684
1802 1201 7683
1801 1202 7682
1800 1203 7681
1799 1204 7680
1798 1205 7679
1797 1206 7678
1796 1207 7677
1795 1208 7676
1794 1209 7675
1793 1210 7674
1792 1211 7673
1791 1212 7672
1790 1213 7671
1789 1214 7670
1788 1215 7669
1787 1216 7668
1786 1217 7667
1785 1218 7666
1784 1219 7665
1783 1220 7664
1782 1221 7663
1781 1222 7662
1780 1223 7661
1779 1224 7660
1778 1225 7659
1777 1226 7658
1776 1227 7657
1775 1228 7656
1774 1229 7655
1773 1230 7654
1772 1231 7653
1771 1232 7652
1770 1233 7651
1769 1234 7650
1768 1235 7649
1767 1236 7648
1766 1237 7647
1765 1238 7646
1764 1239 7645
1763 1240 7644
1762 1241 7643
1761 1242 7642
1760 1243 7641
1759 1244 7640
1758 1245 7639
1757 1246 7638
1756 1247 7637
1755 1248 7636
1754 1249 7635
1753 1250 7634
1752 1251 7633
1751 1252 7632
1750 1253 7631
1749 1254 7630
1748 1255 7629
1747 1256 7628
1746 1257 7627
1745 1258 7626
1744 1259 7625
1743 1260 7624
1742 1261 7623
1741 1262 7622
1740 1263 7621
1739 1264 7620
1738 1265 7619
1737 1266 7618
1736 1267 7617
1735 1268 7616
1734 1269 7615
1733 1270 7614
1732 1271 7613
1731 1272 7612
1730 1273 7611
1729 1274 7610
1728 1275 7609
1727 1276 7608
1726 1277 7607
1725 1278 7606
1724 1279 7605
1723 1280 7604
1722 1281 7603
1721 1282 7602
1720 1283 7601
1719 1284 7600
1718 1285 7599
1717 1286 7598
1716 1287 7597
1715 1288 7596
1714 1289 7595
1713 1290 7594
1712 1291 7593
1711 1292 7592
1710 1293 7591
1709 1294 7590
1708 1295 7589
1707 1296 7588
1706 1297 7587
1705 1298 7586
1704 1299 7585
1703 1300 7584
1702 1301 7583
1701 1302 7582
1700 1303 7581
1699 1304 7580
1698 1305 7579
1697 1306 7578
1696 1307 7577
1695 1308 7576
1694 1309 7575
1693 1310 7574
1692 1311 7573
1691 1312 7572
1690 1313 7571
1689 1314 7570
1688 1315 7569
1687 1316 7568
1686 1317 7567
1685 1318 7566
1684 1319 7565
1683 1320 7564
1682 1321 7563
1681 1322 7562
1680 1323 7561
1679 1324 7560
1678 1325 7559
1677 1326 7558
1676 1327 7557
1675 1328 7556
1674 1329 7555
1673 1330 7554
1672 1331 7553
1671 1332 7552
1670 1333 7551
1669 1334 7550
1668 1335 7549
1667 1336 7548
1666 1337 7547
1665 1338 7546
1664 1339 7545
1663 1340 7544
1662 1341 7543
1661 1342 7542
1660 1343 7541
1659 1344 7540
1658 1345 7539
1657 1346 7538
1656 1347 7537
1655 1348 7536
1654 1349 7535
1653 1350 7534
1652 1351 7533
1651 1352 7532
1650 1353 7531
1649 1354 7530
1648 1355 7529
1647 1356 7528
1646 1357 7527
1645 1358 7526
1644 1359 7525
1643 1360 7524
1642 1361 7523
1641 1362 7522
1640 1363 7521
1639 1364 7520
1638 1365 7519
1637 1366 7518
1636 1367 7517
1635 1368 7516
1634 1369 7515
1633 1370 7514
1632 1371 7513
1631 1372 7512
1630 1373 7511
1629 1374 7510
1628 1375 7509
1627 1376 7508
1626 1377 7507
1625 1378 7506
1624 1379 7505
1623 1380 7504
1622 1381 7503
1621 1382 7502
1620 1383 7501
1619 1384 7500
1618 1385 7499
1617 1386 7498
1616 1387 7497
1615 1388 7496
1614 1389 7495
1613 1390 7494
1612 1391 7493
1611 1392 7492
1610 1393 7491
1609 1394 7490
1608 1395 7489
1607 1396 7488
1606 1397 7487
1605 1398 7486
1604 1399 7485
1603 1400 7484
1602 1401 7483
1601 1402 7482
1600 1403 7481
1599 1404 7480
1598 1405 7479
1597 1406 7478
1596 1407 7477
1595 1408 7476
1594 1409 7475
1593 1410 7474
1592 1411 7473
1591 1412 7472
1590 1413 7471
1589 1414 7470
1588 1415 7469
1587 1416 7468
1586 1417 7467
1585 1418 7466
1584 1419 7465
1583 1420 7464
1582 1421 7463
1581 1422 7462
1580 1423 7461
1579 1424 7460
1578 1425 7459
1577 1426 7458
1576 1427 7457
1575 1428 7456
1574 1429 7455
1573 1430 7454
1572 1431 7453
1571 1432 7452
1570 1433 7451
1569 1434 7450
1568 1435 7449
1567 1436 7448
1566 1437 7447
1565 1438 7446
1564 1439 7445
1563 1440 7444
1562 1441 7443
1561 1442 7442
1560 1443 7441
1559 1444 7440
1558 1445 7439
1557 1446 7438
1556 1447 7437
1555 1448 7436
1554 1449 7435
1553 1450 7434
1552 1451 7433
1551 1452 7432
1550 1453 7431
1549 1454 7430
1548 1455 7429
1547 1456 7428
1546 1457 7427
1545 1458 7426
1544 1459 7425
1543 1460 7424
1542 1461 7423
1541 1462 7422
1540 1463 7421
1539 1464 7420
1538 1465 7419
1537 1466 7418
1536 1467 7417
1535 1468 7416
1534 1469 7415
1533 1470 7414
1532 1471 7413
1531 1472 7412
1530 1473 7411
1529 1474 7410
1528 1475 7409
1527 1476 7408
1526 1477 7407
1525 1478 7406
1524 1479 7405
1523 1480 7404
1522 1481 7403
1521 1482 7402
1520 1483 7401
1519 1484 7400
1518 1485 7399
1517 1486 7398
1516 1487 7397
1515 1488 7396
1514 1489 7395
1513 1490 7394
1512 1491 7393
1511 1492 7392
1510 1493 7391
1509 1494 7390
1508 1495 7389
1507 1496 7388
1506 1497 7387
1505 1498 7386
1504 1499 7385
1503 1500 7384
1502 1501 7383
1501 1502 7382
1500 1503 7381
1499 1504 7380
1498 1505 7379
1497 1506 7378
1496 1507 7377
1495 1508 7376
1494 1509 7375
1493 1510 7374
1492 1511 7373
1491 1512 7372
1490 1513 7371
1489 1514 7370
1488 1515 7369
1487 1516 7368
1486 1517 7367
1485 1518 7366
1484 1519 7365
1483 1520 7364
1482 1521 7363
1481 1522 7362
1480 1523 7361
1479 1524 7360
1478 1525 7359
1477 1526 7358
1476 1527 7357
1475 1528 7356
1474 1529 7355
1473 1530 7354
1472 1531 7353
1471 1532 7352
1470 1533 7351
1469 1534 7350
1468 1535 7349
1467 1536 7348
1466 1537 7347
1465 1538 7346
1464 1539 7345
1463 1540 7344
1462 1541 7343
1461 1542 7342
1460 1543 7341
1459 1544 7340
1458 1545 7339
1457 1546 7338
1456 1547 7337
1455 1548 7336
1454 1549 7335
1453 1550 7334
1452 1551 7333
1451 1552 7332
1450 1553 7331
1449 1554 7330
1448 1555 7329
1447 1556 7328
1446 1557 7327
1445 1558 7326
1444 1559 7325
1443 1560 7324
1442 1561 7323
1441 1562 7322
1440 1563 7321
1439 1564 7320
1438 1565 7319
1437 1566 7318
1436 1567 7317
1435 1568 7316
1434 1569 7315
1433 1570 7314
1432 1571 7313
1431 1572 7312
1430 1573 7311
1429 1574 7310
1428 1575 7309
1427 1576 7308
1426 1577 7307
1425 1578 7306
1424 1579 7305
1423 1580 7304
1422 1581 7303
1421 1582 7302
1420 1583 7301
1419 1584 7300
1418 1585 7299
1417 1586 7298
1416 1587 7297
1415 1588 7296
1414 1589 7295
1413 1590 7294
1412 1591 7293
1411 1592 7292
1410 1593 7291
1409 1594 7290
1408 1595 7289
1407 1596 7288
1406 1597 7287
1405 1598 7286
1404 1599 7285
1403 1600 7284
1402 1601 7283
1401 1602 7282
1400 1603 7281
1399 1604 7280
1398 1605 7279
1397 1606 7278
1396 1607 7277
1395 1608 7276
1394 1609 7275
1393 1610 7274
1392 1611 7273
1391 1612 7272
1390 1613 7271
1389 1614 7270
1388 1615 7269
1387 1616 7268
1386 1617 7267
1385 1618 7266
1384 1619 7265
1383 1620 7264
1382 1621 7263
1381 1622 7262
1380 1623 7261
1379 1624 7260
1378 1625 7259
1377 1626 7258
1376 1627 7257
1375 1628 7256
1374 1629 7255
1373 1630 7254
1372 1631 7253
1371 1632 7252
1370 1633 7251
1369 1634 7250
1368 1635 7249
1367 1636 7248
1366 1637 7247
1365 1638 7246
1364 1639 7245
1363 1640 7244
1362 1641 7243
1361 1642 7242
1360 1643 7241
1359 1644 7240
1358 1645 7239
1357 1646 7238
1356 1647 7237
1355 1648 7236
1354 1649 7235
1353 1650 7234
1352 1651 7233
1351 1652 7232
1350 1653 7231
1349 1654 7230
1348 1655 7229
1347 1656 7228
1346 1657 7227
1345 1658 7226
1344 1659 7225
1343 1660 7224
1342 1661 7223
1341 1662 7222
1340 1663 7221
1339 1664 7220
1338 1665 7219
1337 1666 7218
1336 1667 7217
1335 1668 7216
1334 1669 7215
1333 1670 7214
1332 1671 7213
1331 1672 7212
1330 1673 7211
1329 1674 7210
1328 1675 7209
1327 1676 7208
1326 1677 7207
1325 1678 7206
1324 1679 7205
1323 1680 7204
1322 1681 7203
1321 1682 7202
1320 1683 7201
1319 1684 7200
1318 1685 7199
1317 1686 7198
1316 1687 7197
1315 1688 7196
1314 1689 7195
1313 1690 7194
1312 1691 7193
1311 1692 7192
1310 1693 7191
1309 1694 7190
1308 1695 7189
1307 1696 7188
1306 1697 7187
1305 1698 7186
1304 1699 7185
1303 1700 7184
1302 1701 7183
1301 1702 7182
1300 1703 7181
1299 1704 7180
1298 1705 7179
1297 1706 7178
1296 1707 7177
1295 1708 7176
1294 1709 7175
1293 1710 7174
1292 1711 7173
1291 1712 7172
1290 1713 7171
1289 1714 7170
1288 1715 7169
1287 1716 7168
1286 1717 7167
1285 1718 7166
1284 1719 7165
1283 1720 7164
1282 1721 7163
1281 1722 7162
1280 1723 7161
1279 1724 7160
1278 1725 7159
1277 1726 7158
1276 1727 7157
1275 1728 7156
1274 1729 7155
1273 1730 7154
1272 1731 7153
1271 1732 7152
1270 1733 7151
1269 1734 7150
1268 1735 7149
1267 1736 7148
1266 1737 7147
1265 1738 7146
1264 1739 7145
1263 1740 7144
1262 1741 7143
1261 1742 7142
1260 1743 7141
1259 1744 7140
1258 1745 7139
1257 1746 7138
1256 1747 7137
1255 1748 7136
1254 1749 7135
1253 1750 7134
1252 1751 7133
1251 1752 7132
1250 1753 7131
1249 1754 7130
1248 1755 7129
1247 1756 7128
1246 1757 7127
1245 1758 7126
1244 1759 7125
1243 1760 7124
1242 1761 7123
1241 1762 7122
1240 1763 7121
1239 1764 7120
1238 1765 7119
1237 1766 7118
1236 1767 7117
1235 1768 7116
1234 1769 7115
1233 1770 7114
1232 1771 7113
1231 1772 7112
1230 1773 7111
1229 1774 7110
1228 1775 7109
1227 1776 7108
1226 1777 7107
1225 1778 7106
1224 1779 7105
1223 1780 7104
1222 1781 7103
1221 1782 7102
1220 1783 7101
1219 1784 7100
1218 1785 7099
1217 1786 7098
1216 1787 7097
1215 1788 7096
1214 1789 7095
1213 1790 7094
1212 1791 7093
1211 1792 7092
1210 1793 7091
1209 1794 7090
1208 1795 7089
1207 1796 7088
1206 1797 7087
1205 1798 7086
1204 1799 7085
1203 1800 7084
1202 1801 7083
1201 1802 7082
1200 1803 7081
1199 1804 7080
1198 1805 7079
1197 1806 7078
1196 1807 7077
1195 1808 7076
1194 1809 7075
1193 1810 7074
1192 1811 7073
1191 1812 7072
1190 1813 7071
1189 1814 7070
1188 1815 7069
1187 1816 7068
1186 1817 7067
1185 1818 7066
1184 1819 7065
1183 1820 7064
1182 1821 7063
1181 1822 7062
1180 1823 7061
1179 1824 7060
1178 1825 7059
1177 1826 7058
1176 1827 7057
1175 1828 7056
1174 1829 7055
1173 1830 7054
1172 1831 7053
1171 1832 7052
1170 1833 7051
1169 1834 7050
1168 1835 7049
1167 1836 7048
1166 1837 7047
1165 1838 7046
1164 1839 7045
1163 1840 7044
1162 1841 7043
1161 1842 7042
1160 1843 7041
1159 1844 7040
1158 1845 7039
1157 1846 7038
1156 1847 7037
1155 1848 7036
1154 1849 7035
1153 1850 7034
1152 1851 7033
1151 1852 7032
1150 1853 7031
1149 1854 7030
1148 1855 7029
1147 1856 7028
1146 1857 7027
1145 1858 7026
1144 1859 7025
1143 1860 7024
1142 1861 7023
1141 1862 7022
1140 1863 7021
1139 1864 7020
1138 1865 7019
1137 1866 7018
1136 1867 7017
1135 1868 7016
1134 1869 7015
1133 1870 7014
1132 1871 7013
1131 1872 7012
1130 1873 7011
1129 1874 7010
1128 1875 7009
1127 1876 7008
1126 1877 7007
1125 1878 7006
1124 1879 7005
1123 1880 7004
1122 1881 7003
1121 1882 7002
1120 1883 7001
1119 1884 7000
1118 1885 6999
1117 1886 6998
1116 1887 6997
1115 1888 6996
1114 1889 6995
1113 1890 6994
1112 1891 6993
1111 1892 6992
1110 1893 6991
1109 1894 6990
1108 1895 6989
1107 1896 6988
1106 1897 6987
1105 1898 6986
1104 1899 6985
1103 1900 6984
1102 1901 6983
1101 1902 6982
1100 1903 6981
1099 1904 6980
1098 1905 6979
1097 1906 6978
1096 1907 6977
1095 1908 6976
1094 1909 6975
1093 1910 6974
1092 1911 6973
1091 1912 6972
1090 1913 6971
1089 1914 6970
1088 1915 6969
1087 1916 6968
1086 1917 6967
1085 1918 6966
1084 1919 6965
1083 1920 6964
1082 1921 6963
1081 1922 6962
1080 1923 6961
1079 1924 6960
1078 1925 6959
1077 1926 6958
1076 1927 6957
1075 1928 6956
1074 1929 6955
1073 1930 6954
1072 1931 6953
1071 1932 6952
1070 1933 6951
1069 1934 6950
1068 1935 6949
1067 1936 6948
1066 1937 6947
1065 1938 6946
1064 1939 6945
1063 1940 6944
1062 1941 6943
1061 1942 6942
1060 1943 6941
1059 1944 6940
1058 1945 6939
1057 1946 6938
1056 1947 6937
1055 1948 6936
1054 1949 6935
1053 1950 6934
1052 1951 6933
1051 1952 6932
1050 1953 6931
1049 1954 6930
1048 1955 6929
1047 1956 6928
1046 1957 6927
1045 1958 6926
1044 1959 6925
1043 1960 6924
1042 1961 6923
1041 1962 6922
1040 1963 6921
1039 1964 6920
1038 1965 6919
1037 1966 6918
1036 1967 6917
1035 1968 6916
1034 1969 6915
1033 1970 6914
1032 1971 6913
1031 1972 6912
1030 1973 6911
1029 1974 6910
1028 1975 6909
1027 1976 6908
1026 1977 6907
1025 1978 6906
1024 1979 6905
1023 1980 6904
1022 1981 6903
1021 1982 6902
1020 1983 6901
1019 1984 6900
1018 1985 6899
1017 1986 6898
1016 1987 6897
1015 1988 6896
1014 1989 6895
1013 1990 6894
1012 1991 6893
1011 1992 6892
1010 1993 6891
1009 1994 6890
1008 1995 6889
1007 1996 6888
1006 1997 6887
1005 1998 6886
1004 1999 6885
1003 2000 6884
1002 2001 6883
1001 2002 6882
1000 2003 6881
999 2004 6880
998 2005 6879
997 2006 6878
996 2007 6877
995 2008 6876
994 2009 6875
993 2010 6874
992 2011 6873
991 2012 6872
990 2013 6871
989 2014 6870
988 2015 6869
987 2016 6868
986 2017 6867
985 2018 6866
984 2019 6865
983 2020 6864
982 2021 6863
981 2022 6862
980 2023 6861
979 2024 6860
978 2025 6859
977 2026 6858
976 2027 6857
975 2028 6856
974 2029 6855
973 2030 6854
972 2031 6853
971 2032 6852
970 2033 6851
969 2034 6850
968 2035 6849
967 2036 6848
966 2037 6847
965 2038 6846
964 2039 6845
963 2040 6844
962 2041 6843
961 2042 6842
960 2043 6841
959 2044 6840
958 2045 6839
957 2046 6838
956 2047 6837
955 2048 6836
954 2049 6835
953 2050 6834
952 2051 6833
951 2052 6832
950 2053 6831
949 2054 6830
948 2055 6829
947 2056 6828
946 2057 6827
945 2058 6826
944 2059 6825
943 2060 6824
942 2061 6823
941 2062 6822
940 2063 6821
939 2064 6820
938 2065 6819
937 2066 6818
936 2067 6817
935 2068 6816
934 2069 6815
933 2070 6814
932 2071 6813
931 2072 6812
930 2073 6811
929 2074 6810
928 2075 6809
927 2076 6808
926 2077 6807
925 2078 6806
924 2079 6805
923 2080 6804
922 2081 6803
921 2082 6802
920 2083 6801
919 2084 6800
918 2085 6799
917 2086 6798
916 2087 6797
915 2088 6796
914 2089 6795
913 2090 6794
912 2091 6793
911 2092 6792
910 2093 6791
909 2094 6790
908 2095 6789
907 2096 6788
906 2097 6787
905 2098 6786
904 2099 6785
903 2100 6784
902 2101 6783
901 2102 6782
900 2103 6781
899 2104 6780
898 2105 6779
897 2106 6778
896 2107 6777
895 2108 6776
894 2109 6775
893 2110 6774
892 2111 6773
891 2112 6772
890 2113 6771
889 2114 6770
888 2115 6769
887 2116 6768
886 2117 6767
885 2118 6766
884 2119 6765
883 2120 6764
882 2121 6763
881 2122 6762
880 2123 6761
879 2124 6760
878 2125 6759
877 2126 6758
876 2127 6757
875 2128 6756
874 2129 6755
873 2130 6754
872 2131 6753
871 2132 6752
870 2133 6751
869 2134 6750
868 2135 6749
867 2136 6748
866 2137 6747
865 2138 6746
864 2139 6745
863 2140 6744
862 2141 6743
861 2142 6742
860 2143 6741
859 2144 6740
858 2145 6739
857 2146 6738
856 2147 6737
855 2148 6736
854 2149 6735
853 2150 6734
852 2151 6733
851 2152 6732
850 2153 6731
849 2154 6730
848 2155 6729
847 2156 6728
846 2157 6727
845 2158 6726
844 2159 6725
843 2160 6724
842 2161 6723
841 2162 6722
840 2163 6721
839 2164 6720
838 2165 6719
837 2166 6718
836 2167 6717
835 2168 6716
834 2169 6715
833 2170 6714
832 2171 6713
831 2172 6712
830 2173 6711
829 2174 6710
828 2175 6709
827 2176 6708
826 2177 6707
825 2178 6706
824 2179 6705
823 2180 6704
822 2181 6703
821 2182 6702
820 2183 6701
819 2184 6700
818 2185 6699
817 2186 6698
816 2187 6697
815 2188 6696
814 2189 6695
813 2190 6694
812 2191 6693
811 2192 6692
810 2193 6691
809 2194 6690
808 2195 6689
807 2196 6688
806 2197 6687
805 2198 6686
804 2199 6685
803 2200 6684
802 2201 6683
801 2202 6682
800 2203 6681
799 2204 6680
798 2205 6679
797 2206 6678
796 2207 6677
795 2208 6676
794 2209 6675
793 2210 6674
792 2211 6673
791 2212 6672
790 2213 6671
789 2214 6670
788 2215 6669
787 2216 6668
786 2217 6667
785 2218 6666
784 2219 6665
783 2220 6664
782 2221 6663
781 2222 6662
780 2223 6661
779 2224 6660
778 2225 6659
777 2226 6658
776 2227 6657
775 2228 6656
774 2229 6655
773 2230 6654
772 2231 6653
771 2232 6652
770 2233 6651
769 2234 6650
768 2235 6649
767 2236 6648
766 2237 6647
765 2238 6646
764 2239 6645
763 2240 6644
762 2241 6643
761 2242 6642
760 2243 6641
759 2244 6640
758 2245 6639
757 2246 6638
756 2247 6637
755 2248 6636
754 2249 6635
753 2250 6634
752 2251 6633
751 2252 6632
750 2253 6631
749 2254 6630
748 2255 6629
747 2256 6628
746 2257 6627
745 2258 6626
744 2259 6625
743 2260 6624
742 2261 6623
741 2262 6622
740 2263 6621
739 2264 6620
738 2265 6619
737 2266 6618
736 2267 6617
735 2268 6616
734 2269 6615
733 2270 6614
732 2271 6613
731 2272 6612
730 2273 6611
729 2274 6610
728 2275 6609
727 2276 6608
726 2277 6607
725 2278 6606
724 2279 6605
723 2280 6604
722 2281 6603
721 2282 6602
720 2283 6601
719 2284 6600
718 2285 6599
717 2286 6598
716 2287 6597
715 2288 6596
714 2289 6595
713 2290 6594
712 2291 6593
711 2292 6592
710 2293 6591
709 2294 6590
708 2295 6589
707 2296 6588
706 2297 6587
705 2298 6586
704 2299 6585
703 2300 6584
702 2301 6583
701 2302 6582
700 2303 6581
699 2304 6580
698 2305 6579
697 2306 6578
696 2307 6577
695 2308 6576
694 2309 6575
693 2310 6574
692 2311 6573
691 2312 6572
690 2313 6571
689 2314 6570
688 2315 6569
687 2316 6568
686 2317 6567
685 2318 6566
684 2319 6565
683 2320 6564
682 2321 6563
681 2322 6562
680 2323 6561
679 2324 6560
678 2325 6559
677 2326 6558
676 2327 6557
675 2328 6556
674 2329 6555
673 2330 6554
672 2331 6553
671 2332 6552
670 2333 6551
669 2334 6550
668 2335 6549
667 2336 6548
666 2337 6547
665 2338 6546
664 2339 6545
663 2340 6544
662 2341 6543
661 2342 6542
660 2343 6541
659 2344 6540
658 2345 6539
657 2346 6538
656 2347 6537
655 2348 6536
654 2349 6535
653 2350 6534
652 2351 6533
651 2352 6532
650 2353 6531
649 2354 6530
648 2355 6529
647 2356 6528
646 2357 6527
645 2358 6526
644 2359 6525
643 2360 6524
642 2361 6523
641 2362 6522
640 2363 6521
639 2364 6520
638 2365 6519
637 2366 6518
636 2367 6517
635 2368 6516
634 2369 6515
633 2370 6514
632 2371 6513
631 2372 6512
630 2373 6511
629 2374 6510
628 2375 6509
627 2376 6508
626 2377 6507
625 2378 6506
624 2379 6505
623 2380 6504
622 2381 6503
621 2382 6502
620 2383 6501
619 2384 6500
618 2385 6499
617 2386 6498
616 2387 6497
615 2388 6496
614 2389 6495
613 2390 6494
612 2391 6493
611 2392 6492
610 2393 6491
609 2394 6490
608 2395 6489
607 2396 6488
606 2397 6487
605 2398 6486
604 2399 6485
603 2400 6484
602 2401 6483
601 2402 6482
600 2403 6481
599 2404 6480
598 2405 6479
597 2406 6478
596 2407 6477
595 2408 6476
594 2409 6475
593 2410 6474
592 2411 6473
591 2412 6472
590 2413 6471
589 2414 6470
588 2415 6469
587 2416 6468
586 2417 6467
585 2418 6466
584 2419 6465
583 2420 6464
582 2421 6463
581 2422 6462
580 2423 6461
579 2424 6460
578 2425 6459
577 2426 6458
576 2427 6457
575 2428 6456
574 2429 6455
573 2430 6454
572 2431 6453
571 2432 6452
570 2433 6451
569 2434 6450
568 2435 6449
567 2436 6448
566 2437 6447
565 2438 6446
564 2439 6445
563 2440 6444
562 2441 6443
561 2442 6442
560 2443 6441
559 2444 6440
558 2445 6439
557 2446 6438
556 2447 6437
555 2448 6436
554 2449 6435
553 2450 6434
552 2451 6433
551 2452 6432
550 2453 6431
549 2454 6430
548 2455 6429
547 2456 6428
546 2457 6427
545 2458 6426
544 2459 6425
543 2460 6424
542 2461 6423
541 2462 6422
540 2463 6421
539 2464 6420
538 2465 6419
537 2466 6418
536 2467 6417
535 2468 6416
534 2469 6415
533 2470 6414
532 2471 6413
531 2472 6412
530 2473 6411
529 2474 6410
528 2475 6409
527 2476 6408
526 2477 6407
525 2478 6406
524 2479 6405
523 2480 6404
522 2481 6403
521 2482 6402
520 2483 6401
519 2484 6400
518 2485 6399
517 2486 6398
516 2487 6397
515 2488 6396
514 2489 6395
513 2490 6394
512 2491 6393
511 2492 6392
510 2493 6391
509 2494 6390
508 2495 6389
507 2496 6388
506 2497 6387
505 2498 6386
504 2499 6385
503 2500 6384
502 2501 6383
501 2502 6382
500 2503 6381
499 2504 6380
498 2505 6379
497 2506 6378
496 2507 6377
495 2508 6376
494 2509 6375
493 2510 6374
492 2511 6373
491 2512 6372
490 2513 6371
489 2514 6370
488 2515 6369
487 2516 6368
486 2517 6367
485 2518 6366
484 2519 6365
483 2520 6364
482 2521 6363
481 2522 6362
480 2523 6361
479 2524 6360
478 2525 6359
477 2526 6358
476 2527 6357
475 2528 6356
474 2529 6355
473 2530 6354
472 2531 6353
471 2532 6352
470 2533 6351
469 2534 6350
468 2535 6349
467 2536 6348
466 2537 6347
465 2538 6346
464 2539 6345
463 2540 6344
462 2541 6343
461 2542 6342
460 2543 6341
459 2544 6340
458 2545 6339
457 2546 6338
456 2547 6337
455 2548 6336
454 2549 6335
453 2550 6334
452 2551 6333
451 2552 6332
450 2553 6331
449 2554 6330
448 2555 6329
447 2556 6328
446 2557 6327
445 2558 6326
444 2559 6325
443 2560 6324
442 2561 6323
441 2562 6322
440 2563 6321
439 2564 6320
438 2565 6319
437 2566 6318
436 2567 6317
435 2568 6316
434 2569 6315
433 2570 6314
432 2571 6313
431 2572 6312
430 2573 6311
429 2574 6310
428 2575 6309
427 2576 6308
426 2577 6307
425 2578 6306
424 2579 6305
423 2580 6304
422 2581 6303
421 2582 6302
420 2583 6301
419 2584 6300
418 2585 6299
417 2586 6298
416 2587 6297
415 2588 6296
414 2589 6295
413 2590 6294
412 2591 6293
411 2592 6292
410 2593 6291
409 2594 6290
408 2595 6289
407 2596 6288
406 2597 6287
405 2598 6286
404 2599 6285
403 2600 6284
402 2601 6283
401 2602 6282
400 2603 6281
399 2604 6280
398 2605 6279
397 2606 6278
396 2607 6277
395 2608 6276
394 2609 6275
393 2610 6274
392 2611 6273
391 2612 6272
390 2613 6271
389 2614 6270
388 2615 6269
387 2616 6268
386 2617 6267
385 2618 6266
384 2619 6265
383 2620 6264
382 2621 6263
381 2622 6262
380 2623 6261
379 2624 6260
378 2625 6259
377 2626 6258
376 2627 6257
375 2628 6256
374 2629 6255
373 2630 6254
372 2631 6253
371 2632 6252
370 2633 6251
369 2634 6250
368 2635 6249
367 2636 6248
366 2637 6247
365 2638 6246
364 2639 6245
363 2640 6244
362 2641 6243
361 2642 6242
360 2643 6241
359 2644 6240
358 2645 6239
357 2646 6238
356 2647 6237
355 2648 6236
354 2649 6235
353 2650 6234
352 2651 6233
351 2652 6232
350 2653 6231
349 2654 6230
348 2655 6229
347 2656 6228
346 2657 6227
345 2658 6226
344 2659 6225
343 2660 6224
342 2661 6223
341 2662 6222
340 2663 6221
339 2664 6220
338 2665 6219
337 2666 6218
336 2667 6217
335 2668 6216
334 2669 6215
333 2670 6214
332 2671 6213
331 2672 6212
330 2673 6211
329 2674 6210
328 2675 6209
327 2676 6208
326 2677 6207
325 2678 6206
324 2679 6205
323 2680 6204
322 2681 6203
321 2682 6202
320 2683 6201
319 2684 6200
318 2685 6199
317 2686 6198
316 2687 6197
315 2688 6196
314 2689 6195
313 2690 6194
312 2691 6193
311 2692 6192
310 2693 6191
309 2694 6190
308 2695 6189
307 2696 6188
306 2697 6187
305 2698 6186
304 2699 6185
303 2700 6184
302 2701 6183
301 2702 6182
300 2703 6181
299 2704 6180
298 2705 6179
297 2706 6178
296 2707 6177
295 2708 6176
294 2709 6175
293 2710 6174
292 2711 6173
291 2712 6172
290 2713 6171
289 2714 6170
288 2715 6169
287 2716 6168
286 2717 6167
285 2718 6166
284 2719 6165
283 2720 6164
282 2721 6163
281 2722 6162
280 2723 6161
279 2724 6160
278 2725 6159
277 2726 6158
276 2727 6157
275 2728 6156
274 2729 6155
273 2730 6154
272 2731 6153
271 2732 6152
270 2733 6151
269 2734 6150
268 2735 6149
267 2736 6148
266 2737 6147
265 2738 6146
264 2739 6145
263 2740 6144
262 2741 6143
261 2742 6142
260 2743 6141
259 2744 6140
258 2745 6139
257 2746 6138
256 2747 6137
255 2748 6136
254 2749 6135
253 2750 6134
252 2751 6133
251 2752 6132
250 2753 6131
249 2754 6130
248 2755 6129
247 2756 6128
246 2757 6127
245 2758 6126
244 2759 6125
243 2760 6124
242 2761 6123
241 2762 6122
240 2763 6121
239 2764 6120
238 2765 6119
237 2766 6118
236 2767 6117
235 2768 6116
234 2769 6115
233 2770 6114
232 2771 6113
231 2772 6112
230 2773 6111
229 2774 6110
228 2775 6109
227 2776 6108
226 2777 6107
225 2778 6106
224 2779 6105
223 2780 6104
222 2781 6103
221 2782 6102
220 2783 6101
219 2784 6100
218 2785 6099
217 2786 6098
216 2787 6097
215 2788 6096
214 2789 6095
213 2790 6094
212 2791 6093
211 2792 6092
210 2793 6091
209 2794 6090
208 2795 6089
207 2796 6088
206 2797 6087
205 2798 6086
204 2799 6085
203 2800 6084
202 2801 6083
201 2802 6082
200 2803 6081
199 2804 6080
198 2805 6079
197 2806 6078
196 2807 6077
195 2808 6076
194 2809 6075
193 2810 6074
192 2811 6073
191 2812 6072
190 2813 6071
189 2814 6070
188 2815 6069
187 2816 6068
186 2817 6067
185 2818 6066
184 2819 6065
183 2820 6064
182 2821 6063
181 2822 6062
180 2823 6061
179 2824 6060
178 2825 6059
177 2826 6058
176 2827 6057
175 2828 6056
174 2829 6055
173 2830 6054
172 2831 6053
171 2832 6052
170 2833 6051
169 2834 6050
168 2835 6049
167 2836 6048
166 2837 6047
165 2838 6046
164 2839 6045
163 2840 6044
162 2841 6043
161 2842 6042
160 2843 6041
159 2844 6040
158 2845 6039
157 2846 6038
156 2847 6037
155 2848 6036
154 2849 6035
153 2850 6034
152 2851 6033
151 2852 6032
150 2853 6031
149 2854 6030
148 2855 6029
147 2856 6028
146 2857 6027
145 2858 6026
144 2859 6025
143 2860 6024
142 2861 6023
141 2862 6022
140 2863 6021
139 2864 6020
138 2865 6019
137 2866 6018
136 2867 6017
135 2868 6016
134 2869 6015
133 2870 6014
132 2871 6013
131 2872 6012
130 2873 6011
129 2874 6010
128 2875 6009
127 2876 6008
126 2877 6007
125 2878 6006
124 2879 6005
123 2880 6004
122 2881 6003
121 2882 6002
120 2883 6001
