1745
3000 3 7745
2999 4 7744
2998 5 7743
2997 6 7742
2996 7 7741
2995 8 7740
2994 9 7739
2993 10 7738
2992 11 7737
2991 12 7736
2990 13 7735
2989 14 7734
2988 15 7733
2987 16 7732
2986 17 7731
2985 18 7730
2984 19 7729
2983 20 7728
2982 21 7727
2981 22 7726
2980 23 7725
2979 24 7724
2978 25 7723
2977 26 7722
2976 27 7721
2975 28 7720
2974 29 7719
2973 30 7718
2972 31 7717
2971 32 7716
2970 33 7715
2969 34 7714
2968 35 7713
2967 36 7712
2966 37 7711
2965 38 7710
2964 39 7709
2963 40 7708
2962 41 7707
2961 42 7706
2960 43 7705
2959 44 7704
2958 45 7703
2957 46 7702
2956 47 7701
2955 48 7700
2954 49 7699
2953 50 7698
2952 51 7697
2951 52 7696
2950 53 7695
2949 54 7694
2948 55 7693
2947 56 7692
2946 57 7691
2945 58 7690
2944 59 7689
2943 60 7688
2942 61 7687
2941 62 7686
2940 63 7685
2939 64 7684
2938 65 7683
2937 66 7682
2936 67 7681
2935 68 7680
2934 69 7679
2933 70 7678
2932 71 7677
2931 72 7676
2930 73 7675
2929 74 7674
2928 75 7673
2927 76 7672
2926 77 7671
2925 78 7670
2924 79 7669
2923 80 7668
2922 81 7667
2921 82 7666
2920 83 7665
2919 84 7664
2918 85 7663
2917 86 7662
2916 87 7661
2915 88 7660
2914 89 7659
2913 90 7658
2912 91 7657
2911 92 7656
2910 93 7655
2909 94 7654
2908 95 7653
2907 96 7652
2906 97 7651
2905 98 7650
2904 99 7649
2903 100 7648
2902 101 7647
2901 102 7646
2900 103 7645
2899 104 7644
2898 105 7643
2897 106 7642
2896 107 7641
2895 108 7640
2894 109 7639
2893 110 7638
2892 111 7637
2891 112 7636
2890 113 7635
2889 114 7634
2888 115 7633
2887 116 7632
2886 117 7631
2885 118 7630
2884 119 7629
2883 120 7628
2882 121 7627
2881 122 7626
2880 123 7625
2879 124 7624
2878 125 7623
2877 126 7622
2876 127 7621
2875 128 7620
2874 129 7619
2873 130 7618
2872 131 7617
2871 132 7616
2870 133 7615
2869 134 7614
2868 135 7613
2867 136 7612
2866 137 7611
2865 138 7610
2864 139 7609
2863 140 7608
2862 141 7607
2861 142 7606
2860 143 7605
2859 144 7604
2858 145 7603
2857 146 7602
2856 147 7601
2855 148 7600
2854 149 7599
2853 150 7598
2852 151 7597
2851 152 7596
2850 153 7595
2849 154 7594
2848 155 7593
2847 156 7592
2846 157 7591
2845 158 7590
2844 159 7589
2843 160 7588
2842 161 7587
2841 162 7586
2840 163 7585
2839 164 7584
2838 165 7583
2837 166 7582
2836 167 7581
2835 168 7580
2834 169 7579
2833 170 7578
2832 171 7577
2831 172 7576
2830 173 7575
2829 174 7574
2828 175 7573
2827 176 7572
2826 177 7571
2825 178 7570
2824 179 7569
2823 180 7568
2822 181 7567
2821 182 7566
2820 183 7565
2819 184 7564
2818 185 7563
2817 186 7562
2816 187 7561
2815 188 7560
2814 189 7559
2813 190 7558
2812 191 7557
2811 192 7556
2810 193 7555
2809 194 7554
2808 195 7553
2807 196 7552
2806 197 7551
2805 198 7550
2804 199 7549
2803 200 7548
2802 201 7547
2801 202 7546
2800 203 7545
2799 204 7544
2798 205 7543
2797 206 7542
2796 207 7541
2795 208 7540
2794 209 7539
2793 210 7538
2792 211 7537
2791 212 7536
2790 213 7535
2789 214 7534
2788 215 7533
2787 216 7532
2786 217 7531
2785 218 7530
2784 219 7529
2783 220 7528
2782 221 7527
2781 222 7526
2780 223 7525
2779 224 7524
2778 225 7523
2777 226 7522
2776 227 7521
2775 228 7520
2774 229 7519
2773 230 7518
2772 231 7517
2771 232 7516
2770 233 7515
2769 234 7514
2768 235 7513
2767 236 7512
2766 237 7511
2765 238 7510
2764 239 7509
2763 240 7508
2762 241 7507
2761 242 7506
2760 243 7505
2759 244 7504
2758 245 7503
2757 246 7502
2756 247 7501
2755 248 7500
2754 249 7499
2753 250 7498
2752 251 7497
2751 252 7496
2750 253 7495
2749 254 7494
2748 255 7493
2747 256 7492
2746 257 7491
2745 258 7490
2744 259 7489
2743 260 7488
2742 261 7487
2741 262 7486
2740 263 7485
2739 264 7484
2738 265 7483
2737 266 7482
2736 267 7481
2735 268 7480
2734 269 7479
2733 270 7478
2732 271 7477
2731 272 7476
2730 273 7475
2729 274 7474
2728 275 7473
2727 276 7472
2726 277 7471
2725 278 7470
2724 279 7469
2723 280 7468
2722 281 7467
2721 282 7466
2720 283 7465
2719 284 7464
2718 285 7463
2717 286 7462
2716 287 7461
2715 288 7460
2714 289 7459
2713 290 7458
2712 291 7457
2711 292 7456
2710 293 7455
2709 294 7454
2708 295 7453
2707 296 7452
2706 297 7451
2705 298 7450
2704 299 7449
2703 300 7448
2702 301 7447
2701 302 7446
2700 303 7445
2699 304 7444
2698 305 7443
2697 306 7442
2696 307 7441
2695 308 7440
2694 309 7439
2693 310 7438
2692 311 7437
2691 312 7436
2690 313 7435
2689 314 7434
2688 315 7433
2687 316 7432
2686 317 7431
2685 318 7430
2684 319 7429
2683 320 7428
2682 321 7427
2681 322 7426
2680 323 7425
2679 324 7424
2678 325 7423
2677 326 7422
2676 327 7421
2675 328 7420
2674 329 7419
2673 330 7418
2672 331 7417
2671 332 7416
2670 333 7415
2669 334 7414
2668 335 7413
2667 336 7412
2666 337 7411
2665 338 7410
2664 339 7409
2663 340 7408
2662 341 7407
2661 342 7406
2660 343 7405
2659 344 7404
2658 345 7403
2657 346 7402
2656 347 7401
2655 348 7400
2654 349 7399
2653 350 7398
2652 351 7397
2651 352 7396
2650 353 7395
2649 354 7394
2648 355 7393
2647 356 7392
2646 357 7391
2645 358 7390
2644 359 7389
2643 360 7388
2642 361 7387
2641 362 7386
2640 363 7385
2639 364 7384
2638 365 7383
2637 366 7382
2636 367 7381
2635 368 7380
2634 369 7379
2633 370 7378
2632 371 7377
2631 372 7376
2630 373 7375
2629 374 7374
2628 375 7373
2627 376 7372
2626 377 7371
2625 378 7370
2624 379 7369
2623 380 7368
2622 381 7367
2621 382 7366
2620 383 7365
2619 384 7364
2618 385 7363
2617 386 7362
2616 387 7361
2615 388 7360
2614 389 7359
2613 390 7358
2612 391 7357
2611 392 7356
2610 393 7355
2609 394 7354
2608 395 7353
2607 396 7352
2606 397 7351
2605 398 7350
2604 399 7349
2603 400 7348
2602 401 7347
2601 402 7346
2600 403 7345
2599 404 7344
2598 405 7343
2597 406 7342
2596 407 7341
2595 408 7340
2594 409 7339
2593 410 7338
2592 411 7337
2591 412 7336
2590 413 7335
2589 414 7334
2588 415 7333
2587 416 7332
2586 417 7331
2585 418 7330
2584 419 7329
2583 420 7328
2582 421 7327
2581 422 7326
2580 423 7325
2579 424 7324
2578 425 7323
2577 426 7322
2576 427 7321
2575 428 7320
2574 429 7319
2573 430 7318
2572 431 7317
2571 432 7316
2570 433 7315
2569 434 7314
2568 435 7313
2567 436 7312
2566 437 7311
2565 438 7310
2564 439 7309
2563 440 7308
2562 441 7307
2561 442 7306
2560 443 7305
2559 444 7304
2558 445 7303
2557 446 7302
2556 447 7301
2555 448 7300
2554 449 7299
2553 450 7298
2552 451 7297
2551 452 7296
2550 453 7295
2549 454 7294
2548 455 7293
2547 456 7292
2546 457 7291
2545 458 7290
2544 459 7289
2543 460 7288
2542 461 7287
2541 462 7286
2540 463 7285
2539 464 7284
2538 465 7283
2537 466 7282
2536 467 7281
2535 468 7280
2534 469 7279
2533 470 7278
2532 471 7277
2531 472 7276
2530 473 7275
2529 474 7274
2528 475 7273
2527 476 7272
2526 477 7271
2525 478 7270
2524 479 7269
2523 480 7268
2522 481 7267
2521 482 7266
2520 483 7265
2519 484 7264
2518 485 7263
2517 486 7262
2516 487 7261
2515 488 7260
2514 489 7259
2513 490 7258
2512 491 7257
2511 492 7256
2510 493 7255
2509 494 7254
2508 495 7253
2507 496 7252
2506 497 7251
2505 498 7250
2504 499 7249
2503 500 7248
2502 501 7247
2501 502 7246
2500 503 7245
2499 504 7244
2498 505 7243
2497 506 7242
2496 507 7241
2495 508 7240
2494 509 7239
2493 510 7238
2492 511 7237
2491 512 7236
2490 513 7235
2489 514 7234
2488 515 7233
2487 516 7232
2486 517 7231
2485 518 7230
2484 519 7229
2483 520 7228
2482 521 7227
2481 522 7226
2480 523 7225
2479 524 7224
2478 525 7223
2477 526 7222
2476 527 7221
2475 528 7220
2474 529 7219
2473 530 7218
2472 531 7217
2471 532 7216
2470 533 7215
2469 534 7214
2468 535 7213
2467 536 7212
2466 537 7211
2465 538 7210
2464 539 7209
2463 540 7208
2462 541 7207
2461 542 7206
2460 543 7205
2459 544 7204
2458 545 7203
2457 546 7202
2456 547 7201
2455 548 7200
2454 549 7199
2453 550 7198
2452 551 7197
2451 552 7196
2450 553 7195
2449 554 7194
2448 555 7193
2447 556 7192
2446 557 7191
2445 558 7190
2444 559 7189
2443 560 7188
2442 561 7187
2441 562 7186
2440 563 7185
2439 564 7184
2438 565 7183
2437 566 7182
2436 567 7181
2435 568 7180
2434 569 7179
2433 570 7178
2432 571 7177
2431 572 7176
2430 573 7175
2429 574 7174
2428 575 7173
2427 576 7172
2426 577 7171
2425 578 7170
2424 579 7169
2423 580 7168
2422 581 7167
2421 582 7166
2420 583 7165
2419 584 7164
2418 585 7163
2417 586 7162
2416 587 7161
2415 588 7160
2414 589 7159
2413 590 7158
2412 591 7157
2411 592 7156
2410 593 7155
2409 594 7154
2408 595 7153
2407 596 7152
2406 597 7151
2405 598 7150
2404 599 7149
2403 600 7148
2402 601 7147
2401 602 7146
2400 603 7145
2399 604 7144
2398 605 7143
2397 606 7142
2396 607 7141
2395 608 7140
2394 609 7139
2393 610 7138
2392 611 7137
2391 612 7136
2390 613 7135
2389 614 7134
2388 615 7133
2387 616 7132
2386 617 7131
2385 618 7130
2384 619 7129
2383 620 7128
2382 621 7127
2381 622 7126
2380 623 7125
2379 624 7124
2378 625 7123
2377 626 7122
2376 627 7121
2375 628 7120
2374 629 7119
2373 630 7118
2372 631 7117
2371 632 7116
2370 633 7115
2369 634 7114
2368 635 7113
2367 636 7112
2366 637 7111
2365 638 7110
2364 639 7109
2363 640 7108
2362 641 7107
2361 642 7106
2360 643 7105
2359 644 7104
2358 645 7103
2357 646 7102
2356 647 7101
2355 648 7100
2354 649 7099
2353 650 7098
2352 651 7097
2351 652 7096
2350 653 7095
2349 654 7094
2348 655 7093
2347 656 7092
2346 657 7091
2345 658 7090
2344 659 7089
2343 660 7088
2342 661 7087
2341 662 7086
2340 663 7085
2339 664 7084
2338 665 7083
2337 666 7082
2336 667 7081
2335 668 7080
2334 669 7079
2333 670 7078
2332 671 7077
2331 672 7076
2330 673 7075
2329 674 7074
2328 675 7073
2327 676 7072
2326 677 7071
2325 678 7070
2324 679 7069
2323 680 7068
2322 681 7067
2321 682 7066
2320 683 7065
2319 684 7064
2318 685 7063
2317 686 7062
2316 687 7061
2315 688 7060
2314 689 7059
2313 690 7058
2312 691 7057
2311 692 7056
2310 693 7055
2309 694 7054
2308 695 7053
2307 696 7052
2306 697 7051
2305 698 7050
2304 699 7049
2303 700 7048
2302 701 7047
2301 702 7046
2300 703 7045
2299 704 7044
2298 705 7043
2297 706 7042
2296 707 7041
2295 708 7040
2294 709 7039
2293 710 7038
2292 711 7037
2291 712 7036
2290 713 7035
2289 714 7034
2288 715 7033
2287 716 7032
2286 717 7031
2285 718 7030
2284 719 7029
2283 720 7028
2282 721 7027
2281 722 7026
2280 723 7025
2279 724 7024
2278 725 7023
2277 726 7022
2276 727 7021
2275 728 7020
2274 729 7019
2273 730 7018
2272 731 7017
2271 732 7016
2270 733 7015
2269 734 7014
2268 735 7013
2267 736 7012
2266 737 7011
2265 738 7010
2264 739 7009
2263 740 7008
2262 741 7007
2261 742 7006
2260 743 7005
2259 744 7004
2258 745 7003
2257 746 7002
2256 747 7001
2255 748 7000
2254 749 6999
2253 750 6998
2252 751 6997
2251 752 6996
2250 753 6995
2249 754 6994
2248 755 6993
2247 756 6992
2246 757 6991
2245 758 6990
2244 759 6989
2243 760 6988
2242 761 6987
2241 762 6986
2240 763 6985
2239 764 6984
2238 765 6983
2237 766 6982
2236 767 6981
2235 768 6980
2234 769 6979
2233 770 6978
2232 771 6977
2231 772 6976
2230 773 6975
2229 774 6974
2228 775 6973
2227 776 6972
2226 777 6971
2225 778 6970
2224 779 6969
2223 780 6968
2222 781 6967
2221 782 6966
2220 783 6965
2219 784 6964
2218 785 6963
2217 786 6962
2216 787 6961
2215 788 6960
2214 789 6959
2213 790 6958
2212 791 6957
2211 792 6956
2210 793 6955
2209 794 6954
2208 795 6953
2207 796 6952
2206 797 6951
2205 798 6950
2204 799 6949
2203 800 6948
2202 801 6947
2201 802 6946
2200 803 6945
2199 804 6944
2198 805 6943
2197 806 6942
2196 807 6941
2195 808 6940
2194 809 6939
2193 810 6938
2192 811 6937
2191 812 6936
2190 813 6935
2189 814 6934
2188 815 6933
2187 816 6932
2186 817 6931
2185 818 6930
2184 819 6929
2183 820 6928
2182 821 6927
2181 822 6926
2180 823 6925
2179 824 6924
2178 825 6923
2177 826 6922
2176 827 6921
2175 828 6920
2174 829 6919
2173 830 6918
2172 831 6917
2171 832 6916
2170 833 6915
2169 834 6914
2168 835 6913
2167 836 6912
2166 837 6911
2165 838 6910
2164 839 6909
2163 840 6908
2162 841 6907
2161 842 6906
2160 843 6905
2159 844 6904
2158 845 6903
2157 846 6902
2156 847 6901
2155 848 6900
2154 849 6899
2153 850 6898
2152 851 6897
2151 852 6896
2150 853 6895
2149 854 6894
2148 855 6893
2147 856 6892
2146 857 6891
2145 858 6890
2144 859 6889
2143 860 6888
2142 861 6887
2141 862 6886
2140 863 6885
2139 864 6884
2138 865 6883
2137 866 6882
2136 867 6881
2135 868 6880
2134 869 6879
2133 870 6878
2132 871 6877
2131 872 6876
2130 873 6875
2129 874 6874
2128 875 6873
2127 876 6872
2126 877 6871
2125 878 6870
2124 879 6869
2123 880 6868
2122 881 6867
2121 882 6866
2120 883 6865
2119 884 6864
2118 885 6863
2117 886 6862
2116 887 6861
2115 888 6860
2114 889 6859
2113 890 6858
2112 891 6857
2111 892 6856
2110 893 6855
2109 894 6854
2108 895 6853
2107 896 6852
2106 897 6851
2105 898 6850
2104 899 6849
2103 900 6848
2102 901 6847
2101 902 6846
2100 903 6845
2099 904 6844
2098 905 6843
2097 906 6842
2096 907 6841
2095 908 6840
2094 909 6839
2093 910 6838
2092 911 6837
2091 912 6836
2090 913 6835
2089 914 6834
2088 915 6833
2087 916 6832
2086 917 6831
2085 918 6830
2084 919 6829
2083 920 6828
2082 921 6827
2081 922 6826
2080 923 6825
2079 924 6824
2078 925 6823
2077 926 6822
2076 927 6821
2075 928 6820
2074 929 6819
2073 930 6818
2072 931 6817
2071 932 6816
2070 933 6815
2069 934 6814
2068 935 6813
2067 936 6812
2066 937 6811
2065 938 6810
2064 939 6809
2063 940 6808
2062 941 6807
2061 942 6806
2060 943 6805
2059 944 6804
2058 945 6803
2057 946 6802
2056 947 6801
2055 948 6800
2054 949 6799
2053 950 6798
2052 951 6797
2051 952 6796
2050 953 6795
2049 954 6794
2048 955 6793
2047 956 6792
2046 957 6791
2045 958 6790
2044 959 6789
2043 960 6788
2042 961 6787
2041 962 6786
2040 963 6785
2039 964 6784
2038 965 6783
2037 966 6782
2036 967 6781
2035 968 6780
2034 969 6779
2033 970 6778
2032 971 6777
2031 972 6776
2030 973 6775
2029 974 6774
2028 975 6773
2027 976 6772
2026 977 6771
2025 978 6770
2024 979 6769
2023 980 6768
2022 981 6767
2021 982 6766
2020 983 6765
2019 984 6764
2018 985 6763
2017 986 6762
2016 987 6761
2015 988 6760
2014 989 6759
2013 990 6758
2012 991 6757
2011 992 6756
2010 993 6755
2009 994 6754
2008 995 6753
2007 996 6752
2006 997 6751
2005 998 6750
2004 999 6749
2003 1000 6748
2002 1001 6747
2001 1002 6746
2000 1003 6745
1999 1004 6744
1998 1005 6743
1997 1006 6742
1996 1007 6741
1995 1008 6740
1994 1009 6739
1993 1010 6738
1992 1011 6737
1991 1012 6736
1990 1013 6735
1989 1014 6734
1988 1015 6733
1987 1016 6732
1986 1017 6731
1985 1018 6730
1984 1019 6729
1983 1020 6728
1982 1021 6727
1981 1022 6726
1980 1023 6725
1979 1024 6724
1978 1025 6723
1977 1026 6722
1976 1027 6721
1975 1028 6720
1974 1029 6719
1973 1030 6718
1972 1031 6717
1971 1032 6716
1970 1033 6715
1969 1034 6714
1968 1035 6713
1967 1036 6712
1966 1037 6711
1965 1038 6710
1964 1039 6709
1963 1040 6708
1962 1041 6707
1961 1042 6706
1960 1043 6705
1959 1044 6704
1958 1045 6703
1957 1046 6702
1956 1047 6701
1955 1048 6700
1954 1049 6699
1953 1050 6698
1952 1051 6697
1951 1052 6696
1950 1053 6695
1949 1054 6694
1948 1055 6693
1947 1056 6692
1946 1057 6691
1945 1058 6690
1944 1059 6689
1943 1060 6688
1942 1061 6687
1941 1062 6686
1940 1063 6685
1939 1064 6684
1938 1065 6683
1937 1066 6682
1936 1067 6681
1935 1068 6680
1934 1069 6679
1933 1070 6678
1932 1071 6677
1931 1072 6676
1930 1073 6675
1929 1074 6674
1928 1075 6673
1927 1076 6672
1926 1077 6671
1925 1078 6670
1924 1079 6669
1923 1080 6668
1922 1081 6667
1921 1082 6666
1920 1083 6665
1919 1084 6664
1918 1085 6663
1917 1086 6662
1916 1087 6661
1915 1088 6660
1914 1089 6659
1913 1090 6658
1912 1091 6657
1911 1092 6656
1910 1093 6655
1909 1094 6654
1908 1095 6653
1907 1096 6652
1906 1097 6651
1905 1098 6650
1904 1099 6649
1903 1100 6648
1902 1101 6647
1901 1102 6646
1900 1103 6645
1899 1104 6644
1898 1105 6643
1897 1106 6642
1896 1107 6641
1895 1108 6640
1894 1109 6639
1893 1110 6638
1892 1111 6637
1891 1112 6636
1890 1113 6635
1889 1114 6634
1888 1115 6633
1887 1116 6632
1886 1117 6631
1885 1118 6630
1884 1119 6629
1883 1120 6628
1882 1121 6627
1881 1122 6626
1880 1123 6625
1879 1124 6624
1878 1125 6623
1877 1126 6622
1876 1127 6621
1875 1128 6620
1874 1129 6619
1873 1130 6618
1872 1131 6617
1871 1132 6616
1870 1133 6615
1869 1134 6614
1868 1135 6613
1867 1136 6612
1866 1137 6611
1865 1138 6610
1864 1139 6609
1863 1140 6608
1862 1141 6607
1861 1142 6606
1860 1143 6605
1859 1144 6604
1858 1145 6603
1857 1146 6602
1856 1147 6601
1855 1148 6600
1854 1149 6599
1853 1150 6598
1852 1151 6597
1851 1152 6596
1850 1153 6595
1849 1154 6594
1848 1155 6593
1847 1156 6592
1846 1157 6591
1845 1158 6590
1844 1159 6589
1843 1160 6588
1842 1161 6587
1841 1162 6586
1840 1163 6585
1839 1164 6584
1838 1165 6583
1837 1166 6582
1836 1167 6581
1835 1168 6580
1834 1169 6579
1833 1170 6578
1832 1171 6577
1831 1172 6576
1830 1173 6575
1829 1174 6574
1828 1175 6573
1827 1176 6572
1826 1177 6571
1825 1178 6570
1824 1179 6569
1823 1180 6568
1822 1181 6567
1821 1182 6566
1820 1183 6565
1819 1184 6564
1818 1185 6563
1817 1186 6562
1816 1187 6561
1815 1188 6560
1814 1189 6559
1813 1190 6558
1812 1191 6557
1811 1192 6556
1810 1193 6555
1809 1194 6554
1808 1195 6553
1807 1196 6552
1806 1197 6551
1805 1198 6550
1804 1199 6549
1803 1200 6548
1802 1201 6547
1801 1202 6546
1800 1203 6545
1799 1204 6544
1798 1205 6543
1797 1206 6542
1796 1207 6541
1795 1208 6540
1794 1209 6539
1793 1210 6538
1792 1211 6537
1791 1212 6536
1790 1213 6535
1789 1214 6534
1788 1215 6533
1787 1216 6532
1786 1217 6531
1785 1218 6530
1784 1219 6529
1783 1220 6528
1782 1221 6527
1781 1222 6526
1780 1223 6525
1779 1224 6524
1778 1225 6523
1777 1226 6522
1776 1227 6521
1775 1228 6520
1774 1229 6519
1773 1230 6518
1772 1231 6517
1771 1232 6516
1770 1233 6515
1769 1234 6514
1768 1235 6513
1767 1236 6512
1766 1237 6511
1765 1238 6510
1764 1239 6509
1763 1240 6508
1762 1241 6507
1761 1242 6506
1760 1243 6505
1759 1244 6504
1758 1245 6503
1757 1246 6502
1756 1247 6501
1755 1248 6500
1754 1249 6499
1753 1250 6498
1752 1251 6497
1751 1252 6496
1750 1253 6495
1749 1254 6494
1748 1255 6493
1747 1256 6492
1746 1257 6491
1745 1258 6490
1744 1259 6489
1743 1260 6488
1742 1261 6487
1741 1262 6486
1740 1263 6485
1739 1264 6484
1738 1265 6483
1737 1266 6482
1736 1267 6481
1735 1268 6480
1734 1269 6479
1733 1270 6478
1732 1271 6477
1731 1272 6476
1730 1273 6475
1729 1274 6474
1728 1275 6473
1727 1276 6472
1726 1277 6471
1725 1278 6470
1724 1279 6469
1723 1280 6468
1722 1281 6467
1721 1282 6466
1720 1283 6465
1719 1284 6464
1718 1285 6463
1717 1286 6462
1716 1287 6461
1715 1288 6460
1714 1289 6459
1713 1290 6458
1712 1291 6457
1711 1292 6456
1710 1293 6455
1709 1294 6454
1708 1295 6453
1707 1296 6452
1706 1297 6451
1705 1298 6450
1704 1299 6449
1703 1300 6448
1702 1301 6447
1701 1302 6446
1700 1303 6445
1699 1304 6444
1698 1305 6443
1697 1306 6442
1696 1307 6441
1695 1308 6440
1694 1309 6439
1693 1310 6438
1692 1311 6437
1691 1312 6436
1690 1313 6435
1689 1314 6434
1688 1315 6433
1687 1316 6432
1686 1317 6431
1685 1318 6430
1684 1319 6429
1683 1320 6428
1682 1321 6427
1681 1322 6426
1680 1323 6425
1679 1324 6424
1678 1325 6423
1677 1326 6422
1676 1327 6421
1675 1328 6420
1674 1329 6419
1673 1330 6418
1672 1331 6417
1671 1332 6416
1670 1333 6415
1669 1334 6414
1668 1335 6413
1667 1336 6412
1666 1337 6411
1665 1338 6410
1664 1339 6409
1663 1340 6408
1662 1341 6407
1661 1342 6406
1660 1343 6405
1659 1344 6404
1658 1345 6403
1657 1346 6402
1656 1347 6401
1655 1348 6400
1654 1349 6399
1653 1350 6398
1652 1351 6397
1651 1352 6396
1650 1353 6395
1649 1354 6394
1648 1355 6393
1647 1356 6392
1646 1357 6391
1645 1358 6390
1644 1359 6389
1643 1360 6388
1642 1361 6387
1641 1362 6386
1640 1363 6385
1639 1364 6384
1638 1365 6383
1637 1366 6382
1636 1367 6381
1635 1368 6380
1634 1369 6379
1633 1370 6378
1632 1371 6377
1631 1372 6376
1630 1373 6375
1629 1374 6374
1628 1375 6373
1627 1376 6372
1626 1377 6371
1625 1378 6370
1624 1379 6369
1623 1380 6368
1622 1381 6367
1621 1382 6366
1620 1383 6365
1619 1384 6364
1618 1385 6363
1617 1386 6362
1616 1387 6361
1615 1388 6360
1614 1389 6359
1613 1390 6358
1612 1391 6357
1611 1392 6356
1610 1393 6355
1609 1394 6354
1608 1395 6353
1607 1396 6352
1606 1397 6351
1605 1398 6350
1604 1399 6349
1603 1400 6348
1602 1401 6347
1601 1402 6346
1600 1403 6345
1599 1404 6344
1598 1405 6343
1597 1406 6342
1596 1407 6341
1595 1408 6340
1594 1409 6339
1593 1410 6338
1592 1411 6337
1591 1412 6336
1590 1413 6335
1589 1414 6334
1588 1415 6333
1587 1416 6332
1586 1417 6331
1585 1418 6330
1584 1419 6329
1583 1420 6328
1582 1421 6327
1581 1422 6326
1580 1423 6325
1579 1424 6324
1578 1425 6323
1577 1426 6322
1576 1427 6321
1575 1428 6320
1574 1429 6319
1573 1430 6318
1572 1431 6317
1571 1432 6316
1570 1433 6315
1569 1434 6314
1568 1435 6313
1567 1436 6312
1566 1437 6311
1565 1438 6310
1564 1439 6309
1563 1440 6308
1562 1441 6307
1561 1442 6306
1560 1443 6305
1559 1444 6304
1558 1445 6303
1557 1446 6302
1556 1447 6301
1555 1448 6300
1554 1449 6299
1553 1450 6298
1552 1451 6297
1551 1452 6296
1550 1453 6295
1549 1454 6294
1548 1455 6293
1547 1456 6292
1546 1457 6291
1545 1458 6290
1544 1459 6289
1543 1460 6288
1542 1461 6287
1541 1462 6286
1540 1463 6285
1539 1464 6284
1538 1465 6283
1537 1466 6282
1536 1467 6281
1535 1468 6280
1534 1469 6279
1533 1470 6278
1532 1471 6277
1531 1472 6276
1530 1473 6275
1529 1474 6274
1528 1475 6273
1527 1476 6272
1526 1477 6271
1525 1478 6270
1524 1479 6269
1523 1480 6268
1522 1481 6267
1521 1482 6266
1520 1483 6265
1519 1484 6264
1518 1485 6263
1517 1486 6262
1516 1487 6261
1515 1488 6260
1514 1489 6259
1513 1490 6258
1512 1491 6257
1511 1492 6256
1510 1493 6255
1509 1494 6254
1508 1495 6253
1507 1496 6252
1506 1497 6251
1505 1498 6250
1504 1499 6249
1503 1500 6248
1502 1501 6247
1501 1502 6246
1500 1503 6245
1499 1504 6244
1498 1505 6243
1497 1506 6242
1496 1507 6241
1495 1508 6240
1494 1509 6239
1493 1510 6238
1492 1511 6237
1491 1512 6236
1490 1513 6235
1489 1514 6234
1488 1515 6233
1487 1516 6232
1486 1517 6231
1485 1518 6230
1484 1519 6229
1483 1520 6228
1482 1521 6227
1481 1522 6226
1480 1523 6225
1479 1524 6224
1478 1525 6223
1477 1526 6222
1476 1527 6221
1475 1528 6220
1474 1529 6219
1473 1530 6218
1472 1531 6217
1471 1532 6216
1470 1533 6215
1469 1534 6214
1468 1535 6213
1467 1536 6212
1466 1537 6211
1465 1538 6210
1464 1539 6209
1463 1540 6208
1462 1541 6207
1461 1542 6206
1460 1543 6205
1459 1544 6204
1458 1545 6203
1457 1546 6202
1456 1547 6201
1455 1548 6200
1454 1549 6199
1453 1550 6198
1452 1551 6197
1451 1552 6196
1450 1553 6195
1449 1554 6194
1448 1555 6193
1447 1556 6192
1446 1557 6191
1445 1558 6190
1444 1559 6189
1443 1560 6188
1442 1561 6187
1441 1562 6186
1440 1563 6185
1439 1564 6184
1438 1565 6183
1437 1566 6182
1436 1567 6181
1435 1568 6180
1434 1569 6179
1433 1570 6178
1432 1571 6177
1431 1572 6176
1430 1573 6175
1429 1574 6174
1428 1575 6173
1427 1576 6172
1426 1577 6171
1425 1578 6170
1424 1579 6169
1423 1580 6168
1422 1581 6167
1421 1582 6166
1420 1583 6165
1419 1584 6164
1418 1585 6163
1417 1586 6162
1416 1587 6161
1415 1588 6160
1414 1589 6159
1413 1590 6158
1412 1591 6157
1411 1592 6156
1410 1593 6155
1409 1594 6154
1408 1595 6153
1407 1596 6152
1406 1597 6151
1405 1598 6150
1404 1599 6149
1403 1600 6148
1402 1601 6147
1401 1602 6146
1400 1603 6145
1399 1604 6144
1398 1605 6143
1397 1606 6142
1396 1607 6141
1395 1608 6140
1394 1609 6139
1393 1610 6138
1392 1611 6137
1391 1612 6136
1390 1613 6135
1389 1614 6134
1388 1615 6133
1387 1616 6132
1386 1617 6131
1385 1618 6130
1384 1619 6129
1383 1620 6128
1382 1621 6127
1381 1622 6126
1380 1623 6125
1379 1624 6124
1378 1625 6123
1377 1626 6122
1376 1627 6121
1375 1628 6120
1374 1629 6119
1373 1630 6118
1372 1631 6117
1371 1632 6116
1370 1633 6115
1369 1634 6114
1368 1635 6113
1367 1636 6112
1366 1637 6111
1365 1638 6110
1364 1639 6109
1363 1640 6108
1362 1641 6107
1361 1642 6106
1360 1643 6105
1359 1644 6104
1358 1645 6103
1357 1646 6102
1356 1647 6101
1355 1648 6100
1354 1649 6099
1353 1650 6098
1352 1651 6097
1351 1652 6096
1350 1653 6095
1349 1654 6094
1348 1655 6093
1347 1656 6092
1346 1657 6091
1345 1658 6090
1344 1659 6089
1343 1660 6088
1342 1661 6087
1341 1662 6086
1340 1663 6085
1339 1664 6084
1338 1665 6083
1337 1666 6082
1336 1667 6081
1335 1668 6080
1334 1669 6079
1333 1670 6078
1332 1671 6077
1331 1672 6076
1330 1673 6075
1329 1674 6074
1328 1675 6073
1327 1676 6072
1326 1677 6071
1325 1678 6070
1324 1679 6069
1323 1680 6068
1322 1681 6067
1321 1682 6066
1320 1683 6065
1319 1684 6064
1318 1685 6063
1317 1686 6062
1316 1687 6061
1315 1688 6060
1314 1689 6059
1313 1690 6058
1312 1691 6057
1311 1692 6056
1310 1693 6055
1309 1694 6054
1308 1695 6053
1307 1696 6052
1306 1697 6051
1305 1698 6050
1304 1699 6049
1303 1700 6048
1302 1701 6047
1301 1702 6046
1300 1703 6045
1299 1704 6044
1298 1705 6043
1297 1706 6042
1296 1707 6041
1295 1708 6040
1294 1709 6039
1293 1710 6038
1292 1711 6037
1291 1712 6036
1290 1713 6035
1289 1714 6034
1288 1715 6033
1287 1716 6032
1286 1717 6031
1285 1718 6030
1284 1719 6029
1283 1720 6028
1282 1721 6027
1281 1722 6026
1280 1723 6025
1279 1724 6024
1278 1725 6023
1277 1726 6022
1276 1727 6021
1275 1728 6020
1274 1729 6019
1273 1730 6018
1272 1731 6017
1271 1732 6016
1270 1733 6015
1269 1734 6014
1268 1735 6013
1267 1736 6012
1266 1737 6011
1265 1738 6010
1264 1739 6009
1263 1740 6008
1262 1741 6007
1261 1742 6006
1260 1743 6005
1259 1744 6004
1258 1745 6003
1257 1746 6002
1256 1747 6001
