1059
3000 3 7059
2999 4 7058
2998 5 7057
2997 6 7056
2996 7 7055
2995 8 7054
2994 9 7053
2993 10 7052
2992 11 7051
2991 12 7050
2990 13 7049
2989 14 7048
2988 15 7047
2987 16 7046
2986 17 7045
2985 18 7044
2984 19 7043
2983 20 7042
2982 21 7041
2981 22 7040
2980 23 7039
2979 24 7038
2978 25 7037
2977 26 7036
2976 27 7035
2975 28 7034
2974 29 7033
2973 30 7032
2972 31 7031
2971 32 7030
2970 33 7029
2969 34 7028
2968 35 7027
2967 36 7026
2966 37 7025
2965 38 7024
2964 39 7023
2963 40 7022
2962 41 7021
2961 42 7020
2960 43 7019
2959 44 7018
2958 45 7017
2957 46 7016
2956 47 7015
2955 48 7014
2954 49 7013
2953 50 7012
2952 51 7011
2951 52 7010
2950 53 7009
2949 54 7008
2948 55 7007
2947 56 7006
2946 57 7005
2945 58 7004
2944 59 7003
2943 60 7002
2942 61 7001
2941 62 7000
2940 63 6999
2939 64 6998
2938 65 6997
2937 66 6996
2936 67 6995
2935 68 6994
2934 69 6993
2933 70 6992
2932 71 6991
2931 72 6990
2930 73 6989
2929 74 6988
2928 75 6987
2927 76 6986
2926 77 6985
2925 78 6984
2924 79 6983
2923 80 6982
2922 81 6981
2921 82 6980
2920 83 6979
2919 84 6978
2918 85 6977
2917 86 6976
2916 87 6975
2915 88 6974
2914 89 6973
2913 90 6972
2912 91 6971
2911 92 6970
2910 93 6969
2909 94 6968
2908 95 6967
2907 96 6966
2906 97 6965
2905 98 6964
2904 99 6963
2903 100 6962
2902 101 6961
2901 102 6960
2900 103 6959
2899 104 6958
2898 105 6957
2897 106 6956
2896 107 6955
2895 108 6954
2894 109 6953
2893 110 6952
2892 111 6951
2891 112 6950
2890 113 6949
2889 114 6948
2888 115 6947
2887 116 6946
2886 117 6945
2885 118 6944
2884 119 6943
2883 120 6942
2882 121 6941
2881 122 6940
2880 123 6939
2879 124 6938
2878 125 6937
2877 126 6936
2876 127 6935
2875 128 6934
2874 129 6933
2873 130 6932
2872 131 6931
2871 132 6930
2870 133 6929
2869 134 6928
2868 135 6927
2867 136 6926
2866 137 6925
2865 138 6924
2864 139 6923
2863 140 6922
2862 141 6921
2861 142 6920
2860 143 6919
2859 144 6918
2858 145 6917
2857 146 6916
2856 147 6915
2855 148 6914
2854 149 6913
2853 150 6912
2852 151 6911
2851 152 6910
2850 153 6909
2849 154 6908
2848 155 6907
2847 156 6906
2846 157 6905
2845 158 6904
2844 159 6903
2843 160 6902
2842 161 6901
2841 162 6900
2840 163 6899
2839 164 6898
2838 165 6897
2837 166 6896
2836 167 6895
2835 168 6894
2834 169 6893
2833 170 6892
2832 171 6891
2831 172 6890
2830 173 6889
2829 174 6888
2828 175 6887
2827 176 6886
2826 177 6885
2825 178 6884
2824 179 6883
2823 180 6882
2822 181 6881
2821 182 6880
2820 183 6879
2819 184 6878
2818 185 6877
2817 186 6876
2816 187 6875
2815 188 6874
2814 189 6873
2813 190 6872
2812 191 6871
2811 192 6870
2810 193 6869
2809 194 6868
2808 195 6867
2807 196 6866
2806 197 6865
2805 198 6864
2804 199 6863
2803 200 6862
2802 201 6861
2801 202 6860
2800 203 6859
2799 204 6858
2798 205 6857
2797 206 6856
2796 207 6855
2795 208 6854
2794 209 6853
2793 210 6852
2792 211 6851
2791 212 6850
2790 213 6849
2789 214 6848
2788 215 6847
2787 216 6846
2786 217 6845
2785 218 6844
2784 219 6843
2783 220 6842
2782 221 6841
2781 222 6840
2780 223 6839
2779 224 6838
2778 225 6837
2777 226 6836
2776 227 6835
2775 228 6834
2774 229 6833
2773 230 6832
2772 231 6831
2771 232 6830
2770 233 6829
2769 234 6828
2768 235 6827
2767 236 6826
2766 237 6825
2765 238 6824
2764 239 6823
2763 240 6822
2762 241 6821
2761 242 6820
2760 243 6819
2759 244 6818
2758 245 6817
2757 246 6816
2756 247 6815
2755 248 6814
2754 249 6813
2753 250 6812
2752 251 6811
2751 252 6810
2750 253 6809
2749 254 6808
2748 255 6807
2747 256 6806
2746 257 6805
2745 258 6804
2744 259 6803
2743 260 6802
2742 261 6801
2741 262 6800
2740 263 6799
2739 264 6798
2738 265 6797
2737 266 6796
2736 267 6795
2735 268 6794
2734 269 6793
2733 270 6792
2732 271 6791
2731 272 6790
2730 273 6789
2729 274 6788
2728 275 6787
2727 276 6786
2726 277 6785
2725 278 6784
2724 279 6783
2723 280 6782
2722 281 6781
2721 282 6780
2720 283 6779
2719 284 6778
2718 285 6777
2717 286 6776
2716 287 6775
2715 288 6774
2714 289 6773
2713 290 6772
2712 291 6771
2711 292 6770
2710 293 6769
2709 294 6768
2708 295 6767
2707 296 6766
2706 297 6765
2705 298 6764
2704 299 6763
2703 300 6762
2702 301 6761
2701 302 6760
2700 303 6759
2699 304 6758
2698 305 6757
2697 306 6756
2696 307 6755
2695 308 6754
2694 309 6753
2693 310 6752
2692 311 6751
2691 312 6750
2690 313 6749
2689 314 6748
2688 315 6747
2687 316 6746
2686 317 6745
2685 318 6744
2684 319 6743
2683 320 6742
2682 321 6741
2681 322 6740
2680 323 6739
2679 324 6738
2678 325 6737
2677 326 6736
2676 327 6735
2675 328 6734
2674 329 6733
2673 330 6732
2672 331 6731
2671 332 6730
2670 333 6729
2669 334 6728
2668 335 6727
2667 336 6726
2666 337 6725
2665 338 6724
2664 339 6723
2663 340 6722
2662 341 6721
2661 342 6720
2660 343 6719
2659 344 6718
2658 345 6717
2657 346 6716
2656 347 6715
2655 348 6714
2654 349 6713
2653 350 6712
2652 351 6711
2651 352 6710
2650 353 6709
2649 354 6708
2648 355 6707
2647 356 6706
2646 357 6705
2645 358 6704
2644 359 6703
2643 360 6702
2642 361 6701
2641 362 6700
2640 363 6699
2639 364 6698
2638 365 6697
2637 366 6696
2636 367 6695
2635 368 6694
2634 369 6693
2633 370 6692
2632 371 6691
2631 372 6690
2630 373 6689
2629 374 6688
2628 375 6687
2627 376 6686
2626 377 6685
2625 378 6684
2624 379 6683
2623 380 6682
2622 381 6681
2621 382 6680
2620 383 6679
2619 384 6678
2618 385 6677
2617 386 6676
2616 387 6675
2615 388 6674
2614 389 6673
2613 390 6672
2612 391 6671
2611 392 6670
2610 393 6669
2609 394 6668
2608 395 6667
2607 396 6666
2606 397 6665
2605 398 6664
2604 399 6663
2603 400 6662
2602 401 6661
2601 402 6660
2600 403 6659
2599 404 6658
2598 405 6657
2597 406 6656
2596 407 6655
2595 408 6654
2594 409 6653
2593 410 6652
2592 411 6651
2591 412 6650
2590 413 6649
2589 414 6648
2588 415 6647
2587 416 6646
2586 417 6645
2585 418 6644
2584 419 6643
2583 420 6642
2582 421 6641
2581 422 6640
2580 423 6639
2579 424 6638
2578 425 6637
2577 426 6636
2576 427 6635
2575 428 6634
2574 429 6633
2573 430 6632
2572 431 6631
2571 432 6630
2570 433 6629
2569 434 6628
2568 435 6627
2567 436 6626
2566 437 6625
2565 438 6624
2564 439 6623
2563 440 6622
2562 441 6621
2561 442 6620
2560 443 6619
2559 444 6618
2558 445 6617
2557 446 6616
2556 447 6615
2555 448 6614
2554 449 6613
2553 450 6612
2552 451 6611
2551 452 6610
2550 453 6609
2549 454 6608
2548 455 6607
2547 456 6606
2546 457 6605
2545 458 6604
2544 459 6603
2543 460 6602
2542 461 6601
2541 462 6600
2540 463 6599
2539 464 6598
2538 465 6597
2537 466 6596
2536 467 6595
2535 468 6594
2534 469 6593
2533 470 6592
2532 471 6591
2531 472 6590
2530 473 6589
2529 474 6588
2528 475 6587
2527 476 6586
2526 477 6585
2525 478 6584
2524 479 6583
2523 480 6582
2522 481 6581
2521 482 6580
2520 483 6579
2519 484 6578
2518 485 6577
2517 486 6576
2516 487 6575
2515 488 6574
2514 489 6573
2513 490 6572
2512 491 6571
2511 492 6570
2510 493 6569
2509 494 6568
2508 495 6567
2507 496 6566
2506 497 6565
2505 498 6564
2504 499 6563
2503 500 6562
2502 501 6561
2501 502 6560
2500 503 6559
2499 504 6558
2498 505 6557
2497 506 6556
2496 507 6555
2495 508 6554
2494 509 6553
2493 510 6552
2492 511 6551
2491 512 6550
2490 513 6549
2489 514 6548
2488 515 6547
2487 516 6546
2486 517 6545
2485 518 6544
2484 519 6543
2483 520 6542
2482 521 6541
2481 522 6540
2480 523 6539
2479 524 6538
2478 525 6537
2477 526 6536
2476 527 6535
2475 528 6534
2474 529 6533
2473 530 6532
2472 531 6531
2471 532 6530
2470 533 6529
2469 534 6528
2468 535 6527
2467 536 6526
2466 537 6525
2465 538 6524
2464 539 6523
2463 540 6522
2462 541 6521
2461 542 6520
2460 543 6519
2459 544 6518
2458 545 6517
2457 546 6516
2456 547 6515
2455 548 6514
2454 549 6513
2453 550 6512
2452 551 6511
2451 552 6510
2450 553 6509
2449 554 6508
2448 555 6507
2447 556 6506
2446 557 6505
2445 558 6504
2444 559 6503
2443 560 6502
2442 561 6501
2441 562 6500
2440 563 6499
2439 564 6498
2438 565 6497
2437 566 6496
2436 567 6495
2435 568 6494
2434 569 6493
2433 570 6492
2432 571 6491
2431 572 6490
2430 573 6489
2429 574 6488
2428 575 6487
2427 576 6486
2426 577 6485
2425 578 6484
2424 579 6483
2423 580 6482
2422 581 6481
2421 582 6480
2420 583 6479
2419 584 6478
2418 585 6477
2417 586 6476
2416 587 6475
2415 588 6474
2414 589 6473
2413 590 6472
2412 591 6471
2411 592 6470
2410 593 6469
2409 594 6468
2408 595 6467
2407 596 6466
2406 597 6465
2405 598 6464
2404 599 6463
2403 600 6462
2402 601 6461
2401 602 6460
2400 603 6459
2399 604 6458
2398 605 6457
2397 606 6456
2396 607 6455
2395 608 6454
2394 609 6453
2393 610 6452
2392 611 6451
2391 612 6450
2390 613 6449
2389 614 6448
2388 615 6447
2387 616 6446
2386 617 6445
2385 618 6444
2384 619 6443
2383 620 6442
2382 621 6441
2381 622 6440
2380 623 6439
2379 624 6438
2378 625 6437
2377 626 6436
2376 627 6435
2375 628 6434
2374 629 6433
2373 630 6432
2372 631 6431
2371 632 6430
2370 633 6429
2369 634 6428
2368 635 6427
2367 636 6426
2366 637 6425
2365 638 6424
2364 639 6423
2363 640 6422
2362 641 6421
2361 642 6420
2360 643 6419
2359 644 6418
2358 645 6417
2357 646 6416
2356 647 6415
2355 648 6414
2354 649 6413
2353 650 6412
2352 651 6411
2351 652 6410
2350 653 6409
2349 654 6408
2348 655 6407
2347 656 6406
2346 657 6405
2345 658 6404
2344 659 6403
2343 660 6402
2342 661 6401
2341 662 6400
2340 663 6399
2339 664 6398
2338 665 6397
2337 666 6396
2336 667 6395
2335 668 6394
2334 669 6393
2333 670 6392
2332 671 6391
2331 672 6390
2330 673 6389
2329 674 6388
2328 675 6387
2327 676 6386
2326 677 6385
2325 678 6384
2324 679 6383
2323 680 6382
2322 681 6381
2321 682 6380
2320 683 6379
2319 684 6378
2318 685 6377
2317 686 6376
2316 687 6375
2315 688 6374
2314 689 6373
2313 690 6372
2312 691 6371
2311 692 6370
2310 693 6369
2309 694 6368
2308 695 6367
2307 696 6366
2306 697 6365
2305 698 6364
2304 699 6363
2303 700 6362
2302 701 6361
2301 702 6360
2300 703 6359
2299 704 6358
2298 705 6357
2297 706 6356
2296 707 6355
2295 708 6354
2294 709 6353
2293 710 6352
2292 711 6351
2291 712 6350
2290 713 6349
2289 714 6348
2288 715 6347
2287 716 6346
2286 717 6345
2285 718 6344
2284 719 6343
2283 720 6342
2282 721 6341
2281 722 6340
2280 723 6339
2279 724 6338
2278 725 6337
2277 726 6336
2276 727 6335
2275 728 6334
2274 729 6333
2273 730 6332
2272 731 6331
2271 732 6330
2270 733 6329
2269 734 6328
2268 735 6327
2267 736 6326
2266 737 6325
2265 738 6324
2264 739 6323
2263 740 6322
2262 741 6321
2261 742 6320
2260 743 6319
2259 744 6318
2258 745 6317
2257 746 6316
2256 747 6315
2255 748 6314
2254 749 6313
2253 750 6312
2252 751 6311
2251 752 6310
2250 753 6309
2249 754 6308
2248 755 6307
2247 756 6306
2246 757 6305
2245 758 6304
2244 759 6303
2243 760 6302
2242 761 6301
2241 762 6300
2240 763 6299
2239 764 6298
2238 765 6297
2237 766 6296
2236 767 6295
2235 768 6294
2234 769 6293
2233 770 6292
2232 771 6291
2231 772 6290
2230 773 6289
2229 774 6288
2228 775 6287
2227 776 6286
2226 777 6285
2225 778 6284
2224 779 6283
2223 780 6282
2222 781 6281
2221 782 6280
2220 783 6279
2219 784 6278
2218 785 6277
2217 786 6276
2216 787 6275
2215 788 6274
2214 789 6273
2213 790 6272
2212 791 6271
2211 792 6270
2210 793 6269
2209 794 6268
2208 795 6267
2207 796 6266
2206 797 6265
2205 798 6264
2204 799 6263
2203 800 6262
2202 801 6261
2201 802 6260
2200 803 6259
2199 804 6258
2198 805 6257
2197 806 6256
2196 807 6255
2195 808 6254
2194 809 6253
2193 810 6252
2192 811 6251
2191 812 6250
2190 813 6249
2189 814 6248
2188 815 6247
2187 816 6246
2186 817 6245
2185 818 6244
2184 819 6243
2183 820 6242
2182 821 6241
2181 822 6240
2180 823 6239
2179 824 6238
2178 825 6237
2177 826 6236
2176 827 6235
2175 828 6234
2174 829 6233
2173 830 6232
2172 831 6231
2171 832 6230
2170 833 6229
2169 834 6228
2168 835 6227
2167 836 6226
2166 837 6225
2165 838 6224
2164 839 6223
2163 840 6222
2162 841 6221
2161 842 6220
2160 843 6219
2159 844 6218
2158 845 6217
2157 846 6216
2156 847 6215
2155 848 6214
2154 849 6213
2153 850 6212
2152 851 6211
2151 852 6210
2150 853 6209
2149 854 6208
2148 855 6207
2147 856 6206
2146 857 6205
2145 858 6204
2144 859 6203
2143 860 6202
2142 861 6201
2141 862 6200
2140 863 6199
2139 864 6198
2138 865 6197
2137 866 6196
2136 867 6195
2135 868 6194
2134 869 6193
2133 870 6192
2132 871 6191
2131 872 6190
2130 873 6189
2129 874 6188
2128 875 6187
2127 876 6186
2126 877 6185
2125 878 6184
2124 879 6183
2123 880 6182
2122 881 6181
2121 882 6180
2120 883 6179
2119 884 6178
2118 885 6177
2117 886 6176
2116 887 6175
2115 888 6174
2114 889 6173
2113 890 6172
2112 891 6171
2111 892 6170
2110 893 6169
2109 894 6168
2108 895 6167
2107 896 6166
2106 897 6165
2105 898 6164
2104 899 6163
2103 900 6162
2102 901 6161
2101 902 6160
2100 903 6159
2099 904 6158
2098 905 6157
2097 906 6156
2096 907 6155
2095 908 6154
2094 909 6153
2093 910 6152
2092 911 6151
2091 912 6150
2090 913 6149
2089 914 6148
2088 915 6147
2087 916 6146
2086 917 6145
2085 918 6144
2084 919 6143
2083 920 6142
2082 921 6141
2081 922 6140
2080 923 6139
2079 924 6138
2078 925 6137
2077 926 6136
2076 927 6135
2075 928 6134
2074 929 6133
2073 930 6132
2072 931 6131
2071 932 6130
2070 933 6129
2069 934 6128
2068 935 6127
2067 936 6126
2066 937 6125
2065 938 6124
2064 939 6123
2063 940 6122
2062 941 6121
2061 942 6120
2060 943 6119
2059 944 6118
2058 945 6117
2057 946 6116
2056 947 6115
2055 948 6114
2054 949 6113
2053 950 6112
2052 951 6111
2051 952 6110
2050 953 6109
2049 954 6108
2048 955 6107
2047 956 6106
2046 957 6105
2045 958 6104
2044 959 6103
2043 960 6102
2042 961 6101
2041 962 6100
2040 963 6099
2039 964 6098
2038 965 6097
2037 966 6096
2036 967 6095
2035 968 6094
2034 969 6093
2033 970 6092
2032 971 6091
2031 972 6090
2030 973 6089
2029 974 6088
2028 975 6087
2027 976 6086
2026 977 6085
2025 978 6084
2024 979 6083
2023 980 6082
2022 981 6081
2021 982 6080
2020 983 6079
2019 984 6078
2018 985 6077
2017 986 6076
2016 987 6075
2015 988 6074
2014 989 6073
2013 990 6072
2012 991 6071
2011 992 6070
2010 993 6069
2009 994 6068
2008 995 6067
2007 996 6066
2006 997 6065
2005 998 6064
2004 999 6063
2003 1000 6062
2002 1001 6061
2001 1002 6060
2000 1003 6059
1999 1004 6058
1998 1005 6057
1997 1006 6056
1996 1007 6055
1995 1008 6054
1994 1009 6053
1993 1010 6052
1992 1011 6051
1991 1012 6050
1990 1013 6049
1989 1014 6048
1988 1015 6047
1987 1016 6046
1986 1017 6045
1985 1018 6044
1984 1019 6043
1983 1020 6042
1982 1021 6041
1981 1022 6040
1980 1023 6039
1979 1024 6038
1978 1025 6037
1977 1026 6036
1976 1027 6035
1975 1028 6034
1974 1029 6033
1973 1030 6032
1972 1031 6031
1971 1032 6030
1970 1033 6029
1969 1034 6028
1968 1035 6027
1967 1036 6026
1966 1037 6025
1965 1038 6024
1964 1039 6023
1963 1040 6022
1962 1041 6021
1961 1042 6020
1960 1043 6019
1959 1044 6018
1958 1045 6017
1957 1046 6016
1956 1047 6015
1955 1048 6014
1954 1049 6013
1953 1050 6012
1952 1051 6011
1951 1052 6010
1950 1053 6009
1949 1054 6008
1948 1055 6007
1947 1056 6006
1946 1057 6005
1945 1058 6004
1944 1059 6003
1943 1060 6002
1942 1061 6001
