1635
3000 3 7635
2999 4 7634
2998 5 7633
2997 6 7632
2996 7 7631
2995 8 7630
2994 9 7629
2993 10 7628
2992 11 7627
2991 12 7626
2990 13 7625
2989 14 7624
2988 15 7623
2987 16 7622
2986 17 7621
2985 18 7620
2984 19 7619
2983 20 7618
2982 21 7617
2981 22 7616
2980 23 7615
2979 24 7614
2978 25 7613
2977 26 7612
2976 27 7611
2975 28 7610
2974 29 7609
2973 30 7608
2972 31 7607
2971 32 7606
2970 33 7605
2969 34 7604
2968 35 7603
2967 36 7602
2966 37 7601
2965 38 7600
2964 39 7599
2963 40 7598
2962 41 7597
2961 42 7596
2960 43 7595
2959 44 7594
2958 45 7593
2957 46 7592
2956 47 7591
2955 48 7590
2954 49 7589
2953 50 7588
2952 51 7587
2951 52 7586
2950 53 7585
2949 54 7584
2948 55 7583
2947 56 7582
2946 57 7581
2945 58 7580
2944 59 7579
2943 60 7578
2942 61 7577
2941 62 7576
2940 63 7575
2939 64 7574
2938 65 7573
2937 66 7572
2936 67 7571
2935 68 7570
2934 69 7569
2933 70 7568
2932 71 7567
2931 72 7566
2930 73 7565
2929 74 7564
2928 75 7563
2927 76 7562
2926 77 7561
2925 78 7560
2924 79 7559
2923 80 7558
2922 81 7557
2921 82 7556
2920 83 7555
2919 84 7554
2918 85 7553
2917 86 7552
2916 87 7551
2915 88 7550
2914 89 7549
2913 90 7548
2912 91 7547
2911 92 7546
2910 93 7545
2909 94 7544
2908 95 7543
2907 96 7542
2906 97 7541
2905 98 7540
2904 99 7539
2903 100 7538
2902 101 7537
2901 102 7536
2900 103 7535
2899 104 7534
2898 105 7533
2897 106 7532
2896 107 7531
2895 108 7530
2894 109 7529
2893 110 7528
2892 111 7527
2891 112 7526
2890 113 7525
2889 114 7524
2888 115 7523
2887 116 7522
2886 117 7521
2885 118 7520
2884 119 7519
2883 120 7518
2882 121 7517
2881 122 7516
2880 123 7515
2879 124 7514
2878 125 7513
2877 126 7512
2876 127 7511
2875 128 7510
2874 129 7509
2873 130 7508
2872 131 7507
2871 132 7506
2870 133 7505
2869 134 7504
2868 135 7503
2867 136 7502
2866 137 7501
2865 138 7500
2864 139 7499
2863 140 7498
2862 141 7497
2861 142 7496
2860 143 7495
2859 144 7494
2858 145 7493
2857 146 7492
2856 147 7491
2855 148 7490
2854 149 7489
2853 150 7488
2852 151 7487
2851 152 7486
2850 153 7485
2849 154 7484
2848 155 7483
2847 156 7482
2846 157 7481
2845 158 7480
2844 159 7479
2843 160 7478
2842 161 7477
2841 162 7476
2840 163 7475
2839 164 7474
2838 165 7473
2837 166 7472
2836 167 7471
2835 168 7470
2834 169 7469
2833 170 7468
2832 171 7467
2831 172 7466
2830 173 7465
2829 174 7464
2828 175 7463
2827 176 7462
2826 177 7461
2825 178 7460
2824 179 7459
2823 180 7458
2822 181 7457
2821 182 7456
2820 183 7455
2819 184 7454
2818 185 7453
2817 186 7452
2816 187 7451
2815 188 7450
2814 189 7449
2813 190 7448
2812 191 7447
2811 192 7446
2810 193 7445
2809 194 7444
2808 195 7443
2807 196 7442
2806 197 7441
2805 198 7440
2804 199 7439
2803 200 7438
2802 201 7437
2801 202 7436
2800 203 7435
2799 204 7434
2798 205 7433
2797 206 7432
2796 207 7431
2795 208 7430
2794 209 7429
2793 210 7428
2792 211 7427
2791 212 7426
2790 213 7425
2789 214 7424
2788 215 7423
2787 216 7422
2786 217 7421
2785 218 7420
2784 219 7419
2783 220 7418
2782 221 7417
2781 222 7416
2780 223 7415
2779 224 7414
2778 225 7413
2777 226 7412
2776 227 7411
2775 228 7410
2774 229 7409
2773 230 7408
2772 231 7407
2771 232 7406
2770 233 7405
2769 234 7404
2768 235 7403
2767 236 7402
2766 237 7401
2765 238 7400
2764 239 7399
2763 240 7398
2762 241 7397
2761 242 7396
2760 243 7395
2759 244 7394
2758 245 7393
2757 246 7392
2756 247 7391
2755 248 7390
2754 249 7389
2753 250 7388
2752 251 7387
2751 252 7386
2750 253 7385
2749 254 7384
2748 255 7383
2747 256 7382
2746 257 7381
2745 258 7380
2744 259 7379
2743 260 7378
2742 261 7377
2741 262 7376
2740 263 7375
2739 264 7374
2738 265 7373
2737 266 7372
2736 267 7371
2735 268 7370
2734 269 7369
2733 270 7368
2732 271 7367
2731 272 7366
2730 273 7365
2729 274 7364
2728 275 7363
2727 276 7362
2726 277 7361
2725 278 7360
2724 279 7359
2723 280 7358
2722 281 7357
2721 282 7356
2720 283 7355
2719 284 7354
2718 285 7353
2717 286 7352
2716 287 7351
2715 288 7350
2714 289 7349
2713 290 7348
2712 291 7347
2711 292 7346
2710 293 7345
2709 294 7344
2708 295 7343
2707 296 7342
2706 297 7341
2705 298 7340
2704 299 7339
2703 300 7338
2702 301 7337
2701 302 7336
2700 303 7335
2699 304 7334
2698 305 7333
2697 306 7332
2696 307 7331
2695 308 7330
2694 309 7329
2693 310 7328
2692 311 7327
2691 312 7326
2690 313 7325
2689 314 7324
2688 315 7323
2687 316 7322
2686 317 7321
2685 318 7320
2684 319 7319
2683 320 7318
2682 321 7317
2681 322 7316
2680 323 7315
2679 324 7314
2678 325 7313
2677 326 7312
2676 327 7311
2675 328 7310
2674 329 7309
2673 330 7308
2672 331 7307
2671 332 7306
2670 333 7305
2669 334 7304
2668 335 7303
2667 336 7302
2666 337 7301
2665 338 7300
2664 339 7299
2663 340 7298
2662 341 7297
2661 342 7296
2660 343 7295
2659 344 7294
2658 345 7293
2657 346 7292
2656 347 7291
2655 348 7290
2654 349 7289
2653 350 7288
2652 351 7287
2651 352 7286
2650 353 7285
2649 354 7284
2648 355 7283
2647 356 7282
2646 357 7281
2645 358 7280
2644 359 7279
2643 360 7278
2642 361 7277
2641 362 7276
2640 363 7275
2639 364 7274
2638 365 7273
2637 366 7272
2636 367 7271
2635 368 7270
2634 369 7269
2633 370 7268
2632 371 7267
2631 372 7266
2630 373 7265
2629 374 7264
2628 375 7263
2627 376 7262
2626 377 7261
2625 378 7260
2624 379 7259
2623 380 7258
2622 381 7257
2621 382 7256
2620 383 7255
2619 384 7254
2618 385 7253
2617 386 7252
2616 387 7251
2615 388 7250
2614 389 7249
2613 390 7248
2612 391 7247
2611 392 7246
2610 393 7245
2609 394 7244
2608 395 7243
2607 396 7242
2606 397 7241
2605 398 7240
2604 399 7239
2603 400 7238
2602 401 7237
2601 402 7236
2600 403 7235
2599 404 7234
2598 405 7233
2597 406 7232
2596 407 7231
2595 408 7230
2594 409 7229
2593 410 7228
2592 411 7227
2591 412 7226
2590 413 7225
2589 414 7224
2588 415 7223
2587 416 7222
2586 417 7221
2585 418 7220
2584 419 7219
2583 420 7218
2582 421 7217
2581 422 7216
2580 423 7215
2579 424 7214
2578 425 7213
2577 426 7212
2576 427 7211
2575 428 7210
2574 429 7209
2573 430 7208
2572 431 7207
2571 432 7206
2570 433 7205
2569 434 7204
2568 435 7203
2567 436 7202
2566 437 7201
2565 438 7200
2564 439 7199
2563 440 7198
2562 441 7197
2561 442 7196
2560 443 7195
2559 444 7194
2558 445 7193
2557 446 7192
2556 447 7191
2555 448 7190
2554 449 7189
2553 450 7188
2552 451 7187
2551 452 7186
2550 453 7185
2549 454 7184
2548 455 7183
2547 456 7182
2546 457 7181
2545 458 7180
2544 459 7179
2543 460 7178
2542 461 7177
2541 462 7176
2540 463 7175
2539 464 7174
2538 465 7173
2537 466 7172
2536 467 7171
2535 468 7170
2534 469 7169
2533 470 7168
2532 471 7167
2531 472 7166
2530 473 7165
2529 474 7164
2528 475 7163
2527 476 7162
2526 477 7161
2525 478 7160
2524 479 7159
2523 480 7158
2522 481 7157
2521 482 7156
2520 483 7155
2519 484 7154
2518 485 7153
2517 486 7152
2516 487 7151
2515 488 7150
2514 489 7149
2513 490 7148
2512 491 7147
2511 492 7146
2510 493 7145
2509 494 7144
2508 495 7143
2507 496 7142
2506 497 7141
2505 498 7140
2504 499 7139
2503 500 7138
2502 501 7137
2501 502 7136
2500 503 7135
2499 504 7134
2498 505 7133
2497 506 7132
2496 507 7131
2495 508 7130
2494 509 7129
2493 510 7128
2492 511 7127
2491 512 7126
2490 513 7125
2489 514 7124
2488 515 7123
2487 516 7122
2486 517 7121
2485 518 7120
2484 519 7119
2483 520 7118
2482 521 7117
2481 522 7116
2480 523 7115
2479 524 7114
2478 525 7113
2477 526 7112
2476 527 7111
2475 528 7110
2474 529 7109
2473 530 7108
2472 531 7107
2471 532 7106
2470 533 7105
2469 534 7104
2468 535 7103
2467 536 7102
2466 537 7101
2465 538 7100
2464 539 7099
2463 540 7098
2462 541 7097
2461 542 7096
2460 543 7095
2459 544 7094
2458 545 7093
2457 546 7092
2456 547 7091
2455 548 7090
2454 549 7089
2453 550 7088
2452 551 7087
2451 552 7086
2450 553 7085
2449 554 7084
2448 555 7083
2447 556 7082
2446 557 7081
2445 558 7080
2444 559 7079
2443 560 7078
2442 561 7077
2441 562 7076
2440 563 7075
2439 564 7074
2438 565 7073
2437 566 7072
2436 567 7071
2435 568 7070
2434 569 7069
2433 570 7068
2432 571 7067
2431 572 7066
2430 573 7065
2429 574 7064
2428 575 7063
2427 576 7062
2426 577 7061
2425 578 7060
2424 579 7059
2423 580 7058
2422 581 7057
2421 582 7056
2420 583 7055
2419 584 7054
2418 585 7053
2417 586 7052
2416 587 7051
2415 588 7050
2414 589 7049
2413 590 7048
2412 591 7047
2411 592 7046
2410 593 7045
2409 594 7044
2408 595 7043
2407 596 7042
2406 597 7041
2405 598 7040
2404 599 7039
2403 600 7038
2402 601 7037
2401 602 7036
2400 603 7035
2399 604 7034
2398 605 7033
2397 606 7032
2396 607 7031
2395 608 7030
2394 609 7029
2393 610 7028
2392 611 7027
2391 612 7026
2390 613 7025
2389 614 7024
2388 615 7023
2387 616 7022
2386 617 7021
2385 618 7020
2384 619 7019
2383 620 7018
2382 621 7017
2381 622 7016
2380 623 7015
2379 624 7014
2378 625 7013
2377 626 7012
2376 627 7011
2375 628 7010
2374 629 7009
2373 630 7008
2372 631 7007
2371 632 7006
2370 633 7005
2369 634 7004
2368 635 7003
2367 636 7002
2366 637 7001
2365 638 7000
2364 639 6999
2363 640 6998
2362 641 6997
2361 642 6996
2360 643 6995
2359 644 6994
2358 645 6993
2357 646 6992
2356 647 6991
2355 648 6990
2354 649 6989
2353 650 6988
2352 651 6987
2351 652 6986
2350 653 6985
2349 654 6984
2348 655 6983
2347 656 6982
2346 657 6981
2345 658 6980
2344 659 6979
2343 660 6978
2342 661 6977
2341 662 6976
2340 663 6975
2339 664 6974
2338 665 6973
2337 666 6972
2336 667 6971
2335 668 6970
2334 669 6969
2333 670 6968
2332 671 6967
2331 672 6966
2330 673 6965
2329 674 6964
2328 675 6963
2327 676 6962
2326 677 6961
2325 678 6960
2324 679 6959
2323 680 6958
2322 681 6957
2321 682 6956
2320 683 6955
2319 684 6954
2318 685 6953
2317 686 6952
2316 687 6951
2315 688 6950
2314 689 6949
2313 690 6948
2312 691 6947
2311 692 6946
2310 693 6945
2309 694 6944
2308 695 6943
2307 696 6942
2306 697 6941
2305 698 6940
2304 699 6939
2303 700 6938
2302 701 6937
2301 702 6936
2300 703 6935
2299 704 6934
2298 705 6933
2297 706 6932
2296 707 6931
2295 708 6930
2294 709 6929
2293 710 6928
2292 711 6927
2291 712 6926
2290 713 6925
2289 714 6924
2288 715 6923
2287 716 6922
2286 717 6921
2285 718 6920
2284 719 6919
2283 720 6918
2282 721 6917
2281 722 6916
2280 723 6915
2279 724 6914
2278 725 6913
2277 726 6912
2276 727 6911
2275 728 6910
2274 729 6909
2273 730 6908
2272 731 6907
2271 732 6906
2270 733 6905
2269 734 6904
2268 735 6903
2267 736 6902
2266 737 6901
2265 738 6900
2264 739 6899
2263 740 6898
2262 741 6897
2261 742 6896
2260 743 6895
2259 744 6894
2258 745 6893
2257 746 6892
2256 747 6891
2255 748 6890
2254 749 6889
2253 750 6888
2252 751 6887
2251 752 6886
2250 753 6885
2249 754 6884
2248 755 6883
2247 756 6882
2246 757 6881
2245 758 6880
2244 759 6879
2243 760 6878
2242 761 6877
2241 762 6876
2240 763 6875
2239 764 6874
2238 765 6873
2237 766 6872
2236 767 6871
2235 768 6870
2234 769 6869
2233 770 6868
2232 771 6867
2231 772 6866
2230 773 6865
2229 774 6864
2228 775 6863
2227 776 6862
2226 777 6861
2225 778 6860
2224 779 6859
2223 780 6858
2222 781 6857
2221 782 6856
2220 783 6855
2219 784 6854
2218 785 6853
2217 786 6852
2216 787 6851
2215 788 6850
2214 789 6849
2213 790 6848
2212 791 6847
2211 792 6846
2210 793 6845
2209 794 6844
2208 795 6843
2207 796 6842
2206 797 6841
2205 798 6840
2204 799 6839
2203 800 6838
2202 801 6837
2201 802 6836
2200 803 6835
2199 804 6834
2198 805 6833
2197 806 6832
2196 807 6831
2195 808 6830
2194 809 6829
2193 810 6828
2192 811 6827
2191 812 6826
2190 813 6825
2189 814 6824
2188 815 6823
2187 816 6822
2186 817 6821
2185 818 6820
2184 819 6819
2183 820 6818
2182 821 6817
2181 822 6816
2180 823 6815
2179 824 6814
2178 825 6813
2177 826 6812
2176 827 6811
2175 828 6810
2174 829 6809
2173 830 6808
2172 831 6807
2171 832 6806
2170 833 6805
2169 834 6804
2168 835 6803
2167 836 6802
2166 837 6801
2165 838 6800
2164 839 6799
2163 840 6798
2162 841 6797
2161 842 6796
2160 843 6795
2159 844 6794
2158 845 6793
2157 846 6792
2156 847 6791
2155 848 6790
2154 849 6789
2153 850 6788
2152 851 6787
2151 852 6786
2150 853 6785
2149 854 6784
2148 855 6783
2147 856 6782
2146 857 6781
2145 858 6780
2144 859 6779
2143 860 6778
2142 861 6777
2141 862 6776
2140 863 6775
2139 864 6774
2138 865 6773
2137 866 6772
2136 867 6771
2135 868 6770
2134 869 6769
2133 870 6768
2132 871 6767
2131 872 6766
2130 873 6765
2129 874 6764
2128 875 6763
2127 876 6762
2126 877 6761
2125 878 6760
2124 879 6759
2123 880 6758
2122 881 6757
2121 882 6756
2120 883 6755
2119 884 6754
2118 885 6753
2117 886 6752
2116 887 6751
2115 888 6750
2114 889 6749
2113 890 6748
2112 891 6747
2111 892 6746
2110 893 6745
2109 894 6744
2108 895 6743
2107 896 6742
2106 897 6741
2105 898 6740
2104 899 6739
2103 900 6738
2102 901 6737
2101 902 6736
2100 903 6735
2099 904 6734
2098 905 6733
2097 906 6732
2096 907 6731
2095 908 6730
2094 909 6729
2093 910 6728
2092 911 6727
2091 912 6726
2090 913 6725
2089 914 6724
2088 915 6723
2087 916 6722
2086 917 6721
2085 918 6720
2084 919 6719
2083 920 6718
2082 921 6717
2081 922 6716
2080 923 6715
2079 924 6714
2078 925 6713
2077 926 6712
2076 927 6711
2075 928 6710
2074 929 6709
2073 930 6708
2072 931 6707
2071 932 6706
2070 933 6705
2069 934 6704
2068 935 6703
2067 936 6702
2066 937 6701
2065 938 6700
2064 939 6699
2063 940 6698
2062 941 6697
2061 942 6696
2060 943 6695
2059 944 6694
2058 945 6693
2057 946 6692
2056 947 6691
2055 948 6690
2054 949 6689
2053 950 6688
2052 951 6687
2051 952 6686
2050 953 6685
2049 954 6684
2048 955 6683
2047 956 6682
2046 957 6681
2045 958 6680
2044 959 6679
2043 960 6678
2042 961 6677
2041 962 6676
2040 963 6675
2039 964 6674
2038 965 6673
2037 966 6672
2036 967 6671
2035 968 6670
2034 969 6669
2033 970 6668
2032 971 6667
2031 972 6666
2030 973 6665
2029 974 6664
2028 975 6663
2027 976 6662
2026 977 6661
2025 978 6660
2024 979 6659
2023 980 6658
2022 981 6657
2021 982 6656
2020 983 6655
2019 984 6654
2018 985 6653
2017 986 6652
2016 987 6651
2015 988 6650
2014 989 6649
2013 990 6648
2012 991 6647
2011 992 6646
2010 993 6645
2009 994 6644
2008 995 6643
2007 996 6642
2006 997 6641
2005 998 6640
2004 999 6639
2003 1000 6638
2002 1001 6637
2001 1002 6636
2000 1003 6635
1999 1004 6634
1998 1005 6633
1997 1006 6632
1996 1007 6631
1995 1008 6630
1994 1009 6629
1993 1010 6628
1992 1011 6627
1991 1012 6626
1990 1013 6625
1989 1014 6624
1988 1015 6623
1987 1016 6622
1986 1017 6621
1985 1018 6620
1984 1019 6619
1983 1020 6618
1982 1021 6617
1981 1022 6616
1980 1023 6615
1979 1024 6614
1978 1025 6613
1977 1026 6612
1976 1027 6611
1975 1028 6610
1974 1029 6609
1973 1030 6608
1972 1031 6607
1971 1032 6606
1970 1033 6605
1969 1034 6604
1968 1035 6603
1967 1036 6602
1966 1037 6601
1965 1038 6600
1964 1039 6599
1963 1040 6598
1962 1041 6597
1961 1042 6596
1960 1043 6595
1959 1044 6594
1958 1045 6593
1957 1046 6592
1956 1047 6591
1955 1048 6590
1954 1049 6589
1953 1050 6588
1952 1051 6587
1951 1052 6586
1950 1053 6585
1949 1054 6584
1948 1055 6583
1947 1056 6582
1946 1057 6581
1945 1058 6580
1944 1059 6579
1943 1060 6578
1942 1061 6577
1941 1062 6576
1940 1063 6575
1939 1064 6574
1938 1065 6573
1937 1066 6572
1936 1067 6571
1935 1068 6570
1934 1069 6569
1933 1070 6568
1932 1071 6567
1931 1072 6566
1930 1073 6565
1929 1074 6564
1928 1075 6563
1927 1076 6562
1926 1077 6561
1925 1078 6560
1924 1079 6559
1923 1080 6558
1922 1081 6557
1921 1082 6556
1920 1083 6555
1919 1084 6554
1918 1085 6553
1917 1086 6552
1916 1087 6551
1915 1088 6550
1914 1089 6549
1913 1090 6548
1912 1091 6547
1911 1092 6546
1910 1093 6545
1909 1094 6544
1908 1095 6543
1907 1096 6542
1906 1097 6541
1905 1098 6540
1904 1099 6539
1903 1100 6538
1902 1101 6537
1901 1102 6536
1900 1103 6535
1899 1104 6534
1898 1105 6533
1897 1106 6532
1896 1107 6531
1895 1108 6530
1894 1109 6529
1893 1110 6528
1892 1111 6527
1891 1112 6526
1890 1113 6525
1889 1114 6524
1888 1115 6523
1887 1116 6522
1886 1117 6521
1885 1118 6520
1884 1119 6519
1883 1120 6518
1882 1121 6517
1881 1122 6516
1880 1123 6515
1879 1124 6514
1878 1125 6513
1877 1126 6512
1876 1127 6511
1875 1128 6510
1874 1129 6509
1873 1130 6508
1872 1131 6507
1871 1132 6506
1870 1133 6505
1869 1134 6504
1868 1135 6503
1867 1136 6502
1866 1137 6501
1865 1138 6500
1864 1139 6499
1863 1140 6498
1862 1141 6497
1861 1142 6496
1860 1143 6495
1859 1144 6494
1858 1145 6493
1857 1146 6492
1856 1147 6491
1855 1148 6490
1854 1149 6489
1853 1150 6488
1852 1151 6487
1851 1152 6486
1850 1153 6485
1849 1154 6484
1848 1155 6483
1847 1156 6482
1846 1157 6481
1845 1158 6480
1844 1159 6479
1843 1160 6478
1842 1161 6477
1841 1162 6476
1840 1163 6475
1839 1164 6474
1838 1165 6473
1837 1166 6472
1836 1167 6471
1835 1168 6470
1834 1169 6469
1833 1170 6468
1832 1171 6467
1831 1172 6466
1830 1173 6465
1829 1174 6464
1828 1175 6463
1827 1176 6462
1826 1177 6461
1825 1178 6460
1824 1179 6459
1823 1180 6458
1822 1181 6457
1821 1182 6456
1820 1183 6455
1819 1184 6454
1818 1185 6453
1817 1186 6452
1816 1187 6451
1815 1188 6450
1814 1189 6449
1813 1190 6448
1812 1191 6447
1811 1192 6446
1810 1193 6445
1809 1194 6444
1808 1195 6443
1807 1196 6442
1806 1197 6441
1805 1198 6440
1804 1199 6439
1803 1200 6438
1802 1201 6437
1801 1202 6436
1800 1203 6435
1799 1204 6434
1798 1205 6433
1797 1206 6432
1796 1207 6431
1795 1208 6430
1794 1209 6429
1793 1210 6428
1792 1211 6427
1791 1212 6426
1790 1213 6425
1789 1214 6424
1788 1215 6423
1787 1216 6422
1786 1217 6421
1785 1218 6420
1784 1219 6419
1783 1220 6418
1782 1221 6417
1781 1222 6416
1780 1223 6415
1779 1224 6414
1778 1225 6413
1777 1226 6412
1776 1227 6411
1775 1228 6410
1774 1229 6409
1773 1230 6408
1772 1231 6407
1771 1232 6406
1770 1233 6405
1769 1234 6404
1768 1235 6403
1767 1236 6402
1766 1237 6401
1765 1238 6400
1764 1239 6399
1763 1240 6398
1762 1241 6397
1761 1242 6396
1760 1243 6395
1759 1244 6394
1758 1245 6393
1757 1246 6392
1756 1247 6391
1755 1248 6390
1754 1249 6389
1753 1250 6388
1752 1251 6387
1751 1252 6386
1750 1253 6385
1749 1254 6384
1748 1255 6383
1747 1256 6382
1746 1257 6381
1745 1258 6380
1744 1259 6379
1743 1260 6378
1742 1261 6377
1741 1262 6376
1740 1263 6375
1739 1264 6374
1738 1265 6373
1737 1266 6372
1736 1267 6371
1735 1268 6370
1734 1269 6369
1733 1270 6368
1732 1271 6367
1731 1272 6366
1730 1273 6365
1729 1274 6364
1728 1275 6363
1727 1276 6362
1726 1277 6361
1725 1278 6360
1724 1279 6359
1723 1280 6358
1722 1281 6357
1721 1282 6356
1720 1283 6355
1719 1284 6354
1718 1285 6353
1717 1286 6352
1716 1287 6351
1715 1288 6350
1714 1289 6349
1713 1290 6348
1712 1291 6347
1711 1292 6346
1710 1293 6345
1709 1294 6344
1708 1295 6343
1707 1296 6342
1706 1297 6341
1705 1298 6340
1704 1299 6339
1703 1300 6338
1702 1301 6337
1701 1302 6336
1700 1303 6335
1699 1304 6334
1698 1305 6333
1697 1306 6332
1696 1307 6331
1695 1308 6330
1694 1309 6329
1693 1310 6328
1692 1311 6327
1691 1312 6326
1690 1313 6325
1689 1314 6324
1688 1315 6323
1687 1316 6322
1686 1317 6321
1685 1318 6320
1684 1319 6319
1683 1320 6318
1682 1321 6317
1681 1322 6316
1680 1323 6315
1679 1324 6314
1678 1325 6313
1677 1326 6312
1676 1327 6311
1675 1328 6310
1674 1329 6309
1673 1330 6308
1672 1331 6307
1671 1332 6306
1670 1333 6305
1669 1334 6304
1668 1335 6303
1667 1336 6302
1666 1337 6301
1665 1338 6300
1664 1339 6299
1663 1340 6298
1662 1341 6297
1661 1342 6296
1660 1343 6295
1659 1344 6294
1658 1345 6293
1657 1346 6292
1656 1347 6291
1655 1348 6290
1654 1349 6289
1653 1350 6288
1652 1351 6287
1651 1352 6286
1650 1353 6285
1649 1354 6284
1648 1355 6283
1647 1356 6282
1646 1357 6281
1645 1358 6280
1644 1359 6279
1643 1360 6278
1642 1361 6277
1641 1362 6276
1640 1363 6275
1639 1364 6274
1638 1365 6273
1637 1366 6272
1636 1367 6271
1635 1368 6270
1634 1369 6269
1633 1370 6268
1632 1371 6267
1631 1372 6266
1630 1373 6265
1629 1374 6264
1628 1375 6263
1627 1376 6262
1626 1377 6261
1625 1378 6260
1624 1379 6259
1623 1380 6258
1622 1381 6257
1621 1382 6256
1620 1383 6255
1619 1384 6254
1618 1385 6253
1617 1386 6252
1616 1387 6251
1615 1388 6250
1614 1389 6249
1613 1390 6248
1612 1391 6247
1611 1392 6246
1610 1393 6245
1609 1394 6244
1608 1395 6243
1607 1396 6242
1606 1397 6241
1605 1398 6240
1604 1399 6239
1603 1400 6238
1602 1401 6237
1601 1402 6236
1600 1403 6235
1599 1404 6234
1598 1405 6233
1597 1406 6232
1596 1407 6231
1595 1408 6230
1594 1409 6229
1593 1410 6228
1592 1411 6227
1591 1412 6226
1590 1413 6225
1589 1414 6224
1588 1415 6223
1587 1416 6222
1586 1417 6221
1585 1418 6220
1584 1419 6219
1583 1420 6218
1582 1421 6217
1581 1422 6216
1580 1423 6215
1579 1424 6214
1578 1425 6213
1577 1426 6212
1576 1427 6211
1575 1428 6210
1574 1429 6209
1573 1430 6208
1572 1431 6207
1571 1432 6206
1570 1433 6205
1569 1434 6204
1568 1435 6203
1567 1436 6202
1566 1437 6201
1565 1438 6200
1564 1439 6199
1563 1440 6198
1562 1441 6197
1561 1442 6196
1560 1443 6195
1559 1444 6194
1558 1445 6193
1557 1446 6192
1556 1447 6191
1555 1448 6190
1554 1449 6189
1553 1450 6188
1552 1451 6187
1551 1452 6186
1550 1453 6185
1549 1454 6184
1548 1455 6183
1547 1456 6182
1546 1457 6181
1545 1458 6180
1544 1459 6179
1543 1460 6178
1542 1461 6177
1541 1462 6176
1540 1463 6175
1539 1464 6174
1538 1465 6173
1537 1466 6172
1536 1467 6171
1535 1468 6170
1534 1469 6169
1533 1470 6168
1532 1471 6167
1531 1472 6166
1530 1473 6165
1529 1474 6164
1528 1475 6163
1527 1476 6162
1526 1477 6161
1525 1478 6160
1524 1479 6159
1523 1480 6158
1522 1481 6157
1521 1482 6156
1520 1483 6155
1519 1484 6154
1518 1485 6153
1517 1486 6152
1516 1487 6151
1515 1488 6150
1514 1489 6149
1513 1490 6148
1512 1491 6147
1511 1492 6146
1510 1493 6145
1509 1494 6144
1508 1495 6143
1507 1496 6142
1506 1497 6141
1505 1498 6140
1504 1499 6139
1503 1500 6138
1502 1501 6137
1501 1502 6136
1500 1503 6135
1499 1504 6134
1498 1505 6133
1497 1506 6132
1496 1507 6131
1495 1508 6130
1494 1509 6129
1493 1510 6128
1492 1511 6127
1491 1512 6126
1490 1513 6125
1489 1514 6124
1488 1515 6123
1487 1516 6122
1486 1517 6121
1485 1518 6120
1484 1519 6119
1483 1520 6118
1482 1521 6117
1481 1522 6116
1480 1523 6115
1479 1524 6114
1478 1525 6113
1477 1526 6112
1476 1527 6111
1475 1528 6110
1474 1529 6109
1473 1530 6108
1472 1531 6107
1471 1532 6106
1470 1533 6105
1469 1534 6104
1468 1535 6103
1467 1536 6102
1466 1537 6101
1465 1538 6100
1464 1539 6099
1463 1540 6098
1462 1541 6097
1461 1542 6096
1460 1543 6095
1459 1544 6094
1458 1545 6093
1457 1546 6092
1456 1547 6091
1455 1548 6090
1454 1549 6089
1453 1550 6088
1452 1551 6087
1451 1552 6086
1450 1553 6085
1449 1554 6084
1448 1555 6083
1447 1556 6082
1446 1557 6081
1445 1558 6080
1444 1559 6079
1443 1560 6078
1442 1561 6077
1441 1562 6076
1440 1563 6075
1439 1564 6074
1438 1565 6073
1437 1566 6072
1436 1567 6071
1435 1568 6070
1434 1569 6069
1433 1570 6068
1432 1571 6067
1431 1572 6066
1430 1573 6065
1429 1574 6064
1428 1575 6063
1427 1576 6062
1426 1577 6061
1425 1578 6060
1424 1579 6059
1423 1580 6058
1422 1581 6057
1421 1582 6056
1420 1583 6055
1419 1584 6054
1418 1585 6053
1417 1586 6052
1416 1587 6051
1415 1588 6050
1414 1589 6049
1413 1590 6048
1412 1591 6047
1411 1592 6046
1410 1593 6045
1409 1594 6044
1408 1595 6043
1407 1596 6042
1406 1597 6041
1405 1598 6040
1404 1599 6039
1403 1600 6038
1402 1601 6037
1401 1602 6036
1400 1603 6035
1399 1604 6034
1398 1605 6033
1397 1606 6032
1396 1607 6031
1395 1608 6030
1394 1609 6029
1393 1610 6028
1392 1611 6027
1391 1612 6026
1390 1613 6025
1389 1614 6024
1388 1615 6023
1387 1616 6022
1386 1617 6021
1385 1618 6020
1384 1619 6019
1383 1620 6018
1382 1621 6017
1381 1622 6016
1380 1623 6015
1379 1624 6014
1378 1625 6013
1377 1626 6012
1376 1627 6011
1375 1628 6010
1374 1629 6009
1373 1630 6008
1372 1631 6007
1371 1632 6006
1370 1633 6005
1369 1634 6004
1368 1635 6003
1367 1636 6002
1366 1637 6001
