2226
3000 3 8226
2999 4 8225
2998 5 8224
2997 6 8223
2996 7 8222
2995 8 8221
2994 9 8220
2993 10 8219
2992 11 8218
2991 12 8217
2990 13 8216
2989 14 8215
2988 15 8214
2987 16 8213
2986 17 8212
2985 18 8211
2984 19 8210
2983 20 8209
2982 21 8208
2981 22 8207
2980 23 8206
2979 24 8205
2978 25 8204
2977 26 8203
2976 27 8202
2975 28 8201
2974 29 8200
2973 30 8199
2972 31 8198
2971 32 8197
2970 33 8196
2969 34 8195
2968 35 8194
2967 36 8193
2966 37 8192
2965 38 8191
2964 39 8190
2963 40 8189
2962 41 8188
2961 42 8187
2960 43 8186
2959 44 8185
2958 45 8184
2957 46 8183
2956 47 8182
2955 48 8181
2954 49 8180
2953 50 8179
2952 51 8178
2951 52 8177
2950 53 8176
2949 54 8175
2948 55 8174
2947 56 8173
2946 57 8172
2945 58 8171
2944 59 8170
2943 60 8169
2942 61 8168
2941 62 8167
2940 63 8166
2939 64 8165
2938 65 8164
2937 66 8163
2936 67 8162
2935 68 8161
2934 69 8160
2933 70 8159
2932 71 8158
2931 72 8157
2930 73 8156
2929 74 8155
2928 75 8154
2927 76 8153
2926 77 8152
2925 78 8151
2924 79 8150
2923 80 8149
2922 81 8148
2921 82 8147
2920 83 8146
2919 84 8145
2918 85 8144
2917 86 8143
2916 87 8142
2915 88 8141
2914 89 8140
2913 90 8139
2912 91 8138
2911 92 8137
2910 93 8136
2909 94 8135
2908 95 8134
2907 96 8133
2906 97 8132
2905 98 8131
2904 99 8130
2903 100 8129
2902 101 8128
2901 102 8127
2900 103 8126
2899 104 8125
2898 105 8124
2897 106 8123
2896 107 8122
2895 108 8121
2894 109 8120
2893 110 8119
2892 111 8118
2891 112 8117
2890 113 8116
2889 114 8115
2888 115 8114
2887 116 8113
2886 117 8112
2885 118 8111
2884 119 8110
2883 120 8109
2882 121 8108
2881 122 8107
2880 123 8106
2879 124 8105
2878 125 8104
2877 126 8103
2876 127 8102
2875 128 8101
2874 129 8100
2873 130 8099
2872 131 8098
2871 132 8097
2870 133 8096
2869 134 8095
2868 135 8094
2867 136 8093
2866 137 8092
2865 138 8091
2864 139 8090
2863 140 8089
2862 141 8088
2861 142 8087
2860 143 8086
2859 144 8085
2858 145 8084
2857 146 8083
2856 147 8082
2855 148 8081
2854 149 8080
2853 150 8079
2852 151 8078
2851 152 8077
2850 153 8076
2849 154 8075
2848 155 8074
2847 156 8073
2846 157 8072
2845 158 8071
2844 159 8070
2843 160 8069
2842 161 8068
2841 162 8067
2840 163 8066
2839 164 8065
2838 165 8064
2837 166 8063
2836 167 8062
2835 168 8061
2834 169 8060
2833 170 8059
2832 171 8058
2831 172 8057
2830 173 8056
2829 174 8055
2828 175 8054
2827 176 8053
2826 177 8052
2825 178 8051
2824 179 8050
2823 180 8049
2822 181 8048
2821 182 8047
2820 183 8046
2819 184 8045
2818 185 8044
2817 186 8043
2816 187 8042
2815 188 8041
2814 189 8040
2813 190 8039
2812 191 8038
2811 192 8037
2810 193 8036
2809 194 8035
2808 195 8034
2807 196 8033
2806 197 8032
2805 198 8031
2804 199 8030
2803 200 8029
2802 201 8028
2801 202 8027
2800 203 8026
2799 204 8025
2798 205 8024
2797 206 8023
2796 207 8022
2795 208 8021
2794 209 8020
2793 210 8019
2792 211 8018
2791 212 8017
2790 213 8016
2789 214 8015
2788 215 8014
2787 216 8013
2786 217 8012
2785 218 8011
2784 219 8010
2783 220 8009
2782 221 8008
2781 222 8007
2780 223 8006
2779 224 8005
2778 225 8004
2777 226 8003
2776 227 8002
2775 228 8001
2774 229 8000
2773 230 7999
2772 231 7998
2771 232 7997
2770 233 7996
2769 234 7995
2768 235 7994
2767 236 7993
2766 237 7992
2765 238 7991
2764 239 7990
2763 240 7989
2762 241 7988
2761 242 7987
2760 243 7986
2759 244 7985
2758 245 7984
2757 246 7983
2756 247 7982
2755 248 7981
2754 249 7980
2753 250 7979
2752 251 7978
2751 252 7977
2750 253 7976
2749 254 7975
2748 255 7974
2747 256 7973
2746 257 7972
2745 258 7971
2744 259 7970
2743 260 7969
2742 261 7968
2741 262 7967
2740 263 7966
2739 264 7965
2738 265 7964
2737 266 7963
2736 267 7962
2735 268 7961
2734 269 7960
2733 270 7959
2732 271 7958
2731 272 7957
2730 273 7956
2729 274 7955
2728 275 7954
2727 276 7953
2726 277 7952
2725 278 7951
2724 279 7950
2723 280 7949
2722 281 7948
2721 282 7947
2720 283 7946
2719 284 7945
2718 285 7944
2717 286 7943
2716 287 7942
2715 288 7941
2714 289 7940
2713 290 7939
2712 291 7938
2711 292 7937
2710 293 7936
2709 294 7935
2708 295 7934
2707 296 7933
2706 297 7932
2705 298 7931
2704 299 7930
2703 300 7929
2702 301 7928
2701 302 7927
2700 303 7926
2699 304 7925
2698 305 7924
2697 306 7923
2696 307 7922
2695 308 7921
2694 309 7920
2693 310 7919
2692 311 7918
2691 312 7917
2690 313 7916
2689 314 7915
2688 315 7914
2687 316 7913
2686 317 7912
2685 318 7911
2684 319 7910
2683 320 7909
2682 321 7908
2681 322 7907
2680 323 7906
2679 324 7905
2678 325 7904
2677 326 7903
2676 327 7902
2675 328 7901
2674 329 7900
2673 330 7899
2672 331 7898
2671 332 7897
2670 333 7896
2669 334 7895
2668 335 7894
2667 336 7893
2666 337 7892
2665 338 7891
2664 339 7890
2663 340 7889
2662 341 7888
2661 342 7887
2660 343 7886
2659 344 7885
2658 345 7884
2657 346 7883
2656 347 7882
2655 348 7881
2654 349 7880
2653 350 7879
2652 351 7878
2651 352 7877
2650 353 7876
2649 354 7875
2648 355 7874
2647 356 7873
2646 357 7872
2645 358 7871
2644 359 7870
2643 360 7869
2642 361 7868
2641 362 7867
2640 363 7866
2639 364 7865
2638 365 7864
2637 366 7863
2636 367 7862
2635 368 7861
2634 369 7860
2633 370 7859
2632 371 7858
2631 372 7857
2630 373 7856
2629 374 7855
2628 375 7854
2627 376 7853
2626 377 7852
2625 378 7851
2624 379 7850
2623 380 7849
2622 381 7848
2621 382 7847
2620 383 7846
2619 384 7845
2618 385 7844
2617 386 7843
2616 387 7842
2615 388 7841
2614 389 7840
2613 390 7839
2612 391 7838
2611 392 7837
2610 393 7836
2609 394 7835
2608 395 7834
2607 396 7833
2606 397 7832
2605 398 7831
2604 399 7830
2603 400 7829
2602 401 7828
2601 402 7827
2600 403 7826
2599 404 7825
2598 405 7824
2597 406 7823
2596 407 7822
2595 408 7821
2594 409 7820
2593 410 7819
2592 411 7818
2591 412 7817
2590 413 7816
2589 414 7815
2588 415 7814
2587 416 7813
2586 417 7812
2585 418 7811
2584 419 7810
2583 420 7809
2582 421 7808
2581 422 7807
2580 423 7806
2579 424 7805
2578 425 7804
2577 426 7803
2576 427 7802
2575 428 7801
2574 429 7800
2573 430 7799
2572 431 7798
2571 432 7797
2570 433 7796
2569 434 7795
2568 435 7794
2567 436 7793
2566 437 7792
2565 438 7791
2564 439 7790
2563 440 7789
2562 441 7788
2561 442 7787
2560 443 7786
2559 444 7785
2558 445 7784
2557 446 7783
2556 447 7782
2555 448 7781
2554 449 7780
2553 450 7779
2552 451 7778
2551 452 7777
2550 453 7776
2549 454 7775
2548 455 7774
2547 456 7773
2546 457 7772
2545 458 7771
2544 459 7770
2543 460 7769
2542 461 7768
2541 462 7767
2540 463 7766
2539 464 7765
2538 465 7764
2537 466 7763
2536 467 7762
2535 468 7761
2534 469 7760
2533 470 7759
2532 471 7758
2531 472 7757
2530 473 7756
2529 474 7755
2528 475 7754
2527 476 7753
2526 477 7752
2525 478 7751
2524 479 7750
2523 480 7749
2522 481 7748
2521 482 7747
2520 483 7746
2519 484 7745
2518 485 7744
2517 486 7743
2516 487 7742
2515 488 7741
2514 489 7740
2513 490 7739
2512 491 7738
2511 492 7737
2510 493 7736
2509 494 7735
2508 495 7734
2507 496 7733
2506 497 7732
2505 498 7731
2504 499 7730
2503 500 7729
2502 501 7728
2501 502 7727
2500 503 7726
2499 504 7725
2498 505 7724
2497 506 7723
2496 507 7722
2495 508 7721
2494 509 7720
2493 510 7719
2492 511 7718
2491 512 7717
2490 513 7716
2489 514 7715
2488 515 7714
2487 516 7713
2486 517 7712
2485 518 7711
2484 519 7710
2483 520 7709
2482 521 7708
2481 522 7707
2480 523 7706
2479 524 7705
2478 525 7704
2477 526 7703
2476 527 7702
2475 528 7701
2474 529 7700
2473 530 7699
2472 531 7698
2471 532 7697
2470 533 7696
2469 534 7695
2468 535 7694
2467 536 7693
2466 537 7692
2465 538 7691
2464 539 7690
2463 540 7689
2462 541 7688
2461 542 7687
2460 543 7686
2459 544 7685
2458 545 7684
2457 546 7683
2456 547 7682
2455 548 7681
2454 549 7680
2453 550 7679
2452 551 7678
2451 552 7677
2450 553 7676
2449 554 7675
2448 555 7674
2447 556 7673
2446 557 7672
2445 558 7671
2444 559 7670
2443 560 7669
2442 561 7668
2441 562 7667
2440 563 7666
2439 564 7665
2438 565 7664
2437 566 7663
2436 567 7662
2435 568 7661
2434 569 7660
2433 570 7659
2432 571 7658
2431 572 7657
2430 573 7656
2429 574 7655
2428 575 7654
2427 576 7653
2426 577 7652
2425 578 7651
2424 579 7650
2423 580 7649
2422 581 7648
2421 582 7647
2420 583 7646
2419 584 7645
2418 585 7644
2417 586 7643
2416 587 7642
2415 588 7641
2414 589 7640
2413 590 7639
2412 591 7638
2411 592 7637
2410 593 7636
2409 594 7635
2408 595 7634
2407 596 7633
2406 597 7632
2405 598 7631
2404 599 7630
2403 600 7629
2402 601 7628
2401 602 7627
2400 603 7626
2399 604 7625
2398 605 7624
2397 606 7623
2396 607 7622
2395 608 7621
2394 609 7620
2393 610 7619
2392 611 7618
2391 612 7617
2390 613 7616
2389 614 7615
2388 615 7614
2387 616 7613
2386 617 7612
2385 618 7611
2384 619 7610
2383 620 7609
2382 621 7608
2381 622 7607
2380 623 7606
2379 624 7605
2378 625 7604
2377 626 7603
2376 627 7602
2375 628 7601
2374 629 7600
2373 630 7599
2372 631 7598
2371 632 7597
2370 633 7596
2369 634 7595
2368 635 7594
2367 636 7593
2366 637 7592
2365 638 7591
2364 639 7590
2363 640 7589
2362 641 7588
2361 642 7587
2360 643 7586
2359 644 7585
2358 645 7584
2357 646 7583
2356 647 7582
2355 648 7581
2354 649 7580
2353 650 7579
2352 651 7578
2351 652 7577
2350 653 7576
2349 654 7575
2348 655 7574
2347 656 7573
2346 657 7572
2345 658 7571
2344 659 7570
2343 660 7569
2342 661 7568
2341 662 7567
2340 663 7566
2339 664 7565
2338 665 7564
2337 666 7563
2336 667 7562
2335 668 7561
2334 669 7560
2333 670 7559
2332 671 7558
2331 672 7557
2330 673 7556
2329 674 7555
2328 675 7554
2327 676 7553
2326 677 7552
2325 678 7551
2324 679 7550
2323 680 7549
2322 681 7548
2321 682 7547
2320 683 7546
2319 684 7545
2318 685 7544
2317 686 7543
2316 687 7542
2315 688 7541
2314 689 7540
2313 690 7539
2312 691 7538
2311 692 7537
2310 693 7536
2309 694 7535
2308 695 7534
2307 696 7533
2306 697 7532
2305 698 7531
2304 699 7530
2303 700 7529
2302 701 7528
2301 702 7527
2300 703 7526
2299 704 7525
2298 705 7524
2297 706 7523
2296 707 7522
2295 708 7521
2294 709 7520
2293 710 7519
2292 711 7518
2291 712 7517
2290 713 7516
2289 714 7515
2288 715 7514
2287 716 7513
2286 717 7512
2285 718 7511
2284 719 7510
2283 720 7509
2282 721 7508
2281 722 7507
2280 723 7506
2279 724 7505
2278 725 7504
2277 726 7503
2276 727 7502
2275 728 7501
2274 729 7500
2273 730 7499
2272 731 7498
2271 732 7497
2270 733 7496
2269 734 7495
2268 735 7494
2267 736 7493
2266 737 7492
2265 738 7491
2264 739 7490
2263 740 7489
2262 741 7488
2261 742 7487
2260 743 7486
2259 744 7485
2258 745 7484
2257 746 7483
2256 747 7482
2255 748 7481
2254 749 7480
2253 750 7479
2252 751 7478
2251 752 7477
2250 753 7476
2249 754 7475
2248 755 7474
2247 756 7473
2246 757 7472
2245 758 7471
2244 759 7470
2243 760 7469
2242 761 7468
2241 762 7467
2240 763 7466
2239 764 7465
2238 765 7464
2237 766 7463
2236 767 7462
2235 768 7461
2234 769 7460
2233 770 7459
2232 771 7458
2231 772 7457
2230 773 7456
2229 774 7455
2228 775 7454
2227 776 7453
2226 777 7452
2225 778 7451
2224 779 7450
2223 780 7449
2222 781 7448
2221 782 7447
2220 783 7446
2219 784 7445
2218 785 7444
2217 786 7443
2216 787 7442
2215 788 7441
2214 789 7440
2213 790 7439
2212 791 7438
2211 792 7437
2210 793 7436
2209 794 7435
2208 795 7434
2207 796 7433
2206 797 7432
2205 798 7431
2204 799 7430
2203 800 7429
2202 801 7428
2201 802 7427
2200 803 7426
2199 804 7425
2198 805 7424
2197 806 7423
2196 807 7422
2195 808 7421
2194 809 7420
2193 810 7419
2192 811 7418
2191 812 7417
2190 813 7416
2189 814 7415
2188 815 7414
2187 816 7413
2186 817 7412
2185 818 7411
2184 819 7410
2183 820 7409
2182 821 7408
2181 822 7407
2180 823 7406
2179 824 7405
2178 825 7404
2177 826 7403
2176 827 7402
2175 828 7401
2174 829 7400
2173 830 7399
2172 831 7398
2171 832 7397
2170 833 7396
2169 834 7395
2168 835 7394
2167 836 7393
2166 837 7392
2165 838 7391
2164 839 7390
2163 840 7389
2162 841 7388
2161 842 7387
2160 843 7386
2159 844 7385
2158 845 7384
2157 846 7383
2156 847 7382
2155 848 7381
2154 849 7380
2153 850 7379
2152 851 7378
2151 852 7377
2150 853 7376
2149 854 7375
2148 855 7374
2147 856 7373
2146 857 7372
2145 858 7371
2144 859 7370
2143 860 7369
2142 861 7368
2141 862 7367
2140 863 7366
2139 864 7365
2138 865 7364
2137 866 7363
2136 867 7362
2135 868 7361
2134 869 7360
2133 870 7359
2132 871 7358
2131 872 7357
2130 873 7356
2129 874 7355
2128 875 7354
2127 876 7353
2126 877 7352
2125 878 7351
2124 879 7350
2123 880 7349
2122 881 7348
2121 882 7347
2120 883 7346
2119 884 7345
2118 885 7344
2117 886 7343
2116 887 7342
2115 888 7341
2114 889 7340
2113 890 7339
2112 891 7338
2111 892 7337
2110 893 7336
2109 894 7335
2108 895 7334
2107 896 7333
2106 897 7332
2105 898 7331
2104 899 7330
2103 900 7329
2102 901 7328
2101 902 7327
2100 903 7326
2099 904 7325
2098 905 7324
2097 906 7323
2096 907 7322
2095 908 7321
2094 909 7320
2093 910 7319
2092 911 7318
2091 912 7317
2090 913 7316
2089 914 7315
2088 915 7314
2087 916 7313
2086 917 7312
2085 918 7311
2084 919 7310
2083 920 7309
2082 921 7308
2081 922 7307
2080 923 7306
2079 924 7305
2078 925 7304
2077 926 7303
2076 927 7302
2075 928 7301
2074 929 7300
2073 930 7299
2072 931 7298
2071 932 7297
2070 933 7296
2069 934 7295
2068 935 7294
2067 936 7293
2066 937 7292
2065 938 7291
2064 939 7290
2063 940 7289
2062 941 7288
2061 942 7287
2060 943 7286
2059 944 7285
2058 945 7284
2057 946 7283
2056 947 7282
2055 948 7281
2054 949 7280
2053 950 7279
2052 951 7278
2051 952 7277
2050 953 7276
2049 954 7275
2048 955 7274
2047 956 7273
2046 957 7272
2045 958 7271
2044 959 7270
2043 960 7269
2042 961 7268
2041 962 7267
2040 963 7266
2039 964 7265
2038 965 7264
2037 966 7263
2036 967 7262
2035 968 7261
2034 969 7260
2033 970 7259
2032 971 7258
2031 972 7257
2030 973 7256
2029 974 7255
2028 975 7254
2027 976 7253
2026 977 7252
2025 978 7251
2024 979 7250
2023 980 7249
2022 981 7248
2021 982 7247
2020 983 7246
2019 984 7245
2018 985 7244
2017 986 7243
2016 987 7242
2015 988 7241
2014 989 7240
2013 990 7239
2012 991 7238
2011 992 7237
2010 993 7236
2009 994 7235
2008 995 7234
2007 996 7233
2006 997 7232
2005 998 7231
2004 999 7230
2003 1000 7229
2002 1001 7228
2001 1002 7227
2000 1003 7226
1999 1004 7225
1998 1005 7224
1997 1006 7223
1996 1007 7222
1995 1008 7221
1994 1009 7220
1993 1010 7219
1992 1011 7218
1991 1012 7217
1990 1013 7216
1989 1014 7215
1988 1015 7214
1987 1016 7213
1986 1017 7212
1985 1018 7211
1984 1019 7210
1983 1020 7209
1982 1021 7208
1981 1022 7207
1980 1023 7206
1979 1024 7205
1978 1025 7204
1977 1026 7203
1976 1027 7202
1975 1028 7201
1974 1029 7200
1973 1030 7199
1972 1031 7198
1971 1032 7197
1970 1033 7196
1969 1034 7195
1968 1035 7194
1967 1036 7193
1966 1037 7192
1965 1038 7191
1964 1039 7190
1963 1040 7189
1962 1041 7188
1961 1042 7187
1960 1043 7186
1959 1044 7185
1958 1045 7184
1957 1046 7183
1956 1047 7182
1955 1048 7181
1954 1049 7180
1953 1050 7179
1952 1051 7178
1951 1052 7177
1950 1053 7176
1949 1054 7175
1948 1055 7174
1947 1056 7173
1946 1057 7172
1945 1058 7171
1944 1059 7170
1943 1060 7169
1942 1061 7168
1941 1062 7167
1940 1063 7166
1939 1064 7165
1938 1065 7164
1937 1066 7163
1936 1067 7162
1935 1068 7161
1934 1069 7160
1933 1070 7159
1932 1071 7158
1931 1072 7157
1930 1073 7156
1929 1074 7155
1928 1075 7154
1927 1076 7153
1926 1077 7152
1925 1078 7151
1924 1079 7150
1923 1080 7149
1922 1081 7148
1921 1082 7147
1920 1083 7146
1919 1084 7145
1918 1085 7144
1917 1086 7143
1916 1087 7142
1915 1088 7141
1914 1089 7140
1913 1090 7139
1912 1091 7138
1911 1092 7137
1910 1093 7136
1909 1094 7135
1908 1095 7134
1907 1096 7133
1906 1097 7132
1905 1098 7131
1904 1099 7130
1903 1100 7129
1902 1101 7128
1901 1102 7127
1900 1103 7126
1899 1104 7125
1898 1105 7124
1897 1106 7123
1896 1107 7122
1895 1108 7121
1894 1109 7120
1893 1110 7119
1892 1111 7118
1891 1112 7117
1890 1113 7116
1889 1114 7115
1888 1115 7114
1887 1116 7113
1886 1117 7112
1885 1118 7111
1884 1119 7110
1883 1120 7109
1882 1121 7108
1881 1122 7107
1880 1123 7106
1879 1124 7105
1878 1125 7104
1877 1126 7103
1876 1127 7102
1875 1128 7101
1874 1129 7100
1873 1130 7099
1872 1131 7098
1871 1132 7097
1870 1133 7096
1869 1134 7095
1868 1135 7094
1867 1136 7093
1866 1137 7092
1865 1138 7091
1864 1139 7090
1863 1140 7089
1862 1141 7088
1861 1142 7087
1860 1143 7086
1859 1144 7085
1858 1145 7084
1857 1146 7083
1856 1147 7082
1855 1148 7081
1854 1149 7080
1853 1150 7079
1852 1151 7078
1851 1152 7077
1850 1153 7076
1849 1154 7075
1848 1155 7074
1847 1156 7073
1846 1157 7072
1845 1158 7071
1844 1159 7070
1843 1160 7069
1842 1161 7068
1841 1162 7067
1840 1163 7066
1839 1164 7065
1838 1165 7064
1837 1166 7063
1836 1167 7062
1835 1168 7061
1834 1169 7060
1833 1170 7059
1832 1171 7058
1831 1172 7057
1830 1173 7056
1829 1174 7055
1828 1175 7054
1827 1176 7053
1826 1177 7052
1825 1178 7051
1824 1179 7050
1823 1180 7049
1822 1181 7048
1821 1182 7047
1820 1183 7046
1819 1184 7045
1818 1185 7044
1817 1186 7043
1816 1187 7042
1815 1188 7041
1814 1189 7040
1813 1190 7039
1812 1191 7038
1811 1192 7037
1810 1193 7036
1809 1194 7035
1808 1195 7034
1807 1196 7033
1806 1197 7032
1805 1198 7031
1804 1199 7030
1803 1200 7029
1802 1201 7028
1801 1202 7027
1800 1203 7026
1799 1204 7025
1798 1205 7024
1797 1206 7023
1796 1207 7022
1795 1208 7021
1794 1209 7020
1793 1210 7019
1792 1211 7018
1791 1212 7017
1790 1213 7016
1789 1214 7015
1788 1215 7014
1787 1216 7013
1786 1217 7012
1785 1218 7011
1784 1219 7010
1783 1220 7009
1782 1221 7008
1781 1222 7007
1780 1223 7006
1779 1224 7005
1778 1225 7004
1777 1226 7003
1776 1227 7002
1775 1228 7001
1774 1229 7000
1773 1230 6999
1772 1231 6998
1771 1232 6997
1770 1233 6996
1769 1234 6995
1768 1235 6994
1767 1236 6993
1766 1237 6992
1765 1238 6991
1764 1239 6990
1763 1240 6989
1762 1241 6988
1761 1242 6987
1760 1243 6986
1759 1244 6985
1758 1245 6984
1757 1246 6983
1756 1247 6982
1755 1248 6981
1754 1249 6980
1753 1250 6979
1752 1251 6978
1751 1252 6977
1750 1253 6976
1749 1254 6975
1748 1255 6974
1747 1256 6973
1746 1257 6972
1745 1258 6971
1744 1259 6970
1743 1260 6969
1742 1261 6968
1741 1262 6967
1740 1263 6966
1739 1264 6965
1738 1265 6964
1737 1266 6963
1736 1267 6962
1735 1268 6961
1734 1269 6960
1733 1270 6959
1732 1271 6958
1731 1272 6957
1730 1273 6956
1729 1274 6955
1728 1275 6954
1727 1276 6953
1726 1277 6952
1725 1278 6951
1724 1279 6950
1723 1280 6949
1722 1281 6948
1721 1282 6947
1720 1283 6946
1719 1284 6945
1718 1285 6944
1717 1286 6943
1716 1287 6942
1715 1288 6941
1714 1289 6940
1713 1290 6939
1712 1291 6938
1711 1292 6937
1710 1293 6936
1709 1294 6935
1708 1295 6934
1707 1296 6933
1706 1297 6932
1705 1298 6931
1704 1299 6930
1703 1300 6929
1702 1301 6928
1701 1302 6927
1700 1303 6926
1699 1304 6925
1698 1305 6924
1697 1306 6923
1696 1307 6922
1695 1308 6921
1694 1309 6920
1693 1310 6919
1692 1311 6918
1691 1312 6917
1690 1313 6916
1689 1314 6915
1688 1315 6914
1687 1316 6913
1686 1317 6912
1685 1318 6911
1684 1319 6910
1683 1320 6909
1682 1321 6908
1681 1322 6907
1680 1323 6906
1679 1324 6905
1678 1325 6904
1677 1326 6903
1676 1327 6902
1675 1328 6901
1674 1329 6900
1673 1330 6899
1672 1331 6898
1671 1332 6897
1670 1333 6896
1669 1334 6895
1668 1335 6894
1667 1336 6893
1666 1337 6892
1665 1338 6891
1664 1339 6890
1663 1340 6889
1662 1341 6888
1661 1342 6887
1660 1343 6886
1659 1344 6885
1658 1345 6884
1657 1346 6883
1656 1347 6882
1655 1348 6881
1654 1349 6880
1653 1350 6879
1652 1351 6878
1651 1352 6877
1650 1353 6876
1649 1354 6875
1648 1355 6874
1647 1356 6873
1646 1357 6872
1645 1358 6871
1644 1359 6870
1643 1360 6869
1642 1361 6868
1641 1362 6867
1640 1363 6866
1639 1364 6865
1638 1365 6864
1637 1366 6863
1636 1367 6862
1635 1368 6861
1634 1369 6860
1633 1370 6859
1632 1371 6858
1631 1372 6857
1630 1373 6856
1629 1374 6855
1628 1375 6854
1627 1376 6853
1626 1377 6852
1625 1378 6851
1624 1379 6850
1623 1380 6849
1622 1381 6848
1621 1382 6847
1620 1383 6846
1619 1384 6845
1618 1385 6844
1617 1386 6843
1616 1387 6842
1615 1388 6841
1614 1389 6840
1613 1390 6839
1612 1391 6838
1611 1392 6837
1610 1393 6836
1609 1394 6835
1608 1395 6834
1607 1396 6833
1606 1397 6832
1605 1398 6831
1604 1399 6830
1603 1400 6829
1602 1401 6828
1601 1402 6827
1600 1403 6826
1599 1404 6825
1598 1405 6824
1597 1406 6823
1596 1407 6822
1595 1408 6821
1594 1409 6820
1593 1410 6819
1592 1411 6818
1591 1412 6817
1590 1413 6816
1589 1414 6815
1588 1415 6814
1587 1416 6813
1586 1417 6812
1585 1418 6811
1584 1419 6810
1583 1420 6809
1582 1421 6808
1581 1422 6807
1580 1423 6806
1579 1424 6805
1578 1425 6804
1577 1426 6803
1576 1427 6802
1575 1428 6801
1574 1429 6800
1573 1430 6799
1572 1431 6798
1571 1432 6797
1570 1433 6796
1569 1434 6795
1568 1435 6794
1567 1436 6793
1566 1437 6792
1565 1438 6791
1564 1439 6790
1563 1440 6789
1562 1441 6788
1561 1442 6787
1560 1443 6786
1559 1444 6785
1558 1445 6784
1557 1446 6783
1556 1447 6782
1555 1448 6781
1554 1449 6780
1553 1450 6779
1552 1451 6778
1551 1452 6777
1550 1453 6776
1549 1454 6775
1548 1455 6774
1547 1456 6773
1546 1457 6772
1545 1458 6771
1544 1459 6770
1543 1460 6769
1542 1461 6768
1541 1462 6767
1540 1463 6766
1539 1464 6765
1538 1465 6764
1537 1466 6763
1536 1467 6762
1535 1468 6761
1534 1469 6760
1533 1470 6759
1532 1471 6758
1531 1472 6757
1530 1473 6756
1529 1474 6755
1528 1475 6754
1527 1476 6753
1526 1477 6752
1525 1478 6751
1524 1479 6750
1523 1480 6749
1522 1481 6748
1521 1482 6747
1520 1483 6746
1519 1484 6745
1518 1485 6744
1517 1486 6743
1516 1487 6742
1515 1488 6741
1514 1489 6740
1513 1490 6739
1512 1491 6738
1511 1492 6737
1510 1493 6736
1509 1494 6735
1508 1495 6734
1507 1496 6733
1506 1497 6732
1505 1498 6731
1504 1499 6730
1503 1500 6729
1502 1501 6728
1501 1502 6727
1500 1503 6726
1499 1504 6725
1498 1505 6724
1497 1506 6723
1496 1507 6722
1495 1508 6721
1494 1509 6720
1493 1510 6719
1492 1511 6718
1491 1512 6717
1490 1513 6716
1489 1514 6715
1488 1515 6714
1487 1516 6713
1486 1517 6712
1485 1518 6711
1484 1519 6710
1483 1520 6709
1482 1521 6708
1481 1522 6707
1480 1523 6706
1479 1524 6705
1478 1525 6704
1477 1526 6703
1476 1527 6702
1475 1528 6701
1474 1529 6700
1473 1530 6699
1472 1531 6698
1471 1532 6697
1470 1533 6696
1469 1534 6695
1468 1535 6694
1467 1536 6693
1466 1537 6692
1465 1538 6691
1464 1539 6690
1463 1540 6689
1462 1541 6688
1461 1542 6687
1460 1543 6686
1459 1544 6685
1458 1545 6684
1457 1546 6683
1456 1547 6682
1455 1548 6681
1454 1549 6680
1453 1550 6679
1452 1551 6678
1451 1552 6677
1450 1553 6676
1449 1554 6675
1448 1555 6674
1447 1556 6673
1446 1557 6672
1445 1558 6671
1444 1559 6670
1443 1560 6669
1442 1561 6668
1441 1562 6667
1440 1563 6666
1439 1564 6665
1438 1565 6664
1437 1566 6663
1436 1567 6662
1435 1568 6661
1434 1569 6660
1433 1570 6659
1432 1571 6658
1431 1572 6657
1430 1573 6656
1429 1574 6655
1428 1575 6654
1427 1576 6653
1426 1577 6652
1425 1578 6651
1424 1579 6650
1423 1580 6649
1422 1581 6648
1421 1582 6647
1420 1583 6646
1419 1584 6645
1418 1585 6644
1417 1586 6643
1416 1587 6642
1415 1588 6641
1414 1589 6640
1413 1590 6639
1412 1591 6638
1411 1592 6637
1410 1593 6636
1409 1594 6635
1408 1595 6634
1407 1596 6633
1406 1597 6632
1405 1598 6631
1404 1599 6630
1403 1600 6629
1402 1601 6628
1401 1602 6627
1400 1603 6626
1399 1604 6625
1398 1605 6624
1397 1606 6623
1396 1607 6622
1395 1608 6621
1394 1609 6620
1393 1610 6619
1392 1611 6618
1391 1612 6617
1390 1613 6616
1389 1614 6615
1388 1615 6614
1387 1616 6613
1386 1617 6612
1385 1618 6611
1384 1619 6610
1383 1620 6609
1382 1621 6608
1381 1622 6607
1380 1623 6606
1379 1624 6605
1378 1625 6604
1377 1626 6603
1376 1627 6602
1375 1628 6601
1374 1629 6600
1373 1630 6599
1372 1631 6598
1371 1632 6597
1370 1633 6596
1369 1634 6595
1368 1635 6594
1367 1636 6593
1366 1637 6592
1365 1638 6591
1364 1639 6590
1363 1640 6589
1362 1641 6588
1361 1642 6587
1360 1643 6586
1359 1644 6585
1358 1645 6584
1357 1646 6583
1356 1647 6582
1355 1648 6581
1354 1649 6580
1353 1650 6579
1352 1651 6578
1351 1652 6577
1350 1653 6576
1349 1654 6575
1348 1655 6574
1347 1656 6573
1346 1657 6572
1345 1658 6571
1344 1659 6570
1343 1660 6569
1342 1661 6568
1341 1662 6567
1340 1663 6566
1339 1664 6565
1338 1665 6564
1337 1666 6563
1336 1667 6562
1335 1668 6561
1334 1669 6560
1333 1670 6559
1332 1671 6558
1331 1672 6557
1330 1673 6556
1329 1674 6555
1328 1675 6554
1327 1676 6553
1326 1677 6552
1325 1678 6551
1324 1679 6550
1323 1680 6549
1322 1681 6548
1321 1682 6547
1320 1683 6546
1319 1684 6545
1318 1685 6544
1317 1686 6543
1316 1687 6542
1315 1688 6541
1314 1689 6540
1313 1690 6539
1312 1691 6538
1311 1692 6537
1310 1693 6536
1309 1694 6535
1308 1695 6534
1307 1696 6533
1306 1697 6532
1305 1698 6531
1304 1699 6530
1303 1700 6529
1302 1701 6528
1301 1702 6527
1300 1703 6526
1299 1704 6525
1298 1705 6524
1297 1706 6523
1296 1707 6522
1295 1708 6521
1294 1709 6520
1293 1710 6519
1292 1711 6518
1291 1712 6517
1290 1713 6516
1289 1714 6515
1288 1715 6514
1287 1716 6513
1286 1717 6512
1285 1718 6511
1284 1719 6510
1283 1720 6509
1282 1721 6508
1281 1722 6507
1280 1723 6506
1279 1724 6505
1278 1725 6504
1277 1726 6503
1276 1727 6502
1275 1728 6501
1274 1729 6500
1273 1730 6499
1272 1731 6498
1271 1732 6497
1270 1733 6496
1269 1734 6495
1268 1735 6494
1267 1736 6493
1266 1737 6492
1265 1738 6491
1264 1739 6490
1263 1740 6489
1262 1741 6488
1261 1742 6487
1260 1743 6486
1259 1744 6485
1258 1745 6484
1257 1746 6483
1256 1747 6482
1255 1748 6481
1254 1749 6480
1253 1750 6479
1252 1751 6478
1251 1752 6477
1250 1753 6476
1249 1754 6475
1248 1755 6474
1247 1756 6473
1246 1757 6472
1245 1758 6471
1244 1759 6470
1243 1760 6469
1242 1761 6468
1241 1762 6467
1240 1763 6466
1239 1764 6465
1238 1765 6464
1237 1766 6463
1236 1767 6462
1235 1768 6461
1234 1769 6460
1233 1770 6459
1232 1771 6458
1231 1772 6457
1230 1773 6456
1229 1774 6455
1228 1775 6454
1227 1776 6453
1226 1777 6452
1225 1778 6451
1224 1779 6450
1223 1780 6449
1222 1781 6448
1221 1782 6447
1220 1783 6446
1219 1784 6445
1218 1785 6444
1217 1786 6443
1216 1787 6442
1215 1788 6441
1214 1789 6440
1213 1790 6439
1212 1791 6438
1211 1792 6437
1210 1793 6436
1209 1794 6435
1208 1795 6434
1207 1796 6433
1206 1797 6432
1205 1798 6431
1204 1799 6430
1203 1800 6429
1202 1801 6428
1201 1802 6427
1200 1803 6426
1199 1804 6425
1198 1805 6424
1197 1806 6423
1196 1807 6422
1195 1808 6421
1194 1809 6420
1193 1810 6419
1192 1811 6418
1191 1812 6417
1190 1813 6416
1189 1814 6415
1188 1815 6414
1187 1816 6413
1186 1817 6412
1185 1818 6411
1184 1819 6410
1183 1820 6409
1182 1821 6408
1181 1822 6407
1180 1823 6406
1179 1824 6405
1178 1825 6404
1177 1826 6403
1176 1827 6402
1175 1828 6401
1174 1829 6400
1173 1830 6399
1172 1831 6398
1171 1832 6397
1170 1833 6396
1169 1834 6395
1168 1835 6394
1167 1836 6393
1166 1837 6392
1165 1838 6391
1164 1839 6390
1163 1840 6389
1162 1841 6388
1161 1842 6387
1160 1843 6386
1159 1844 6385
1158 1845 6384
1157 1846 6383
1156 1847 6382
1155 1848 6381
1154 1849 6380
1153 1850 6379
1152 1851 6378
1151 1852 6377
1150 1853 6376
1149 1854 6375
1148 1855 6374
1147 1856 6373
1146 1857 6372
1145 1858 6371
1144 1859 6370
1143 1860 6369
1142 1861 6368
1141 1862 6367
1140 1863 6366
1139 1864 6365
1138 1865 6364
1137 1866 6363
1136 1867 6362
1135 1868 6361
1134 1869 6360
1133 1870 6359
1132 1871 6358
1131 1872 6357
1130 1873 6356
1129 1874 6355
1128 1875 6354
1127 1876 6353
1126 1877 6352
1125 1878 6351
1124 1879 6350
1123 1880 6349
1122 1881 6348
1121 1882 6347
1120 1883 6346
1119 1884 6345
1118 1885 6344
1117 1886 6343
1116 1887 6342
1115 1888 6341
1114 1889 6340
1113 1890 6339
1112 1891 6338
1111 1892 6337
1110 1893 6336
1109 1894 6335
1108 1895 6334
1107 1896 6333
1106 1897 6332
1105 1898 6331
1104 1899 6330
1103 1900 6329
1102 1901 6328
1101 1902 6327
1100 1903 6326
1099 1904 6325
1098 1905 6324
1097 1906 6323
1096 1907 6322
1095 1908 6321
1094 1909 6320
1093 1910 6319
1092 1911 6318
1091 1912 6317
1090 1913 6316
1089 1914 6315
1088 1915 6314
1087 1916 6313
1086 1917 6312
1085 1918 6311
1084 1919 6310
1083 1920 6309
1082 1921 6308
1081 1922 6307
1080 1923 6306
1079 1924 6305
1078 1925 6304
1077 1926 6303
1076 1927 6302
1075 1928 6301
1074 1929 6300
1073 1930 6299
1072 1931 6298
1071 1932 6297
1070 1933 6296
1069 1934 6295
1068 1935 6294
1067 1936 6293
1066 1937 6292
1065 1938 6291
1064 1939 6290
1063 1940 6289
1062 1941 6288
1061 1942 6287
1060 1943 6286
1059 1944 6285
1058 1945 6284
1057 1946 6283
1056 1947 6282
1055 1948 6281
1054 1949 6280
1053 1950 6279
1052 1951 6278
1051 1952 6277
1050 1953 6276
1049 1954 6275
1048 1955 6274
1047 1956 6273
1046 1957 6272
1045 1958 6271
1044 1959 6270
1043 1960 6269
1042 1961 6268
1041 1962 6267
1040 1963 6266
1039 1964 6265
1038 1965 6264
1037 1966 6263
1036 1967 6262
1035 1968 6261
1034 1969 6260
1033 1970 6259
1032 1971 6258
1031 1972 6257
1030 1973 6256
1029 1974 6255
1028 1975 6254
1027 1976 6253
1026 1977 6252
1025 1978 6251
1024 1979 6250
1023 1980 6249
1022 1981 6248
1021 1982 6247
1020 1983 6246
1019 1984 6245
1018 1985 6244
1017 1986 6243
1016 1987 6242
1015 1988 6241
1014 1989 6240
1013 1990 6239
1012 1991 6238
1011 1992 6237
1010 1993 6236
1009 1994 6235
1008 1995 6234
1007 1996 6233
1006 1997 6232
1005 1998 6231
1004 1999 6230
1003 2000 6229
1002 2001 6228
1001 2002 6227
1000 2003 6226
999 2004 6225
998 2005 6224
997 2006 6223
996 2007 6222
995 2008 6221
994 2009 6220
993 2010 6219
992 2011 6218
991 2012 6217
990 2013 6216
989 2014 6215
988 2015 6214
987 2016 6213
986 2017 6212
985 2018 6211
984 2019 6210
983 2020 6209
982 2021 6208
981 2022 6207
980 2023 6206
979 2024 6205
978 2025 6204
977 2026 6203
976 2027 6202
975 2028 6201
974 2029 6200
973 2030 6199
972 2031 6198
971 2032 6197
970 2033 6196
969 2034 6195
968 2035 6194
967 2036 6193
966 2037 6192
965 2038 6191
964 2039 6190
963 2040 6189
962 2041 6188
961 2042 6187
960 2043 6186
959 2044 6185
958 2045 6184
957 2046 6183
956 2047 6182
955 2048 6181
954 2049 6180
953 2050 6179
952 2051 6178
951 2052 6177
950 2053 6176
949 2054 6175
948 2055 6174
947 2056 6173
946 2057 6172
945 2058 6171
944 2059 6170
943 2060 6169
942 2061 6168
941 2062 6167
940 2063 6166
939 2064 6165
938 2065 6164
937 2066 6163
936 2067 6162
935 2068 6161
934 2069 6160
933 2070 6159
932 2071 6158
931 2072 6157
930 2073 6156
929 2074 6155
928 2075 6154
927 2076 6153
926 2077 6152
925 2078 6151
924 2079 6150
923 2080 6149
922 2081 6148
921 2082 6147
920 2083 6146
919 2084 6145
918 2085 6144
917 2086 6143
916 2087 6142
915 2088 6141
914 2089 6140
913 2090 6139
912 2091 6138
911 2092 6137
910 2093 6136
909 2094 6135
908 2095 6134
907 2096 6133
906 2097 6132
905 2098 6131
904 2099 6130
903 2100 6129
902 2101 6128
901 2102 6127
900 2103 6126
899 2104 6125
898 2105 6124
897 2106 6123
896 2107 6122
895 2108 6121
894 2109 6120
893 2110 6119
892 2111 6118
891 2112 6117
890 2113 6116
889 2114 6115
888 2115 6114
887 2116 6113
886 2117 6112
885 2118 6111
884 2119 6110
883 2120 6109
882 2121 6108
881 2122 6107
880 2123 6106
879 2124 6105
878 2125 6104
877 2126 6103
876 2127 6102
875 2128 6101
874 2129 6100
873 2130 6099
872 2131 6098
871 2132 6097
870 2133 6096
869 2134 6095
868 2135 6094
867 2136 6093
866 2137 6092
865 2138 6091
864 2139 6090
863 2140 6089
862 2141 6088
861 2142 6087
860 2143 6086
859 2144 6085
858 2145 6084
857 2146 6083
856 2147 6082
855 2148 6081
854 2149 6080
853 2150 6079
852 2151 6078
851 2152 6077
850 2153 6076
849 2154 6075
848 2155 6074
847 2156 6073
846 2157 6072
845 2158 6071
844 2159 6070
843 2160 6069
842 2161 6068
841 2162 6067
840 2163 6066
839 2164 6065
838 2165 6064
837 2166 6063
836 2167 6062
835 2168 6061
834 2169 6060
833 2170 6059
832 2171 6058
831 2172 6057
830 2173 6056
829 2174 6055
828 2175 6054
827 2176 6053
826 2177 6052
825 2178 6051
824 2179 6050
823 2180 6049
822 2181 6048
821 2182 6047
820 2183 6046
819 2184 6045
818 2185 6044
817 2186 6043
816 2187 6042
815 2188 6041
814 2189 6040
813 2190 6039
812 2191 6038
811 2192 6037
810 2193 6036
809 2194 6035
808 2195 6034
807 2196 6033
806 2197 6032
805 2198 6031
804 2199 6030
803 2200 6029
802 2201 6028
801 2202 6027
800 2203 6026
799 2204 6025
798 2205 6024
797 2206 6023
796 2207 6022
795 2208 6021
794 2209 6020
793 2210 6019
792 2211 6018
791 2212 6017
790 2213 6016
789 2214 6015
788 2215 6014
787 2216 6013
786 2217 6012
785 2218 6011
784 2219 6010
783 2220 6009
782 2221 6008
781 2222 6007
780 2223 6006
779 2224 6005
778 2225 6004
777 2226 6003
776 2227 6002
775 2228 6001
