2830
3000 3 8830
2999 4 8829
2998 5 8828
2997 6 8827
2996 7 8826
2995 8 8825
2994 9 8824
2993 10 8823
2992 11 8822
2991 12 8821
2990 13 8820
2989 14 8819
2988 15 8818
2987 16 8817
2986 17 8816
2985 18 8815
2984 19 8814
2983 20 8813
2982 21 8812
2981 22 8811
2980 23 8810
2979 24 8809
2978 25 8808
2977 26 8807
2976 27 8806
2975 28 8805
2974 29 8804
2973 30 8803
2972 31 8802
2971 32 8801
2970 33 8800
2969 34 8799
2968 35 8798
2967 36 8797
2966 37 8796
2965 38 8795
2964 39 8794
2963 40 8793
2962 41 8792
2961 42 8791
2960 43 8790
2959 44 8789
2958 45 8788
2957 46 8787
2956 47 8786
2955 48 8785
2954 49 8784
2953 50 8783
2952 51 8782
2951 52 8781
2950 53 8780
2949 54 8779
2948 55 8778
2947 56 8777
2946 57 8776
2945 58 8775
2944 59 8774
2943 60 8773
2942 61 8772
2941 62 8771
2940 63 8770
2939 64 8769
2938 65 8768
2937 66 8767
2936 67 8766
2935 68 8765
2934 69 8764
2933 70 8763
2932 71 8762
2931 72 8761
2930 73 8760
2929 74 8759
2928 75 8758
2927 76 8757
2926 77 8756
2925 78 8755
2924 79 8754
2923 80 8753
2922 81 8752
2921 82 8751
2920 83 8750
2919 84 8749
2918 85 8748
2917 86 8747
2916 87 8746
2915 88 8745
2914 89 8744
2913 90 8743
2912 91 8742
2911 92 8741
2910 93 8740
2909 94 8739
2908 95 8738
2907 96 8737
2906 97 8736
2905 98 8735
2904 99 8734
2903 100 8733
2902 101 8732
2901 102 8731
2900 103 8730
2899 104 8729
2898 105 8728
2897 106 8727
2896 107 8726
2895 108 8725
2894 109 8724
2893 110 8723
2892 111 8722
2891 112 8721
2890 113 8720
2889 114 8719
2888 115 8718
2887 116 8717
2886 117 8716
2885 118 8715
2884 119 8714
2883 120 8713
2882 121 8712
2881 122 8711
2880 123 8710
2879 124 8709
2878 125 8708
2877 126 8707
2876 127 8706
2875 128 8705
2874 129 8704
2873 130 8703
2872 131 8702
2871 132 8701
2870 133 8700
2869 134 8699
2868 135 8698
2867 136 8697
2866 137 8696
2865 138 8695
2864 139 8694
2863 140 8693
2862 141 8692
2861 142 8691
2860 143 8690
2859 144 8689
2858 145 8688
2857 146 8687
2856 147 8686
2855 148 8685
2854 149 8684
2853 150 8683
2852 151 8682
2851 152 8681
2850 153 8680
2849 154 8679
2848 155 8678
2847 156 8677
2846 157 8676
2845 158 8675
2844 159 8674
2843 160 8673
2842 161 8672
2841 162 8671
2840 163 8670
2839 164 8669
2838 165 8668
2837 166 8667
2836 167 8666
2835 168 8665
2834 169 8664
2833 170 8663
2832 171 8662
2831 172 8661
2830 173 8660
2829 174 8659
2828 175 8658
2827 176 8657
2826 177 8656
2825 178 8655
2824 179 8654
2823 180 8653
2822 181 8652
2821 182 8651
2820 183 8650
2819 184 8649
2818 185 8648
2817 186 8647
2816 187 8646
2815 188 8645
2814 189 8644
2813 190 8643
2812 191 8642
2811 192 8641
2810 193 8640
2809 194 8639
2808 195 8638
2807 196 8637
2806 197 8636
2805 198 8635
2804 199 8634
2803 200 8633
2802 201 8632
2801 202 8631
2800 203 8630
2799 204 8629
2798 205 8628
2797 206 8627
2796 207 8626
2795 208 8625
2794 209 8624
2793 210 8623
2792 211 8622
2791 212 8621
2790 213 8620
2789 214 8619
2788 215 8618
2787 216 8617
2786 217 8616
2785 218 8615
2784 219 8614
2783 220 8613
2782 221 8612
2781 222 8611
2780 223 8610
2779 224 8609
2778 225 8608
2777 226 8607
2776 227 8606
2775 228 8605
2774 229 8604
2773 230 8603
2772 231 8602
2771 232 8601
2770 233 8600
2769 234 8599
2768 235 8598
2767 236 8597
2766 237 8596
2765 238 8595
2764 239 8594
2763 240 8593
2762 241 8592
2761 242 8591
2760 243 8590
2759 244 8589
2758 245 8588
2757 246 8587
2756 247 8586
2755 248 8585
2754 249 8584
2753 250 8583
2752 251 8582
2751 252 8581
2750 253 8580
2749 254 8579
2748 255 8578
2747 256 8577
2746 257 8576
2745 258 8575
2744 259 8574
2743 260 8573
2742 261 8572
2741 262 8571
2740 263 8570
2739 264 8569
2738 265 8568
2737 266 8567
2736 267 8566
2735 268 8565
2734 269 8564
2733 270 8563
2732 271 8562
2731 272 8561
2730 273 8560
2729 274 8559
2728 275 8558
2727 276 8557
2726 277 8556
2725 278 8555
2724 279 8554
2723 280 8553
2722 281 8552
2721 282 8551
2720 283 8550
2719 284 8549
2718 285 8548
2717 286 8547
2716 287 8546
2715 288 8545
2714 289 8544
2713 290 8543
2712 291 8542
2711 292 8541
2710 293 8540
2709 294 8539
2708 295 8538
2707 296 8537
2706 297 8536
2705 298 8535
2704 299 8534
2703 300 8533
2702 301 8532
2701 302 8531
2700 303 8530
2699 304 8529
2698 305 8528
2697 306 8527
2696 307 8526
2695 308 8525
2694 309 8524
2693 310 8523
2692 311 8522
2691 312 8521
2690 313 8520
2689 314 8519
2688 315 8518
2687 316 8517
2686 317 8516
2685 318 8515
2684 319 8514
2683 320 8513
2682 321 8512
2681 322 8511
2680 323 8510
2679 324 8509
2678 325 8508
2677 326 8507
2676 327 8506
2675 328 8505
2674 329 8504
2673 330 8503
2672 331 8502
2671 332 8501
2670 333 8500
2669 334 8499
2668 335 8498
2667 336 8497
2666 337 8496
2665 338 8495
2664 339 8494
2663 340 8493
2662 341 8492
2661 342 8491
2660 343 8490
2659 344 8489
2658 345 8488
2657 346 8487
2656 347 8486
2655 348 8485
2654 349 8484
2653 350 8483
2652 351 8482
2651 352 8481
2650 353 8480
2649 354 8479
2648 355 8478
2647 356 8477
2646 357 8476
2645 358 8475
2644 359 8474
2643 360 8473
2642 361 8472
2641 362 8471
2640 363 8470
2639 364 8469
2638 365 8468
2637 366 8467
2636 367 8466
2635 368 8465
2634 369 8464
2633 370 8463
2632 371 8462
2631 372 8461
2630 373 8460
2629 374 8459
2628 375 8458
2627 376 8457
2626 377 8456
2625 378 8455
2624 379 8454
2623 380 8453
2622 381 8452
2621 382 8451
2620 383 8450
2619 384 8449
2618 385 8448
2617 386 8447
2616 387 8446
2615 388 8445
2614 389 8444
2613 390 8443
2612 391 8442
2611 392 8441
2610 393 8440
2609 394 8439
2608 395 8438
2607 396 8437
2606 397 8436
2605 398 8435
2604 399 8434
2603 400 8433
2602 401 8432
2601 402 8431
2600 403 8430
2599 404 8429
2598 405 8428
2597 406 8427
2596 407 8426
2595 408 8425
2594 409 8424
2593 410 8423
2592 411 8422
2591 412 8421
2590 413 8420
2589 414 8419
2588 415 8418
2587 416 8417
2586 417 8416
2585 418 8415
2584 419 8414
2583 420 8413
2582 421 8412
2581 422 8411
2580 423 8410
2579 424 8409
2578 425 8408
2577 426 8407
2576 427 8406
2575 428 8405
2574 429 8404
2573 430 8403
2572 431 8402
2571 432 8401
2570 433 8400
2569 434 8399
2568 435 8398
2567 436 8397
2566 437 8396
2565 438 8395
2564 439 8394
2563 440 8393
2562 441 8392
2561 442 8391
2560 443 8390
2559 444 8389
2558 445 8388
2557 446 8387
2556 447 8386
2555 448 8385
2554 449 8384
2553 450 8383
2552 451 8382
2551 452 8381
2550 453 8380
2549 454 8379
2548 455 8378
2547 456 8377
2546 457 8376
2545 458 8375
2544 459 8374
2543 460 8373
2542 461 8372
2541 462 8371
2540 463 8370
2539 464 8369
2538 465 8368
2537 466 8367
2536 467 8366
2535 468 8365
2534 469 8364
2533 470 8363
2532 471 8362
2531 472 8361
2530 473 8360
2529 474 8359
2528 475 8358
2527 476 8357
2526 477 8356
2525 478 8355
2524 479 8354
2523 480 8353
2522 481 8352
2521 482 8351
2520 483 8350
2519 484 8349
2518 485 8348
2517 486 8347
2516 487 8346
2515 488 8345
2514 489 8344
2513 490 8343
2512 491 8342
2511 492 8341
2510 493 8340
2509 494 8339
2508 495 8338
2507 496 8337
2506 497 8336
2505 498 8335
2504 499 8334
2503 500 8333
2502 501 8332
2501 502 8331
2500 503 8330
2499 504 8329
2498 505 8328
2497 506 8327
2496 507 8326
2495 508 8325
2494 509 8324
2493 510 8323
2492 511 8322
2491 512 8321
2490 513 8320
2489 514 8319
2488 515 8318
2487 516 8317
2486 517 8316
2485 518 8315
2484 519 8314
2483 520 8313
2482 521 8312
2481 522 8311
2480 523 8310
2479 524 8309
2478 525 8308
2477 526 8307
2476 527 8306
2475 528 8305
2474 529 8304
2473 530 8303
2472 531 8302
2471 532 8301
2470 533 8300
2469 534 8299
2468 535 8298
2467 536 8297
2466 537 8296
2465 538 8295
2464 539 8294
2463 540 8293
2462 541 8292
2461 542 8291
2460 543 8290
2459 544 8289
2458 545 8288
2457 546 8287
2456 547 8286
2455 548 8285
2454 549 8284
2453 550 8283
2452 551 8282
2451 552 8281
2450 553 8280
2449 554 8279
2448 555 8278
2447 556 8277
2446 557 8276
2445 558 8275
2444 559 8274
2443 560 8273
2442 561 8272
2441 562 8271
2440 563 8270
2439 564 8269
2438 565 8268
2437 566 8267
2436 567 8266
2435 568 8265
2434 569 8264
2433 570 8263
2432 571 8262
2431 572 8261
2430 573 8260
2429 574 8259
2428 575 8258
2427 576 8257
2426 577 8256
2425 578 8255
2424 579 8254
2423 580 8253
2422 581 8252
2421 582 8251
2420 583 8250
2419 584 8249
2418 585 8248
2417 586 8247
2416 587 8246
2415 588 8245
2414 589 8244
2413 590 8243
2412 591 8242
2411 592 8241
2410 593 8240
2409 594 8239
2408 595 8238
2407 596 8237
2406 597 8236
2405 598 8235
2404 599 8234
2403 600 8233
2402 601 8232
2401 602 8231
2400 603 8230
2399 604 8229
2398 605 8228
2397 606 8227
2396 607 8226
2395 608 8225
2394 609 8224
2393 610 8223
2392 611 8222
2391 612 8221
2390 613 8220
2389 614 8219
2388 615 8218
2387 616 8217
2386 617 8216
2385 618 8215
2384 619 8214
2383 620 8213
2382 621 8212
2381 622 8211
2380 623 8210
2379 624 8209
2378 625 8208
2377 626 8207
2376 627 8206
2375 628 8205
2374 629 8204
2373 630 8203
2372 631 8202
2371 632 8201
2370 633 8200
2369 634 8199
2368 635 8198
2367 636 8197
2366 637 8196
2365 638 8195
2364 639 8194
2363 640 8193
2362 641 8192
2361 642 8191
2360 643 8190
2359 644 8189
2358 645 8188
2357 646 8187
2356 647 8186
2355 648 8185
2354 649 8184
2353 650 8183
2352 651 8182
2351 652 8181
2350 653 8180
2349 654 8179
2348 655 8178
2347 656 8177
2346 657 8176
2345 658 8175
2344 659 8174
2343 660 8173
2342 661 8172
2341 662 8171
2340 663 8170
2339 664 8169
2338 665 8168
2337 666 8167
2336 667 8166
2335 668 8165
2334 669 8164
2333 670 8163
2332 671 8162
2331 672 8161
2330 673 8160
2329 674 8159
2328 675 8158
2327 676 8157
2326 677 8156
2325 678 8155
2324 679 8154
2323 680 8153
2322 681 8152
2321 682 8151
2320 683 8150
2319 684 8149
2318 685 8148
2317 686 8147
2316 687 8146
2315 688 8145
2314 689 8144
2313 690 8143
2312 691 8142
2311 692 8141
2310 693 8140
2309 694 8139
2308 695 8138
2307 696 8137
2306 697 8136
2305 698 8135
2304 699 8134
2303 700 8133
2302 701 8132
2301 702 8131
2300 703 8130
2299 704 8129
2298 705 8128
2297 706 8127
2296 707 8126
2295 708 8125
2294 709 8124
2293 710 8123
2292 711 8122
2291 712 8121
2290 713 8120
2289 714 8119
2288 715 8118
2287 716 8117
2286 717 8116
2285 718 8115
2284 719 8114
2283 720 8113
2282 721 8112
2281 722 8111
2280 723 8110
2279 724 8109
2278 725 8108
2277 726 8107
2276 727 8106
2275 728 8105
2274 729 8104
2273 730 8103
2272 731 8102
2271 732 8101
2270 733 8100
2269 734 8099
2268 735 8098
2267 736 8097
2266 737 8096
2265 738 8095
2264 739 8094
2263 740 8093
2262 741 8092
2261 742 8091
2260 743 8090
2259 744 8089
2258 745 8088
2257 746 8087
2256 747 8086
2255 748 8085
2254 749 8084
2253 750 8083
2252 751 8082
2251 752 8081
2250 753 8080
2249 754 8079
2248 755 8078
2247 756 8077
2246 757 8076
2245 758 8075
2244 759 8074
2243 760 8073
2242 761 8072
2241 762 8071
2240 763 8070
2239 764 8069
2238 765 8068
2237 766 8067
2236 767 8066
2235 768 8065
2234 769 8064
2233 770 8063
2232 771 8062
2231 772 8061
2230 773 8060
2229 774 8059
2228 775 8058
2227 776 8057
2226 777 8056
2225 778 8055
2224 779 8054
2223 780 8053
2222 781 8052
2221 782 8051
2220 783 8050
2219 784 8049
2218 785 8048
2217 786 8047
2216 787 8046
2215 788 8045
2214 789 8044
2213 790 8043
2212 791 8042
2211 792 8041
2210 793 8040
2209 794 8039
2208 795 8038
2207 796 8037
2206 797 8036
2205 798 8035
2204 799 8034
2203 800 8033
2202 801 8032
2201 802 8031
2200 803 8030
2199 804 8029
2198 805 8028
2197 806 8027
2196 807 8026
2195 808 8025
2194 809 8024
2193 810 8023
2192 811 8022
2191 812 8021
2190 813 8020
2189 814 8019
2188 815 8018
2187 816 8017
2186 817 8016
2185 818 8015
2184 819 8014
2183 820 8013
2182 821 8012
2181 822 8011
2180 823 8010
2179 824 8009
2178 825 8008
2177 826 8007
2176 827 8006
2175 828 8005
2174 829 8004
2173 830 8003
2172 831 8002
2171 832 8001
2170 833 8000
2169 834 7999
2168 835 7998
2167 836 7997
2166 837 7996
2165 838 7995
2164 839 7994
2163 840 7993
2162 841 7992
2161 842 7991
2160 843 7990
2159 844 7989
2158 845 7988
2157 846 7987
2156 847 7986
2155 848 7985
2154 849 7984
2153 850 7983
2152 851 7982
2151 852 7981
2150 853 7980
2149 854 7979
2148 855 7978
2147 856 7977
2146 857 7976
2145 858 7975
2144 859 7974
2143 860 7973
2142 861 7972
2141 862 7971
2140 863 7970
2139 864 7969
2138 865 7968
2137 866 7967
2136 867 7966
2135 868 7965
2134 869 7964
2133 870 7963
2132 871 7962
2131 872 7961
2130 873 7960
2129 874 7959
2128 875 7958
2127 876 7957
2126 877 7956
2125 878 7955
2124 879 7954
2123 880 7953
2122 881 7952
2121 882 7951
2120 883 7950
2119 884 7949
2118 885 7948
2117 886 7947
2116 887 7946
2115 888 7945
2114 889 7944
2113 890 7943
2112 891 7942
2111 892 7941
2110 893 7940
2109 894 7939
2108 895 7938
2107 896 7937
2106 897 7936
2105 898 7935
2104 899 7934
2103 900 7933
2102 901 7932
2101 902 7931
2100 903 7930
2099 904 7929
2098 905 7928
2097 906 7927
2096 907 7926
2095 908 7925
2094 909 7924
2093 910 7923
2092 911 7922
2091 912 7921
2090 913 7920
2089 914 7919
2088 915 7918
2087 916 7917
2086 917 7916
2085 918 7915
2084 919 7914
2083 920 7913
2082 921 7912
2081 922 7911
2080 923 7910
2079 924 7909
2078 925 7908
2077 926 7907
2076 927 7906
2075 928 7905
2074 929 7904
2073 930 7903
2072 931 7902
2071 932 7901
2070 933 7900
2069 934 7899
2068 935 7898
2067 936 7897
2066 937 7896
2065 938 7895
2064 939 7894
2063 940 7893
2062 941 7892
2061 942 7891
2060 943 7890
2059 944 7889
2058 945 7888
2057 946 7887
2056 947 7886
2055 948 7885
2054 949 7884
2053 950 7883
2052 951 7882
2051 952 7881
2050 953 7880
2049 954 7879
2048 955 7878
2047 956 7877
2046 957 7876
2045 958 7875
2044 959 7874
2043 960 7873
2042 961 7872
2041 962 7871
2040 963 7870
2039 964 7869
2038 965 7868
2037 966 7867
2036 967 7866
2035 968 7865
2034 969 7864
2033 970 7863
2032 971 7862
2031 972 7861
2030 973 7860
2029 974 7859
2028 975 7858
2027 976 7857
2026 977 7856
2025 978 7855
2024 979 7854
2023 980 7853
2022 981 7852
2021 982 7851
2020 983 7850
2019 984 7849
2018 985 7848
2017 986 7847
2016 987 7846
2015 988 7845
2014 989 7844
2013 990 7843
2012 991 7842
2011 992 7841
2010 993 7840
2009 994 7839
2008 995 7838
2007 996 7837
2006 997 7836
2005 998 7835
2004 999 7834
2003 1000 7833
2002 1001 7832
2001 1002 7831
2000 1003 7830
1999 1004 7829
1998 1005 7828
1997 1006 7827
1996 1007 7826
1995 1008 7825
1994 1009 7824
1993 1010 7823
1992 1011 7822
1991 1012 7821
1990 1013 7820
1989 1014 7819
1988 1015 7818
1987 1016 7817
1986 1017 7816
1985 1018 7815
1984 1019 7814
1983 1020 7813
1982 1021 7812
1981 1022 7811
1980 1023 7810
1979 1024 7809
1978 1025 7808
1977 1026 7807
1976 1027 7806
1975 1028 7805
1974 1029 7804
1973 1030 7803
1972 1031 7802
1971 1032 7801
1970 1033 7800
1969 1034 7799
1968 1035 7798
1967 1036 7797
1966 1037 7796
1965 1038 7795
1964 1039 7794
1963 1040 7793
1962 1041 7792
1961 1042 7791
1960 1043 7790
1959 1044 7789
1958 1045 7788
1957 1046 7787
1956 1047 7786
1955 1048 7785
1954 1049 7784
1953 1050 7783
1952 1051 7782
1951 1052 7781
1950 1053 7780
1949 1054 7779
1948 1055 7778
1947 1056 7777
1946 1057 7776
1945 1058 7775
1944 1059 7774
1943 1060 7773
1942 1061 7772
1941 1062 7771
1940 1063 7770
1939 1064 7769
1938 1065 7768
1937 1066 7767
1936 1067 7766
1935 1068 7765
1934 1069 7764
1933 1070 7763
1932 1071 7762
1931 1072 7761
1930 1073 7760
1929 1074 7759
1928 1075 7758
1927 1076 7757
1926 1077 7756
1925 1078 7755
1924 1079 7754
1923 1080 7753
1922 1081 7752
1921 1082 7751
1920 1083 7750
1919 1084 7749
1918 1085 7748
1917 1086 7747
1916 1087 7746
1915 1088 7745
1914 1089 7744
1913 1090 7743
1912 1091 7742
1911 1092 7741
1910 1093 7740
1909 1094 7739
1908 1095 7738
1907 1096 7737
1906 1097 7736
1905 1098 7735
1904 1099 7734
1903 1100 7733
1902 1101 7732
1901 1102 7731
1900 1103 7730
1899 1104 7729
1898 1105 7728
1897 1106 7727
1896 1107 7726
1895 1108 7725
1894 1109 7724
1893 1110 7723
1892 1111 7722
1891 1112 7721
1890 1113 7720
1889 1114 7719
1888 1115 7718
1887 1116 7717
1886 1117 7716
1885 1118 7715
1884 1119 7714
1883 1120 7713
1882 1121 7712
1881 1122 7711
1880 1123 7710
1879 1124 7709
1878 1125 7708
1877 1126 7707
1876 1127 7706
1875 1128 7705
1874 1129 7704
1873 1130 7703
1872 1131 7702
1871 1132 7701
1870 1133 7700
1869 1134 7699
1868 1135 7698
1867 1136 7697
1866 1137 7696
1865 1138 7695
1864 1139 7694
1863 1140 7693
1862 1141 7692
1861 1142 7691
1860 1143 7690
1859 1144 7689
1858 1145 7688
1857 1146 7687
1856 1147 7686
1855 1148 7685
1854 1149 7684
1853 1150 7683
1852 1151 7682
1851 1152 7681
1850 1153 7680
1849 1154 7679
1848 1155 7678
1847 1156 7677
1846 1157 7676
1845 1158 7675
1844 1159 7674
1843 1160 7673
1842 1161 7672
1841 1162 7671
1840 1163 7670
1839 1164 7669
1838 1165 7668
1837 1166 7667
1836 1167 7666
1835 1168 7665
1834 1169 7664
1833 1170 7663
1832 1171 7662
1831 1172 7661
1830 1173 7660
1829 1174 7659
1828 1175 7658
1827 1176 7657
1826 1177 7656
1825 1178 7655
1824 1179 7654
1823 1180 7653
1822 1181 7652
1821 1182 7651
1820 1183 7650
1819 1184 7649
1818 1185 7648
1817 1186 7647
1816 1187 7646
1815 1188 7645
1814 1189 7644
1813 1190 7643
1812 1191 7642
1811 1192 7641
1810 1193 7640
1809 1194 7639
1808 1195 7638
1807 1196 7637
1806 1197 7636
1805 1198 7635
1804 1199 7634
1803 1200 7633
1802 1201 7632
1801 1202 7631
1800 1203 7630
1799 1204 7629
1798 1205 7628
1797 1206 7627
1796 1207 7626
1795 1208 7625
1794 1209 7624
1793 1210 7623
1792 1211 7622
1791 1212 7621
1790 1213 7620
1789 1214 7619
1788 1215 7618
1787 1216 7617
1786 1217 7616
1785 1218 7615
1784 1219 7614
1783 1220 7613
1782 1221 7612
1781 1222 7611
1780 1223 7610
1779 1224 7609
1778 1225 7608
1777 1226 7607
1776 1227 7606
1775 1228 7605
1774 1229 7604
1773 1230 7603
1772 1231 7602
1771 1232 7601
1770 1233 7600
1769 1234 7599
1768 1235 7598
1767 1236 7597
1766 1237 7596
1765 1238 7595
1764 1239 7594
1763 1240 7593
1762 1241 7592
1761 1242 7591
1760 1243 7590
1759 1244 7589
1758 1245 7588
1757 1246 7587
1756 1247 7586
1755 1248 7585
1754 1249 7584
1753 1250 7583
1752 1251 7582
1751 1252 7581
1750 1253 7580
1749 1254 7579
1748 1255 7578
1747 1256 7577
1746 1257 7576
1745 1258 7575
1744 1259 7574
1743 1260 7573
1742 1261 7572
1741 1262 7571
1740 1263 7570
1739 1264 7569
1738 1265 7568
1737 1266 7567
1736 1267 7566
1735 1268 7565
1734 1269 7564
1733 1270 7563
1732 1271 7562
1731 1272 7561
1730 1273 7560
1729 1274 7559
1728 1275 7558
1727 1276 7557
1726 1277 7556
1725 1278 7555
1724 1279 7554
1723 1280 7553
1722 1281 7552
1721 1282 7551
1720 1283 7550
1719 1284 7549
1718 1285 7548
1717 1286 7547
1716 1287 7546
1715 1288 7545
1714 1289 7544
1713 1290 7543
1712 1291 7542
1711 1292 7541
1710 1293 7540
1709 1294 7539
1708 1295 7538
1707 1296 7537
1706 1297 7536
1705 1298 7535
1704 1299 7534
1703 1300 7533
1702 1301 7532
1701 1302 7531
1700 1303 7530
1699 1304 7529
1698 1305 7528
1697 1306 7527
1696 1307 7526
1695 1308 7525
1694 1309 7524
1693 1310 7523
1692 1311 7522
1691 1312 7521
1690 1313 7520
1689 1314 7519
1688 1315 7518
1687 1316 7517
1686 1317 7516
1685 1318 7515
1684 1319 7514
1683 1320 7513
1682 1321 7512
1681 1322 7511
1680 1323 7510
1679 1324 7509
1678 1325 7508
1677 1326 7507
1676 1327 7506
1675 1328 7505
1674 1329 7504
1673 1330 7503
1672 1331 7502
1671 1332 7501
1670 1333 7500
1669 1334 7499
1668 1335 7498
1667 1336 7497
1666 1337 7496
1665 1338 7495
1664 1339 7494
1663 1340 7493
1662 1341 7492
1661 1342 7491
1660 1343 7490
1659 1344 7489
1658 1345 7488
1657 1346 7487
1656 1347 7486
1655 1348 7485
1654 1349 7484
1653 1350 7483
1652 1351 7482
1651 1352 7481
1650 1353 7480
1649 1354 7479
1648 1355 7478
1647 1356 7477
1646 1357 7476
1645 1358 7475
1644 1359 7474
1643 1360 7473
1642 1361 7472
1641 1362 7471
1640 1363 7470
1639 1364 7469
1638 1365 7468
1637 1366 7467
1636 1367 7466
1635 1368 7465
1634 1369 7464
1633 1370 7463
1632 1371 7462
1631 1372 7461
1630 1373 7460
1629 1374 7459
1628 1375 7458
1627 1376 7457
1626 1377 7456
1625 1378 7455
1624 1379 7454
1623 1380 7453
1622 1381 7452
1621 1382 7451
1620 1383 7450
1619 1384 7449
1618 1385 7448
1617 1386 7447
1616 1387 7446
1615 1388 7445
1614 1389 7444
1613 1390 7443
1612 1391 7442
1611 1392 7441
1610 1393 7440
1609 1394 7439
1608 1395 7438
1607 1396 7437
1606 1397 7436
1605 1398 7435
1604 1399 7434
1603 1400 7433
1602 1401 7432
1601 1402 7431
1600 1403 7430
1599 1404 7429
1598 1405 7428
1597 1406 7427
1596 1407 7426
1595 1408 7425
1594 1409 7424
1593 1410 7423
1592 1411 7422
1591 1412 7421
1590 1413 7420
1589 1414 7419
1588 1415 7418
1587 1416 7417
1586 1417 7416
1585 1418 7415
1584 1419 7414
1583 1420 7413
1582 1421 7412
1581 1422 7411
1580 1423 7410
1579 1424 7409
1578 1425 7408
1577 1426 7407
1576 1427 7406
1575 1428 7405
1574 1429 7404
1573 1430 7403
1572 1431 7402
1571 1432 7401
1570 1433 7400
1569 1434 7399
1568 1435 7398
1567 1436 7397
1566 1437 7396
1565 1438 7395
1564 1439 7394
1563 1440 7393
1562 1441 7392
1561 1442 7391
1560 1443 7390
1559 1444 7389
1558 1445 7388
1557 1446 7387
1556 1447 7386
1555 1448 7385
1554 1449 7384
1553 1450 7383
1552 1451 7382
1551 1452 7381
1550 1453 7380
1549 1454 7379
1548 1455 7378
1547 1456 7377
1546 1457 7376
1545 1458 7375
1544 1459 7374
1543 1460 7373
1542 1461 7372
1541 1462 7371
1540 1463 7370
1539 1464 7369
1538 1465 7368
1537 1466 7367
1536 1467 7366
1535 1468 7365
1534 1469 7364
1533 1470 7363
1532 1471 7362
1531 1472 7361
1530 1473 7360
1529 1474 7359
1528 1475 7358
1527 1476 7357
1526 1477 7356
1525 1478 7355
1524 1479 7354
1523 1480 7353
1522 1481 7352
1521 1482 7351
1520 1483 7350
1519 1484 7349
1518 1485 7348
1517 1486 7347
1516 1487 7346
1515 1488 7345
1514 1489 7344
1513 1490 7343
1512 1491 7342
1511 1492 7341
1510 1493 7340
1509 1494 7339
1508 1495 7338
1507 1496 7337
1506 1497 7336
1505 1498 7335
1504 1499 7334
1503 1500 7333
1502 1501 7332
1501 1502 7331
1500 1503 7330
1499 1504 7329
1498 1505 7328
1497 1506 7327
1496 1507 7326
1495 1508 7325
1494 1509 7324
1493 1510 7323
1492 1511 7322
1491 1512 7321
1490 1513 7320
1489 1514 7319
1488 1515 7318
1487 1516 7317
1486 1517 7316
1485 1518 7315
1484 1519 7314
1483 1520 7313
1482 1521 7312
1481 1522 7311
1480 1523 7310
1479 1524 7309
1478 1525 7308
1477 1526 7307
1476 1527 7306
1475 1528 7305
1474 1529 7304
1473 1530 7303
1472 1531 7302
1471 1532 7301
1470 1533 7300
1469 1534 7299
1468 1535 7298
1467 1536 7297
1466 1537 7296
1465 1538 7295
1464 1539 7294
1463 1540 7293
1462 1541 7292
1461 1542 7291
1460 1543 7290
1459 1544 7289
1458 1545 7288
1457 1546 7287
1456 1547 7286
1455 1548 7285
1454 1549 7284
1453 1550 7283
1452 1551 7282
1451 1552 7281
1450 1553 7280
1449 1554 7279
1448 1555 7278
1447 1556 7277
1446 1557 7276
1445 1558 7275
1444 1559 7274
1443 1560 7273
1442 1561 7272
1441 1562 7271
1440 1563 7270
1439 1564 7269
1438 1565 7268
1437 1566 7267
1436 1567 7266
1435 1568 7265
1434 1569 7264
1433 1570 7263
1432 1571 7262
1431 1572 7261
1430 1573 7260
1429 1574 7259
1428 1575 7258
1427 1576 7257
1426 1577 7256
1425 1578 7255
1424 1579 7254
1423 1580 7253
1422 1581 7252
1421 1582 7251
1420 1583 7250
1419 1584 7249
1418 1585 7248
1417 1586 7247
1416 1587 7246
1415 1588 7245
1414 1589 7244
1413 1590 7243
1412 1591 7242
1411 1592 7241
1410 1593 7240
1409 1594 7239
1408 1595 7238
1407 1596 7237
1406 1597 7236
1405 1598 7235
1404 1599 7234
1403 1600 7233
1402 1601 7232
1401 1602 7231
1400 1603 7230
1399 1604 7229
1398 1605 7228
1397 1606 7227
1396 1607 7226
1395 1608 7225
1394 1609 7224
1393 1610 7223
1392 1611 7222
1391 1612 7221
1390 1613 7220
1389 1614 7219
1388 1615 7218
1387 1616 7217
1386 1617 7216
1385 1618 7215
1384 1619 7214
1383 1620 7213
1382 1621 7212
1381 1622 7211
1380 1623 7210
1379 1624 7209
1378 1625 7208
1377 1626 7207
1376 1627 7206
1375 1628 7205
1374 1629 7204
1373 1630 7203
1372 1631 7202
1371 1632 7201
1370 1633 7200
1369 1634 7199
1368 1635 7198
1367 1636 7197
1366 1637 7196
1365 1638 7195
1364 1639 7194
1363 1640 7193
1362 1641 7192
1361 1642 7191
1360 1643 7190
1359 1644 7189
1358 1645 7188
1357 1646 7187
1356 1647 7186
1355 1648 7185
1354 1649 7184
1353 1650 7183
1352 1651 7182
1351 1652 7181
1350 1653 7180
1349 1654 7179
1348 1655 7178
1347 1656 7177
1346 1657 7176
1345 1658 7175
1344 1659 7174
1343 1660 7173
1342 1661 7172
1341 1662 7171
1340 1663 7170
1339 1664 7169
1338 1665 7168
1337 1666 7167
1336 1667 7166
1335 1668 7165
1334 1669 7164
1333 1670 7163
1332 1671 7162
1331 1672 7161
1330 1673 7160
1329 1674 7159
1328 1675 7158
1327 1676 7157
1326 1677 7156
1325 1678 7155
1324 1679 7154
1323 1680 7153
1322 1681 7152
1321 1682 7151
1320 1683 7150
1319 1684 7149
1318 1685 7148
1317 1686 7147
1316 1687 7146
1315 1688 7145
1314 1689 7144
1313 1690 7143
1312 1691 7142
1311 1692 7141
1310 1693 7140
1309 1694 7139
1308 1695 7138
1307 1696 7137
1306 1697 7136
1305 1698 7135
1304 1699 7134
1303 1700 7133
1302 1701 7132
1301 1702 7131
1300 1703 7130
1299 1704 7129
1298 1705 7128
1297 1706 7127
1296 1707 7126
1295 1708 7125
1294 1709 7124
1293 1710 7123
1292 1711 7122
1291 1712 7121
1290 1713 7120
1289 1714 7119
1288 1715 7118
1287 1716 7117
1286 1717 7116
1285 1718 7115
1284 1719 7114
1283 1720 7113
1282 1721 7112
1281 1722 7111
1280 1723 7110
1279 1724 7109
1278 1725 7108
1277 1726 7107
1276 1727 7106
1275 1728 7105
1274 1729 7104
1273 1730 7103
1272 1731 7102
1271 1732 7101
1270 1733 7100
1269 1734 7099
1268 1735 7098
1267 1736 7097
1266 1737 7096
1265 1738 7095
1264 1739 7094
1263 1740 7093
1262 1741 7092
1261 1742 7091
1260 1743 7090
1259 1744 7089
1258 1745 7088
1257 1746 7087
1256 1747 7086
1255 1748 7085
1254 1749 7084
1253 1750 7083
1252 1751 7082
1251 1752 7081
1250 1753 7080
1249 1754 7079
1248 1755 7078
1247 1756 7077
1246 1757 7076
1245 1758 7075
1244 1759 7074
1243 1760 7073
1242 1761 7072
1241 1762 7071
1240 1763 7070
1239 1764 7069
1238 1765 7068
1237 1766 7067
1236 1767 7066
1235 1768 7065
1234 1769 7064
1233 1770 7063
1232 1771 7062
1231 1772 7061
1230 1773 7060
1229 1774 7059
1228 1775 7058
1227 1776 7057
1226 1777 7056
1225 1778 7055
1224 1779 7054
1223 1780 7053
1222 1781 7052
1221 1782 7051
1220 1783 7050
1219 1784 7049
1218 1785 7048
1217 1786 7047
1216 1787 7046
1215 1788 7045
1214 1789 7044
1213 1790 7043
1212 1791 7042
1211 1792 7041
1210 1793 7040
1209 1794 7039
1208 1795 7038
1207 1796 7037
1206 1797 7036
1205 1798 7035
1204 1799 7034
1203 1800 7033
1202 1801 7032
1201 1802 7031
1200 1803 7030
1199 1804 7029
1198 1805 7028
1197 1806 7027
1196 1807 7026
1195 1808 7025
1194 1809 7024
1193 1810 7023
1192 1811 7022
1191 1812 7021
1190 1813 7020
1189 1814 7019
1188 1815 7018
1187 1816 7017
1186 1817 7016
1185 1818 7015
1184 1819 7014
1183 1820 7013
1182 1821 7012
1181 1822 7011
1180 1823 7010
1179 1824 7009
1178 1825 7008
1177 1826 7007
1176 1827 7006
1175 1828 7005
1174 1829 7004
1173 1830 7003
1172 1831 7002
1171 1832 7001
1170 1833 7000
1169 1834 6999
1168 1835 6998
1167 1836 6997
1166 1837 6996
1165 1838 6995
1164 1839 6994
1163 1840 6993
1162 1841 6992
1161 1842 6991
1160 1843 6990
1159 1844 6989
1158 1845 6988
1157 1846 6987
1156 1847 6986
1155 1848 6985
1154 1849 6984
1153 1850 6983
1152 1851 6982
1151 1852 6981
1150 1853 6980
1149 1854 6979
1148 1855 6978
1147 1856 6977
1146 1857 6976
1145 1858 6975
1144 1859 6974
1143 1860 6973
1142 1861 6972
1141 1862 6971
1140 1863 6970
1139 1864 6969
1138 1865 6968
1137 1866 6967
1136 1867 6966
1135 1868 6965
1134 1869 6964
1133 1870 6963
1132 1871 6962
1131 1872 6961
1130 1873 6960
1129 1874 6959
1128 1875 6958
1127 1876 6957
1126 1877 6956
1125 1878 6955
1124 1879 6954
1123 1880 6953
1122 1881 6952
1121 1882 6951
1120 1883 6950
1119 1884 6949
1118 1885 6948
1117 1886 6947
1116 1887 6946
1115 1888 6945
1114 1889 6944
1113 1890 6943
1112 1891 6942
1111 1892 6941
1110 1893 6940
1109 1894 6939
1108 1895 6938
1107 1896 6937
1106 1897 6936
1105 1898 6935
1104 1899 6934
1103 1900 6933
1102 1901 6932
1101 1902 6931
1100 1903 6930
1099 1904 6929
1098 1905 6928
1097 1906 6927
1096 1907 6926
1095 1908 6925
1094 1909 6924
1093 1910 6923
1092 1911 6922
1091 1912 6921
1090 1913 6920
1089 1914 6919
1088 1915 6918
1087 1916 6917
1086 1917 6916
1085 1918 6915
1084 1919 6914
1083 1920 6913
1082 1921 6912
1081 1922 6911
1080 1923 6910
1079 1924 6909
1078 1925 6908
1077 1926 6907
1076 1927 6906
1075 1928 6905
1074 1929 6904
1073 1930 6903
1072 1931 6902
1071 1932 6901
1070 1933 6900
1069 1934 6899
1068 1935 6898
1067 1936 6897
1066 1937 6896
1065 1938 6895
1064 1939 6894
1063 1940 6893
1062 1941 6892
1061 1942 6891
1060 1943 6890
1059 1944 6889
1058 1945 6888
1057 1946 6887
1056 1947 6886
1055 1948 6885
1054 1949 6884
1053 1950 6883
1052 1951 6882
1051 1952 6881
1050 1953 6880
1049 1954 6879
1048 1955 6878
1047 1956 6877
1046 1957 6876
1045 1958 6875
1044 1959 6874
1043 1960 6873
1042 1961 6872
1041 1962 6871
1040 1963 6870
1039 1964 6869
1038 1965 6868
1037 1966 6867
1036 1967 6866
1035 1968 6865
1034 1969 6864
1033 1970 6863
1032 1971 6862
1031 1972 6861
1030 1973 6860
1029 1974 6859
1028 1975 6858
1027 1976 6857
1026 1977 6856
1025 1978 6855
1024 1979 6854
1023 1980 6853
1022 1981 6852
1021 1982 6851
1020 1983 6850
1019 1984 6849
1018 1985 6848
1017 1986 6847
1016 1987 6846
1015 1988 6845
1014 1989 6844
1013 1990 6843
1012 1991 6842
1011 1992 6841
1010 1993 6840
1009 1994 6839
1008 1995 6838
1007 1996 6837
1006 1997 6836
1005 1998 6835
1004 1999 6834
1003 2000 6833
1002 2001 6832
1001 2002 6831
1000 2003 6830
999 2004 6829
998 2005 6828
997 2006 6827
996 2007 6826
995 2008 6825
994 2009 6824
993 2010 6823
992 2011 6822
991 2012 6821
990 2013 6820
989 2014 6819
988 2015 6818
987 2016 6817
986 2017 6816
985 2018 6815
984 2019 6814
983 2020 6813
982 2021 6812
981 2022 6811
980 2023 6810
979 2024 6809
978 2025 6808
977 2026 6807
976 2027 6806
975 2028 6805
974 2029 6804
973 2030 6803
972 2031 6802
971 2032 6801
970 2033 6800
969 2034 6799
968 2035 6798
967 2036 6797
966 2037 6796
965 2038 6795
964 2039 6794
963 2040 6793
962 2041 6792
961 2042 6791
960 2043 6790
959 2044 6789
958 2045 6788
957 2046 6787
956 2047 6786
955 2048 6785
954 2049 6784
953 2050 6783
952 2051 6782
951 2052 6781
950 2053 6780
949 2054 6779
948 2055 6778
947 2056 6777
946 2057 6776
945 2058 6775
944 2059 6774
943 2060 6773
942 2061 6772
941 2062 6771
940 2063 6770
939 2064 6769
938 2065 6768
937 2066 6767
936 2067 6766
935 2068 6765
934 2069 6764
933 2070 6763
932 2071 6762
931 2072 6761
930 2073 6760
929 2074 6759
928 2075 6758
927 2076 6757
926 2077 6756
925 2078 6755
924 2079 6754
923 2080 6753
922 2081 6752
921 2082 6751
920 2083 6750
919 2084 6749
918 2085 6748
917 2086 6747
916 2087 6746
915 2088 6745
914 2089 6744
913 2090 6743
912 2091 6742
911 2092 6741
910 2093 6740
909 2094 6739
908 2095 6738
907 2096 6737
906 2097 6736
905 2098 6735
904 2099 6734
903 2100 6733
902 2101 6732
901 2102 6731
900 2103 6730
899 2104 6729
898 2105 6728
897 2106 6727
896 2107 6726
895 2108 6725
894 2109 6724
893 2110 6723
892 2111 6722
891 2112 6721
890 2113 6720
889 2114 6719
888 2115 6718
887 2116 6717
886 2117 6716
885 2118 6715
884 2119 6714
883 2120 6713
882 2121 6712
881 2122 6711
880 2123 6710
879 2124 6709
878 2125 6708
877 2126 6707
876 2127 6706
875 2128 6705
874 2129 6704
873 2130 6703
872 2131 6702
871 2132 6701
870 2133 6700
869 2134 6699
868 2135 6698
867 2136 6697
866 2137 6696
865 2138 6695
864 2139 6694
863 2140 6693
862 2141 6692
861 2142 6691
860 2143 6690
859 2144 6689
858 2145 6688
857 2146 6687
856 2147 6686
855 2148 6685
854 2149 6684
853 2150 6683
852 2151 6682
851 2152 6681
850 2153 6680
849 2154 6679
848 2155 6678
847 2156 6677
846 2157 6676
845 2158 6675
844 2159 6674
843 2160 6673
842 2161 6672
841 2162 6671
840 2163 6670
839 2164 6669
838 2165 6668
837 2166 6667
836 2167 6666
835 2168 6665
834 2169 6664
833 2170 6663
832 2171 6662
831 2172 6661
830 2173 6660
829 2174 6659
828 2175 6658
827 2176 6657
826 2177 6656
825 2178 6655
824 2179 6654
823 2180 6653
822 2181 6652
821 2182 6651
820 2183 6650
819 2184 6649
818 2185 6648
817 2186 6647
816 2187 6646
815 2188 6645
814 2189 6644
813 2190 6643
812 2191 6642
811 2192 6641
810 2193 6640
809 2194 6639
808 2195 6638
807 2196 6637
806 2197 6636
805 2198 6635
804 2199 6634
803 2200 6633
802 2201 6632
801 2202 6631
800 2203 6630
799 2204 6629
798 2205 6628
797 2206 6627
796 2207 6626
795 2208 6625
794 2209 6624
793 2210 6623
792 2211 6622
791 2212 6621
790 2213 6620
789 2214 6619
788 2215 6618
787 2216 6617
786 2217 6616
785 2218 6615
784 2219 6614
783 2220 6613
782 2221 6612
781 2222 6611
780 2223 6610
779 2224 6609
778 2225 6608
777 2226 6607
776 2227 6606
775 2228 6605
774 2229 6604
773 2230 6603
772 2231 6602
771 2232 6601
770 2233 6600
769 2234 6599
768 2235 6598
767 2236 6597
766 2237 6596
765 2238 6595
764 2239 6594
763 2240 6593
762 2241 6592
761 2242 6591
760 2243 6590
759 2244 6589
758 2245 6588
757 2246 6587
756 2247 6586
755 2248 6585
754 2249 6584
753 2250 6583
752 2251 6582
751 2252 6581
750 2253 6580
749 2254 6579
748 2255 6578
747 2256 6577
746 2257 6576
745 2258 6575
744 2259 6574
743 2260 6573
742 2261 6572
741 2262 6571
740 2263 6570
739 2264 6569
738 2265 6568
737 2266 6567
736 2267 6566
735 2268 6565
734 2269 6564
733 2270 6563
732 2271 6562
731 2272 6561
730 2273 6560
729 2274 6559
728 2275 6558
727 2276 6557
726 2277 6556
725 2278 6555
724 2279 6554
723 2280 6553
722 2281 6552
721 2282 6551
720 2283 6550
719 2284 6549
718 2285 6548
717 2286 6547
716 2287 6546
715 2288 6545
714 2289 6544
713 2290 6543
712 2291 6542
711 2292 6541
710 2293 6540
709 2294 6539
708 2295 6538
707 2296 6537
706 2297 6536
705 2298 6535
704 2299 6534
703 2300 6533
702 2301 6532
701 2302 6531
700 2303 6530
699 2304 6529
698 2305 6528
697 2306 6527
696 2307 6526
695 2308 6525
694 2309 6524
693 2310 6523
692 2311 6522
691 2312 6521
690 2313 6520
689 2314 6519
688 2315 6518
687 2316 6517
686 2317 6516
685 2318 6515
684 2319 6514
683 2320 6513
682 2321 6512
681 2322 6511
680 2323 6510
679 2324 6509
678 2325 6508
677 2326 6507
676 2327 6506
675 2328 6505
674 2329 6504
673 2330 6503
672 2331 6502
671 2332 6501
670 2333 6500
669 2334 6499
668 2335 6498
667 2336 6497
666 2337 6496
665 2338 6495
664 2339 6494
663 2340 6493
662 2341 6492
661 2342 6491
660 2343 6490
659 2344 6489
658 2345 6488
657 2346 6487
656 2347 6486
655 2348 6485
654 2349 6484
653 2350 6483
652 2351 6482
651 2352 6481
650 2353 6480
649 2354 6479
648 2355 6478
647 2356 6477
646 2357 6476
645 2358 6475
644 2359 6474
643 2360 6473
642 2361 6472
641 2362 6471
640 2363 6470
639 2364 6469
638 2365 6468
637 2366 6467
636 2367 6466
635 2368 6465
634 2369 6464
633 2370 6463
632 2371 6462
631 2372 6461
630 2373 6460
629 2374 6459
628 2375 6458
627 2376 6457
626 2377 6456
625 2378 6455
624 2379 6454
623 2380 6453
622 2381 6452
621 2382 6451
620 2383 6450
619 2384 6449
618 2385 6448
617 2386 6447
616 2387 6446
615 2388 6445
614 2389 6444
613 2390 6443
612 2391 6442
611 2392 6441
610 2393 6440
609 2394 6439
608 2395 6438
607 2396 6437
606 2397 6436
605 2398 6435
604 2399 6434
603 2400 6433
602 2401 6432
601 2402 6431
600 2403 6430
599 2404 6429
598 2405 6428
597 2406 6427
596 2407 6426
595 2408 6425
594 2409 6424
593 2410 6423
592 2411 6422
591 2412 6421
590 2413 6420
589 2414 6419
588 2415 6418
587 2416 6417
586 2417 6416
585 2418 6415
584 2419 6414
583 2420 6413
582 2421 6412
581 2422 6411
580 2423 6410
579 2424 6409
578 2425 6408
577 2426 6407
576 2427 6406
575 2428 6405
574 2429 6404
573 2430 6403
572 2431 6402
571 2432 6401
570 2433 6400
569 2434 6399
568 2435 6398
567 2436 6397
566 2437 6396
565 2438 6395
564 2439 6394
563 2440 6393
562 2441 6392
561 2442 6391
560 2443 6390
559 2444 6389
558 2445 6388
557 2446 6387
556 2447 6386
555 2448 6385
554 2449 6384
553 2450 6383
552 2451 6382
551 2452 6381
550 2453 6380
549 2454 6379
548 2455 6378
547 2456 6377
546 2457 6376
545 2458 6375
544 2459 6374
543 2460 6373
542 2461 6372
541 2462 6371
540 2463 6370
539 2464 6369
538 2465 6368
537 2466 6367
536 2467 6366
535 2468 6365
534 2469 6364
533 2470 6363
532 2471 6362
531 2472 6361
530 2473 6360
529 2474 6359
528 2475 6358
527 2476 6357
526 2477 6356
525 2478 6355
524 2479 6354
523 2480 6353
522 2481 6352
521 2482 6351
520 2483 6350
519 2484 6349
518 2485 6348
517 2486 6347
516 2487 6346
515 2488 6345
514 2489 6344
513 2490 6343
512 2491 6342
511 2492 6341
510 2493 6340
509 2494 6339
508 2495 6338
507 2496 6337
506 2497 6336
505 2498 6335
504 2499 6334
503 2500 6333
502 2501 6332
501 2502 6331
500 2503 6330
499 2504 6329
498 2505 6328
497 2506 6327
496 2507 6326
495 2508 6325
494 2509 6324
493 2510 6323
492 2511 6322
491 2512 6321
490 2513 6320
489 2514 6319
488 2515 6318
487 2516 6317
486 2517 6316
485 2518 6315
484 2519 6314
483 2520 6313
482 2521 6312
481 2522 6311
480 2523 6310
479 2524 6309
478 2525 6308
477 2526 6307
476 2527 6306
475 2528 6305
474 2529 6304
473 2530 6303
472 2531 6302
471 2532 6301
470 2533 6300
469 2534 6299
468 2535 6298
467 2536 6297
466 2537 6296
465 2538 6295
464 2539 6294
463 2540 6293
462 2541 6292
461 2542 6291
460 2543 6290
459 2544 6289
458 2545 6288
457 2546 6287
456 2547 6286
455 2548 6285
454 2549 6284
453 2550 6283
452 2551 6282
451 2552 6281
450 2553 6280
449 2554 6279
448 2555 6278
447 2556 6277
446 2557 6276
445 2558 6275
444 2559 6274
443 2560 6273
442 2561 6272
441 2562 6271
440 2563 6270
439 2564 6269
438 2565 6268
437 2566 6267
436 2567 6266
435 2568 6265
434 2569 6264
433 2570 6263
432 2571 6262
431 2572 6261
430 2573 6260
429 2574 6259
428 2575 6258
427 2576 6257
426 2577 6256
425 2578 6255
424 2579 6254
423 2580 6253
422 2581 6252
421 2582 6251
420 2583 6250
419 2584 6249
418 2585 6248
417 2586 6247
416 2587 6246
415 2588 6245
414 2589 6244
413 2590 6243
412 2591 6242
411 2592 6241
410 2593 6240
409 2594 6239
408 2595 6238
407 2596 6237
406 2597 6236
405 2598 6235
404 2599 6234
403 2600 6233
402 2601 6232
401 2602 6231
400 2603 6230
399 2604 6229
398 2605 6228
397 2606 6227
396 2607 6226
395 2608 6225
394 2609 6224
393 2610 6223
392 2611 6222
391 2612 6221
390 2613 6220
389 2614 6219
388 2615 6218
387 2616 6217
386 2617 6216
385 2618 6215
384 2619 6214
383 2620 6213
382 2621 6212
381 2622 6211
380 2623 6210
379 2624 6209
378 2625 6208
377 2626 6207
376 2627 6206
375 2628 6205
374 2629 6204
373 2630 6203
372 2631 6202
371 2632 6201
370 2633 6200
369 2634 6199
368 2635 6198
367 2636 6197
366 2637 6196
365 2638 6195
364 2639 6194
363 2640 6193
362 2641 6192
361 2642 6191
360 2643 6190
359 2644 6189
358 2645 6188
357 2646 6187
356 2647 6186
355 2648 6185
354 2649 6184
353 2650 6183
352 2651 6182
351 2652 6181
350 2653 6180
349 2654 6179
348 2655 6178
347 2656 6177
346 2657 6176
345 2658 6175
344 2659 6174
343 2660 6173
342 2661 6172
341 2662 6171
340 2663 6170
339 2664 6169
338 2665 6168
337 2666 6167
336 2667 6166
335 2668 6165
334 2669 6164
333 2670 6163
332 2671 6162
331 2672 6161
330 2673 6160
329 2674 6159
328 2675 6158
327 2676 6157
326 2677 6156
325 2678 6155
324 2679 6154
323 2680 6153
322 2681 6152
321 2682 6151
320 2683 6150
319 2684 6149
318 2685 6148
317 2686 6147
316 2687 6146
315 2688 6145
314 2689 6144
313 2690 6143
312 2691 6142
311 2692 6141
310 2693 6140
309 2694 6139
308 2695 6138
307 2696 6137
306 2697 6136
305 2698 6135
304 2699 6134
303 2700 6133
302 2701 6132
301 2702 6131
300 2703 6130
299 2704 6129
298 2705 6128
297 2706 6127
296 2707 6126
295 2708 6125
294 2709 6124
293 2710 6123
292 2711 6122
291 2712 6121
290 2713 6120
289 2714 6119
288 2715 6118
287 2716 6117
286 2717 6116
285 2718 6115
284 2719 6114
283 2720 6113
282 2721 6112
281 2722 6111
280 2723 6110
279 2724 6109
278 2725 6108
277 2726 6107
276 2727 6106
275 2728 6105
274 2729 6104
273 2730 6103
272 2731 6102
271 2732 6101
270 2733 6100
269 2734 6099
268 2735 6098
267 2736 6097
266 2737 6096
265 2738 6095
264 2739 6094
263 2740 6093
262 2741 6092
261 2742 6091
260 2743 6090
259 2744 6089
258 2745 6088
257 2746 6087
256 2747 6086
255 2748 6085
254 2749 6084
253 2750 6083
252 2751 6082
251 2752 6081
250 2753 6080
249 2754 6079
248 2755 6078
247 2756 6077
246 2757 6076
245 2758 6075
244 2759 6074
243 2760 6073
242 2761 6072
241 2762 6071
240 2763 6070
239 2764 6069
238 2765 6068
237 2766 6067
236 2767 6066
235 2768 6065
234 2769 6064
233 2770 6063
232 2771 6062
231 2772 6061
230 2773 6060
229 2774 6059
228 2775 6058
227 2776 6057
226 2777 6056
225 2778 6055
224 2779 6054
223 2780 6053
222 2781 6052
221 2782 6051
220 2783 6050
219 2784 6049
218 2785 6048
217 2786 6047
216 2787 6046
215 2788 6045
214 2789 6044
213 2790 6043
212 2791 6042
211 2792 6041
210 2793 6040
209 2794 6039
208 2795 6038
207 2796 6037
206 2797 6036
205 2798 6035
204 2799 6034
203 2800 6033
202 2801 6032
201 2802 6031
200 2803 6030
199 2804 6029
198 2805 6028
197 2806 6027
196 2807 6026
195 2808 6025
194 2809 6024
193 2810 6023
192 2811 6022
191 2812 6021
190 2813 6020
189 2814 6019
188 2815 6018
187 2816 6017
186 2817 6016
185 2818 6015
184 2819 6014
183 2820 6013
182 2821 6012
181 2822 6011
180 2823 6010
179 2824 6009
178 2825 6008
177 2826 6007
176 2827 6006
175 2828 6005
174 2829 6004
173 2830 6003
172 2831 6002
171 2832 6001
