1016
3000 3 7016
2999 4 7015
2998 5 7014
2997 6 7013
2996 7 7012
2995 8 7011
2994 9 7010
2993 10 7009
2992 11 7008
2991 12 7007
2990 13 7006
2989 14 7005
2988 15 7004
2987 16 7003
2986 17 7002
2985 18 7001
2984 19 7000
2983 20 6999
2982 21 6998
2981 22 6997
2980 23 6996
2979 24 6995
2978 25 6994
2977 26 6993
2976 27 6992
2975 28 6991
2974 29 6990
2973 30 6989
2972 31 6988
2971 32 6987
2970 33 6986
2969 34 6985
2968 35 6984
2967 36 6983
2966 37 6982
2965 38 6981
2964 39 6980
2963 40 6979
2962 41 6978
2961 42 6977
2960 43 6976
2959 44 6975
2958 45 6974
2957 46 6973
2956 47 6972
2955 48 6971
2954 49 6970
2953 50 6969
2952 51 6968
2951 52 6967
2950 53 6966
2949 54 6965
2948 55 6964
2947 56 6963
2946 57 6962
2945 58 6961
2944 59 6960
2943 60 6959
2942 61 6958
2941 62 6957
2940 63 6956
2939 64 6955
2938 65 6954
2937 66 6953
2936 67 6952
2935 68 6951
2934 69 6950
2933 70 6949
2932 71 6948
2931 72 6947
2930 73 6946
2929 74 6945
2928 75 6944
2927 76 6943
2926 77 6942
2925 78 6941
2924 79 6940
2923 80 6939
2922 81 6938
2921 82 6937
2920 83 6936
2919 84 6935
2918 85 6934
2917 86 6933
2916 87 6932
2915 88 6931
2914 89 6930
2913 90 6929
2912 91 6928
2911 92 6927
2910 93 6926
2909 94 6925
2908 95 6924
2907 96 6923
2906 97 6922
2905 98 6921
2904 99 6920
2903 100 6919
2902 101 6918
2901 102 6917
2900 103 6916
2899 104 6915
2898 105 6914
2897 106 6913
2896 107 6912
2895 108 6911
2894 109 6910
2893 110 6909
2892 111 6908
2891 112 6907
2890 113 6906
2889 114 6905
2888 115 6904
2887 116 6903
2886 117 6902
2885 118 6901
2884 119 6900
2883 120 6899
2882 121 6898
2881 122 6897
2880 123 6896
2879 124 6895
2878 125 6894
2877 126 6893
2876 127 6892
2875 128 6891
2874 129 6890
2873 130 6889
2872 131 6888
2871 132 6887
2870 133 6886
2869 134 6885
2868 135 6884
2867 136 6883
2866 137 6882
2865 138 6881
2864 139 6880
2863 140 6879
2862 141 6878
2861 142 6877
2860 143 6876
2859 144 6875
2858 145 6874
2857 146 6873
2856 147 6872
2855 148 6871
2854 149 6870
2853 150 6869
2852 151 6868
2851 152 6867
2850 153 6866
2849 154 6865
2848 155 6864
2847 156 6863
2846 157 6862
2845 158 6861
2844 159 6860
2843 160 6859
2842 161 6858
2841 162 6857
2840 163 6856
2839 164 6855
2838 165 6854
2837 166 6853
2836 167 6852
2835 168 6851
2834 169 6850
2833 170 6849
2832 171 6848
2831 172 6847
2830 173 6846
2829 174 6845
2828 175 6844
2827 176 6843
2826 177 6842
2825 178 6841
2824 179 6840
2823 180 6839
2822 181 6838
2821 182 6837
2820 183 6836
2819 184 6835
2818 185 6834
2817 186 6833
2816 187 6832
2815 188 6831
2814 189 6830
2813 190 6829
2812 191 6828
2811 192 6827
2810 193 6826
2809 194 6825
2808 195 6824
2807 196 6823
2806 197 6822
2805 198 6821
2804 199 6820
2803 200 6819
2802 201 6818
2801 202 6817
2800 203 6816
2799 204 6815
2798 205 6814
2797 206 6813
2796 207 6812
2795 208 6811
2794 209 6810
2793 210 6809
2792 211 6808
2791 212 6807
2790 213 6806
2789 214 6805
2788 215 6804
2787 216 6803
2786 217 6802
2785 218 6801
2784 219 6800
2783 220 6799
2782 221 6798
2781 222 6797
2780 223 6796
2779 224 6795
2778 225 6794
2777 226 6793
2776 227 6792
2775 228 6791
2774 229 6790
2773 230 6789
2772 231 6788
2771 232 6787
2770 233 6786
2769 234 6785
2768 235 6784
2767 236 6783
2766 237 6782
2765 238 6781
2764 239 6780
2763 240 6779
2762 241 6778
2761 242 6777
2760 243 6776
2759 244 6775
2758 245 6774
2757 246 6773
2756 247 6772
2755 248 6771
2754 249 6770
2753 250 6769
2752 251 6768
2751 252 6767
2750 253 6766
2749 254 6765
2748 255 6764
2747 256 6763
2746 257 6762
2745 258 6761
2744 259 6760
2743 260 6759
2742 261 6758
2741 262 6757
2740 263 6756
2739 264 6755
2738 265 6754
2737 266 6753
2736 267 6752
2735 268 6751
2734 269 6750
2733 270 6749
2732 271 6748
2731 272 6747
2730 273 6746
2729 274 6745
2728 275 6744
2727 276 6743
2726 277 6742
2725 278 6741
2724 279 6740
2723 280 6739
2722 281 6738
2721 282 6737
2720 283 6736
2719 284 6735
2718 285 6734
2717 286 6733
2716 287 6732
2715 288 6731
2714 289 6730
2713 290 6729
2712 291 6728
2711 292 6727
2710 293 6726
2709 294 6725
2708 295 6724
2707 296 6723
2706 297 6722
2705 298 6721
2704 299 6720
2703 300 6719
2702 301 6718
2701 302 6717
2700 303 6716
2699 304 6715
2698 305 6714
2697 306 6713
2696 307 6712
2695 308 6711
2694 309 6710
2693 310 6709
2692 311 6708
2691 312 6707
2690 313 6706
2689 314 6705
2688 315 6704
2687 316 6703
2686 317 6702
2685 318 6701
2684 319 6700
2683 320 6699
2682 321 6698
2681 322 6697
2680 323 6696
2679 324 6695
2678 325 6694
2677 326 6693
2676 327 6692
2675 328 6691
2674 329 6690
2673 330 6689
2672 331 6688
2671 332 6687
2670 333 6686
2669 334 6685
2668 335 6684
2667 336 6683
2666 337 6682
2665 338 6681
2664 339 6680
2663 340 6679
2662 341 6678
2661 342 6677
2660 343 6676
2659 344 6675
2658 345 6674
2657 346 6673
2656 347 6672
2655 348 6671
2654 349 6670
2653 350 6669
2652 351 6668
2651 352 6667
2650 353 6666
2649 354 6665
2648 355 6664
2647 356 6663
2646 357 6662
2645 358 6661
2644 359 6660
2643 360 6659
2642 361 6658
2641 362 6657
2640 363 6656
2639 364 6655
2638 365 6654
2637 366 6653
2636 367 6652
2635 368 6651
2634 369 6650
2633 370 6649
2632 371 6648
2631 372 6647
2630 373 6646
2629 374 6645
2628 375 6644
2627 376 6643
2626 377 6642
2625 378 6641
2624 379 6640
2623 380 6639
2622 381 6638
2621 382 6637
2620 383 6636
2619 384 6635
2618 385 6634
2617 386 6633
2616 387 6632
2615 388 6631
2614 389 6630
2613 390 6629
2612 391 6628
2611 392 6627
2610 393 6626
2609 394 6625
2608 395 6624
2607 396 6623
2606 397 6622
2605 398 6621
2604 399 6620
2603 400 6619
2602 401 6618
2601 402 6617
2600 403 6616
2599 404 6615
2598 405 6614
2597 406 6613
2596 407 6612
2595 408 6611
2594 409 6610
2593 410 6609
2592 411 6608
2591 412 6607
2590 413 6606
2589 414 6605
2588 415 6604
2587 416 6603
2586 417 6602
2585 418 6601
2584 419 6600
2583 420 6599
2582 421 6598
2581 422 6597
2580 423 6596
2579 424 6595
2578 425 6594
2577 426 6593
2576 427 6592
2575 428 6591
2574 429 6590
2573 430 6589
2572 431 6588
2571 432 6587
2570 433 6586
2569 434 6585
2568 435 6584
2567 436 6583
2566 437 6582
2565 438 6581
2564 439 6580
2563 440 6579
2562 441 6578
2561 442 6577
2560 443 6576
2559 444 6575
2558 445 6574
2557 446 6573
2556 447 6572
2555 448 6571
2554 449 6570
2553 450 6569
2552 451 6568
2551 452 6567
2550 453 6566
2549 454 6565
2548 455 6564
2547 456 6563
2546 457 6562
2545 458 6561
2544 459 6560
2543 460 6559
2542 461 6558
2541 462 6557
2540 463 6556
2539 464 6555
2538 465 6554
2537 466 6553
2536 467 6552
2535 468 6551
2534 469 6550
2533 470 6549
2532 471 6548
2531 472 6547
2530 473 6546
2529 474 6545
2528 475 6544
2527 476 6543
2526 477 6542
2525 478 6541
2524 479 6540
2523 480 6539
2522 481 6538
2521 482 6537
2520 483 6536
2519 484 6535
2518 485 6534
2517 486 6533
2516 487 6532
2515 488 6531
2514 489 6530
2513 490 6529
2512 491 6528
2511 492 6527
2510 493 6526
2509 494 6525
2508 495 6524
2507 496 6523
2506 497 6522
2505 498 6521
2504 499 6520
2503 500 6519
2502 501 6518
2501 502 6517
2500 503 6516
2499 504 6515
2498 505 6514
2497 506 6513
2496 507 6512
2495 508 6511
2494 509 6510
2493 510 6509
2492 511 6508
2491 512 6507
2490 513 6506
2489 514 6505
2488 515 6504
2487 516 6503
2486 517 6502
2485 518 6501
2484 519 6500
2483 520 6499
2482 521 6498
2481 522 6497
2480 523 6496
2479 524 6495
2478 525 6494
2477 526 6493
2476 527 6492
2475 528 6491
2474 529 6490
2473 530 6489
2472 531 6488
2471 532 6487
2470 533 6486
2469 534 6485
2468 535 6484
2467 536 6483
2466 537 6482
2465 538 6481
2464 539 6480
2463 540 6479
2462 541 6478
2461 542 6477
2460 543 6476
2459 544 6475
2458 545 6474
2457 546 6473
2456 547 6472
2455 548 6471
2454 549 6470
2453 550 6469
2452 551 6468
2451 552 6467
2450 553 6466
2449 554 6465
2448 555 6464
2447 556 6463
2446 557 6462
2445 558 6461
2444 559 6460
2443 560 6459
2442 561 6458
2441 562 6457
2440 563 6456
2439 564 6455
2438 565 6454
2437 566 6453
2436 567 6452
2435 568 6451
2434 569 6450
2433 570 6449
2432 571 6448
2431 572 6447
2430 573 6446
2429 574 6445
2428 575 6444
2427 576 6443
2426 577 6442
2425 578 6441
2424 579 6440
2423 580 6439
2422 581 6438
2421 582 6437
2420 583 6436
2419 584 6435
2418 585 6434
2417 586 6433
2416 587 6432
2415 588 6431
2414 589 6430
2413 590 6429
2412 591 6428
2411 592 6427
2410 593 6426
2409 594 6425
2408 595 6424
2407 596 6423
2406 597 6422
2405 598 6421
2404 599 6420
2403 600 6419
2402 601 6418
2401 602 6417
2400 603 6416
2399 604 6415
2398 605 6414
2397 606 6413
2396 607 6412
2395 608 6411
2394 609 6410
2393 610 6409
2392 611 6408
2391 612 6407
2390 613 6406
2389 614 6405
2388 615 6404
2387 616 6403
2386 617 6402
2385 618 6401
2384 619 6400
2383 620 6399
2382 621 6398
2381 622 6397
2380 623 6396
2379 624 6395
2378 625 6394
2377 626 6393
2376 627 6392
2375 628 6391
2374 629 6390
2373 630 6389
2372 631 6388
2371 632 6387
2370 633 6386
2369 634 6385
2368 635 6384
2367 636 6383
2366 637 6382
2365 638 6381
2364 639 6380
2363 640 6379
2362 641 6378
2361 642 6377
2360 643 6376
2359 644 6375
2358 645 6374
2357 646 6373
2356 647 6372
2355 648 6371
2354 649 6370
2353 650 6369
2352 651 6368
2351 652 6367
2350 653 6366
2349 654 6365
2348 655 6364
2347 656 6363
2346 657 6362
2345 658 6361
2344 659 6360
2343 660 6359
2342 661 6358
2341 662 6357
2340 663 6356
2339 664 6355
2338 665 6354
2337 666 6353
2336 667 6352
2335 668 6351
2334 669 6350
2333 670 6349
2332 671 6348
2331 672 6347
2330 673 6346
2329 674 6345
2328 675 6344
2327 676 6343
2326 677 6342
2325 678 6341
2324 679 6340
2323 680 6339
2322 681 6338
2321 682 6337
2320 683 6336
2319 684 6335
2318 685 6334
2317 686 6333
2316 687 6332
2315 688 6331
2314 689 6330
2313 690 6329
2312 691 6328
2311 692 6327
2310 693 6326
2309 694 6325
2308 695 6324
2307 696 6323
2306 697 6322
2305 698 6321
2304 699 6320
2303 700 6319
2302 701 6318
2301 702 6317
2300 703 6316
2299 704 6315
2298 705 6314
2297 706 6313
2296 707 6312
2295 708 6311
2294 709 6310
2293 710 6309
2292 711 6308
2291 712 6307
2290 713 6306
2289 714 6305
2288 715 6304
2287 716 6303
2286 717 6302
2285 718 6301
2284 719 6300
2283 720 6299
2282 721 6298
2281 722 6297
2280 723 6296
2279 724 6295
2278 725 6294
2277 726 6293
2276 727 6292
2275 728 6291
2274 729 6290
2273 730 6289
2272 731 6288
2271 732 6287
2270 733 6286
2269 734 6285
2268 735 6284
2267 736 6283
2266 737 6282
2265 738 6281
2264 739 6280
2263 740 6279
2262 741 6278
2261 742 6277
2260 743 6276
2259 744 6275
2258 745 6274
2257 746 6273
2256 747 6272
2255 748 6271
2254 749 6270
2253 750 6269
2252 751 6268
2251 752 6267
2250 753 6266
2249 754 6265
2248 755 6264
2247 756 6263
2246 757 6262
2245 758 6261
2244 759 6260
2243 760 6259
2242 761 6258
2241 762 6257
2240 763 6256
2239 764 6255
2238 765 6254
2237 766 6253
2236 767 6252
2235 768 6251
2234 769 6250
2233 770 6249
2232 771 6248
2231 772 6247
2230 773 6246
2229 774 6245
2228 775 6244
2227 776 6243
2226 777 6242
2225 778 6241
2224 779 6240
2223 780 6239
2222 781 6238
2221 782 6237
2220 783 6236
2219 784 6235
2218 785 6234
2217 786 6233
2216 787 6232
2215 788 6231
2214 789 6230
2213 790 6229
2212 791 6228
2211 792 6227
2210 793 6226
2209 794 6225
2208 795 6224
2207 796 6223
2206 797 6222
2205 798 6221
2204 799 6220
2203 800 6219
2202 801 6218
2201 802 6217
2200 803 6216
2199 804 6215
2198 805 6214
2197 806 6213
2196 807 6212
2195 808 6211
2194 809 6210
2193 810 6209
2192 811 6208
2191 812 6207
2190 813 6206
2189 814 6205
2188 815 6204
2187 816 6203
2186 817 6202
2185 818 6201
2184 819 6200
2183 820 6199
2182 821 6198
2181 822 6197
2180 823 6196
2179 824 6195
2178 825 6194
2177 826 6193
2176 827 6192
2175 828 6191
2174 829 6190
2173 830 6189
2172 831 6188
2171 832 6187
2170 833 6186
2169 834 6185
2168 835 6184
2167 836 6183
2166 837 6182
2165 838 6181
2164 839 6180
2163 840 6179
2162 841 6178
2161 842 6177
2160 843 6176
2159 844 6175
2158 845 6174
2157 846 6173
2156 847 6172
2155 848 6171
2154 849 6170
2153 850 6169
2152 851 6168
2151 852 6167
2150 853 6166
2149 854 6165
2148 855 6164
2147 856 6163
2146 857 6162
2145 858 6161
2144 859 6160
2143 860 6159
2142 861 6158
2141 862 6157
2140 863 6156
2139 864 6155
2138 865 6154
2137 866 6153
2136 867 6152
2135 868 6151
2134 869 6150
2133 870 6149
2132 871 6148
2131 872 6147
2130 873 6146
2129 874 6145
2128 875 6144
2127 876 6143
2126 877 6142
2125 878 6141
2124 879 6140
2123 880 6139
2122 881 6138
2121 882 6137
2120 883 6136
2119 884 6135
2118 885 6134
2117 886 6133
2116 887 6132
2115 888 6131
2114 889 6130
2113 890 6129
2112 891 6128
2111 892 6127
2110 893 6126
2109 894 6125
2108 895 6124
2107 896 6123
2106 897 6122
2105 898 6121
2104 899 6120
2103 900 6119
2102 901 6118
2101 902 6117
2100 903 6116
2099 904 6115
2098 905 6114
2097 906 6113
2096 907 6112
2095 908 6111
2094 909 6110
2093 910 6109
2092 911 6108
2091 912 6107
2090 913 6106
2089 914 6105
2088 915 6104
2087 916 6103
2086 917 6102
2085 918 6101
2084 919 6100
2083 920 6099
2082 921 6098
2081 922 6097
2080 923 6096
2079 924 6095
2078 925 6094
2077 926 6093
2076 927 6092
2075 928 6091
2074 929 6090
2073 930 6089
2072 931 6088
2071 932 6087
2070 933 6086
2069 934 6085
2068 935 6084
2067 936 6083
2066 937 6082
2065 938 6081
2064 939 6080
2063 940 6079
2062 941 6078
2061 942 6077
2060 943 6076
2059 944 6075
2058 945 6074
2057 946 6073
2056 947 6072
2055 948 6071
2054 949 6070
2053 950 6069
2052 951 6068
2051 952 6067
2050 953 6066
2049 954 6065
2048 955 6064
2047 956 6063
2046 957 6062
2045 958 6061
2044 959 6060
2043 960 6059
2042 961 6058
2041 962 6057
2040 963 6056
2039 964 6055
2038 965 6054
2037 966 6053
2036 967 6052
2035 968 6051
2034 969 6050
2033 970 6049
2032 971 6048
2031 972 6047
2030 973 6046
2029 974 6045
2028 975 6044
2027 976 6043
2026 977 6042
2025 978 6041
2024 979 6040
2023 980 6039
2022 981 6038
2021 982 6037
2020 983 6036
2019 984 6035
2018 985 6034
2017 986 6033
2016 987 6032
2015 988 6031
2014 989 6030
2013 990 6029
2012 991 6028
2011 992 6027
2010 993 6026
2009 994 6025
2008 995 6024
2007 996 6023
2006 997 6022
2005 998 6021
2004 999 6020
2003 1000 6019
2002 1001 6018
2001 1002 6017
2000 1003 6016
1999 1004 6015
1998 1005 6014
1997 1006 6013
1996 1007 6012
1995 1008 6011
1994 1009 6010
1993 1010 6009
1992 1011 6008
1991 1012 6007
1990 1013 6006
1989 1014 6005
1988 1015 6004
1987 1016 6003
1986 1017 6002
1985 1018 6001
