77
3000 3 6077
2999 4 6076
2998 5 6075
2997 6 6074
2996 7 6073
2995 8 6072
2994 9 6071
2993 10 6070
2992 11 6069
2991 12 6068
2990 13 6067
2989 14 6066
2988 15 6065
2987 16 6064
2986 17 6063
2985 18 6062
2984 19 6061
2983 20 6060
2982 21 6059
2981 22 6058
2980 23 6057
2979 24 6056
2978 25 6055
2977 26 6054
2976 27 6053
2975 28 6052
2974 29 6051
2973 30 6050
2972 31 6049
2971 32 6048
2970 33 6047
2969 34 6046
2968 35 6045
2967 36 6044
2966 37 6043
2965 38 6042
2964 39 6041
2963 40 6040
2962 41 6039
2961 42 6038
2960 43 6037
2959 44 6036
2958 45 6035
2957 46 6034
2956 47 6033
2955 48 6032
2954 49 6031
2953 50 6030
2952 51 6029
2951 52 6028
2950 53 6027
2949 54 6026
2948 55 6025
2947 56 6024
2946 57 6023
2945 58 6022
2944 59 6021
2943 60 6020
2942 61 6019
2941 62 6018
2940 63 6017
2939 64 6016
2938 65 6015
2937 66 6014
2936 67 6013
2935 68 6012
2934 69 6011
2933 70 6010
2932 71 6009
2931 72 6008
2930 73 6007
2929 74 6006
2928 75 6005
2927 76 6004
2926 77 6003
2925 78 6002
2924 79 6001
