2732
3000 3 8732
2999 4 8731
2998 5 8730
2997 6 8729
2996 7 8728
2995 8 8727
2994 9 8726
2993 10 8725
2992 11 8724
2991 12 8723
2990 13 8722
2989 14 8721
2988 15 8720
2987 16 8719
2986 17 8718
2985 18 8717
2984 19 8716
2983 20 8715
2982 21 8714
2981 22 8713
2980 23 8712
2979 24 8711
2978 25 8710
2977 26 8709
2976 27 8708
2975 28 8707
2974 29 8706
2973 30 8705
2972 31 8704
2971 32 8703
2970 33 8702
2969 34 8701
2968 35 8700
2967 36 8699
2966 37 8698
2965 38 8697
2964 39 8696
2963 40 8695
2962 41 8694
2961 42 8693
2960 43 8692
2959 44 8691
2958 45 8690
2957 46 8689
2956 47 8688
2955 48 8687
2954 49 8686
2953 50 8685
2952 51 8684
2951 52 8683
2950 53 8682
2949 54 8681
2948 55 8680
2947 56 8679
2946 57 8678
2945 58 8677
2944 59 8676
2943 60 8675
2942 61 8674
2941 62 8673
2940 63 8672
2939 64 8671
2938 65 8670
2937 66 8669
2936 67 8668
2935 68 8667
2934 69 8666
2933 70 8665
2932 71 8664
2931 72 8663
2930 73 8662
2929 74 8661
2928 75 8660
2927 76 8659
2926 77 8658
2925 78 8657
2924 79 8656
2923 80 8655
2922 81 8654
2921 82 8653
2920 83 8652
2919 84 8651
2918 85 8650
2917 86 8649
2916 87 8648
2915 88 8647
2914 89 8646
2913 90 8645
2912 91 8644
2911 92 8643
2910 93 8642
2909 94 8641
2908 95 8640
2907 96 8639
2906 97 8638
2905 98 8637
2904 99 8636
2903 100 8635
2902 101 8634
2901 102 8633
2900 103 8632
2899 104 8631
2898 105 8630
2897 106 8629
2896 107 8628
2895 108 8627
2894 109 8626
2893 110 8625
2892 111 8624
2891 112 8623
2890 113 8622
2889 114 8621
2888 115 8620
2887 116 8619
2886 117 8618
2885 118 8617
2884 119 8616
2883 120 8615
2882 121 8614
2881 122 8613
2880 123 8612
2879 124 8611
2878 125 8610
2877 126 8609
2876 127 8608
2875 128 8607
2874 129 8606
2873 130 8605
2872 131 8604
2871 132 8603
2870 133 8602
2869 134 8601
2868 135 8600
2867 136 8599
2866 137 8598
2865 138 8597
2864 139 8596
2863 140 8595
2862 141 8594
2861 142 8593
2860 143 8592
2859 144 8591
2858 145 8590
2857 146 8589
2856 147 8588
2855 148 8587
2854 149 8586
2853 150 8585
2852 151 8584
2851 152 8583
2850 153 8582
2849 154 8581
2848 155 8580
2847 156 8579
2846 157 8578
2845 158 8577
2844 159 8576
2843 160 8575
2842 161 8574
2841 162 8573
2840 163 8572
2839 164 8571
2838 165 8570
2837 166 8569
2836 167 8568
2835 168 8567
2834 169 8566
2833 170 8565
2832 171 8564
2831 172 8563
2830 173 8562
2829 174 8561
2828 175 8560
2827 176 8559
2826 177 8558
2825 178 8557
2824 179 8556
2823 180 8555
2822 181 8554
2821 182 8553
2820 183 8552
2819 184 8551
2818 185 8550
2817 186 8549
2816 187 8548
2815 188 8547
2814 189 8546
2813 190 8545
2812 191 8544
2811 192 8543
2810 193 8542
2809 194 8541
2808 195 8540
2807 196 8539
2806 197 8538
2805 198 8537
2804 199 8536
2803 200 8535
2802 201 8534
2801 202 8533
2800 203 8532
2799 204 8531
2798 205 8530
2797 206 8529
2796 207 8528
2795 208 8527
2794 209 8526
2793 210 8525
2792 211 8524
2791 212 8523
2790 213 8522
2789 214 8521
2788 215 8520
2787 216 8519
2786 217 8518
2785 218 8517
2784 219 8516
2783 220 8515
2782 221 8514
2781 222 8513
2780 223 8512
2779 224 8511
2778 225 8510
2777 226 8509
2776 227 8508
2775 228 8507
2774 229 8506
2773 230 8505
2772 231 8504
2771 232 8503
2770 233 8502
2769 234 8501
2768 235 8500
2767 236 8499
2766 237 8498
2765 238 8497
2764 239 8496
2763 240 8495
2762 241 8494
2761 242 8493
2760 243 8492
2759 244 8491
2758 245 8490
2757 246 8489
2756 247 8488
2755 248 8487
2754 249 8486
2753 250 8485
2752 251 8484
2751 252 8483
2750 253 8482
2749 254 8481
2748 255 8480
2747 256 8479
2746 257 8478
2745 258 8477
2744 259 8476
2743 260 8475
2742 261 8474
2741 262 8473
2740 263 8472
2739 264 8471
2738 265 8470
2737 266 8469
2736 267 8468
2735 268 8467
2734 269 8466
2733 270 8465
2732 271 8464
2731 272 8463
2730 273 8462
2729 274 8461
2728 275 8460
2727 276 8459
2726 277 8458
2725 278 8457
2724 279 8456
2723 280 8455
2722 281 8454
2721 282 8453
2720 283 8452
2719 284 8451
2718 285 8450
2717 286 8449
2716 287 8448
2715 288 8447
2714 289 8446
2713 290 8445
2712 291 8444
2711 292 8443
2710 293 8442
2709 294 8441
2708 295 8440
2707 296 8439
2706 297 8438
2705 298 8437
2704 299 8436
2703 300 8435
2702 301 8434
2701 302 8433
2700 303 8432
2699 304 8431
2698 305 8430
2697 306 8429
2696 307 8428
2695 308 8427
2694 309 8426
2693 310 8425
2692 311 8424
2691 312 8423
2690 313 8422
2689 314 8421
2688 315 8420
2687 316 8419
2686 317 8418
2685 318 8417
2684 319 8416
2683 320 8415
2682 321 8414
2681 322 8413
2680 323 8412
2679 324 8411
2678 325 8410
2677 326 8409
2676 327 8408
2675 328 8407
2674 329 8406
2673 330 8405
2672 331 8404
2671 332 8403
2670 333 8402
2669 334 8401
2668 335 8400
2667 336 8399
2666 337 8398
2665 338 8397
2664 339 8396
2663 340 8395
2662 341 8394
2661 342 8393
2660 343 8392
2659 344 8391
2658 345 8390
2657 346 8389
2656 347 8388
2655 348 8387
2654 349 8386
2653 350 8385
2652 351 8384
2651 352 8383
2650 353 8382
2649 354 8381
2648 355 8380
2647 356 8379
2646 357 8378
2645 358 8377
2644 359 8376
2643 360 8375
2642 361 8374
2641 362 8373
2640 363 8372
2639 364 8371
2638 365 8370
2637 366 8369
2636 367 8368
2635 368 8367
2634 369 8366
2633 370 8365
2632 371 8364
2631 372 8363
2630 373 8362
2629 374 8361
2628 375 8360
2627 376 8359
2626 377 8358
2625 378 8357
2624 379 8356
2623 380 8355
2622 381 8354
2621 382 8353
2620 383 8352
2619 384 8351
2618 385 8350
2617 386 8349
2616 387 8348
2615 388 8347
2614 389 8346
2613 390 8345
2612 391 8344
2611 392 8343
2610 393 8342
2609 394 8341
2608 395 8340
2607 396 8339
2606 397 8338
2605 398 8337
2604 399 8336
2603 400 8335
2602 401 8334
2601 402 8333
2600 403 8332
2599 404 8331
2598 405 8330
2597 406 8329
2596 407 8328
2595 408 8327
2594 409 8326
2593 410 8325
2592 411 8324
2591 412 8323
2590 413 8322
2589 414 8321
2588 415 8320
2587 416 8319
2586 417 8318
2585 418 8317
2584 419 8316
2583 420 8315
2582 421 8314
2581 422 8313
2580 423 8312
2579 424 8311
2578 425 8310
2577 426 8309
2576 427 8308
2575 428 8307
2574 429 8306
2573 430 8305
2572 431 8304
2571 432 8303
2570 433 8302
2569 434 8301
2568 435 8300
2567 436 8299
2566 437 8298
2565 438 8297
2564 439 8296
2563 440 8295
2562 441 8294
2561 442 8293
2560 443 8292
2559 444 8291
2558 445 8290
2557 446 8289
2556 447 8288
2555 448 8287
2554 449 8286
2553 450 8285
2552 451 8284
2551 452 8283
2550 453 8282
2549 454 8281
2548 455 8280
2547 456 8279
2546 457 8278
2545 458 8277
2544 459 8276
2543 460 8275
2542 461 8274
2541 462 8273
2540 463 8272
2539 464 8271
2538 465 8270
2537 466 8269
2536 467 8268
2535 468 8267
2534 469 8266
2533 470 8265
2532 471 8264
2531 472 8263
2530 473 8262
2529 474 8261
2528 475 8260
2527 476 8259
2526 477 8258
2525 478 8257
2524 479 8256
2523 480 8255
2522 481 8254
2521 482 8253
2520 483 8252
2519 484 8251
2518 485 8250
2517 486 8249
2516 487 8248
2515 488 8247
2514 489 8246
2513 490 8245
2512 491 8244
2511 492 8243
2510 493 8242
2509 494 8241
2508 495 8240
2507 496 8239
2506 497 8238
2505 498 8237
2504 499 8236
2503 500 8235
2502 501 8234
2501 502 8233
2500 503 8232
2499 504 8231
2498 505 8230
2497 506 8229
2496 507 8228
2495 508 8227
2494 509 8226
2493 510 8225
2492 511 8224
2491 512 8223
2490 513 8222
2489 514 8221
2488 515 8220
2487 516 8219
2486 517 8218
2485 518 8217
2484 519 8216
2483 520 8215
2482 521 8214
2481 522 8213
2480 523 8212
2479 524 8211
2478 525 8210
2477 526 8209
2476 527 8208
2475 528 8207
2474 529 8206
2473 530 8205
2472 531 8204
2471 532 8203
2470 533 8202
2469 534 8201
2468 535 8200
2467 536 8199
2466 537 8198
2465 538 8197
2464 539 8196
2463 540 8195
2462 541 8194
2461 542 8193
2460 543 8192
2459 544 8191
2458 545 8190
2457 546 8189
2456 547 8188
2455 548 8187
2454 549 8186
2453 550 8185
2452 551 8184
2451 552 8183
2450 553 8182
2449 554 8181
2448 555 8180
2447 556 8179
2446 557 8178
2445 558 8177
2444 559 8176
2443 560 8175
2442 561 8174
2441 562 8173
2440 563 8172
2439 564 8171
2438 565 8170
2437 566 8169
2436 567 8168
2435 568 8167
2434 569 8166
2433 570 8165
2432 571 8164
2431 572 8163
2430 573 8162
2429 574 8161
2428 575 8160
2427 576 8159
2426 577 8158
2425 578 8157
2424 579 8156
2423 580 8155
2422 581 8154
2421 582 8153
2420 583 8152
2419 584 8151
2418 585 8150
2417 586 8149
2416 587 8148
2415 588 8147
2414 589 8146
2413 590 8145
2412 591 8144
2411 592 8143
2410 593 8142
2409 594 8141
2408 595 8140
2407 596 8139
2406 597 8138
2405 598 8137
2404 599 8136
2403 600 8135
2402 601 8134
2401 602 8133
2400 603 8132
2399 604 8131
2398 605 8130
2397 606 8129
2396 607 8128
2395 608 8127
2394 609 8126
2393 610 8125
2392 611 8124
2391 612 8123
2390 613 8122
2389 614 8121
2388 615 8120
2387 616 8119
2386 617 8118
2385 618 8117
2384 619 8116
2383 620 8115
2382 621 8114
2381 622 8113
2380 623 8112
2379 624 8111
2378 625 8110
2377 626 8109
2376 627 8108
2375 628 8107
2374 629 8106
2373 630 8105
2372 631 8104
2371 632 8103
2370 633 8102
2369 634 8101
2368 635 8100
2367 636 8099
2366 637 8098
2365 638 8097
2364 639 8096
2363 640 8095
2362 641 8094
2361 642 8093
2360 643 8092
2359 644 8091
2358 645 8090
2357 646 8089
2356 647 8088
2355 648 8087
2354 649 8086
2353 650 8085
2352 651 8084
2351 652 8083
2350 653 8082
2349 654 8081
2348 655 8080
2347 656 8079
2346 657 8078
2345 658 8077
2344 659 8076
2343 660 8075
2342 661 8074
2341 662 8073
2340 663 8072
2339 664 8071
2338 665 8070
2337 666 8069
2336 667 8068
2335 668 8067
2334 669 8066
2333 670 8065
2332 671 8064
2331 672 8063
2330 673 8062
2329 674 8061
2328 675 8060
2327 676 8059
2326 677 8058
2325 678 8057
2324 679 8056
2323 680 8055
2322 681 8054
2321 682 8053
2320 683 8052
2319 684 8051
2318 685 8050
2317 686 8049
2316 687 8048
2315 688 8047
2314 689 8046
2313 690 8045
2312 691 8044
2311 692 8043
2310 693 8042
2309 694 8041
2308 695 8040
2307 696 8039
2306 697 8038
2305 698 8037
2304 699 8036
2303 700 8035
2302 701 8034
2301 702 8033
2300 703 8032
2299 704 8031
2298 705 8030
2297 706 8029
2296 707 8028
2295 708 8027
2294 709 8026
2293 710 8025
2292 711 8024
2291 712 8023
2290 713 8022
2289 714 8021
2288 715 8020
2287 716 8019
2286 717 8018
2285 718 8017
2284 719 8016
2283 720 8015
2282 721 8014
2281 722 8013
2280 723 8012
2279 724 8011
2278 725 8010
2277 726 8009
2276 727 8008
2275 728 8007
2274 729 8006
2273 730 8005
2272 731 8004
2271 732 8003
2270 733 8002
2269 734 8001
2268 735 8000
2267 736 7999
2266 737 7998
2265 738 7997
2264 739 7996
2263 740 7995
2262 741 7994
2261 742 7993
2260 743 7992
2259 744 7991
2258 745 7990
2257 746 7989
2256 747 7988
2255 748 7987
2254 749 7986
2253 750 7985
2252 751 7984
2251 752 7983
2250 753 7982
2249 754 7981
2248 755 7980
2247 756 7979
2246 757 7978
2245 758 7977
2244 759 7976
2243 760 7975
2242 761 7974
2241 762 7973
2240 763 7972
2239 764 7971
2238 765 7970
2237 766 7969
2236 767 7968
2235 768 7967
2234 769 7966
2233 770 7965
2232 771 7964
2231 772 7963
2230 773 7962
2229 774 7961
2228 775 7960
2227 776 7959
2226 777 7958
2225 778 7957
2224 779 7956
2223 780 7955
2222 781 7954
2221 782 7953
2220 783 7952
2219 784 7951
2218 785 7950
2217 786 7949
2216 787 7948
2215 788 7947
2214 789 7946
2213 790 7945
2212 791 7944
2211 792 7943
2210 793 7942
2209 794 7941
2208 795 7940
2207 796 7939
2206 797 7938
2205 798 7937
2204 799 7936
2203 800 7935
2202 801 7934
2201 802 7933
2200 803 7932
2199 804 7931
2198 805 7930
2197 806 7929
2196 807 7928
2195 808 7927
2194 809 7926
2193 810 7925
2192 811 7924
2191 812 7923
2190 813 7922
2189 814 7921
2188 815 7920
2187 816 7919
2186 817 7918
2185 818 7917
2184 819 7916
2183 820 7915
2182 821 7914
2181 822 7913
2180 823 7912
2179 824 7911
2178 825 7910
2177 826 7909
2176 827 7908
2175 828 7907
2174 829 7906
2173 830 7905
2172 831 7904
2171 832 7903
2170 833 7902
2169 834 7901
2168 835 7900
2167 836 7899
2166 837 7898
2165 838 7897
2164 839 7896
2163 840 7895
2162 841 7894
2161 842 7893
2160 843 7892
2159 844 7891
2158 845 7890
2157 846 7889
2156 847 7888
2155 848 7887
2154 849 7886
2153 850 7885
2152 851 7884
2151 852 7883
2150 853 7882
2149 854 7881
2148 855 7880
2147 856 7879
2146 857 7878
2145 858 7877
2144 859 7876
2143 860 7875
2142 861 7874
2141 862 7873
2140 863 7872
2139 864 7871
2138 865 7870
2137 866 7869
2136 867 7868
2135 868 7867
2134 869 7866
2133 870 7865
2132 871 7864
2131 872 7863
2130 873 7862
2129 874 7861
2128 875 7860
2127 876 7859
2126 877 7858
2125 878 7857
2124 879 7856
2123 880 7855
2122 881 7854
2121 882 7853
2120 883 7852
2119 884 7851
2118 885 7850
2117 886 7849
2116 887 7848
2115 888 7847
2114 889 7846
2113 890 7845
2112 891 7844
2111 892 7843
2110 893 7842
2109 894 7841
2108 895 7840
2107 896 7839
2106 897 7838
2105 898 7837
2104 899 7836
2103 900 7835
2102 901 7834
2101 902 7833
2100 903 7832
2099 904 7831
2098 905 7830
2097 906 7829
2096 907 7828
2095 908 7827
2094 909 7826
2093 910 7825
2092 911 7824
2091 912 7823
2090 913 7822
2089 914 7821
2088 915 7820
2087 916 7819
2086 917 7818
2085 918 7817
2084 919 7816
2083 920 7815
2082 921 7814
2081 922 7813
2080 923 7812
2079 924 7811
2078 925 7810
2077 926 7809
2076 927 7808
2075 928 7807
2074 929 7806
2073 930 7805
2072 931 7804
2071 932 7803
2070 933 7802
2069 934 7801
2068 935 7800
2067 936 7799
2066 937 7798
2065 938 7797
2064 939 7796
2063 940 7795
2062 941 7794
2061 942 7793
2060 943 7792
2059 944 7791
2058 945 7790
2057 946 7789
2056 947 7788
2055 948 7787
2054 949 7786
2053 950 7785
2052 951 7784
2051 952 7783
2050 953 7782
2049 954 7781
2048 955 7780
2047 956 7779
2046 957 7778
2045 958 7777
2044 959 7776
2043 960 7775
2042 961 7774
2041 962 7773
2040 963 7772
2039 964 7771
2038 965 7770
2037 966 7769
2036 967 7768
2035 968 7767
2034 969 7766
2033 970 7765
2032 971 7764
2031 972 7763
2030 973 7762
2029 974 7761
2028 975 7760
2027 976 7759
2026 977 7758
2025 978 7757
2024 979 7756
2023 980 7755
2022 981 7754
2021 982 7753
2020 983 7752
2019 984 7751
2018 985 7750
2017 986 7749
2016 987 7748
2015 988 7747
2014 989 7746
2013 990 7745
2012 991 7744
2011 992 7743
2010 993 7742
2009 994 7741
2008 995 7740
2007 996 7739
2006 997 7738
2005 998 7737
2004 999 7736
2003 1000 7735
2002 1001 7734
2001 1002 7733
2000 1003 7732
1999 1004 7731
1998 1005 7730
1997 1006 7729
1996 1007 7728
1995 1008 7727
1994 1009 7726
1993 1010 7725
1992 1011 7724
1991 1012 7723
1990 1013 7722
1989 1014 7721
1988 1015 7720
1987 1016 7719
1986 1017 7718
1985 1018 7717
1984 1019 7716
1983 1020 7715
1982 1021 7714
1981 1022 7713
1980 1023 7712
1979 1024 7711
1978 1025 7710
1977 1026 7709
1976 1027 7708
1975 1028 7707
1974 1029 7706
1973 1030 7705
1972 1031 7704
1971 1032 7703
1970 1033 7702
1969 1034 7701
1968 1035 7700
1967 1036 7699
1966 1037 7698
1965 1038 7697
1964 1039 7696
1963 1040 7695
1962 1041 7694
1961 1042 7693
1960 1043 7692
1959 1044 7691
1958 1045 7690
1957 1046 7689
1956 1047 7688
1955 1048 7687
1954 1049 7686
1953 1050 7685
1952 1051 7684
1951 1052 7683
1950 1053 7682
1949 1054 7681
1948 1055 7680
1947 1056 7679
1946 1057 7678
1945 1058 7677
1944 1059 7676
1943 1060 7675
1942 1061 7674
1941 1062 7673
1940 1063 7672
1939 1064 7671
1938 1065 7670
1937 1066 7669
1936 1067 7668
1935 1068 7667
1934 1069 7666
1933 1070 7665
1932 1071 7664
1931 1072 7663
1930 1073 7662
1929 1074 7661
1928 1075 7660
1927 1076 7659
1926 1077 7658
1925 1078 7657
1924 1079 7656
1923 1080 7655
1922 1081 7654
1921 1082 7653
1920 1083 7652
1919 1084 7651
1918 1085 7650
1917 1086 7649
1916 1087 7648
1915 1088 7647
1914 1089 7646
1913 1090 7645
1912 1091 7644
1911 1092 7643
1910 1093 7642
1909 1094 7641
1908 1095 7640
1907 1096 7639
1906 1097 7638
1905 1098 7637
1904 1099 7636
1903 1100 7635
1902 1101 7634
1901 1102 7633
1900 1103 7632
1899 1104 7631
1898 1105 7630
1897 1106 7629
1896 1107 7628
1895 1108 7627
1894 1109 7626
1893 1110 7625
1892 1111 7624
1891 1112 7623
1890 1113 7622
1889 1114 7621
1888 1115 7620
1887 1116 7619
1886 1117 7618
1885 1118 7617
1884 1119 7616
1883 1120 7615
1882 1121 7614
1881 1122 7613
1880 1123 7612
1879 1124 7611
1878 1125 7610
1877 1126 7609
1876 1127 7608
1875 1128 7607
1874 1129 7606
1873 1130 7605
1872 1131 7604
1871 1132 7603
1870 1133 7602
1869 1134 7601
1868 1135 7600
1867 1136 7599
1866 1137 7598
1865 1138 7597
1864 1139 7596
1863 1140 7595
1862 1141 7594
1861 1142 7593
1860 1143 7592
1859 1144 7591
1858 1145 7590
1857 1146 7589
1856 1147 7588
1855 1148 7587
1854 1149 7586
1853 1150 7585
1852 1151 7584
1851 1152 7583
1850 1153 7582
1849 1154 7581
1848 1155 7580
1847 1156 7579
1846 1157 7578
1845 1158 7577
1844 1159 7576
1843 1160 7575
1842 1161 7574
1841 1162 7573
1840 1163 7572
1839 1164 7571
1838 1165 7570
1837 1166 7569
1836 1167 7568
1835 1168 7567
1834 1169 7566
1833 1170 7565
1832 1171 7564
1831 1172 7563
1830 1173 7562
1829 1174 7561
1828 1175 7560
1827 1176 7559
1826 1177 7558
1825 1178 7557
1824 1179 7556
1823 1180 7555
1822 1181 7554
1821 1182 7553
1820 1183 7552
1819 1184 7551
1818 1185 7550
1817 1186 7549
1816 1187 7548
1815 1188 7547
1814 1189 7546
1813 1190 7545
1812 1191 7544
1811 1192 7543
1810 1193 7542
1809 1194 7541
1808 1195 7540
1807 1196 7539
1806 1197 7538
1805 1198 7537
1804 1199 7536
1803 1200 7535
1802 1201 7534
1801 1202 7533
1800 1203 7532
1799 1204 7531
1798 1205 7530
1797 1206 7529
1796 1207 7528
1795 1208 7527
1794 1209 7526
1793 1210 7525
1792 1211 7524
1791 1212 7523
1790 1213 7522
1789 1214 7521
1788 1215 7520
1787 1216 7519
1786 1217 7518
1785 1218 7517
1784 1219 7516
1783 1220 7515
1782 1221 7514
1781 1222 7513
1780 1223 7512
1779 1224 7511
1778 1225 7510
1777 1226 7509
1776 1227 7508
1775 1228 7507
1774 1229 7506
1773 1230 7505
1772 1231 7504
1771 1232 7503
1770 1233 7502
1769 1234 7501
1768 1235 7500
1767 1236 7499
1766 1237 7498
1765 1238 7497
1764 1239 7496
1763 1240 7495
1762 1241 7494
1761 1242 7493
1760 1243 7492
1759 1244 7491
1758 1245 7490
1757 1246 7489
1756 1247 7488
1755 1248 7487
1754 1249 7486
1753 1250 7485
1752 1251 7484
1751 1252 7483
1750 1253 7482
1749 1254 7481
1748 1255 7480
1747 1256 7479
1746 1257 7478
1745 1258 7477
1744 1259 7476
1743 1260 7475
1742 1261 7474
1741 1262 7473
1740 1263 7472
1739 1264 7471
1738 1265 7470
1737 1266 7469
1736 1267 7468
1735 1268 7467
1734 1269 7466
1733 1270 7465
1732 1271 7464
1731 1272 7463
1730 1273 7462
1729 1274 7461
1728 1275 7460
1727 1276 7459
1726 1277 7458
1725 1278 7457
1724 1279 7456
1723 1280 7455
1722 1281 7454
1721 1282 7453
1720 1283 7452
1719 1284 7451
1718 1285 7450
1717 1286 7449
1716 1287 7448
1715 1288 7447
1714 1289 7446
1713 1290 7445
1712 1291 7444
1711 1292 7443
1710 1293 7442
1709 1294 7441
1708 1295 7440
1707 1296 7439
1706 1297 7438
1705 1298 7437
1704 1299 7436
1703 1300 7435
1702 1301 7434
1701 1302 7433
1700 1303 7432
1699 1304 7431
1698 1305 7430
1697 1306 7429
1696 1307 7428
1695 1308 7427
1694 1309 7426
1693 1310 7425
1692 1311 7424
1691 1312 7423
1690 1313 7422
1689 1314 7421
1688 1315 7420
1687 1316 7419
1686 1317 7418
1685 1318 7417
1684 1319 7416
1683 1320 7415
1682 1321 7414
1681 1322 7413
1680 1323 7412
1679 1324 7411
1678 1325 7410
1677 1326 7409
1676 1327 7408
1675 1328 7407
1674 1329 7406
1673 1330 7405
1672 1331 7404
1671 1332 7403
1670 1333 7402
1669 1334 7401
1668 1335 7400
1667 1336 7399
1666 1337 7398
1665 1338 7397
1664 1339 7396
1663 1340 7395
1662 1341 7394
1661 1342 7393
1660 1343 7392
1659 1344 7391
1658 1345 7390
1657 1346 7389
1656 1347 7388
1655 1348 7387
1654 1349 7386
1653 1350 7385
1652 1351 7384
1651 1352 7383
1650 1353 7382
1649 1354 7381
1648 1355 7380
1647 1356 7379
1646 1357 7378
1645 1358 7377
1644 1359 7376
1643 1360 7375
1642 1361 7374
1641 1362 7373
1640 1363 7372
1639 1364 7371
1638 1365 7370
1637 1366 7369
1636 1367 7368
1635 1368 7367
1634 1369 7366
1633 1370 7365
1632 1371 7364
1631 1372 7363
1630 1373 7362
1629 1374 7361
1628 1375 7360
1627 1376 7359
1626 1377 7358
1625 1378 7357
1624 1379 7356
1623 1380 7355
1622 1381 7354
1621 1382 7353
1620 1383 7352
1619 1384 7351
1618 1385 7350
1617 1386 7349
1616 1387 7348
1615 1388 7347
1614 1389 7346
1613 1390 7345
1612 1391 7344
1611 1392 7343
1610 1393 7342
1609 1394 7341
1608 1395 7340
1607 1396 7339
1606 1397 7338
1605 1398 7337
1604 1399 7336
1603 1400 7335
1602 1401 7334
1601 1402 7333
1600 1403 7332
1599 1404 7331
1598 1405 7330
1597 1406 7329
1596 1407 7328
1595 1408 7327
1594 1409 7326
1593 1410 7325
1592 1411 7324
1591 1412 7323
1590 1413 7322
1589 1414 7321
1588 1415 7320
1587 1416 7319
1586 1417 7318
1585 1418 7317
1584 1419 7316
1583 1420 7315
1582 1421 7314
1581 1422 7313
1580 1423 7312
1579 1424 7311
1578 1425 7310
1577 1426 7309
1576 1427 7308
1575 1428 7307
1574 1429 7306
1573 1430 7305
1572 1431 7304
1571 1432 7303
1570 1433 7302
1569 1434 7301
1568 1435 7300
1567 1436 7299
1566 1437 7298
1565 1438 7297
1564 1439 7296
1563 1440 7295
1562 1441 7294
1561 1442 7293
1560 1443 7292
1559 1444 7291
1558 1445 7290
1557 1446 7289
1556 1447 7288
1555 1448 7287
1554 1449 7286
1553 1450 7285
1552 1451 7284
1551 1452 7283
1550 1453 7282
1549 1454 7281
1548 1455 7280
1547 1456 7279
1546 1457 7278
1545 1458 7277
1544 1459 7276
1543 1460 7275
1542 1461 7274
1541 1462 7273
1540 1463 7272
1539 1464 7271
1538 1465 7270
1537 1466 7269
1536 1467 7268
1535 1468 7267
1534 1469 7266
1533 1470 7265
1532 1471 7264
1531 1472 7263
1530 1473 7262
1529 1474 7261
1528 1475 7260
1527 1476 7259
1526 1477 7258
1525 1478 7257
1524 1479 7256
1523 1480 7255
1522 1481 7254
1521 1482 7253
1520 1483 7252
1519 1484 7251
1518 1485 7250
1517 1486 7249
1516 1487 7248
1515 1488 7247
1514 1489 7246
1513 1490 7245
1512 1491 7244
1511 1492 7243
1510 1493 7242
1509 1494 7241
1508 1495 7240
1507 1496 7239
1506 1497 7238
1505 1498 7237
1504 1499 7236
1503 1500 7235
1502 1501 7234
1501 1502 7233
1500 1503 7232
1499 1504 7231
1498 1505 7230
1497 1506 7229
1496 1507 7228
1495 1508 7227
1494 1509 7226
1493 1510 7225
1492 1511 7224
1491 1512 7223
1490 1513 7222
1489 1514 7221
1488 1515 7220
1487 1516 7219
1486 1517 7218
1485 1518 7217
1484 1519 7216
1483 1520 7215
1482 1521 7214
1481 1522 7213
1480 1523 7212
1479 1524 7211
1478 1525 7210
1477 1526 7209
1476 1527 7208
1475 1528 7207
1474 1529 7206
1473 1530 7205
1472 1531 7204
1471 1532 7203
1470 1533 7202
1469 1534 7201
1468 1535 7200
1467 1536 7199
1466 1537 7198
1465 1538 7197
1464 1539 7196
1463 1540 7195
1462 1541 7194
1461 1542 7193
1460 1543 7192
1459 1544 7191
1458 1545 7190
1457 1546 7189
1456 1547 7188
1455 1548 7187
1454 1549 7186
1453 1550 7185
1452 1551 7184
1451 1552 7183
1450 1553 7182
1449 1554 7181
1448 1555 7180
1447 1556 7179
1446 1557 7178
1445 1558 7177
1444 1559 7176
1443 1560 7175
1442 1561 7174
1441 1562 7173
1440 1563 7172
1439 1564 7171
1438 1565 7170
1437 1566 7169
1436 1567 7168
1435 1568 7167
1434 1569 7166
1433 1570 7165
1432 1571 7164
1431 1572 7163
1430 1573 7162
1429 1574 7161
1428 1575 7160
1427 1576 7159
1426 1577 7158
1425 1578 7157
1424 1579 7156
1423 1580 7155
1422 1581 7154
1421 1582 7153
1420 1583 7152
1419 1584 7151
1418 1585 7150
1417 1586 7149
1416 1587 7148
1415 1588 7147
1414 1589 7146
1413 1590 7145
1412 1591 7144
1411 1592 7143
1410 1593 7142
1409 1594 7141
1408 1595 7140
1407 1596 7139
1406 1597 7138
1405 1598 7137
1404 1599 7136
1403 1600 7135
1402 1601 7134
1401 1602 7133
1400 1603 7132
1399 1604 7131
1398 1605 7130
1397 1606 7129
1396 1607 7128
1395 1608 7127
1394 1609 7126
1393 1610 7125
1392 1611 7124
1391 1612 7123
1390 1613 7122
1389 1614 7121
1388 1615 7120
1387 1616 7119
1386 1617 7118
1385 1618 7117
1384 1619 7116
1383 1620 7115
1382 1621 7114
1381 1622 7113
1380 1623 7112
1379 1624 7111
1378 1625 7110
1377 1626 7109
1376 1627 7108
1375 1628 7107
1374 1629 7106
1373 1630 7105
1372 1631 7104
1371 1632 7103
1370 1633 7102
1369 1634 7101
1368 1635 7100
1367 1636 7099
1366 1637 7098
1365 1638 7097
1364 1639 7096
1363 1640 7095
1362 1641 7094
1361 1642 7093
1360 1643 7092
1359 1644 7091
1358 1645 7090
1357 1646 7089
1356 1647 7088
1355 1648 7087
1354 1649 7086
1353 1650 7085
1352 1651 7084
1351 1652 7083
1350 1653 7082
1349 1654 7081
1348 1655 7080
1347 1656 7079
1346 1657 7078
1345 1658 7077
1344 1659 7076
1343 1660 7075
1342 1661 7074
1341 1662 7073
1340 1663 7072
1339 1664 7071
1338 1665 7070
1337 1666 7069
1336 1667 7068
1335 1668 7067
1334 1669 7066
1333 1670 7065
1332 1671 7064
1331 1672 7063
1330 1673 7062
1329 1674 7061
1328 1675 7060
1327 1676 7059
1326 1677 7058
1325 1678 7057
1324 1679 7056
1323 1680 7055
1322 1681 7054
1321 1682 7053
1320 1683 7052
1319 1684 7051
1318 1685 7050
1317 1686 7049
1316 1687 7048
1315 1688 7047
1314 1689 7046
1313 1690 7045
1312 1691 7044
1311 1692 7043
1310 1693 7042
1309 1694 7041
1308 1695 7040
1307 1696 7039
1306 1697 7038
1305 1698 7037
1304 1699 7036
1303 1700 7035
1302 1701 7034
1301 1702 7033
1300 1703 7032
1299 1704 7031
1298 1705 7030
1297 1706 7029
1296 1707 7028
1295 1708 7027
1294 1709 7026
1293 1710 7025
1292 1711 7024
1291 1712 7023
1290 1713 7022
1289 1714 7021
1288 1715 7020
1287 1716 7019
1286 1717 7018
1285 1718 7017
1284 1719 7016
1283 1720 7015
1282 1721 7014
1281 1722 7013
1280 1723 7012
1279 1724 7011
1278 1725 7010
1277 1726 7009
1276 1727 7008
1275 1728 7007
1274 1729 7006
1273 1730 7005
1272 1731 7004
1271 1732 7003
1270 1733 7002
1269 1734 7001
1268 1735 7000
1267 1736 6999
1266 1737 6998
1265 1738 6997
1264 1739 6996
1263 1740 6995
1262 1741 6994
1261 1742 6993
1260 1743 6992
1259 1744 6991
1258 1745 6990
1257 1746 6989
1256 1747 6988
1255 1748 6987
1254 1749 6986
1253 1750 6985
1252 1751 6984
1251 1752 6983
1250 1753 6982
1249 1754 6981
1248 1755 6980
1247 1756 6979
1246 1757 6978
1245 1758 6977
1244 1759 6976
1243 1760 6975
1242 1761 6974
1241 1762 6973
1240 1763 6972
1239 1764 6971
1238 1765 6970
1237 1766 6969
1236 1767 6968
1235 1768 6967
1234 1769 6966
1233 1770 6965
1232 1771 6964
1231 1772 6963
1230 1773 6962
1229 1774 6961
1228 1775 6960
1227 1776 6959
1226 1777 6958
1225 1778 6957
1224 1779 6956
1223 1780 6955
1222 1781 6954
1221 1782 6953
1220 1783 6952
1219 1784 6951
1218 1785 6950
1217 1786 6949
1216 1787 6948
1215 1788 6947
1214 1789 6946
1213 1790 6945
1212 1791 6944
1211 1792 6943
1210 1793 6942
1209 1794 6941
1208 1795 6940
1207 1796 6939
1206 1797 6938
1205 1798 6937
1204 1799 6936
1203 1800 6935
1202 1801 6934
1201 1802 6933
1200 1803 6932
1199 1804 6931
1198 1805 6930
1197 1806 6929
1196 1807 6928
1195 1808 6927
1194 1809 6926
1193 1810 6925
1192 1811 6924
1191 1812 6923
1190 1813 6922
1189 1814 6921
1188 1815 6920
1187 1816 6919
1186 1817 6918
1185 1818 6917
1184 1819 6916
1183 1820 6915
1182 1821 6914
1181 1822 6913
1180 1823 6912
1179 1824 6911
1178 1825 6910
1177 1826 6909
1176 1827 6908
1175 1828 6907
1174 1829 6906
1173 1830 6905
1172 1831 6904
1171 1832 6903
1170 1833 6902
1169 1834 6901
1168 1835 6900
1167 1836 6899
1166 1837 6898
1165 1838 6897
1164 1839 6896
1163 1840 6895
1162 1841 6894
1161 1842 6893
1160 1843 6892
1159 1844 6891
1158 1845 6890
1157 1846 6889
1156 1847 6888
1155 1848 6887
1154 1849 6886
1153 1850 6885
1152 1851 6884
1151 1852 6883
1150 1853 6882
1149 1854 6881
1148 1855 6880
1147 1856 6879
1146 1857 6878
1145 1858 6877
1144 1859 6876
1143 1860 6875
1142 1861 6874
1141 1862 6873
1140 1863 6872
1139 1864 6871
1138 1865 6870
1137 1866 6869
1136 1867 6868
1135 1868 6867
1134 1869 6866
1133 1870 6865
1132 1871 6864
1131 1872 6863
1130 1873 6862
1129 1874 6861
1128 1875 6860
1127 1876 6859
1126 1877 6858
1125 1878 6857
1124 1879 6856
1123 1880 6855
1122 1881 6854
1121 1882 6853
1120 1883 6852
1119 1884 6851
1118 1885 6850
1117 1886 6849
1116 1887 6848
1115 1888 6847
1114 1889 6846
1113 1890 6845
1112 1891 6844
1111 1892 6843
1110 1893 6842
1109 1894 6841
1108 1895 6840
1107 1896 6839
1106 1897 6838
1105 1898 6837
1104 1899 6836
1103 1900 6835
1102 1901 6834
1101 1902 6833
1100 1903 6832
1099 1904 6831
1098 1905 6830
1097 1906 6829
1096 1907 6828
1095 1908 6827
1094 1909 6826
1093 1910 6825
1092 1911 6824
1091 1912 6823
1090 1913 6822
1089 1914 6821
1088 1915 6820
1087 1916 6819
1086 1917 6818
1085 1918 6817
1084 1919 6816
1083 1920 6815
1082 1921 6814
1081 1922 6813
1080 1923 6812
1079 1924 6811
1078 1925 6810
1077 1926 6809
1076 1927 6808
1075 1928 6807
1074 1929 6806
1073 1930 6805
1072 1931 6804
1071 1932 6803
1070 1933 6802
1069 1934 6801
1068 1935 6800
1067 1936 6799
1066 1937 6798
1065 1938 6797
1064 1939 6796
1063 1940 6795
1062 1941 6794
1061 1942 6793
1060 1943 6792
1059 1944 6791
1058 1945 6790
1057 1946 6789
1056 1947 6788
1055 1948 6787
1054 1949 6786
1053 1950 6785
1052 1951 6784
1051 1952 6783
1050 1953 6782
1049 1954 6781
1048 1955 6780
1047 1956 6779
1046 1957 6778
1045 1958 6777
1044 1959 6776
1043 1960 6775
1042 1961 6774
1041 1962 6773
1040 1963 6772
1039 1964 6771
1038 1965 6770
1037 1966 6769
1036 1967 6768
1035 1968 6767
1034 1969 6766
1033 1970 6765
1032 1971 6764
1031 1972 6763
1030 1973 6762
1029 1974 6761
1028 1975 6760
1027 1976 6759
1026 1977 6758
1025 1978 6757
1024 1979 6756
1023 1980 6755
1022 1981 6754
1021 1982 6753
1020 1983 6752
1019 1984 6751
1018 1985 6750
1017 1986 6749
1016 1987 6748
1015 1988 6747
1014 1989 6746
1013 1990 6745
1012 1991 6744
1011 1992 6743
1010 1993 6742
1009 1994 6741
1008 1995 6740
1007 1996 6739
1006 1997 6738
1005 1998 6737
1004 1999 6736
1003 2000 6735
1002 2001 6734
1001 2002 6733
1000 2003 6732
999 2004 6731
998 2005 6730
997 2006 6729
996 2007 6728
995 2008 6727
994 2009 6726
993 2010 6725
992 2011 6724
991 2012 6723
990 2013 6722
989 2014 6721
988 2015 6720
987 2016 6719
986 2017 6718
985 2018 6717
984 2019 6716
983 2020 6715
982 2021 6714
981 2022 6713
980 2023 6712
979 2024 6711
978 2025 6710
977 2026 6709
976 2027 6708
975 2028 6707
974 2029 6706
973 2030 6705
972 2031 6704
971 2032 6703
970 2033 6702
969 2034 6701
968 2035 6700
967 2036 6699
966 2037 6698
965 2038 6697
964 2039 6696
963 2040 6695
962 2041 6694
961 2042 6693
960 2043 6692
959 2044 6691
958 2045 6690
957 2046 6689
956 2047 6688
955 2048 6687
954 2049 6686
953 2050 6685
952 2051 6684
951 2052 6683
950 2053 6682
949 2054 6681
948 2055 6680
947 2056 6679
946 2057 6678
945 2058 6677
944 2059 6676
943 2060 6675
942 2061 6674
941 2062 6673
940 2063 6672
939 2064 6671
938 2065 6670
937 2066 6669
936 2067 6668
935 2068 6667
934 2069 6666
933 2070 6665
932 2071 6664
931 2072 6663
930 2073 6662
929 2074 6661
928 2075 6660
927 2076 6659
926 2077 6658
925 2078 6657
924 2079 6656
923 2080 6655
922 2081 6654
921 2082 6653
920 2083 6652
919 2084 6651
918 2085 6650
917 2086 6649
916 2087 6648
915 2088 6647
914 2089 6646
913 2090 6645
912 2091 6644
911 2092 6643
910 2093 6642
909 2094 6641
908 2095 6640
907 2096 6639
906 2097 6638
905 2098 6637
904 2099 6636
903 2100 6635
902 2101 6634
901 2102 6633
900 2103 6632
899 2104 6631
898 2105 6630
897 2106 6629
896 2107 6628
895 2108 6627
894 2109 6626
893 2110 6625
892 2111 6624
891 2112 6623
890 2113 6622
889 2114 6621
888 2115 6620
887 2116 6619
886 2117 6618
885 2118 6617
884 2119 6616
883 2120 6615
882 2121 6614
881 2122 6613
880 2123 6612
879 2124 6611
878 2125 6610
877 2126 6609
876 2127 6608
875 2128 6607
874 2129 6606
873 2130 6605
872 2131 6604
871 2132 6603
870 2133 6602
869 2134 6601
868 2135 6600
867 2136 6599
866 2137 6598
865 2138 6597
864 2139 6596
863 2140 6595
862 2141 6594
861 2142 6593
860 2143 6592
859 2144 6591
858 2145 6590
857 2146 6589
856 2147 6588
855 2148 6587
854 2149 6586
853 2150 6585
852 2151 6584
851 2152 6583
850 2153 6582
849 2154 6581
848 2155 6580
847 2156 6579
846 2157 6578
845 2158 6577
844 2159 6576
843 2160 6575
842 2161 6574
841 2162 6573
840 2163 6572
839 2164 6571
838 2165 6570
837 2166 6569
836 2167 6568
835 2168 6567
834 2169 6566
833 2170 6565
832 2171 6564
831 2172 6563
830 2173 6562
829 2174 6561
828 2175 6560
827 2176 6559
826 2177 6558
825 2178 6557
824 2179 6556
823 2180 6555
822 2181 6554
821 2182 6553
820 2183 6552
819 2184 6551
818 2185 6550
817 2186 6549
816 2187 6548
815 2188 6547
814 2189 6546
813 2190 6545
812 2191 6544
811 2192 6543
810 2193 6542
809 2194 6541
808 2195 6540
807 2196 6539
806 2197 6538
805 2198 6537
804 2199 6536
803 2200 6535
802 2201 6534
801 2202 6533
800 2203 6532
799 2204 6531
798 2205 6530
797 2206 6529
796 2207 6528
795 2208 6527
794 2209 6526
793 2210 6525
792 2211 6524
791 2212 6523
790 2213 6522
789 2214 6521
788 2215 6520
787 2216 6519
786 2217 6518
785 2218 6517
784 2219 6516
783 2220 6515
782 2221 6514
781 2222 6513
780 2223 6512
779 2224 6511
778 2225 6510
777 2226 6509
776 2227 6508
775 2228 6507
774 2229 6506
773 2230 6505
772 2231 6504
771 2232 6503
770 2233 6502
769 2234 6501
768 2235 6500
767 2236 6499
766 2237 6498
765 2238 6497
764 2239 6496
763 2240 6495
762 2241 6494
761 2242 6493
760 2243 6492
759 2244 6491
758 2245 6490
757 2246 6489
756 2247 6488
755 2248 6487
754 2249 6486
753 2250 6485
752 2251 6484
751 2252 6483
750 2253 6482
749 2254 6481
748 2255 6480
747 2256 6479
746 2257 6478
745 2258 6477
744 2259 6476
743 2260 6475
742 2261 6474
741 2262 6473
740 2263 6472
739 2264 6471
738 2265 6470
737 2266 6469
736 2267 6468
735 2268 6467
734 2269 6466
733 2270 6465
732 2271 6464
731 2272 6463
730 2273 6462
729 2274 6461
728 2275 6460
727 2276 6459
726 2277 6458
725 2278 6457
724 2279 6456
723 2280 6455
722 2281 6454
721 2282 6453
720 2283 6452
719 2284 6451
718 2285 6450
717 2286 6449
716 2287 6448
715 2288 6447
714 2289 6446
713 2290 6445
712 2291 6444
711 2292 6443
710 2293 6442
709 2294 6441
708 2295 6440
707 2296 6439
706 2297 6438
705 2298 6437
704 2299 6436
703 2300 6435
702 2301 6434
701 2302 6433
700 2303 6432
699 2304 6431
698 2305 6430
697 2306 6429
696 2307 6428
695 2308 6427
694 2309 6426
693 2310 6425
692 2311 6424
691 2312 6423
690 2313 6422
689 2314 6421
688 2315 6420
687 2316 6419
686 2317 6418
685 2318 6417
684 2319 6416
683 2320 6415
682 2321 6414
681 2322 6413
680 2323 6412
679 2324 6411
678 2325 6410
677 2326 6409
676 2327 6408
675 2328 6407
674 2329 6406
673 2330 6405
672 2331 6404
671 2332 6403
670 2333 6402
669 2334 6401
668 2335 6400
667 2336 6399
666 2337 6398
665 2338 6397
664 2339 6396
663 2340 6395
662 2341 6394
661 2342 6393
660 2343 6392
659 2344 6391
658 2345 6390
657 2346 6389
656 2347 6388
655 2348 6387
654 2349 6386
653 2350 6385
652 2351 6384
651 2352 6383
650 2353 6382
649 2354 6381
648 2355 6380
647 2356 6379
646 2357 6378
645 2358 6377
644 2359 6376
643 2360 6375
642 2361 6374
641 2362 6373
640 2363 6372
639 2364 6371
638 2365 6370
637 2366 6369
636 2367 6368
635 2368 6367
634 2369 6366
633 2370 6365
632 2371 6364
631 2372 6363
630 2373 6362
629 2374 6361
628 2375 6360
627 2376 6359
626 2377 6358
625 2378 6357
624 2379 6356
623 2380 6355
622 2381 6354
621 2382 6353
620 2383 6352
619 2384 6351
618 2385 6350
617 2386 6349
616 2387 6348
615 2388 6347
614 2389 6346
613 2390 6345
612 2391 6344
611 2392 6343
610 2393 6342
609 2394 6341
608 2395 6340
607 2396 6339
606 2397 6338
605 2398 6337
604 2399 6336
603 2400 6335
602 2401 6334
601 2402 6333
600 2403 6332
599 2404 6331
598 2405 6330
597 2406 6329
596 2407 6328
595 2408 6327
594 2409 6326
593 2410 6325
592 2411 6324
591 2412 6323
590 2413 6322
589 2414 6321
588 2415 6320
587 2416 6319
586 2417 6318
585 2418 6317
584 2419 6316
583 2420 6315
582 2421 6314
581 2422 6313
580 2423 6312
579 2424 6311
578 2425 6310
577 2426 6309
576 2427 6308
575 2428 6307
574 2429 6306
573 2430 6305
572 2431 6304
571 2432 6303
570 2433 6302
569 2434 6301
568 2435 6300
567 2436 6299
566 2437 6298
565 2438 6297
564 2439 6296
563 2440 6295
562 2441 6294
561 2442 6293
560 2443 6292
559 2444 6291
558 2445 6290
557 2446 6289
556 2447 6288
555 2448 6287
554 2449 6286
553 2450 6285
552 2451 6284
551 2452 6283
550 2453 6282
549 2454 6281
548 2455 6280
547 2456 6279
546 2457 6278
545 2458 6277
544 2459 6276
543 2460 6275
542 2461 6274
541 2462 6273
540 2463 6272
539 2464 6271
538 2465 6270
537 2466 6269
536 2467 6268
535 2468 6267
534 2469 6266
533 2470 6265
532 2471 6264
531 2472 6263
530 2473 6262
529 2474 6261
528 2475 6260
527 2476 6259
526 2477 6258
525 2478 6257
524 2479 6256
523 2480 6255
522 2481 6254
521 2482 6253
520 2483 6252
519 2484 6251
518 2485 6250
517 2486 6249
516 2487 6248
515 2488 6247
514 2489 6246
513 2490 6245
512 2491 6244
511 2492 6243
510 2493 6242
509 2494 6241
508 2495 6240
507 2496 6239
506 2497 6238
505 2498 6237
504 2499 6236
503 2500 6235
502 2501 6234
501 2502 6233
500 2503 6232
499 2504 6231
498 2505 6230
497 2506 6229
496 2507 6228
495 2508 6227
494 2509 6226
493 2510 6225
492 2511 6224
491 2512 6223
490 2513 6222
489 2514 6221
488 2515 6220
487 2516 6219
486 2517 6218
485 2518 6217
484 2519 6216
483 2520 6215
482 2521 6214
481 2522 6213
480 2523 6212
479 2524 6211
478 2525 6210
477 2526 6209
476 2527 6208
475 2528 6207
474 2529 6206
473 2530 6205
472 2531 6204
471 2532 6203
470 2533 6202
469 2534 6201
468 2535 6200
467 2536 6199
466 2537 6198
465 2538 6197
464 2539 6196
463 2540 6195
462 2541 6194
461 2542 6193
460 2543 6192
459 2544 6191
458 2545 6190
457 2546 6189
456 2547 6188
455 2548 6187
454 2549 6186
453 2550 6185
452 2551 6184
451 2552 6183
450 2553 6182
449 2554 6181
448 2555 6180
447 2556 6179
446 2557 6178
445 2558 6177
444 2559 6176
443 2560 6175
442 2561 6174
441 2562 6173
440 2563 6172
439 2564 6171
438 2565 6170
437 2566 6169
436 2567 6168
435 2568 6167
434 2569 6166
433 2570 6165
432 2571 6164
431 2572 6163
430 2573 6162
429 2574 6161
428 2575 6160
427 2576 6159
426 2577 6158
425 2578 6157
424 2579 6156
423 2580 6155
422 2581 6154
421 2582 6153
420 2583 6152
419 2584 6151
418 2585 6150
417 2586 6149
416 2587 6148
415 2588 6147
414 2589 6146
413 2590 6145
412 2591 6144
411 2592 6143
410 2593 6142
409 2594 6141
408 2595 6140
407 2596 6139
406 2597 6138
405 2598 6137
404 2599 6136
403 2600 6135
402 2601 6134
401 2602 6133
400 2603 6132
399 2604 6131
398 2605 6130
397 2606 6129
396 2607 6128
395 2608 6127
394 2609 6126
393 2610 6125
392 2611 6124
391 2612 6123
390 2613 6122
389 2614 6121
388 2615 6120
387 2616 6119
386 2617 6118
385 2618 6117
384 2619 6116
383 2620 6115
382 2621 6114
381 2622 6113
380 2623 6112
379 2624 6111
378 2625 6110
377 2626 6109
376 2627 6108
375 2628 6107
374 2629 6106
373 2630 6105
372 2631 6104
371 2632 6103
370 2633 6102
369 2634 6101
368 2635 6100
367 2636 6099
366 2637 6098
365 2638 6097
364 2639 6096
363 2640 6095
362 2641 6094
361 2642 6093
360 2643 6092
359 2644 6091
358 2645 6090
357 2646 6089
356 2647 6088
355 2648 6087
354 2649 6086
353 2650 6085
352 2651 6084
351 2652 6083
350 2653 6082
349 2654 6081
348 2655 6080
347 2656 6079
346 2657 6078
345 2658 6077
344 2659 6076
343 2660 6075
342 2661 6074
341 2662 6073
340 2663 6072
339 2664 6071
338 2665 6070
337 2666 6069
336 2667 6068
335 2668 6067
334 2669 6066
333 2670 6065
332 2671 6064
331 2672 6063
330 2673 6062
329 2674 6061
328 2675 6060
327 2676 6059
326 2677 6058
325 2678 6057
324 2679 6056
323 2680 6055
322 2681 6054
321 2682 6053
320 2683 6052
319 2684 6051
318 2685 6050
317 2686 6049
316 2687 6048
315 2688 6047
314 2689 6046
313 2690 6045
312 2691 6044
311 2692 6043
310 2693 6042
309 2694 6041
308 2695 6040
307 2696 6039
306 2697 6038
305 2698 6037
304 2699 6036
303 2700 6035
302 2701 6034
301 2702 6033
300 2703 6032
299 2704 6031
298 2705 6030
297 2706 6029
296 2707 6028
295 2708 6027
294 2709 6026
293 2710 6025
292 2711 6024
291 2712 6023
290 2713 6022
289 2714 6021
288 2715 6020
287 2716 6019
286 2717 6018
285 2718 6017
284 2719 6016
283 2720 6015
282 2721 6014
281 2722 6013
280 2723 6012
279 2724 6011
278 2725 6010
277 2726 6009
276 2727 6008
275 2728 6007
274 2729 6006
273 2730 6005
272 2731 6004
271 2732 6003
270 2733 6002
269 2734 6001
