2066
3000 3 8066
2999 4 8065
2998 5 8064
2997 6 8063
2996 7 8062
2995 8 8061
2994 9 8060
2993 10 8059
2992 11 8058
2991 12 8057
2990 13 8056
2989 14 8055
2988 15 8054
2987 16 8053
2986 17 8052
2985 18 8051
2984 19 8050
2983 20 8049
2982 21 8048
2981 22 8047
2980 23 8046
2979 24 8045
2978 25 8044
2977 26 8043
2976 27 8042
2975 28 8041
2974 29 8040
2973 30 8039
2972 31 8038
2971 32 8037
2970 33 8036
2969 34 8035
2968 35 8034
2967 36 8033
2966 37 8032
2965 38 8031
2964 39 8030
2963 40 8029
2962 41 8028
2961 42 8027
2960 43 8026
2959 44 8025
2958 45 8024
2957 46 8023
2956 47 8022
2955 48 8021
2954 49 8020
2953 50 8019
2952 51 8018
2951 52 8017
2950 53 8016
2949 54 8015
2948 55 8014
2947 56 8013
2946 57 8012
2945 58 8011
2944 59 8010
2943 60 8009
2942 61 8008
2941 62 8007
2940 63 8006
2939 64 8005
2938 65 8004
2937 66 8003
2936 67 8002
2935 68 8001
2934 69 8000
2933 70 7999
2932 71 7998
2931 72 7997
2930 73 7996
2929 74 7995
2928 75 7994
2927 76 7993
2926 77 7992
2925 78 7991
2924 79 7990
2923 80 7989
2922 81 7988
2921 82 7987
2920 83 7986
2919 84 7985
2918 85 7984
2917 86 7983
2916 87 7982
2915 88 7981
2914 89 7980
2913 90 7979
2912 91 7978
2911 92 7977
2910 93 7976
2909 94 7975
2908 95 7974
2907 96 7973
2906 97 7972
2905 98 7971
2904 99 7970
2903 100 7969
2902 101 7968
2901 102 7967
2900 103 7966
2899 104 7965
2898 105 7964
2897 106 7963
2896 107 7962
2895 108 7961
2894 109 7960
2893 110 7959
2892 111 7958
2891 112 7957
2890 113 7956
2889 114 7955
2888 115 7954
2887 116 7953
2886 117 7952
2885 118 7951
2884 119 7950
2883 120 7949
2882 121 7948
2881 122 7947
2880 123 7946
2879 124 7945
2878 125 7944
2877 126 7943
2876 127 7942
2875 128 7941
2874 129 7940
2873 130 7939
2872 131 7938
2871 132 7937
2870 133 7936
2869 134 7935
2868 135 7934
2867 136 7933
2866 137 7932
2865 138 7931
2864 139 7930
2863 140 7929
2862 141 7928
2861 142 7927
2860 143 7926
2859 144 7925
2858 145 7924
2857 146 7923
2856 147 7922
2855 148 7921
2854 149 7920
2853 150 7919
2852 151 7918
2851 152 7917
2850 153 7916
2849 154 7915
2848 155 7914
2847 156 7913
2846 157 7912
2845 158 7911
2844 159 7910
2843 160 7909
2842 161 7908
2841 162 7907
2840 163 7906
2839 164 7905
2838 165 7904
2837 166 7903
2836 167 7902
2835 168 7901
2834 169 7900
2833 170 7899
2832 171 7898
2831 172 7897
2830 173 7896
2829 174 7895
2828 175 7894
2827 176 7893
2826 177 7892
2825 178 7891
2824 179 7890
2823 180 7889
2822 181 7888
2821 182 7887
2820 183 7886
2819 184 7885
2818 185 7884
2817 186 7883
2816 187 7882
2815 188 7881
2814 189 7880
2813 190 7879
2812 191 7878
2811 192 7877
2810 193 7876
2809 194 7875
2808 195 7874
2807 196 7873
2806 197 7872
2805 198 7871
2804 199 7870
2803 200 7869
2802 201 7868
2801 202 7867
2800 203 7866
2799 204 7865
2798 205 7864
2797 206 7863
2796 207 7862
2795 208 7861
2794 209 7860
2793 210 7859
2792 211 7858
2791 212 7857
2790 213 7856
2789 214 7855
2788 215 7854
2787 216 7853
2786 217 7852
2785 218 7851
2784 219 7850
2783 220 7849
2782 221 7848
2781 222 7847
2780 223 7846
2779 224 7845
2778 225 7844
2777 226 7843
2776 227 7842
2775 228 7841
2774 229 7840
2773 230 7839
2772 231 7838
2771 232 7837
2770 233 7836
2769 234 7835
2768 235 7834
2767 236 7833
2766 237 7832
2765 238 7831
2764 239 7830
2763 240 7829
2762 241 7828
2761 242 7827
2760 243 7826
2759 244 7825
2758 245 7824
2757 246 7823
2756 247 7822
2755 248 7821
2754 249 7820
2753 250 7819
2752 251 7818
2751 252 7817
2750 253 7816
2749 254 7815
2748 255 7814
2747 256 7813
2746 257 7812
2745 258 7811
2744 259 7810
2743 260 7809
2742 261 7808
2741 262 7807
2740 263 7806
2739 264 7805
2738 265 7804
2737 266 7803
2736 267 7802
2735 268 7801
2734 269 7800
2733 270 7799
2732 271 7798
2731 272 7797
2730 273 7796
2729 274 7795
2728 275 7794
2727 276 7793
2726 277 7792
2725 278 7791
2724 279 7790
2723 280 7789
2722 281 7788
2721 282 7787
2720 283 7786
2719 284 7785
2718 285 7784
2717 286 7783
2716 287 7782
2715 288 7781
2714 289 7780
2713 290 7779
2712 291 7778
2711 292 7777
2710 293 7776
2709 294 7775
2708 295 7774
2707 296 7773
2706 297 7772
2705 298 7771
2704 299 7770
2703 300 7769
2702 301 7768
2701 302 7767
2700 303 7766
2699 304 7765
2698 305 7764
2697 306 7763
2696 307 7762
2695 308 7761
2694 309 7760
2693 310 7759
2692 311 7758
2691 312 7757
2690 313 7756
2689 314 7755
2688 315 7754
2687 316 7753
2686 317 7752
2685 318 7751
2684 319 7750
2683 320 7749
2682 321 7748
2681 322 7747
2680 323 7746
2679 324 7745
2678 325 7744
2677 326 7743
2676 327 7742
2675 328 7741
2674 329 7740
2673 330 7739
2672 331 7738
2671 332 7737
2670 333 7736
2669 334 7735
2668 335 7734
2667 336 7733
2666 337 7732
2665 338 7731
2664 339 7730
2663 340 7729
2662 341 7728
2661 342 7727
2660 343 7726
2659 344 7725
2658 345 7724
2657 346 7723
2656 347 7722
2655 348 7721
2654 349 7720
2653 350 7719
2652 351 7718
2651 352 7717
2650 353 7716
2649 354 7715
2648 355 7714
2647 356 7713
2646 357 7712
2645 358 7711
2644 359 7710
2643 360 7709
2642 361 7708
2641 362 7707
2640 363 7706
2639 364 7705
2638 365 7704
2637 366 7703
2636 367 7702
2635 368 7701
2634 369 7700
2633 370 7699
2632 371 7698
2631 372 7697
2630 373 7696
2629 374 7695
2628 375 7694
2627 376 7693
2626 377 7692
2625 378 7691
2624 379 7690
2623 380 7689
2622 381 7688
2621 382 7687
2620 383 7686
2619 384 7685
2618 385 7684
2617 386 7683
2616 387 7682
2615 388 7681
2614 389 7680
2613 390 7679
2612 391 7678
2611 392 7677
2610 393 7676
2609 394 7675
2608 395 7674
2607 396 7673
2606 397 7672
2605 398 7671
2604 399 7670
2603 400 7669
2602 401 7668
2601 402 7667
2600 403 7666
2599 404 7665
2598 405 7664
2597 406 7663
2596 407 7662
2595 408 7661
2594 409 7660
2593 410 7659
2592 411 7658
2591 412 7657
2590 413 7656
2589 414 7655
2588 415 7654
2587 416 7653
2586 417 7652
2585 418 7651
2584 419 7650
2583 420 7649
2582 421 7648
2581 422 7647
2580 423 7646
2579 424 7645
2578 425 7644
2577 426 7643
2576 427 7642
2575 428 7641
2574 429 7640
2573 430 7639
2572 431 7638
2571 432 7637
2570 433 7636
2569 434 7635
2568 435 7634
2567 436 7633
2566 437 7632
2565 438 7631
2564 439 7630
2563 440 7629
2562 441 7628
2561 442 7627
2560 443 7626
2559 444 7625
2558 445 7624
2557 446 7623
2556 447 7622
2555 448 7621
2554 449 7620
2553 450 7619
2552 451 7618
2551 452 7617
2550 453 7616
2549 454 7615
2548 455 7614
2547 456 7613
2546 457 7612
2545 458 7611
2544 459 7610
2543 460 7609
2542 461 7608
2541 462 7607
2540 463 7606
2539 464 7605
2538 465 7604
2537 466 7603
2536 467 7602
2535 468 7601
2534 469 7600
2533 470 7599
2532 471 7598
2531 472 7597
2530 473 7596
2529 474 7595
2528 475 7594
2527 476 7593
2526 477 7592
2525 478 7591
2524 479 7590
2523 480 7589
2522 481 7588
2521 482 7587
2520 483 7586
2519 484 7585
2518 485 7584
2517 486 7583
2516 487 7582
2515 488 7581
2514 489 7580
2513 490 7579
2512 491 7578
2511 492 7577
2510 493 7576
2509 494 7575
2508 495 7574
2507 496 7573
2506 497 7572
2505 498 7571
2504 499 7570
2503 500 7569
2502 501 7568
2501 502 7567
2500 503 7566
2499 504 7565
2498 505 7564
2497 506 7563
2496 507 7562
2495 508 7561
2494 509 7560
2493 510 7559
2492 511 7558
2491 512 7557
2490 513 7556
2489 514 7555
2488 515 7554
2487 516 7553
2486 517 7552
2485 518 7551
2484 519 7550
2483 520 7549
2482 521 7548
2481 522 7547
2480 523 7546
2479 524 7545
2478 525 7544
2477 526 7543
2476 527 7542
2475 528 7541
2474 529 7540
2473 530 7539
2472 531 7538
2471 532 7537
2470 533 7536
2469 534 7535
2468 535 7534
2467 536 7533
2466 537 7532
2465 538 7531
2464 539 7530
2463 540 7529
2462 541 7528
2461 542 7527
2460 543 7526
2459 544 7525
2458 545 7524
2457 546 7523
2456 547 7522
2455 548 7521
2454 549 7520
2453 550 7519
2452 551 7518
2451 552 7517
2450 553 7516
2449 554 7515
2448 555 7514
2447 556 7513
2446 557 7512
2445 558 7511
2444 559 7510
2443 560 7509
2442 561 7508
2441 562 7507
2440 563 7506
2439 564 7505
2438 565 7504
2437 566 7503
2436 567 7502
2435 568 7501
2434 569 7500
2433 570 7499
2432 571 7498
2431 572 7497
2430 573 7496
2429 574 7495
2428 575 7494
2427 576 7493
2426 577 7492
2425 578 7491
2424 579 7490
2423 580 7489
2422 581 7488
2421 582 7487
2420 583 7486
2419 584 7485
2418 585 7484
2417 586 7483
2416 587 7482
2415 588 7481
2414 589 7480
2413 590 7479
2412 591 7478
2411 592 7477
2410 593 7476
2409 594 7475
2408 595 7474
2407 596 7473
2406 597 7472
2405 598 7471
2404 599 7470
2403 600 7469
2402 601 7468
2401 602 7467
2400 603 7466
2399 604 7465
2398 605 7464
2397 606 7463
2396 607 7462
2395 608 7461
2394 609 7460
2393 610 7459
2392 611 7458
2391 612 7457
2390 613 7456
2389 614 7455
2388 615 7454
2387 616 7453
2386 617 7452
2385 618 7451
2384 619 7450
2383 620 7449
2382 621 7448
2381 622 7447
2380 623 7446
2379 624 7445
2378 625 7444
2377 626 7443
2376 627 7442
2375 628 7441
2374 629 7440
2373 630 7439
2372 631 7438
2371 632 7437
2370 633 7436
2369 634 7435
2368 635 7434
2367 636 7433
2366 637 7432
2365 638 7431
2364 639 7430
2363 640 7429
2362 641 7428
2361 642 7427
2360 643 7426
2359 644 7425
2358 645 7424
2357 646 7423
2356 647 7422
2355 648 7421
2354 649 7420
2353 650 7419
2352 651 7418
2351 652 7417
2350 653 7416
2349 654 7415
2348 655 7414
2347 656 7413
2346 657 7412
2345 658 7411
2344 659 7410
2343 660 7409
2342 661 7408
2341 662 7407
2340 663 7406
2339 664 7405
2338 665 7404
2337 666 7403
2336 667 7402
2335 668 7401
2334 669 7400
2333 670 7399
2332 671 7398
2331 672 7397
2330 673 7396
2329 674 7395
2328 675 7394
2327 676 7393
2326 677 7392
2325 678 7391
2324 679 7390
2323 680 7389
2322 681 7388
2321 682 7387
2320 683 7386
2319 684 7385
2318 685 7384
2317 686 7383
2316 687 7382
2315 688 7381
2314 689 7380
2313 690 7379
2312 691 7378
2311 692 7377
2310 693 7376
2309 694 7375
2308 695 7374
2307 696 7373
2306 697 7372
2305 698 7371
2304 699 7370
2303 700 7369
2302 701 7368
2301 702 7367
2300 703 7366
2299 704 7365
2298 705 7364
2297 706 7363
2296 707 7362
2295 708 7361
2294 709 7360
2293 710 7359
2292 711 7358
2291 712 7357
2290 713 7356
2289 714 7355
2288 715 7354
2287 716 7353
2286 717 7352
2285 718 7351
2284 719 7350
2283 720 7349
2282 721 7348
2281 722 7347
2280 723 7346
2279 724 7345
2278 725 7344
2277 726 7343
2276 727 7342
2275 728 7341
2274 729 7340
2273 730 7339
2272 731 7338
2271 732 7337
2270 733 7336
2269 734 7335
2268 735 7334
2267 736 7333
2266 737 7332
2265 738 7331
2264 739 7330
2263 740 7329
2262 741 7328
2261 742 7327
2260 743 7326
2259 744 7325
2258 745 7324
2257 746 7323
2256 747 7322
2255 748 7321
2254 749 7320
2253 750 7319
2252 751 7318
2251 752 7317
2250 753 7316
2249 754 7315
2248 755 7314
2247 756 7313
2246 757 7312
2245 758 7311
2244 759 7310
2243 760 7309
2242 761 7308
2241 762 7307
2240 763 7306
2239 764 7305
2238 765 7304
2237 766 7303
2236 767 7302
2235 768 7301
2234 769 7300
2233 770 7299
2232 771 7298
2231 772 7297
2230 773 7296
2229 774 7295
2228 775 7294
2227 776 7293
2226 777 7292
2225 778 7291
2224 779 7290
2223 780 7289
2222 781 7288
2221 782 7287
2220 783 7286
2219 784 7285
2218 785 7284
2217 786 7283
2216 787 7282
2215 788 7281
2214 789 7280
2213 790 7279
2212 791 7278
2211 792 7277
2210 793 7276
2209 794 7275
2208 795 7274
2207 796 7273
2206 797 7272
2205 798 7271
2204 799 7270
2203 800 7269
2202 801 7268
2201 802 7267
2200 803 7266
2199 804 7265
2198 805 7264
2197 806 7263
2196 807 7262
2195 808 7261
2194 809 7260
2193 810 7259
2192 811 7258
2191 812 7257
2190 813 7256
2189 814 7255
2188 815 7254
2187 816 7253
2186 817 7252
2185 818 7251
2184 819 7250
2183 820 7249
2182 821 7248
2181 822 7247
2180 823 7246
2179 824 7245
2178 825 7244
2177 826 7243
2176 827 7242
2175 828 7241
2174 829 7240
2173 830 7239
2172 831 7238
2171 832 7237
2170 833 7236
2169 834 7235
2168 835 7234
2167 836 7233
2166 837 7232
2165 838 7231
2164 839 7230
2163 840 7229
2162 841 7228
2161 842 7227
2160 843 7226
2159 844 7225
2158 845 7224
2157 846 7223
2156 847 7222
2155 848 7221
2154 849 7220
2153 850 7219
2152 851 7218
2151 852 7217
2150 853 7216
2149 854 7215
2148 855 7214
2147 856 7213
2146 857 7212
2145 858 7211
2144 859 7210
2143 860 7209
2142 861 7208
2141 862 7207
2140 863 7206
2139 864 7205
2138 865 7204
2137 866 7203
2136 867 7202
2135 868 7201
2134 869 7200
2133 870 7199
2132 871 7198
2131 872 7197
2130 873 7196
2129 874 7195
2128 875 7194
2127 876 7193
2126 877 7192
2125 878 7191
2124 879 7190
2123 880 7189
2122 881 7188
2121 882 7187
2120 883 7186
2119 884 7185
2118 885 7184
2117 886 7183
2116 887 7182
2115 888 7181
2114 889 7180
2113 890 7179
2112 891 7178
2111 892 7177
2110 893 7176
2109 894 7175
2108 895 7174
2107 896 7173
2106 897 7172
2105 898 7171
2104 899 7170
2103 900 7169
2102 901 7168
2101 902 7167
2100 903 7166
2099 904 7165
2098 905 7164
2097 906 7163
2096 907 7162
2095 908 7161
2094 909 7160
2093 910 7159
2092 911 7158
2091 912 7157
2090 913 7156
2089 914 7155
2088 915 7154
2087 916 7153
2086 917 7152
2085 918 7151
2084 919 7150
2083 920 7149
2082 921 7148
2081 922 7147
2080 923 7146
2079 924 7145
2078 925 7144
2077 926 7143
2076 927 7142
2075 928 7141
2074 929 7140
2073 930 7139
2072 931 7138
2071 932 7137
2070 933 7136
2069 934 7135
2068 935 7134
2067 936 7133
2066 937 7132
2065 938 7131
2064 939 7130
2063 940 7129
2062 941 7128
2061 942 7127
2060 943 7126
2059 944 7125
2058 945 7124
2057 946 7123
2056 947 7122
2055 948 7121
2054 949 7120
2053 950 7119
2052 951 7118
2051 952 7117
2050 953 7116
2049 954 7115
2048 955 7114
2047 956 7113
2046 957 7112
2045 958 7111
2044 959 7110
2043 960 7109
2042 961 7108
2041 962 7107
2040 963 7106
2039 964 7105
2038 965 7104
2037 966 7103
2036 967 7102
2035 968 7101
2034 969 7100
2033 970 7099
2032 971 7098
2031 972 7097
2030 973 7096
2029 974 7095
2028 975 7094
2027 976 7093
2026 977 7092
2025 978 7091
2024 979 7090
2023 980 7089
2022 981 7088
2021 982 7087
2020 983 7086
2019 984 7085
2018 985 7084
2017 986 7083
2016 987 7082
2015 988 7081
2014 989 7080
2013 990 7079
2012 991 7078
2011 992 7077
2010 993 7076
2009 994 7075
2008 995 7074
2007 996 7073
2006 997 7072
2005 998 7071
2004 999 7070
2003 1000 7069
2002 1001 7068
2001 1002 7067
2000 1003 7066
1999 1004 7065
1998 1005 7064
1997 1006 7063
1996 1007 7062
1995 1008 7061
1994 1009 7060
1993 1010 7059
1992 1011 7058
1991 1012 7057
1990 1013 7056
1989 1014 7055
1988 1015 7054
1987 1016 7053
1986 1017 7052
1985 1018 7051
1984 1019 7050
1983 1020 7049
1982 1021 7048
1981 1022 7047
1980 1023 7046
1979 1024 7045
1978 1025 7044
1977 1026 7043
1976 1027 7042
1975 1028 7041
1974 1029 7040
1973 1030 7039
1972 1031 7038
1971 1032 7037
1970 1033 7036
1969 1034 7035
1968 1035 7034
1967 1036 7033
1966 1037 7032
1965 1038 7031
1964 1039 7030
1963 1040 7029
1962 1041 7028
1961 1042 7027
1960 1043 7026
1959 1044 7025
1958 1045 7024
1957 1046 7023
1956 1047 7022
1955 1048 7021
1954 1049 7020
1953 1050 7019
1952 1051 7018
1951 1052 7017
1950 1053 7016
1949 1054 7015
1948 1055 7014
1947 1056 7013
1946 1057 7012
1945 1058 7011
1944 1059 7010
1943 1060 7009
1942 1061 7008
1941 1062 7007
1940 1063 7006
1939 1064 7005
1938 1065 7004
1937 1066 7003
1936 1067 7002
1935 1068 7001
1934 1069 7000
1933 1070 6999
1932 1071 6998
1931 1072 6997
1930 1073 6996
1929 1074 6995
1928 1075 6994
1927 1076 6993
1926 1077 6992
1925 1078 6991
1924 1079 6990
1923 1080 6989
1922 1081 6988
1921 1082 6987
1920 1083 6986
1919 1084 6985
1918 1085 6984
1917 1086 6983
1916 1087 6982
1915 1088 6981
1914 1089 6980
1913 1090 6979
1912 1091 6978
1911 1092 6977
1910 1093 6976
1909 1094 6975
1908 1095 6974
1907 1096 6973
1906 1097 6972
1905 1098 6971
1904 1099 6970
1903 1100 6969
1902 1101 6968
1901 1102 6967
1900 1103 6966
1899 1104 6965
1898 1105 6964
1897 1106 6963
1896 1107 6962
1895 1108 6961
1894 1109 6960
1893 1110 6959
1892 1111 6958
1891 1112 6957
1890 1113 6956
1889 1114 6955
1888 1115 6954
1887 1116 6953
1886 1117 6952
1885 1118 6951
1884 1119 6950
1883 1120 6949
1882 1121 6948
1881 1122 6947
1880 1123 6946
1879 1124 6945
1878 1125 6944
1877 1126 6943
1876 1127 6942
1875 1128 6941
1874 1129 6940
1873 1130 6939
1872 1131 6938
1871 1132 6937
1870 1133 6936
1869 1134 6935
1868 1135 6934
1867 1136 6933
1866 1137 6932
1865 1138 6931
1864 1139 6930
1863 1140 6929
1862 1141 6928
1861 1142 6927
1860 1143 6926
1859 1144 6925
1858 1145 6924
1857 1146 6923
1856 1147 6922
1855 1148 6921
1854 1149 6920
1853 1150 6919
1852 1151 6918
1851 1152 6917
1850 1153 6916
1849 1154 6915
1848 1155 6914
1847 1156 6913
1846 1157 6912
1845 1158 6911
1844 1159 6910
1843 1160 6909
1842 1161 6908
1841 1162 6907
1840 1163 6906
1839 1164 6905
1838 1165 6904
1837 1166 6903
1836 1167 6902
1835 1168 6901
1834 1169 6900
1833 1170 6899
1832 1171 6898
1831 1172 6897
1830 1173 6896
1829 1174 6895
1828 1175 6894
1827 1176 6893
1826 1177 6892
1825 1178 6891
1824 1179 6890
1823 1180 6889
1822 1181 6888
1821 1182 6887
1820 1183 6886
1819 1184 6885
1818 1185 6884
1817 1186 6883
1816 1187 6882
1815 1188 6881
1814 1189 6880
1813 1190 6879
1812 1191 6878
1811 1192 6877
1810 1193 6876
1809 1194 6875
1808 1195 6874
1807 1196 6873
1806 1197 6872
1805 1198 6871
1804 1199 6870
1803 1200 6869
1802 1201 6868
1801 1202 6867
1800 1203 6866
1799 1204 6865
1798 1205 6864
1797 1206 6863
1796 1207 6862
1795 1208 6861
1794 1209 6860
1793 1210 6859
1792 1211 6858
1791 1212 6857
1790 1213 6856
1789 1214 6855
1788 1215 6854
1787 1216 6853
1786 1217 6852
1785 1218 6851
1784 1219 6850
1783 1220 6849
1782 1221 6848
1781 1222 6847
1780 1223 6846
1779 1224 6845
1778 1225 6844
1777 1226 6843
1776 1227 6842
1775 1228 6841
1774 1229 6840
1773 1230 6839
1772 1231 6838
1771 1232 6837
1770 1233 6836
1769 1234 6835
1768 1235 6834
1767 1236 6833
1766 1237 6832
1765 1238 6831
1764 1239 6830
1763 1240 6829
1762 1241 6828
1761 1242 6827
1760 1243 6826
1759 1244 6825
1758 1245 6824
1757 1246 6823
1756 1247 6822
1755 1248 6821
1754 1249 6820
1753 1250 6819
1752 1251 6818
1751 1252 6817
1750 1253 6816
1749 1254 6815
1748 1255 6814
1747 1256 6813
1746 1257 6812
1745 1258 6811
1744 1259 6810
1743 1260 6809
1742 1261 6808
1741 1262 6807
1740 1263 6806
1739 1264 6805
1738 1265 6804
1737 1266 6803
1736 1267 6802
1735 1268 6801
1734 1269 6800
1733 1270 6799
1732 1271 6798
1731 1272 6797
1730 1273 6796
1729 1274 6795
1728 1275 6794
1727 1276 6793
1726 1277 6792
1725 1278 6791
1724 1279 6790
1723 1280 6789
1722 1281 6788
1721 1282 6787
1720 1283 6786
1719 1284 6785
1718 1285 6784
1717 1286 6783
1716 1287 6782
1715 1288 6781
1714 1289 6780
1713 1290 6779
1712 1291 6778
1711 1292 6777
1710 1293 6776
1709 1294 6775
1708 1295 6774
1707 1296 6773
1706 1297 6772
1705 1298 6771
1704 1299 6770
1703 1300 6769
1702 1301 6768
1701 1302 6767
1700 1303 6766
1699 1304 6765
1698 1305 6764
1697 1306 6763
1696 1307 6762
1695 1308 6761
1694 1309 6760
1693 1310 6759
1692 1311 6758
1691 1312 6757
1690 1313 6756
1689 1314 6755
1688 1315 6754
1687 1316 6753
1686 1317 6752
1685 1318 6751
1684 1319 6750
1683 1320 6749
1682 1321 6748
1681 1322 6747
1680 1323 6746
1679 1324 6745
1678 1325 6744
1677 1326 6743
1676 1327 6742
1675 1328 6741
1674 1329 6740
1673 1330 6739
1672 1331 6738
1671 1332 6737
1670 1333 6736
1669 1334 6735
1668 1335 6734
1667 1336 6733
1666 1337 6732
1665 1338 6731
1664 1339 6730
1663 1340 6729
1662 1341 6728
1661 1342 6727
1660 1343 6726
1659 1344 6725
1658 1345 6724
1657 1346 6723
1656 1347 6722
1655 1348 6721
1654 1349 6720
1653 1350 6719
1652 1351 6718
1651 1352 6717
1650 1353 6716
1649 1354 6715
1648 1355 6714
1647 1356 6713
1646 1357 6712
1645 1358 6711
1644 1359 6710
1643 1360 6709
1642 1361 6708
1641 1362 6707
1640 1363 6706
1639 1364 6705
1638 1365 6704
1637 1366 6703
1636 1367 6702
1635 1368 6701
1634 1369 6700
1633 1370 6699
1632 1371 6698
1631 1372 6697
1630 1373 6696
1629 1374 6695
1628 1375 6694
1627 1376 6693
1626 1377 6692
1625 1378 6691
1624 1379 6690
1623 1380 6689
1622 1381 6688
1621 1382 6687
1620 1383 6686
1619 1384 6685
1618 1385 6684
1617 1386 6683
1616 1387 6682
1615 1388 6681
1614 1389 6680
1613 1390 6679
1612 1391 6678
1611 1392 6677
1610 1393 6676
1609 1394 6675
1608 1395 6674
1607 1396 6673
1606 1397 6672
1605 1398 6671
1604 1399 6670
1603 1400 6669
1602 1401 6668
1601 1402 6667
1600 1403 6666
1599 1404 6665
1598 1405 6664
1597 1406 6663
1596 1407 6662
1595 1408 6661
1594 1409 6660
1593 1410 6659
1592 1411 6658
1591 1412 6657
1590 1413 6656
1589 1414 6655
1588 1415 6654
1587 1416 6653
1586 1417 6652
1585 1418 6651
1584 1419 6650
1583 1420 6649
1582 1421 6648
1581 1422 6647
1580 1423 6646
1579 1424 6645
1578 1425 6644
1577 1426 6643
1576 1427 6642
1575 1428 6641
1574 1429 6640
1573 1430 6639
1572 1431 6638
1571 1432 6637
1570 1433 6636
1569 1434 6635
1568 1435 6634
1567 1436 6633
1566 1437 6632
1565 1438 6631
1564 1439 6630
1563 1440 6629
1562 1441 6628
1561 1442 6627
1560 1443 6626
1559 1444 6625
1558 1445 6624
1557 1446 6623
1556 1447 6622
1555 1448 6621
1554 1449 6620
1553 1450 6619
1552 1451 6618
1551 1452 6617
1550 1453 6616
1549 1454 6615
1548 1455 6614
1547 1456 6613
1546 1457 6612
1545 1458 6611
1544 1459 6610
1543 1460 6609
1542 1461 6608
1541 1462 6607
1540 1463 6606
1539 1464 6605
1538 1465 6604
1537 1466 6603
1536 1467 6602
1535 1468 6601
1534 1469 6600
1533 1470 6599
1532 1471 6598
1531 1472 6597
1530 1473 6596
1529 1474 6595
1528 1475 6594
1527 1476 6593
1526 1477 6592
1525 1478 6591
1524 1479 6590
1523 1480 6589
1522 1481 6588
1521 1482 6587
1520 1483 6586
1519 1484 6585
1518 1485 6584
1517 1486 6583
1516 1487 6582
1515 1488 6581
1514 1489 6580
1513 1490 6579
1512 1491 6578
1511 1492 6577
1510 1493 6576
1509 1494 6575
1508 1495 6574
1507 1496 6573
1506 1497 6572
1505 1498 6571
1504 1499 6570
1503 1500 6569
1502 1501 6568
1501 1502 6567
1500 1503 6566
1499 1504 6565
1498 1505 6564
1497 1506 6563
1496 1507 6562
1495 1508 6561
1494 1509 6560
1493 1510 6559
1492 1511 6558
1491 1512 6557
1490 1513 6556
1489 1514 6555
1488 1515 6554
1487 1516 6553
1486 1517 6552
1485 1518 6551
1484 1519 6550
1483 1520 6549
1482 1521 6548
1481 1522 6547
1480 1523 6546
1479 1524 6545
1478 1525 6544
1477 1526 6543
1476 1527 6542
1475 1528 6541
1474 1529 6540
1473 1530 6539
1472 1531 6538
1471 1532 6537
1470 1533 6536
1469 1534 6535
1468 1535 6534
1467 1536 6533
1466 1537 6532
1465 1538 6531
1464 1539 6530
1463 1540 6529
1462 1541 6528
1461 1542 6527
1460 1543 6526
1459 1544 6525
1458 1545 6524
1457 1546 6523
1456 1547 6522
1455 1548 6521
1454 1549 6520
1453 1550 6519
1452 1551 6518
1451 1552 6517
1450 1553 6516
1449 1554 6515
1448 1555 6514
1447 1556 6513
1446 1557 6512
1445 1558 6511
1444 1559 6510
1443 1560 6509
1442 1561 6508
1441 1562 6507
1440 1563 6506
1439 1564 6505
1438 1565 6504
1437 1566 6503
1436 1567 6502
1435 1568 6501
1434 1569 6500
1433 1570 6499
1432 1571 6498
1431 1572 6497
1430 1573 6496
1429 1574 6495
1428 1575 6494
1427 1576 6493
1426 1577 6492
1425 1578 6491
1424 1579 6490
1423 1580 6489
1422 1581 6488
1421 1582 6487
1420 1583 6486
1419 1584 6485
1418 1585 6484
1417 1586 6483
1416 1587 6482
1415 1588 6481
1414 1589 6480
1413 1590 6479
1412 1591 6478
1411 1592 6477
1410 1593 6476
1409 1594 6475
1408 1595 6474
1407 1596 6473
1406 1597 6472
1405 1598 6471
1404 1599 6470
1403 1600 6469
1402 1601 6468
1401 1602 6467
1400 1603 6466
1399 1604 6465
1398 1605 6464
1397 1606 6463
1396 1607 6462
1395 1608 6461
1394 1609 6460
1393 1610 6459
1392 1611 6458
1391 1612 6457
1390 1613 6456
1389 1614 6455
1388 1615 6454
1387 1616 6453
1386 1617 6452
1385 1618 6451
1384 1619 6450
1383 1620 6449
1382 1621 6448
1381 1622 6447
1380 1623 6446
1379 1624 6445
1378 1625 6444
1377 1626 6443
1376 1627 6442
1375 1628 6441
1374 1629 6440
1373 1630 6439
1372 1631 6438
1371 1632 6437
1370 1633 6436
1369 1634 6435
1368 1635 6434
1367 1636 6433
1366 1637 6432
1365 1638 6431
1364 1639 6430
1363 1640 6429
1362 1641 6428
1361 1642 6427
1360 1643 6426
1359 1644 6425
1358 1645 6424
1357 1646 6423
1356 1647 6422
1355 1648 6421
1354 1649 6420
1353 1650 6419
1352 1651 6418
1351 1652 6417
1350 1653 6416
1349 1654 6415
1348 1655 6414
1347 1656 6413
1346 1657 6412
1345 1658 6411
1344 1659 6410
1343 1660 6409
1342 1661 6408
1341 1662 6407
1340 1663 6406
1339 1664 6405
1338 1665 6404
1337 1666 6403
1336 1667 6402
1335 1668 6401
1334 1669 6400
1333 1670 6399
1332 1671 6398
1331 1672 6397
1330 1673 6396
1329 1674 6395
1328 1675 6394
1327 1676 6393
1326 1677 6392
1325 1678 6391
1324 1679 6390
1323 1680 6389
1322 1681 6388
1321 1682 6387
1320 1683 6386
1319 1684 6385
1318 1685 6384
1317 1686 6383
1316 1687 6382
1315 1688 6381
1314 1689 6380
1313 1690 6379
1312 1691 6378
1311 1692 6377
1310 1693 6376
1309 1694 6375
1308 1695 6374
1307 1696 6373
1306 1697 6372
1305 1698 6371
1304 1699 6370
1303 1700 6369
1302 1701 6368
1301 1702 6367
1300 1703 6366
1299 1704 6365
1298 1705 6364
1297 1706 6363
1296 1707 6362
1295 1708 6361
1294 1709 6360
1293 1710 6359
1292 1711 6358
1291 1712 6357
1290 1713 6356
1289 1714 6355
1288 1715 6354
1287 1716 6353
1286 1717 6352
1285 1718 6351
1284 1719 6350
1283 1720 6349
1282 1721 6348
1281 1722 6347
1280 1723 6346
1279 1724 6345
1278 1725 6344
1277 1726 6343
1276 1727 6342
1275 1728 6341
1274 1729 6340
1273 1730 6339
1272 1731 6338
1271 1732 6337
1270 1733 6336
1269 1734 6335
1268 1735 6334
1267 1736 6333
1266 1737 6332
1265 1738 6331
1264 1739 6330
1263 1740 6329
1262 1741 6328
1261 1742 6327
1260 1743 6326
1259 1744 6325
1258 1745 6324
1257 1746 6323
1256 1747 6322
1255 1748 6321
1254 1749 6320
1253 1750 6319
1252 1751 6318
1251 1752 6317
1250 1753 6316
1249 1754 6315
1248 1755 6314
1247 1756 6313
1246 1757 6312
1245 1758 6311
1244 1759 6310
1243 1760 6309
1242 1761 6308
1241 1762 6307
1240 1763 6306
1239 1764 6305
1238 1765 6304
1237 1766 6303
1236 1767 6302
1235 1768 6301
1234 1769 6300
1233 1770 6299
1232 1771 6298
1231 1772 6297
1230 1773 6296
1229 1774 6295
1228 1775 6294
1227 1776 6293
1226 1777 6292
1225 1778 6291
1224 1779 6290
1223 1780 6289
1222 1781 6288
1221 1782 6287
1220 1783 6286
1219 1784 6285
1218 1785 6284
1217 1786 6283
1216 1787 6282
1215 1788 6281
1214 1789 6280
1213 1790 6279
1212 1791 6278
1211 1792 6277
1210 1793 6276
1209 1794 6275
1208 1795 6274
1207 1796 6273
1206 1797 6272
1205 1798 6271
1204 1799 6270
1203 1800 6269
1202 1801 6268
1201 1802 6267
1200 1803 6266
1199 1804 6265
1198 1805 6264
1197 1806 6263
1196 1807 6262
1195 1808 6261
1194 1809 6260
1193 1810 6259
1192 1811 6258
1191 1812 6257
1190 1813 6256
1189 1814 6255
1188 1815 6254
1187 1816 6253
1186 1817 6252
1185 1818 6251
1184 1819 6250
1183 1820 6249
1182 1821 6248
1181 1822 6247
1180 1823 6246
1179 1824 6245
1178 1825 6244
1177 1826 6243
1176 1827 6242
1175 1828 6241
1174 1829 6240
1173 1830 6239
1172 1831 6238
1171 1832 6237
1170 1833 6236
1169 1834 6235
1168 1835 6234
1167 1836 6233
1166 1837 6232
1165 1838 6231
1164 1839 6230
1163 1840 6229
1162 1841 6228
1161 1842 6227
1160 1843 6226
1159 1844 6225
1158 1845 6224
1157 1846 6223
1156 1847 6222
1155 1848 6221
1154 1849 6220
1153 1850 6219
1152 1851 6218
1151 1852 6217
1150 1853 6216
1149 1854 6215
1148 1855 6214
1147 1856 6213
1146 1857 6212
1145 1858 6211
1144 1859 6210
1143 1860 6209
1142 1861 6208
1141 1862 6207
1140 1863 6206
1139 1864 6205
1138 1865 6204
1137 1866 6203
1136 1867 6202
1135 1868 6201
1134 1869 6200
1133 1870 6199
1132 1871 6198
1131 1872 6197
1130 1873 6196
1129 1874 6195
1128 1875 6194
1127 1876 6193
1126 1877 6192
1125 1878 6191
1124 1879 6190
1123 1880 6189
1122 1881 6188
1121 1882 6187
1120 1883 6186
1119 1884 6185
1118 1885 6184
1117 1886 6183
1116 1887 6182
1115 1888 6181
1114 1889 6180
1113 1890 6179
1112 1891 6178
1111 1892 6177
1110 1893 6176
1109 1894 6175
1108 1895 6174
1107 1896 6173
1106 1897 6172
1105 1898 6171
1104 1899 6170
1103 1900 6169
1102 1901 6168
1101 1902 6167
1100 1903 6166
1099 1904 6165
1098 1905 6164
1097 1906 6163
1096 1907 6162
1095 1908 6161
1094 1909 6160
1093 1910 6159
1092 1911 6158
1091 1912 6157
1090 1913 6156
1089 1914 6155
1088 1915 6154
1087 1916 6153
1086 1917 6152
1085 1918 6151
1084 1919 6150
1083 1920 6149
1082 1921 6148
1081 1922 6147
1080 1923 6146
1079 1924 6145
1078 1925 6144
1077 1926 6143
1076 1927 6142
1075 1928 6141
1074 1929 6140
1073 1930 6139
1072 1931 6138
1071 1932 6137
1070 1933 6136
1069 1934 6135
1068 1935 6134
1067 1936 6133
1066 1937 6132
1065 1938 6131
1064 1939 6130
1063 1940 6129
1062 1941 6128
1061 1942 6127
1060 1943 6126
1059 1944 6125
1058 1945 6124
1057 1946 6123
1056 1947 6122
1055 1948 6121
1054 1949 6120
1053 1950 6119
1052 1951 6118
1051 1952 6117
1050 1953 6116
1049 1954 6115
1048 1955 6114
1047 1956 6113
1046 1957 6112
1045 1958 6111
1044 1959 6110
1043 1960 6109
1042 1961 6108
1041 1962 6107
1040 1963 6106
1039 1964 6105
1038 1965 6104
1037 1966 6103
1036 1967 6102
1035 1968 6101
1034 1969 6100
1033 1970 6099
1032 1971 6098
1031 1972 6097
1030 1973 6096
1029 1974 6095
1028 1975 6094
1027 1976 6093
1026 1977 6092
1025 1978 6091
1024 1979 6090
1023 1980 6089
1022 1981 6088
1021 1982 6087
1020 1983 6086
1019 1984 6085
1018 1985 6084
1017 1986 6083
1016 1987 6082
1015 1988 6081
1014 1989 6080
1013 1990 6079
1012 1991 6078
1011 1992 6077
1010 1993 6076
1009 1994 6075
1008 1995 6074
1007 1996 6073
1006 1997 6072
1005 1998 6071
1004 1999 6070
1003 2000 6069
1002 2001 6068
1001 2002 6067
1000 2003 6066
999 2004 6065
998 2005 6064
997 2006 6063
996 2007 6062
995 2008 6061
994 2009 6060
993 2010 6059
992 2011 6058
991 2012 6057
990 2013 6056
989 2014 6055
988 2015 6054
987 2016 6053
986 2017 6052
985 2018 6051
984 2019 6050
983 2020 6049
982 2021 6048
981 2022 6047
980 2023 6046
979 2024 6045
978 2025 6044
977 2026 6043
976 2027 6042
975 2028 6041
974 2029 6040
973 2030 6039
972 2031 6038
971 2032 6037
970 2033 6036
969 2034 6035
968 2035 6034
967 2036 6033
966 2037 6032
965 2038 6031
964 2039 6030
963 2040 6029
962 2041 6028
961 2042 6027
960 2043 6026
959 2044 6025
958 2045 6024
957 2046 6023
956 2047 6022
955 2048 6021
954 2049 6020
953 2050 6019
952 2051 6018
951 2052 6017
950 2053 6016
949 2054 6015
948 2055 6014
947 2056 6013
946 2057 6012
945 2058 6011
944 2059 6010
943 2060 6009
942 2061 6008
941 2062 6007
940 2063 6006
939 2064 6005
938 2065 6004
937 2066 6003
936 2067 6002
935 2068 6001
