2506
3000 3 8506
2999 4 8505
2998 5 8504
2997 6 8503
2996 7 8502
2995 8 8501
2994 9 8500
2993 10 8499
2992 11 8498
2991 12 8497
2990 13 8496
2989 14 8495
2988 15 8494
2987 16 8493
2986 17 8492
2985 18 8491
2984 19 8490
2983 20 8489
2982 21 8488
2981 22 8487
2980 23 8486
2979 24 8485
2978 25 8484
2977 26 8483
2976 27 8482
2975 28 8481
2974 29 8480
2973 30 8479
2972 31 8478
2971 32 8477
2970 33 8476
2969 34 8475
2968 35 8474
2967 36 8473
2966 37 8472
2965 38 8471
2964 39 8470
2963 40 8469
2962 41 8468
2961 42 8467
2960 43 8466
2959 44 8465
2958 45 8464
2957 46 8463
2956 47 8462
2955 48 8461
2954 49 8460
2953 50 8459
2952 51 8458
2951 52 8457
2950 53 8456
2949 54 8455
2948 55 8454
2947 56 8453
2946 57 8452
2945 58 8451
2944 59 8450
2943 60 8449
2942 61 8448
2941 62 8447
2940 63 8446
2939 64 8445
2938 65 8444
2937 66 8443
2936 67 8442
2935 68 8441
2934 69 8440
2933 70 8439
2932 71 8438
2931 72 8437
2930 73 8436
2929 74 8435
2928 75 8434
2927 76 8433
2926 77 8432
2925 78 8431
2924 79 8430
2923 80 8429
2922 81 8428
2921 82 8427
2920 83 8426
2919 84 8425
2918 85 8424
2917 86 8423
2916 87 8422
2915 88 8421
2914 89 8420
2913 90 8419
2912 91 8418
2911 92 8417
2910 93 8416
2909 94 8415
2908 95 8414
2907 96 8413
2906 97 8412
2905 98 8411
2904 99 8410
2903 100 8409
2902 101 8408
2901 102 8407
2900 103 8406
2899 104 8405
2898 105 8404
2897 106 8403
2896 107 8402
2895 108 8401
2894 109 8400
2893 110 8399
2892 111 8398
2891 112 8397
2890 113 8396
2889 114 8395
2888 115 8394
2887 116 8393
2886 117 8392
2885 118 8391
2884 119 8390
2883 120 8389
2882 121 8388
2881 122 8387
2880 123 8386
2879 124 8385
2878 125 8384
2877 126 8383
2876 127 8382
2875 128 8381
2874 129 8380
2873 130 8379
2872 131 8378
2871 132 8377
2870 133 8376
2869 134 8375
2868 135 8374
2867 136 8373
2866 137 8372
2865 138 8371
2864 139 8370
2863 140 8369
2862 141 8368
2861 142 8367
2860 143 8366
2859 144 8365
2858 145 8364
2857 146 8363
2856 147 8362
2855 148 8361
2854 149 8360
2853 150 8359
2852 151 8358
2851 152 8357
2850 153 8356
2849 154 8355
2848 155 8354
2847 156 8353
2846 157 8352
2845 158 8351
2844 159 8350
2843 160 8349
2842 161 8348
2841 162 8347
2840 163 8346
2839 164 8345
2838 165 8344
2837 166 8343
2836 167 8342
2835 168 8341
2834 169 8340
2833 170 8339
2832 171 8338
2831 172 8337
2830 173 8336
2829 174 8335
2828 175 8334
2827 176 8333
2826 177 8332
2825 178 8331
2824 179 8330
2823 180 8329
2822 181 8328
2821 182 8327
2820 183 8326
2819 184 8325
2818 185 8324
2817 186 8323
2816 187 8322
2815 188 8321
2814 189 8320
2813 190 8319
2812 191 8318
2811 192 8317
2810 193 8316
2809 194 8315
2808 195 8314
2807 196 8313
2806 197 8312
2805 198 8311
2804 199 8310
2803 200 8309
2802 201 8308
2801 202 8307
2800 203 8306
2799 204 8305
2798 205 8304
2797 206 8303
2796 207 8302
2795 208 8301
2794 209 8300
2793 210 8299
2792 211 8298
2791 212 8297
2790 213 8296
2789 214 8295
2788 215 8294
2787 216 8293
2786 217 8292
2785 218 8291
2784 219 8290
2783 220 8289
2782 221 8288
2781 222 8287
2780 223 8286
2779 224 8285
2778 225 8284
2777 226 8283
2776 227 8282
2775 228 8281
2774 229 8280
2773 230 8279
2772 231 8278
2771 232 8277
2770 233 8276
2769 234 8275
2768 235 8274
2767 236 8273
2766 237 8272
2765 238 8271
2764 239 8270
2763 240 8269
2762 241 8268
2761 242 8267
2760 243 8266
2759 244 8265
2758 245 8264
2757 246 8263
2756 247 8262
2755 248 8261
2754 249 8260
2753 250 8259
2752 251 8258
2751 252 8257
2750 253 8256
2749 254 8255
2748 255 8254
2747 256 8253
2746 257 8252
2745 258 8251
2744 259 8250
2743 260 8249
2742 261 8248
2741 262 8247
2740 263 8246
2739 264 8245
2738 265 8244
2737 266 8243
2736 267 8242
2735 268 8241
2734 269 8240
2733 270 8239
2732 271 8238
2731 272 8237
2730 273 8236
2729 274 8235
2728 275 8234
2727 276 8233
2726 277 8232
2725 278 8231
2724 279 8230
2723 280 8229
2722 281 8228
2721 282 8227
2720 283 8226
2719 284 8225
2718 285 8224
2717 286 8223
2716 287 8222
2715 288 8221
2714 289 8220
2713 290 8219
2712 291 8218
2711 292 8217
2710 293 8216
2709 294 8215
2708 295 8214
2707 296 8213
2706 297 8212
2705 298 8211
2704 299 8210
2703 300 8209
2702 301 8208
2701 302 8207
2700 303 8206
2699 304 8205
2698 305 8204
2697 306 8203
2696 307 8202
2695 308 8201
2694 309 8200
2693 310 8199
2692 311 8198
2691 312 8197
2690 313 8196
2689 314 8195
2688 315 8194
2687 316 8193
2686 317 8192
2685 318 8191
2684 319 8190
2683 320 8189
2682 321 8188
2681 322 8187
2680 323 8186
2679 324 8185
2678 325 8184
2677 326 8183
2676 327 8182
2675 328 8181
2674 329 8180
2673 330 8179
2672 331 8178
2671 332 8177
2670 333 8176
2669 334 8175
2668 335 8174
2667 336 8173
2666 337 8172
2665 338 8171
2664 339 8170
2663 340 8169
2662 341 8168
2661 342 8167
2660 343 8166
2659 344 8165
2658 345 8164
2657 346 8163
2656 347 8162
2655 348 8161
2654 349 8160
2653 350 8159
2652 351 8158
2651 352 8157
2650 353 8156
2649 354 8155
2648 355 8154
2647 356 8153
2646 357 8152
2645 358 8151
2644 359 8150
2643 360 8149
2642 361 8148
2641 362 8147
2640 363 8146
2639 364 8145
2638 365 8144
2637 366 8143
2636 367 8142
2635 368 8141
2634 369 8140
2633 370 8139
2632 371 8138
2631 372 8137
2630 373 8136
2629 374 8135
2628 375 8134
2627 376 8133
2626 377 8132
2625 378 8131
2624 379 8130
2623 380 8129
2622 381 8128
2621 382 8127
2620 383 8126
2619 384 8125
2618 385 8124
2617 386 8123
2616 387 8122
2615 388 8121
2614 389 8120
2613 390 8119
2612 391 8118
2611 392 8117
2610 393 8116
2609 394 8115
2608 395 8114
2607 396 8113
2606 397 8112
2605 398 8111
2604 399 8110
2603 400 8109
2602 401 8108
2601 402 8107
2600 403 8106
2599 404 8105
2598 405 8104
2597 406 8103
2596 407 8102
2595 408 8101
2594 409 8100
2593 410 8099
2592 411 8098
2591 412 8097
2590 413 8096
2589 414 8095
2588 415 8094
2587 416 8093
2586 417 8092
2585 418 8091
2584 419 8090
2583 420 8089
2582 421 8088
2581 422 8087
2580 423 8086
2579 424 8085
2578 425 8084
2577 426 8083
2576 427 8082
2575 428 8081
2574 429 8080
2573 430 8079
2572 431 8078
2571 432 8077
2570 433 8076
2569 434 8075
2568 435 8074
2567 436 8073
2566 437 8072
2565 438 8071
2564 439 8070
2563 440 8069
2562 441 8068
2561 442 8067
2560 443 8066
2559 444 8065
2558 445 8064
2557 446 8063
2556 447 8062
2555 448 8061
2554 449 8060
2553 450 8059
2552 451 8058
2551 452 8057
2550 453 8056
2549 454 8055
2548 455 8054
2547 456 8053
2546 457 8052
2545 458 8051
2544 459 8050
2543 460 8049
2542 461 8048
2541 462 8047
2540 463 8046
2539 464 8045
2538 465 8044
2537 466 8043
2536 467 8042
2535 468 8041
2534 469 8040
2533 470 8039
2532 471 8038
2531 472 8037
2530 473 8036
2529 474 8035
2528 475 8034
2527 476 8033
2526 477 8032
2525 478 8031
2524 479 8030
2523 480 8029
2522 481 8028
2521 482 8027
2520 483 8026
2519 484 8025
2518 485 8024
2517 486 8023
2516 487 8022
2515 488 8021
2514 489 8020
2513 490 8019
2512 491 8018
2511 492 8017
2510 493 8016
2509 494 8015
2508 495 8014
2507 496 8013
2506 497 8012
2505 498 8011
2504 499 8010
2503 500 8009
2502 501 8008
2501 502 8007
2500 503 8006
2499 504 8005
2498 505 8004
2497 506 8003
2496 507 8002
2495 508 8001
2494 509 8000
2493 510 7999
2492 511 7998
2491 512 7997
2490 513 7996
2489 514 7995
2488 515 7994
2487 516 7993
2486 517 7992
2485 518 7991
2484 519 7990
2483 520 7989
2482 521 7988
2481 522 7987
2480 523 7986
2479 524 7985
2478 525 7984
2477 526 7983
2476 527 7982
2475 528 7981
2474 529 7980
2473 530 7979
2472 531 7978
2471 532 7977
2470 533 7976
2469 534 7975
2468 535 7974
2467 536 7973
2466 537 7972
2465 538 7971
2464 539 7970
2463 540 7969
2462 541 7968
2461 542 7967
2460 543 7966
2459 544 7965
2458 545 7964
2457 546 7963
2456 547 7962
2455 548 7961
2454 549 7960
2453 550 7959
2452 551 7958
2451 552 7957
2450 553 7956
2449 554 7955
2448 555 7954
2447 556 7953
2446 557 7952
2445 558 7951
2444 559 7950
2443 560 7949
2442 561 7948
2441 562 7947
2440 563 7946
2439 564 7945
2438 565 7944
2437 566 7943
2436 567 7942
2435 568 7941
2434 569 7940
2433 570 7939
2432 571 7938
2431 572 7937
2430 573 7936
2429 574 7935
2428 575 7934
2427 576 7933
2426 577 7932
2425 578 7931
2424 579 7930
2423 580 7929
2422 581 7928
2421 582 7927
2420 583 7926
2419 584 7925
2418 585 7924
2417 586 7923
2416 587 7922
2415 588 7921
2414 589 7920
2413 590 7919
2412 591 7918
2411 592 7917
2410 593 7916
2409 594 7915
2408 595 7914
2407 596 7913
2406 597 7912
2405 598 7911
2404 599 7910
2403 600 7909
2402 601 7908
2401 602 7907
2400 603 7906
2399 604 7905
2398 605 7904
2397 606 7903
2396 607 7902
2395 608 7901
2394 609 7900
2393 610 7899
2392 611 7898
2391 612 7897
2390 613 7896
2389 614 7895
2388 615 7894
2387 616 7893
2386 617 7892
2385 618 7891
2384 619 7890
2383 620 7889
2382 621 7888
2381 622 7887
2380 623 7886
2379 624 7885
2378 625 7884
2377 626 7883
2376 627 7882
2375 628 7881
2374 629 7880
2373 630 7879
2372 631 7878
2371 632 7877
2370 633 7876
2369 634 7875
2368 635 7874
2367 636 7873
2366 637 7872
2365 638 7871
2364 639 7870
2363 640 7869
2362 641 7868
2361 642 7867
2360 643 7866
2359 644 7865
2358 645 7864
2357 646 7863
2356 647 7862
2355 648 7861
2354 649 7860
2353 650 7859
2352 651 7858
2351 652 7857
2350 653 7856
2349 654 7855
2348 655 7854
2347 656 7853
2346 657 7852
2345 658 7851
2344 659 7850
2343 660 7849
2342 661 7848
2341 662 7847
2340 663 7846
2339 664 7845
2338 665 7844
2337 666 7843
2336 667 7842
2335 668 7841
2334 669 7840
2333 670 7839
2332 671 7838
2331 672 7837
2330 673 7836
2329 674 7835
2328 675 7834
2327 676 7833
2326 677 7832
2325 678 7831
2324 679 7830
2323 680 7829
2322 681 7828
2321 682 7827
2320 683 7826
2319 684 7825
2318 685 7824
2317 686 7823
2316 687 7822
2315 688 7821
2314 689 7820
2313 690 7819
2312 691 7818
2311 692 7817
2310 693 7816
2309 694 7815
2308 695 7814
2307 696 7813
2306 697 7812
2305 698 7811
2304 699 7810
2303 700 7809
2302 701 7808
2301 702 7807
2300 703 7806
2299 704 7805
2298 705 7804
2297 706 7803
2296 707 7802
2295 708 7801
2294 709 7800
2293 710 7799
2292 711 7798
2291 712 7797
2290 713 7796
2289 714 7795
2288 715 7794
2287 716 7793
2286 717 7792
2285 718 7791
2284 719 7790
2283 720 7789
2282 721 7788
2281 722 7787
2280 723 7786
2279 724 7785
2278 725 7784
2277 726 7783
2276 727 7782
2275 728 7781
2274 729 7780
2273 730 7779
2272 731 7778
2271 732 7777
2270 733 7776
2269 734 7775
2268 735 7774
2267 736 7773
2266 737 7772
2265 738 7771
2264 739 7770
2263 740 7769
2262 741 7768
2261 742 7767
2260 743 7766
2259 744 7765
2258 745 7764
2257 746 7763
2256 747 7762
2255 748 7761
2254 749 7760
2253 750 7759
2252 751 7758
2251 752 7757
2250 753 7756
2249 754 7755
2248 755 7754
2247 756 7753
2246 757 7752
2245 758 7751
2244 759 7750
2243 760 7749
2242 761 7748
2241 762 7747
2240 763 7746
2239 764 7745
2238 765 7744
2237 766 7743
2236 767 7742
2235 768 7741
2234 769 7740
2233 770 7739
2232 771 7738
2231 772 7737
2230 773 7736
2229 774 7735
2228 775 7734
2227 776 7733
2226 777 7732
2225 778 7731
2224 779 7730
2223 780 7729
2222 781 7728
2221 782 7727
2220 783 7726
2219 784 7725
2218 785 7724
2217 786 7723
2216 787 7722
2215 788 7721
2214 789 7720
2213 790 7719
2212 791 7718
2211 792 7717
2210 793 7716
2209 794 7715
2208 795 7714
2207 796 7713
2206 797 7712
2205 798 7711
2204 799 7710
2203 800 7709
2202 801 7708
2201 802 7707
2200 803 7706
2199 804 7705
2198 805 7704
2197 806 7703
2196 807 7702
2195 808 7701
2194 809 7700
2193 810 7699
2192 811 7698
2191 812 7697
2190 813 7696
2189 814 7695
2188 815 7694
2187 816 7693
2186 817 7692
2185 818 7691
2184 819 7690
2183 820 7689
2182 821 7688
2181 822 7687
2180 823 7686
2179 824 7685
2178 825 7684
2177 826 7683
2176 827 7682
2175 828 7681
2174 829 7680
2173 830 7679
2172 831 7678
2171 832 7677
2170 833 7676
2169 834 7675
2168 835 7674
2167 836 7673
2166 837 7672
2165 838 7671
2164 839 7670
2163 840 7669
2162 841 7668
2161 842 7667
2160 843 7666
2159 844 7665
2158 845 7664
2157 846 7663
2156 847 7662
2155 848 7661
2154 849 7660
2153 850 7659
2152 851 7658
2151 852 7657
2150 853 7656
2149 854 7655
2148 855 7654
2147 856 7653
2146 857 7652
2145 858 7651
2144 859 7650
2143 860 7649
2142 861 7648
2141 862 7647
2140 863 7646
2139 864 7645
2138 865 7644
2137 866 7643
2136 867 7642
2135 868 7641
2134 869 7640
2133 870 7639
2132 871 7638
2131 872 7637
2130 873 7636
2129 874 7635
2128 875 7634
2127 876 7633
2126 877 7632
2125 878 7631
2124 879 7630
2123 880 7629
2122 881 7628
2121 882 7627
2120 883 7626
2119 884 7625
2118 885 7624
2117 886 7623
2116 887 7622
2115 888 7621
2114 889 7620
2113 890 7619
2112 891 7618
2111 892 7617
2110 893 7616
2109 894 7615
2108 895 7614
2107 896 7613
2106 897 7612
2105 898 7611
2104 899 7610
2103 900 7609
2102 901 7608
2101 902 7607
2100 903 7606
2099 904 7605
2098 905 7604
2097 906 7603
2096 907 7602
2095 908 7601
2094 909 7600
2093 910 7599
2092 911 7598
2091 912 7597
2090 913 7596
2089 914 7595
2088 915 7594
2087 916 7593
2086 917 7592
2085 918 7591
2084 919 7590
2083 920 7589
2082 921 7588
2081 922 7587
2080 923 7586
2079 924 7585
2078 925 7584
2077 926 7583
2076 927 7582
2075 928 7581
2074 929 7580
2073 930 7579
2072 931 7578
2071 932 7577
2070 933 7576
2069 934 7575
2068 935 7574
2067 936 7573
2066 937 7572
2065 938 7571
2064 939 7570
2063 940 7569
2062 941 7568
2061 942 7567
2060 943 7566
2059 944 7565
2058 945 7564
2057 946 7563
2056 947 7562
2055 948 7561
2054 949 7560
2053 950 7559
2052 951 7558
2051 952 7557
2050 953 7556
2049 954 7555
2048 955 7554
2047 956 7553
2046 957 7552
2045 958 7551
2044 959 7550
2043 960 7549
2042 961 7548
2041 962 7547
2040 963 7546
2039 964 7545
2038 965 7544
2037 966 7543
2036 967 7542
2035 968 7541
2034 969 7540
2033 970 7539
2032 971 7538
2031 972 7537
2030 973 7536
2029 974 7535
2028 975 7534
2027 976 7533
2026 977 7532
2025 978 7531
2024 979 7530
2023 980 7529
2022 981 7528
2021 982 7527
2020 983 7526
2019 984 7525
2018 985 7524
2017 986 7523
2016 987 7522
2015 988 7521
2014 989 7520
2013 990 7519
2012 991 7518
2011 992 7517
2010 993 7516
2009 994 7515
2008 995 7514
2007 996 7513
2006 997 7512
2005 998 7511
2004 999 7510
2003 1000 7509
2002 1001 7508
2001 1002 7507
2000 1003 7506
1999 1004 7505
1998 1005 7504
1997 1006 7503
1996 1007 7502
1995 1008 7501
1994 1009 7500
1993 1010 7499
1992 1011 7498
1991 1012 7497
1990 1013 7496
1989 1014 7495
1988 1015 7494
1987 1016 7493
1986 1017 7492
1985 1018 7491
1984 1019 7490
1983 1020 7489
1982 1021 7488
1981 1022 7487
1980 1023 7486
1979 1024 7485
1978 1025 7484
1977 1026 7483
1976 1027 7482
1975 1028 7481
1974 1029 7480
1973 1030 7479
1972 1031 7478
1971 1032 7477
1970 1033 7476
1969 1034 7475
1968 1035 7474
1967 1036 7473
1966 1037 7472
1965 1038 7471
1964 1039 7470
1963 1040 7469
1962 1041 7468
1961 1042 7467
1960 1043 7466
1959 1044 7465
1958 1045 7464
1957 1046 7463
1956 1047 7462
1955 1048 7461
1954 1049 7460
1953 1050 7459
1952 1051 7458
1951 1052 7457
1950 1053 7456
1949 1054 7455
1948 1055 7454
1947 1056 7453
1946 1057 7452
1945 1058 7451
1944 1059 7450
1943 1060 7449
1942 1061 7448
1941 1062 7447
1940 1063 7446
1939 1064 7445
1938 1065 7444
1937 1066 7443
1936 1067 7442
1935 1068 7441
1934 1069 7440
1933 1070 7439
1932 1071 7438
1931 1072 7437
1930 1073 7436
1929 1074 7435
1928 1075 7434
1927 1076 7433
1926 1077 7432
1925 1078 7431
1924 1079 7430
1923 1080 7429
1922 1081 7428
1921 1082 7427
1920 1083 7426
1919 1084 7425
1918 1085 7424
1917 1086 7423
1916 1087 7422
1915 1088 7421
1914 1089 7420
1913 1090 7419
1912 1091 7418
1911 1092 7417
1910 1093 7416
1909 1094 7415
1908 1095 7414
1907 1096 7413
1906 1097 7412
1905 1098 7411
1904 1099 7410
1903 1100 7409
1902 1101 7408
1901 1102 7407
1900 1103 7406
1899 1104 7405
1898 1105 7404
1897 1106 7403
1896 1107 7402
1895 1108 7401
1894 1109 7400
1893 1110 7399
1892 1111 7398
1891 1112 7397
1890 1113 7396
1889 1114 7395
1888 1115 7394
1887 1116 7393
1886 1117 7392
1885 1118 7391
1884 1119 7390
1883 1120 7389
1882 1121 7388
1881 1122 7387
1880 1123 7386
1879 1124 7385
1878 1125 7384
1877 1126 7383
1876 1127 7382
1875 1128 7381
1874 1129 7380
1873 1130 7379
1872 1131 7378
1871 1132 7377
1870 1133 7376
1869 1134 7375
1868 1135 7374
1867 1136 7373
1866 1137 7372
1865 1138 7371
1864 1139 7370
1863 1140 7369
1862 1141 7368
1861 1142 7367
1860 1143 7366
1859 1144 7365
1858 1145 7364
1857 1146 7363
1856 1147 7362
1855 1148 7361
1854 1149 7360
1853 1150 7359
1852 1151 7358
1851 1152 7357
1850 1153 7356
1849 1154 7355
1848 1155 7354
1847 1156 7353
1846 1157 7352
1845 1158 7351
1844 1159 7350
1843 1160 7349
1842 1161 7348
1841 1162 7347
1840 1163 7346
1839 1164 7345
1838 1165 7344
1837 1166 7343
1836 1167 7342
1835 1168 7341
1834 1169 7340
1833 1170 7339
1832 1171 7338
1831 1172 7337
1830 1173 7336
1829 1174 7335
1828 1175 7334
1827 1176 7333
1826 1177 7332
1825 1178 7331
1824 1179 7330
1823 1180 7329
1822 1181 7328
1821 1182 7327
1820 1183 7326
1819 1184 7325
1818 1185 7324
1817 1186 7323
1816 1187 7322
1815 1188 7321
1814 1189 7320
1813 1190 7319
1812 1191 7318
1811 1192 7317
1810 1193 7316
1809 1194 7315
1808 1195 7314
1807 1196 7313
1806 1197 7312
1805 1198 7311
1804 1199 7310
1803 1200 7309
1802 1201 7308
1801 1202 7307
1800 1203 7306
1799 1204 7305
1798 1205 7304
1797 1206 7303
1796 1207 7302
1795 1208 7301
1794 1209 7300
1793 1210 7299
1792 1211 7298
1791 1212 7297
1790 1213 7296
1789 1214 7295
1788 1215 7294
1787 1216 7293
1786 1217 7292
1785 1218 7291
1784 1219 7290
1783 1220 7289
1782 1221 7288
1781 1222 7287
1780 1223 7286
1779 1224 7285
1778 1225 7284
1777 1226 7283
1776 1227 7282
1775 1228 7281
1774 1229 7280
1773 1230 7279
1772 1231 7278
1771 1232 7277
1770 1233 7276
1769 1234 7275
1768 1235 7274
1767 1236 7273
1766 1237 7272
1765 1238 7271
1764 1239 7270
1763 1240 7269
1762 1241 7268
1761 1242 7267
1760 1243 7266
1759 1244 7265
1758 1245 7264
1757 1246 7263
1756 1247 7262
1755 1248 7261
1754 1249 7260
1753 1250 7259
1752 1251 7258
1751 1252 7257
1750 1253 7256
1749 1254 7255
1748 1255 7254
1747 1256 7253
1746 1257 7252
1745 1258 7251
1744 1259 7250
1743 1260 7249
1742 1261 7248
1741 1262 7247
1740 1263 7246
1739 1264 7245
1738 1265 7244
1737 1266 7243
1736 1267 7242
1735 1268 7241
1734 1269 7240
1733 1270 7239
1732 1271 7238
1731 1272 7237
1730 1273 7236
1729 1274 7235
1728 1275 7234
1727 1276 7233
1726 1277 7232
1725 1278 7231
1724 1279 7230
1723 1280 7229
1722 1281 7228
1721 1282 7227
1720 1283 7226
1719 1284 7225
1718 1285 7224
1717 1286 7223
1716 1287 7222
1715 1288 7221
1714 1289 7220
1713 1290 7219
1712 1291 7218
1711 1292 7217
1710 1293 7216
1709 1294 7215
1708 1295 7214
1707 1296 7213
1706 1297 7212
1705 1298 7211
1704 1299 7210
1703 1300 7209
1702 1301 7208
1701 1302 7207
1700 1303 7206
1699 1304 7205
1698 1305 7204
1697 1306 7203
1696 1307 7202
1695 1308 7201
1694 1309 7200
1693 1310 7199
1692 1311 7198
1691 1312 7197
1690 1313 7196
1689 1314 7195
1688 1315 7194
1687 1316 7193
1686 1317 7192
1685 1318 7191
1684 1319 7190
1683 1320 7189
1682 1321 7188
1681 1322 7187
1680 1323 7186
1679 1324 7185
1678 1325 7184
1677 1326 7183
1676 1327 7182
1675 1328 7181
1674 1329 7180
1673 1330 7179
1672 1331 7178
1671 1332 7177
1670 1333 7176
1669 1334 7175
1668 1335 7174
1667 1336 7173
1666 1337 7172
1665 1338 7171
1664 1339 7170
1663 1340 7169
1662 1341 7168
1661 1342 7167
1660 1343 7166
1659 1344 7165
1658 1345 7164
1657 1346 7163
1656 1347 7162
1655 1348 7161
1654 1349 7160
1653 1350 7159
1652 1351 7158
1651 1352 7157
1650 1353 7156
1649 1354 7155
1648 1355 7154
1647 1356 7153
1646 1357 7152
1645 1358 7151
1644 1359 7150
1643 1360 7149
1642 1361 7148
1641 1362 7147
1640 1363 7146
1639 1364 7145
1638 1365 7144
1637 1366 7143
1636 1367 7142
1635 1368 7141
1634 1369 7140
1633 1370 7139
1632 1371 7138
1631 1372 7137
1630 1373 7136
1629 1374 7135
1628 1375 7134
1627 1376 7133
1626 1377 7132
1625 1378 7131
1624 1379 7130
1623 1380 7129
1622 1381 7128
1621 1382 7127
1620 1383 7126
1619 1384 7125
1618 1385 7124
1617 1386 7123
1616 1387 7122
1615 1388 7121
1614 1389 7120
1613 1390 7119
1612 1391 7118
1611 1392 7117
1610 1393 7116
1609 1394 7115
1608 1395 7114
1607 1396 7113
1606 1397 7112
1605 1398 7111
1604 1399 7110
1603 1400 7109
1602 1401 7108
1601 1402 7107
1600 1403 7106
1599 1404 7105
1598 1405 7104
1597 1406 7103
1596 1407 7102
1595 1408 7101
1594 1409 7100
1593 1410 7099
1592 1411 7098
1591 1412 7097
1590 1413 7096
1589 1414 7095
1588 1415 7094
1587 1416 7093
1586 1417 7092
1585 1418 7091
1584 1419 7090
1583 1420 7089
1582 1421 7088
1581 1422 7087
1580 1423 7086
1579 1424 7085
1578 1425 7084
1577 1426 7083
1576 1427 7082
1575 1428 7081
1574 1429 7080
1573 1430 7079
1572 1431 7078
1571 1432 7077
1570 1433 7076
1569 1434 7075
1568 1435 7074
1567 1436 7073
1566 1437 7072
1565 1438 7071
1564 1439 7070
1563 1440 7069
1562 1441 7068
1561 1442 7067
1560 1443 7066
1559 1444 7065
1558 1445 7064
1557 1446 7063
1556 1447 7062
1555 1448 7061
1554 1449 7060
1553 1450 7059
1552 1451 7058
1551 1452 7057
1550 1453 7056
1549 1454 7055
1548 1455 7054
1547 1456 7053
1546 1457 7052
1545 1458 7051
1544 1459 7050
1543 1460 7049
1542 1461 7048
1541 1462 7047
1540 1463 7046
1539 1464 7045
1538 1465 7044
1537 1466 7043
1536 1467 7042
1535 1468 7041
1534 1469 7040
1533 1470 7039
1532 1471 7038
1531 1472 7037
1530 1473 7036
1529 1474 7035
1528 1475 7034
1527 1476 7033
1526 1477 7032
1525 1478 7031
1524 1479 7030
1523 1480 7029
1522 1481 7028
1521 1482 7027
1520 1483 7026
1519 1484 7025
1518 1485 7024
1517 1486 7023
1516 1487 7022
1515 1488 7021
1514 1489 7020
1513 1490 7019
1512 1491 7018
1511 1492 7017
1510 1493 7016
1509 1494 7015
1508 1495 7014
1507 1496 7013
1506 1497 7012
1505 1498 7011
1504 1499 7010
1503 1500 7009
1502 1501 7008
1501 1502 7007
1500 1503 7006
1499 1504 7005
1498 1505 7004
1497 1506 7003
1496 1507 7002
1495 1508 7001
1494 1509 7000
1493 1510 6999
1492 1511 6998
1491 1512 6997
1490 1513 6996
1489 1514 6995
1488 1515 6994
1487 1516 6993
1486 1517 6992
1485 1518 6991
1484 1519 6990
1483 1520 6989
1482 1521 6988
1481 1522 6987
1480 1523 6986
1479 1524 6985
1478 1525 6984
1477 1526 6983
1476 1527 6982
1475 1528 6981
1474 1529 6980
1473 1530 6979
1472 1531 6978
1471 1532 6977
1470 1533 6976
1469 1534 6975
1468 1535 6974
1467 1536 6973
1466 1537 6972
1465 1538 6971
1464 1539 6970
1463 1540 6969
1462 1541 6968
1461 1542 6967
1460 1543 6966
1459 1544 6965
1458 1545 6964
1457 1546 6963
1456 1547 6962
1455 1548 6961
1454 1549 6960
1453 1550 6959
1452 1551 6958
1451 1552 6957
1450 1553 6956
1449 1554 6955
1448 1555 6954
1447 1556 6953
1446 1557 6952
1445 1558 6951
1444 1559 6950
1443 1560 6949
1442 1561 6948
1441 1562 6947
1440 1563 6946
1439 1564 6945
1438 1565 6944
1437 1566 6943
1436 1567 6942
1435 1568 6941
1434 1569 6940
1433 1570 6939
1432 1571 6938
1431 1572 6937
1430 1573 6936
1429 1574 6935
1428 1575 6934
1427 1576 6933
1426 1577 6932
1425 1578 6931
1424 1579 6930
1423 1580 6929
1422 1581 6928
1421 1582 6927
1420 1583 6926
1419 1584 6925
1418 1585 6924
1417 1586 6923
1416 1587 6922
1415 1588 6921
1414 1589 6920
1413 1590 6919
1412 1591 6918
1411 1592 6917
1410 1593 6916
1409 1594 6915
1408 1595 6914
1407 1596 6913
1406 1597 6912
1405 1598 6911
1404 1599 6910
1403 1600 6909
1402 1601 6908
1401 1602 6907
1400 1603 6906
1399 1604 6905
1398 1605 6904
1397 1606 6903
1396 1607 6902
1395 1608 6901
1394 1609 6900
1393 1610 6899
1392 1611 6898
1391 1612 6897
1390 1613 6896
1389 1614 6895
1388 1615 6894
1387 1616 6893
1386 1617 6892
1385 1618 6891
1384 1619 6890
1383 1620 6889
1382 1621 6888
1381 1622 6887
1380 1623 6886
1379 1624 6885
1378 1625 6884
1377 1626 6883
1376 1627 6882
1375 1628 6881
1374 1629 6880
1373 1630 6879
1372 1631 6878
1371 1632 6877
1370 1633 6876
1369 1634 6875
1368 1635 6874
1367 1636 6873
1366 1637 6872
1365 1638 6871
1364 1639 6870
1363 1640 6869
1362 1641 6868
1361 1642 6867
1360 1643 6866
1359 1644 6865
1358 1645 6864
1357 1646 6863
1356 1647 6862
1355 1648 6861
1354 1649 6860
1353 1650 6859
1352 1651 6858
1351 1652 6857
1350 1653 6856
1349 1654 6855
1348 1655 6854
1347 1656 6853
1346 1657 6852
1345 1658 6851
1344 1659 6850
1343 1660 6849
1342 1661 6848
1341 1662 6847
1340 1663 6846
1339 1664 6845
1338 1665 6844
1337 1666 6843
1336 1667 6842
1335 1668 6841
1334 1669 6840
1333 1670 6839
1332 1671 6838
1331 1672 6837
1330 1673 6836
1329 1674 6835
1328 1675 6834
1327 1676 6833
1326 1677 6832
1325 1678 6831
1324 1679 6830
1323 1680 6829
1322 1681 6828
1321 1682 6827
1320 1683 6826
1319 1684 6825
1318 1685 6824
1317 1686 6823
1316 1687 6822
1315 1688 6821
1314 1689 6820
1313 1690 6819
1312 1691 6818
1311 1692 6817
1310 1693 6816
1309 1694 6815
1308 1695 6814
1307 1696 6813
1306 1697 6812
1305 1698 6811
1304 1699 6810
1303 1700 6809
1302 1701 6808
1301 1702 6807
1300 1703 6806
1299 1704 6805
1298 1705 6804
1297 1706 6803
1296 1707 6802
1295 1708 6801
1294 1709 6800
1293 1710 6799
1292 1711 6798
1291 1712 6797
1290 1713 6796
1289 1714 6795
1288 1715 6794
1287 1716 6793
1286 1717 6792
1285 1718 6791
1284 1719 6790
1283 1720 6789
1282 1721 6788
1281 1722 6787
1280 1723 6786
1279 1724 6785
1278 1725 6784
1277 1726 6783
1276 1727 6782
1275 1728 6781
1274 1729 6780
1273 1730 6779
1272 1731 6778
1271 1732 6777
1270 1733 6776
1269 1734 6775
1268 1735 6774
1267 1736 6773
1266 1737 6772
1265 1738 6771
1264 1739 6770
1263 1740 6769
1262 1741 6768
1261 1742 6767
1260 1743 6766
1259 1744 6765
1258 1745 6764
1257 1746 6763
1256 1747 6762
1255 1748 6761
1254 1749 6760
1253 1750 6759
1252 1751 6758
1251 1752 6757
1250 1753 6756
1249 1754 6755
1248 1755 6754
1247 1756 6753
1246 1757 6752
1245 1758 6751
1244 1759 6750
1243 1760 6749
1242 1761 6748
1241 1762 6747
1240 1763 6746
1239 1764 6745
1238 1765 6744
1237 1766 6743
1236 1767 6742
1235 1768 6741
1234 1769 6740
1233 1770 6739
1232 1771 6738
1231 1772 6737
1230 1773 6736
1229 1774 6735
1228 1775 6734
1227 1776 6733
1226 1777 6732
1225 1778 6731
1224 1779 6730
1223 1780 6729
1222 1781 6728
1221 1782 6727
1220 1783 6726
1219 1784 6725
1218 1785 6724
1217 1786 6723
1216 1787 6722
1215 1788 6721
1214 1789 6720
1213 1790 6719
1212 1791 6718
1211 1792 6717
1210 1793 6716
1209 1794 6715
1208 1795 6714
1207 1796 6713
1206 1797 6712
1205 1798 6711
1204 1799 6710
1203 1800 6709
1202 1801 6708
1201 1802 6707
1200 1803 6706
1199 1804 6705
1198 1805 6704
1197 1806 6703
1196 1807 6702
1195 1808 6701
1194 1809 6700
1193 1810 6699
1192 1811 6698
1191 1812 6697
1190 1813 6696
1189 1814 6695
1188 1815 6694
1187 1816 6693
1186 1817 6692
1185 1818 6691
1184 1819 6690
1183 1820 6689
1182 1821 6688
1181 1822 6687
1180 1823 6686
1179 1824 6685
1178 1825 6684
1177 1826 6683
1176 1827 6682
1175 1828 6681
1174 1829 6680
1173 1830 6679
1172 1831 6678
1171 1832 6677
1170 1833 6676
1169 1834 6675
1168 1835 6674
1167 1836 6673
1166 1837 6672
1165 1838 6671
1164 1839 6670
1163 1840 6669
1162 1841 6668
1161 1842 6667
1160 1843 6666
1159 1844 6665
1158 1845 6664
1157 1846 6663
1156 1847 6662
1155 1848 6661
1154 1849 6660
1153 1850 6659
1152 1851 6658
1151 1852 6657
1150 1853 6656
1149 1854 6655
1148 1855 6654
1147 1856 6653
1146 1857 6652
1145 1858 6651
1144 1859 6650
1143 1860 6649
1142 1861 6648
1141 1862 6647
1140 1863 6646
1139 1864 6645
1138 1865 6644
1137 1866 6643
1136 1867 6642
1135 1868 6641
1134 1869 6640
1133 1870 6639
1132 1871 6638
1131 1872 6637
1130 1873 6636
1129 1874 6635
1128 1875 6634
1127 1876 6633
1126 1877 6632
1125 1878 6631
1124 1879 6630
1123 1880 6629
1122 1881 6628
1121 1882 6627
1120 1883 6626
1119 1884 6625
1118 1885 6624
1117 1886 6623
1116 1887 6622
1115 1888 6621
1114 1889 6620
1113 1890 6619
1112 1891 6618
1111 1892 6617
1110 1893 6616
1109 1894 6615
1108 1895 6614
1107 1896 6613
1106 1897 6612
1105 1898 6611
1104 1899 6610
1103 1900 6609
1102 1901 6608
1101 1902 6607
1100 1903 6606
1099 1904 6605
1098 1905 6604
1097 1906 6603
1096 1907 6602
1095 1908 6601
1094 1909 6600
1093 1910 6599
1092 1911 6598
1091 1912 6597
1090 1913 6596
1089 1914 6595
1088 1915 6594
1087 1916 6593
1086 1917 6592
1085 1918 6591
1084 1919 6590
1083 1920 6589
1082 1921 6588
1081 1922 6587
1080 1923 6586
1079 1924 6585
1078 1925 6584
1077 1926 6583
1076 1927 6582
1075 1928 6581
1074 1929 6580
1073 1930 6579
1072 1931 6578
1071 1932 6577
1070 1933 6576
1069 1934 6575
1068 1935 6574
1067 1936 6573
1066 1937 6572
1065 1938 6571
1064 1939 6570
1063 1940 6569
1062 1941 6568
1061 1942 6567
1060 1943 6566
1059 1944 6565
1058 1945 6564
1057 1946 6563
1056 1947 6562
1055 1948 6561
1054 1949 6560
1053 1950 6559
1052 1951 6558
1051 1952 6557
1050 1953 6556
1049 1954 6555
1048 1955 6554
1047 1956 6553
1046 1957 6552
1045 1958 6551
1044 1959 6550
1043 1960 6549
1042 1961 6548
1041 1962 6547
1040 1963 6546
1039 1964 6545
1038 1965 6544
1037 1966 6543
1036 1967 6542
1035 1968 6541
1034 1969 6540
1033 1970 6539
1032 1971 6538
1031 1972 6537
1030 1973 6536
1029 1974 6535
1028 1975 6534
1027 1976 6533
1026 1977 6532
1025 1978 6531
1024 1979 6530
1023 1980 6529
1022 1981 6528
1021 1982 6527
1020 1983 6526
1019 1984 6525
1018 1985 6524
1017 1986 6523
1016 1987 6522
1015 1988 6521
1014 1989 6520
1013 1990 6519
1012 1991 6518
1011 1992 6517
1010 1993 6516
1009 1994 6515
1008 1995 6514
1007 1996 6513
1006 1997 6512
1005 1998 6511
1004 1999 6510
1003 2000 6509
1002 2001 6508
1001 2002 6507
1000 2003 6506
999 2004 6505
998 2005 6504
997 2006 6503
996 2007 6502
995 2008 6501
994 2009 6500
993 2010 6499
992 2011 6498
991 2012 6497
990 2013 6496
989 2014 6495
988 2015 6494
987 2016 6493
986 2017 6492
985 2018 6491
984 2019 6490
983 2020 6489
982 2021 6488
981 2022 6487
980 2023 6486
979 2024 6485
978 2025 6484
977 2026 6483
976 2027 6482
975 2028 6481
974 2029 6480
973 2030 6479
972 2031 6478
971 2032 6477
970 2033 6476
969 2034 6475
968 2035 6474
967 2036 6473
966 2037 6472
965 2038 6471
964 2039 6470
963 2040 6469
962 2041 6468
961 2042 6467
960 2043 6466
959 2044 6465
958 2045 6464
957 2046 6463
956 2047 6462
955 2048 6461
954 2049 6460
953 2050 6459
952 2051 6458
951 2052 6457
950 2053 6456
949 2054 6455
948 2055 6454
947 2056 6453
946 2057 6452
945 2058 6451
944 2059 6450
943 2060 6449
942 2061 6448
941 2062 6447
940 2063 6446
939 2064 6445
938 2065 6444
937 2066 6443
936 2067 6442
935 2068 6441
934 2069 6440
933 2070 6439
932 2071 6438
931 2072 6437
930 2073 6436
929 2074 6435
928 2075 6434
927 2076 6433
926 2077 6432
925 2078 6431
924 2079 6430
923 2080 6429
922 2081 6428
921 2082 6427
920 2083 6426
919 2084 6425
918 2085 6424
917 2086 6423
916 2087 6422
915 2088 6421
914 2089 6420
913 2090 6419
912 2091 6418
911 2092 6417
910 2093 6416
909 2094 6415
908 2095 6414
907 2096 6413
906 2097 6412
905 2098 6411
904 2099 6410
903 2100 6409
902 2101 6408
901 2102 6407
900 2103 6406
899 2104 6405
898 2105 6404
897 2106 6403
896 2107 6402
895 2108 6401
894 2109 6400
893 2110 6399
892 2111 6398
891 2112 6397
890 2113 6396
889 2114 6395
888 2115 6394
887 2116 6393
886 2117 6392
885 2118 6391
884 2119 6390
883 2120 6389
882 2121 6388
881 2122 6387
880 2123 6386
879 2124 6385
878 2125 6384
877 2126 6383
876 2127 6382
875 2128 6381
874 2129 6380
873 2130 6379
872 2131 6378
871 2132 6377
870 2133 6376
869 2134 6375
868 2135 6374
867 2136 6373
866 2137 6372
865 2138 6371
864 2139 6370
863 2140 6369
862 2141 6368
861 2142 6367
860 2143 6366
859 2144 6365
858 2145 6364
857 2146 6363
856 2147 6362
855 2148 6361
854 2149 6360
853 2150 6359
852 2151 6358
851 2152 6357
850 2153 6356
849 2154 6355
848 2155 6354
847 2156 6353
846 2157 6352
845 2158 6351
844 2159 6350
843 2160 6349
842 2161 6348
841 2162 6347
840 2163 6346
839 2164 6345
838 2165 6344
837 2166 6343
836 2167 6342
835 2168 6341
834 2169 6340
833 2170 6339
832 2171 6338
831 2172 6337
830 2173 6336
829 2174 6335
828 2175 6334
827 2176 6333
826 2177 6332
825 2178 6331
824 2179 6330
823 2180 6329
822 2181 6328
821 2182 6327
820 2183 6326
819 2184 6325
818 2185 6324
817 2186 6323
816 2187 6322
815 2188 6321
814 2189 6320
813 2190 6319
812 2191 6318
811 2192 6317
810 2193 6316
809 2194 6315
808 2195 6314
807 2196 6313
806 2197 6312
805 2198 6311
804 2199 6310
803 2200 6309
802 2201 6308
801 2202 6307
800 2203 6306
799 2204 6305
798 2205 6304
797 2206 6303
796 2207 6302
795 2208 6301
794 2209 6300
793 2210 6299
792 2211 6298
791 2212 6297
790 2213 6296
789 2214 6295
788 2215 6294
787 2216 6293
786 2217 6292
785 2218 6291
784 2219 6290
783 2220 6289
782 2221 6288
781 2222 6287
780 2223 6286
779 2224 6285
778 2225 6284
777 2226 6283
776 2227 6282
775 2228 6281
774 2229 6280
773 2230 6279
772 2231 6278
771 2232 6277
770 2233 6276
769 2234 6275
768 2235 6274
767 2236 6273
766 2237 6272
765 2238 6271
764 2239 6270
763 2240 6269
762 2241 6268
761 2242 6267
760 2243 6266
759 2244 6265
758 2245 6264
757 2246 6263
756 2247 6262
755 2248 6261
754 2249 6260
753 2250 6259
752 2251 6258
751 2252 6257
750 2253 6256
749 2254 6255
748 2255 6254
747 2256 6253
746 2257 6252
745 2258 6251
744 2259 6250
743 2260 6249
742 2261 6248
741 2262 6247
740 2263 6246
739 2264 6245
738 2265 6244
737 2266 6243
736 2267 6242
735 2268 6241
734 2269 6240
733 2270 6239
732 2271 6238
731 2272 6237
730 2273 6236
729 2274 6235
728 2275 6234
727 2276 6233
726 2277 6232
725 2278 6231
724 2279 6230
723 2280 6229
722 2281 6228
721 2282 6227
720 2283 6226
719 2284 6225
718 2285 6224
717 2286 6223
716 2287 6222
715 2288 6221
714 2289 6220
713 2290 6219
712 2291 6218
711 2292 6217
710 2293 6216
709 2294 6215
708 2295 6214
707 2296 6213
706 2297 6212
705 2298 6211
704 2299 6210
703 2300 6209
702 2301 6208
701 2302 6207
700 2303 6206
699 2304 6205
698 2305 6204
697 2306 6203
696 2307 6202
695 2308 6201
694 2309 6200
693 2310 6199
692 2311 6198
691 2312 6197
690 2313 6196
689 2314 6195
688 2315 6194
687 2316 6193
686 2317 6192
685 2318 6191
684 2319 6190
683 2320 6189
682 2321 6188
681 2322 6187
680 2323 6186
679 2324 6185
678 2325 6184
677 2326 6183
676 2327 6182
675 2328 6181
674 2329 6180
673 2330 6179
672 2331 6178
671 2332 6177
670 2333 6176
669 2334 6175
668 2335 6174
667 2336 6173
666 2337 6172
665 2338 6171
664 2339 6170
663 2340 6169
662 2341 6168
661 2342 6167
660 2343 6166
659 2344 6165
658 2345 6164
657 2346 6163
656 2347 6162
655 2348 6161
654 2349 6160
653 2350 6159
652 2351 6158
651 2352 6157
650 2353 6156
649 2354 6155
648 2355 6154
647 2356 6153
646 2357 6152
645 2358 6151
644 2359 6150
643 2360 6149
642 2361 6148
641 2362 6147
640 2363 6146
639 2364 6145
638 2365 6144
637 2366 6143
636 2367 6142
635 2368 6141
634 2369 6140
633 2370 6139
632 2371 6138
631 2372 6137
630 2373 6136
629 2374 6135
628 2375 6134
627 2376 6133
626 2377 6132
625 2378 6131
624 2379 6130
623 2380 6129
622 2381 6128
621 2382 6127
620 2383 6126
619 2384 6125
618 2385 6124
617 2386 6123
616 2387 6122
615 2388 6121
614 2389 6120
613 2390 6119
612 2391 6118
611 2392 6117
610 2393 6116
609 2394 6115
608 2395 6114
607 2396 6113
606 2397 6112
605 2398 6111
604 2399 6110
603 2400 6109
602 2401 6108
601 2402 6107
600 2403 6106
599 2404 6105
598 2405 6104
597 2406 6103
596 2407 6102
595 2408 6101
594 2409 6100
593 2410 6099
592 2411 6098
591 2412 6097
590 2413 6096
589 2414 6095
588 2415 6094
587 2416 6093
586 2417 6092
585 2418 6091
584 2419 6090
583 2420 6089
582 2421 6088
581 2422 6087
580 2423 6086
579 2424 6085
578 2425 6084
577 2426 6083
576 2427 6082
575 2428 6081
574 2429 6080
573 2430 6079
572 2431 6078
571 2432 6077
570 2433 6076
569 2434 6075
568 2435 6074
567 2436 6073
566 2437 6072
565 2438 6071
564 2439 6070
563 2440 6069
562 2441 6068
561 2442 6067
560 2443 6066
559 2444 6065
558 2445 6064
557 2446 6063
556 2447 6062
555 2448 6061
554 2449 6060
553 2450 6059
552 2451 6058
551 2452 6057
550 2453 6056
549 2454 6055
548 2455 6054
547 2456 6053
546 2457 6052
545 2458 6051
544 2459 6050
543 2460 6049
542 2461 6048
541 2462 6047
540 2463 6046
539 2464 6045
538 2465 6044
537 2466 6043
536 2467 6042
535 2468 6041
534 2469 6040
533 2470 6039
532 2471 6038
531 2472 6037
530 2473 6036
529 2474 6035
528 2475 6034
527 2476 6033
526 2477 6032
525 2478 6031
524 2479 6030
523 2480 6029
522 2481 6028
521 2482 6027
520 2483 6026
519 2484 6025
518 2485 6024
517 2486 6023
516 2487 6022
515 2488 6021
514 2489 6020
513 2490 6019
512 2491 6018
511 2492 6017
510 2493 6016
509 2494 6015
508 2495 6014
507 2496 6013
506 2497 6012
505 2498 6011
504 2499 6010
503 2500 6009
502 2501 6008
501 2502 6007
500 2503 6006
499 2504 6005
498 2505 6004
497 2506 6003
496 2507 6002
495 2508 6001
