1030
3000 3 7030
2999 4 7029
2998 5 7028
2997 6 7027
2996 7 7026
2995 8 7025
2994 9 7024
2993 10 7023
2992 11 7022
2991 12 7021
2990 13 7020
2989 14 7019
2988 15 7018
2987 16 7017
2986 17 7016
2985 18 7015
2984 19 7014
2983 20 7013
2982 21 7012
2981 22 7011
2980 23 7010
2979 24 7009
2978 25 7008
2977 26 7007
2976 27 7006
2975 28 7005
2974 29 7004
2973 30 7003
2972 31 7002
2971 32 7001
2970 33 7000
2969 34 6999
2968 35 6998
2967 36 6997
2966 37 6996
2965 38 6995
2964 39 6994
2963 40 6993
2962 41 6992
2961 42 6991
2960 43 6990
2959 44 6989
2958 45 6988
2957 46 6987
2956 47 6986
2955 48 6985
2954 49 6984
2953 50 6983
2952 51 6982
2951 52 6981
2950 53 6980
2949 54 6979
2948 55 6978
2947 56 6977
2946 57 6976
2945 58 6975
2944 59 6974
2943 60 6973
2942 61 6972
2941 62 6971
2940 63 6970
2939 64 6969
2938 65 6968
2937 66 6967
2936 67 6966
2935 68 6965
2934 69 6964
2933 70 6963
2932 71 6962
2931 72 6961
2930 73 6960
2929 74 6959
2928 75 6958
2927 76 6957
2926 77 6956
2925 78 6955
2924 79 6954
2923 80 6953
2922 81 6952
2921 82 6951
2920 83 6950
2919 84 6949
2918 85 6948
2917 86 6947
2916 87 6946
2915 88 6945
2914 89 6944
2913 90 6943
2912 91 6942
2911 92 6941
2910 93 6940
2909 94 6939
2908 95 6938
2907 96 6937
2906 97 6936
2905 98 6935
2904 99 6934
2903 100 6933
2902 101 6932
2901 102 6931
2900 103 6930
2899 104 6929
2898 105 6928
2897 106 6927
2896 107 6926
2895 108 6925
2894 109 6924
2893 110 6923
2892 111 6922
2891 112 6921
2890 113 6920
2889 114 6919
2888 115 6918
2887 116 6917
2886 117 6916
2885 118 6915
2884 119 6914
2883 120 6913
2882 121 6912
2881 122 6911
2880 123 6910
2879 124 6909
2878 125 6908
2877 126 6907
2876 127 6906
2875 128 6905
2874 129 6904
2873 130 6903
2872 131 6902
2871 132 6901
2870 133 6900
2869 134 6899
2868 135 6898
2867 136 6897
2866 137 6896
2865 138 6895
2864 139 6894
2863 140 6893
2862 141 6892
2861 142 6891
2860 143 6890
2859 144 6889
2858 145 6888
2857 146 6887
2856 147 6886
2855 148 6885
2854 149 6884
2853 150 6883
2852 151 6882
2851 152 6881
2850 153 6880
2849 154 6879
2848 155 6878
2847 156 6877
2846 157 6876
2845 158 6875
2844 159 6874
2843 160 6873
2842 161 6872
2841 162 6871
2840 163 6870
2839 164 6869
2838 165 6868
2837 166 6867
2836 167 6866
2835 168 6865
2834 169 6864
2833 170 6863
2832 171 6862
2831 172 6861
2830 173 6860
2829 174 6859
2828 175 6858
2827 176 6857
2826 177 6856
2825 178 6855
2824 179 6854
2823 180 6853
2822 181 6852
2821 182 6851
2820 183 6850
2819 184 6849
2818 185 6848
2817 186 6847
2816 187 6846
2815 188 6845
2814 189 6844
2813 190 6843
2812 191 6842
2811 192 6841
2810 193 6840
2809 194 6839
2808 195 6838
2807 196 6837
2806 197 6836
2805 198 6835
2804 199 6834
2803 200 6833
2802 201 6832
2801 202 6831
2800 203 6830
2799 204 6829
2798 205 6828
2797 206 6827
2796 207 6826
2795 208 6825
2794 209 6824
2793 210 6823
2792 211 6822
2791 212 6821
2790 213 6820
2789 214 6819
2788 215 6818
2787 216 6817
2786 217 6816
2785 218 6815
2784 219 6814
2783 220 6813
2782 221 6812
2781 222 6811
2780 223 6810
2779 224 6809
2778 225 6808
2777 226 6807
2776 227 6806
2775 228 6805
2774 229 6804
2773 230 6803
2772 231 6802
2771 232 6801
2770 233 6800
2769 234 6799
2768 235 6798
2767 236 6797
2766 237 6796
2765 238 6795
2764 239 6794
2763 240 6793
2762 241 6792
2761 242 6791
2760 243 6790
2759 244 6789
2758 245 6788
2757 246 6787
2756 247 6786
2755 248 6785
2754 249 6784
2753 250 6783
2752 251 6782
2751 252 6781
2750 253 6780
2749 254 6779
2748 255 6778
2747 256 6777
2746 257 6776
2745 258 6775
2744 259 6774
2743 260 6773
2742 261 6772
2741 262 6771
2740 263 6770
2739 264 6769
2738 265 6768
2737 266 6767
2736 267 6766
2735 268 6765
2734 269 6764
2733 270 6763
2732 271 6762
2731 272 6761
2730 273 6760
2729 274 6759
2728 275 6758
2727 276 6757
2726 277 6756
2725 278 6755
2724 279 6754
2723 280 6753
2722 281 6752
2721 282 6751
2720 283 6750
2719 284 6749
2718 285 6748
2717 286 6747
2716 287 6746
2715 288 6745
2714 289 6744
2713 290 6743
2712 291 6742
2711 292 6741
2710 293 6740
2709 294 6739
2708 295 6738
2707 296 6737
2706 297 6736
2705 298 6735
2704 299 6734
2703 300 6733
2702 301 6732
2701 302 6731
2700 303 6730
2699 304 6729
2698 305 6728
2697 306 6727
2696 307 6726
2695 308 6725
2694 309 6724
2693 310 6723
2692 311 6722
2691 312 6721
2690 313 6720
2689 314 6719
2688 315 6718
2687 316 6717
2686 317 6716
2685 318 6715
2684 319 6714
2683 320 6713
2682 321 6712
2681 322 6711
2680 323 6710
2679 324 6709
2678 325 6708
2677 326 6707
2676 327 6706
2675 328 6705
2674 329 6704
2673 330 6703
2672 331 6702
2671 332 6701
2670 333 6700
2669 334 6699
2668 335 6698
2667 336 6697
2666 337 6696
2665 338 6695
2664 339 6694
2663 340 6693
2662 341 6692
2661 342 6691
2660 343 6690
2659 344 6689
2658 345 6688
2657 346 6687
2656 347 6686
2655 348 6685
2654 349 6684
2653 350 6683
2652 351 6682
2651 352 6681
2650 353 6680
2649 354 6679
2648 355 6678
2647 356 6677
2646 357 6676
2645 358 6675
2644 359 6674
2643 360 6673
2642 361 6672
2641 362 6671
2640 363 6670
2639 364 6669
2638 365 6668
2637 366 6667
2636 367 6666
2635 368 6665
2634 369 6664
2633 370 6663
2632 371 6662
2631 372 6661
2630 373 6660
2629 374 6659
2628 375 6658
2627 376 6657
2626 377 6656
2625 378 6655
2624 379 6654
2623 380 6653
2622 381 6652
2621 382 6651
2620 383 6650
2619 384 6649
2618 385 6648
2617 386 6647
2616 387 6646
2615 388 6645
2614 389 6644
2613 390 6643
2612 391 6642
2611 392 6641
2610 393 6640
2609 394 6639
2608 395 6638
2607 396 6637
2606 397 6636
2605 398 6635
2604 399 6634
2603 400 6633
2602 401 6632
2601 402 6631
2600 403 6630
2599 404 6629
2598 405 6628
2597 406 6627
2596 407 6626
2595 408 6625
2594 409 6624
2593 410 6623
2592 411 6622
2591 412 6621
2590 413 6620
2589 414 6619
2588 415 6618
2587 416 6617
2586 417 6616
2585 418 6615
2584 419 6614
2583 420 6613
2582 421 6612
2581 422 6611
2580 423 6610
2579 424 6609
2578 425 6608
2577 426 6607
2576 427 6606
2575 428 6605
2574 429 6604
2573 430 6603
2572 431 6602
2571 432 6601
2570 433 6600
2569 434 6599
2568 435 6598
2567 436 6597
2566 437 6596
2565 438 6595
2564 439 6594
2563 440 6593
2562 441 6592
2561 442 6591
2560 443 6590
2559 444 6589
2558 445 6588
2557 446 6587
2556 447 6586
2555 448 6585
2554 449 6584
2553 450 6583
2552 451 6582
2551 452 6581
2550 453 6580
2549 454 6579
2548 455 6578
2547 456 6577
2546 457 6576
2545 458 6575
2544 459 6574
2543 460 6573
2542 461 6572
2541 462 6571
2540 463 6570
2539 464 6569
2538 465 6568
2537 466 6567
2536 467 6566
2535 468 6565
2534 469 6564
2533 470 6563
2532 471 6562
2531 472 6561
2530 473 6560
2529 474 6559
2528 475 6558
2527 476 6557
2526 477 6556
2525 478 6555
2524 479 6554
2523 480 6553
2522 481 6552
2521 482 6551
2520 483 6550
2519 484 6549
2518 485 6548
2517 486 6547
2516 487 6546
2515 488 6545
2514 489 6544
2513 490 6543
2512 491 6542
2511 492 6541
2510 493 6540
2509 494 6539
2508 495 6538
2507 496 6537
2506 497 6536
2505 498 6535
2504 499 6534
2503 500 6533
2502 501 6532
2501 502 6531
2500 503 6530
2499 504 6529
2498 505 6528
2497 506 6527
2496 507 6526
2495 508 6525
2494 509 6524
2493 510 6523
2492 511 6522
2491 512 6521
2490 513 6520
2489 514 6519
2488 515 6518
2487 516 6517
2486 517 6516
2485 518 6515
2484 519 6514
2483 520 6513
2482 521 6512
2481 522 6511
2480 523 6510
2479 524 6509
2478 525 6508
2477 526 6507
2476 527 6506
2475 528 6505
2474 529 6504
2473 530 6503
2472 531 6502
2471 532 6501
2470 533 6500
2469 534 6499
2468 535 6498
2467 536 6497
2466 537 6496
2465 538 6495
2464 539 6494
2463 540 6493
2462 541 6492
2461 542 6491
2460 543 6490
2459 544 6489
2458 545 6488
2457 546 6487
2456 547 6486
2455 548 6485
2454 549 6484
2453 550 6483
2452 551 6482
2451 552 6481
2450 553 6480
2449 554 6479
2448 555 6478
2447 556 6477
2446 557 6476
2445 558 6475
2444 559 6474
2443 560 6473
2442 561 6472
2441 562 6471
2440 563 6470
2439 564 6469
2438 565 6468
2437 566 6467
2436 567 6466
2435 568 6465
2434 569 6464
2433 570 6463
2432 571 6462
2431 572 6461
2430 573 6460
2429 574 6459
2428 575 6458
2427 576 6457
2426 577 6456
2425 578 6455
2424 579 6454
2423 580 6453
2422 581 6452
2421 582 6451
2420 583 6450
2419 584 6449
2418 585 6448
2417 586 6447
2416 587 6446
2415 588 6445
2414 589 6444
2413 590 6443
2412 591 6442
2411 592 6441
2410 593 6440
2409 594 6439
2408 595 6438
2407 596 6437
2406 597 6436
2405 598 6435
2404 599 6434
2403 600 6433
2402 601 6432
2401 602 6431
2400 603 6430
2399 604 6429
2398 605 6428
2397 606 6427
2396 607 6426
2395 608 6425
2394 609 6424
2393 610 6423
2392 611 6422
2391 612 6421
2390 613 6420
2389 614 6419
2388 615 6418
2387 616 6417
2386 617 6416
2385 618 6415
2384 619 6414
2383 620 6413
2382 621 6412
2381 622 6411
2380 623 6410
2379 624 6409
2378 625 6408
2377 626 6407
2376 627 6406
2375 628 6405
2374 629 6404
2373 630 6403
2372 631 6402
2371 632 6401
2370 633 6400
2369 634 6399
2368 635 6398
2367 636 6397
2366 637 6396
2365 638 6395
2364 639 6394
2363 640 6393
2362 641 6392
2361 642 6391
2360 643 6390
2359 644 6389
2358 645 6388
2357 646 6387
2356 647 6386
2355 648 6385
2354 649 6384
2353 650 6383
2352 651 6382
2351 652 6381
2350 653 6380
2349 654 6379
2348 655 6378
2347 656 6377
2346 657 6376
2345 658 6375
2344 659 6374
2343 660 6373
2342 661 6372
2341 662 6371
2340 663 6370
2339 664 6369
2338 665 6368
2337 666 6367
2336 667 6366
2335 668 6365
2334 669 6364
2333 670 6363
2332 671 6362
2331 672 6361
2330 673 6360
2329 674 6359
2328 675 6358
2327 676 6357
2326 677 6356
2325 678 6355
2324 679 6354
2323 680 6353
2322 681 6352
2321 682 6351
2320 683 6350
2319 684 6349
2318 685 6348
2317 686 6347
2316 687 6346
2315 688 6345
2314 689 6344
2313 690 6343
2312 691 6342
2311 692 6341
2310 693 6340
2309 694 6339
2308 695 6338
2307 696 6337
2306 697 6336
2305 698 6335
2304 699 6334
2303 700 6333
2302 701 6332
2301 702 6331
2300 703 6330
2299 704 6329
2298 705 6328
2297 706 6327
2296 707 6326
2295 708 6325
2294 709 6324
2293 710 6323
2292 711 6322
2291 712 6321
2290 713 6320
2289 714 6319
2288 715 6318
2287 716 6317
2286 717 6316
2285 718 6315
2284 719 6314
2283 720 6313
2282 721 6312
2281 722 6311
2280 723 6310
2279 724 6309
2278 725 6308
2277 726 6307
2276 727 6306
2275 728 6305
2274 729 6304
2273 730 6303
2272 731 6302
2271 732 6301
2270 733 6300
2269 734 6299
2268 735 6298
2267 736 6297
2266 737 6296
2265 738 6295
2264 739 6294
2263 740 6293
2262 741 6292
2261 742 6291
2260 743 6290
2259 744 6289
2258 745 6288
2257 746 6287
2256 747 6286
2255 748 6285
2254 749 6284
2253 750 6283
2252 751 6282
2251 752 6281
2250 753 6280
2249 754 6279
2248 755 6278
2247 756 6277
2246 757 6276
2245 758 6275
2244 759 6274
2243 760 6273
2242 761 6272
2241 762 6271
2240 763 6270
2239 764 6269
2238 765 6268
2237 766 6267
2236 767 6266
2235 768 6265
2234 769 6264
2233 770 6263
2232 771 6262
2231 772 6261
2230 773 6260
2229 774 6259
2228 775 6258
2227 776 6257
2226 777 6256
2225 778 6255
2224 779 6254
2223 780 6253
2222 781 6252
2221 782 6251
2220 783 6250
2219 784 6249
2218 785 6248
2217 786 6247
2216 787 6246
2215 788 6245
2214 789 6244
2213 790 6243
2212 791 6242
2211 792 6241
2210 793 6240
2209 794 6239
2208 795 6238
2207 796 6237
2206 797 6236
2205 798 6235
2204 799 6234
2203 800 6233
2202 801 6232
2201 802 6231
2200 803 6230
2199 804 6229
2198 805 6228
2197 806 6227
2196 807 6226
2195 808 6225
2194 809 6224
2193 810 6223
2192 811 6222
2191 812 6221
2190 813 6220
2189 814 6219
2188 815 6218
2187 816 6217
2186 817 6216
2185 818 6215
2184 819 6214
2183 820 6213
2182 821 6212
2181 822 6211
2180 823 6210
2179 824 6209
2178 825 6208
2177 826 6207
2176 827 6206
2175 828 6205
2174 829 6204
2173 830 6203
2172 831 6202
2171 832 6201
2170 833 6200
2169 834 6199
2168 835 6198
2167 836 6197
2166 837 6196
2165 838 6195
2164 839 6194
2163 840 6193
2162 841 6192
2161 842 6191
2160 843 6190
2159 844 6189
2158 845 6188
2157 846 6187
2156 847 6186
2155 848 6185
2154 849 6184
2153 850 6183
2152 851 6182
2151 852 6181
2150 853 6180
2149 854 6179
2148 855 6178
2147 856 6177
2146 857 6176
2145 858 6175
2144 859 6174
2143 860 6173
2142 861 6172
2141 862 6171
2140 863 6170
2139 864 6169
2138 865 6168
2137 866 6167
2136 867 6166
2135 868 6165
2134 869 6164
2133 870 6163
2132 871 6162
2131 872 6161
2130 873 6160
2129 874 6159
2128 875 6158
2127 876 6157
2126 877 6156
2125 878 6155
2124 879 6154
2123 880 6153
2122 881 6152
2121 882 6151
2120 883 6150
2119 884 6149
2118 885 6148
2117 886 6147
2116 887 6146
2115 888 6145
2114 889 6144
2113 890 6143
2112 891 6142
2111 892 6141
2110 893 6140
2109 894 6139
2108 895 6138
2107 896 6137
2106 897 6136
2105 898 6135
2104 899 6134
2103 900 6133
2102 901 6132
2101 902 6131
2100 903 6130
2099 904 6129
2098 905 6128
2097 906 6127
2096 907 6126
2095 908 6125
2094 909 6124
2093 910 6123
2092 911 6122
2091 912 6121
2090 913 6120
2089 914 6119
2088 915 6118
2087 916 6117
2086 917 6116
2085 918 6115
2084 919 6114
2083 920 6113
2082 921 6112
2081 922 6111
2080 923 6110
2079 924 6109
2078 925 6108
2077 926 6107
2076 927 6106
2075 928 6105
2074 929 6104
2073 930 6103
2072 931 6102
2071 932 6101
2070 933 6100
2069 934 6099
2068 935 6098
2067 936 6097
2066 937 6096
2065 938 6095
2064 939 6094
2063 940 6093
2062 941 6092
2061 942 6091
2060 943 6090
2059 944 6089
2058 945 6088
2057 946 6087
2056 947 6086
2055 948 6085
2054 949 6084
2053 950 6083
2052 951 6082
2051 952 6081
2050 953 6080
2049 954 6079
2048 955 6078
2047 956 6077
2046 957 6076
2045 958 6075
2044 959 6074
2043 960 6073
2042 961 6072
2041 962 6071
2040 963 6070
2039 964 6069
2038 965 6068
2037 966 6067
2036 967 6066
2035 968 6065
2034 969 6064
2033 970 6063
2032 971 6062
2031 972 6061
2030 973 6060
2029 974 6059
2028 975 6058
2027 976 6057
2026 977 6056
2025 978 6055
2024 979 6054
2023 980 6053
2022 981 6052
2021 982 6051
2020 983 6050
2019 984 6049
2018 985 6048
2017 986 6047
2016 987 6046
2015 988 6045
2014 989 6044
2013 990 6043
2012 991 6042
2011 992 6041
2010 993 6040
2009 994 6039
2008 995 6038
2007 996 6037
2006 997 6036
2005 998 6035
2004 999 6034
2003 1000 6033
2002 1001 6032
2001 1002 6031
2000 1003 6030
1999 1004 6029
1998 1005 6028
1997 1006 6027
1996 1007 6026
1995 1008 6025
1994 1009 6024
1993 1010 6023
1992 1011 6022
1991 1012 6021
1990 1013 6020
1989 1014 6019
1988 1015 6018
1987 1016 6017
1986 1017 6016
1985 1018 6015
1984 1019 6014
1983 1020 6013
1982 1021 6012
1981 1022 6011
1980 1023 6010
1979 1024 6009
1978 1025 6008
1977 1026 6007
1976 1027 6006
1975 1028 6005
1974 1029 6004
1973 1030 6003
1972 1031 6002
1971 1032 6001
