384
3000 3 6384
2999 4 6383
2998 5 6382
2997 6 6381
2996 7 6380
2995 8 6379
2994 9 6378
2993 10 6377
2992 11 6376
2991 12 6375
2990 13 6374
2989 14 6373
2988 15 6372
2987 16 6371
2986 17 6370
2985 18 6369
2984 19 6368
2983 20 6367
2982 21 6366
2981 22 6365
2980 23 6364
2979 24 6363
2978 25 6362
2977 26 6361
2976 27 6360
2975 28 6359
2974 29 6358
2973 30 6357
2972 31 6356
2971 32 6355
2970 33 6354
2969 34 6353
2968 35 6352
2967 36 6351
2966 37 6350
2965 38 6349
2964 39 6348
2963 40 6347
2962 41 6346
2961 42 6345
2960 43 6344
2959 44 6343
2958 45 6342
2957 46 6341
2956 47 6340
2955 48 6339
2954 49 6338
2953 50 6337
2952 51 6336
2951 52 6335
2950 53 6334
2949 54 6333
2948 55 6332
2947 56 6331
2946 57 6330
2945 58 6329
2944 59 6328
2943 60 6327
2942 61 6326
2941 62 6325
2940 63 6324
2939 64 6323
2938 65 6322
2937 66 6321
2936 67 6320
2935 68 6319
2934 69 6318
2933 70 6317
2932 71 6316
2931 72 6315
2930 73 6314
2929 74 6313
2928 75 6312
2927 76 6311
2926 77 6310
2925 78 6309
2924 79 6308
2923 80 6307
2922 81 6306
2921 82 6305
2920 83 6304
2919 84 6303
2918 85 6302
2917 86 6301
2916 87 6300
2915 88 6299
2914 89 6298
2913 90 6297
2912 91 6296
2911 92 6295
2910 93 6294
2909 94 6293
2908 95 6292
2907 96 6291
2906 97 6290
2905 98 6289
2904 99 6288
2903 100 6287
2902 101 6286
2901 102 6285
2900 103 6284
2899 104 6283
2898 105 6282
2897 106 6281
2896 107 6280
2895 108 6279
2894 109 6278
2893 110 6277
2892 111 6276
2891 112 6275
2890 113 6274
2889 114 6273
2888 115 6272
2887 116 6271
2886 117 6270
2885 118 6269
2884 119 6268
2883 120 6267
2882 121 6266
2881 122 6265
2880 123 6264
2879 124 6263
2878 125 6262
2877 126 6261
2876 127 6260
2875 128 6259
2874 129 6258
2873 130 6257
2872 131 6256
2871 132 6255
2870 133 6254
2869 134 6253
2868 135 6252
2867 136 6251
2866 137 6250
2865 138 6249
2864 139 6248
2863 140 6247
2862 141 6246
2861 142 6245
2860 143 6244
2859 144 6243
2858 145 6242
2857 146 6241
2856 147 6240
2855 148 6239
2854 149 6238
2853 150 6237
2852 151 6236
2851 152 6235
2850 153 6234
2849 154 6233
2848 155 6232
2847 156 6231
2846 157 6230
2845 158 6229
2844 159 6228
2843 160 6227
2842 161 6226
2841 162 6225
2840 163 6224
2839 164 6223
2838 165 6222
2837 166 6221
2836 167 6220
2835 168 6219
2834 169 6218
2833 170 6217
2832 171 6216
2831 172 6215
2830 173 6214
2829 174 6213
2828 175 6212
2827 176 6211
2826 177 6210
2825 178 6209
2824 179 6208
2823 180 6207
2822 181 6206
2821 182 6205
2820 183 6204
2819 184 6203
2818 185 6202
2817 186 6201
2816 187 6200
2815 188 6199
2814 189 6198
2813 190 6197
2812 191 6196
2811 192 6195
2810 193 6194
2809 194 6193
2808 195 6192
2807 196 6191
2806 197 6190
2805 198 6189
2804 199 6188
2803 200 6187
2802 201 6186
2801 202 6185
2800 203 6184
2799 204 6183
2798 205 6182
2797 206 6181
2796 207 6180
2795 208 6179
2794 209 6178
2793 210 6177
2792 211 6176
2791 212 6175
2790 213 6174
2789 214 6173
2788 215 6172
2787 216 6171
2786 217 6170
2785 218 6169
2784 219 6168
2783 220 6167
2782 221 6166
2781 222 6165
2780 223 6164
2779 224 6163
2778 225 6162
2777 226 6161
2776 227 6160
2775 228 6159
2774 229 6158
2773 230 6157
2772 231 6156
2771 232 6155
2770 233 6154
2769 234 6153
2768 235 6152
2767 236 6151
2766 237 6150
2765 238 6149
2764 239 6148
2763 240 6147
2762 241 6146
2761 242 6145
2760 243 6144
2759 244 6143
2758 245 6142
2757 246 6141
2756 247 6140
2755 248 6139
2754 249 6138
2753 250 6137
2752 251 6136
2751 252 6135
2750 253 6134
2749 254 6133
2748 255 6132
2747 256 6131
2746 257 6130
2745 258 6129
2744 259 6128
2743 260 6127
2742 261 6126
2741 262 6125
2740 263 6124
2739 264 6123
2738 265 6122
2737 266 6121
2736 267 6120
2735 268 6119
2734 269 6118
2733 270 6117
2732 271 6116
2731 272 6115
2730 273 6114
2729 274 6113
2728 275 6112
2727 276 6111
2726 277 6110
2725 278 6109
2724 279 6108
2723 280 6107
2722 281 6106
2721 282 6105
2720 283 6104
2719 284 6103
2718 285 6102
2717 286 6101
2716 287 6100
2715 288 6099
2714 289 6098
2713 290 6097
2712 291 6096
2711 292 6095
2710 293 6094
2709 294 6093
2708 295 6092
2707 296 6091
2706 297 6090
2705 298 6089
2704 299 6088
2703 300 6087
2702 301 6086
2701 302 6085
2700 303 6084
2699 304 6083
2698 305 6082
2697 306 6081
2696 307 6080
2695 308 6079
2694 309 6078
2693 310 6077
2692 311 6076
2691 312 6075
2690 313 6074
2689 314 6073
2688 315 6072
2687 316 6071
2686 317 6070
2685 318 6069
2684 319 6068
2683 320 6067
2682 321 6066
2681 322 6065
2680 323 6064
2679 324 6063
2678 325 6062
2677 326 6061
2676 327 6060
2675 328 6059
2674 329 6058
2673 330 6057
2672 331 6056
2671 332 6055
2670 333 6054
2669 334 6053
2668 335 6052
2667 336 6051
2666 337 6050
2665 338 6049
2664 339 6048
2663 340 6047
2662 341 6046
2661 342 6045
2660 343 6044
2659 344 6043
2658 345 6042
2657 346 6041
2656 347 6040
2655 348 6039
2654 349 6038
2653 350 6037
2652 351 6036
2651 352 6035
2650 353 6034
2649 354 6033
2648 355 6032
2647 356 6031
2646 357 6030
2645 358 6029
2644 359 6028
2643 360 6027
2642 361 6026
2641 362 6025
2640 363 6024
2639 364 6023
2638 365 6022
2637 366 6021
2636 367 6020
2635 368 6019
2634 369 6018
2633 370 6017
2632 371 6016
2631 372 6015
2630 373 6014
2629 374 6013
2628 375 6012
2627 376 6011
2626 377 6010
2625 378 6009
2624 379 6008
2623 380 6007
2622 381 6006
2621 382 6005
2620 383 6004
2619 384 6003
2618 385 6002
2617 386 6001
