157
3000 3 6157
2999 4 6156
2998 5 6155
2997 6 6154
2996 7 6153
2995 8 6152
2994 9 6151
2993 10 6150
2992 11 6149
2991 12 6148
2990 13 6147
2989 14 6146
2988 15 6145
2987 16 6144
2986 17 6143
2985 18 6142
2984 19 6141
2983 20 6140
2982 21 6139
2981 22 6138
2980 23 6137
2979 24 6136
2978 25 6135
2977 26 6134
2976 27 6133
2975 28 6132
2974 29 6131
2973 30 6130
2972 31 6129
2971 32 6128
2970 33 6127
2969 34 6126
2968 35 6125
2967 36 6124
2966 37 6123
2965 38 6122
2964 39 6121
2963 40 6120
2962 41 6119
2961 42 6118
2960 43 6117
2959 44 6116
2958 45 6115
2957 46 6114
2956 47 6113
2955 48 6112
2954 49 6111
2953 50 6110
2952 51 6109
2951 52 6108
2950 53 6107
2949 54 6106
2948 55 6105
2947 56 6104
2946 57 6103
2945 58 6102
2944 59 6101
2943 60 6100
2942 61 6099
2941 62 6098
2940 63 6097
2939 64 6096
2938 65 6095
2937 66 6094
2936 67 6093
2935 68 6092
2934 69 6091
2933 70 6090
2932 71 6089
2931 72 6088
2930 73 6087
2929 74 6086
2928 75 6085
2927 76 6084
2926 77 6083
2925 78 6082
2924 79 6081
2923 80 6080
2922 81 6079
2921 82 6078
2920 83 6077
2919 84 6076
2918 85 6075
2917 86 6074
2916 87 6073
2915 88 6072
2914 89 6071
2913 90 6070
2912 91 6069
2911 92 6068
2910 93 6067
2909 94 6066
2908 95 6065
2907 96 6064
2906 97 6063
2905 98 6062
2904 99 6061
2903 100 6060
2902 101 6059
2901 102 6058
2900 103 6057
2899 104 6056
2898 105 6055
2897 106 6054
2896 107 6053
2895 108 6052
2894 109 6051
2893 110 6050
2892 111 6049
2891 112 6048
2890 113 6047
2889 114 6046
2888 115 6045
2887 116 6044
2886 117 6043
2885 118 6042
2884 119 6041
2883 120 6040
2882 121 6039
2881 122 6038
2880 123 6037
2879 124 6036
2878 125 6035
2877 126 6034
2876 127 6033
2875 128 6032
2874 129 6031
2873 130 6030
2872 131 6029
2871 132 6028
2870 133 6027
2869 134 6026
2868 135 6025
2867 136 6024
2866 137 6023
2865 138 6022
2864 139 6021
2863 140 6020
2862 141 6019
2861 142 6018
2860 143 6017
2859 144 6016
2858 145 6015
2857 146 6014
2856 147 6013
2855 148 6012
2854 149 6011
2853 150 6010
2852 151 6009
2851 152 6008
2850 153 6007
2849 154 6006
2848 155 6005
2847 156 6004
2846 157 6003
2845 158 6002
2844 159 6001
