1280
3000 3 7280
2999 4 7279
2998 5 7278
2997 6 7277
2996 7 7276
2995 8 7275
2994 9 7274
2993 10 7273
2992 11 7272
2991 12 7271
2990 13 7270
2989 14 7269
2988 15 7268
2987 16 7267
2986 17 7266
2985 18 7265
2984 19 7264
2983 20 7263
2982 21 7262
2981 22 7261
2980 23 7260
2979 24 7259
2978 25 7258
2977 26 7257
2976 27 7256
2975 28 7255
2974 29 7254
2973 30 7253
2972 31 7252
2971 32 7251
2970 33 7250
2969 34 7249
2968 35 7248
2967 36 7247
2966 37 7246
2965 38 7245
2964 39 7244
2963 40 7243
2962 41 7242
2961 42 7241
2960 43 7240
2959 44 7239
2958 45 7238
2957 46 7237
2956 47 7236
2955 48 7235
2954 49 7234
2953 50 7233
2952 51 7232
2951 52 7231
2950 53 7230
2949 54 7229
2948 55 7228
2947 56 7227
2946 57 7226
2945 58 7225
2944 59 7224
2943 60 7223
2942 61 7222
2941 62 7221
2940 63 7220
2939 64 7219
2938 65 7218
2937 66 7217
2936 67 7216
2935 68 7215
2934 69 7214
2933 70 7213
2932 71 7212
2931 72 7211
2930 73 7210
2929 74 7209
2928 75 7208
2927 76 7207
2926 77 7206
2925 78 7205
2924 79 7204
2923 80 7203
2922 81 7202
2921 82 7201
2920 83 7200
2919 84 7199
2918 85 7198
2917 86 7197
2916 87 7196
2915 88 7195
2914 89 7194
2913 90 7193
2912 91 7192
2911 92 7191
2910 93 7190
2909 94 7189
2908 95 7188
2907 96 7187
2906 97 7186
2905 98 7185
2904 99 7184
2903 100 7183
2902 101 7182
2901 102 7181
2900 103 7180
2899 104 7179
2898 105 7178
2897 106 7177
2896 107 7176
2895 108 7175
2894 109 7174
2893 110 7173
2892 111 7172
2891 112 7171
2890 113 7170
2889 114 7169
2888 115 7168
2887 116 7167
2886 117 7166
2885 118 7165
2884 119 7164
2883 120 7163
2882 121 7162
2881 122 7161
2880 123 7160
2879 124 7159
2878 125 7158
2877 126 7157
2876 127 7156
2875 128 7155
2874 129 7154
2873 130 7153
2872 131 7152
2871 132 7151
2870 133 7150
2869 134 7149
2868 135 7148
2867 136 7147
2866 137 7146
2865 138 7145
2864 139 7144
2863 140 7143
2862 141 7142
2861 142 7141
2860 143 7140
2859 144 7139
2858 145 7138
2857 146 7137
2856 147 7136
2855 148 7135
2854 149 7134
2853 150 7133
2852 151 7132
2851 152 7131
2850 153 7130
2849 154 7129
2848 155 7128
2847 156 7127
2846 157 7126
2845 158 7125
2844 159 7124
2843 160 7123
2842 161 7122
2841 162 7121
2840 163 7120
2839 164 7119
2838 165 7118
2837 166 7117
2836 167 7116
2835 168 7115
2834 169 7114
2833 170 7113
2832 171 7112
2831 172 7111
2830 173 7110
2829 174 7109
2828 175 7108
2827 176 7107
2826 177 7106
2825 178 7105
2824 179 7104
2823 180 7103
2822 181 7102
2821 182 7101
2820 183 7100
2819 184 7099
2818 185 7098
2817 186 7097
2816 187 7096
2815 188 7095
2814 189 7094
2813 190 7093
2812 191 7092
2811 192 7091
2810 193 7090
2809 194 7089
2808 195 7088
2807 196 7087
2806 197 7086
2805 198 7085
2804 199 7084
2803 200 7083
2802 201 7082
2801 202 7081
2800 203 7080
2799 204 7079
2798 205 7078
2797 206 7077
2796 207 7076
2795 208 7075
2794 209 7074
2793 210 7073
2792 211 7072
2791 212 7071
2790 213 7070
2789 214 7069
2788 215 7068
2787 216 7067
2786 217 7066
2785 218 7065
2784 219 7064
2783 220 7063
2782 221 7062
2781 222 7061
2780 223 7060
2779 224 7059
2778 225 7058
2777 226 7057
2776 227 7056
2775 228 7055
2774 229 7054
2773 230 7053
2772 231 7052
2771 232 7051
2770 233 7050
2769 234 7049
2768 235 7048
2767 236 7047
2766 237 7046
2765 238 7045
2764 239 7044
2763 240 7043
2762 241 7042
2761 242 7041
2760 243 7040
2759 244 7039
2758 245 7038
2757 246 7037
2756 247 7036
2755 248 7035
2754 249 7034
2753 250 7033
2752 251 7032
2751 252 7031
2750 253 7030
2749 254 7029
2748 255 7028
2747 256 7027
2746 257 7026
2745 258 7025
2744 259 7024
2743 260 7023
2742 261 7022
2741 262 7021
2740 263 7020
2739 264 7019
2738 265 7018
2737 266 7017
2736 267 7016
2735 268 7015
2734 269 7014
2733 270 7013
2732 271 7012
2731 272 7011
2730 273 7010
2729 274 7009
2728 275 7008
2727 276 7007
2726 277 7006
2725 278 7005
2724 279 7004
2723 280 7003
2722 281 7002
2721 282 7001
2720 283 7000
2719 284 6999
2718 285 6998
2717 286 6997
2716 287 6996
2715 288 6995
2714 289 6994
2713 290 6993
2712 291 6992
2711 292 6991
2710 293 6990
2709 294 6989
2708 295 6988
2707 296 6987
2706 297 6986
2705 298 6985
2704 299 6984
2703 300 6983
2702 301 6982
2701 302 6981
2700 303 6980
2699 304 6979
2698 305 6978
2697 306 6977
2696 307 6976
2695 308 6975
2694 309 6974
2693 310 6973
2692 311 6972
2691 312 6971
2690 313 6970
2689 314 6969
2688 315 6968
2687 316 6967
2686 317 6966
2685 318 6965
2684 319 6964
2683 320 6963
2682 321 6962
2681 322 6961
2680 323 6960
2679 324 6959
2678 325 6958
2677 326 6957
2676 327 6956
2675 328 6955
2674 329 6954
2673 330 6953
2672 331 6952
2671 332 6951
2670 333 6950
2669 334 6949
2668 335 6948
2667 336 6947
2666 337 6946
2665 338 6945
2664 339 6944
2663 340 6943
2662 341 6942
2661 342 6941
2660 343 6940
2659 344 6939
2658 345 6938
2657 346 6937
2656 347 6936
2655 348 6935
2654 349 6934
2653 350 6933
2652 351 6932
2651 352 6931
2650 353 6930
2649 354 6929
2648 355 6928
2647 356 6927
2646 357 6926
2645 358 6925
2644 359 6924
2643 360 6923
2642 361 6922
2641 362 6921
2640 363 6920
2639 364 6919
2638 365 6918
2637 366 6917
2636 367 6916
2635 368 6915
2634 369 6914
2633 370 6913
2632 371 6912
2631 372 6911
2630 373 6910
2629 374 6909
2628 375 6908
2627 376 6907
2626 377 6906
2625 378 6905
2624 379 6904
2623 380 6903
2622 381 6902
2621 382 6901
2620 383 6900
2619 384 6899
2618 385 6898
2617 386 6897
2616 387 6896
2615 388 6895
2614 389 6894
2613 390 6893
2612 391 6892
2611 392 6891
2610 393 6890
2609 394 6889
2608 395 6888
2607 396 6887
2606 397 6886
2605 398 6885
2604 399 6884
2603 400 6883
2602 401 6882
2601 402 6881
2600 403 6880
2599 404 6879
2598 405 6878
2597 406 6877
2596 407 6876
2595 408 6875
2594 409 6874
2593 410 6873
2592 411 6872
2591 412 6871
2590 413 6870
2589 414 6869
2588 415 6868
2587 416 6867
2586 417 6866
2585 418 6865
2584 419 6864
2583 420 6863
2582 421 6862
2581 422 6861
2580 423 6860
2579 424 6859
2578 425 6858
2577 426 6857
2576 427 6856
2575 428 6855
2574 429 6854
2573 430 6853
2572 431 6852
2571 432 6851
2570 433 6850
2569 434 6849
2568 435 6848
2567 436 6847
2566 437 6846
2565 438 6845
2564 439 6844
2563 440 6843
2562 441 6842
2561 442 6841
2560 443 6840
2559 444 6839
2558 445 6838
2557 446 6837
2556 447 6836
2555 448 6835
2554 449 6834
2553 450 6833
2552 451 6832
2551 452 6831
2550 453 6830
2549 454 6829
2548 455 6828
2547 456 6827
2546 457 6826
2545 458 6825
2544 459 6824
2543 460 6823
2542 461 6822
2541 462 6821
2540 463 6820
2539 464 6819
2538 465 6818
2537 466 6817
2536 467 6816
2535 468 6815
2534 469 6814
2533 470 6813
2532 471 6812
2531 472 6811
2530 473 6810
2529 474 6809
2528 475 6808
2527 476 6807
2526 477 6806
2525 478 6805
2524 479 6804
2523 480 6803
2522 481 6802
2521 482 6801
2520 483 6800
2519 484 6799
2518 485 6798
2517 486 6797
2516 487 6796
2515 488 6795
2514 489 6794
2513 490 6793
2512 491 6792
2511 492 6791
2510 493 6790
2509 494 6789
2508 495 6788
2507 496 6787
2506 497 6786
2505 498 6785
2504 499 6784
2503 500 6783
2502 501 6782
2501 502 6781
2500 503 6780
2499 504 6779
2498 505 6778
2497 506 6777
2496 507 6776
2495 508 6775
2494 509 6774
2493 510 6773
2492 511 6772
2491 512 6771
2490 513 6770
2489 514 6769
2488 515 6768
2487 516 6767
2486 517 6766
2485 518 6765
2484 519 6764
2483 520 6763
2482 521 6762
2481 522 6761
2480 523 6760
2479 524 6759
2478 525 6758
2477 526 6757
2476 527 6756
2475 528 6755
2474 529 6754
2473 530 6753
2472 531 6752
2471 532 6751
2470 533 6750
2469 534 6749
2468 535 6748
2467 536 6747
2466 537 6746
2465 538 6745
2464 539 6744
2463 540 6743
2462 541 6742
2461 542 6741
2460 543 6740
2459 544 6739
2458 545 6738
2457 546 6737
2456 547 6736
2455 548 6735
2454 549 6734
2453 550 6733
2452 551 6732
2451 552 6731
2450 553 6730
2449 554 6729
2448 555 6728
2447 556 6727
2446 557 6726
2445 558 6725
2444 559 6724
2443 560 6723
2442 561 6722
2441 562 6721
2440 563 6720
2439 564 6719
2438 565 6718
2437 566 6717
2436 567 6716
2435 568 6715
2434 569 6714
2433 570 6713
2432 571 6712
2431 572 6711
2430 573 6710
2429 574 6709
2428 575 6708
2427 576 6707
2426 577 6706
2425 578 6705
2424 579 6704
2423 580 6703
2422 581 6702
2421 582 6701
2420 583 6700
2419 584 6699
2418 585 6698
2417 586 6697
2416 587 6696
2415 588 6695
2414 589 6694
2413 590 6693
2412 591 6692
2411 592 6691
2410 593 6690
2409 594 6689
2408 595 6688
2407 596 6687
2406 597 6686
2405 598 6685
2404 599 6684
2403 600 6683
2402 601 6682
2401 602 6681
2400 603 6680
2399 604 6679
2398 605 6678
2397 606 6677
2396 607 6676
2395 608 6675
2394 609 6674
2393 610 6673
2392 611 6672
2391 612 6671
2390 613 6670
2389 614 6669
2388 615 6668
2387 616 6667
2386 617 6666
2385 618 6665
2384 619 6664
2383 620 6663
2382 621 6662
2381 622 6661
2380 623 6660
2379 624 6659
2378 625 6658
2377 626 6657
2376 627 6656
2375 628 6655
2374 629 6654
2373 630 6653
2372 631 6652
2371 632 6651
2370 633 6650
2369 634 6649
2368 635 6648
2367 636 6647
2366 637 6646
2365 638 6645
2364 639 6644
2363 640 6643
2362 641 6642
2361 642 6641
2360 643 6640
2359 644 6639
2358 645 6638
2357 646 6637
2356 647 6636
2355 648 6635
2354 649 6634
2353 650 6633
2352 651 6632
2351 652 6631
2350 653 6630
2349 654 6629
2348 655 6628
2347 656 6627
2346 657 6626
2345 658 6625
2344 659 6624
2343 660 6623
2342 661 6622
2341 662 6621
2340 663 6620
2339 664 6619
2338 665 6618
2337 666 6617
2336 667 6616
2335 668 6615
2334 669 6614
2333 670 6613
2332 671 6612
2331 672 6611
2330 673 6610
2329 674 6609
2328 675 6608
2327 676 6607
2326 677 6606
2325 678 6605
2324 679 6604
2323 680 6603
2322 681 6602
2321 682 6601
2320 683 6600
2319 684 6599
2318 685 6598
2317 686 6597
2316 687 6596
2315 688 6595
2314 689 6594
2313 690 6593
2312 691 6592
2311 692 6591
2310 693 6590
2309 694 6589
2308 695 6588
2307 696 6587
2306 697 6586
2305 698 6585
2304 699 6584
2303 700 6583
2302 701 6582
2301 702 6581
2300 703 6580
2299 704 6579
2298 705 6578
2297 706 6577
2296 707 6576
2295 708 6575
2294 709 6574
2293 710 6573
2292 711 6572
2291 712 6571
2290 713 6570
2289 714 6569
2288 715 6568
2287 716 6567
2286 717 6566
2285 718 6565
2284 719 6564
2283 720 6563
2282 721 6562
2281 722 6561
2280 723 6560
2279 724 6559
2278 725 6558
2277 726 6557
2276 727 6556
2275 728 6555
2274 729 6554
2273 730 6553
2272 731 6552
2271 732 6551
2270 733 6550
2269 734 6549
2268 735 6548
2267 736 6547
2266 737 6546
2265 738 6545
2264 739 6544
2263 740 6543
2262 741 6542
2261 742 6541
2260 743 6540
2259 744 6539
2258 745 6538
2257 746 6537
2256 747 6536
2255 748 6535
2254 749 6534
2253 750 6533
2252 751 6532
2251 752 6531
2250 753 6530
2249 754 6529
2248 755 6528
2247 756 6527
2246 757 6526
2245 758 6525
2244 759 6524
2243 760 6523
2242 761 6522
2241 762 6521
2240 763 6520
2239 764 6519
2238 765 6518
2237 766 6517
2236 767 6516
2235 768 6515
2234 769 6514
2233 770 6513
2232 771 6512
2231 772 6511
2230 773 6510
2229 774 6509
2228 775 6508
2227 776 6507
2226 777 6506
2225 778 6505
2224 779 6504
2223 780 6503
2222 781 6502
2221 782 6501
2220 783 6500
2219 784 6499
2218 785 6498
2217 786 6497
2216 787 6496
2215 788 6495
2214 789 6494
2213 790 6493
2212 791 6492
2211 792 6491
2210 793 6490
2209 794 6489
2208 795 6488
2207 796 6487
2206 797 6486
2205 798 6485
2204 799 6484
2203 800 6483
2202 801 6482
2201 802 6481
2200 803 6480
2199 804 6479
2198 805 6478
2197 806 6477
2196 807 6476
2195 808 6475
2194 809 6474
2193 810 6473
2192 811 6472
2191 812 6471
2190 813 6470
2189 814 6469
2188 815 6468
2187 816 6467
2186 817 6466
2185 818 6465
2184 819 6464
2183 820 6463
2182 821 6462
2181 822 6461
2180 823 6460
2179 824 6459
2178 825 6458
2177 826 6457
2176 827 6456
2175 828 6455
2174 829 6454
2173 830 6453
2172 831 6452
2171 832 6451
2170 833 6450
2169 834 6449
2168 835 6448
2167 836 6447
2166 837 6446
2165 838 6445
2164 839 6444
2163 840 6443
2162 841 6442
2161 842 6441
2160 843 6440
2159 844 6439
2158 845 6438
2157 846 6437
2156 847 6436
2155 848 6435
2154 849 6434
2153 850 6433
2152 851 6432
2151 852 6431
2150 853 6430
2149 854 6429
2148 855 6428
2147 856 6427
2146 857 6426
2145 858 6425
2144 859 6424
2143 860 6423
2142 861 6422
2141 862 6421
2140 863 6420
2139 864 6419
2138 865 6418
2137 866 6417
2136 867 6416
2135 868 6415
2134 869 6414
2133 870 6413
2132 871 6412
2131 872 6411
2130 873 6410
2129 874 6409
2128 875 6408
2127 876 6407
2126 877 6406
2125 878 6405
2124 879 6404
2123 880 6403
2122 881 6402
2121 882 6401
2120 883 6400
2119 884 6399
2118 885 6398
2117 886 6397
2116 887 6396
2115 888 6395
2114 889 6394
2113 890 6393
2112 891 6392
2111 892 6391
2110 893 6390
2109 894 6389
2108 895 6388
2107 896 6387
2106 897 6386
2105 898 6385
2104 899 6384
2103 900 6383
2102 901 6382
2101 902 6381
2100 903 6380
2099 904 6379
2098 905 6378
2097 906 6377
2096 907 6376
2095 908 6375
2094 909 6374
2093 910 6373
2092 911 6372
2091 912 6371
2090 913 6370
2089 914 6369
2088 915 6368
2087 916 6367
2086 917 6366
2085 918 6365
2084 919 6364
2083 920 6363
2082 921 6362
2081 922 6361
2080 923 6360
2079 924 6359
2078 925 6358
2077 926 6357
2076 927 6356
2075 928 6355
2074 929 6354
2073 930 6353
2072 931 6352
2071 932 6351
2070 933 6350
2069 934 6349
2068 935 6348
2067 936 6347
2066 937 6346
2065 938 6345
2064 939 6344
2063 940 6343
2062 941 6342
2061 942 6341
2060 943 6340
2059 944 6339
2058 945 6338
2057 946 6337
2056 947 6336
2055 948 6335
2054 949 6334
2053 950 6333
2052 951 6332
2051 952 6331
2050 953 6330
2049 954 6329
2048 955 6328
2047 956 6327
2046 957 6326
2045 958 6325
2044 959 6324
2043 960 6323
2042 961 6322
2041 962 6321
2040 963 6320
2039 964 6319
2038 965 6318
2037 966 6317
2036 967 6316
2035 968 6315
2034 969 6314
2033 970 6313
2032 971 6312
2031 972 6311
2030 973 6310
2029 974 6309
2028 975 6308
2027 976 6307
2026 977 6306
2025 978 6305
2024 979 6304
2023 980 6303
2022 981 6302
2021 982 6301
2020 983 6300
2019 984 6299
2018 985 6298
2017 986 6297
2016 987 6296
2015 988 6295
2014 989 6294
2013 990 6293
2012 991 6292
2011 992 6291
2010 993 6290
2009 994 6289
2008 995 6288
2007 996 6287
2006 997 6286
2005 998 6285
2004 999 6284
2003 1000 6283
2002 1001 6282
2001 1002 6281
2000 1003 6280
1999 1004 6279
1998 1005 6278
1997 1006 6277
1996 1007 6276
1995 1008 6275
1994 1009 6274
1993 1010 6273
1992 1011 6272
1991 1012 6271
1990 1013 6270
1989 1014 6269
1988 1015 6268
1987 1016 6267
1986 1017 6266
1985 1018 6265
1984 1019 6264
1983 1020 6263
1982 1021 6262
1981 1022 6261
1980 1023 6260
1979 1024 6259
1978 1025 6258
1977 1026 6257
1976 1027 6256
1975 1028 6255
1974 1029 6254
1973 1030 6253
1972 1031 6252
1971 1032 6251
1970 1033 6250
1969 1034 6249
1968 1035 6248
1967 1036 6247
1966 1037 6246
1965 1038 6245
1964 1039 6244
1963 1040 6243
1962 1041 6242
1961 1042 6241
1960 1043 6240
1959 1044 6239
1958 1045 6238
1957 1046 6237
1956 1047 6236
1955 1048 6235
1954 1049 6234
1953 1050 6233
1952 1051 6232
1951 1052 6231
1950 1053 6230
1949 1054 6229
1948 1055 6228
1947 1056 6227
1946 1057 6226
1945 1058 6225
1944 1059 6224
1943 1060 6223
1942 1061 6222
1941 1062 6221
1940 1063 6220
1939 1064 6219
1938 1065 6218
1937 1066 6217
1936 1067 6216
1935 1068 6215
1934 1069 6214
1933 1070 6213
1932 1071 6212
1931 1072 6211
1930 1073 6210
1929 1074 6209
1928 1075 6208
1927 1076 6207
1926 1077 6206
1925 1078 6205
1924 1079 6204
1923 1080 6203
1922 1081 6202
1921 1082 6201
1920 1083 6200
1919 1084 6199
1918 1085 6198
1917 1086 6197
1916 1087 6196
1915 1088 6195
1914 1089 6194
1913 1090 6193
1912 1091 6192
1911 1092 6191
1910 1093 6190
1909 1094 6189
1908 1095 6188
1907 1096 6187
1906 1097 6186
1905 1098 6185
1904 1099 6184
1903 1100 6183
1902 1101 6182
1901 1102 6181
1900 1103 6180
1899 1104 6179
1898 1105 6178
1897 1106 6177
1896 1107 6176
1895 1108 6175
1894 1109 6174
1893 1110 6173
1892 1111 6172
1891 1112 6171
1890 1113 6170
1889 1114 6169
1888 1115 6168
1887 1116 6167
1886 1117 6166
1885 1118 6165
1884 1119 6164
1883 1120 6163
1882 1121 6162
1881 1122 6161
1880 1123 6160
1879 1124 6159
1878 1125 6158
1877 1126 6157
1876 1127 6156
1875 1128 6155
1874 1129 6154
1873 1130 6153
1872 1131 6152
1871 1132 6151
1870 1133 6150
1869 1134 6149
1868 1135 6148
1867 1136 6147
1866 1137 6146
1865 1138 6145
1864 1139 6144
1863 1140 6143
1862 1141 6142
1861 1142 6141
1860 1143 6140
1859 1144 6139
1858 1145 6138
1857 1146 6137
1856 1147 6136
1855 1148 6135
1854 1149 6134
1853 1150 6133
1852 1151 6132
1851 1152 6131
1850 1153 6130
1849 1154 6129
1848 1155 6128
1847 1156 6127
1846 1157 6126
1845 1158 6125
1844 1159 6124
1843 1160 6123
1842 1161 6122
1841 1162 6121
1840 1163 6120
1839 1164 6119
1838 1165 6118
1837 1166 6117
1836 1167 6116
1835 1168 6115
1834 1169 6114
1833 1170 6113
1832 1171 6112
1831 1172 6111
1830 1173 6110
1829 1174 6109
1828 1175 6108
1827 1176 6107
1826 1177 6106
1825 1178 6105
1824 1179 6104
1823 1180 6103
1822 1181 6102
1821 1182 6101
1820 1183 6100
1819 1184 6099
1818 1185 6098
1817 1186 6097
1816 1187 6096
1815 1188 6095
1814 1189 6094
1813 1190 6093
1812 1191 6092
1811 1192 6091
1810 1193 6090
1809 1194 6089
1808 1195 6088
1807 1196 6087
1806 1197 6086
1805 1198 6085
1804 1199 6084
1803 1200 6083
1802 1201 6082
1801 1202 6081
1800 1203 6080
1799 1204 6079
1798 1205 6078
1797 1206 6077
1796 1207 6076
1795 1208 6075
1794 1209 6074
1793 1210 6073
1792 1211 6072
1791 1212 6071
1790 1213 6070
1789 1214 6069
1788 1215 6068
1787 1216 6067
1786 1217 6066
1785 1218 6065
1784 1219 6064
1783 1220 6063
1782 1221 6062
1781 1222 6061
1780 1223 6060
1779 1224 6059
1778 1225 6058
1777 1226 6057
1776 1227 6056
1775 1228 6055
1774 1229 6054
1773 1230 6053
1772 1231 6052
1771 1232 6051
1770 1233 6050
1769 1234 6049
1768 1235 6048
1767 1236 6047
1766 1237 6046
1765 1238 6045
1764 1239 6044
1763 1240 6043
1762 1241 6042
1761 1242 6041
1760 1243 6040
1759 1244 6039
1758 1245 6038
1757 1246 6037
1756 1247 6036
1755 1248 6035
1754 1249 6034
1753 1250 6033
1752 1251 6032
1751 1252 6031
1750 1253 6030
1749 1254 6029
1748 1255 6028
1747 1256 6027
1746 1257 6026
1745 1258 6025
1744 1259 6024
1743 1260 6023
1742 1261 6022
1741 1262 6021
1740 1263 6020
1739 1264 6019
1738 1265 6018
1737 1266 6017
1736 1267 6016
1735 1268 6015
1734 1269 6014
1733 1270 6013
1732 1271 6012
1731 1272 6011
1730 1273 6010
1729 1274 6009
1728 1275 6008
1727 1276 6007
1726 1277 6006
1725 1278 6005
1724 1279 6004
1723 1280 6003
1722 1281 6002
1721 1282 6001
