232
3000 3 6232
2999 4 6231
2998 5 6230
2997 6 6229
2996 7 6228
2995 8 6227
2994 9 6226
2993 10 6225
2992 11 6224
2991 12 6223
2990 13 6222
2989 14 6221
2988 15 6220
2987 16 6219
2986 17 6218
2985 18 6217
2984 19 6216
2983 20 6215
2982 21 6214
2981 22 6213
2980 23 6212
2979 24 6211
2978 25 6210
2977 26 6209
2976 27 6208
2975 28 6207
2974 29 6206
2973 30 6205
2972 31 6204
2971 32 6203
2970 33 6202
2969 34 6201
2968 35 6200
2967 36 6199
2966 37 6198
2965 38 6197
2964 39 6196
2963 40 6195
2962 41 6194
2961 42 6193
2960 43 6192
2959 44 6191
2958 45 6190
2957 46 6189
2956 47 6188
2955 48 6187
2954 49 6186
2953 50 6185
2952 51 6184
2951 52 6183
2950 53 6182
2949 54 6181
2948 55 6180
2947 56 6179
2946 57 6178
2945 58 6177
2944 59 6176
2943 60 6175
2942 61 6174
2941 62 6173
2940 63 6172
2939 64 6171
2938 65 6170
2937 66 6169
2936 67 6168
2935 68 6167
2934 69 6166
2933 70 6165
2932 71 6164
2931 72 6163
2930 73 6162
2929 74 6161
2928 75 6160
2927 76 6159
2926 77 6158
2925 78 6157
2924 79 6156
2923 80 6155
2922 81 6154
2921 82 6153
2920 83 6152
2919 84 6151
2918 85 6150
2917 86 6149
2916 87 6148
2915 88 6147
2914 89 6146
2913 90 6145
2912 91 6144
2911 92 6143
2910 93 6142
2909 94 6141
2908 95 6140
2907 96 6139
2906 97 6138
2905 98 6137
2904 99 6136
2903 100 6135
2902 101 6134
2901 102 6133
2900 103 6132
2899 104 6131
2898 105 6130
2897 106 6129
2896 107 6128
2895 108 6127
2894 109 6126
2893 110 6125
2892 111 6124
2891 112 6123
2890 113 6122
2889 114 6121
2888 115 6120
2887 116 6119
2886 117 6118
2885 118 6117
2884 119 6116
2883 120 6115
2882 121 6114
2881 122 6113
2880 123 6112
2879 124 6111
2878 125 6110
2877 126 6109
2876 127 6108
2875 128 6107
2874 129 6106
2873 130 6105
2872 131 6104
2871 132 6103
2870 133 6102
2869 134 6101
2868 135 6100
2867 136 6099
2866 137 6098
2865 138 6097
2864 139 6096
2863 140 6095
2862 141 6094
2861 142 6093
2860 143 6092
2859 144 6091
2858 145 6090
2857 146 6089
2856 147 6088
2855 148 6087
2854 149 6086
2853 150 6085
2852 151 6084
2851 152 6083
2850 153 6082
2849 154 6081
2848 155 6080
2847 156 6079
2846 157 6078
2845 158 6077
2844 159 6076
2843 160 6075
2842 161 6074
2841 162 6073
2840 163 6072
2839 164 6071
2838 165 6070
2837 166 6069
2836 167 6068
2835 168 6067
2834 169 6066
2833 170 6065
2832 171 6064
2831 172 6063
2830 173 6062
2829 174 6061
2828 175 6060
2827 176 6059
2826 177 6058
2825 178 6057
2824 179 6056
2823 180 6055
2822 181 6054
2821 182 6053
2820 183 6052
2819 184 6051
2818 185 6050
2817 186 6049
2816 187 6048
2815 188 6047
2814 189 6046
2813 190 6045
2812 191 6044
2811 192 6043
2810 193 6042
2809 194 6041
2808 195 6040
2807 196 6039
2806 197 6038
2805 198 6037
2804 199 6036
2803 200 6035
2802 201 6034
2801 202 6033
2800 203 6032
2799 204 6031
2798 205 6030
2797 206 6029
2796 207 6028
2795 208 6027
2794 209 6026
2793 210 6025
2792 211 6024
2791 212 6023
2790 213 6022
2789 214 6021
2788 215 6020
2787 216 6019
2786 217 6018
2785 218 6017
2784 219 6016
2783 220 6015
2782 221 6014
2781 222 6013
2780 223 6012
2779 224 6011
2778 225 6010
2777 226 6009
2776 227 6008
2775 228 6007
2774 229 6006
2773 230 6005
2772 231 6004
2771 232 6003
2770 233 6002
2769 234 6001
