522
3000 3 6522
2999 4 6521
2998 5 6520
2997 6 6519
2996 7 6518
2995 8 6517
2994 9 6516
2993 10 6515
2992 11 6514
2991 12 6513
2990 13 6512
2989 14 6511
2988 15 6510
2987 16 6509
2986 17 6508
2985 18 6507
2984 19 6506
2983 20 6505
2982 21 6504
2981 22 6503
2980 23 6502
2979 24 6501
2978 25 6500
2977 26 6499
2976 27 6498
2975 28 6497
2974 29 6496
2973 30 6495
2972 31 6494
2971 32 6493
2970 33 6492
2969 34 6491
2968 35 6490
2967 36 6489
2966 37 6488
2965 38 6487
2964 39 6486
2963 40 6485
2962 41 6484
2961 42 6483
2960 43 6482
2959 44 6481
2958 45 6480
2957 46 6479
2956 47 6478
2955 48 6477
2954 49 6476
2953 50 6475
2952 51 6474
2951 52 6473
2950 53 6472
2949 54 6471
2948 55 6470
2947 56 6469
2946 57 6468
2945 58 6467
2944 59 6466
2943 60 6465
2942 61 6464
2941 62 6463
2940 63 6462
2939 64 6461
2938 65 6460
2937 66 6459
2936 67 6458
2935 68 6457
2934 69 6456
2933 70 6455
2932 71 6454
2931 72 6453
2930 73 6452
2929 74 6451
2928 75 6450
2927 76 6449
2926 77 6448
2925 78 6447
2924 79 6446
2923 80 6445
2922 81 6444
2921 82 6443
2920 83 6442
2919 84 6441
2918 85 6440
2917 86 6439
2916 87 6438
2915 88 6437
2914 89 6436
2913 90 6435
2912 91 6434
2911 92 6433
2910 93 6432
2909 94 6431
2908 95 6430
2907 96 6429
2906 97 6428
2905 98 6427
2904 99 6426
2903 100 6425
2902 101 6424
2901 102 6423
2900 103 6422
2899 104 6421
2898 105 6420
2897 106 6419
2896 107 6418
2895 108 6417
2894 109 6416
2893 110 6415
2892 111 6414
2891 112 6413
2890 113 6412
2889 114 6411
2888 115 6410
2887 116 6409
2886 117 6408
2885 118 6407
2884 119 6406
2883 120 6405
2882 121 6404
2881 122 6403
2880 123 6402
2879 124 6401
2878 125 6400
2877 126 6399
2876 127 6398
2875 128 6397
2874 129 6396
2873 130 6395
2872 131 6394
2871 132 6393
2870 133 6392
2869 134 6391
2868 135 6390
2867 136 6389
2866 137 6388
2865 138 6387
2864 139 6386
2863 140 6385
2862 141 6384
2861 142 6383
2860 143 6382
2859 144 6381
2858 145 6380
2857 146 6379
2856 147 6378
2855 148 6377
2854 149 6376
2853 150 6375
2852 151 6374
2851 152 6373
2850 153 6372
2849 154 6371
2848 155 6370
2847 156 6369
2846 157 6368
2845 158 6367
2844 159 6366
2843 160 6365
2842 161 6364
2841 162 6363
2840 163 6362
2839 164 6361
2838 165 6360
2837 166 6359
2836 167 6358
2835 168 6357
2834 169 6356
2833 170 6355
2832 171 6354
2831 172 6353
2830 173 6352
2829 174 6351
2828 175 6350
2827 176 6349
2826 177 6348
2825 178 6347
2824 179 6346
2823 180 6345
2822 181 6344
2821 182 6343
2820 183 6342
2819 184 6341
2818 185 6340
2817 186 6339
2816 187 6338
2815 188 6337
2814 189 6336
2813 190 6335
2812 191 6334
2811 192 6333
2810 193 6332
2809 194 6331
2808 195 6330
2807 196 6329
2806 197 6328
2805 198 6327
2804 199 6326
2803 200 6325
2802 201 6324
2801 202 6323
2800 203 6322
2799 204 6321
2798 205 6320
2797 206 6319
2796 207 6318
2795 208 6317
2794 209 6316
2793 210 6315
2792 211 6314
2791 212 6313
2790 213 6312
2789 214 6311
2788 215 6310
2787 216 6309
2786 217 6308
2785 218 6307
2784 219 6306
2783 220 6305
2782 221 6304
2781 222 6303
2780 223 6302
2779 224 6301
2778 225 6300
2777 226 6299
2776 227 6298
2775 228 6297
2774 229 6296
2773 230 6295
2772 231 6294
2771 232 6293
2770 233 6292
2769 234 6291
2768 235 6290
2767 236 6289
2766 237 6288
2765 238 6287
2764 239 6286
2763 240 6285
2762 241 6284
2761 242 6283
2760 243 6282
2759 244 6281
2758 245 6280
2757 246 6279
2756 247 6278
2755 248 6277
2754 249 6276
2753 250 6275
2752 251 6274
2751 252 6273
2750 253 6272
2749 254 6271
2748 255 6270
2747 256 6269
2746 257 6268
2745 258 6267
2744 259 6266
2743 260 6265
2742 261 6264
2741 262 6263
2740 263 6262
2739 264 6261
2738 265 6260
2737 266 6259
2736 267 6258
2735 268 6257
2734 269 6256
2733 270 6255
2732 271 6254
2731 272 6253
2730 273 6252
2729 274 6251
2728 275 6250
2727 276 6249
2726 277 6248
2725 278 6247
2724 279 6246
2723 280 6245
2722 281 6244
2721 282 6243
2720 283 6242
2719 284 6241
2718 285 6240
2717 286 6239
2716 287 6238
2715 288 6237
2714 289 6236
2713 290 6235
2712 291 6234
2711 292 6233
2710 293 6232
2709 294 6231
2708 295 6230
2707 296 6229
2706 297 6228
2705 298 6227
2704 299 6226
2703 300 6225
2702 301 6224
2701 302 6223
2700 303 6222
2699 304 6221
2698 305 6220
2697 306 6219
2696 307 6218
2695 308 6217
2694 309 6216
2693 310 6215
2692 311 6214
2691 312 6213
2690 313 6212
2689 314 6211
2688 315 6210
2687 316 6209
2686 317 6208
2685 318 6207
2684 319 6206
2683 320 6205
2682 321 6204
2681 322 6203
2680 323 6202
2679 324 6201
2678 325 6200
2677 326 6199
2676 327 6198
2675 328 6197
2674 329 6196
2673 330 6195
2672 331 6194
2671 332 6193
2670 333 6192
2669 334 6191
2668 335 6190
2667 336 6189
2666 337 6188
2665 338 6187
2664 339 6186
2663 340 6185
2662 341 6184
2661 342 6183
2660 343 6182
2659 344 6181
2658 345 6180
2657 346 6179
2656 347 6178
2655 348 6177
2654 349 6176
2653 350 6175
2652 351 6174
2651 352 6173
2650 353 6172
2649 354 6171
2648 355 6170
2647 356 6169
2646 357 6168
2645 358 6167
2644 359 6166
2643 360 6165
2642 361 6164
2641 362 6163
2640 363 6162
2639 364 6161
2638 365 6160
2637 366 6159
2636 367 6158
2635 368 6157
2634 369 6156
2633 370 6155
2632 371 6154
2631 372 6153
2630 373 6152
2629 374 6151
2628 375 6150
2627 376 6149
2626 377 6148
2625 378 6147
2624 379 6146
2623 380 6145
2622 381 6144
2621 382 6143
2620 383 6142
2619 384 6141
2618 385 6140
2617 386 6139
2616 387 6138
2615 388 6137
2614 389 6136
2613 390 6135
2612 391 6134
2611 392 6133
2610 393 6132
2609 394 6131
2608 395 6130
2607 396 6129
2606 397 6128
2605 398 6127
2604 399 6126
2603 400 6125
2602 401 6124
2601 402 6123
2600 403 6122
2599 404 6121
2598 405 6120
2597 406 6119
2596 407 6118
2595 408 6117
2594 409 6116
2593 410 6115
2592 411 6114
2591 412 6113
2590 413 6112
2589 414 6111
2588 415 6110
2587 416 6109
2586 417 6108
2585 418 6107
2584 419 6106
2583 420 6105
2582 421 6104
2581 422 6103
2580 423 6102
2579 424 6101
2578 425 6100
2577 426 6099
2576 427 6098
2575 428 6097
2574 429 6096
2573 430 6095
2572 431 6094
2571 432 6093
2570 433 6092
2569 434 6091
2568 435 6090
2567 436 6089
2566 437 6088
2565 438 6087
2564 439 6086
2563 440 6085
2562 441 6084
2561 442 6083
2560 443 6082
2559 444 6081
2558 445 6080
2557 446 6079
2556 447 6078
2555 448 6077
2554 449 6076
2553 450 6075
2552 451 6074
2551 452 6073
2550 453 6072
2549 454 6071
2548 455 6070
2547 456 6069
2546 457 6068
2545 458 6067
2544 459 6066
2543 460 6065
2542 461 6064
2541 462 6063
2540 463 6062
2539 464 6061
2538 465 6060
2537 466 6059
2536 467 6058
2535 468 6057
2534 469 6056
2533 470 6055
2532 471 6054
2531 472 6053
2530 473 6052
2529 474 6051
2528 475 6050
2527 476 6049
2526 477 6048
2525 478 6047
2524 479 6046
2523 480 6045
2522 481 6044
2521 482 6043
2520 483 6042
2519 484 6041
2518 485 6040
2517 486 6039
2516 487 6038
2515 488 6037
2514 489 6036
2513 490 6035
2512 491 6034
2511 492 6033
2510 493 6032
2509 494 6031
2508 495 6030
2507 496 6029
2506 497 6028
2505 498 6027
2504 499 6026
2503 500 6025
2502 501 6024
2501 502 6023
2500 503 6022
2499 504 6021
2498 505 6020
2497 506 6019
2496 507 6018
2495 508 6017
2494 509 6016
2493 510 6015
2492 511 6014
2491 512 6013
2490 513 6012
2489 514 6011
2488 515 6010
2487 516 6009
2486 517 6008
2485 518 6007
2484 519 6006
2483 520 6005
2482 521 6004
2481 522 6003
2480 523 6002
2479 524 6001
