272
3000 3 6272
2999 4 6271
2998 5 6270
2997 6 6269
2996 7 6268
2995 8 6267
2994 9 6266
2993 10 6265
2992 11 6264
2991 12 6263
2990 13 6262
2989 14 6261
2988 15 6260
2987 16 6259
2986 17 6258
2985 18 6257
2984 19 6256
2983 20 6255
2982 21 6254
2981 22 6253
2980 23 6252
2979 24 6251
2978 25 6250
2977 26 6249
2976 27 6248
2975 28 6247
2974 29 6246
2973 30 6245
2972 31 6244
2971 32 6243
2970 33 6242
2969 34 6241
2968 35 6240
2967 36 6239
2966 37 6238
2965 38 6237
2964 39 6236
2963 40 6235
2962 41 6234
2961 42 6233
2960 43 6232
2959 44 6231
2958 45 6230
2957 46 6229
2956 47 6228
2955 48 6227
2954 49 6226
2953 50 6225
2952 51 6224
2951 52 6223
2950 53 6222
2949 54 6221
2948 55 6220
2947 56 6219
2946 57 6218
2945 58 6217
2944 59 6216
2943 60 6215
2942 61 6214
2941 62 6213
2940 63 6212
2939 64 6211
2938 65 6210
2937 66 6209
2936 67 6208
2935 68 6207
2934 69 6206
2933 70 6205
2932 71 6204
2931 72 6203
2930 73 6202
2929 74 6201
2928 75 6200
2927 76 6199
2926 77 6198
2925 78 6197
2924 79 6196
2923 80 6195
2922 81 6194
2921 82 6193
2920 83 6192
2919 84 6191
2918 85 6190
2917 86 6189
2916 87 6188
2915 88 6187
2914 89 6186
2913 90 6185
2912 91 6184
2911 92 6183
2910 93 6182
2909 94 6181
2908 95 6180
2907 96 6179
2906 97 6178
2905 98 6177
2904 99 6176
2903 100 6175
2902 101 6174
2901 102 6173
2900 103 6172
2899 104 6171
2898 105 6170
2897 106 6169
2896 107 6168
2895 108 6167
2894 109 6166
2893 110 6165
2892 111 6164
2891 112 6163
2890 113 6162
2889 114 6161
2888 115 6160
2887 116 6159
2886 117 6158
2885 118 6157
2884 119 6156
2883 120 6155
2882 121 6154
2881 122 6153
2880 123 6152
2879 124 6151
2878 125 6150
2877 126 6149
2876 127 6148
2875 128 6147
2874 129 6146
2873 130 6145
2872 131 6144
2871 132 6143
2870 133 6142
2869 134 6141
2868 135 6140
2867 136 6139
2866 137 6138
2865 138 6137
2864 139 6136
2863 140 6135
2862 141 6134
2861 142 6133
2860 143 6132
2859 144 6131
2858 145 6130
2857 146 6129
2856 147 6128
2855 148 6127
2854 149 6126
2853 150 6125
2852 151 6124
2851 152 6123
2850 153 6122
2849 154 6121
2848 155 6120
2847 156 6119
2846 157 6118
2845 158 6117
2844 159 6116
2843 160 6115
2842 161 6114
2841 162 6113
2840 163 6112
2839 164 6111
2838 165 6110
2837 166 6109
2836 167 6108
2835 168 6107
2834 169 6106
2833 170 6105
2832 171 6104
2831 172 6103
2830 173 6102
2829 174 6101
2828 175 6100
2827 176 6099
2826 177 6098
2825 178 6097
2824 179 6096
2823 180 6095
2822 181 6094
2821 182 6093
2820 183 6092
2819 184 6091
2818 185 6090
2817 186 6089
2816 187 6088
2815 188 6087
2814 189 6086
2813 190 6085
2812 191 6084
2811 192 6083
2810 193 6082
2809 194 6081
2808 195 6080
2807 196 6079
2806 197 6078
2805 198 6077
2804 199 6076
2803 200 6075
2802 201 6074
2801 202 6073
2800 203 6072
2799 204 6071
2798 205 6070
2797 206 6069
2796 207 6068
2795 208 6067
2794 209 6066
2793 210 6065
2792 211 6064
2791 212 6063
2790 213 6062
2789 214 6061
2788 215 6060
2787 216 6059
2786 217 6058
2785 218 6057
2784 219 6056
2783 220 6055
2782 221 6054
2781 222 6053
2780 223 6052
2779 224 6051
2778 225 6050
2777 226 6049
2776 227 6048
2775 228 6047
2774 229 6046
2773 230 6045
2772 231 6044
2771 232 6043
2770 233 6042
2769 234 6041
2768 235 6040
2767 236 6039
2766 237 6038
2765 238 6037
2764 239 6036
2763 240 6035
2762 241 6034
2761 242 6033
2760 243 6032
2759 244 6031
2758 245 6030
2757 246 6029
2756 247 6028
2755 248 6027
2754 249 6026
2753 250 6025
2752 251 6024
2751 252 6023
2750 253 6022
2749 254 6021
2748 255 6020
2747 256 6019
2746 257 6018
2745 258 6017
2744 259 6016
2743 260 6015
2742 261 6014
2741 262 6013
2740 263 6012
2739 264 6011
2738 265 6010
2737 266 6009
2736 267 6008
2735 268 6007
2734 269 6006
2733 270 6005
2732 271 6004
2731 272 6003
2730 273 6002
2729 274 6001
