720
3000 3 6720
2999 4 6719
2998 5 6718
2997 6 6717
2996 7 6716
2995 8 6715
2994 9 6714
2993 10 6713
2992 11 6712
2991 12 6711
2990 13 6710
2989 14 6709
2988 15 6708
2987 16 6707
2986 17 6706
2985 18 6705
2984 19 6704
2983 20 6703
2982 21 6702
2981 22 6701
2980 23 6700
2979 24 6699
2978 25 6698
2977 26 6697
2976 27 6696
2975 28 6695
2974 29 6694
2973 30 6693
2972 31 6692
2971 32 6691
2970 33 6690
2969 34 6689
2968 35 6688
2967 36 6687
2966 37 6686
2965 38 6685
2964 39 6684
2963 40 6683
2962 41 6682
2961 42 6681
2960 43 6680
2959 44 6679
2958 45 6678
2957 46 6677
2956 47 6676
2955 48 6675
2954 49 6674
2953 50 6673
2952 51 6672
2951 52 6671
2950 53 6670
2949 54 6669
2948 55 6668
2947 56 6667
2946 57 6666
2945 58 6665
2944 59 6664
2943 60 6663
2942 61 6662
2941 62 6661
2940 63 6660
2939 64 6659
2938 65 6658
2937 66 6657
2936 67 6656
2935 68 6655
2934 69 6654
2933 70 6653
2932 71 6652
2931 72 6651
2930 73 6650
2929 74 6649
2928 75 6648
2927 76 6647
2926 77 6646
2925 78 6645
2924 79 6644
2923 80 6643
2922 81 6642
2921 82 6641
2920 83 6640
2919 84 6639
2918 85 6638
2917 86 6637
2916 87 6636
2915 88 6635
2914 89 6634
2913 90 6633
2912 91 6632
2911 92 6631
2910 93 6630
2909 94 6629
2908 95 6628
2907 96 6627
2906 97 6626
2905 98 6625
2904 99 6624
2903 100 6623
2902 101 6622
2901 102 6621
2900 103 6620
2899 104 6619
2898 105 6618
2897 106 6617
2896 107 6616
2895 108 6615
2894 109 6614
2893 110 6613
2892 111 6612
2891 112 6611
2890 113 6610
2889 114 6609
2888 115 6608
2887 116 6607
2886 117 6606
2885 118 6605
2884 119 6604
2883 120 6603
2882 121 6602
2881 122 6601
2880 123 6600
2879 124 6599
2878 125 6598
2877 126 6597
2876 127 6596
2875 128 6595
2874 129 6594
2873 130 6593
2872 131 6592
2871 132 6591
2870 133 6590
2869 134 6589
2868 135 6588
2867 136 6587
2866 137 6586
2865 138 6585
2864 139 6584
2863 140 6583
2862 141 6582
2861 142 6581
2860 143 6580
2859 144 6579
2858 145 6578
2857 146 6577
2856 147 6576
2855 148 6575
2854 149 6574
2853 150 6573
2852 151 6572
2851 152 6571
2850 153 6570
2849 154 6569
2848 155 6568
2847 156 6567
2846 157 6566
2845 158 6565
2844 159 6564
2843 160 6563
2842 161 6562
2841 162 6561
2840 163 6560
2839 164 6559
2838 165 6558
2837 166 6557
2836 167 6556
2835 168 6555
2834 169 6554
2833 170 6553
2832 171 6552
2831 172 6551
2830 173 6550
2829 174 6549
2828 175 6548
2827 176 6547
2826 177 6546
2825 178 6545
2824 179 6544
2823 180 6543
2822 181 6542
2821 182 6541
2820 183 6540
2819 184 6539
2818 185 6538
2817 186 6537
2816 187 6536
2815 188 6535
2814 189 6534
2813 190 6533
2812 191 6532
2811 192 6531
2810 193 6530
2809 194 6529
2808 195 6528
2807 196 6527
2806 197 6526
2805 198 6525
2804 199 6524
2803 200 6523
2802 201 6522
2801 202 6521
2800 203 6520
2799 204 6519
2798 205 6518
2797 206 6517
2796 207 6516
2795 208 6515
2794 209 6514
2793 210 6513
2792 211 6512
2791 212 6511
2790 213 6510
2789 214 6509
2788 215 6508
2787 216 6507
2786 217 6506
2785 218 6505
2784 219 6504
2783 220 6503
2782 221 6502
2781 222 6501
2780 223 6500
2779 224 6499
2778 225 6498
2777 226 6497
2776 227 6496
2775 228 6495
2774 229 6494
2773 230 6493
2772 231 6492
2771 232 6491
2770 233 6490
2769 234 6489
2768 235 6488
2767 236 6487
2766 237 6486
2765 238 6485
2764 239 6484
2763 240 6483
2762 241 6482
2761 242 6481
2760 243 6480
2759 244 6479
2758 245 6478
2757 246 6477
2756 247 6476
2755 248 6475
2754 249 6474
2753 250 6473
2752 251 6472
2751 252 6471
2750 253 6470
2749 254 6469
2748 255 6468
2747 256 6467
2746 257 6466
2745 258 6465
2744 259 6464
2743 260 6463
2742 261 6462
2741 262 6461
2740 263 6460
2739 264 6459
2738 265 6458
2737 266 6457
2736 267 6456
2735 268 6455
2734 269 6454
2733 270 6453
2732 271 6452
2731 272 6451
2730 273 6450
2729 274 6449
2728 275 6448
2727 276 6447
2726 277 6446
2725 278 6445
2724 279 6444
2723 280 6443
2722 281 6442
2721 282 6441
2720 283 6440
2719 284 6439
2718 285 6438
2717 286 6437
2716 287 6436
2715 288 6435
2714 289 6434
2713 290 6433
2712 291 6432
2711 292 6431
2710 293 6430
2709 294 6429
2708 295 6428
2707 296 6427
2706 297 6426
2705 298 6425
2704 299 6424
2703 300 6423
2702 301 6422
2701 302 6421
2700 303 6420
2699 304 6419
2698 305 6418
2697 306 6417
2696 307 6416
2695 308 6415
2694 309 6414
2693 310 6413
2692 311 6412
2691 312 6411
2690 313 6410
2689 314 6409
2688 315 6408
2687 316 6407
2686 317 6406
2685 318 6405
2684 319 6404
2683 320 6403
2682 321 6402
2681 322 6401
2680 323 6400
2679 324 6399
2678 325 6398
2677 326 6397
2676 327 6396
2675 328 6395
2674 329 6394
2673 330 6393
2672 331 6392
2671 332 6391
2670 333 6390
2669 334 6389
2668 335 6388
2667 336 6387
2666 337 6386
2665 338 6385
2664 339 6384
2663 340 6383
2662 341 6382
2661 342 6381
2660 343 6380
2659 344 6379
2658 345 6378
2657 346 6377
2656 347 6376
2655 348 6375
2654 349 6374
2653 350 6373
2652 351 6372
2651 352 6371
2650 353 6370
2649 354 6369
2648 355 6368
2647 356 6367
2646 357 6366
2645 358 6365
2644 359 6364
2643 360 6363
2642 361 6362
2641 362 6361
2640 363 6360
2639 364 6359
2638 365 6358
2637 366 6357
2636 367 6356
2635 368 6355
2634 369 6354
2633 370 6353
2632 371 6352
2631 372 6351
2630 373 6350
2629 374 6349
2628 375 6348
2627 376 6347
2626 377 6346
2625 378 6345
2624 379 6344
2623 380 6343
2622 381 6342
2621 382 6341
2620 383 6340
2619 384 6339
2618 385 6338
2617 386 6337
2616 387 6336
2615 388 6335
2614 389 6334
2613 390 6333
2612 391 6332
2611 392 6331
2610 393 6330
2609 394 6329
2608 395 6328
2607 396 6327
2606 397 6326
2605 398 6325
2604 399 6324
2603 400 6323
2602 401 6322
2601 402 6321
2600 403 6320
2599 404 6319
2598 405 6318
2597 406 6317
2596 407 6316
2595 408 6315
2594 409 6314
2593 410 6313
2592 411 6312
2591 412 6311
2590 413 6310
2589 414 6309
2588 415 6308
2587 416 6307
2586 417 6306
2585 418 6305
2584 419 6304
2583 420 6303
2582 421 6302
2581 422 6301
2580 423 6300
2579 424 6299
2578 425 6298
2577 426 6297
2576 427 6296
2575 428 6295
2574 429 6294
2573 430 6293
2572 431 6292
2571 432 6291
2570 433 6290
2569 434 6289
2568 435 6288
2567 436 6287
2566 437 6286
2565 438 6285
2564 439 6284
2563 440 6283
2562 441 6282
2561 442 6281
2560 443 6280
2559 444 6279
2558 445 6278
2557 446 6277
2556 447 6276
2555 448 6275
2554 449 6274
2553 450 6273
2552 451 6272
2551 452 6271
2550 453 6270
2549 454 6269
2548 455 6268
2547 456 6267
2546 457 6266
2545 458 6265
2544 459 6264
2543 460 6263
2542 461 6262
2541 462 6261
2540 463 6260
2539 464 6259
2538 465 6258
2537 466 6257
2536 467 6256
2535 468 6255
2534 469 6254
2533 470 6253
2532 471 6252
2531 472 6251
2530 473 6250
2529 474 6249
2528 475 6248
2527 476 6247
2526 477 6246
2525 478 6245
2524 479 6244
2523 480 6243
2522 481 6242
2521 482 6241
2520 483 6240
2519 484 6239
2518 485 6238
2517 486 6237
2516 487 6236
2515 488 6235
2514 489 6234
2513 490 6233
2512 491 6232
2511 492 6231
2510 493 6230
2509 494 6229
2508 495 6228
2507 496 6227
2506 497 6226
2505 498 6225
2504 499 6224
2503 500 6223
2502 501 6222
2501 502 6221
2500 503 6220
2499 504 6219
2498 505 6218
2497 506 6217
2496 507 6216
2495 508 6215
2494 509 6214
2493 510 6213
2492 511 6212
2491 512 6211
2490 513 6210
2489 514 6209
2488 515 6208
2487 516 6207
2486 517 6206
2485 518 6205
2484 519 6204
2483 520 6203
2482 521 6202
2481 522 6201
2480 523 6200
2479 524 6199
2478 525 6198
2477 526 6197
2476 527 6196
2475 528 6195
2474 529 6194
2473 530 6193
2472 531 6192
2471 532 6191
2470 533 6190
2469 534 6189
2468 535 6188
2467 536 6187
2466 537 6186
2465 538 6185
2464 539 6184
2463 540 6183
2462 541 6182
2461 542 6181
2460 543 6180
2459 544 6179
2458 545 6178
2457 546 6177
2456 547 6176
2455 548 6175
2454 549 6174
2453 550 6173
2452 551 6172
2451 552 6171
2450 553 6170
2449 554 6169
2448 555 6168
2447 556 6167
2446 557 6166
2445 558 6165
2444 559 6164
2443 560 6163
2442 561 6162
2441 562 6161
2440 563 6160
2439 564 6159
2438 565 6158
2437 566 6157
2436 567 6156
2435 568 6155
2434 569 6154
2433 570 6153
2432 571 6152
2431 572 6151
2430 573 6150
2429 574 6149
2428 575 6148
2427 576 6147
2426 577 6146
2425 578 6145
2424 579 6144
2423 580 6143
2422 581 6142
2421 582 6141
2420 583 6140
2419 584 6139
2418 585 6138
2417 586 6137
2416 587 6136
2415 588 6135
2414 589 6134
2413 590 6133
2412 591 6132
2411 592 6131
2410 593 6130
2409 594 6129
2408 595 6128
2407 596 6127
2406 597 6126
2405 598 6125
2404 599 6124
2403 600 6123
2402 601 6122
2401 602 6121
2400 603 6120
2399 604 6119
2398 605 6118
2397 606 6117
2396 607 6116
2395 608 6115
2394 609 6114
2393 610 6113
2392 611 6112
2391 612 6111
2390 613 6110
2389 614 6109
2388 615 6108
2387 616 6107
2386 617 6106
2385 618 6105
2384 619 6104
2383 620 6103
2382 621 6102
2381 622 6101
2380 623 6100
2379 624 6099
2378 625 6098
2377 626 6097
2376 627 6096
2375 628 6095
2374 629 6094
2373 630 6093
2372 631 6092
2371 632 6091
2370 633 6090
2369 634 6089
2368 635 6088
2367 636 6087
2366 637 6086
2365 638 6085
2364 639 6084
2363 640 6083
2362 641 6082
2361 642 6081
2360 643 6080
2359 644 6079
2358 645 6078
2357 646 6077
2356 647 6076
2355 648 6075
2354 649 6074
2353 650 6073
2352 651 6072
2351 652 6071
2350 653 6070
2349 654 6069
2348 655 6068
2347 656 6067
2346 657 6066
2345 658 6065
2344 659 6064
2343 660 6063
2342 661 6062
2341 662 6061
2340 663 6060
2339 664 6059
2338 665 6058
2337 666 6057
2336 667 6056
2335 668 6055
2334 669 6054
2333 670 6053
2332 671 6052
2331 672 6051
2330 673 6050
2329 674 6049
2328 675 6048
2327 676 6047
2326 677 6046
2325 678 6045
2324 679 6044
2323 680 6043
2322 681 6042
2321 682 6041
2320 683 6040
2319 684 6039
2318 685 6038
2317 686 6037
2316 687 6036
2315 688 6035
2314 689 6034
2313 690 6033
2312 691 6032
2311 692 6031
2310 693 6030
2309 694 6029
2308 695 6028
2307 696 6027
2306 697 6026
2305 698 6025
2304 699 6024
2303 700 6023
2302 701 6022
2301 702 6021
2300 703 6020
2299 704 6019
2298 705 6018
2297 706 6017
2296 707 6016
2295 708 6015
2294 709 6014
2293 710 6013
2292 711 6012
2291 712 6011
2290 713 6010
2289 714 6009
2288 715 6008
2287 716 6007
2286 717 6006
2285 718 6005
2284 719 6004
2283 720 6003
2282 721 6002
2281 722 6001
