680
3000 3 6680
2999 4 6679
2998 5 6678
2997 6 6677
2996 7 6676
2995 8 6675
2994 9 6674
2993 10 6673
2992 11 6672
2991 12 6671
2990 13 6670
2989 14 6669
2988 15 6668
2987 16 6667
2986 17 6666
2985 18 6665
2984 19 6664
2983 20 6663
2982 21 6662
2981 22 6661
2980 23 6660
2979 24 6659
2978 25 6658
2977 26 6657
2976 27 6656
2975 28 6655
2974 29 6654
2973 30 6653
2972 31 6652
2971 32 6651
2970 33 6650
2969 34 6649
2968 35 6648
2967 36 6647
2966 37 6646
2965 38 6645
2964 39 6644
2963 40 6643
2962 41 6642
2961 42 6641
2960 43 6640
2959 44 6639
2958 45 6638
2957 46 6637
2956 47 6636
2955 48 6635
2954 49 6634
2953 50 6633
2952 51 6632
2951 52 6631
2950 53 6630
2949 54 6629
2948 55 6628
2947 56 6627
2946 57 6626
2945 58 6625
2944 59 6624
2943 60 6623
2942 61 6622
2941 62 6621
2940 63 6620
2939 64 6619
2938 65 6618
2937 66 6617
2936 67 6616
2935 68 6615
2934 69 6614
2933 70 6613
2932 71 6612
2931 72 6611
2930 73 6610
2929 74 6609
2928 75 6608
2927 76 6607
2926 77 6606
2925 78 6605
2924 79 6604
2923 80 6603
2922 81 6602
2921 82 6601
2920 83 6600
2919 84 6599
2918 85 6598
2917 86 6597
2916 87 6596
2915 88 6595
2914 89 6594
2913 90 6593
2912 91 6592
2911 92 6591
2910 93 6590
2909 94 6589
2908 95 6588
2907 96 6587
2906 97 6586
2905 98 6585
2904 99 6584
2903 100 6583
2902 101 6582
2901 102 6581
2900 103 6580
2899 104 6579
2898 105 6578
2897 106 6577
2896 107 6576
2895 108 6575
2894 109 6574
2893 110 6573
2892 111 6572
2891 112 6571
2890 113 6570
2889 114 6569
2888 115 6568
2887 116 6567
2886 117 6566
2885 118 6565
2884 119 6564
2883 120 6563
2882 121 6562
2881 122 6561
2880 123 6560
2879 124 6559
2878 125 6558
2877 126 6557
2876 127 6556
2875 128 6555
2874 129 6554
2873 130 6553
2872 131 6552
2871 132 6551
2870 133 6550
2869 134 6549
2868 135 6548
2867 136 6547
2866 137 6546
2865 138 6545
2864 139 6544
2863 140 6543
2862 141 6542
2861 142 6541
2860 143 6540
2859 144 6539
2858 145 6538
2857 146 6537
2856 147 6536
2855 148 6535
2854 149 6534
2853 150 6533
2852 151 6532
2851 152 6531
2850 153 6530
2849 154 6529
2848 155 6528
2847 156 6527
2846 157 6526
2845 158 6525
2844 159 6524
2843 160 6523
2842 161 6522
2841 162 6521
2840 163 6520
2839 164 6519
2838 165 6518
2837 166 6517
2836 167 6516
2835 168 6515
2834 169 6514
2833 170 6513
2832 171 6512
2831 172 6511
2830 173 6510
2829 174 6509
2828 175 6508
2827 176 6507
2826 177 6506
2825 178 6505
2824 179 6504
2823 180 6503
2822 181 6502
2821 182 6501
2820 183 6500
2819 184 6499
2818 185 6498
2817 186 6497
2816 187 6496
2815 188 6495
2814 189 6494
2813 190 6493
2812 191 6492
2811 192 6491
2810 193 6490
2809 194 6489
2808 195 6488
2807 196 6487
2806 197 6486
2805 198 6485
2804 199 6484
2803 200 6483
2802 201 6482
2801 202 6481
2800 203 6480
2799 204 6479
2798 205 6478
2797 206 6477
2796 207 6476
2795 208 6475
2794 209 6474
2793 210 6473
2792 211 6472
2791 212 6471
2790 213 6470
2789 214 6469
2788 215 6468
2787 216 6467
2786 217 6466
2785 218 6465
2784 219 6464
2783 220 6463
2782 221 6462
2781 222 6461
2780 223 6460
2779 224 6459
2778 225 6458
2777 226 6457
2776 227 6456
2775 228 6455
2774 229 6454
2773 230 6453
2772 231 6452
2771 232 6451
2770 233 6450
2769 234 6449
2768 235 6448
2767 236 6447
2766 237 6446
2765 238 6445
2764 239 6444
2763 240 6443
2762 241 6442
2761 242 6441
2760 243 6440
2759 244 6439
2758 245 6438
2757 246 6437
2756 247 6436
2755 248 6435
2754 249 6434
2753 250 6433
2752 251 6432
2751 252 6431
2750 253 6430
2749 254 6429
2748 255 6428
2747 256 6427
2746 257 6426
2745 258 6425
2744 259 6424
2743 260 6423
2742 261 6422
2741 262 6421
2740 263 6420
2739 264 6419
2738 265 6418
2737 266 6417
2736 267 6416
2735 268 6415
2734 269 6414
2733 270 6413
2732 271 6412
2731 272 6411
2730 273 6410
2729 274 6409
2728 275 6408
2727 276 6407
2726 277 6406
2725 278 6405
2724 279 6404
2723 280 6403
2722 281 6402
2721 282 6401
2720 283 6400
2719 284 6399
2718 285 6398
2717 286 6397
2716 287 6396
2715 288 6395
2714 289 6394
2713 290 6393
2712 291 6392
2711 292 6391
2710 293 6390
2709 294 6389
2708 295 6388
2707 296 6387
2706 297 6386
2705 298 6385
2704 299 6384
2703 300 6383
2702 301 6382
2701 302 6381
2700 303 6380
2699 304 6379
2698 305 6378
2697 306 6377
2696 307 6376
2695 308 6375
2694 309 6374
2693 310 6373
2692 311 6372
2691 312 6371
2690 313 6370
2689 314 6369
2688 315 6368
2687 316 6367
2686 317 6366
2685 318 6365
2684 319 6364
2683 320 6363
2682 321 6362
2681 322 6361
2680 323 6360
2679 324 6359
2678 325 6358
2677 326 6357
2676 327 6356
2675 328 6355
2674 329 6354
2673 330 6353
2672 331 6352
2671 332 6351
2670 333 6350
2669 334 6349
2668 335 6348
2667 336 6347
2666 337 6346
2665 338 6345
2664 339 6344
2663 340 6343
2662 341 6342
2661 342 6341
2660 343 6340
2659 344 6339
2658 345 6338
2657 346 6337
2656 347 6336
2655 348 6335
2654 349 6334
2653 350 6333
2652 351 6332
2651 352 6331
2650 353 6330
2649 354 6329
2648 355 6328
2647 356 6327
2646 357 6326
2645 358 6325
2644 359 6324
2643 360 6323
2642 361 6322
2641 362 6321
2640 363 6320
2639 364 6319
2638 365 6318
2637 366 6317
2636 367 6316
2635 368 6315
2634 369 6314
2633 370 6313
2632 371 6312
2631 372 6311
2630 373 6310
2629 374 6309
2628 375 6308
2627 376 6307
2626 377 6306
2625 378 6305
2624 379 6304
2623 380 6303
2622 381 6302
2621 382 6301
2620 383 6300
2619 384 6299
2618 385 6298
2617 386 6297
2616 387 6296
2615 388 6295
2614 389 6294
2613 390 6293
2612 391 6292
2611 392 6291
2610 393 6290
2609 394 6289
2608 395 6288
2607 396 6287
2606 397 6286
2605 398 6285
2604 399 6284
2603 400 6283
2602 401 6282
2601 402 6281
2600 403 6280
2599 404 6279
2598 405 6278
2597 406 6277
2596 407 6276
2595 408 6275
2594 409 6274
2593 410 6273
2592 411 6272
2591 412 6271
2590 413 6270
2589 414 6269
2588 415 6268
2587 416 6267
2586 417 6266
2585 418 6265
2584 419 6264
2583 420 6263
2582 421 6262
2581 422 6261
2580 423 6260
2579 424 6259
2578 425 6258
2577 426 6257
2576 427 6256
2575 428 6255
2574 429 6254
2573 430 6253
2572 431 6252
2571 432 6251
2570 433 6250
2569 434 6249
2568 435 6248
2567 436 6247
2566 437 6246
2565 438 6245
2564 439 6244
2563 440 6243
2562 441 6242
2561 442 6241
2560 443 6240
2559 444 6239
2558 445 6238
2557 446 6237
2556 447 6236
2555 448 6235
2554 449 6234
2553 450 6233
2552 451 6232
2551 452 6231
2550 453 6230
2549 454 6229
2548 455 6228
2547 456 6227
2546 457 6226
2545 458 6225
2544 459 6224
2543 460 6223
2542 461 6222
2541 462 6221
2540 463 6220
2539 464 6219
2538 465 6218
2537 466 6217
2536 467 6216
2535 468 6215
2534 469 6214
2533 470 6213
2532 471 6212
2531 472 6211
2530 473 6210
2529 474 6209
2528 475 6208
2527 476 6207
2526 477 6206
2525 478 6205
2524 479 6204
2523 480 6203
2522 481 6202
2521 482 6201
2520 483 6200
2519 484 6199
2518 485 6198
2517 486 6197
2516 487 6196
2515 488 6195
2514 489 6194
2513 490 6193
2512 491 6192
2511 492 6191
2510 493 6190
2509 494 6189
2508 495 6188
2507 496 6187
2506 497 6186
2505 498 6185
2504 499 6184
2503 500 6183
2502 501 6182
2501 502 6181
2500 503 6180
2499 504 6179
2498 505 6178
2497 506 6177
2496 507 6176
2495 508 6175
2494 509 6174
2493 510 6173
2492 511 6172
2491 512 6171
2490 513 6170
2489 514 6169
2488 515 6168
2487 516 6167
2486 517 6166
2485 518 6165
2484 519 6164
2483 520 6163
2482 521 6162
2481 522 6161
2480 523 6160
2479 524 6159
2478 525 6158
2477 526 6157
2476 527 6156
2475 528 6155
2474 529 6154
2473 530 6153
2472 531 6152
2471 532 6151
2470 533 6150
2469 534 6149
2468 535 6148
2467 536 6147
2466 537 6146
2465 538 6145
2464 539 6144
2463 540 6143
2462 541 6142
2461 542 6141
2460 543 6140
2459 544 6139
2458 545 6138
2457 546 6137
2456 547 6136
2455 548 6135
2454 549 6134
2453 550 6133
2452 551 6132
2451 552 6131
2450 553 6130
2449 554 6129
2448 555 6128
2447 556 6127
2446 557 6126
2445 558 6125
2444 559 6124
2443 560 6123
2442 561 6122
2441 562 6121
2440 563 6120
2439 564 6119
2438 565 6118
2437 566 6117
2436 567 6116
2435 568 6115
2434 569 6114
2433 570 6113
2432 571 6112
2431 572 6111
2430 573 6110
2429 574 6109
2428 575 6108
2427 576 6107
2426 577 6106
2425 578 6105
2424 579 6104
2423 580 6103
2422 581 6102
2421 582 6101
2420 583 6100
2419 584 6099
2418 585 6098
2417 586 6097
2416 587 6096
2415 588 6095
2414 589 6094
2413 590 6093
2412 591 6092
2411 592 6091
2410 593 6090
2409 594 6089
2408 595 6088
2407 596 6087
2406 597 6086
2405 598 6085
2404 599 6084
2403 600 6083
2402 601 6082
2401 602 6081
2400 603 6080
2399 604 6079
2398 605 6078
2397 606 6077
2396 607 6076
2395 608 6075
2394 609 6074
2393 610 6073
2392 611 6072
2391 612 6071
2390 613 6070
2389 614 6069
2388 615 6068
2387 616 6067
2386 617 6066
2385 618 6065
2384 619 6064
2383 620 6063
2382 621 6062
2381 622 6061
2380 623 6060
2379 624 6059
2378 625 6058
2377 626 6057
2376 627 6056
2375 628 6055
2374 629 6054
2373 630 6053
2372 631 6052
2371 632 6051
2370 633 6050
2369 634 6049
2368 635 6048
2367 636 6047
2366 637 6046
2365 638 6045
2364 639 6044
2363 640 6043
2362 641 6042
2361 642 6041
2360 643 6040
2359 644 6039
2358 645 6038
2357 646 6037
2356 647 6036
2355 648 6035
2354 649 6034
2353 650 6033
2352 651 6032
2351 652 6031
2350 653 6030
2349 654 6029
2348 655 6028
2347 656 6027
2346 657 6026
2345 658 6025
2344 659 6024
2343 660 6023
2342 661 6022
2341 662 6021
2340 663 6020
2339 664 6019
2338 665 6018
2337 666 6017
2336 667 6016
2335 668 6015
2334 669 6014
2333 670 6013
2332 671 6012
2331 672 6011
2330 673 6010
2329 674 6009
2328 675 6008
2327 676 6007
2326 677 6006
2325 678 6005
2324 679 6004
2323 680 6003
2322 681 6002
2321 682 6001
