1173
3000 3 7173
2999 4 7172
2998 5 7171
2997 6 7170
2996 7 7169
2995 8 7168
2994 9 7167
2993 10 7166
2992 11 7165
2991 12 7164
2990 13 7163
2989 14 7162
2988 15 7161
2987 16 7160
2986 17 7159
2985 18 7158
2984 19 7157
2983 20 7156
2982 21 7155
2981 22 7154
2980 23 7153
2979 24 7152
2978 25 7151
2977 26 7150
2976 27 7149
2975 28 7148
2974 29 7147
2973 30 7146
2972 31 7145
2971 32 7144
2970 33 7143
2969 34 7142
2968 35 7141
2967 36 7140
2966 37 7139
2965 38 7138
2964 39 7137
2963 40 7136
2962 41 7135
2961 42 7134
2960 43 7133
2959 44 7132
2958 45 7131
2957 46 7130
2956 47 7129
2955 48 7128
2954 49 7127
2953 50 7126
2952 51 7125
2951 52 7124
2950 53 7123
2949 54 7122
2948 55 7121
2947 56 7120
2946 57 7119
2945 58 7118
2944 59 7117
2943 60 7116
2942 61 7115
2941 62 7114
2940 63 7113
2939 64 7112
2938 65 7111
2937 66 7110
2936 67 7109
2935 68 7108
2934 69 7107
2933 70 7106
2932 71 7105
2931 72 7104
2930 73 7103
2929 74 7102
2928 75 7101
2927 76 7100
2926 77 7099
2925 78 7098
2924 79 7097
2923 80 7096
2922 81 7095
2921 82 7094
2920 83 7093
2919 84 7092
2918 85 7091
2917 86 7090
2916 87 7089
2915 88 7088
2914 89 7087
2913 90 7086
2912 91 7085
2911 92 7084
2910 93 7083
2909 94 7082
2908 95 7081
2907 96 7080
2906 97 7079
2905 98 7078
2904 99 7077
2903 100 7076
2902 101 7075
2901 102 7074
2900 103 7073
2899 104 7072
2898 105 7071
2897 106 7070
2896 107 7069
2895 108 7068
2894 109 7067
2893 110 7066
2892 111 7065
2891 112 7064
2890 113 7063
2889 114 7062
2888 115 7061
2887 116 7060
2886 117 7059
2885 118 7058
2884 119 7057
2883 120 7056
2882 121 7055
2881 122 7054
2880 123 7053
2879 124 7052
2878 125 7051
2877 126 7050
2876 127 7049
2875 128 7048
2874 129 7047
2873 130 7046
2872 131 7045
2871 132 7044
2870 133 7043
2869 134 7042
2868 135 7041
2867 136 7040
2866 137 7039
2865 138 7038
2864 139 7037
2863 140 7036
2862 141 7035
2861 142 7034
2860 143 7033
2859 144 7032
2858 145 7031
2857 146 7030
2856 147 7029
2855 148 7028
2854 149 7027
2853 150 7026
2852 151 7025
2851 152 7024
2850 153 7023
2849 154 7022
2848 155 7021
2847 156 7020
2846 157 7019
2845 158 7018
2844 159 7017
2843 160 7016
2842 161 7015
2841 162 7014
2840 163 7013
2839 164 7012
2838 165 7011
2837 166 7010
2836 167 7009
2835 168 7008
2834 169 7007
2833 170 7006
2832 171 7005
2831 172 7004
2830 173 7003
2829 174 7002
2828 175 7001
2827 176 7000
2826 177 6999
2825 178 6998
2824 179 6997
2823 180 6996
2822 181 6995
2821 182 6994
2820 183 6993
2819 184 6992
2818 185 6991
2817 186 6990
2816 187 6989
2815 188 6988
2814 189 6987
2813 190 6986
2812 191 6985
2811 192 6984
2810 193 6983
2809 194 6982
2808 195 6981
2807 196 6980
2806 197 6979
2805 198 6978
2804 199 6977
2803 200 6976
2802 201 6975
2801 202 6974
2800 203 6973
2799 204 6972
2798 205 6971
2797 206 6970
2796 207 6969
2795 208 6968
2794 209 6967
2793 210 6966
2792 211 6965
2791 212 6964
2790 213 6963
2789 214 6962
2788 215 6961
2787 216 6960
2786 217 6959
2785 218 6958
2784 219 6957
2783 220 6956
2782 221 6955
2781 222 6954
2780 223 6953
2779 224 6952
2778 225 6951
2777 226 6950
2776 227 6949
2775 228 6948
2774 229 6947
2773 230 6946
2772 231 6945
2771 232 6944
2770 233 6943
2769 234 6942
2768 235 6941
2767 236 6940
2766 237 6939
2765 238 6938
2764 239 6937
2763 240 6936
2762 241 6935
2761 242 6934
2760 243 6933
2759 244 6932
2758 245 6931
2757 246 6930
2756 247 6929
2755 248 6928
2754 249 6927
2753 250 6926
2752 251 6925
2751 252 6924
2750 253 6923
2749 254 6922
2748 255 6921
2747 256 6920
2746 257 6919
2745 258 6918
2744 259 6917
2743 260 6916
2742 261 6915
2741 262 6914
2740 263 6913
2739 264 6912
2738 265 6911
2737 266 6910
2736 267 6909
2735 268 6908
2734 269 6907
2733 270 6906
2732 271 6905
2731 272 6904
2730 273 6903
2729 274 6902
2728 275 6901
2727 276 6900
2726 277 6899
2725 278 6898
2724 279 6897
2723 280 6896
2722 281 6895
2721 282 6894
2720 283 6893
2719 284 6892
2718 285 6891
2717 286 6890
2716 287 6889
2715 288 6888
2714 289 6887
2713 290 6886
2712 291 6885
2711 292 6884
2710 293 6883
2709 294 6882
2708 295 6881
2707 296 6880
2706 297 6879
2705 298 6878
2704 299 6877
2703 300 6876
2702 301 6875
2701 302 6874
2700 303 6873
2699 304 6872
2698 305 6871
2697 306 6870
2696 307 6869
2695 308 6868
2694 309 6867
2693 310 6866
2692 311 6865
2691 312 6864
2690 313 6863
2689 314 6862
2688 315 6861
2687 316 6860
2686 317 6859
2685 318 6858
2684 319 6857
2683 320 6856
2682 321 6855
2681 322 6854
2680 323 6853
2679 324 6852
2678 325 6851
2677 326 6850
2676 327 6849
2675 328 6848
2674 329 6847
2673 330 6846
2672 331 6845
2671 332 6844
2670 333 6843
2669 334 6842
2668 335 6841
2667 336 6840
2666 337 6839
2665 338 6838
2664 339 6837
2663 340 6836
2662 341 6835
2661 342 6834
2660 343 6833
2659 344 6832
2658 345 6831
2657 346 6830
2656 347 6829
2655 348 6828
2654 349 6827
2653 350 6826
2652 351 6825
2651 352 6824
2650 353 6823
2649 354 6822
2648 355 6821
2647 356 6820
2646 357 6819
2645 358 6818
2644 359 6817
2643 360 6816
2642 361 6815
2641 362 6814
2640 363 6813
2639 364 6812
2638 365 6811
2637 366 6810
2636 367 6809
2635 368 6808
2634 369 6807
2633 370 6806
2632 371 6805
2631 372 6804
2630 373 6803
2629 374 6802
2628 375 6801
2627 376 6800
2626 377 6799
2625 378 6798
2624 379 6797
2623 380 6796
2622 381 6795
2621 382 6794
2620 383 6793
2619 384 6792
2618 385 6791
2617 386 6790
2616 387 6789
2615 388 6788
2614 389 6787
2613 390 6786
2612 391 6785
2611 392 6784
2610 393 6783
2609 394 6782
2608 395 6781
2607 396 6780
2606 397 6779
2605 398 6778
2604 399 6777
2603 400 6776
2602 401 6775
2601 402 6774
2600 403 6773
2599 404 6772
2598 405 6771
2597 406 6770
2596 407 6769
2595 408 6768
2594 409 6767
2593 410 6766
2592 411 6765
2591 412 6764
2590 413 6763
2589 414 6762
2588 415 6761
2587 416 6760
2586 417 6759
2585 418 6758
2584 419 6757
2583 420 6756
2582 421 6755
2581 422 6754
2580 423 6753
2579 424 6752
2578 425 6751
2577 426 6750
2576 427 6749
2575 428 6748
2574 429 6747
2573 430 6746
2572 431 6745
2571 432 6744
2570 433 6743
2569 434 6742
2568 435 6741
2567 436 6740
2566 437 6739
2565 438 6738
2564 439 6737
2563 440 6736
2562 441 6735
2561 442 6734
2560 443 6733
2559 444 6732
2558 445 6731
2557 446 6730
2556 447 6729
2555 448 6728
2554 449 6727
2553 450 6726
2552 451 6725
2551 452 6724
2550 453 6723
2549 454 6722
2548 455 6721
2547 456 6720
2546 457 6719
2545 458 6718
2544 459 6717
2543 460 6716
2542 461 6715
2541 462 6714
2540 463 6713
2539 464 6712
2538 465 6711
2537 466 6710
2536 467 6709
2535 468 6708
2534 469 6707
2533 470 6706
2532 471 6705
2531 472 6704
2530 473 6703
2529 474 6702
2528 475 6701
2527 476 6700
2526 477 6699
2525 478 6698
2524 479 6697
2523 480 6696
2522 481 6695
2521 482 6694
2520 483 6693
2519 484 6692
2518 485 6691
2517 486 6690
2516 487 6689
2515 488 6688
2514 489 6687
2513 490 6686
2512 491 6685
2511 492 6684
2510 493 6683
2509 494 6682
2508 495 6681
2507 496 6680
2506 497 6679
2505 498 6678
2504 499 6677
2503 500 6676
2502 501 6675
2501 502 6674
2500 503 6673
2499 504 6672
2498 505 6671
2497 506 6670
2496 507 6669
2495 508 6668
2494 509 6667
2493 510 6666
2492 511 6665
2491 512 6664
2490 513 6663
2489 514 6662
2488 515 6661
2487 516 6660
2486 517 6659
2485 518 6658
2484 519 6657
2483 520 6656
2482 521 6655
2481 522 6654
2480 523 6653
2479 524 6652
2478 525 6651
2477 526 6650
2476 527 6649
2475 528 6648
2474 529 6647
2473 530 6646
2472 531 6645
2471 532 6644
2470 533 6643
2469 534 6642
2468 535 6641
2467 536 6640
2466 537 6639
2465 538 6638
2464 539 6637
2463 540 6636
2462 541 6635
2461 542 6634
2460 543 6633
2459 544 6632
2458 545 6631
2457 546 6630
2456 547 6629
2455 548 6628
2454 549 6627
2453 550 6626
2452 551 6625
2451 552 6624
2450 553 6623
2449 554 6622
2448 555 6621
2447 556 6620
2446 557 6619
2445 558 6618
2444 559 6617
2443 560 6616
2442 561 6615
2441 562 6614
2440 563 6613
2439 564 6612
2438 565 6611
2437 566 6610
2436 567 6609
2435 568 6608
2434 569 6607
2433 570 6606
2432 571 6605
2431 572 6604
2430 573 6603
2429 574 6602
2428 575 6601
2427 576 6600
2426 577 6599
2425 578 6598
2424 579 6597
2423 580 6596
2422 581 6595
2421 582 6594
2420 583 6593
2419 584 6592
2418 585 6591
2417 586 6590
2416 587 6589
2415 588 6588
2414 589 6587
2413 590 6586
2412 591 6585
2411 592 6584
2410 593 6583
2409 594 6582
2408 595 6581
2407 596 6580
2406 597 6579
2405 598 6578
2404 599 6577
2403 600 6576
2402 601 6575
2401 602 6574
2400 603 6573
2399 604 6572
2398 605 6571
2397 606 6570
2396 607 6569
2395 608 6568
2394 609 6567
2393 610 6566
2392 611 6565
2391 612 6564
2390 613 6563
2389 614 6562
2388 615 6561
2387 616 6560
2386 617 6559
2385 618 6558
2384 619 6557
2383 620 6556
2382 621 6555
2381 622 6554
2380 623 6553
2379 624 6552
2378 625 6551
2377 626 6550
2376 627 6549
2375 628 6548
2374 629 6547
2373 630 6546
2372 631 6545
2371 632 6544
2370 633 6543
2369 634 6542
2368 635 6541
2367 636 6540
2366 637 6539
2365 638 6538
2364 639 6537
2363 640 6536
2362 641 6535
2361 642 6534
2360 643 6533
2359 644 6532
2358 645 6531
2357 646 6530
2356 647 6529
2355 648 6528
2354 649 6527
2353 650 6526
2352 651 6525
2351 652 6524
2350 653 6523
2349 654 6522
2348 655 6521
2347 656 6520
2346 657 6519
2345 658 6518
2344 659 6517
2343 660 6516
2342 661 6515
2341 662 6514
2340 663 6513
2339 664 6512
2338 665 6511
2337 666 6510
2336 667 6509
2335 668 6508
2334 669 6507
2333 670 6506
2332 671 6505
2331 672 6504
2330 673 6503
2329 674 6502
2328 675 6501
2327 676 6500
2326 677 6499
2325 678 6498
2324 679 6497
2323 680 6496
2322 681 6495
2321 682 6494
2320 683 6493
2319 684 6492
2318 685 6491
2317 686 6490
2316 687 6489
2315 688 6488
2314 689 6487
2313 690 6486
2312 691 6485
2311 692 6484
2310 693 6483
2309 694 6482
2308 695 6481
2307 696 6480
2306 697 6479
2305 698 6478
2304 699 6477
2303 700 6476
2302 701 6475
2301 702 6474
2300 703 6473
2299 704 6472
2298 705 6471
2297 706 6470
2296 707 6469
2295 708 6468
2294 709 6467
2293 710 6466
2292 711 6465
2291 712 6464
2290 713 6463
2289 714 6462
2288 715 6461
2287 716 6460
2286 717 6459
2285 718 6458
2284 719 6457
2283 720 6456
2282 721 6455
2281 722 6454
2280 723 6453
2279 724 6452
2278 725 6451
2277 726 6450
2276 727 6449
2275 728 6448
2274 729 6447
2273 730 6446
2272 731 6445
2271 732 6444
2270 733 6443
2269 734 6442
2268 735 6441
2267 736 6440
2266 737 6439
2265 738 6438
2264 739 6437
2263 740 6436
2262 741 6435
2261 742 6434
2260 743 6433
2259 744 6432
2258 745 6431
2257 746 6430
2256 747 6429
2255 748 6428
2254 749 6427
2253 750 6426
2252 751 6425
2251 752 6424
2250 753 6423
2249 754 6422
2248 755 6421
2247 756 6420
2246 757 6419
2245 758 6418
2244 759 6417
2243 760 6416
2242 761 6415
2241 762 6414
2240 763 6413
2239 764 6412
2238 765 6411
2237 766 6410
2236 767 6409
2235 768 6408
2234 769 6407
2233 770 6406
2232 771 6405
2231 772 6404
2230 773 6403
2229 774 6402
2228 775 6401
2227 776 6400
2226 777 6399
2225 778 6398
2224 779 6397
2223 780 6396
2222 781 6395
2221 782 6394
2220 783 6393
2219 784 6392
2218 785 6391
2217 786 6390
2216 787 6389
2215 788 6388
2214 789 6387
2213 790 6386
2212 791 6385
2211 792 6384
2210 793 6383
2209 794 6382
2208 795 6381
2207 796 6380
2206 797 6379
2205 798 6378
2204 799 6377
2203 800 6376
2202 801 6375
2201 802 6374
2200 803 6373
2199 804 6372
2198 805 6371
2197 806 6370
2196 807 6369
2195 808 6368
2194 809 6367
2193 810 6366
2192 811 6365
2191 812 6364
2190 813 6363
2189 814 6362
2188 815 6361
2187 816 6360
2186 817 6359
2185 818 6358
2184 819 6357
2183 820 6356
2182 821 6355
2181 822 6354
2180 823 6353
2179 824 6352
2178 825 6351
2177 826 6350
2176 827 6349
2175 828 6348
2174 829 6347
2173 830 6346
2172 831 6345
2171 832 6344
2170 833 6343
2169 834 6342
2168 835 6341
2167 836 6340
2166 837 6339
2165 838 6338
2164 839 6337
2163 840 6336
2162 841 6335
2161 842 6334
2160 843 6333
2159 844 6332
2158 845 6331
2157 846 6330
2156 847 6329
2155 848 6328
2154 849 6327
2153 850 6326
2152 851 6325
2151 852 6324
2150 853 6323
2149 854 6322
2148 855 6321
2147 856 6320
2146 857 6319
2145 858 6318
2144 859 6317
2143 860 6316
2142 861 6315
2141 862 6314
2140 863 6313
2139 864 6312
2138 865 6311
2137 866 6310
2136 867 6309
2135 868 6308
2134 869 6307
2133 870 6306
2132 871 6305
2131 872 6304
2130 873 6303
2129 874 6302
2128 875 6301
2127 876 6300
2126 877 6299
2125 878 6298
2124 879 6297
2123 880 6296
2122 881 6295
2121 882 6294
2120 883 6293
2119 884 6292
2118 885 6291
2117 886 6290
2116 887 6289
2115 888 6288
2114 889 6287
2113 890 6286
2112 891 6285
2111 892 6284
2110 893 6283
2109 894 6282
2108 895 6281
2107 896 6280
2106 897 6279
2105 898 6278
2104 899 6277
2103 900 6276
2102 901 6275
2101 902 6274
2100 903 6273
2099 904 6272
2098 905 6271
2097 906 6270
2096 907 6269
2095 908 6268
2094 909 6267
2093 910 6266
2092 911 6265
2091 912 6264
2090 913 6263
2089 914 6262
2088 915 6261
2087 916 6260
2086 917 6259
2085 918 6258
2084 919 6257
2083 920 6256
2082 921 6255
2081 922 6254
2080 923 6253
2079 924 6252
2078 925 6251
2077 926 6250
2076 927 6249
2075 928 6248
2074 929 6247
2073 930 6246
2072 931 6245
2071 932 6244
2070 933 6243
2069 934 6242
2068 935 6241
2067 936 6240
2066 937 6239
2065 938 6238
2064 939 6237
2063 940 6236
2062 941 6235
2061 942 6234
2060 943 6233
2059 944 6232
2058 945 6231
2057 946 6230
2056 947 6229
2055 948 6228
2054 949 6227
2053 950 6226
2052 951 6225
2051 952 6224
2050 953 6223
2049 954 6222
2048 955 6221
2047 956 6220
2046 957 6219
2045 958 6218
2044 959 6217
2043 960 6216
2042 961 6215
2041 962 6214
2040 963 6213
2039 964 6212
2038 965 6211
2037 966 6210
2036 967 6209
2035 968 6208
2034 969 6207
2033 970 6206
2032 971 6205
2031 972 6204
2030 973 6203
2029 974 6202
2028 975 6201
2027 976 6200
2026 977 6199
2025 978 6198
2024 979 6197
2023 980 6196
2022 981 6195
2021 982 6194
2020 983 6193
2019 984 6192
2018 985 6191
2017 986 6190
2016 987 6189
2015 988 6188
2014 989 6187
2013 990 6186
2012 991 6185
2011 992 6184
2010 993 6183
2009 994 6182
2008 995 6181
2007 996 6180
2006 997 6179
2005 998 6178
2004 999 6177
2003 1000 6176
2002 1001 6175
2001 1002 6174
2000 1003 6173
1999 1004 6172
1998 1005 6171
1997 1006 6170
1996 1007 6169
1995 1008 6168
1994 1009 6167
1993 1010 6166
1992 1011 6165
1991 1012 6164
1990 1013 6163
1989 1014 6162
1988 1015 6161
1987 1016 6160
1986 1017 6159
1985 1018 6158
1984 1019 6157
1983 1020 6156
1982 1021 6155
1981 1022 6154
1980 1023 6153
1979 1024 6152
1978 1025 6151
1977 1026 6150
1976 1027 6149
1975 1028 6148
1974 1029 6147
1973 1030 6146
1972 1031 6145
1971 1032 6144
1970 1033 6143
1969 1034 6142
1968 1035 6141
1967 1036 6140
1966 1037 6139
1965 1038 6138
1964 1039 6137
1963 1040 6136
1962 1041 6135
1961 1042 6134
1960 1043 6133
1959 1044 6132
1958 1045 6131
1957 1046 6130
1956 1047 6129
1955 1048 6128
1954 1049 6127
1953 1050 6126
1952 1051 6125
1951 1052 6124
1950 1053 6123
1949 1054 6122
1948 1055 6121
1947 1056 6120
1946 1057 6119
1945 1058 6118
1944 1059 6117
1943 1060 6116
1942 1061 6115
1941 1062 6114
1940 1063 6113
1939 1064 6112
1938 1065 6111
1937 1066 6110
1936 1067 6109
1935 1068 6108
1934 1069 6107
1933 1070 6106
1932 1071 6105
1931 1072 6104
1930 1073 6103
1929 1074 6102
1928 1075 6101
1927 1076 6100
1926 1077 6099
1925 1078 6098
1924 1079 6097
1923 1080 6096
1922 1081 6095
1921 1082 6094
1920 1083 6093
1919 1084 6092
1918 1085 6091
1917 1086 6090
1916 1087 6089
1915 1088 6088
1914 1089 6087
1913 1090 6086
1912 1091 6085
1911 1092 6084
1910 1093 6083
1909 1094 6082
1908 1095 6081
1907 1096 6080
1906 1097 6079
1905 1098 6078
1904 1099 6077
1903 1100 6076
1902 1101 6075
1901 1102 6074
1900 1103 6073
1899 1104 6072
1898 1105 6071
1897 1106 6070
1896 1107 6069
1895 1108 6068
1894 1109 6067
1893 1110 6066
1892 1111 6065
1891 1112 6064
1890 1113 6063
1889 1114 6062
1888 1115 6061
1887 1116 6060
1886 1117 6059
1885 1118 6058
1884 1119 6057
1883 1120 6056
1882 1121 6055
1881 1122 6054
1880 1123 6053
1879 1124 6052
1878 1125 6051
1877 1126 6050
1876 1127 6049
1875 1128 6048
1874 1129 6047
1873 1130 6046
1872 1131 6045
1871 1132 6044
1870 1133 6043
1869 1134 6042
1868 1135 6041
1867 1136 6040
1866 1137 6039
1865 1138 6038
1864 1139 6037
1863 1140 6036
1862 1141 6035
1861 1142 6034
1860 1143 6033
1859 1144 6032
1858 1145 6031
1857 1146 6030
1856 1147 6029
1855 1148 6028
1854 1149 6027
1853 1150 6026
1852 1151 6025
1851 1152 6024
1850 1153 6023
1849 1154 6022
1848 1155 6021
1847 1156 6020
1846 1157 6019
1845 1158 6018
1844 1159 6017
1843 1160 6016
1842 1161 6015
1841 1162 6014
1840 1163 6013
1839 1164 6012
1838 1165 6011
1837 1166 6010
1836 1167 6009
1835 1168 6008
1834 1169 6007
1833 1170 6006
1832 1171 6005
1831 1172 6004
1830 1173 6003
1829 1174 6002
1828 1175 6001
