1980
3000 3 7980
2999 4 7979
2998 5 7978
2997 6 7977
2996 7 7976
2995 8 7975
2994 9 7974
2993 10 7973
2992 11 7972
2991 12 7971
2990 13 7970
2989 14 7969
2988 15 7968
2987 16 7967
2986 17 7966
2985 18 7965
2984 19 7964
2983 20 7963
2982 21 7962
2981 22 7961
2980 23 7960
2979 24 7959
2978 25 7958
2977 26 7957
2976 27 7956
2975 28 7955
2974 29 7954
2973 30 7953
2972 31 7952
2971 32 7951
2970 33 7950
2969 34 7949
2968 35 7948
2967 36 7947
2966 37 7946
2965 38 7945
2964 39 7944
2963 40 7943
2962 41 7942
2961 42 7941
2960 43 7940
2959 44 7939
2958 45 7938
2957 46 7937
2956 47 7936
2955 48 7935
2954 49 7934
2953 50 7933
2952 51 7932
2951 52 7931
2950 53 7930
2949 54 7929
2948 55 7928
2947 56 7927
2946 57 7926
2945 58 7925
2944 59 7924
2943 60 7923
2942 61 7922
2941 62 7921
2940 63 7920
2939 64 7919
2938 65 7918
2937 66 7917
2936 67 7916
2935 68 7915
2934 69 7914
2933 70 7913
2932 71 7912
2931 72 7911
2930 73 7910
2929 74 7909
2928 75 7908
2927 76 7907
2926 77 7906
2925 78 7905
2924 79 7904
2923 80 7903
2922 81 7902
2921 82 7901
2920 83 7900
2919 84 7899
2918 85 7898
2917 86 7897
2916 87 7896
2915 88 7895
2914 89 7894
2913 90 7893
2912 91 7892
2911 92 7891
2910 93 7890
2909 94 7889
2908 95 7888
2907 96 7887
2906 97 7886
2905 98 7885
2904 99 7884
2903 100 7883
2902 101 7882
2901 102 7881
2900 103 7880
2899 104 7879
2898 105 7878
2897 106 7877
2896 107 7876
2895 108 7875
2894 109 7874
2893 110 7873
2892 111 7872
2891 112 7871
2890 113 7870
2889 114 7869
2888 115 7868
2887 116 7867
2886 117 7866
2885 118 7865
2884 119 7864
2883 120 7863
2882 121 7862
2881 122 7861
2880 123 7860
2879 124 7859
2878 125 7858
2877 126 7857
2876 127 7856
2875 128 7855
2874 129 7854
2873 130 7853
2872 131 7852
2871 132 7851
2870 133 7850
2869 134 7849
2868 135 7848
2867 136 7847
2866 137 7846
2865 138 7845
2864 139 7844
2863 140 7843
2862 141 7842
2861 142 7841
2860 143 7840
2859 144 7839
2858 145 7838
2857 146 7837
2856 147 7836
2855 148 7835
2854 149 7834
2853 150 7833
2852 151 7832
2851 152 7831
2850 153 7830
2849 154 7829
2848 155 7828
2847 156 7827
2846 157 7826
2845 158 7825
2844 159 7824
2843 160 7823
2842 161 7822
2841 162 7821
2840 163 7820
2839 164 7819
2838 165 7818
2837 166 7817
2836 167 7816
2835 168 7815
2834 169 7814
2833 170 7813
2832 171 7812
2831 172 7811
2830 173 7810
2829 174 7809
2828 175 7808
2827 176 7807
2826 177 7806
2825 178 7805
2824 179 7804
2823 180 7803
2822 181 7802
2821 182 7801
2820 183 7800
2819 184 7799
2818 185 7798
2817 186 7797
2816 187 7796
2815 188 7795
2814 189 7794
2813 190 7793
2812 191 7792
2811 192 7791
2810 193 7790
2809 194 7789
2808 195 7788
2807 196 7787
2806 197 7786
2805 198 7785
2804 199 7784
2803 200 7783
2802 201 7782
2801 202 7781
2800 203 7780
2799 204 7779
2798 205 7778
2797 206 7777
2796 207 7776
2795 208 7775
2794 209 7774
2793 210 7773
2792 211 7772
2791 212 7771
2790 213 7770
2789 214 7769
2788 215 7768
2787 216 7767
2786 217 7766
2785 218 7765
2784 219 7764
2783 220 7763
2782 221 7762
2781 222 7761
2780 223 7760
2779 224 7759
2778 225 7758
2777 226 7757
2776 227 7756
2775 228 7755
2774 229 7754
2773 230 7753
2772 231 7752
2771 232 7751
2770 233 7750
2769 234 7749
2768 235 7748
2767 236 7747
2766 237 7746
2765 238 7745
2764 239 7744
2763 240 7743
2762 241 7742
2761 242 7741
2760 243 7740
2759 244 7739
2758 245 7738
2757 246 7737
2756 247 7736
2755 248 7735
2754 249 7734
2753 250 7733
2752 251 7732
2751 252 7731
2750 253 7730
2749 254 7729
2748 255 7728
2747 256 7727
2746 257 7726
2745 258 7725
2744 259 7724
2743 260 7723
2742 261 7722
2741 262 7721
2740 263 7720
2739 264 7719
2738 265 7718
2737 266 7717
2736 267 7716
2735 268 7715
2734 269 7714
2733 270 7713
2732 271 7712
2731 272 7711
2730 273 7710
2729 274 7709
2728 275 7708
2727 276 7707
2726 277 7706
2725 278 7705
2724 279 7704
2723 280 7703
2722 281 7702
2721 282 7701
2720 283 7700
2719 284 7699
2718 285 7698
2717 286 7697
2716 287 7696
2715 288 7695
2714 289 7694
2713 290 7693
2712 291 7692
2711 292 7691
2710 293 7690
2709 294 7689
2708 295 7688
2707 296 7687
2706 297 7686
2705 298 7685
2704 299 7684
2703 300 7683
2702 301 7682
2701 302 7681
2700 303 7680
2699 304 7679
2698 305 7678
2697 306 7677
2696 307 7676
2695 308 7675
2694 309 7674
2693 310 7673
2692 311 7672
2691 312 7671
2690 313 7670
2689 314 7669
2688 315 7668
2687 316 7667
2686 317 7666
2685 318 7665
2684 319 7664
2683 320 7663
2682 321 7662
2681 322 7661
2680 323 7660
2679 324 7659
2678 325 7658
2677 326 7657
2676 327 7656
2675 328 7655
2674 329 7654
2673 330 7653
2672 331 7652
2671 332 7651
2670 333 7650
2669 334 7649
2668 335 7648
2667 336 7647
2666 337 7646
2665 338 7645
2664 339 7644
2663 340 7643
2662 341 7642
2661 342 7641
2660 343 7640
2659 344 7639
2658 345 7638
2657 346 7637
2656 347 7636
2655 348 7635
2654 349 7634
2653 350 7633
2652 351 7632
2651 352 7631
2650 353 7630
2649 354 7629
2648 355 7628
2647 356 7627
2646 357 7626
2645 358 7625
2644 359 7624
2643 360 7623
2642 361 7622
2641 362 7621
2640 363 7620
2639 364 7619
2638 365 7618
2637 366 7617
2636 367 7616
2635 368 7615
2634 369 7614
2633 370 7613
2632 371 7612
2631 372 7611
2630 373 7610
2629 374 7609
2628 375 7608
2627 376 7607
2626 377 7606
2625 378 7605
2624 379 7604
2623 380 7603
2622 381 7602
2621 382 7601
2620 383 7600
2619 384 7599
2618 385 7598
2617 386 7597
2616 387 7596
2615 388 7595
2614 389 7594
2613 390 7593
2612 391 7592
2611 392 7591
2610 393 7590
2609 394 7589
2608 395 7588
2607 396 7587
2606 397 7586
2605 398 7585
2604 399 7584
2603 400 7583
2602 401 7582
2601 402 7581
2600 403 7580
2599 404 7579
2598 405 7578
2597 406 7577
2596 407 7576
2595 408 7575
2594 409 7574
2593 410 7573
2592 411 7572
2591 412 7571
2590 413 7570
2589 414 7569
2588 415 7568
2587 416 7567
2586 417 7566
2585 418 7565
2584 419 7564
2583 420 7563
2582 421 7562
2581 422 7561
2580 423 7560
2579 424 7559
2578 425 7558
2577 426 7557
2576 427 7556
2575 428 7555
2574 429 7554
2573 430 7553
2572 431 7552
2571 432 7551
2570 433 7550
2569 434 7549
2568 435 7548
2567 436 7547
2566 437 7546
2565 438 7545
2564 439 7544
2563 440 7543
2562 441 7542
2561 442 7541
2560 443 7540
2559 444 7539
2558 445 7538
2557 446 7537
2556 447 7536
2555 448 7535
2554 449 7534
2553 450 7533
2552 451 7532
2551 452 7531
2550 453 7530
2549 454 7529
2548 455 7528
2547 456 7527
2546 457 7526
2545 458 7525
2544 459 7524
2543 460 7523
2542 461 7522
2541 462 7521
2540 463 7520
2539 464 7519
2538 465 7518
2537 466 7517
2536 467 7516
2535 468 7515
2534 469 7514
2533 470 7513
2532 471 7512
2531 472 7511
2530 473 7510
2529 474 7509
2528 475 7508
2527 476 7507
2526 477 7506
2525 478 7505
2524 479 7504
2523 480 7503
2522 481 7502
2521 482 7501
2520 483 7500
2519 484 7499
2518 485 7498
2517 486 7497
2516 487 7496
2515 488 7495
2514 489 7494
2513 490 7493
2512 491 7492
2511 492 7491
2510 493 7490
2509 494 7489
2508 495 7488
2507 496 7487
2506 497 7486
2505 498 7485
2504 499 7484
2503 500 7483
2502 501 7482
2501 502 7481
2500 503 7480
2499 504 7479
2498 505 7478
2497 506 7477
2496 507 7476
2495 508 7475
2494 509 7474
2493 510 7473
2492 511 7472
2491 512 7471
2490 513 7470
2489 514 7469
2488 515 7468
2487 516 7467
2486 517 7466
2485 518 7465
2484 519 7464
2483 520 7463
2482 521 7462
2481 522 7461
2480 523 7460
2479 524 7459
2478 525 7458
2477 526 7457
2476 527 7456
2475 528 7455
2474 529 7454
2473 530 7453
2472 531 7452
2471 532 7451
2470 533 7450
2469 534 7449
2468 535 7448
2467 536 7447
2466 537 7446
2465 538 7445
2464 539 7444
2463 540 7443
2462 541 7442
2461 542 7441
2460 543 7440
2459 544 7439
2458 545 7438
2457 546 7437
2456 547 7436
2455 548 7435
2454 549 7434
2453 550 7433
2452 551 7432
2451 552 7431
2450 553 7430
2449 554 7429
2448 555 7428
2447 556 7427
2446 557 7426
2445 558 7425
2444 559 7424
2443 560 7423
2442 561 7422
2441 562 7421
2440 563 7420
2439 564 7419
2438 565 7418
2437 566 7417
2436 567 7416
2435 568 7415
2434 569 7414
2433 570 7413
2432 571 7412
2431 572 7411
2430 573 7410
2429 574 7409
2428 575 7408
2427 576 7407
2426 577 7406
2425 578 7405
2424 579 7404
2423 580 7403
2422 581 7402
2421 582 7401
2420 583 7400
2419 584 7399
2418 585 7398
2417 586 7397
2416 587 7396
2415 588 7395
2414 589 7394
2413 590 7393
2412 591 7392
2411 592 7391
2410 593 7390
2409 594 7389
2408 595 7388
2407 596 7387
2406 597 7386
2405 598 7385
2404 599 7384
2403 600 7383
2402 601 7382
2401 602 7381
2400 603 7380
2399 604 7379
2398 605 7378
2397 606 7377
2396 607 7376
2395 608 7375
2394 609 7374
2393 610 7373
2392 611 7372
2391 612 7371
2390 613 7370
2389 614 7369
2388 615 7368
2387 616 7367
2386 617 7366
2385 618 7365
2384 619 7364
2383 620 7363
2382 621 7362
2381 622 7361
2380 623 7360
2379 624 7359
2378 625 7358
2377 626 7357
2376 627 7356
2375 628 7355
2374 629 7354
2373 630 7353
2372 631 7352
2371 632 7351
2370 633 7350
2369 634 7349
2368 635 7348
2367 636 7347
2366 637 7346
2365 638 7345
2364 639 7344
2363 640 7343
2362 641 7342
2361 642 7341
2360 643 7340
2359 644 7339
2358 645 7338
2357 646 7337
2356 647 7336
2355 648 7335
2354 649 7334
2353 650 7333
2352 651 7332
2351 652 7331
2350 653 7330
2349 654 7329
2348 655 7328
2347 656 7327
2346 657 7326
2345 658 7325
2344 659 7324
2343 660 7323
2342 661 7322
2341 662 7321
2340 663 7320
2339 664 7319
2338 665 7318
2337 666 7317
2336 667 7316
2335 668 7315
2334 669 7314
2333 670 7313
2332 671 7312
2331 672 7311
2330 673 7310
2329 674 7309
2328 675 7308
2327 676 7307
2326 677 7306
2325 678 7305
2324 679 7304
2323 680 7303
2322 681 7302
2321 682 7301
2320 683 7300
2319 684 7299
2318 685 7298
2317 686 7297
2316 687 7296
2315 688 7295
2314 689 7294
2313 690 7293
2312 691 7292
2311 692 7291
2310 693 7290
2309 694 7289
2308 695 7288
2307 696 7287
2306 697 7286
2305 698 7285
2304 699 7284
2303 700 7283
2302 701 7282
2301 702 7281
2300 703 7280
2299 704 7279
2298 705 7278
2297 706 7277
2296 707 7276
2295 708 7275
2294 709 7274
2293 710 7273
2292 711 7272
2291 712 7271
2290 713 7270
2289 714 7269
2288 715 7268
2287 716 7267
2286 717 7266
2285 718 7265
2284 719 7264
2283 720 7263
2282 721 7262
2281 722 7261
2280 723 7260
2279 724 7259
2278 725 7258
2277 726 7257
2276 727 7256
2275 728 7255
2274 729 7254
2273 730 7253
2272 731 7252
2271 732 7251
2270 733 7250
2269 734 7249
2268 735 7248
2267 736 7247
2266 737 7246
2265 738 7245
2264 739 7244
2263 740 7243
2262 741 7242
2261 742 7241
2260 743 7240
2259 744 7239
2258 745 7238
2257 746 7237
2256 747 7236
2255 748 7235
2254 749 7234
2253 750 7233
2252 751 7232
2251 752 7231
2250 753 7230
2249 754 7229
2248 755 7228
2247 756 7227
2246 757 7226
2245 758 7225
2244 759 7224
2243 760 7223
2242 761 7222
2241 762 7221
2240 763 7220
2239 764 7219
2238 765 7218
2237 766 7217
2236 767 7216
2235 768 7215
2234 769 7214
2233 770 7213
2232 771 7212
2231 772 7211
2230 773 7210
2229 774 7209
2228 775 7208
2227 776 7207
2226 777 7206
2225 778 7205
2224 779 7204
2223 780 7203
2222 781 7202
2221 782 7201
2220 783 7200
2219 784 7199
2218 785 7198
2217 786 7197
2216 787 7196
2215 788 7195
2214 789 7194
2213 790 7193
2212 791 7192
2211 792 7191
2210 793 7190
2209 794 7189
2208 795 7188
2207 796 7187
2206 797 7186
2205 798 7185
2204 799 7184
2203 800 7183
2202 801 7182
2201 802 7181
2200 803 7180
2199 804 7179
2198 805 7178
2197 806 7177
2196 807 7176
2195 808 7175
2194 809 7174
2193 810 7173
2192 811 7172
2191 812 7171
2190 813 7170
2189 814 7169
2188 815 7168
2187 816 7167
2186 817 7166
2185 818 7165
2184 819 7164
2183 820 7163
2182 821 7162
2181 822 7161
2180 823 7160
2179 824 7159
2178 825 7158
2177 826 7157
2176 827 7156
2175 828 7155
2174 829 7154
2173 830 7153
2172 831 7152
2171 832 7151
2170 833 7150
2169 834 7149
2168 835 7148
2167 836 7147
2166 837 7146
2165 838 7145
2164 839 7144
2163 840 7143
2162 841 7142
2161 842 7141
2160 843 7140
2159 844 7139
2158 845 7138
2157 846 7137
2156 847 7136
2155 848 7135
2154 849 7134
2153 850 7133
2152 851 7132
2151 852 7131
2150 853 7130
2149 854 7129
2148 855 7128
2147 856 7127
2146 857 7126
2145 858 7125
2144 859 7124
2143 860 7123
2142 861 7122
2141 862 7121
2140 863 7120
2139 864 7119
2138 865 7118
2137 866 7117
2136 867 7116
2135 868 7115
2134 869 7114
2133 870 7113
2132 871 7112
2131 872 7111
2130 873 7110
2129 874 7109
2128 875 7108
2127 876 7107
2126 877 7106
2125 878 7105
2124 879 7104
2123 880 7103
2122 881 7102
2121 882 7101
2120 883 7100
2119 884 7099
2118 885 7098
2117 886 7097
2116 887 7096
2115 888 7095
2114 889 7094
2113 890 7093
2112 891 7092
2111 892 7091
2110 893 7090
2109 894 7089
2108 895 7088
2107 896 7087
2106 897 7086
2105 898 7085
2104 899 7084
2103 900 7083
2102 901 7082
2101 902 7081
2100 903 7080
2099 904 7079
2098 905 7078
2097 906 7077
2096 907 7076
2095 908 7075
2094 909 7074
2093 910 7073
2092 911 7072
2091 912 7071
2090 913 7070
2089 914 7069
2088 915 7068
2087 916 7067
2086 917 7066
2085 918 7065
2084 919 7064
2083 920 7063
2082 921 7062
2081 922 7061
2080 923 7060
2079 924 7059
2078 925 7058
2077 926 7057
2076 927 7056
2075 928 7055
2074 929 7054
2073 930 7053
2072 931 7052
2071 932 7051
2070 933 7050
2069 934 7049
2068 935 7048
2067 936 7047
2066 937 7046
2065 938 7045
2064 939 7044
2063 940 7043
2062 941 7042
2061 942 7041
2060 943 7040
2059 944 7039
2058 945 7038
2057 946 7037
2056 947 7036
2055 948 7035
2054 949 7034
2053 950 7033
2052 951 7032
2051 952 7031
2050 953 7030
2049 954 7029
2048 955 7028
2047 956 7027
2046 957 7026
2045 958 7025
2044 959 7024
2043 960 7023
2042 961 7022
2041 962 7021
2040 963 7020
2039 964 7019
2038 965 7018
2037 966 7017
2036 967 7016
2035 968 7015
2034 969 7014
2033 970 7013
2032 971 7012
2031 972 7011
2030 973 7010
2029 974 7009
2028 975 7008
2027 976 7007
2026 977 7006
2025 978 7005
2024 979 7004
2023 980 7003
2022 981 7002
2021 982 7001
2020 983 7000
2019 984 6999
2018 985 6998
2017 986 6997
2016 987 6996
2015 988 6995
2014 989 6994
2013 990 6993
2012 991 6992
2011 992 6991
2010 993 6990
2009 994 6989
2008 995 6988
2007 996 6987
2006 997 6986
2005 998 6985
2004 999 6984
2003 1000 6983
2002 1001 6982
2001 1002 6981
2000 1003 6980
1999 1004 6979
1998 1005 6978
1997 1006 6977
1996 1007 6976
1995 1008 6975
1994 1009 6974
1993 1010 6973
1992 1011 6972
1991 1012 6971
1990 1013 6970
1989 1014 6969
1988 1015 6968
1987 1016 6967
1986 1017 6966
1985 1018 6965
1984 1019 6964
1983 1020 6963
1982 1021 6962
1981 1022 6961
1980 1023 6960
1979 1024 6959
1978 1025 6958
1977 1026 6957
1976 1027 6956
1975 1028 6955
1974 1029 6954
1973 1030 6953
1972 1031 6952
1971 1032 6951
1970 1033 6950
1969 1034 6949
1968 1035 6948
1967 1036 6947
1966 1037 6946
1965 1038 6945
1964 1039 6944
1963 1040 6943
1962 1041 6942
1961 1042 6941
1960 1043 6940
1959 1044 6939
1958 1045 6938
1957 1046 6937
1956 1047 6936
1955 1048 6935
1954 1049 6934
1953 1050 6933
1952 1051 6932
1951 1052 6931
1950 1053 6930
1949 1054 6929
1948 1055 6928
1947 1056 6927
1946 1057 6926
1945 1058 6925
1944 1059 6924
1943 1060 6923
1942 1061 6922
1941 1062 6921
1940 1063 6920
1939 1064 6919
1938 1065 6918
1937 1066 6917
1936 1067 6916
1935 1068 6915
1934 1069 6914
1933 1070 6913
1932 1071 6912
1931 1072 6911
1930 1073 6910
1929 1074 6909
1928 1075 6908
1927 1076 6907
1926 1077 6906
1925 1078 6905
1924 1079 6904
1923 1080 6903
1922 1081 6902
1921 1082 6901
1920 1083 6900
1919 1084 6899
1918 1085 6898
1917 1086 6897
1916 1087 6896
1915 1088 6895
1914 1089 6894
1913 1090 6893
1912 1091 6892
1911 1092 6891
1910 1093 6890
1909 1094 6889
1908 1095 6888
1907 1096 6887
1906 1097 6886
1905 1098 6885
1904 1099 6884
1903 1100 6883
1902 1101 6882
1901 1102 6881
1900 1103 6880
1899 1104 6879
1898 1105 6878
1897 1106 6877
1896 1107 6876
1895 1108 6875
1894 1109 6874
1893 1110 6873
1892 1111 6872
1891 1112 6871
1890 1113 6870
1889 1114 6869
1888 1115 6868
1887 1116 6867
1886 1117 6866
1885 1118 6865
1884 1119 6864
1883 1120 6863
1882 1121 6862
1881 1122 6861
1880 1123 6860
1879 1124 6859
1878 1125 6858
1877 1126 6857
1876 1127 6856
1875 1128 6855
1874 1129 6854
1873 1130 6853
1872 1131 6852
1871 1132 6851
1870 1133 6850
1869 1134 6849
1868 1135 6848
1867 1136 6847
1866 1137 6846
1865 1138 6845
1864 1139 6844
1863 1140 6843
1862 1141 6842
1861 1142 6841
1860 1143 6840
1859 1144 6839
1858 1145 6838
1857 1146 6837
1856 1147 6836
1855 1148 6835
1854 1149 6834
1853 1150 6833
1852 1151 6832
1851 1152 6831
1850 1153 6830
1849 1154 6829
1848 1155 6828
1847 1156 6827
1846 1157 6826
1845 1158 6825
1844 1159 6824
1843 1160 6823
1842 1161 6822
1841 1162 6821
1840 1163 6820
1839 1164 6819
1838 1165 6818
1837 1166 6817
1836 1167 6816
1835 1168 6815
1834 1169 6814
1833 1170 6813
1832 1171 6812
1831 1172 6811
1830 1173 6810
1829 1174 6809
1828 1175 6808
1827 1176 6807
1826 1177 6806
1825 1178 6805
1824 1179 6804
1823 1180 6803
1822 1181 6802
1821 1182 6801
1820 1183 6800
1819 1184 6799
1818 1185 6798
1817 1186 6797
1816 1187 6796
1815 1188 6795
1814 1189 6794
1813 1190 6793
1812 1191 6792
1811 1192 6791
1810 1193 6790
1809 1194 6789
1808 1195 6788
1807 1196 6787
1806 1197 6786
1805 1198 6785
1804 1199 6784
1803 1200 6783
1802 1201 6782
1801 1202 6781
1800 1203 6780
1799 1204 6779
1798 1205 6778
1797 1206 6777
1796 1207 6776
1795 1208 6775
1794 1209 6774
1793 1210 6773
1792 1211 6772
1791 1212 6771
1790 1213 6770
1789 1214 6769
1788 1215 6768
1787 1216 6767
1786 1217 6766
1785 1218 6765
1784 1219 6764
1783 1220 6763
1782 1221 6762
1781 1222 6761
1780 1223 6760
1779 1224 6759
1778 1225 6758
1777 1226 6757
1776 1227 6756
1775 1228 6755
1774 1229 6754
1773 1230 6753
1772 1231 6752
1771 1232 6751
1770 1233 6750
1769 1234 6749
1768 1235 6748
1767 1236 6747
1766 1237 6746
1765 1238 6745
1764 1239 6744
1763 1240 6743
1762 1241 6742
1761 1242 6741
1760 1243 6740
1759 1244 6739
1758 1245 6738
1757 1246 6737
1756 1247 6736
1755 1248 6735
1754 1249 6734
1753 1250 6733
1752 1251 6732
1751 1252 6731
1750 1253 6730
1749 1254 6729
1748 1255 6728
1747 1256 6727
1746 1257 6726
1745 1258 6725
1744 1259 6724
1743 1260 6723
1742 1261 6722
1741 1262 6721
1740 1263 6720
1739 1264 6719
1738 1265 6718
1737 1266 6717
1736 1267 6716
1735 1268 6715
1734 1269 6714
1733 1270 6713
1732 1271 6712
1731 1272 6711
1730 1273 6710
1729 1274 6709
1728 1275 6708
1727 1276 6707
1726 1277 6706
1725 1278 6705
1724 1279 6704
1723 1280 6703
1722 1281 6702
1721 1282 6701
1720 1283 6700
1719 1284 6699
1718 1285 6698
1717 1286 6697
1716 1287 6696
1715 1288 6695
1714 1289 6694
1713 1290 6693
1712 1291 6692
1711 1292 6691
1710 1293 6690
1709 1294 6689
1708 1295 6688
1707 1296 6687
1706 1297 6686
1705 1298 6685
1704 1299 6684
1703 1300 6683
1702 1301 6682
1701 1302 6681
1700 1303 6680
1699 1304 6679
1698 1305 6678
1697 1306 6677
1696 1307 6676
1695 1308 6675
1694 1309 6674
1693 1310 6673
1692 1311 6672
1691 1312 6671
1690 1313 6670
1689 1314 6669
1688 1315 6668
1687 1316 6667
1686 1317 6666
1685 1318 6665
1684 1319 6664
1683 1320 6663
1682 1321 6662
1681 1322 6661
1680 1323 6660
1679 1324 6659
1678 1325 6658
1677 1326 6657
1676 1327 6656
1675 1328 6655
1674 1329 6654
1673 1330 6653
1672 1331 6652
1671 1332 6651
1670 1333 6650
1669 1334 6649
1668 1335 6648
1667 1336 6647
1666 1337 6646
1665 1338 6645
1664 1339 6644
1663 1340 6643
1662 1341 6642
1661 1342 6641
1660 1343 6640
1659 1344 6639
1658 1345 6638
1657 1346 6637
1656 1347 6636
1655 1348 6635
1654 1349 6634
1653 1350 6633
1652 1351 6632
1651 1352 6631
1650 1353 6630
1649 1354 6629
1648 1355 6628
1647 1356 6627
1646 1357 6626
1645 1358 6625
1644 1359 6624
1643 1360 6623
1642 1361 6622
1641 1362 6621
1640 1363 6620
1639 1364 6619
1638 1365 6618
1637 1366 6617
1636 1367 6616
1635 1368 6615
1634 1369 6614
1633 1370 6613
1632 1371 6612
1631 1372 6611
1630 1373 6610
1629 1374 6609
1628 1375 6608
1627 1376 6607
1626 1377 6606
1625 1378 6605
1624 1379 6604
1623 1380 6603
1622 1381 6602
1621 1382 6601
1620 1383 6600
1619 1384 6599
1618 1385 6598
1617 1386 6597
1616 1387 6596
1615 1388 6595
1614 1389 6594
1613 1390 6593
1612 1391 6592
1611 1392 6591
1610 1393 6590
1609 1394 6589
1608 1395 6588
1607 1396 6587
1606 1397 6586
1605 1398 6585
1604 1399 6584
1603 1400 6583
1602 1401 6582
1601 1402 6581
1600 1403 6580
1599 1404 6579
1598 1405 6578
1597 1406 6577
1596 1407 6576
1595 1408 6575
1594 1409 6574
1593 1410 6573
1592 1411 6572
1591 1412 6571
1590 1413 6570
1589 1414 6569
1588 1415 6568
1587 1416 6567
1586 1417 6566
1585 1418 6565
1584 1419 6564
1583 1420 6563
1582 1421 6562
1581 1422 6561
1580 1423 6560
1579 1424 6559
1578 1425 6558
1577 1426 6557
1576 1427 6556
1575 1428 6555
1574 1429 6554
1573 1430 6553
1572 1431 6552
1571 1432 6551
1570 1433 6550
1569 1434 6549
1568 1435 6548
1567 1436 6547
1566 1437 6546
1565 1438 6545
1564 1439 6544
1563 1440 6543
1562 1441 6542
1561 1442 6541
1560 1443 6540
1559 1444 6539
1558 1445 6538
1557 1446 6537
1556 1447 6536
1555 1448 6535
1554 1449 6534
1553 1450 6533
1552 1451 6532
1551 1452 6531
1550 1453 6530
1549 1454 6529
1548 1455 6528
1547 1456 6527
1546 1457 6526
1545 1458 6525
1544 1459 6524
1543 1460 6523
1542 1461 6522
1541 1462 6521
1540 1463 6520
1539 1464 6519
1538 1465 6518
1537 1466 6517
1536 1467 6516
1535 1468 6515
1534 1469 6514
1533 1470 6513
1532 1471 6512
1531 1472 6511
1530 1473 6510
1529 1474 6509
1528 1475 6508
1527 1476 6507
1526 1477 6506
1525 1478 6505
1524 1479 6504
1523 1480 6503
1522 1481 6502
1521 1482 6501
1520 1483 6500
1519 1484 6499
1518 1485 6498
1517 1486 6497
1516 1487 6496
1515 1488 6495
1514 1489 6494
1513 1490 6493
1512 1491 6492
1511 1492 6491
1510 1493 6490
1509 1494 6489
1508 1495 6488
1507 1496 6487
1506 1497 6486
1505 1498 6485
1504 1499 6484
1503 1500 6483
1502 1501 6482
1501 1502 6481
1500 1503 6480
1499 1504 6479
1498 1505 6478
1497 1506 6477
1496 1507 6476
1495 1508 6475
1494 1509 6474
1493 1510 6473
1492 1511 6472
1491 1512 6471
1490 1513 6470
1489 1514 6469
1488 1515 6468
1487 1516 6467
1486 1517 6466
1485 1518 6465
1484 1519 6464
1483 1520 6463
1482 1521 6462
1481 1522 6461
1480 1523 6460
1479 1524 6459
1478 1525 6458
1477 1526 6457
1476 1527 6456
1475 1528 6455
1474 1529 6454
1473 1530 6453
1472 1531 6452
1471 1532 6451
1470 1533 6450
1469 1534 6449
1468 1535 6448
1467 1536 6447
1466 1537 6446
1465 1538 6445
1464 1539 6444
1463 1540 6443
1462 1541 6442
1461 1542 6441
1460 1543 6440
1459 1544 6439
1458 1545 6438
1457 1546 6437
1456 1547 6436
1455 1548 6435
1454 1549 6434
1453 1550 6433
1452 1551 6432
1451 1552 6431
1450 1553 6430
1449 1554 6429
1448 1555 6428
1447 1556 6427
1446 1557 6426
1445 1558 6425
1444 1559 6424
1443 1560 6423
1442 1561 6422
1441 1562 6421
1440 1563 6420
1439 1564 6419
1438 1565 6418
1437 1566 6417
1436 1567 6416
1435 1568 6415
1434 1569 6414
1433 1570 6413
1432 1571 6412
1431 1572 6411
1430 1573 6410
1429 1574 6409
1428 1575 6408
1427 1576 6407
1426 1577 6406
1425 1578 6405
1424 1579 6404
1423 1580 6403
1422 1581 6402
1421 1582 6401
1420 1583 6400
1419 1584 6399
1418 1585 6398
1417 1586 6397
1416 1587 6396
1415 1588 6395
1414 1589 6394
1413 1590 6393
1412 1591 6392
1411 1592 6391
1410 1593 6390
1409 1594 6389
1408 1595 6388
1407 1596 6387
1406 1597 6386
1405 1598 6385
1404 1599 6384
1403 1600 6383
1402 1601 6382
1401 1602 6381
1400 1603 6380
1399 1604 6379
1398 1605 6378
1397 1606 6377
1396 1607 6376
1395 1608 6375
1394 1609 6374
1393 1610 6373
1392 1611 6372
1391 1612 6371
1390 1613 6370
1389 1614 6369
1388 1615 6368
1387 1616 6367
1386 1617 6366
1385 1618 6365
1384 1619 6364
1383 1620 6363
1382 1621 6362
1381 1622 6361
1380 1623 6360
1379 1624 6359
1378 1625 6358
1377 1626 6357
1376 1627 6356
1375 1628 6355
1374 1629 6354
1373 1630 6353
1372 1631 6352
1371 1632 6351
1370 1633 6350
1369 1634 6349
1368 1635 6348
1367 1636 6347
1366 1637 6346
1365 1638 6345
1364 1639 6344
1363 1640 6343
1362 1641 6342
1361 1642 6341
1360 1643 6340
1359 1644 6339
1358 1645 6338
1357 1646 6337
1356 1647 6336
1355 1648 6335
1354 1649 6334
1353 1650 6333
1352 1651 6332
1351 1652 6331
1350 1653 6330
1349 1654 6329
1348 1655 6328
1347 1656 6327
1346 1657 6326
1345 1658 6325
1344 1659 6324
1343 1660 6323
1342 1661 6322
1341 1662 6321
1340 1663 6320
1339 1664 6319
1338 1665 6318
1337 1666 6317
1336 1667 6316
1335 1668 6315
1334 1669 6314
1333 1670 6313
1332 1671 6312
1331 1672 6311
1330 1673 6310
1329 1674 6309
1328 1675 6308
1327 1676 6307
1326 1677 6306
1325 1678 6305
1324 1679 6304
1323 1680 6303
1322 1681 6302
1321 1682 6301
1320 1683 6300
1319 1684 6299
1318 1685 6298
1317 1686 6297
1316 1687 6296
1315 1688 6295
1314 1689 6294
1313 1690 6293
1312 1691 6292
1311 1692 6291
1310 1693 6290
1309 1694 6289
1308 1695 6288
1307 1696 6287
1306 1697 6286
1305 1698 6285
1304 1699 6284
1303 1700 6283
1302 1701 6282
1301 1702 6281
1300 1703 6280
1299 1704 6279
1298 1705 6278
1297 1706 6277
1296 1707 6276
1295 1708 6275
1294 1709 6274
1293 1710 6273
1292 1711 6272
1291 1712 6271
1290 1713 6270
1289 1714 6269
1288 1715 6268
1287 1716 6267
1286 1717 6266
1285 1718 6265
1284 1719 6264
1283 1720 6263
1282 1721 6262
1281 1722 6261
1280 1723 6260
1279 1724 6259
1278 1725 6258
1277 1726 6257
1276 1727 6256
1275 1728 6255
1274 1729 6254
1273 1730 6253
1272 1731 6252
1271 1732 6251
1270 1733 6250
1269 1734 6249
1268 1735 6248
1267 1736 6247
1266 1737 6246
1265 1738 6245
1264 1739 6244
1263 1740 6243
1262 1741 6242
1261 1742 6241
1260 1743 6240
1259 1744 6239
1258 1745 6238
1257 1746 6237
1256 1747 6236
1255 1748 6235
1254 1749 6234
1253 1750 6233
1252 1751 6232
1251 1752 6231
1250 1753 6230
1249 1754 6229
1248 1755 6228
1247 1756 6227
1246 1757 6226
1245 1758 6225
1244 1759 6224
1243 1760 6223
1242 1761 6222
1241 1762 6221
1240 1763 6220
1239 1764 6219
1238 1765 6218
1237 1766 6217
1236 1767 6216
1235 1768 6215
1234 1769 6214
1233 1770 6213
1232 1771 6212
1231 1772 6211
1230 1773 6210
1229 1774 6209
1228 1775 6208
1227 1776 6207
1226 1777 6206
1225 1778 6205
1224 1779 6204
1223 1780 6203
1222 1781 6202
1221 1782 6201
1220 1783 6200
1219 1784 6199
1218 1785 6198
1217 1786 6197
1216 1787 6196
1215 1788 6195
1214 1789 6194
1213 1790 6193
1212 1791 6192
1211 1792 6191
1210 1793 6190
1209 1794 6189
1208 1795 6188
1207 1796 6187
1206 1797 6186
1205 1798 6185
1204 1799 6184
1203 1800 6183
1202 1801 6182
1201 1802 6181
1200 1803 6180
1199 1804 6179
1198 1805 6178
1197 1806 6177
1196 1807 6176
1195 1808 6175
1194 1809 6174
1193 1810 6173
1192 1811 6172
1191 1812 6171
1190 1813 6170
1189 1814 6169
1188 1815 6168
1187 1816 6167
1186 1817 6166
1185 1818 6165
1184 1819 6164
1183 1820 6163
1182 1821 6162
1181 1822 6161
1180 1823 6160
1179 1824 6159
1178 1825 6158
1177 1826 6157
1176 1827 6156
1175 1828 6155
1174 1829 6154
1173 1830 6153
1172 1831 6152
1171 1832 6151
1170 1833 6150
1169 1834 6149
1168 1835 6148
1167 1836 6147
1166 1837 6146
1165 1838 6145
1164 1839 6144
1163 1840 6143
1162 1841 6142
1161 1842 6141
1160 1843 6140
1159 1844 6139
1158 1845 6138
1157 1846 6137
1156 1847 6136
1155 1848 6135
1154 1849 6134
1153 1850 6133
1152 1851 6132
1151 1852 6131
1150 1853 6130
1149 1854 6129
1148 1855 6128
1147 1856 6127
1146 1857 6126
1145 1858 6125
1144 1859 6124
1143 1860 6123
1142 1861 6122
1141 1862 6121
1140 1863 6120
1139 1864 6119
1138 1865 6118
1137 1866 6117
1136 1867 6116
1135 1868 6115
1134 1869 6114
1133 1870 6113
1132 1871 6112
1131 1872 6111
1130 1873 6110
1129 1874 6109
1128 1875 6108
1127 1876 6107
1126 1877 6106
1125 1878 6105
1124 1879 6104
1123 1880 6103
1122 1881 6102
1121 1882 6101
1120 1883 6100
1119 1884 6099
1118 1885 6098
1117 1886 6097
1116 1887 6096
1115 1888 6095
1114 1889 6094
1113 1890 6093
1112 1891 6092
1111 1892 6091
1110 1893 6090
1109 1894 6089
1108 1895 6088
1107 1896 6087
1106 1897 6086
1105 1898 6085
1104 1899 6084
1103 1900 6083
1102 1901 6082
1101 1902 6081
1100 1903 6080
1099 1904 6079
1098 1905 6078
1097 1906 6077
1096 1907 6076
1095 1908 6075
1094 1909 6074
1093 1910 6073
1092 1911 6072
1091 1912 6071
1090 1913 6070
1089 1914 6069
1088 1915 6068
1087 1916 6067
1086 1917 6066
1085 1918 6065
1084 1919 6064
1083 1920 6063
1082 1921 6062
1081 1922 6061
1080 1923 6060
1079 1924 6059
1078 1925 6058
1077 1926 6057
1076 1927 6056
1075 1928 6055
1074 1929 6054
1073 1930 6053
1072 1931 6052
1071 1932 6051
1070 1933 6050
1069 1934 6049
1068 1935 6048
1067 1936 6047
1066 1937 6046
1065 1938 6045
1064 1939 6044
1063 1940 6043
1062 1941 6042
1061 1942 6041
1060 1943 6040
1059 1944 6039
1058 1945 6038
1057 1946 6037
1056 1947 6036
1055 1948 6035
1054 1949 6034
1053 1950 6033
1052 1951 6032
1051 1952 6031
1050 1953 6030
1049 1954 6029
1048 1955 6028
1047 1956 6027
1046 1957 6026
1045 1958 6025
1044 1959 6024
1043 1960 6023
1042 1961 6022
1041 1962 6021
1040 1963 6020
1039 1964 6019
1038 1965 6018
1037 1966 6017
1036 1967 6016
1035 1968 6015
1034 1969 6014
1033 1970 6013
1032 1971 6012
1031 1972 6011
1030 1973 6010
1029 1974 6009
1028 1975 6008
1027 1976 6007
1026 1977 6006
1025 1978 6005
1024 1979 6004
1023 1980 6003
1022 1981 6002
1021 1982 6001
