1952
3000 3 7952
2999 4 7951
2998 5 7950
2997 6 7949
2996 7 7948
2995 8 7947
2994 9 7946
2993 10 7945
2992 11 7944
2991 12 7943
2990 13 7942
2989 14 7941
2988 15 7940
2987 16 7939
2986 17 7938
2985 18 7937
2984 19 7936
2983 20 7935
2982 21 7934
2981 22 7933
2980 23 7932
2979 24 7931
2978 25 7930
2977 26 7929
2976 27 7928
2975 28 7927
2974 29 7926
2973 30 7925
2972 31 7924
2971 32 7923
2970 33 7922
2969 34 7921
2968 35 7920
2967 36 7919
2966 37 7918
2965 38 7917
2964 39 7916
2963 40 7915
2962 41 7914
2961 42 7913
2960 43 7912
2959 44 7911
2958 45 7910
2957 46 7909
2956 47 7908
2955 48 7907
2954 49 7906
2953 50 7905
2952 51 7904
2951 52 7903
2950 53 7902
2949 54 7901
2948 55 7900
2947 56 7899
2946 57 7898
2945 58 7897
2944 59 7896
2943 60 7895
2942 61 7894
2941 62 7893
2940 63 7892
2939 64 7891
2938 65 7890
2937 66 7889
2936 67 7888
2935 68 7887
2934 69 7886
2933 70 7885
2932 71 7884
2931 72 7883
2930 73 7882
2929 74 7881
2928 75 7880
2927 76 7879
2926 77 7878
2925 78 7877
2924 79 7876
2923 80 7875
2922 81 7874
2921 82 7873
2920 83 7872
2919 84 7871
2918 85 7870
2917 86 7869
2916 87 7868
2915 88 7867
2914 89 7866
2913 90 7865
2912 91 7864
2911 92 7863
2910 93 7862
2909 94 7861
2908 95 7860
2907 96 7859
2906 97 7858
2905 98 7857
2904 99 7856
2903 100 7855
2902 101 7854
2901 102 7853
2900 103 7852
2899 104 7851
2898 105 7850
2897 106 7849
2896 107 7848
2895 108 7847
2894 109 7846
2893 110 7845
2892 111 7844
2891 112 7843
2890 113 7842
2889 114 7841
2888 115 7840
2887 116 7839
2886 117 7838
2885 118 7837
2884 119 7836
2883 120 7835
2882 121 7834
2881 122 7833
2880 123 7832
2879 124 7831
2878 125 7830
2877 126 7829
2876 127 7828
2875 128 7827
2874 129 7826
2873 130 7825
2872 131 7824
2871 132 7823
2870 133 7822
2869 134 7821
2868 135 7820
2867 136 7819
2866 137 7818
2865 138 7817
2864 139 7816
2863 140 7815
2862 141 7814
2861 142 7813
2860 143 7812
2859 144 7811
2858 145 7810
2857 146 7809
2856 147 7808
2855 148 7807
2854 149 7806
2853 150 7805
2852 151 7804
2851 152 7803
2850 153 7802
2849 154 7801
2848 155 7800
2847 156 7799
2846 157 7798
2845 158 7797
2844 159 7796
2843 160 7795
2842 161 7794
2841 162 7793
2840 163 7792
2839 164 7791
2838 165 7790
2837 166 7789
2836 167 7788
2835 168 7787
2834 169 7786
2833 170 7785
2832 171 7784
2831 172 7783
2830 173 7782
2829 174 7781
2828 175 7780
2827 176 7779
2826 177 7778
2825 178 7777
2824 179 7776
2823 180 7775
2822 181 7774
2821 182 7773
2820 183 7772
2819 184 7771
2818 185 7770
2817 186 7769
2816 187 7768
2815 188 7767
2814 189 7766
2813 190 7765
2812 191 7764
2811 192 7763
2810 193 7762
2809 194 7761
2808 195 7760
2807 196 7759
2806 197 7758
2805 198 7757
2804 199 7756
2803 200 7755
2802 201 7754
2801 202 7753
2800 203 7752
2799 204 7751
2798 205 7750
2797 206 7749
2796 207 7748
2795 208 7747
2794 209 7746
2793 210 7745
2792 211 7744
2791 212 7743
2790 213 7742
2789 214 7741
2788 215 7740
2787 216 7739
2786 217 7738
2785 218 7737
2784 219 7736
2783 220 7735
2782 221 7734
2781 222 7733
2780 223 7732
2779 224 7731
2778 225 7730
2777 226 7729
2776 227 7728
2775 228 7727
2774 229 7726
2773 230 7725
2772 231 7724
2771 232 7723
2770 233 7722
2769 234 7721
2768 235 7720
2767 236 7719
2766 237 7718
2765 238 7717
2764 239 7716
2763 240 7715
2762 241 7714
2761 242 7713
2760 243 7712
2759 244 7711
2758 245 7710
2757 246 7709
2756 247 7708
2755 248 7707
2754 249 7706
2753 250 7705
2752 251 7704
2751 252 7703
2750 253 7702
2749 254 7701
2748 255 7700
2747 256 7699
2746 257 7698
2745 258 7697
2744 259 7696
2743 260 7695
2742 261 7694
2741 262 7693
2740 263 7692
2739 264 7691
2738 265 7690
2737 266 7689
2736 267 7688
2735 268 7687
2734 269 7686
2733 270 7685
2732 271 7684
2731 272 7683
2730 273 7682
2729 274 7681
2728 275 7680
2727 276 7679
2726 277 7678
2725 278 7677
2724 279 7676
2723 280 7675
2722 281 7674
2721 282 7673
2720 283 7672
2719 284 7671
2718 285 7670
2717 286 7669
2716 287 7668
2715 288 7667
2714 289 7666
2713 290 7665
2712 291 7664
2711 292 7663
2710 293 7662
2709 294 7661
2708 295 7660
2707 296 7659
2706 297 7658
2705 298 7657
2704 299 7656
2703 300 7655
2702 301 7654
2701 302 7653
2700 303 7652
2699 304 7651
2698 305 7650
2697 306 7649
2696 307 7648
2695 308 7647
2694 309 7646
2693 310 7645
2692 311 7644
2691 312 7643
2690 313 7642
2689 314 7641
2688 315 7640
2687 316 7639
2686 317 7638
2685 318 7637
2684 319 7636
2683 320 7635
2682 321 7634
2681 322 7633
2680 323 7632
2679 324 7631
2678 325 7630
2677 326 7629
2676 327 7628
2675 328 7627
2674 329 7626
2673 330 7625
2672 331 7624
2671 332 7623
2670 333 7622
2669 334 7621
2668 335 7620
2667 336 7619
2666 337 7618
2665 338 7617
2664 339 7616
2663 340 7615
2662 341 7614
2661 342 7613
2660 343 7612
2659 344 7611
2658 345 7610
2657 346 7609
2656 347 7608
2655 348 7607
2654 349 7606
2653 350 7605
2652 351 7604
2651 352 7603
2650 353 7602
2649 354 7601
2648 355 7600
2647 356 7599
2646 357 7598
2645 358 7597
2644 359 7596
2643 360 7595
2642 361 7594
2641 362 7593
2640 363 7592
2639 364 7591
2638 365 7590
2637 366 7589
2636 367 7588
2635 368 7587
2634 369 7586
2633 370 7585
2632 371 7584
2631 372 7583
2630 373 7582
2629 374 7581
2628 375 7580
2627 376 7579
2626 377 7578
2625 378 7577
2624 379 7576
2623 380 7575
2622 381 7574
2621 382 7573
2620 383 7572
2619 384 7571
2618 385 7570
2617 386 7569
2616 387 7568
2615 388 7567
2614 389 7566
2613 390 7565
2612 391 7564
2611 392 7563
2610 393 7562
2609 394 7561
2608 395 7560
2607 396 7559
2606 397 7558
2605 398 7557
2604 399 7556
2603 400 7555
2602 401 7554
2601 402 7553
2600 403 7552
2599 404 7551
2598 405 7550
2597 406 7549
2596 407 7548
2595 408 7547
2594 409 7546
2593 410 7545
2592 411 7544
2591 412 7543
2590 413 7542
2589 414 7541
2588 415 7540
2587 416 7539
2586 417 7538
2585 418 7537
2584 419 7536
2583 420 7535
2582 421 7534
2581 422 7533
2580 423 7532
2579 424 7531
2578 425 7530
2577 426 7529
2576 427 7528
2575 428 7527
2574 429 7526
2573 430 7525
2572 431 7524
2571 432 7523
2570 433 7522
2569 434 7521
2568 435 7520
2567 436 7519
2566 437 7518
2565 438 7517
2564 439 7516
2563 440 7515
2562 441 7514
2561 442 7513
2560 443 7512
2559 444 7511
2558 445 7510
2557 446 7509
2556 447 7508
2555 448 7507
2554 449 7506
2553 450 7505
2552 451 7504
2551 452 7503
2550 453 7502
2549 454 7501
2548 455 7500
2547 456 7499
2546 457 7498
2545 458 7497
2544 459 7496
2543 460 7495
2542 461 7494
2541 462 7493
2540 463 7492
2539 464 7491
2538 465 7490
2537 466 7489
2536 467 7488
2535 468 7487
2534 469 7486
2533 470 7485
2532 471 7484
2531 472 7483
2530 473 7482
2529 474 7481
2528 475 7480
2527 476 7479
2526 477 7478
2525 478 7477
2524 479 7476
2523 480 7475
2522 481 7474
2521 482 7473
2520 483 7472
2519 484 7471
2518 485 7470
2517 486 7469
2516 487 7468
2515 488 7467
2514 489 7466
2513 490 7465
2512 491 7464
2511 492 7463
2510 493 7462
2509 494 7461
2508 495 7460
2507 496 7459
2506 497 7458
2505 498 7457
2504 499 7456
2503 500 7455
2502 501 7454
2501 502 7453
2500 503 7452
2499 504 7451
2498 505 7450
2497 506 7449
2496 507 7448
2495 508 7447
2494 509 7446
2493 510 7445
2492 511 7444
2491 512 7443
2490 513 7442
2489 514 7441
2488 515 7440
2487 516 7439
2486 517 7438
2485 518 7437
2484 519 7436
2483 520 7435
2482 521 7434
2481 522 7433
2480 523 7432
2479 524 7431
2478 525 7430
2477 526 7429
2476 527 7428
2475 528 7427
2474 529 7426
2473 530 7425
2472 531 7424
2471 532 7423
2470 533 7422
2469 534 7421
2468 535 7420
2467 536 7419
2466 537 7418
2465 538 7417
2464 539 7416
2463 540 7415
2462 541 7414
2461 542 7413
2460 543 7412
2459 544 7411
2458 545 7410
2457 546 7409
2456 547 7408
2455 548 7407
2454 549 7406
2453 550 7405
2452 551 7404
2451 552 7403
2450 553 7402
2449 554 7401
2448 555 7400
2447 556 7399
2446 557 7398
2445 558 7397
2444 559 7396
2443 560 7395
2442 561 7394
2441 562 7393
2440 563 7392
2439 564 7391
2438 565 7390
2437 566 7389
2436 567 7388
2435 568 7387
2434 569 7386
2433 570 7385
2432 571 7384
2431 572 7383
2430 573 7382
2429 574 7381
2428 575 7380
2427 576 7379
2426 577 7378
2425 578 7377
2424 579 7376
2423 580 7375
2422 581 7374
2421 582 7373
2420 583 7372
2419 584 7371
2418 585 7370
2417 586 7369
2416 587 7368
2415 588 7367
2414 589 7366
2413 590 7365
2412 591 7364
2411 592 7363
2410 593 7362
2409 594 7361
2408 595 7360
2407 596 7359
2406 597 7358
2405 598 7357
2404 599 7356
2403 600 7355
2402 601 7354
2401 602 7353
2400 603 7352
2399 604 7351
2398 605 7350
2397 606 7349
2396 607 7348
2395 608 7347
2394 609 7346
2393 610 7345
2392 611 7344
2391 612 7343
2390 613 7342
2389 614 7341
2388 615 7340
2387 616 7339
2386 617 7338
2385 618 7337
2384 619 7336
2383 620 7335
2382 621 7334
2381 622 7333
2380 623 7332
2379 624 7331
2378 625 7330
2377 626 7329
2376 627 7328
2375 628 7327
2374 629 7326
2373 630 7325
2372 631 7324
2371 632 7323
2370 633 7322
2369 634 7321
2368 635 7320
2367 636 7319
2366 637 7318
2365 638 7317
2364 639 7316
2363 640 7315
2362 641 7314
2361 642 7313
2360 643 7312
2359 644 7311
2358 645 7310
2357 646 7309
2356 647 7308
2355 648 7307
2354 649 7306
2353 650 7305
2352 651 7304
2351 652 7303
2350 653 7302
2349 654 7301
2348 655 7300
2347 656 7299
2346 657 7298
2345 658 7297
2344 659 7296
2343 660 7295
2342 661 7294
2341 662 7293
2340 663 7292
2339 664 7291
2338 665 7290
2337 666 7289
2336 667 7288
2335 668 7287
2334 669 7286
2333 670 7285
2332 671 7284
2331 672 7283
2330 673 7282
2329 674 7281
2328 675 7280
2327 676 7279
2326 677 7278
2325 678 7277
2324 679 7276
2323 680 7275
2322 681 7274
2321 682 7273
2320 683 7272
2319 684 7271
2318 685 7270
2317 686 7269
2316 687 7268
2315 688 7267
2314 689 7266
2313 690 7265
2312 691 7264
2311 692 7263
2310 693 7262
2309 694 7261
2308 695 7260
2307 696 7259
2306 697 7258
2305 698 7257
2304 699 7256
2303 700 7255
2302 701 7254
2301 702 7253
2300 703 7252
2299 704 7251
2298 705 7250
2297 706 7249
2296 707 7248
2295 708 7247
2294 709 7246
2293 710 7245
2292 711 7244
2291 712 7243
2290 713 7242
2289 714 7241
2288 715 7240
2287 716 7239
2286 717 7238
2285 718 7237
2284 719 7236
2283 720 7235
2282 721 7234
2281 722 7233
2280 723 7232
2279 724 7231
2278 725 7230
2277 726 7229
2276 727 7228
2275 728 7227
2274 729 7226
2273 730 7225
2272 731 7224
2271 732 7223
2270 733 7222
2269 734 7221
2268 735 7220
2267 736 7219
2266 737 7218
2265 738 7217
2264 739 7216
2263 740 7215
2262 741 7214
2261 742 7213
2260 743 7212
2259 744 7211
2258 745 7210
2257 746 7209
2256 747 7208
2255 748 7207
2254 749 7206
2253 750 7205
2252 751 7204
2251 752 7203
2250 753 7202
2249 754 7201
2248 755 7200
2247 756 7199
2246 757 7198
2245 758 7197
2244 759 7196
2243 760 7195
2242 761 7194
2241 762 7193
2240 763 7192
2239 764 7191
2238 765 7190
2237 766 7189
2236 767 7188
2235 768 7187
2234 769 7186
2233 770 7185
2232 771 7184
2231 772 7183
2230 773 7182
2229 774 7181
2228 775 7180
2227 776 7179
2226 777 7178
2225 778 7177
2224 779 7176
2223 780 7175
2222 781 7174
2221 782 7173
2220 783 7172
2219 784 7171
2218 785 7170
2217 786 7169
2216 787 7168
2215 788 7167
2214 789 7166
2213 790 7165
2212 791 7164
2211 792 7163
2210 793 7162
2209 794 7161
2208 795 7160
2207 796 7159
2206 797 7158
2205 798 7157
2204 799 7156
2203 800 7155
2202 801 7154
2201 802 7153
2200 803 7152
2199 804 7151
2198 805 7150
2197 806 7149
2196 807 7148
2195 808 7147
2194 809 7146
2193 810 7145
2192 811 7144
2191 812 7143
2190 813 7142
2189 814 7141
2188 815 7140
2187 816 7139
2186 817 7138
2185 818 7137
2184 819 7136
2183 820 7135
2182 821 7134
2181 822 7133
2180 823 7132
2179 824 7131
2178 825 7130
2177 826 7129
2176 827 7128
2175 828 7127
2174 829 7126
2173 830 7125
2172 831 7124
2171 832 7123
2170 833 7122
2169 834 7121
2168 835 7120
2167 836 7119
2166 837 7118
2165 838 7117
2164 839 7116
2163 840 7115
2162 841 7114
2161 842 7113
2160 843 7112
2159 844 7111
2158 845 7110
2157 846 7109
2156 847 7108
2155 848 7107
2154 849 7106
2153 850 7105
2152 851 7104
2151 852 7103
2150 853 7102
2149 854 7101
2148 855 7100
2147 856 7099
2146 857 7098
2145 858 7097
2144 859 7096
2143 860 7095
2142 861 7094
2141 862 7093
2140 863 7092
2139 864 7091
2138 865 7090
2137 866 7089
2136 867 7088
2135 868 7087
2134 869 7086
2133 870 7085
2132 871 7084
2131 872 7083
2130 873 7082
2129 874 7081
2128 875 7080
2127 876 7079
2126 877 7078
2125 878 7077
2124 879 7076
2123 880 7075
2122 881 7074
2121 882 7073
2120 883 7072
2119 884 7071
2118 885 7070
2117 886 7069
2116 887 7068
2115 888 7067
2114 889 7066
2113 890 7065
2112 891 7064
2111 892 7063
2110 893 7062
2109 894 7061
2108 895 7060
2107 896 7059
2106 897 7058
2105 898 7057
2104 899 7056
2103 900 7055
2102 901 7054
2101 902 7053
2100 903 7052
2099 904 7051
2098 905 7050
2097 906 7049
2096 907 7048
2095 908 7047
2094 909 7046
2093 910 7045
2092 911 7044
2091 912 7043
2090 913 7042
2089 914 7041
2088 915 7040
2087 916 7039
2086 917 7038
2085 918 7037
2084 919 7036
2083 920 7035
2082 921 7034
2081 922 7033
2080 923 7032
2079 924 7031
2078 925 7030
2077 926 7029
2076 927 7028
2075 928 7027
2074 929 7026
2073 930 7025
2072 931 7024
2071 932 7023
2070 933 7022
2069 934 7021
2068 935 7020
2067 936 7019
2066 937 7018
2065 938 7017
2064 939 7016
2063 940 7015
2062 941 7014
2061 942 7013
2060 943 7012
2059 944 7011
2058 945 7010
2057 946 7009
2056 947 7008
2055 948 7007
2054 949 7006
2053 950 7005
2052 951 7004
2051 952 7003
2050 953 7002
2049 954 7001
2048 955 7000
2047 956 6999
2046 957 6998
2045 958 6997
2044 959 6996
2043 960 6995
2042 961 6994
2041 962 6993
2040 963 6992
2039 964 6991
2038 965 6990
2037 966 6989
2036 967 6988
2035 968 6987
2034 969 6986
2033 970 6985
2032 971 6984
2031 972 6983
2030 973 6982
2029 974 6981
2028 975 6980
2027 976 6979
2026 977 6978
2025 978 6977
2024 979 6976
2023 980 6975
2022 981 6974
2021 982 6973
2020 983 6972
2019 984 6971
2018 985 6970
2017 986 6969
2016 987 6968
2015 988 6967
2014 989 6966
2013 990 6965
2012 991 6964
2011 992 6963
2010 993 6962
2009 994 6961
2008 995 6960
2007 996 6959
2006 997 6958
2005 998 6957
2004 999 6956
2003 1000 6955
2002 1001 6954
2001 1002 6953
2000 1003 6952
1999 1004 6951
1998 1005 6950
1997 1006 6949
1996 1007 6948
1995 1008 6947
1994 1009 6946
1993 1010 6945
1992 1011 6944
1991 1012 6943
1990 1013 6942
1989 1014 6941
1988 1015 6940
1987 1016 6939
1986 1017 6938
1985 1018 6937
1984 1019 6936
1983 1020 6935
1982 1021 6934
1981 1022 6933
1980 1023 6932
1979 1024 6931
1978 1025 6930
1977 1026 6929
1976 1027 6928
1975 1028 6927
1974 1029 6926
1973 1030 6925
1972 1031 6924
1971 1032 6923
1970 1033 6922
1969 1034 6921
1968 1035 6920
1967 1036 6919
1966 1037 6918
1965 1038 6917
1964 1039 6916
1963 1040 6915
1962 1041 6914
1961 1042 6913
1960 1043 6912
1959 1044 6911
1958 1045 6910
1957 1046 6909
1956 1047 6908
1955 1048 6907
1954 1049 6906
1953 1050 6905
1952 1051 6904
1951 1052 6903
1950 1053 6902
1949 1054 6901
1948 1055 6900
1947 1056 6899
1946 1057 6898
1945 1058 6897
1944 1059 6896
1943 1060 6895
1942 1061 6894
1941 1062 6893
1940 1063 6892
1939 1064 6891
1938 1065 6890
1937 1066 6889
1936 1067 6888
1935 1068 6887
1934 1069 6886
1933 1070 6885
1932 1071 6884
1931 1072 6883
1930 1073 6882
1929 1074 6881
1928 1075 6880
1927 1076 6879
1926 1077 6878
1925 1078 6877
1924 1079 6876
1923 1080 6875
1922 1081 6874
1921 1082 6873
1920 1083 6872
1919 1084 6871
1918 1085 6870
1917 1086 6869
1916 1087 6868
1915 1088 6867
1914 1089 6866
1913 1090 6865
1912 1091 6864
1911 1092 6863
1910 1093 6862
1909 1094 6861
1908 1095 6860
1907 1096 6859
1906 1097 6858
1905 1098 6857
1904 1099 6856
1903 1100 6855
1902 1101 6854
1901 1102 6853
1900 1103 6852
1899 1104 6851
1898 1105 6850
1897 1106 6849
1896 1107 6848
1895 1108 6847
1894 1109 6846
1893 1110 6845
1892 1111 6844
1891 1112 6843
1890 1113 6842
1889 1114 6841
1888 1115 6840
1887 1116 6839
1886 1117 6838
1885 1118 6837
1884 1119 6836
1883 1120 6835
1882 1121 6834
1881 1122 6833
1880 1123 6832
1879 1124 6831
1878 1125 6830
1877 1126 6829
1876 1127 6828
1875 1128 6827
1874 1129 6826
1873 1130 6825
1872 1131 6824
1871 1132 6823
1870 1133 6822
1869 1134 6821
1868 1135 6820
1867 1136 6819
1866 1137 6818
1865 1138 6817
1864 1139 6816
1863 1140 6815
1862 1141 6814
1861 1142 6813
1860 1143 6812
1859 1144 6811
1858 1145 6810
1857 1146 6809
1856 1147 6808
1855 1148 6807
1854 1149 6806
1853 1150 6805
1852 1151 6804
1851 1152 6803
1850 1153 6802
1849 1154 6801
1848 1155 6800
1847 1156 6799
1846 1157 6798
1845 1158 6797
1844 1159 6796
1843 1160 6795
1842 1161 6794
1841 1162 6793
1840 1163 6792
1839 1164 6791
1838 1165 6790
1837 1166 6789
1836 1167 6788
1835 1168 6787
1834 1169 6786
1833 1170 6785
1832 1171 6784
1831 1172 6783
1830 1173 6782
1829 1174 6781
1828 1175 6780
1827 1176 6779
1826 1177 6778
1825 1178 6777
1824 1179 6776
1823 1180 6775
1822 1181 6774
1821 1182 6773
1820 1183 6772
1819 1184 6771
1818 1185 6770
1817 1186 6769
1816 1187 6768
1815 1188 6767
1814 1189 6766
1813 1190 6765
1812 1191 6764
1811 1192 6763
1810 1193 6762
1809 1194 6761
1808 1195 6760
1807 1196 6759
1806 1197 6758
1805 1198 6757
1804 1199 6756
1803 1200 6755
1802 1201 6754
1801 1202 6753
1800 1203 6752
1799 1204 6751
1798 1205 6750
1797 1206 6749
1796 1207 6748
1795 1208 6747
1794 1209 6746
1793 1210 6745
1792 1211 6744
1791 1212 6743
1790 1213 6742
1789 1214 6741
1788 1215 6740
1787 1216 6739
1786 1217 6738
1785 1218 6737
1784 1219 6736
1783 1220 6735
1782 1221 6734
1781 1222 6733
1780 1223 6732
1779 1224 6731
1778 1225 6730
1777 1226 6729
1776 1227 6728
1775 1228 6727
1774 1229 6726
1773 1230 6725
1772 1231 6724
1771 1232 6723
1770 1233 6722
1769 1234 6721
1768 1235 6720
1767 1236 6719
1766 1237 6718
1765 1238 6717
1764 1239 6716
1763 1240 6715
1762 1241 6714
1761 1242 6713
1760 1243 6712
1759 1244 6711
1758 1245 6710
1757 1246 6709
1756 1247 6708
1755 1248 6707
1754 1249 6706
1753 1250 6705
1752 1251 6704
1751 1252 6703
1750 1253 6702
1749 1254 6701
1748 1255 6700
1747 1256 6699
1746 1257 6698
1745 1258 6697
1744 1259 6696
1743 1260 6695
1742 1261 6694
1741 1262 6693
1740 1263 6692
1739 1264 6691
1738 1265 6690
1737 1266 6689
1736 1267 6688
1735 1268 6687
1734 1269 6686
1733 1270 6685
1732 1271 6684
1731 1272 6683
1730 1273 6682
1729 1274 6681
1728 1275 6680
1727 1276 6679
1726 1277 6678
1725 1278 6677
1724 1279 6676
1723 1280 6675
1722 1281 6674
1721 1282 6673
1720 1283 6672
1719 1284 6671
1718 1285 6670
1717 1286 6669
1716 1287 6668
1715 1288 6667
1714 1289 6666
1713 1290 6665
1712 1291 6664
1711 1292 6663
1710 1293 6662
1709 1294 6661
1708 1295 6660
1707 1296 6659
1706 1297 6658
1705 1298 6657
1704 1299 6656
1703 1300 6655
1702 1301 6654
1701 1302 6653
1700 1303 6652
1699 1304 6651
1698 1305 6650
1697 1306 6649
1696 1307 6648
1695 1308 6647
1694 1309 6646
1693 1310 6645
1692 1311 6644
1691 1312 6643
1690 1313 6642
1689 1314 6641
1688 1315 6640
1687 1316 6639
1686 1317 6638
1685 1318 6637
1684 1319 6636
1683 1320 6635
1682 1321 6634
1681 1322 6633
1680 1323 6632
1679 1324 6631
1678 1325 6630
1677 1326 6629
1676 1327 6628
1675 1328 6627
1674 1329 6626
1673 1330 6625
1672 1331 6624
1671 1332 6623
1670 1333 6622
1669 1334 6621
1668 1335 6620
1667 1336 6619
1666 1337 6618
1665 1338 6617
1664 1339 6616
1663 1340 6615
1662 1341 6614
1661 1342 6613
1660 1343 6612
1659 1344 6611
1658 1345 6610
1657 1346 6609
1656 1347 6608
1655 1348 6607
1654 1349 6606
1653 1350 6605
1652 1351 6604
1651 1352 6603
1650 1353 6602
1649 1354 6601
1648 1355 6600
1647 1356 6599
1646 1357 6598
1645 1358 6597
1644 1359 6596
1643 1360 6595
1642 1361 6594
1641 1362 6593
1640 1363 6592
1639 1364 6591
1638 1365 6590
1637 1366 6589
1636 1367 6588
1635 1368 6587
1634 1369 6586
1633 1370 6585
1632 1371 6584
1631 1372 6583
1630 1373 6582
1629 1374 6581
1628 1375 6580
1627 1376 6579
1626 1377 6578
1625 1378 6577
1624 1379 6576
1623 1380 6575
1622 1381 6574
1621 1382 6573
1620 1383 6572
1619 1384 6571
1618 1385 6570
1617 1386 6569
1616 1387 6568
1615 1388 6567
1614 1389 6566
1613 1390 6565
1612 1391 6564
1611 1392 6563
1610 1393 6562
1609 1394 6561
1608 1395 6560
1607 1396 6559
1606 1397 6558
1605 1398 6557
1604 1399 6556
1603 1400 6555
1602 1401 6554
1601 1402 6553
1600 1403 6552
1599 1404 6551
1598 1405 6550
1597 1406 6549
1596 1407 6548
1595 1408 6547
1594 1409 6546
1593 1410 6545
1592 1411 6544
1591 1412 6543
1590 1413 6542
1589 1414 6541
1588 1415 6540
1587 1416 6539
1586 1417 6538
1585 1418 6537
1584 1419 6536
1583 1420 6535
1582 1421 6534
1581 1422 6533
1580 1423 6532
1579 1424 6531
1578 1425 6530
1577 1426 6529
1576 1427 6528
1575 1428 6527
1574 1429 6526
1573 1430 6525
1572 1431 6524
1571 1432 6523
1570 1433 6522
1569 1434 6521
1568 1435 6520
1567 1436 6519
1566 1437 6518
1565 1438 6517
1564 1439 6516
1563 1440 6515
1562 1441 6514
1561 1442 6513
1560 1443 6512
1559 1444 6511
1558 1445 6510
1557 1446 6509
1556 1447 6508
1555 1448 6507
1554 1449 6506
1553 1450 6505
1552 1451 6504
1551 1452 6503
1550 1453 6502
1549 1454 6501
1548 1455 6500
1547 1456 6499
1546 1457 6498
1545 1458 6497
1544 1459 6496
1543 1460 6495
1542 1461 6494
1541 1462 6493
1540 1463 6492
1539 1464 6491
1538 1465 6490
1537 1466 6489
1536 1467 6488
1535 1468 6487
1534 1469 6486
1533 1470 6485
1532 1471 6484
1531 1472 6483
1530 1473 6482
1529 1474 6481
1528 1475 6480
1527 1476 6479
1526 1477 6478
1525 1478 6477
1524 1479 6476
1523 1480 6475
1522 1481 6474
1521 1482 6473
1520 1483 6472
1519 1484 6471
1518 1485 6470
1517 1486 6469
1516 1487 6468
1515 1488 6467
1514 1489 6466
1513 1490 6465
1512 1491 6464
1511 1492 6463
1510 1493 6462
1509 1494 6461
1508 1495 6460
1507 1496 6459
1506 1497 6458
1505 1498 6457
1504 1499 6456
1503 1500 6455
1502 1501 6454
1501 1502 6453
1500 1503 6452
1499 1504 6451
1498 1505 6450
1497 1506 6449
1496 1507 6448
1495 1508 6447
1494 1509 6446
1493 1510 6445
1492 1511 6444
1491 1512 6443
1490 1513 6442
1489 1514 6441
1488 1515 6440
1487 1516 6439
1486 1517 6438
1485 1518 6437
1484 1519 6436
1483 1520 6435
1482 1521 6434
1481 1522 6433
1480 1523 6432
1479 1524 6431
1478 1525 6430
1477 1526 6429
1476 1527 6428
1475 1528 6427
1474 1529 6426
1473 1530 6425
1472 1531 6424
1471 1532 6423
1470 1533 6422
1469 1534 6421
1468 1535 6420
1467 1536 6419
1466 1537 6418
1465 1538 6417
1464 1539 6416
1463 1540 6415
1462 1541 6414
1461 1542 6413
1460 1543 6412
1459 1544 6411
1458 1545 6410
1457 1546 6409
1456 1547 6408
1455 1548 6407
1454 1549 6406
1453 1550 6405
1452 1551 6404
1451 1552 6403
1450 1553 6402
1449 1554 6401
1448 1555 6400
1447 1556 6399
1446 1557 6398
1445 1558 6397
1444 1559 6396
1443 1560 6395
1442 1561 6394
1441 1562 6393
1440 1563 6392
1439 1564 6391
1438 1565 6390
1437 1566 6389
1436 1567 6388
1435 1568 6387
1434 1569 6386
1433 1570 6385
1432 1571 6384
1431 1572 6383
1430 1573 6382
1429 1574 6381
1428 1575 6380
1427 1576 6379
1426 1577 6378
1425 1578 6377
1424 1579 6376
1423 1580 6375
1422 1581 6374
1421 1582 6373
1420 1583 6372
1419 1584 6371
1418 1585 6370
1417 1586 6369
1416 1587 6368
1415 1588 6367
1414 1589 6366
1413 1590 6365
1412 1591 6364
1411 1592 6363
1410 1593 6362
1409 1594 6361
1408 1595 6360
1407 1596 6359
1406 1597 6358
1405 1598 6357
1404 1599 6356
1403 1600 6355
1402 1601 6354
1401 1602 6353
1400 1603 6352
1399 1604 6351
1398 1605 6350
1397 1606 6349
1396 1607 6348
1395 1608 6347
1394 1609 6346
1393 1610 6345
1392 1611 6344
1391 1612 6343
1390 1613 6342
1389 1614 6341
1388 1615 6340
1387 1616 6339
1386 1617 6338
1385 1618 6337
1384 1619 6336
1383 1620 6335
1382 1621 6334
1381 1622 6333
1380 1623 6332
1379 1624 6331
1378 1625 6330
1377 1626 6329
1376 1627 6328
1375 1628 6327
1374 1629 6326
1373 1630 6325
1372 1631 6324
1371 1632 6323
1370 1633 6322
1369 1634 6321
1368 1635 6320
1367 1636 6319
1366 1637 6318
1365 1638 6317
1364 1639 6316
1363 1640 6315
1362 1641 6314
1361 1642 6313
1360 1643 6312
1359 1644 6311
1358 1645 6310
1357 1646 6309
1356 1647 6308
1355 1648 6307
1354 1649 6306
1353 1650 6305
1352 1651 6304
1351 1652 6303
1350 1653 6302
1349 1654 6301
1348 1655 6300
1347 1656 6299
1346 1657 6298
1345 1658 6297
1344 1659 6296
1343 1660 6295
1342 1661 6294
1341 1662 6293
1340 1663 6292
1339 1664 6291
1338 1665 6290
1337 1666 6289
1336 1667 6288
1335 1668 6287
1334 1669 6286
1333 1670 6285
1332 1671 6284
1331 1672 6283
1330 1673 6282
1329 1674 6281
1328 1675 6280
1327 1676 6279
1326 1677 6278
1325 1678 6277
1324 1679 6276
1323 1680 6275
1322 1681 6274
1321 1682 6273
1320 1683 6272
1319 1684 6271
1318 1685 6270
1317 1686 6269
1316 1687 6268
1315 1688 6267
1314 1689 6266
1313 1690 6265
1312 1691 6264
1311 1692 6263
1310 1693 6262
1309 1694 6261
1308 1695 6260
1307 1696 6259
1306 1697 6258
1305 1698 6257
1304 1699 6256
1303 1700 6255
1302 1701 6254
1301 1702 6253
1300 1703 6252
1299 1704 6251
1298 1705 6250
1297 1706 6249
1296 1707 6248
1295 1708 6247
1294 1709 6246
1293 1710 6245
1292 1711 6244
1291 1712 6243
1290 1713 6242
1289 1714 6241
1288 1715 6240
1287 1716 6239
1286 1717 6238
1285 1718 6237
1284 1719 6236
1283 1720 6235
1282 1721 6234
1281 1722 6233
1280 1723 6232
1279 1724 6231
1278 1725 6230
1277 1726 6229
1276 1727 6228
1275 1728 6227
1274 1729 6226
1273 1730 6225
1272 1731 6224
1271 1732 6223
1270 1733 6222
1269 1734 6221
1268 1735 6220
1267 1736 6219
1266 1737 6218
1265 1738 6217
1264 1739 6216
1263 1740 6215
1262 1741 6214
1261 1742 6213
1260 1743 6212
1259 1744 6211
1258 1745 6210
1257 1746 6209
1256 1747 6208
1255 1748 6207
1254 1749 6206
1253 1750 6205
1252 1751 6204
1251 1752 6203
1250 1753 6202
1249 1754 6201
1248 1755 6200
1247 1756 6199
1246 1757 6198
1245 1758 6197
1244 1759 6196
1243 1760 6195
1242 1761 6194
1241 1762 6193
1240 1763 6192
1239 1764 6191
1238 1765 6190
1237 1766 6189
1236 1767 6188
1235 1768 6187
1234 1769 6186
1233 1770 6185
1232 1771 6184
1231 1772 6183
1230 1773 6182
1229 1774 6181
1228 1775 6180
1227 1776 6179
1226 1777 6178
1225 1778 6177
1224 1779 6176
1223 1780 6175
1222 1781 6174
1221 1782 6173
1220 1783 6172
1219 1784 6171
1218 1785 6170
1217 1786 6169
1216 1787 6168
1215 1788 6167
1214 1789 6166
1213 1790 6165
1212 1791 6164
1211 1792 6163
1210 1793 6162
1209 1794 6161
1208 1795 6160
1207 1796 6159
1206 1797 6158
1205 1798 6157
1204 1799 6156
1203 1800 6155
1202 1801 6154
1201 1802 6153
1200 1803 6152
1199 1804 6151
1198 1805 6150
1197 1806 6149
1196 1807 6148
1195 1808 6147
1194 1809 6146
1193 1810 6145
1192 1811 6144
1191 1812 6143
1190 1813 6142
1189 1814 6141
1188 1815 6140
1187 1816 6139
1186 1817 6138
1185 1818 6137
1184 1819 6136
1183 1820 6135
1182 1821 6134
1181 1822 6133
1180 1823 6132
1179 1824 6131
1178 1825 6130
1177 1826 6129
1176 1827 6128
1175 1828 6127
1174 1829 6126
1173 1830 6125
1172 1831 6124
1171 1832 6123
1170 1833 6122
1169 1834 6121
1168 1835 6120
1167 1836 6119
1166 1837 6118
1165 1838 6117
1164 1839 6116
1163 1840 6115
1162 1841 6114
1161 1842 6113
1160 1843 6112
1159 1844 6111
1158 1845 6110
1157 1846 6109
1156 1847 6108
1155 1848 6107
1154 1849 6106
1153 1850 6105
1152 1851 6104
1151 1852 6103
1150 1853 6102
1149 1854 6101
1148 1855 6100
1147 1856 6099
1146 1857 6098
1145 1858 6097
1144 1859 6096
1143 1860 6095
1142 1861 6094
1141 1862 6093
1140 1863 6092
1139 1864 6091
1138 1865 6090
1137 1866 6089
1136 1867 6088
1135 1868 6087
1134 1869 6086
1133 1870 6085
1132 1871 6084
1131 1872 6083
1130 1873 6082
1129 1874 6081
1128 1875 6080
1127 1876 6079
1126 1877 6078
1125 1878 6077
1124 1879 6076
1123 1880 6075
1122 1881 6074
1121 1882 6073
1120 1883 6072
1119 1884 6071
1118 1885 6070
1117 1886 6069
1116 1887 6068
1115 1888 6067
1114 1889 6066
1113 1890 6065
1112 1891 6064
1111 1892 6063
1110 1893 6062
1109 1894 6061
1108 1895 6060
1107 1896 6059
1106 1897 6058
1105 1898 6057
1104 1899 6056
1103 1900 6055
1102 1901 6054
1101 1902 6053
1100 1903 6052
1099 1904 6051
1098 1905 6050
1097 1906 6049
1096 1907 6048
1095 1908 6047
1094 1909 6046
1093 1910 6045
1092 1911 6044
1091 1912 6043
1090 1913 6042
1089 1914 6041
1088 1915 6040
1087 1916 6039
1086 1917 6038
1085 1918 6037
1084 1919 6036
1083 1920 6035
1082 1921 6034
1081 1922 6033
1080 1923 6032
1079 1924 6031
1078 1925 6030
1077 1926 6029
1076 1927 6028
1075 1928 6027
1074 1929 6026
1073 1930 6025
1072 1931 6024
1071 1932 6023
1070 1933 6022
1069 1934 6021
1068 1935 6020
1067 1936 6019
1066 1937 6018
1065 1938 6017
1064 1939 6016
1063 1940 6015
1062 1941 6014
1061 1942 6013
1060 1943 6012
1059 1944 6011
1058 1945 6010
1057 1946 6009
1056 1947 6008
1055 1948 6007
1054 1949 6006
1053 1950 6005
1052 1951 6004
1051 1952 6003
1050 1953 6002
1049 1954 6001
