2669
3000 3 8669
2999 4 8668
2998 5 8667
2997 6 8666
2996 7 8665
2995 8 8664
2994 9 8663
2993 10 8662
2992 11 8661
2991 12 8660
2990 13 8659
2989 14 8658
2988 15 8657
2987 16 8656
2986 17 8655
2985 18 8654
2984 19 8653
2983 20 8652
2982 21 8651
2981 22 8650
2980 23 8649
2979 24 8648
2978 25 8647
2977 26 8646
2976 27 8645
2975 28 8644
2974 29 8643
2973 30 8642
2972 31 8641
2971 32 8640
2970 33 8639
2969 34 8638
2968 35 8637
2967 36 8636
2966 37 8635
2965 38 8634
2964 39 8633
2963 40 8632
2962 41 8631
2961 42 8630
2960 43 8629
2959 44 8628
2958 45 8627
2957 46 8626
2956 47 8625
2955 48 8624
2954 49 8623
2953 50 8622
2952 51 8621
2951 52 8620
2950 53 8619
2949 54 8618
2948 55 8617
2947 56 8616
2946 57 8615
2945 58 8614
2944 59 8613
2943 60 8612
2942 61 8611
2941 62 8610
2940 63 8609
2939 64 8608
2938 65 8607
2937 66 8606
2936 67 8605
2935 68 8604
2934 69 8603
2933 70 8602
2932 71 8601
2931 72 8600
2930 73 8599
2929 74 8598
2928 75 8597
2927 76 8596
2926 77 8595
2925 78 8594
2924 79 8593
2923 80 8592
2922 81 8591
2921 82 8590
2920 83 8589
2919 84 8588
2918 85 8587
2917 86 8586
2916 87 8585
2915 88 8584
2914 89 8583
2913 90 8582
2912 91 8581
2911 92 8580
2910 93 8579
2909 94 8578
2908 95 8577
2907 96 8576
2906 97 8575
2905 98 8574
2904 99 8573
2903 100 8572
2902 101 8571
2901 102 8570
2900 103 8569
2899 104 8568
2898 105 8567
2897 106 8566
2896 107 8565
2895 108 8564
2894 109 8563
2893 110 8562
2892 111 8561
2891 112 8560
2890 113 8559
2889 114 8558
2888 115 8557
2887 116 8556
2886 117 8555
2885 118 8554
2884 119 8553
2883 120 8552
2882 121 8551
2881 122 8550
2880 123 8549
2879 124 8548
2878 125 8547
2877 126 8546
2876 127 8545
2875 128 8544
2874 129 8543
2873 130 8542
2872 131 8541
2871 132 8540
2870 133 8539
2869 134 8538
2868 135 8537
2867 136 8536
2866 137 8535
2865 138 8534
2864 139 8533
2863 140 8532
2862 141 8531
2861 142 8530
2860 143 8529
2859 144 8528
2858 145 8527
2857 146 8526
2856 147 8525
2855 148 8524
2854 149 8523
2853 150 8522
2852 151 8521
2851 152 8520
2850 153 8519
2849 154 8518
2848 155 8517
2847 156 8516
2846 157 8515
2845 158 8514
2844 159 8513
2843 160 8512
2842 161 8511
2841 162 8510
2840 163 8509
2839 164 8508
2838 165 8507
2837 166 8506
2836 167 8505
2835 168 8504
2834 169 8503
2833 170 8502
2832 171 8501
2831 172 8500
2830 173 8499
2829 174 8498
2828 175 8497
2827 176 8496
2826 177 8495
2825 178 8494
2824 179 8493
2823 180 8492
2822 181 8491
2821 182 8490
2820 183 8489
2819 184 8488
2818 185 8487
2817 186 8486
2816 187 8485
2815 188 8484
2814 189 8483
2813 190 8482
2812 191 8481
2811 192 8480
2810 193 8479
2809 194 8478
2808 195 8477
2807 196 8476
2806 197 8475
2805 198 8474
2804 199 8473
2803 200 8472
2802 201 8471
2801 202 8470
2800 203 8469
2799 204 8468
2798 205 8467
2797 206 8466
2796 207 8465
2795 208 8464
2794 209 8463
2793 210 8462
2792 211 8461
2791 212 8460
2790 213 8459
2789 214 8458
2788 215 8457
2787 216 8456
2786 217 8455
2785 218 8454
2784 219 8453
2783 220 8452
2782 221 8451
2781 222 8450
2780 223 8449
2779 224 8448
2778 225 8447
2777 226 8446
2776 227 8445
2775 228 8444
2774 229 8443
2773 230 8442
2772 231 8441
2771 232 8440
2770 233 8439
2769 234 8438
2768 235 8437
2767 236 8436
2766 237 8435
2765 238 8434
2764 239 8433
2763 240 8432
2762 241 8431
2761 242 8430
2760 243 8429
2759 244 8428
2758 245 8427
2757 246 8426
2756 247 8425
2755 248 8424
2754 249 8423
2753 250 8422
2752 251 8421
2751 252 8420
2750 253 8419
2749 254 8418
2748 255 8417
2747 256 8416
2746 257 8415
2745 258 8414
2744 259 8413
2743 260 8412
2742 261 8411
2741 262 8410
2740 263 8409
2739 264 8408
2738 265 8407
2737 266 8406
2736 267 8405
2735 268 8404
2734 269 8403
2733 270 8402
2732 271 8401
2731 272 8400
2730 273 8399
2729 274 8398
2728 275 8397
2727 276 8396
2726 277 8395
2725 278 8394
2724 279 8393
2723 280 8392
2722 281 8391
2721 282 8390
2720 283 8389
2719 284 8388
2718 285 8387
2717 286 8386
2716 287 8385
2715 288 8384
2714 289 8383
2713 290 8382
2712 291 8381
2711 292 8380
2710 293 8379
2709 294 8378
2708 295 8377
2707 296 8376
2706 297 8375
2705 298 8374
2704 299 8373
2703 300 8372
2702 301 8371
2701 302 8370
2700 303 8369
2699 304 8368
2698 305 8367
2697 306 8366
2696 307 8365
2695 308 8364
2694 309 8363
2693 310 8362
2692 311 8361
2691 312 8360
2690 313 8359
2689 314 8358
2688 315 8357
2687 316 8356
2686 317 8355
2685 318 8354
2684 319 8353
2683 320 8352
2682 321 8351
2681 322 8350
2680 323 8349
2679 324 8348
2678 325 8347
2677 326 8346
2676 327 8345
2675 328 8344
2674 329 8343
2673 330 8342
2672 331 8341
2671 332 8340
2670 333 8339
2669 334 8338
2668 335 8337
2667 336 8336
2666 337 8335
2665 338 8334
2664 339 8333
2663 340 8332
2662 341 8331
2661 342 8330
2660 343 8329
2659 344 8328
2658 345 8327
2657 346 8326
2656 347 8325
2655 348 8324
2654 349 8323
2653 350 8322
2652 351 8321
2651 352 8320
2650 353 8319
2649 354 8318
2648 355 8317
2647 356 8316
2646 357 8315
2645 358 8314
2644 359 8313
2643 360 8312
2642 361 8311
2641 362 8310
2640 363 8309
2639 364 8308
2638 365 8307
2637 366 8306
2636 367 8305
2635 368 8304
2634 369 8303
2633 370 8302
2632 371 8301
2631 372 8300
2630 373 8299
2629 374 8298
2628 375 8297
2627 376 8296
2626 377 8295
2625 378 8294
2624 379 8293
2623 380 8292
2622 381 8291
2621 382 8290
2620 383 8289
2619 384 8288
2618 385 8287
2617 386 8286
2616 387 8285
2615 388 8284
2614 389 8283
2613 390 8282
2612 391 8281
2611 392 8280
2610 393 8279
2609 394 8278
2608 395 8277
2607 396 8276
2606 397 8275
2605 398 8274
2604 399 8273
2603 400 8272
2602 401 8271
2601 402 8270
2600 403 8269
2599 404 8268
2598 405 8267
2597 406 8266
2596 407 8265
2595 408 8264
2594 409 8263
2593 410 8262
2592 411 8261
2591 412 8260
2590 413 8259
2589 414 8258
2588 415 8257
2587 416 8256
2586 417 8255
2585 418 8254
2584 419 8253
2583 420 8252
2582 421 8251
2581 422 8250
2580 423 8249
2579 424 8248
2578 425 8247
2577 426 8246
2576 427 8245
2575 428 8244
2574 429 8243
2573 430 8242
2572 431 8241
2571 432 8240
2570 433 8239
2569 434 8238
2568 435 8237
2567 436 8236
2566 437 8235
2565 438 8234
2564 439 8233
2563 440 8232
2562 441 8231
2561 442 8230
2560 443 8229
2559 444 8228
2558 445 8227
2557 446 8226
2556 447 8225
2555 448 8224
2554 449 8223
2553 450 8222
2552 451 8221
2551 452 8220
2550 453 8219
2549 454 8218
2548 455 8217
2547 456 8216
2546 457 8215
2545 458 8214
2544 459 8213
2543 460 8212
2542 461 8211
2541 462 8210
2540 463 8209
2539 464 8208
2538 465 8207
2537 466 8206
2536 467 8205
2535 468 8204
2534 469 8203
2533 470 8202
2532 471 8201
2531 472 8200
2530 473 8199
2529 474 8198
2528 475 8197
2527 476 8196
2526 477 8195
2525 478 8194
2524 479 8193
2523 480 8192
2522 481 8191
2521 482 8190
2520 483 8189
2519 484 8188
2518 485 8187
2517 486 8186
2516 487 8185
2515 488 8184
2514 489 8183
2513 490 8182
2512 491 8181
2511 492 8180
2510 493 8179
2509 494 8178
2508 495 8177
2507 496 8176
2506 497 8175
2505 498 8174
2504 499 8173
2503 500 8172
2502 501 8171
2501 502 8170
2500 503 8169
2499 504 8168
2498 505 8167
2497 506 8166
2496 507 8165
2495 508 8164
2494 509 8163
2493 510 8162
2492 511 8161
2491 512 8160
2490 513 8159
2489 514 8158
2488 515 8157
2487 516 8156
2486 517 8155
2485 518 8154
2484 519 8153
2483 520 8152
2482 521 8151
2481 522 8150
2480 523 8149
2479 524 8148
2478 525 8147
2477 526 8146
2476 527 8145
2475 528 8144
2474 529 8143
2473 530 8142
2472 531 8141
2471 532 8140
2470 533 8139
2469 534 8138
2468 535 8137
2467 536 8136
2466 537 8135
2465 538 8134
2464 539 8133
2463 540 8132
2462 541 8131
2461 542 8130
2460 543 8129
2459 544 8128
2458 545 8127
2457 546 8126
2456 547 8125
2455 548 8124
2454 549 8123
2453 550 8122
2452 551 8121
2451 552 8120
2450 553 8119
2449 554 8118
2448 555 8117
2447 556 8116
2446 557 8115
2445 558 8114
2444 559 8113
2443 560 8112
2442 561 8111
2441 562 8110
2440 563 8109
2439 564 8108
2438 565 8107
2437 566 8106
2436 567 8105
2435 568 8104
2434 569 8103
2433 570 8102
2432 571 8101
2431 572 8100
2430 573 8099
2429 574 8098
2428 575 8097
2427 576 8096
2426 577 8095
2425 578 8094
2424 579 8093
2423 580 8092
2422 581 8091
2421 582 8090
2420 583 8089
2419 584 8088
2418 585 8087
2417 586 8086
2416 587 8085
2415 588 8084
2414 589 8083
2413 590 8082
2412 591 8081
2411 592 8080
2410 593 8079
2409 594 8078
2408 595 8077
2407 596 8076
2406 597 8075
2405 598 8074
2404 599 8073
2403 600 8072
2402 601 8071
2401 602 8070
2400 603 8069
2399 604 8068
2398 605 8067
2397 606 8066
2396 607 8065
2395 608 8064
2394 609 8063
2393 610 8062
2392 611 8061
2391 612 8060
2390 613 8059
2389 614 8058
2388 615 8057
2387 616 8056
2386 617 8055
2385 618 8054
2384 619 8053
2383 620 8052
2382 621 8051
2381 622 8050
2380 623 8049
2379 624 8048
2378 625 8047
2377 626 8046
2376 627 8045
2375 628 8044
2374 629 8043
2373 630 8042
2372 631 8041
2371 632 8040
2370 633 8039
2369 634 8038
2368 635 8037
2367 636 8036
2366 637 8035
2365 638 8034
2364 639 8033
2363 640 8032
2362 641 8031
2361 642 8030
2360 643 8029
2359 644 8028
2358 645 8027
2357 646 8026
2356 647 8025
2355 648 8024
2354 649 8023
2353 650 8022
2352 651 8021
2351 652 8020
2350 653 8019
2349 654 8018
2348 655 8017
2347 656 8016
2346 657 8015
2345 658 8014
2344 659 8013
2343 660 8012
2342 661 8011
2341 662 8010
2340 663 8009
2339 664 8008
2338 665 8007
2337 666 8006
2336 667 8005
2335 668 8004
2334 669 8003
2333 670 8002
2332 671 8001
2331 672 8000
2330 673 7999
2329 674 7998
2328 675 7997
2327 676 7996
2326 677 7995
2325 678 7994
2324 679 7993
2323 680 7992
2322 681 7991
2321 682 7990
2320 683 7989
2319 684 7988
2318 685 7987
2317 686 7986
2316 687 7985
2315 688 7984
2314 689 7983
2313 690 7982
2312 691 7981
2311 692 7980
2310 693 7979
2309 694 7978
2308 695 7977
2307 696 7976
2306 697 7975
2305 698 7974
2304 699 7973
2303 700 7972
2302 701 7971
2301 702 7970
2300 703 7969
2299 704 7968
2298 705 7967
2297 706 7966
2296 707 7965
2295 708 7964
2294 709 7963
2293 710 7962
2292 711 7961
2291 712 7960
2290 713 7959
2289 714 7958
2288 715 7957
2287 716 7956
2286 717 7955
2285 718 7954
2284 719 7953
2283 720 7952
2282 721 7951
2281 722 7950
2280 723 7949
2279 724 7948
2278 725 7947
2277 726 7946
2276 727 7945
2275 728 7944
2274 729 7943
2273 730 7942
2272 731 7941
2271 732 7940
2270 733 7939
2269 734 7938
2268 735 7937
2267 736 7936
2266 737 7935
2265 738 7934
2264 739 7933
2263 740 7932
2262 741 7931
2261 742 7930
2260 743 7929
2259 744 7928
2258 745 7927
2257 746 7926
2256 747 7925
2255 748 7924
2254 749 7923
2253 750 7922
2252 751 7921
2251 752 7920
2250 753 7919
2249 754 7918
2248 755 7917
2247 756 7916
2246 757 7915
2245 758 7914
2244 759 7913
2243 760 7912
2242 761 7911
2241 762 7910
2240 763 7909
2239 764 7908
2238 765 7907
2237 766 7906
2236 767 7905
2235 768 7904
2234 769 7903
2233 770 7902
2232 771 7901
2231 772 7900
2230 773 7899
2229 774 7898
2228 775 7897
2227 776 7896
2226 777 7895
2225 778 7894
2224 779 7893
2223 780 7892
2222 781 7891
2221 782 7890
2220 783 7889
2219 784 7888
2218 785 7887
2217 786 7886
2216 787 7885
2215 788 7884
2214 789 7883
2213 790 7882
2212 791 7881
2211 792 7880
2210 793 7879
2209 794 7878
2208 795 7877
2207 796 7876
2206 797 7875
2205 798 7874
2204 799 7873
2203 800 7872
2202 801 7871
2201 802 7870
2200 803 7869
2199 804 7868
2198 805 7867
2197 806 7866
2196 807 7865
2195 808 7864
2194 809 7863
2193 810 7862
2192 811 7861
2191 812 7860
2190 813 7859
2189 814 7858
2188 815 7857
2187 816 7856
2186 817 7855
2185 818 7854
2184 819 7853
2183 820 7852
2182 821 7851
2181 822 7850
2180 823 7849
2179 824 7848
2178 825 7847
2177 826 7846
2176 827 7845
2175 828 7844
2174 829 7843
2173 830 7842
2172 831 7841
2171 832 7840
2170 833 7839
2169 834 7838
2168 835 7837
2167 836 7836
2166 837 7835
2165 838 7834
2164 839 7833
2163 840 7832
2162 841 7831
2161 842 7830
2160 843 7829
2159 844 7828
2158 845 7827
2157 846 7826
2156 847 7825
2155 848 7824
2154 849 7823
2153 850 7822
2152 851 7821
2151 852 7820
2150 853 7819
2149 854 7818
2148 855 7817
2147 856 7816
2146 857 7815
2145 858 7814
2144 859 7813
2143 860 7812
2142 861 7811
2141 862 7810
2140 863 7809
2139 864 7808
2138 865 7807
2137 866 7806
2136 867 7805
2135 868 7804
2134 869 7803
2133 870 7802
2132 871 7801
2131 872 7800
2130 873 7799
2129 874 7798
2128 875 7797
2127 876 7796
2126 877 7795
2125 878 7794
2124 879 7793
2123 880 7792
2122 881 7791
2121 882 7790
2120 883 7789
2119 884 7788
2118 885 7787
2117 886 7786
2116 887 7785
2115 888 7784
2114 889 7783
2113 890 7782
2112 891 7781
2111 892 7780
2110 893 7779
2109 894 7778
2108 895 7777
2107 896 7776
2106 897 7775
2105 898 7774
2104 899 7773
2103 900 7772
2102 901 7771
2101 902 7770
2100 903 7769
2099 904 7768
2098 905 7767
2097 906 7766
2096 907 7765
2095 908 7764
2094 909 7763
2093 910 7762
2092 911 7761
2091 912 7760
2090 913 7759
2089 914 7758
2088 915 7757
2087 916 7756
2086 917 7755
2085 918 7754
2084 919 7753
2083 920 7752
2082 921 7751
2081 922 7750
2080 923 7749
2079 924 7748
2078 925 7747
2077 926 7746
2076 927 7745
2075 928 7744
2074 929 7743
2073 930 7742
2072 931 7741
2071 932 7740
2070 933 7739
2069 934 7738
2068 935 7737
2067 936 7736
2066 937 7735
2065 938 7734
2064 939 7733
2063 940 7732
2062 941 7731
2061 942 7730
2060 943 7729
2059 944 7728
2058 945 7727
2057 946 7726
2056 947 7725
2055 948 7724
2054 949 7723
2053 950 7722
2052 951 7721
2051 952 7720
2050 953 7719
2049 954 7718
2048 955 7717
2047 956 7716
2046 957 7715
2045 958 7714
2044 959 7713
2043 960 7712
2042 961 7711
2041 962 7710
2040 963 7709
2039 964 7708
2038 965 7707
2037 966 7706
2036 967 7705
2035 968 7704
2034 969 7703
2033 970 7702
2032 971 7701
2031 972 7700
2030 973 7699
2029 974 7698
2028 975 7697
2027 976 7696
2026 977 7695
2025 978 7694
2024 979 7693
2023 980 7692
2022 981 7691
2021 982 7690
2020 983 7689
2019 984 7688
2018 985 7687
2017 986 7686
2016 987 7685
2015 988 7684
2014 989 7683
2013 990 7682
2012 991 7681
2011 992 7680
2010 993 7679
2009 994 7678
2008 995 7677
2007 996 7676
2006 997 7675
2005 998 7674
2004 999 7673
2003 1000 7672
2002 1001 7671
2001 1002 7670
2000 1003 7669
1999 1004 7668
1998 1005 7667
1997 1006 7666
1996 1007 7665
1995 1008 7664
1994 1009 7663
1993 1010 7662
1992 1011 7661
1991 1012 7660
1990 1013 7659
1989 1014 7658
1988 1015 7657
1987 1016 7656
1986 1017 7655
1985 1018 7654
1984 1019 7653
1983 1020 7652
1982 1021 7651
1981 1022 7650
1980 1023 7649
1979 1024 7648
1978 1025 7647
1977 1026 7646
1976 1027 7645
1975 1028 7644
1974 1029 7643
1973 1030 7642
1972 1031 7641
1971 1032 7640
1970 1033 7639
1969 1034 7638
1968 1035 7637
1967 1036 7636
1966 1037 7635
1965 1038 7634
1964 1039 7633
1963 1040 7632
1962 1041 7631
1961 1042 7630
1960 1043 7629
1959 1044 7628
1958 1045 7627
1957 1046 7626
1956 1047 7625
1955 1048 7624
1954 1049 7623
1953 1050 7622
1952 1051 7621
1951 1052 7620
1950 1053 7619
1949 1054 7618
1948 1055 7617
1947 1056 7616
1946 1057 7615
1945 1058 7614
1944 1059 7613
1943 1060 7612
1942 1061 7611
1941 1062 7610
1940 1063 7609
1939 1064 7608
1938 1065 7607
1937 1066 7606
1936 1067 7605
1935 1068 7604
1934 1069 7603
1933 1070 7602
1932 1071 7601
1931 1072 7600
1930 1073 7599
1929 1074 7598
1928 1075 7597
1927 1076 7596
1926 1077 7595
1925 1078 7594
1924 1079 7593
1923 1080 7592
1922 1081 7591
1921 1082 7590
1920 1083 7589
1919 1084 7588
1918 1085 7587
1917 1086 7586
1916 1087 7585
1915 1088 7584
1914 1089 7583
1913 1090 7582
1912 1091 7581
1911 1092 7580
1910 1093 7579
1909 1094 7578
1908 1095 7577
1907 1096 7576
1906 1097 7575
1905 1098 7574
1904 1099 7573
1903 1100 7572
1902 1101 7571
1901 1102 7570
1900 1103 7569
1899 1104 7568
1898 1105 7567
1897 1106 7566
1896 1107 7565
1895 1108 7564
1894 1109 7563
1893 1110 7562
1892 1111 7561
1891 1112 7560
1890 1113 7559
1889 1114 7558
1888 1115 7557
1887 1116 7556
1886 1117 7555
1885 1118 7554
1884 1119 7553
1883 1120 7552
1882 1121 7551
1881 1122 7550
1880 1123 7549
1879 1124 7548
1878 1125 7547
1877 1126 7546
1876 1127 7545
1875 1128 7544
1874 1129 7543
1873 1130 7542
1872 1131 7541
1871 1132 7540
1870 1133 7539
1869 1134 7538
1868 1135 7537
1867 1136 7536
1866 1137 7535
1865 1138 7534
1864 1139 7533
1863 1140 7532
1862 1141 7531
1861 1142 7530
1860 1143 7529
1859 1144 7528
1858 1145 7527
1857 1146 7526
1856 1147 7525
1855 1148 7524
1854 1149 7523
1853 1150 7522
1852 1151 7521
1851 1152 7520
1850 1153 7519
1849 1154 7518
1848 1155 7517
1847 1156 7516
1846 1157 7515
1845 1158 7514
1844 1159 7513
1843 1160 7512
1842 1161 7511
1841 1162 7510
1840 1163 7509
1839 1164 7508
1838 1165 7507
1837 1166 7506
1836 1167 7505
1835 1168 7504
1834 1169 7503
1833 1170 7502
1832 1171 7501
1831 1172 7500
1830 1173 7499
1829 1174 7498
1828 1175 7497
1827 1176 7496
1826 1177 7495
1825 1178 7494
1824 1179 7493
1823 1180 7492
1822 1181 7491
1821 1182 7490
1820 1183 7489
1819 1184 7488
1818 1185 7487
1817 1186 7486
1816 1187 7485
1815 1188 7484
1814 1189 7483
1813 1190 7482
1812 1191 7481
1811 1192 7480
1810 1193 7479
1809 1194 7478
1808 1195 7477
1807 1196 7476
1806 1197 7475
1805 1198 7474
1804 1199 7473
1803 1200 7472
1802 1201 7471
1801 1202 7470
1800 1203 7469
1799 1204 7468
1798 1205 7467
1797 1206 7466
1796 1207 7465
1795 1208 7464
1794 1209 7463
1793 1210 7462
1792 1211 7461
1791 1212 7460
1790 1213 7459
1789 1214 7458
1788 1215 7457
1787 1216 7456
1786 1217 7455
1785 1218 7454
1784 1219 7453
1783 1220 7452
1782 1221 7451
1781 1222 7450
1780 1223 7449
1779 1224 7448
1778 1225 7447
1777 1226 7446
1776 1227 7445
1775 1228 7444
1774 1229 7443
1773 1230 7442
1772 1231 7441
1771 1232 7440
1770 1233 7439
1769 1234 7438
1768 1235 7437
1767 1236 7436
1766 1237 7435
1765 1238 7434
1764 1239 7433
1763 1240 7432
1762 1241 7431
1761 1242 7430
1760 1243 7429
1759 1244 7428
1758 1245 7427
1757 1246 7426
1756 1247 7425
1755 1248 7424
1754 1249 7423
1753 1250 7422
1752 1251 7421
1751 1252 7420
1750 1253 7419
1749 1254 7418
1748 1255 7417
1747 1256 7416
1746 1257 7415
1745 1258 7414
1744 1259 7413
1743 1260 7412
1742 1261 7411
1741 1262 7410
1740 1263 7409
1739 1264 7408
1738 1265 7407
1737 1266 7406
1736 1267 7405
1735 1268 7404
1734 1269 7403
1733 1270 7402
1732 1271 7401
1731 1272 7400
1730 1273 7399
1729 1274 7398
1728 1275 7397
1727 1276 7396
1726 1277 7395
1725 1278 7394
1724 1279 7393
1723 1280 7392
1722 1281 7391
1721 1282 7390
1720 1283 7389
1719 1284 7388
1718 1285 7387
1717 1286 7386
1716 1287 7385
1715 1288 7384
1714 1289 7383
1713 1290 7382
1712 1291 7381
1711 1292 7380
1710 1293 7379
1709 1294 7378
1708 1295 7377
1707 1296 7376
1706 1297 7375
1705 1298 7374
1704 1299 7373
1703 1300 7372
1702 1301 7371
1701 1302 7370
1700 1303 7369
1699 1304 7368
1698 1305 7367
1697 1306 7366
1696 1307 7365
1695 1308 7364
1694 1309 7363
1693 1310 7362
1692 1311 7361
1691 1312 7360
1690 1313 7359
1689 1314 7358
1688 1315 7357
1687 1316 7356
1686 1317 7355
1685 1318 7354
1684 1319 7353
1683 1320 7352
1682 1321 7351
1681 1322 7350
1680 1323 7349
1679 1324 7348
1678 1325 7347
1677 1326 7346
1676 1327 7345
1675 1328 7344
1674 1329 7343
1673 1330 7342
1672 1331 7341
1671 1332 7340
1670 1333 7339
1669 1334 7338
1668 1335 7337
1667 1336 7336
1666 1337 7335
1665 1338 7334
1664 1339 7333
1663 1340 7332
1662 1341 7331
1661 1342 7330
1660 1343 7329
1659 1344 7328
1658 1345 7327
1657 1346 7326
1656 1347 7325
1655 1348 7324
1654 1349 7323
1653 1350 7322
1652 1351 7321
1651 1352 7320
1650 1353 7319
1649 1354 7318
1648 1355 7317
1647 1356 7316
1646 1357 7315
1645 1358 7314
1644 1359 7313
1643 1360 7312
1642 1361 7311
1641 1362 7310
1640 1363 7309
1639 1364 7308
1638 1365 7307
1637 1366 7306
1636 1367 7305
1635 1368 7304
1634 1369 7303
1633 1370 7302
1632 1371 7301
1631 1372 7300
1630 1373 7299
1629 1374 7298
1628 1375 7297
1627 1376 7296
1626 1377 7295
1625 1378 7294
1624 1379 7293
1623 1380 7292
1622 1381 7291
1621 1382 7290
1620 1383 7289
1619 1384 7288
1618 1385 7287
1617 1386 7286
1616 1387 7285
1615 1388 7284
1614 1389 7283
1613 1390 7282
1612 1391 7281
1611 1392 7280
1610 1393 7279
1609 1394 7278
1608 1395 7277
1607 1396 7276
1606 1397 7275
1605 1398 7274
1604 1399 7273
1603 1400 7272
1602 1401 7271
1601 1402 7270
1600 1403 7269
1599 1404 7268
1598 1405 7267
1597 1406 7266
1596 1407 7265
1595 1408 7264
1594 1409 7263
1593 1410 7262
1592 1411 7261
1591 1412 7260
1590 1413 7259
1589 1414 7258
1588 1415 7257
1587 1416 7256
1586 1417 7255
1585 1418 7254
1584 1419 7253
1583 1420 7252
1582 1421 7251
1581 1422 7250
1580 1423 7249
1579 1424 7248
1578 1425 7247
1577 1426 7246
1576 1427 7245
1575 1428 7244
1574 1429 7243
1573 1430 7242
1572 1431 7241
1571 1432 7240
1570 1433 7239
1569 1434 7238
1568 1435 7237
1567 1436 7236
1566 1437 7235
1565 1438 7234
1564 1439 7233
1563 1440 7232
1562 1441 7231
1561 1442 7230
1560 1443 7229
1559 1444 7228
1558 1445 7227
1557 1446 7226
1556 1447 7225
1555 1448 7224
1554 1449 7223
1553 1450 7222
1552 1451 7221
1551 1452 7220
1550 1453 7219
1549 1454 7218
1548 1455 7217
1547 1456 7216
1546 1457 7215
1545 1458 7214
1544 1459 7213
1543 1460 7212
1542 1461 7211
1541 1462 7210
1540 1463 7209
1539 1464 7208
1538 1465 7207
1537 1466 7206
1536 1467 7205
1535 1468 7204
1534 1469 7203
1533 1470 7202
1532 1471 7201
1531 1472 7200
1530 1473 7199
1529 1474 7198
1528 1475 7197
1527 1476 7196
1526 1477 7195
1525 1478 7194
1524 1479 7193
1523 1480 7192
1522 1481 7191
1521 1482 7190
1520 1483 7189
1519 1484 7188
1518 1485 7187
1517 1486 7186
1516 1487 7185
1515 1488 7184
1514 1489 7183
1513 1490 7182
1512 1491 7181
1511 1492 7180
1510 1493 7179
1509 1494 7178
1508 1495 7177
1507 1496 7176
1506 1497 7175
1505 1498 7174
1504 1499 7173
1503 1500 7172
1502 1501 7171
1501 1502 7170
1500 1503 7169
1499 1504 7168
1498 1505 7167
1497 1506 7166
1496 1507 7165
1495 1508 7164
1494 1509 7163
1493 1510 7162
1492 1511 7161
1491 1512 7160
1490 1513 7159
1489 1514 7158
1488 1515 7157
1487 1516 7156
1486 1517 7155
1485 1518 7154
1484 1519 7153
1483 1520 7152
1482 1521 7151
1481 1522 7150
1480 1523 7149
1479 1524 7148
1478 1525 7147
1477 1526 7146
1476 1527 7145
1475 1528 7144
1474 1529 7143
1473 1530 7142
1472 1531 7141
1471 1532 7140
1470 1533 7139
1469 1534 7138
1468 1535 7137
1467 1536 7136
1466 1537 7135
1465 1538 7134
1464 1539 7133
1463 1540 7132
1462 1541 7131
1461 1542 7130
1460 1543 7129
1459 1544 7128
1458 1545 7127
1457 1546 7126
1456 1547 7125
1455 1548 7124
1454 1549 7123
1453 1550 7122
1452 1551 7121
1451 1552 7120
1450 1553 7119
1449 1554 7118
1448 1555 7117
1447 1556 7116
1446 1557 7115
1445 1558 7114
1444 1559 7113
1443 1560 7112
1442 1561 7111
1441 1562 7110
1440 1563 7109
1439 1564 7108
1438 1565 7107
1437 1566 7106
1436 1567 7105
1435 1568 7104
1434 1569 7103
1433 1570 7102
1432 1571 7101
1431 1572 7100
1430 1573 7099
1429 1574 7098
1428 1575 7097
1427 1576 7096
1426 1577 7095
1425 1578 7094
1424 1579 7093
1423 1580 7092
1422 1581 7091
1421 1582 7090
1420 1583 7089
1419 1584 7088
1418 1585 7087
1417 1586 7086
1416 1587 7085
1415 1588 7084
1414 1589 7083
1413 1590 7082
1412 1591 7081
1411 1592 7080
1410 1593 7079
1409 1594 7078
1408 1595 7077
1407 1596 7076
1406 1597 7075
1405 1598 7074
1404 1599 7073
1403 1600 7072
1402 1601 7071
1401 1602 7070
1400 1603 7069
1399 1604 7068
1398 1605 7067
1397 1606 7066
1396 1607 7065
1395 1608 7064
1394 1609 7063
1393 1610 7062
1392 1611 7061
1391 1612 7060
1390 1613 7059
1389 1614 7058
1388 1615 7057
1387 1616 7056
1386 1617 7055
1385 1618 7054
1384 1619 7053
1383 1620 7052
1382 1621 7051
1381 1622 7050
1380 1623 7049
1379 1624 7048
1378 1625 7047
1377 1626 7046
1376 1627 7045
1375 1628 7044
1374 1629 7043
1373 1630 7042
1372 1631 7041
1371 1632 7040
1370 1633 7039
1369 1634 7038
1368 1635 7037
1367 1636 7036
1366 1637 7035
1365 1638 7034
1364 1639 7033
1363 1640 7032
1362 1641 7031
1361 1642 7030
1360 1643 7029
1359 1644 7028
1358 1645 7027
1357 1646 7026
1356 1647 7025
1355 1648 7024
1354 1649 7023
1353 1650 7022
1352 1651 7021
1351 1652 7020
1350 1653 7019
1349 1654 7018
1348 1655 7017
1347 1656 7016
1346 1657 7015
1345 1658 7014
1344 1659 7013
1343 1660 7012
1342 1661 7011
1341 1662 7010
1340 1663 7009
1339 1664 7008
1338 1665 7007
1337 1666 7006
1336 1667 7005
1335 1668 7004
1334 1669 7003
1333 1670 7002
1332 1671 7001
1331 1672 7000
1330 1673 6999
1329 1674 6998
1328 1675 6997
1327 1676 6996
1326 1677 6995
1325 1678 6994
1324 1679 6993
1323 1680 6992
1322 1681 6991
1321 1682 6990
1320 1683 6989
1319 1684 6988
1318 1685 6987
1317 1686 6986
1316 1687 6985
1315 1688 6984
1314 1689 6983
1313 1690 6982
1312 1691 6981
1311 1692 6980
1310 1693 6979
1309 1694 6978
1308 1695 6977
1307 1696 6976
1306 1697 6975
1305 1698 6974
1304 1699 6973
1303 1700 6972
1302 1701 6971
1301 1702 6970
1300 1703 6969
1299 1704 6968
1298 1705 6967
1297 1706 6966
1296 1707 6965
1295 1708 6964
1294 1709 6963
1293 1710 6962
1292 1711 6961
1291 1712 6960
1290 1713 6959
1289 1714 6958
1288 1715 6957
1287 1716 6956
1286 1717 6955
1285 1718 6954
1284 1719 6953
1283 1720 6952
1282 1721 6951
1281 1722 6950
1280 1723 6949
1279 1724 6948
1278 1725 6947
1277 1726 6946
1276 1727 6945
1275 1728 6944
1274 1729 6943
1273 1730 6942
1272 1731 6941
1271 1732 6940
1270 1733 6939
1269 1734 6938
1268 1735 6937
1267 1736 6936
1266 1737 6935
1265 1738 6934
1264 1739 6933
1263 1740 6932
1262 1741 6931
1261 1742 6930
1260 1743 6929
1259 1744 6928
1258 1745 6927
1257 1746 6926
1256 1747 6925
1255 1748 6924
1254 1749 6923
1253 1750 6922
1252 1751 6921
1251 1752 6920
1250 1753 6919
1249 1754 6918
1248 1755 6917
1247 1756 6916
1246 1757 6915
1245 1758 6914
1244 1759 6913
1243 1760 6912
1242 1761 6911
1241 1762 6910
1240 1763 6909
1239 1764 6908
1238 1765 6907
1237 1766 6906
1236 1767 6905
1235 1768 6904
1234 1769 6903
1233 1770 6902
1232 1771 6901
1231 1772 6900
1230 1773 6899
1229 1774 6898
1228 1775 6897
1227 1776 6896
1226 1777 6895
1225 1778 6894
1224 1779 6893
1223 1780 6892
1222 1781 6891
1221 1782 6890
1220 1783 6889
1219 1784 6888
1218 1785 6887
1217 1786 6886
1216 1787 6885
1215 1788 6884
1214 1789 6883
1213 1790 6882
1212 1791 6881
1211 1792 6880
1210 1793 6879
1209 1794 6878
1208 1795 6877
1207 1796 6876
1206 1797 6875
1205 1798 6874
1204 1799 6873
1203 1800 6872
1202 1801 6871
1201 1802 6870
1200 1803 6869
1199 1804 6868
1198 1805 6867
1197 1806 6866
1196 1807 6865
1195 1808 6864
1194 1809 6863
1193 1810 6862
1192 1811 6861
1191 1812 6860
1190 1813 6859
1189 1814 6858
1188 1815 6857
1187 1816 6856
1186 1817 6855
1185 1818 6854
1184 1819 6853
1183 1820 6852
1182 1821 6851
1181 1822 6850
1180 1823 6849
1179 1824 6848
1178 1825 6847
1177 1826 6846
1176 1827 6845
1175 1828 6844
1174 1829 6843
1173 1830 6842
1172 1831 6841
1171 1832 6840
1170 1833 6839
1169 1834 6838
1168 1835 6837
1167 1836 6836
1166 1837 6835
1165 1838 6834
1164 1839 6833
1163 1840 6832
1162 1841 6831
1161 1842 6830
1160 1843 6829
1159 1844 6828
1158 1845 6827
1157 1846 6826
1156 1847 6825
1155 1848 6824
1154 1849 6823
1153 1850 6822
1152 1851 6821
1151 1852 6820
1150 1853 6819
1149 1854 6818
1148 1855 6817
1147 1856 6816
1146 1857 6815
1145 1858 6814
1144 1859 6813
1143 1860 6812
1142 1861 6811
1141 1862 6810
1140 1863 6809
1139 1864 6808
1138 1865 6807
1137 1866 6806
1136 1867 6805
1135 1868 6804
1134 1869 6803
1133 1870 6802
1132 1871 6801
1131 1872 6800
1130 1873 6799
1129 1874 6798
1128 1875 6797
1127 1876 6796
1126 1877 6795
1125 1878 6794
1124 1879 6793
1123 1880 6792
1122 1881 6791
1121 1882 6790
1120 1883 6789
1119 1884 6788
1118 1885 6787
1117 1886 6786
1116 1887 6785
1115 1888 6784
1114 1889 6783
1113 1890 6782
1112 1891 6781
1111 1892 6780
1110 1893 6779
1109 1894 6778
1108 1895 6777
1107 1896 6776
1106 1897 6775
1105 1898 6774
1104 1899 6773
1103 1900 6772
1102 1901 6771
1101 1902 6770
1100 1903 6769
1099 1904 6768
1098 1905 6767
1097 1906 6766
1096 1907 6765
1095 1908 6764
1094 1909 6763
1093 1910 6762
1092 1911 6761
1091 1912 6760
1090 1913 6759
1089 1914 6758
1088 1915 6757
1087 1916 6756
1086 1917 6755
1085 1918 6754
1084 1919 6753
1083 1920 6752
1082 1921 6751
1081 1922 6750
1080 1923 6749
1079 1924 6748
1078 1925 6747
1077 1926 6746
1076 1927 6745
1075 1928 6744
1074 1929 6743
1073 1930 6742
1072 1931 6741
1071 1932 6740
1070 1933 6739
1069 1934 6738
1068 1935 6737
1067 1936 6736
1066 1937 6735
1065 1938 6734
1064 1939 6733
1063 1940 6732
1062 1941 6731
1061 1942 6730
1060 1943 6729
1059 1944 6728
1058 1945 6727
1057 1946 6726
1056 1947 6725
1055 1948 6724
1054 1949 6723
1053 1950 6722
1052 1951 6721
1051 1952 6720
1050 1953 6719
1049 1954 6718
1048 1955 6717
1047 1956 6716
1046 1957 6715
1045 1958 6714
1044 1959 6713
1043 1960 6712
1042 1961 6711
1041 1962 6710
1040 1963 6709
1039 1964 6708
1038 1965 6707
1037 1966 6706
1036 1967 6705
1035 1968 6704
1034 1969 6703
1033 1970 6702
1032 1971 6701
1031 1972 6700
1030 1973 6699
1029 1974 6698
1028 1975 6697
1027 1976 6696
1026 1977 6695
1025 1978 6694
1024 1979 6693
1023 1980 6692
1022 1981 6691
1021 1982 6690
1020 1983 6689
1019 1984 6688
1018 1985 6687
1017 1986 6686
1016 1987 6685
1015 1988 6684
1014 1989 6683
1013 1990 6682
1012 1991 6681
1011 1992 6680
1010 1993 6679
1009 1994 6678
1008 1995 6677
1007 1996 6676
1006 1997 6675
1005 1998 6674
1004 1999 6673
1003 2000 6672
1002 2001 6671
1001 2002 6670
1000 2003 6669
999 2004 6668
998 2005 6667
997 2006 6666
996 2007 6665
995 2008 6664
994 2009 6663
993 2010 6662
992 2011 6661
991 2012 6660
990 2013 6659
989 2014 6658
988 2015 6657
987 2016 6656
986 2017 6655
985 2018 6654
984 2019 6653
983 2020 6652
982 2021 6651
981 2022 6650
980 2023 6649
979 2024 6648
978 2025 6647
977 2026 6646
976 2027 6645
975 2028 6644
974 2029 6643
973 2030 6642
972 2031 6641
971 2032 6640
970 2033 6639
969 2034 6638
968 2035 6637
967 2036 6636
966 2037 6635
965 2038 6634
964 2039 6633
963 2040 6632
962 2041 6631
961 2042 6630
960 2043 6629
959 2044 6628
958 2045 6627
957 2046 6626
956 2047 6625
955 2048 6624
954 2049 6623
953 2050 6622
952 2051 6621
951 2052 6620
950 2053 6619
949 2054 6618
948 2055 6617
947 2056 6616
946 2057 6615
945 2058 6614
944 2059 6613
943 2060 6612
942 2061 6611
941 2062 6610
940 2063 6609
939 2064 6608
938 2065 6607
937 2066 6606
936 2067 6605
935 2068 6604
934 2069 6603
933 2070 6602
932 2071 6601
931 2072 6600
930 2073 6599
929 2074 6598
928 2075 6597
927 2076 6596
926 2077 6595
925 2078 6594
924 2079 6593
923 2080 6592
922 2081 6591
921 2082 6590
920 2083 6589
919 2084 6588
918 2085 6587
917 2086 6586
916 2087 6585
915 2088 6584
914 2089 6583
913 2090 6582
912 2091 6581
911 2092 6580
910 2093 6579
909 2094 6578
908 2095 6577
907 2096 6576
906 2097 6575
905 2098 6574
904 2099 6573
903 2100 6572
902 2101 6571
901 2102 6570
900 2103 6569
899 2104 6568
898 2105 6567
897 2106 6566
896 2107 6565
895 2108 6564
894 2109 6563
893 2110 6562
892 2111 6561
891 2112 6560
890 2113 6559
889 2114 6558
888 2115 6557
887 2116 6556
886 2117 6555
885 2118 6554
884 2119 6553
883 2120 6552
882 2121 6551
881 2122 6550
880 2123 6549
879 2124 6548
878 2125 6547
877 2126 6546
876 2127 6545
875 2128 6544
874 2129 6543
873 2130 6542
872 2131 6541
871 2132 6540
870 2133 6539
869 2134 6538
868 2135 6537
867 2136 6536
866 2137 6535
865 2138 6534
864 2139 6533
863 2140 6532
862 2141 6531
861 2142 6530
860 2143 6529
859 2144 6528
858 2145 6527
857 2146 6526
856 2147 6525
855 2148 6524
854 2149 6523
853 2150 6522
852 2151 6521
851 2152 6520
850 2153 6519
849 2154 6518
848 2155 6517
847 2156 6516
846 2157 6515
845 2158 6514
844 2159 6513
843 2160 6512
842 2161 6511
841 2162 6510
840 2163 6509
839 2164 6508
838 2165 6507
837 2166 6506
836 2167 6505
835 2168 6504
834 2169 6503
833 2170 6502
832 2171 6501
831 2172 6500
830 2173 6499
829 2174 6498
828 2175 6497
827 2176 6496
826 2177 6495
825 2178 6494
824 2179 6493
823 2180 6492
822 2181 6491
821 2182 6490
820 2183 6489
819 2184 6488
818 2185 6487
817 2186 6486
816 2187 6485
815 2188 6484
814 2189 6483
813 2190 6482
812 2191 6481
811 2192 6480
810 2193 6479
809 2194 6478
808 2195 6477
807 2196 6476
806 2197 6475
805 2198 6474
804 2199 6473
803 2200 6472
802 2201 6471
801 2202 6470
800 2203 6469
799 2204 6468
798 2205 6467
797 2206 6466
796 2207 6465
795 2208 6464
794 2209 6463
793 2210 6462
792 2211 6461
791 2212 6460
790 2213 6459
789 2214 6458
788 2215 6457
787 2216 6456
786 2217 6455
785 2218 6454
784 2219 6453
783 2220 6452
782 2221 6451
781 2222 6450
780 2223 6449
779 2224 6448
778 2225 6447
777 2226 6446
776 2227 6445
775 2228 6444
774 2229 6443
773 2230 6442
772 2231 6441
771 2232 6440
770 2233 6439
769 2234 6438
768 2235 6437
767 2236 6436
766 2237 6435
765 2238 6434
764 2239 6433
763 2240 6432
762 2241 6431
761 2242 6430
760 2243 6429
759 2244 6428
758 2245 6427
757 2246 6426
756 2247 6425
755 2248 6424
754 2249 6423
753 2250 6422
752 2251 6421
751 2252 6420
750 2253 6419
749 2254 6418
748 2255 6417
747 2256 6416
746 2257 6415
745 2258 6414
744 2259 6413
743 2260 6412
742 2261 6411
741 2262 6410
740 2263 6409
739 2264 6408
738 2265 6407
737 2266 6406
736 2267 6405
735 2268 6404
734 2269 6403
733 2270 6402
732 2271 6401
731 2272 6400
730 2273 6399
729 2274 6398
728 2275 6397
727 2276 6396
726 2277 6395
725 2278 6394
724 2279 6393
723 2280 6392
722 2281 6391
721 2282 6390
720 2283 6389
719 2284 6388
718 2285 6387
717 2286 6386
716 2287 6385
715 2288 6384
714 2289 6383
713 2290 6382
712 2291 6381
711 2292 6380
710 2293 6379
709 2294 6378
708 2295 6377
707 2296 6376
706 2297 6375
705 2298 6374
704 2299 6373
703 2300 6372
702 2301 6371
701 2302 6370
700 2303 6369
699 2304 6368
698 2305 6367
697 2306 6366
696 2307 6365
695 2308 6364
694 2309 6363
693 2310 6362
692 2311 6361
691 2312 6360
690 2313 6359
689 2314 6358
688 2315 6357
687 2316 6356
686 2317 6355
685 2318 6354
684 2319 6353
683 2320 6352
682 2321 6351
681 2322 6350
680 2323 6349
679 2324 6348
678 2325 6347
677 2326 6346
676 2327 6345
675 2328 6344
674 2329 6343
673 2330 6342
672 2331 6341
671 2332 6340
670 2333 6339
669 2334 6338
668 2335 6337
667 2336 6336
666 2337 6335
665 2338 6334
664 2339 6333
663 2340 6332
662 2341 6331
661 2342 6330
660 2343 6329
659 2344 6328
658 2345 6327
657 2346 6326
656 2347 6325
655 2348 6324
654 2349 6323
653 2350 6322
652 2351 6321
651 2352 6320
650 2353 6319
649 2354 6318
648 2355 6317
647 2356 6316
646 2357 6315
645 2358 6314
644 2359 6313
643 2360 6312
642 2361 6311
641 2362 6310
640 2363 6309
639 2364 6308
638 2365 6307
637 2366 6306
636 2367 6305
635 2368 6304
634 2369 6303
633 2370 6302
632 2371 6301
631 2372 6300
630 2373 6299
629 2374 6298
628 2375 6297
627 2376 6296
626 2377 6295
625 2378 6294
624 2379 6293
623 2380 6292
622 2381 6291
621 2382 6290
620 2383 6289
619 2384 6288
618 2385 6287
617 2386 6286
616 2387 6285
615 2388 6284
614 2389 6283
613 2390 6282
612 2391 6281
611 2392 6280
610 2393 6279
609 2394 6278
608 2395 6277
607 2396 6276
606 2397 6275
605 2398 6274
604 2399 6273
603 2400 6272
602 2401 6271
601 2402 6270
600 2403 6269
599 2404 6268
598 2405 6267
597 2406 6266
596 2407 6265
595 2408 6264
594 2409 6263
593 2410 6262
592 2411 6261
591 2412 6260
590 2413 6259
589 2414 6258
588 2415 6257
587 2416 6256
586 2417 6255
585 2418 6254
584 2419 6253
583 2420 6252
582 2421 6251
581 2422 6250
580 2423 6249
579 2424 6248
578 2425 6247
577 2426 6246
576 2427 6245
575 2428 6244
574 2429 6243
573 2430 6242
572 2431 6241
571 2432 6240
570 2433 6239
569 2434 6238
568 2435 6237
567 2436 6236
566 2437 6235
565 2438 6234
564 2439 6233
563 2440 6232
562 2441 6231
561 2442 6230
560 2443 6229
559 2444 6228
558 2445 6227
557 2446 6226
556 2447 6225
555 2448 6224
554 2449 6223
553 2450 6222
552 2451 6221
551 2452 6220
550 2453 6219
549 2454 6218
548 2455 6217
547 2456 6216
546 2457 6215
545 2458 6214
544 2459 6213
543 2460 6212
542 2461 6211
541 2462 6210
540 2463 6209
539 2464 6208
538 2465 6207
537 2466 6206
536 2467 6205
535 2468 6204
534 2469 6203
533 2470 6202
532 2471 6201
531 2472 6200
530 2473 6199
529 2474 6198
528 2475 6197
527 2476 6196
526 2477 6195
525 2478 6194
524 2479 6193
523 2480 6192
522 2481 6191
521 2482 6190
520 2483 6189
519 2484 6188
518 2485 6187
517 2486 6186
516 2487 6185
515 2488 6184
514 2489 6183
513 2490 6182
512 2491 6181
511 2492 6180
510 2493 6179
509 2494 6178
508 2495 6177
507 2496 6176
506 2497 6175
505 2498 6174
504 2499 6173
503 2500 6172
502 2501 6171
501 2502 6170
500 2503 6169
499 2504 6168
498 2505 6167
497 2506 6166
496 2507 6165
495 2508 6164
494 2509 6163
493 2510 6162
492 2511 6161
491 2512 6160
490 2513 6159
489 2514 6158
488 2515 6157
487 2516 6156
486 2517 6155
485 2518 6154
484 2519 6153
483 2520 6152
482 2521 6151
481 2522 6150
480 2523 6149
479 2524 6148
478 2525 6147
477 2526 6146
476 2527 6145
475 2528 6144
474 2529 6143
473 2530 6142
472 2531 6141
471 2532 6140
470 2533 6139
469 2534 6138
468 2535 6137
467 2536 6136
466 2537 6135
465 2538 6134
464 2539 6133
463 2540 6132
462 2541 6131
461 2542 6130
460 2543 6129
459 2544 6128
458 2545 6127
457 2546 6126
456 2547 6125
455 2548 6124
454 2549 6123
453 2550 6122
452 2551 6121
451 2552 6120
450 2553 6119
449 2554 6118
448 2555 6117
447 2556 6116
446 2557 6115
445 2558 6114
444 2559 6113
443 2560 6112
442 2561 6111
441 2562 6110
440 2563 6109
439 2564 6108
438 2565 6107
437 2566 6106
436 2567 6105
435 2568 6104
434 2569 6103
433 2570 6102
432 2571 6101
431 2572 6100
430 2573 6099
429 2574 6098
428 2575 6097
427 2576 6096
426 2577 6095
425 2578 6094
424 2579 6093
423 2580 6092
422 2581 6091
421 2582 6090
420 2583 6089
419 2584 6088
418 2585 6087
417 2586 6086
416 2587 6085
415 2588 6084
414 2589 6083
413 2590 6082
412 2591 6081
411 2592 6080
410 2593 6079
409 2594 6078
408 2595 6077
407 2596 6076
406 2597 6075
405 2598 6074
404 2599 6073
403 2600 6072
402 2601 6071
401 2602 6070
400 2603 6069
399 2604 6068
398 2605 6067
397 2606 6066
396 2607 6065
395 2608 6064
394 2609 6063
393 2610 6062
392 2611 6061
391 2612 6060
390 2613 6059
389 2614 6058
388 2615 6057
387 2616 6056
386 2617 6055
385 2618 6054
384 2619 6053
383 2620 6052
382 2621 6051
381 2622 6050
380 2623 6049
379 2624 6048
378 2625 6047
377 2626 6046
376 2627 6045
375 2628 6044
374 2629 6043
373 2630 6042
372 2631 6041
371 2632 6040
370 2633 6039
369 2634 6038
368 2635 6037
367 2636 6036
366 2637 6035
365 2638 6034
364 2639 6033
363 2640 6032
362 2641 6031
361 2642 6030
360 2643 6029
359 2644 6028
358 2645 6027
357 2646 6026
356 2647 6025
355 2648 6024
354 2649 6023
353 2650 6022
352 2651 6021
351 2652 6020
350 2653 6019
349 2654 6018
348 2655 6017
347 2656 6016
346 2657 6015
345 2658 6014
344 2659 6013
343 2660 6012
342 2661 6011
341 2662 6010
340 2663 6009
339 2664 6008
338 2665 6007
337 2666 6006
336 2667 6005
335 2668 6004
334 2669 6003
333 2670 6002
332 2671 6001
