1336
3000 3 7336
2999 4 7335
2998 5 7334
2997 6 7333
2996 7 7332
2995 8 7331
2994 9 7330
2993 10 7329
2992 11 7328
2991 12 7327
2990 13 7326
2989 14 7325
2988 15 7324
2987 16 7323
2986 17 7322
2985 18 7321
2984 19 7320
2983 20 7319
2982 21 7318
2981 22 7317
2980 23 7316
2979 24 7315
2978 25 7314
2977 26 7313
2976 27 7312
2975 28 7311
2974 29 7310
2973 30 7309
2972 31 7308
2971 32 7307
2970 33 7306
2969 34 7305
2968 35 7304
2967 36 7303
2966 37 7302
2965 38 7301
2964 39 7300
2963 40 7299
2962 41 7298
2961 42 7297
2960 43 7296
2959 44 7295
2958 45 7294
2957 46 7293
2956 47 7292
2955 48 7291
2954 49 7290
2953 50 7289
2952 51 7288
2951 52 7287
2950 53 7286
2949 54 7285
2948 55 7284
2947 56 7283
2946 57 7282
2945 58 7281
2944 59 7280
2943 60 7279
2942 61 7278
2941 62 7277
2940 63 7276
2939 64 7275
2938 65 7274
2937 66 7273
2936 67 7272
2935 68 7271
2934 69 7270
2933 70 7269
2932 71 7268
2931 72 7267
2930 73 7266
2929 74 7265
2928 75 7264
2927 76 7263
2926 77 7262
2925 78 7261
2924 79 7260
2923 80 7259
2922 81 7258
2921 82 7257
2920 83 7256
2919 84 7255
2918 85 7254
2917 86 7253
2916 87 7252
2915 88 7251
2914 89 7250
2913 90 7249
2912 91 7248
2911 92 7247
2910 93 7246
2909 94 7245
2908 95 7244
2907 96 7243
2906 97 7242
2905 98 7241
2904 99 7240
2903 100 7239
2902 101 7238
2901 102 7237
2900 103 7236
2899 104 7235
2898 105 7234
2897 106 7233
2896 107 7232
2895 108 7231
2894 109 7230
2893 110 7229
2892 111 7228
2891 112 7227
2890 113 7226
2889 114 7225
2888 115 7224
2887 116 7223
2886 117 7222
2885 118 7221
2884 119 7220
2883 120 7219
2882 121 7218
2881 122 7217
2880 123 7216
2879 124 7215
2878 125 7214
2877 126 7213
2876 127 7212
2875 128 7211
2874 129 7210
2873 130 7209
2872 131 7208
2871 132 7207
2870 133 7206
2869 134 7205
2868 135 7204
2867 136 7203
2866 137 7202
2865 138 7201
2864 139 7200
2863 140 7199
2862 141 7198
2861 142 7197
2860 143 7196
2859 144 7195
2858 145 7194
2857 146 7193
2856 147 7192
2855 148 7191
2854 149 7190
2853 150 7189
2852 151 7188
2851 152 7187
2850 153 7186
2849 154 7185
2848 155 7184
2847 156 7183
2846 157 7182
2845 158 7181
2844 159 7180
2843 160 7179
2842 161 7178
2841 162 7177
2840 163 7176
2839 164 7175
2838 165 7174
2837 166 7173
2836 167 7172
2835 168 7171
2834 169 7170
2833 170 7169
2832 171 7168
2831 172 7167
2830 173 7166
2829 174 7165
2828 175 7164
2827 176 7163
2826 177 7162
2825 178 7161
2824 179 7160
2823 180 7159
2822 181 7158
2821 182 7157
2820 183 7156
2819 184 7155
2818 185 7154
2817 186 7153
2816 187 7152
2815 188 7151
2814 189 7150
2813 190 7149
2812 191 7148
2811 192 7147
2810 193 7146
2809 194 7145
2808 195 7144
2807 196 7143
2806 197 7142
2805 198 7141
2804 199 7140
2803 200 7139
2802 201 7138
2801 202 7137
2800 203 7136
2799 204 7135
2798 205 7134
2797 206 7133
2796 207 7132
2795 208 7131
2794 209 7130
2793 210 7129
2792 211 7128
2791 212 7127
2790 213 7126
2789 214 7125
2788 215 7124
2787 216 7123
2786 217 7122
2785 218 7121
2784 219 7120
2783 220 7119
2782 221 7118
2781 222 7117
2780 223 7116
2779 224 7115
2778 225 7114
2777 226 7113
2776 227 7112
2775 228 7111
2774 229 7110
2773 230 7109
2772 231 7108
2771 232 7107
2770 233 7106
2769 234 7105
2768 235 7104
2767 236 7103
2766 237 7102
2765 238 7101
2764 239 7100
2763 240 7099
2762 241 7098
2761 242 7097
2760 243 7096
2759 244 7095
2758 245 7094
2757 246 7093
2756 247 7092
2755 248 7091
2754 249 7090
2753 250 7089
2752 251 7088
2751 252 7087
2750 253 7086
2749 254 7085
2748 255 7084
2747 256 7083
2746 257 7082
2745 258 7081
2744 259 7080
2743 260 7079
2742 261 7078
2741 262 7077
2740 263 7076
2739 264 7075
2738 265 7074
2737 266 7073
2736 267 7072
2735 268 7071
2734 269 7070
2733 270 7069
2732 271 7068
2731 272 7067
2730 273 7066
2729 274 7065
2728 275 7064
2727 276 7063
2726 277 7062
2725 278 7061
2724 279 7060
2723 280 7059
2722 281 7058
2721 282 7057
2720 283 7056
2719 284 7055
2718 285 7054
2717 286 7053
2716 287 7052
2715 288 7051
2714 289 7050
2713 290 7049
2712 291 7048
2711 292 7047
2710 293 7046
2709 294 7045
2708 295 7044
2707 296 7043
2706 297 7042
2705 298 7041
2704 299 7040
2703 300 7039
2702 301 7038
2701 302 7037
2700 303 7036
2699 304 7035
2698 305 7034
2697 306 7033
2696 307 7032
2695 308 7031
2694 309 7030
2693 310 7029
2692 311 7028
2691 312 7027
2690 313 7026
2689 314 7025
2688 315 7024
2687 316 7023
2686 317 7022
2685 318 7021
2684 319 7020
2683 320 7019
2682 321 7018
2681 322 7017
2680 323 7016
2679 324 7015
2678 325 7014
2677 326 7013
2676 327 7012
2675 328 7011
2674 329 7010
2673 330 7009
2672 331 7008
2671 332 7007
2670 333 7006
2669 334 7005
2668 335 7004
2667 336 7003
2666 337 7002
2665 338 7001
2664 339 7000
2663 340 6999
2662 341 6998
2661 342 6997
2660 343 6996
2659 344 6995
2658 345 6994
2657 346 6993
2656 347 6992
2655 348 6991
2654 349 6990
2653 350 6989
2652 351 6988
2651 352 6987
2650 353 6986
2649 354 6985
2648 355 6984
2647 356 6983
2646 357 6982
2645 358 6981
2644 359 6980
2643 360 6979
2642 361 6978
2641 362 6977
2640 363 6976
2639 364 6975
2638 365 6974
2637 366 6973
2636 367 6972
2635 368 6971
2634 369 6970
2633 370 6969
2632 371 6968
2631 372 6967
2630 373 6966
2629 374 6965
2628 375 6964
2627 376 6963
2626 377 6962
2625 378 6961
2624 379 6960
2623 380 6959
2622 381 6958
2621 382 6957
2620 383 6956
2619 384 6955
2618 385 6954
2617 386 6953
2616 387 6952
2615 388 6951
2614 389 6950
2613 390 6949
2612 391 6948
2611 392 6947
2610 393 6946
2609 394 6945
2608 395 6944
2607 396 6943
2606 397 6942
2605 398 6941
2604 399 6940
2603 400 6939
2602 401 6938
2601 402 6937
2600 403 6936
2599 404 6935
2598 405 6934
2597 406 6933
2596 407 6932
2595 408 6931
2594 409 6930
2593 410 6929
2592 411 6928
2591 412 6927
2590 413 6926
2589 414 6925
2588 415 6924
2587 416 6923
2586 417 6922
2585 418 6921
2584 419 6920
2583 420 6919
2582 421 6918
2581 422 6917
2580 423 6916
2579 424 6915
2578 425 6914
2577 426 6913
2576 427 6912
2575 428 6911
2574 429 6910
2573 430 6909
2572 431 6908
2571 432 6907
2570 433 6906
2569 434 6905
2568 435 6904
2567 436 6903
2566 437 6902
2565 438 6901
2564 439 6900
2563 440 6899
2562 441 6898
2561 442 6897
2560 443 6896
2559 444 6895
2558 445 6894
2557 446 6893
2556 447 6892
2555 448 6891
2554 449 6890
2553 450 6889
2552 451 6888
2551 452 6887
2550 453 6886
2549 454 6885
2548 455 6884
2547 456 6883
2546 457 6882
2545 458 6881
2544 459 6880
2543 460 6879
2542 461 6878
2541 462 6877
2540 463 6876
2539 464 6875
2538 465 6874
2537 466 6873
2536 467 6872
2535 468 6871
2534 469 6870
2533 470 6869
2532 471 6868
2531 472 6867
2530 473 6866
2529 474 6865
2528 475 6864
2527 476 6863
2526 477 6862
2525 478 6861
2524 479 6860
2523 480 6859
2522 481 6858
2521 482 6857
2520 483 6856
2519 484 6855
2518 485 6854
2517 486 6853
2516 487 6852
2515 488 6851
2514 489 6850
2513 490 6849
2512 491 6848
2511 492 6847
2510 493 6846
2509 494 6845
2508 495 6844
2507 496 6843
2506 497 6842
2505 498 6841
2504 499 6840
2503 500 6839
2502 501 6838
2501 502 6837
2500 503 6836
2499 504 6835
2498 505 6834
2497 506 6833
2496 507 6832
2495 508 6831
2494 509 6830
2493 510 6829
2492 511 6828
2491 512 6827
2490 513 6826
2489 514 6825
2488 515 6824
2487 516 6823
2486 517 6822
2485 518 6821
2484 519 6820
2483 520 6819
2482 521 6818
2481 522 6817
2480 523 6816
2479 524 6815
2478 525 6814
2477 526 6813
2476 527 6812
2475 528 6811
2474 529 6810
2473 530 6809
2472 531 6808
2471 532 6807
2470 533 6806
2469 534 6805
2468 535 6804
2467 536 6803
2466 537 6802
2465 538 6801
2464 539 6800
2463 540 6799
2462 541 6798
2461 542 6797
2460 543 6796
2459 544 6795
2458 545 6794
2457 546 6793
2456 547 6792
2455 548 6791
2454 549 6790
2453 550 6789
2452 551 6788
2451 552 6787
2450 553 6786
2449 554 6785
2448 555 6784
2447 556 6783
2446 557 6782
2445 558 6781
2444 559 6780
2443 560 6779
2442 561 6778
2441 562 6777
2440 563 6776
2439 564 6775
2438 565 6774
2437 566 6773
2436 567 6772
2435 568 6771
2434 569 6770
2433 570 6769
2432 571 6768
2431 572 6767
2430 573 6766
2429 574 6765
2428 575 6764
2427 576 6763
2426 577 6762
2425 578 6761
2424 579 6760
2423 580 6759
2422 581 6758
2421 582 6757
2420 583 6756
2419 584 6755
2418 585 6754
2417 586 6753
2416 587 6752
2415 588 6751
2414 589 6750
2413 590 6749
2412 591 6748
2411 592 6747
2410 593 6746
2409 594 6745
2408 595 6744
2407 596 6743
2406 597 6742
2405 598 6741
2404 599 6740
2403 600 6739
2402 601 6738
2401 602 6737
2400 603 6736
2399 604 6735
2398 605 6734
2397 606 6733
2396 607 6732
2395 608 6731
2394 609 6730
2393 610 6729
2392 611 6728
2391 612 6727
2390 613 6726
2389 614 6725
2388 615 6724
2387 616 6723
2386 617 6722
2385 618 6721
2384 619 6720
2383 620 6719
2382 621 6718
2381 622 6717
2380 623 6716
2379 624 6715
2378 625 6714
2377 626 6713
2376 627 6712
2375 628 6711
2374 629 6710
2373 630 6709
2372 631 6708
2371 632 6707
2370 633 6706
2369 634 6705
2368 635 6704
2367 636 6703
2366 637 6702
2365 638 6701
2364 639 6700
2363 640 6699
2362 641 6698
2361 642 6697
2360 643 6696
2359 644 6695
2358 645 6694
2357 646 6693
2356 647 6692
2355 648 6691
2354 649 6690
2353 650 6689
2352 651 6688
2351 652 6687
2350 653 6686
2349 654 6685
2348 655 6684
2347 656 6683
2346 657 6682
2345 658 6681
2344 659 6680
2343 660 6679
2342 661 6678
2341 662 6677
2340 663 6676
2339 664 6675
2338 665 6674
2337 666 6673
2336 667 6672
2335 668 6671
2334 669 6670
2333 670 6669
2332 671 6668
2331 672 6667
2330 673 6666
2329 674 6665
2328 675 6664
2327 676 6663
2326 677 6662
2325 678 6661
2324 679 6660
2323 680 6659
2322 681 6658
2321 682 6657
2320 683 6656
2319 684 6655
2318 685 6654
2317 686 6653
2316 687 6652
2315 688 6651
2314 689 6650
2313 690 6649
2312 691 6648
2311 692 6647
2310 693 6646
2309 694 6645
2308 695 6644
2307 696 6643
2306 697 6642
2305 698 6641
2304 699 6640
2303 700 6639
2302 701 6638
2301 702 6637
2300 703 6636
2299 704 6635
2298 705 6634
2297 706 6633
2296 707 6632
2295 708 6631
2294 709 6630
2293 710 6629
2292 711 6628
2291 712 6627
2290 713 6626
2289 714 6625
2288 715 6624
2287 716 6623
2286 717 6622
2285 718 6621
2284 719 6620
2283 720 6619
2282 721 6618
2281 722 6617
2280 723 6616
2279 724 6615
2278 725 6614
2277 726 6613
2276 727 6612
2275 728 6611
2274 729 6610
2273 730 6609
2272 731 6608
2271 732 6607
2270 733 6606
2269 734 6605
2268 735 6604
2267 736 6603
2266 737 6602
2265 738 6601
2264 739 6600
2263 740 6599
2262 741 6598
2261 742 6597
2260 743 6596
2259 744 6595
2258 745 6594
2257 746 6593
2256 747 6592
2255 748 6591
2254 749 6590
2253 750 6589
2252 751 6588
2251 752 6587
2250 753 6586
2249 754 6585
2248 755 6584
2247 756 6583
2246 757 6582
2245 758 6581
2244 759 6580
2243 760 6579
2242 761 6578
2241 762 6577
2240 763 6576
2239 764 6575
2238 765 6574
2237 766 6573
2236 767 6572
2235 768 6571
2234 769 6570
2233 770 6569
2232 771 6568
2231 772 6567
2230 773 6566
2229 774 6565
2228 775 6564
2227 776 6563
2226 777 6562
2225 778 6561
2224 779 6560
2223 780 6559
2222 781 6558
2221 782 6557
2220 783 6556
2219 784 6555
2218 785 6554
2217 786 6553
2216 787 6552
2215 788 6551
2214 789 6550
2213 790 6549
2212 791 6548
2211 792 6547
2210 793 6546
2209 794 6545
2208 795 6544
2207 796 6543
2206 797 6542
2205 798 6541
2204 799 6540
2203 800 6539
2202 801 6538
2201 802 6537
2200 803 6536
2199 804 6535
2198 805 6534
2197 806 6533
2196 807 6532
2195 808 6531
2194 809 6530
2193 810 6529
2192 811 6528
2191 812 6527
2190 813 6526
2189 814 6525
2188 815 6524
2187 816 6523
2186 817 6522
2185 818 6521
2184 819 6520
2183 820 6519
2182 821 6518
2181 822 6517
2180 823 6516
2179 824 6515
2178 825 6514
2177 826 6513
2176 827 6512
2175 828 6511
2174 829 6510
2173 830 6509
2172 831 6508
2171 832 6507
2170 833 6506
2169 834 6505
2168 835 6504
2167 836 6503
2166 837 6502
2165 838 6501
2164 839 6500
2163 840 6499
2162 841 6498
2161 842 6497
2160 843 6496
2159 844 6495
2158 845 6494
2157 846 6493
2156 847 6492
2155 848 6491
2154 849 6490
2153 850 6489
2152 851 6488
2151 852 6487
2150 853 6486
2149 854 6485
2148 855 6484
2147 856 6483
2146 857 6482
2145 858 6481
2144 859 6480
2143 860 6479
2142 861 6478
2141 862 6477
2140 863 6476
2139 864 6475
2138 865 6474
2137 866 6473
2136 867 6472
2135 868 6471
2134 869 6470
2133 870 6469
2132 871 6468
2131 872 6467
2130 873 6466
2129 874 6465
2128 875 6464
2127 876 6463
2126 877 6462
2125 878 6461
2124 879 6460
2123 880 6459
2122 881 6458
2121 882 6457
2120 883 6456
2119 884 6455
2118 885 6454
2117 886 6453
2116 887 6452
2115 888 6451
2114 889 6450
2113 890 6449
2112 891 6448
2111 892 6447
2110 893 6446
2109 894 6445
2108 895 6444
2107 896 6443
2106 897 6442
2105 898 6441
2104 899 6440
2103 900 6439
2102 901 6438
2101 902 6437
2100 903 6436
2099 904 6435
2098 905 6434
2097 906 6433
2096 907 6432
2095 908 6431
2094 909 6430
2093 910 6429
2092 911 6428
2091 912 6427
2090 913 6426
2089 914 6425
2088 915 6424
2087 916 6423
2086 917 6422
2085 918 6421
2084 919 6420
2083 920 6419
2082 921 6418
2081 922 6417
2080 923 6416
2079 924 6415
2078 925 6414
2077 926 6413
2076 927 6412
2075 928 6411
2074 929 6410
2073 930 6409
2072 931 6408
2071 932 6407
2070 933 6406
2069 934 6405
2068 935 6404
2067 936 6403
2066 937 6402
2065 938 6401
2064 939 6400
2063 940 6399
2062 941 6398
2061 942 6397
2060 943 6396
2059 944 6395
2058 945 6394
2057 946 6393
2056 947 6392
2055 948 6391
2054 949 6390
2053 950 6389
2052 951 6388
2051 952 6387
2050 953 6386
2049 954 6385
2048 955 6384
2047 956 6383
2046 957 6382
2045 958 6381
2044 959 6380
2043 960 6379
2042 961 6378
2041 962 6377
2040 963 6376
2039 964 6375
2038 965 6374
2037 966 6373
2036 967 6372
2035 968 6371
2034 969 6370
2033 970 6369
2032 971 6368
2031 972 6367
2030 973 6366
2029 974 6365
2028 975 6364
2027 976 6363
2026 977 6362
2025 978 6361
2024 979 6360
2023 980 6359
2022 981 6358
2021 982 6357
2020 983 6356
2019 984 6355
2018 985 6354
2017 986 6353
2016 987 6352
2015 988 6351
2014 989 6350
2013 990 6349
2012 991 6348
2011 992 6347
2010 993 6346
2009 994 6345
2008 995 6344
2007 996 6343
2006 997 6342
2005 998 6341
2004 999 6340
2003 1000 6339
2002 1001 6338
2001 1002 6337
2000 1003 6336
1999 1004 6335
1998 1005 6334
1997 1006 6333
1996 1007 6332
1995 1008 6331
1994 1009 6330
1993 1010 6329
1992 1011 6328
1991 1012 6327
1990 1013 6326
1989 1014 6325
1988 1015 6324
1987 1016 6323
1986 1017 6322
1985 1018 6321
1984 1019 6320
1983 1020 6319
1982 1021 6318
1981 1022 6317
1980 1023 6316
1979 1024 6315
1978 1025 6314
1977 1026 6313
1976 1027 6312
1975 1028 6311
1974 1029 6310
1973 1030 6309
1972 1031 6308
1971 1032 6307
1970 1033 6306
1969 1034 6305
1968 1035 6304
1967 1036 6303
1966 1037 6302
1965 1038 6301
1964 1039 6300
1963 1040 6299
1962 1041 6298
1961 1042 6297
1960 1043 6296
1959 1044 6295
1958 1045 6294
1957 1046 6293
1956 1047 6292
1955 1048 6291
1954 1049 6290
1953 1050 6289
1952 1051 6288
1951 1052 6287
1950 1053 6286
1949 1054 6285
1948 1055 6284
1947 1056 6283
1946 1057 6282
1945 1058 6281
1944 1059 6280
1943 1060 6279
1942 1061 6278
1941 1062 6277
1940 1063 6276
1939 1064 6275
1938 1065 6274
1937 1066 6273
1936 1067 6272
1935 1068 6271
1934 1069 6270
1933 1070 6269
1932 1071 6268
1931 1072 6267
1930 1073 6266
1929 1074 6265
1928 1075 6264
1927 1076 6263
1926 1077 6262
1925 1078 6261
1924 1079 6260
1923 1080 6259
1922 1081 6258
1921 1082 6257
1920 1083 6256
1919 1084 6255
1918 1085 6254
1917 1086 6253
1916 1087 6252
1915 1088 6251
1914 1089 6250
1913 1090 6249
1912 1091 6248
1911 1092 6247
1910 1093 6246
1909 1094 6245
1908 1095 6244
1907 1096 6243
1906 1097 6242
1905 1098 6241
1904 1099 6240
1903 1100 6239
1902 1101 6238
1901 1102 6237
1900 1103 6236
1899 1104 6235
1898 1105 6234
1897 1106 6233
1896 1107 6232
1895 1108 6231
1894 1109 6230
1893 1110 6229
1892 1111 6228
1891 1112 6227
1890 1113 6226
1889 1114 6225
1888 1115 6224
1887 1116 6223
1886 1117 6222
1885 1118 6221
1884 1119 6220
1883 1120 6219
1882 1121 6218
1881 1122 6217
1880 1123 6216
1879 1124 6215
1878 1125 6214
1877 1126 6213
1876 1127 6212
1875 1128 6211
1874 1129 6210
1873 1130 6209
1872 1131 6208
1871 1132 6207
1870 1133 6206
1869 1134 6205
1868 1135 6204
1867 1136 6203
1866 1137 6202
1865 1138 6201
1864 1139 6200
1863 1140 6199
1862 1141 6198
1861 1142 6197
1860 1143 6196
1859 1144 6195
1858 1145 6194
1857 1146 6193
1856 1147 6192
1855 1148 6191
1854 1149 6190
1853 1150 6189
1852 1151 6188
1851 1152 6187
1850 1153 6186
1849 1154 6185
1848 1155 6184
1847 1156 6183
1846 1157 6182
1845 1158 6181
1844 1159 6180
1843 1160 6179
1842 1161 6178
1841 1162 6177
1840 1163 6176
1839 1164 6175
1838 1165 6174
1837 1166 6173
1836 1167 6172
1835 1168 6171
1834 1169 6170
1833 1170 6169
1832 1171 6168
1831 1172 6167
1830 1173 6166
1829 1174 6165
1828 1175 6164
1827 1176 6163
1826 1177 6162
1825 1178 6161
1824 1179 6160
1823 1180 6159
1822 1181 6158
1821 1182 6157
1820 1183 6156
1819 1184 6155
1818 1185 6154
1817 1186 6153
1816 1187 6152
1815 1188 6151
1814 1189 6150
1813 1190 6149
1812 1191 6148
1811 1192 6147
1810 1193 6146
1809 1194 6145
1808 1195 6144
1807 1196 6143
1806 1197 6142
1805 1198 6141
1804 1199 6140
1803 1200 6139
1802 1201 6138
1801 1202 6137
1800 1203 6136
1799 1204 6135
1798 1205 6134
1797 1206 6133
1796 1207 6132
1795 1208 6131
1794 1209 6130
1793 1210 6129
1792 1211 6128
1791 1212 6127
1790 1213 6126
1789 1214 6125
1788 1215 6124
1787 1216 6123
1786 1217 6122
1785 1218 6121
1784 1219 6120
1783 1220 6119
1782 1221 6118
1781 1222 6117
1780 1223 6116
1779 1224 6115
1778 1225 6114
1777 1226 6113
1776 1227 6112
1775 1228 6111
1774 1229 6110
1773 1230 6109
1772 1231 6108
1771 1232 6107
1770 1233 6106
1769 1234 6105
1768 1235 6104
1767 1236 6103
1766 1237 6102
1765 1238 6101
1764 1239 6100
1763 1240 6099
1762 1241 6098
1761 1242 6097
1760 1243 6096
1759 1244 6095
1758 1245 6094
1757 1246 6093
1756 1247 6092
1755 1248 6091
1754 1249 6090
1753 1250 6089
1752 1251 6088
1751 1252 6087
1750 1253 6086
1749 1254 6085
1748 1255 6084
1747 1256 6083
1746 1257 6082
1745 1258 6081
1744 1259 6080
1743 1260 6079
1742 1261 6078
1741 1262 6077
1740 1263 6076
1739 1264 6075
1738 1265 6074
1737 1266 6073
1736 1267 6072
1735 1268 6071
1734 1269 6070
1733 1270 6069
1732 1271 6068
1731 1272 6067
1730 1273 6066
1729 1274 6065
1728 1275 6064
1727 1276 6063
1726 1277 6062
1725 1278 6061
1724 1279 6060
1723 1280 6059
1722 1281 6058
1721 1282 6057
1720 1283 6056
1719 1284 6055
1718 1285 6054
1717 1286 6053
1716 1287 6052
1715 1288 6051
1714 1289 6050
1713 1290 6049
1712 1291 6048
1711 1292 6047
1710 1293 6046
1709 1294 6045
1708 1295 6044
1707 1296 6043
1706 1297 6042
1705 1298 6041
1704 1299 6040
1703 1300 6039
1702 1301 6038
1701 1302 6037
1700 1303 6036
1699 1304 6035
1698 1305 6034
1697 1306 6033
1696 1307 6032
1695 1308 6031
1694 1309 6030
1693 1310 6029
1692 1311 6028
1691 1312 6027
1690 1313 6026
1689 1314 6025
1688 1315 6024
1687 1316 6023
1686 1317 6022
1685 1318 6021
1684 1319 6020
1683 1320 6019
1682 1321 6018
1681 1322 6017
1680 1323 6016
1679 1324 6015
1678 1325 6014
1677 1326 6013
1676 1327 6012
1675 1328 6011
1674 1329 6010
1673 1330 6009
1672 1331 6008
1671 1332 6007
1670 1333 6006
1669 1334 6005
1668 1335 6004
1667 1336 6003
1666 1337 6002
1665 1338 6001
