2536
3000 3 8536
2999 4 8535
2998 5 8534
2997 6 8533
2996 7 8532
2995 8 8531
2994 9 8530
2993 10 8529
2992 11 8528
2991 12 8527
2990 13 8526
2989 14 8525
2988 15 8524
2987 16 8523
2986 17 8522
2985 18 8521
2984 19 8520
2983 20 8519
2982 21 8518
2981 22 8517
2980 23 8516
2979 24 8515
2978 25 8514
2977 26 8513
2976 27 8512
2975 28 8511
2974 29 8510
2973 30 8509
2972 31 8508
2971 32 8507
2970 33 8506
2969 34 8505
2968 35 8504
2967 36 8503
2966 37 8502
2965 38 8501
2964 39 8500
2963 40 8499
2962 41 8498
2961 42 8497
2960 43 8496
2959 44 8495
2958 45 8494
2957 46 8493
2956 47 8492
2955 48 8491
2954 49 8490
2953 50 8489
2952 51 8488
2951 52 8487
2950 53 8486
2949 54 8485
2948 55 8484
2947 56 8483
2946 57 8482
2945 58 8481
2944 59 8480
2943 60 8479
2942 61 8478
2941 62 8477
2940 63 8476
2939 64 8475
2938 65 8474
2937 66 8473
2936 67 8472
2935 68 8471
2934 69 8470
2933 70 8469
2932 71 8468
2931 72 8467
2930 73 8466
2929 74 8465
2928 75 8464
2927 76 8463
2926 77 8462
2925 78 8461
2924 79 8460
2923 80 8459
2922 81 8458
2921 82 8457
2920 83 8456
2919 84 8455
2918 85 8454
2917 86 8453
2916 87 8452
2915 88 8451
2914 89 8450
2913 90 8449
2912 91 8448
2911 92 8447
2910 93 8446
2909 94 8445
2908 95 8444
2907 96 8443
2906 97 8442
2905 98 8441
2904 99 8440
2903 100 8439
2902 101 8438
2901 102 8437
2900 103 8436
2899 104 8435
2898 105 8434
2897 106 8433
2896 107 8432
2895 108 8431
2894 109 8430
2893 110 8429
2892 111 8428
2891 112 8427
2890 113 8426
2889 114 8425
2888 115 8424
2887 116 8423
2886 117 8422
2885 118 8421
2884 119 8420
2883 120 8419
2882 121 8418
2881 122 8417
2880 123 8416
2879 124 8415
2878 125 8414
2877 126 8413
2876 127 8412
2875 128 8411
2874 129 8410
2873 130 8409
2872 131 8408
2871 132 8407
2870 133 8406
2869 134 8405
2868 135 8404
2867 136 8403
2866 137 8402
2865 138 8401
2864 139 8400
2863 140 8399
2862 141 8398
2861 142 8397
2860 143 8396
2859 144 8395
2858 145 8394
2857 146 8393
2856 147 8392
2855 148 8391
2854 149 8390
2853 150 8389
2852 151 8388
2851 152 8387
2850 153 8386
2849 154 8385
2848 155 8384
2847 156 8383
2846 157 8382
2845 158 8381
2844 159 8380
2843 160 8379
2842 161 8378
2841 162 8377
2840 163 8376
2839 164 8375
2838 165 8374
2837 166 8373
2836 167 8372
2835 168 8371
2834 169 8370
2833 170 8369
2832 171 8368
2831 172 8367
2830 173 8366
2829 174 8365
2828 175 8364
2827 176 8363
2826 177 8362
2825 178 8361
2824 179 8360
2823 180 8359
2822 181 8358
2821 182 8357
2820 183 8356
2819 184 8355
2818 185 8354
2817 186 8353
2816 187 8352
2815 188 8351
2814 189 8350
2813 190 8349
2812 191 8348
2811 192 8347
2810 193 8346
2809 194 8345
2808 195 8344
2807 196 8343
2806 197 8342
2805 198 8341
2804 199 8340
2803 200 8339
2802 201 8338
2801 202 8337
2800 203 8336
2799 204 8335
2798 205 8334
2797 206 8333
2796 207 8332
2795 208 8331
2794 209 8330
2793 210 8329
2792 211 8328
2791 212 8327
2790 213 8326
2789 214 8325
2788 215 8324
2787 216 8323
2786 217 8322
2785 218 8321
2784 219 8320
2783 220 8319
2782 221 8318
2781 222 8317
2780 223 8316
2779 224 8315
2778 225 8314
2777 226 8313
2776 227 8312
2775 228 8311
2774 229 8310
2773 230 8309
2772 231 8308
2771 232 8307
2770 233 8306
2769 234 8305
2768 235 8304
2767 236 8303
2766 237 8302
2765 238 8301
2764 239 8300
2763 240 8299
2762 241 8298
2761 242 8297
2760 243 8296
2759 244 8295
2758 245 8294
2757 246 8293
2756 247 8292
2755 248 8291
2754 249 8290
2753 250 8289
2752 251 8288
2751 252 8287
2750 253 8286
2749 254 8285
2748 255 8284
2747 256 8283
2746 257 8282
2745 258 8281
2744 259 8280
2743 260 8279
2742 261 8278
2741 262 8277
2740 263 8276
2739 264 8275
2738 265 8274
2737 266 8273
2736 267 8272
2735 268 8271
2734 269 8270
2733 270 8269
2732 271 8268
2731 272 8267
2730 273 8266
2729 274 8265
2728 275 8264
2727 276 8263
2726 277 8262
2725 278 8261
2724 279 8260
2723 280 8259
2722 281 8258
2721 282 8257
2720 283 8256
2719 284 8255
2718 285 8254
2717 286 8253
2716 287 8252
2715 288 8251
2714 289 8250
2713 290 8249
2712 291 8248
2711 292 8247
2710 293 8246
2709 294 8245
2708 295 8244
2707 296 8243
2706 297 8242
2705 298 8241
2704 299 8240
2703 300 8239
2702 301 8238
2701 302 8237
2700 303 8236
2699 304 8235
2698 305 8234
2697 306 8233
2696 307 8232
2695 308 8231
2694 309 8230
2693 310 8229
2692 311 8228
2691 312 8227
2690 313 8226
2689 314 8225
2688 315 8224
2687 316 8223
2686 317 8222
2685 318 8221
2684 319 8220
2683 320 8219
2682 321 8218
2681 322 8217
2680 323 8216
2679 324 8215
2678 325 8214
2677 326 8213
2676 327 8212
2675 328 8211
2674 329 8210
2673 330 8209
2672 331 8208
2671 332 8207
2670 333 8206
2669 334 8205
2668 335 8204
2667 336 8203
2666 337 8202
2665 338 8201
2664 339 8200
2663 340 8199
2662 341 8198
2661 342 8197
2660 343 8196
2659 344 8195
2658 345 8194
2657 346 8193
2656 347 8192
2655 348 8191
2654 349 8190
2653 350 8189
2652 351 8188
2651 352 8187
2650 353 8186
2649 354 8185
2648 355 8184
2647 356 8183
2646 357 8182
2645 358 8181
2644 359 8180
2643 360 8179
2642 361 8178
2641 362 8177
2640 363 8176
2639 364 8175
2638 365 8174
2637 366 8173
2636 367 8172
2635 368 8171
2634 369 8170
2633 370 8169
2632 371 8168
2631 372 8167
2630 373 8166
2629 374 8165
2628 375 8164
2627 376 8163
2626 377 8162
2625 378 8161
2624 379 8160
2623 380 8159
2622 381 8158
2621 382 8157
2620 383 8156
2619 384 8155
2618 385 8154
2617 386 8153
2616 387 8152
2615 388 8151
2614 389 8150
2613 390 8149
2612 391 8148
2611 392 8147
2610 393 8146
2609 394 8145
2608 395 8144
2607 396 8143
2606 397 8142
2605 398 8141
2604 399 8140
2603 400 8139
2602 401 8138
2601 402 8137
2600 403 8136
2599 404 8135
2598 405 8134
2597 406 8133
2596 407 8132
2595 408 8131
2594 409 8130
2593 410 8129
2592 411 8128
2591 412 8127
2590 413 8126
2589 414 8125
2588 415 8124
2587 416 8123
2586 417 8122
2585 418 8121
2584 419 8120
2583 420 8119
2582 421 8118
2581 422 8117
2580 423 8116
2579 424 8115
2578 425 8114
2577 426 8113
2576 427 8112
2575 428 8111
2574 429 8110
2573 430 8109
2572 431 8108
2571 432 8107
2570 433 8106
2569 434 8105
2568 435 8104
2567 436 8103
2566 437 8102
2565 438 8101
2564 439 8100
2563 440 8099
2562 441 8098
2561 442 8097
2560 443 8096
2559 444 8095
2558 445 8094
2557 446 8093
2556 447 8092
2555 448 8091
2554 449 8090
2553 450 8089
2552 451 8088
2551 452 8087
2550 453 8086
2549 454 8085
2548 455 8084
2547 456 8083
2546 457 8082
2545 458 8081
2544 459 8080
2543 460 8079
2542 461 8078
2541 462 8077
2540 463 8076
2539 464 8075
2538 465 8074
2537 466 8073
2536 467 8072
2535 468 8071
2534 469 8070
2533 470 8069
2532 471 8068
2531 472 8067
2530 473 8066
2529 474 8065
2528 475 8064
2527 476 8063
2526 477 8062
2525 478 8061
2524 479 8060
2523 480 8059
2522 481 8058
2521 482 8057
2520 483 8056
2519 484 8055
2518 485 8054
2517 486 8053
2516 487 8052
2515 488 8051
2514 489 8050
2513 490 8049
2512 491 8048
2511 492 8047
2510 493 8046
2509 494 8045
2508 495 8044
2507 496 8043
2506 497 8042
2505 498 8041
2504 499 8040
2503 500 8039
2502 501 8038
2501 502 8037
2500 503 8036
2499 504 8035
2498 505 8034
2497 506 8033
2496 507 8032
2495 508 8031
2494 509 8030
2493 510 8029
2492 511 8028
2491 512 8027
2490 513 8026
2489 514 8025
2488 515 8024
2487 516 8023
2486 517 8022
2485 518 8021
2484 519 8020
2483 520 8019
2482 521 8018
2481 522 8017
2480 523 8016
2479 524 8015
2478 525 8014
2477 526 8013
2476 527 8012
2475 528 8011
2474 529 8010
2473 530 8009
2472 531 8008
2471 532 8007
2470 533 8006
2469 534 8005
2468 535 8004
2467 536 8003
2466 537 8002
2465 538 8001
2464 539 8000
2463 540 7999
2462 541 7998
2461 542 7997
2460 543 7996
2459 544 7995
2458 545 7994
2457 546 7993
2456 547 7992
2455 548 7991
2454 549 7990
2453 550 7989
2452 551 7988
2451 552 7987
2450 553 7986
2449 554 7985
2448 555 7984
2447 556 7983
2446 557 7982
2445 558 7981
2444 559 7980
2443 560 7979
2442 561 7978
2441 562 7977
2440 563 7976
2439 564 7975
2438 565 7974
2437 566 7973
2436 567 7972
2435 568 7971
2434 569 7970
2433 570 7969
2432 571 7968
2431 572 7967
2430 573 7966
2429 574 7965
2428 575 7964
2427 576 7963
2426 577 7962
2425 578 7961
2424 579 7960
2423 580 7959
2422 581 7958
2421 582 7957
2420 583 7956
2419 584 7955
2418 585 7954
2417 586 7953
2416 587 7952
2415 588 7951
2414 589 7950
2413 590 7949
2412 591 7948
2411 592 7947
2410 593 7946
2409 594 7945
2408 595 7944
2407 596 7943
2406 597 7942
2405 598 7941
2404 599 7940
2403 600 7939
2402 601 7938
2401 602 7937
2400 603 7936
2399 604 7935
2398 605 7934
2397 606 7933
2396 607 7932
2395 608 7931
2394 609 7930
2393 610 7929
2392 611 7928
2391 612 7927
2390 613 7926
2389 614 7925
2388 615 7924
2387 616 7923
2386 617 7922
2385 618 7921
2384 619 7920
2383 620 7919
2382 621 7918
2381 622 7917
2380 623 7916
2379 624 7915
2378 625 7914
2377 626 7913
2376 627 7912
2375 628 7911
2374 629 7910
2373 630 7909
2372 631 7908
2371 632 7907
2370 633 7906
2369 634 7905
2368 635 7904
2367 636 7903
2366 637 7902
2365 638 7901
2364 639 7900
2363 640 7899
2362 641 7898
2361 642 7897
2360 643 7896
2359 644 7895
2358 645 7894
2357 646 7893
2356 647 7892
2355 648 7891
2354 649 7890
2353 650 7889
2352 651 7888
2351 652 7887
2350 653 7886
2349 654 7885
2348 655 7884
2347 656 7883
2346 657 7882
2345 658 7881
2344 659 7880
2343 660 7879
2342 661 7878
2341 662 7877
2340 663 7876
2339 664 7875
2338 665 7874
2337 666 7873
2336 667 7872
2335 668 7871
2334 669 7870
2333 670 7869
2332 671 7868
2331 672 7867
2330 673 7866
2329 674 7865
2328 675 7864
2327 676 7863
2326 677 7862
2325 678 7861
2324 679 7860
2323 680 7859
2322 681 7858
2321 682 7857
2320 683 7856
2319 684 7855
2318 685 7854
2317 686 7853
2316 687 7852
2315 688 7851
2314 689 7850
2313 690 7849
2312 691 7848
2311 692 7847
2310 693 7846
2309 694 7845
2308 695 7844
2307 696 7843
2306 697 7842
2305 698 7841
2304 699 7840
2303 700 7839
2302 701 7838
2301 702 7837
2300 703 7836
2299 704 7835
2298 705 7834
2297 706 7833
2296 707 7832
2295 708 7831
2294 709 7830
2293 710 7829
2292 711 7828
2291 712 7827
2290 713 7826
2289 714 7825
2288 715 7824
2287 716 7823
2286 717 7822
2285 718 7821
2284 719 7820
2283 720 7819
2282 721 7818
2281 722 7817
2280 723 7816
2279 724 7815
2278 725 7814
2277 726 7813
2276 727 7812
2275 728 7811
2274 729 7810
2273 730 7809
2272 731 7808
2271 732 7807
2270 733 7806
2269 734 7805
2268 735 7804
2267 736 7803
2266 737 7802
2265 738 7801
2264 739 7800
2263 740 7799
2262 741 7798
2261 742 7797
2260 743 7796
2259 744 7795
2258 745 7794
2257 746 7793
2256 747 7792
2255 748 7791
2254 749 7790
2253 750 7789
2252 751 7788
2251 752 7787
2250 753 7786
2249 754 7785
2248 755 7784
2247 756 7783
2246 757 7782
2245 758 7781
2244 759 7780
2243 760 7779
2242 761 7778
2241 762 7777
2240 763 7776
2239 764 7775
2238 765 7774
2237 766 7773
2236 767 7772
2235 768 7771
2234 769 7770
2233 770 7769
2232 771 7768
2231 772 7767
2230 773 7766
2229 774 7765
2228 775 7764
2227 776 7763
2226 777 7762
2225 778 7761
2224 779 7760
2223 780 7759
2222 781 7758
2221 782 7757
2220 783 7756
2219 784 7755
2218 785 7754
2217 786 7753
2216 787 7752
2215 788 7751
2214 789 7750
2213 790 7749
2212 791 7748
2211 792 7747
2210 793 7746
2209 794 7745
2208 795 7744
2207 796 7743
2206 797 7742
2205 798 7741
2204 799 7740
2203 800 7739
2202 801 7738
2201 802 7737
2200 803 7736
2199 804 7735
2198 805 7734
2197 806 7733
2196 807 7732
2195 808 7731
2194 809 7730
2193 810 7729
2192 811 7728
2191 812 7727
2190 813 7726
2189 814 7725
2188 815 7724
2187 816 7723
2186 817 7722
2185 818 7721
2184 819 7720
2183 820 7719
2182 821 7718
2181 822 7717
2180 823 7716
2179 824 7715
2178 825 7714
2177 826 7713
2176 827 7712
2175 828 7711
2174 829 7710
2173 830 7709
2172 831 7708
2171 832 7707
2170 833 7706
2169 834 7705
2168 835 7704
2167 836 7703
2166 837 7702
2165 838 7701
2164 839 7700
2163 840 7699
2162 841 7698
2161 842 7697
2160 843 7696
2159 844 7695
2158 845 7694
2157 846 7693
2156 847 7692
2155 848 7691
2154 849 7690
2153 850 7689
2152 851 7688
2151 852 7687
2150 853 7686
2149 854 7685
2148 855 7684
2147 856 7683
2146 857 7682
2145 858 7681
2144 859 7680
2143 860 7679
2142 861 7678
2141 862 7677
2140 863 7676
2139 864 7675
2138 865 7674
2137 866 7673
2136 867 7672
2135 868 7671
2134 869 7670
2133 870 7669
2132 871 7668
2131 872 7667
2130 873 7666
2129 874 7665
2128 875 7664
2127 876 7663
2126 877 7662
2125 878 7661
2124 879 7660
2123 880 7659
2122 881 7658
2121 882 7657
2120 883 7656
2119 884 7655
2118 885 7654
2117 886 7653
2116 887 7652
2115 888 7651
2114 889 7650
2113 890 7649
2112 891 7648
2111 892 7647
2110 893 7646
2109 894 7645
2108 895 7644
2107 896 7643
2106 897 7642
2105 898 7641
2104 899 7640
2103 900 7639
2102 901 7638
2101 902 7637
2100 903 7636
2099 904 7635
2098 905 7634
2097 906 7633
2096 907 7632
2095 908 7631
2094 909 7630
2093 910 7629
2092 911 7628
2091 912 7627
2090 913 7626
2089 914 7625
2088 915 7624
2087 916 7623
2086 917 7622
2085 918 7621
2084 919 7620
2083 920 7619
2082 921 7618
2081 922 7617
2080 923 7616
2079 924 7615
2078 925 7614
2077 926 7613
2076 927 7612
2075 928 7611
2074 929 7610
2073 930 7609
2072 931 7608
2071 932 7607
2070 933 7606
2069 934 7605
2068 935 7604
2067 936 7603
2066 937 7602
2065 938 7601
2064 939 7600
2063 940 7599
2062 941 7598
2061 942 7597
2060 943 7596
2059 944 7595
2058 945 7594
2057 946 7593
2056 947 7592
2055 948 7591
2054 949 7590
2053 950 7589
2052 951 7588
2051 952 7587
2050 953 7586
2049 954 7585
2048 955 7584
2047 956 7583
2046 957 7582
2045 958 7581
2044 959 7580
2043 960 7579
2042 961 7578
2041 962 7577
2040 963 7576
2039 964 7575
2038 965 7574
2037 966 7573
2036 967 7572
2035 968 7571
2034 969 7570
2033 970 7569
2032 971 7568
2031 972 7567
2030 973 7566
2029 974 7565
2028 975 7564
2027 976 7563
2026 977 7562
2025 978 7561
2024 979 7560
2023 980 7559
2022 981 7558
2021 982 7557
2020 983 7556
2019 984 7555
2018 985 7554
2017 986 7553
2016 987 7552
2015 988 7551
2014 989 7550
2013 990 7549
2012 991 7548
2011 992 7547
2010 993 7546
2009 994 7545
2008 995 7544
2007 996 7543
2006 997 7542
2005 998 7541
2004 999 7540
2003 1000 7539
2002 1001 7538
2001 1002 7537
2000 1003 7536
1999 1004 7535
1998 1005 7534
1997 1006 7533
1996 1007 7532
1995 1008 7531
1994 1009 7530
1993 1010 7529
1992 1011 7528
1991 1012 7527
1990 1013 7526
1989 1014 7525
1988 1015 7524
1987 1016 7523
1986 1017 7522
1985 1018 7521
1984 1019 7520
1983 1020 7519
1982 1021 7518
1981 1022 7517
1980 1023 7516
1979 1024 7515
1978 1025 7514
1977 1026 7513
1976 1027 7512
1975 1028 7511
1974 1029 7510
1973 1030 7509
1972 1031 7508
1971 1032 7507
1970 1033 7506
1969 1034 7505
1968 1035 7504
1967 1036 7503
1966 1037 7502
1965 1038 7501
1964 1039 7500
1963 1040 7499
1962 1041 7498
1961 1042 7497
1960 1043 7496
1959 1044 7495
1958 1045 7494
1957 1046 7493
1956 1047 7492
1955 1048 7491
1954 1049 7490
1953 1050 7489
1952 1051 7488
1951 1052 7487
1950 1053 7486
1949 1054 7485
1948 1055 7484
1947 1056 7483
1946 1057 7482
1945 1058 7481
1944 1059 7480
1943 1060 7479
1942 1061 7478
1941 1062 7477
1940 1063 7476
1939 1064 7475
1938 1065 7474
1937 1066 7473
1936 1067 7472
1935 1068 7471
1934 1069 7470
1933 1070 7469
1932 1071 7468
1931 1072 7467
1930 1073 7466
1929 1074 7465
1928 1075 7464
1927 1076 7463
1926 1077 7462
1925 1078 7461
1924 1079 7460
1923 1080 7459
1922 1081 7458
1921 1082 7457
1920 1083 7456
1919 1084 7455
1918 1085 7454
1917 1086 7453
1916 1087 7452
1915 1088 7451
1914 1089 7450
1913 1090 7449
1912 1091 7448
1911 1092 7447
1910 1093 7446
1909 1094 7445
1908 1095 7444
1907 1096 7443
1906 1097 7442
1905 1098 7441
1904 1099 7440
1903 1100 7439
1902 1101 7438
1901 1102 7437
1900 1103 7436
1899 1104 7435
1898 1105 7434
1897 1106 7433
1896 1107 7432
1895 1108 7431
1894 1109 7430
1893 1110 7429
1892 1111 7428
1891 1112 7427
1890 1113 7426
1889 1114 7425
1888 1115 7424
1887 1116 7423
1886 1117 7422
1885 1118 7421
1884 1119 7420
1883 1120 7419
1882 1121 7418
1881 1122 7417
1880 1123 7416
1879 1124 7415
1878 1125 7414
1877 1126 7413
1876 1127 7412
1875 1128 7411
1874 1129 7410
1873 1130 7409
1872 1131 7408
1871 1132 7407
1870 1133 7406
1869 1134 7405
1868 1135 7404
1867 1136 7403
1866 1137 7402
1865 1138 7401
1864 1139 7400
1863 1140 7399
1862 1141 7398
1861 1142 7397
1860 1143 7396
1859 1144 7395
1858 1145 7394
1857 1146 7393
1856 1147 7392
1855 1148 7391
1854 1149 7390
1853 1150 7389
1852 1151 7388
1851 1152 7387
1850 1153 7386
1849 1154 7385
1848 1155 7384
1847 1156 7383
1846 1157 7382
1845 1158 7381
1844 1159 7380
1843 1160 7379
1842 1161 7378
1841 1162 7377
1840 1163 7376
1839 1164 7375
1838 1165 7374
1837 1166 7373
1836 1167 7372
1835 1168 7371
1834 1169 7370
1833 1170 7369
1832 1171 7368
1831 1172 7367
1830 1173 7366
1829 1174 7365
1828 1175 7364
1827 1176 7363
1826 1177 7362
1825 1178 7361
1824 1179 7360
1823 1180 7359
1822 1181 7358
1821 1182 7357
1820 1183 7356
1819 1184 7355
1818 1185 7354
1817 1186 7353
1816 1187 7352
1815 1188 7351
1814 1189 7350
1813 1190 7349
1812 1191 7348
1811 1192 7347
1810 1193 7346
1809 1194 7345
1808 1195 7344
1807 1196 7343
1806 1197 7342
1805 1198 7341
1804 1199 7340
1803 1200 7339
1802 1201 7338
1801 1202 7337
1800 1203 7336
1799 1204 7335
1798 1205 7334
1797 1206 7333
1796 1207 7332
1795 1208 7331
1794 1209 7330
1793 1210 7329
1792 1211 7328
1791 1212 7327
1790 1213 7326
1789 1214 7325
1788 1215 7324
1787 1216 7323
1786 1217 7322
1785 1218 7321
1784 1219 7320
1783 1220 7319
1782 1221 7318
1781 1222 7317
1780 1223 7316
1779 1224 7315
1778 1225 7314
1777 1226 7313
1776 1227 7312
1775 1228 7311
1774 1229 7310
1773 1230 7309
1772 1231 7308
1771 1232 7307
1770 1233 7306
1769 1234 7305
1768 1235 7304
1767 1236 7303
1766 1237 7302
1765 1238 7301
1764 1239 7300
1763 1240 7299
1762 1241 7298
1761 1242 7297
1760 1243 7296
1759 1244 7295
1758 1245 7294
1757 1246 7293
1756 1247 7292
1755 1248 7291
1754 1249 7290
1753 1250 7289
1752 1251 7288
1751 1252 7287
1750 1253 7286
1749 1254 7285
1748 1255 7284
1747 1256 7283
1746 1257 7282
1745 1258 7281
1744 1259 7280
1743 1260 7279
1742 1261 7278
1741 1262 7277
1740 1263 7276
1739 1264 7275
1738 1265 7274
1737 1266 7273
1736 1267 7272
1735 1268 7271
1734 1269 7270
1733 1270 7269
1732 1271 7268
1731 1272 7267
1730 1273 7266
1729 1274 7265
1728 1275 7264
1727 1276 7263
1726 1277 7262
1725 1278 7261
1724 1279 7260
1723 1280 7259
1722 1281 7258
1721 1282 7257
1720 1283 7256
1719 1284 7255
1718 1285 7254
1717 1286 7253
1716 1287 7252
1715 1288 7251
1714 1289 7250
1713 1290 7249
1712 1291 7248
1711 1292 7247
1710 1293 7246
1709 1294 7245
1708 1295 7244
1707 1296 7243
1706 1297 7242
1705 1298 7241
1704 1299 7240
1703 1300 7239
1702 1301 7238
1701 1302 7237
1700 1303 7236
1699 1304 7235
1698 1305 7234
1697 1306 7233
1696 1307 7232
1695 1308 7231
1694 1309 7230
1693 1310 7229
1692 1311 7228
1691 1312 7227
1690 1313 7226
1689 1314 7225
1688 1315 7224
1687 1316 7223
1686 1317 7222
1685 1318 7221
1684 1319 7220
1683 1320 7219
1682 1321 7218
1681 1322 7217
1680 1323 7216
1679 1324 7215
1678 1325 7214
1677 1326 7213
1676 1327 7212
1675 1328 7211
1674 1329 7210
1673 1330 7209
1672 1331 7208
1671 1332 7207
1670 1333 7206
1669 1334 7205
1668 1335 7204
1667 1336 7203
1666 1337 7202
1665 1338 7201
1664 1339 7200
1663 1340 7199
1662 1341 7198
1661 1342 7197
1660 1343 7196
1659 1344 7195
1658 1345 7194
1657 1346 7193
1656 1347 7192
1655 1348 7191
1654 1349 7190
1653 1350 7189
1652 1351 7188
1651 1352 7187
1650 1353 7186
1649 1354 7185
1648 1355 7184
1647 1356 7183
1646 1357 7182
1645 1358 7181
1644 1359 7180
1643 1360 7179
1642 1361 7178
1641 1362 7177
1640 1363 7176
1639 1364 7175
1638 1365 7174
1637 1366 7173
1636 1367 7172
1635 1368 7171
1634 1369 7170
1633 1370 7169
1632 1371 7168
1631 1372 7167
1630 1373 7166
1629 1374 7165
1628 1375 7164
1627 1376 7163
1626 1377 7162
1625 1378 7161
1624 1379 7160
1623 1380 7159
1622 1381 7158
1621 1382 7157
1620 1383 7156
1619 1384 7155
1618 1385 7154
1617 1386 7153
1616 1387 7152
1615 1388 7151
1614 1389 7150
1613 1390 7149
1612 1391 7148
1611 1392 7147
1610 1393 7146
1609 1394 7145
1608 1395 7144
1607 1396 7143
1606 1397 7142
1605 1398 7141
1604 1399 7140
1603 1400 7139
1602 1401 7138
1601 1402 7137
1600 1403 7136
1599 1404 7135
1598 1405 7134
1597 1406 7133
1596 1407 7132
1595 1408 7131
1594 1409 7130
1593 1410 7129
1592 1411 7128
1591 1412 7127
1590 1413 7126
1589 1414 7125
1588 1415 7124
1587 1416 7123
1586 1417 7122
1585 1418 7121
1584 1419 7120
1583 1420 7119
1582 1421 7118
1581 1422 7117
1580 1423 7116
1579 1424 7115
1578 1425 7114
1577 1426 7113
1576 1427 7112
1575 1428 7111
1574 1429 7110
1573 1430 7109
1572 1431 7108
1571 1432 7107
1570 1433 7106
1569 1434 7105
1568 1435 7104
1567 1436 7103
1566 1437 7102
1565 1438 7101
1564 1439 7100
1563 1440 7099
1562 1441 7098
1561 1442 7097
1560 1443 7096
1559 1444 7095
1558 1445 7094
1557 1446 7093
1556 1447 7092
1555 1448 7091
1554 1449 7090
1553 1450 7089
1552 1451 7088
1551 1452 7087
1550 1453 7086
1549 1454 7085
1548 1455 7084
1547 1456 7083
1546 1457 7082
1545 1458 7081
1544 1459 7080
1543 1460 7079
1542 1461 7078
1541 1462 7077
1540 1463 7076
1539 1464 7075
1538 1465 7074
1537 1466 7073
1536 1467 7072
1535 1468 7071
1534 1469 7070
1533 1470 7069
1532 1471 7068
1531 1472 7067
1530 1473 7066
1529 1474 7065
1528 1475 7064
1527 1476 7063
1526 1477 7062
1525 1478 7061
1524 1479 7060
1523 1480 7059
1522 1481 7058
1521 1482 7057
1520 1483 7056
1519 1484 7055
1518 1485 7054
1517 1486 7053
1516 1487 7052
1515 1488 7051
1514 1489 7050
1513 1490 7049
1512 1491 7048
1511 1492 7047
1510 1493 7046
1509 1494 7045
1508 1495 7044
1507 1496 7043
1506 1497 7042
1505 1498 7041
1504 1499 7040
1503 1500 7039
1502 1501 7038
1501 1502 7037
1500 1503 7036
1499 1504 7035
1498 1505 7034
1497 1506 7033
1496 1507 7032
1495 1508 7031
1494 1509 7030
1493 1510 7029
1492 1511 7028
1491 1512 7027
1490 1513 7026
1489 1514 7025
1488 1515 7024
1487 1516 7023
1486 1517 7022
1485 1518 7021
1484 1519 7020
1483 1520 7019
1482 1521 7018
1481 1522 7017
1480 1523 7016
1479 1524 7015
1478 1525 7014
1477 1526 7013
1476 1527 7012
1475 1528 7011
1474 1529 7010
1473 1530 7009
1472 1531 7008
1471 1532 7007
1470 1533 7006
1469 1534 7005
1468 1535 7004
1467 1536 7003
1466 1537 7002
1465 1538 7001
1464 1539 7000
1463 1540 6999
1462 1541 6998
1461 1542 6997
1460 1543 6996
1459 1544 6995
1458 1545 6994
1457 1546 6993
1456 1547 6992
1455 1548 6991
1454 1549 6990
1453 1550 6989
1452 1551 6988
1451 1552 6987
1450 1553 6986
1449 1554 6985
1448 1555 6984
1447 1556 6983
1446 1557 6982
1445 1558 6981
1444 1559 6980
1443 1560 6979
1442 1561 6978
1441 1562 6977
1440 1563 6976
1439 1564 6975
1438 1565 6974
1437 1566 6973
1436 1567 6972
1435 1568 6971
1434 1569 6970
1433 1570 6969
1432 1571 6968
1431 1572 6967
1430 1573 6966
1429 1574 6965
1428 1575 6964
1427 1576 6963
1426 1577 6962
1425 1578 6961
1424 1579 6960
1423 1580 6959
1422 1581 6958
1421 1582 6957
1420 1583 6956
1419 1584 6955
1418 1585 6954
1417 1586 6953
1416 1587 6952
1415 1588 6951
1414 1589 6950
1413 1590 6949
1412 1591 6948
1411 1592 6947
1410 1593 6946
1409 1594 6945
1408 1595 6944
1407 1596 6943
1406 1597 6942
1405 1598 6941
1404 1599 6940
1403 1600 6939
1402 1601 6938
1401 1602 6937
1400 1603 6936
1399 1604 6935
1398 1605 6934
1397 1606 6933
1396 1607 6932
1395 1608 6931
1394 1609 6930
1393 1610 6929
1392 1611 6928
1391 1612 6927
1390 1613 6926
1389 1614 6925
1388 1615 6924
1387 1616 6923
1386 1617 6922
1385 1618 6921
1384 1619 6920
1383 1620 6919
1382 1621 6918
1381 1622 6917
1380 1623 6916
1379 1624 6915
1378 1625 6914
1377 1626 6913
1376 1627 6912
1375 1628 6911
1374 1629 6910
1373 1630 6909
1372 1631 6908
1371 1632 6907
1370 1633 6906
1369 1634 6905
1368 1635 6904
1367 1636 6903
1366 1637 6902
1365 1638 6901
1364 1639 6900
1363 1640 6899
1362 1641 6898
1361 1642 6897
1360 1643 6896
1359 1644 6895
1358 1645 6894
1357 1646 6893
1356 1647 6892
1355 1648 6891
1354 1649 6890
1353 1650 6889
1352 1651 6888
1351 1652 6887
1350 1653 6886
1349 1654 6885
1348 1655 6884
1347 1656 6883
1346 1657 6882
1345 1658 6881
1344 1659 6880
1343 1660 6879
1342 1661 6878
1341 1662 6877
1340 1663 6876
1339 1664 6875
1338 1665 6874
1337 1666 6873
1336 1667 6872
1335 1668 6871
1334 1669 6870
1333 1670 6869
1332 1671 6868
1331 1672 6867
1330 1673 6866
1329 1674 6865
1328 1675 6864
1327 1676 6863
1326 1677 6862
1325 1678 6861
1324 1679 6860
1323 1680 6859
1322 1681 6858
1321 1682 6857
1320 1683 6856
1319 1684 6855
1318 1685 6854
1317 1686 6853
1316 1687 6852
1315 1688 6851
1314 1689 6850
1313 1690 6849
1312 1691 6848
1311 1692 6847
1310 1693 6846
1309 1694 6845
1308 1695 6844
1307 1696 6843
1306 1697 6842
1305 1698 6841
1304 1699 6840
1303 1700 6839
1302 1701 6838
1301 1702 6837
1300 1703 6836
1299 1704 6835
1298 1705 6834
1297 1706 6833
1296 1707 6832
1295 1708 6831
1294 1709 6830
1293 1710 6829
1292 1711 6828
1291 1712 6827
1290 1713 6826
1289 1714 6825
1288 1715 6824
1287 1716 6823
1286 1717 6822
1285 1718 6821
1284 1719 6820
1283 1720 6819
1282 1721 6818
1281 1722 6817
1280 1723 6816
1279 1724 6815
1278 1725 6814
1277 1726 6813
1276 1727 6812
1275 1728 6811
1274 1729 6810
1273 1730 6809
1272 1731 6808
1271 1732 6807
1270 1733 6806
1269 1734 6805
1268 1735 6804
1267 1736 6803
1266 1737 6802
1265 1738 6801
1264 1739 6800
1263 1740 6799
1262 1741 6798
1261 1742 6797
1260 1743 6796
1259 1744 6795
1258 1745 6794
1257 1746 6793
1256 1747 6792
1255 1748 6791
1254 1749 6790
1253 1750 6789
1252 1751 6788
1251 1752 6787
1250 1753 6786
1249 1754 6785
1248 1755 6784
1247 1756 6783
1246 1757 6782
1245 1758 6781
1244 1759 6780
1243 1760 6779
1242 1761 6778
1241 1762 6777
1240 1763 6776
1239 1764 6775
1238 1765 6774
1237 1766 6773
1236 1767 6772
1235 1768 6771
1234 1769 6770
1233 1770 6769
1232 1771 6768
1231 1772 6767
1230 1773 6766
1229 1774 6765
1228 1775 6764
1227 1776 6763
1226 1777 6762
1225 1778 6761
1224 1779 6760
1223 1780 6759
1222 1781 6758
1221 1782 6757
1220 1783 6756
1219 1784 6755
1218 1785 6754
1217 1786 6753
1216 1787 6752
1215 1788 6751
1214 1789 6750
1213 1790 6749
1212 1791 6748
1211 1792 6747
1210 1793 6746
1209 1794 6745
1208 1795 6744
1207 1796 6743
1206 1797 6742
1205 1798 6741
1204 1799 6740
1203 1800 6739
1202 1801 6738
1201 1802 6737
1200 1803 6736
1199 1804 6735
1198 1805 6734
1197 1806 6733
1196 1807 6732
1195 1808 6731
1194 1809 6730
1193 1810 6729
1192 1811 6728
1191 1812 6727
1190 1813 6726
1189 1814 6725
1188 1815 6724
1187 1816 6723
1186 1817 6722
1185 1818 6721
1184 1819 6720
1183 1820 6719
1182 1821 6718
1181 1822 6717
1180 1823 6716
1179 1824 6715
1178 1825 6714
1177 1826 6713
1176 1827 6712
1175 1828 6711
1174 1829 6710
1173 1830 6709
1172 1831 6708
1171 1832 6707
1170 1833 6706
1169 1834 6705
1168 1835 6704
1167 1836 6703
1166 1837 6702
1165 1838 6701
1164 1839 6700
1163 1840 6699
1162 1841 6698
1161 1842 6697
1160 1843 6696
1159 1844 6695
1158 1845 6694
1157 1846 6693
1156 1847 6692
1155 1848 6691
1154 1849 6690
1153 1850 6689
1152 1851 6688
1151 1852 6687
1150 1853 6686
1149 1854 6685
1148 1855 6684
1147 1856 6683
1146 1857 6682
1145 1858 6681
1144 1859 6680
1143 1860 6679
1142 1861 6678
1141 1862 6677
1140 1863 6676
1139 1864 6675
1138 1865 6674
1137 1866 6673
1136 1867 6672
1135 1868 6671
1134 1869 6670
1133 1870 6669
1132 1871 6668
1131 1872 6667
1130 1873 6666
1129 1874 6665
1128 1875 6664
1127 1876 6663
1126 1877 6662
1125 1878 6661
1124 1879 6660
1123 1880 6659
1122 1881 6658
1121 1882 6657
1120 1883 6656
1119 1884 6655
1118 1885 6654
1117 1886 6653
1116 1887 6652
1115 1888 6651
1114 1889 6650
1113 1890 6649
1112 1891 6648
1111 1892 6647
1110 1893 6646
1109 1894 6645
1108 1895 6644
1107 1896 6643
1106 1897 6642
1105 1898 6641
1104 1899 6640
1103 1900 6639
1102 1901 6638
1101 1902 6637
1100 1903 6636
1099 1904 6635
1098 1905 6634
1097 1906 6633
1096 1907 6632
1095 1908 6631
1094 1909 6630
1093 1910 6629
1092 1911 6628
1091 1912 6627
1090 1913 6626
1089 1914 6625
1088 1915 6624
1087 1916 6623
1086 1917 6622
1085 1918 6621
1084 1919 6620
1083 1920 6619
1082 1921 6618
1081 1922 6617
1080 1923 6616
1079 1924 6615
1078 1925 6614
1077 1926 6613
1076 1927 6612
1075 1928 6611
1074 1929 6610
1073 1930 6609
1072 1931 6608
1071 1932 6607
1070 1933 6606
1069 1934 6605
1068 1935 6604
1067 1936 6603
1066 1937 6602
1065 1938 6601
1064 1939 6600
1063 1940 6599
1062 1941 6598
1061 1942 6597
1060 1943 6596
1059 1944 6595
1058 1945 6594
1057 1946 6593
1056 1947 6592
1055 1948 6591
1054 1949 6590
1053 1950 6589
1052 1951 6588
1051 1952 6587
1050 1953 6586
1049 1954 6585
1048 1955 6584
1047 1956 6583
1046 1957 6582
1045 1958 6581
1044 1959 6580
1043 1960 6579
1042 1961 6578
1041 1962 6577
1040 1963 6576
1039 1964 6575
1038 1965 6574
1037 1966 6573
1036 1967 6572
1035 1968 6571
1034 1969 6570
1033 1970 6569
1032 1971 6568
1031 1972 6567
1030 1973 6566
1029 1974 6565
1028 1975 6564
1027 1976 6563
1026 1977 6562
1025 1978 6561
1024 1979 6560
1023 1980 6559
1022 1981 6558
1021 1982 6557
1020 1983 6556
1019 1984 6555
1018 1985 6554
1017 1986 6553
1016 1987 6552
1015 1988 6551
1014 1989 6550
1013 1990 6549
1012 1991 6548
1011 1992 6547
1010 1993 6546
1009 1994 6545
1008 1995 6544
1007 1996 6543
1006 1997 6542
1005 1998 6541
1004 1999 6540
1003 2000 6539
1002 2001 6538
1001 2002 6537
1000 2003 6536
999 2004 6535
998 2005 6534
997 2006 6533
996 2007 6532
995 2008 6531
994 2009 6530
993 2010 6529
992 2011 6528
991 2012 6527
990 2013 6526
989 2014 6525
988 2015 6524
987 2016 6523
986 2017 6522
985 2018 6521
984 2019 6520
983 2020 6519
982 2021 6518
981 2022 6517
980 2023 6516
979 2024 6515
978 2025 6514
977 2026 6513
976 2027 6512
975 2028 6511
974 2029 6510
973 2030 6509
972 2031 6508
971 2032 6507
970 2033 6506
969 2034 6505
968 2035 6504
967 2036 6503
966 2037 6502
965 2038 6501
964 2039 6500
963 2040 6499
962 2041 6498
961 2042 6497
960 2043 6496
959 2044 6495
958 2045 6494
957 2046 6493
956 2047 6492
955 2048 6491
954 2049 6490
953 2050 6489
952 2051 6488
951 2052 6487
950 2053 6486
949 2054 6485
948 2055 6484
947 2056 6483
946 2057 6482
945 2058 6481
944 2059 6480
943 2060 6479
942 2061 6478
941 2062 6477
940 2063 6476
939 2064 6475
938 2065 6474
937 2066 6473
936 2067 6472
935 2068 6471
934 2069 6470
933 2070 6469
932 2071 6468
931 2072 6467
930 2073 6466
929 2074 6465
928 2075 6464
927 2076 6463
926 2077 6462
925 2078 6461
924 2079 6460
923 2080 6459
922 2081 6458
921 2082 6457
920 2083 6456
919 2084 6455
918 2085 6454
917 2086 6453
916 2087 6452
915 2088 6451
914 2089 6450
913 2090 6449
912 2091 6448
911 2092 6447
910 2093 6446
909 2094 6445
908 2095 6444
907 2096 6443
906 2097 6442
905 2098 6441
904 2099 6440
903 2100 6439
902 2101 6438
901 2102 6437
900 2103 6436
899 2104 6435
898 2105 6434
897 2106 6433
896 2107 6432
895 2108 6431
894 2109 6430
893 2110 6429
892 2111 6428
891 2112 6427
890 2113 6426
889 2114 6425
888 2115 6424
887 2116 6423
886 2117 6422
885 2118 6421
884 2119 6420
883 2120 6419
882 2121 6418
881 2122 6417
880 2123 6416
879 2124 6415
878 2125 6414
877 2126 6413
876 2127 6412
875 2128 6411
874 2129 6410
873 2130 6409
872 2131 6408
871 2132 6407
870 2133 6406
869 2134 6405
868 2135 6404
867 2136 6403
866 2137 6402
865 2138 6401
864 2139 6400
863 2140 6399
862 2141 6398
861 2142 6397
860 2143 6396
859 2144 6395
858 2145 6394
857 2146 6393
856 2147 6392
855 2148 6391
854 2149 6390
853 2150 6389
852 2151 6388
851 2152 6387
850 2153 6386
849 2154 6385
848 2155 6384
847 2156 6383
846 2157 6382
845 2158 6381
844 2159 6380
843 2160 6379
842 2161 6378
841 2162 6377
840 2163 6376
839 2164 6375
838 2165 6374
837 2166 6373
836 2167 6372
835 2168 6371
834 2169 6370
833 2170 6369
832 2171 6368
831 2172 6367
830 2173 6366
829 2174 6365
828 2175 6364
827 2176 6363
826 2177 6362
825 2178 6361
824 2179 6360
823 2180 6359
822 2181 6358
821 2182 6357
820 2183 6356
819 2184 6355
818 2185 6354
817 2186 6353
816 2187 6352
815 2188 6351
814 2189 6350
813 2190 6349
812 2191 6348
811 2192 6347
810 2193 6346
809 2194 6345
808 2195 6344
807 2196 6343
806 2197 6342
805 2198 6341
804 2199 6340
803 2200 6339
802 2201 6338
801 2202 6337
800 2203 6336
799 2204 6335
798 2205 6334
797 2206 6333
796 2207 6332
795 2208 6331
794 2209 6330
793 2210 6329
792 2211 6328
791 2212 6327
790 2213 6326
789 2214 6325
788 2215 6324
787 2216 6323
786 2217 6322
785 2218 6321
784 2219 6320
783 2220 6319
782 2221 6318
781 2222 6317
780 2223 6316
779 2224 6315
778 2225 6314
777 2226 6313
776 2227 6312
775 2228 6311
774 2229 6310
773 2230 6309
772 2231 6308
771 2232 6307
770 2233 6306
769 2234 6305
768 2235 6304
767 2236 6303
766 2237 6302
765 2238 6301
764 2239 6300
763 2240 6299
762 2241 6298
761 2242 6297
760 2243 6296
759 2244 6295
758 2245 6294
757 2246 6293
756 2247 6292
755 2248 6291
754 2249 6290
753 2250 6289
752 2251 6288
751 2252 6287
750 2253 6286
749 2254 6285
748 2255 6284
747 2256 6283
746 2257 6282
745 2258 6281
744 2259 6280
743 2260 6279
742 2261 6278
741 2262 6277
740 2263 6276
739 2264 6275
738 2265 6274
737 2266 6273
736 2267 6272
735 2268 6271
734 2269 6270
733 2270 6269
732 2271 6268
731 2272 6267
730 2273 6266
729 2274 6265
728 2275 6264
727 2276 6263
726 2277 6262
725 2278 6261
724 2279 6260
723 2280 6259
722 2281 6258
721 2282 6257
720 2283 6256
719 2284 6255
718 2285 6254
717 2286 6253
716 2287 6252
715 2288 6251
714 2289 6250
713 2290 6249
712 2291 6248
711 2292 6247
710 2293 6246
709 2294 6245
708 2295 6244
707 2296 6243
706 2297 6242
705 2298 6241
704 2299 6240
703 2300 6239
702 2301 6238
701 2302 6237
700 2303 6236
699 2304 6235
698 2305 6234
697 2306 6233
696 2307 6232
695 2308 6231
694 2309 6230
693 2310 6229
692 2311 6228
691 2312 6227
690 2313 6226
689 2314 6225
688 2315 6224
687 2316 6223
686 2317 6222
685 2318 6221
684 2319 6220
683 2320 6219
682 2321 6218
681 2322 6217
680 2323 6216
679 2324 6215
678 2325 6214
677 2326 6213
676 2327 6212
675 2328 6211
674 2329 6210
673 2330 6209
672 2331 6208
671 2332 6207
670 2333 6206
669 2334 6205
668 2335 6204
667 2336 6203
666 2337 6202
665 2338 6201
664 2339 6200
663 2340 6199
662 2341 6198
661 2342 6197
660 2343 6196
659 2344 6195
658 2345 6194
657 2346 6193
656 2347 6192
655 2348 6191
654 2349 6190
653 2350 6189
652 2351 6188
651 2352 6187
650 2353 6186
649 2354 6185
648 2355 6184
647 2356 6183
646 2357 6182
645 2358 6181
644 2359 6180
643 2360 6179
642 2361 6178
641 2362 6177
640 2363 6176
639 2364 6175
638 2365 6174
637 2366 6173
636 2367 6172
635 2368 6171
634 2369 6170
633 2370 6169
632 2371 6168
631 2372 6167
630 2373 6166
629 2374 6165
628 2375 6164
627 2376 6163
626 2377 6162
625 2378 6161
624 2379 6160
623 2380 6159
622 2381 6158
621 2382 6157
620 2383 6156
619 2384 6155
618 2385 6154
617 2386 6153
616 2387 6152
615 2388 6151
614 2389 6150
613 2390 6149
612 2391 6148
611 2392 6147
610 2393 6146
609 2394 6145
608 2395 6144
607 2396 6143
606 2397 6142
605 2398 6141
604 2399 6140
603 2400 6139
602 2401 6138
601 2402 6137
600 2403 6136
599 2404 6135
598 2405 6134
597 2406 6133
596 2407 6132
595 2408 6131
594 2409 6130
593 2410 6129
592 2411 6128
591 2412 6127
590 2413 6126
589 2414 6125
588 2415 6124
587 2416 6123
586 2417 6122
585 2418 6121
584 2419 6120
583 2420 6119
582 2421 6118
581 2422 6117
580 2423 6116
579 2424 6115
578 2425 6114
577 2426 6113
576 2427 6112
575 2428 6111
574 2429 6110
573 2430 6109
572 2431 6108
571 2432 6107
570 2433 6106
569 2434 6105
568 2435 6104
567 2436 6103
566 2437 6102
565 2438 6101
564 2439 6100
563 2440 6099
562 2441 6098
561 2442 6097
560 2443 6096
559 2444 6095
558 2445 6094
557 2446 6093
556 2447 6092
555 2448 6091
554 2449 6090
553 2450 6089
552 2451 6088
551 2452 6087
550 2453 6086
549 2454 6085
548 2455 6084
547 2456 6083
546 2457 6082
545 2458 6081
544 2459 6080
543 2460 6079
542 2461 6078
541 2462 6077
540 2463 6076
539 2464 6075
538 2465 6074
537 2466 6073
536 2467 6072
535 2468 6071
534 2469 6070
533 2470 6069
532 2471 6068
531 2472 6067
530 2473 6066
529 2474 6065
528 2475 6064
527 2476 6063
526 2477 6062
525 2478 6061
524 2479 6060
523 2480 6059
522 2481 6058
521 2482 6057
520 2483 6056
519 2484 6055
518 2485 6054
517 2486 6053
516 2487 6052
515 2488 6051
514 2489 6050
513 2490 6049
512 2491 6048
511 2492 6047
510 2493 6046
509 2494 6045
508 2495 6044
507 2496 6043
506 2497 6042
505 2498 6041
504 2499 6040
503 2500 6039
502 2501 6038
501 2502 6037
500 2503 6036
499 2504 6035
498 2505 6034
497 2506 6033
496 2507 6032
495 2508 6031
494 2509 6030
493 2510 6029
492 2511 6028
491 2512 6027
490 2513 6026
489 2514 6025
488 2515 6024
487 2516 6023
486 2517 6022
485 2518 6021
484 2519 6020
483 2520 6019
482 2521 6018
481 2522 6017
480 2523 6016
479 2524 6015
478 2525 6014
477 2526 6013
476 2527 6012
475 2528 6011
474 2529 6010
473 2530 6009
472 2531 6008
471 2532 6007
470 2533 6006
469 2534 6005
468 2535 6004
467 2536 6003
466 2537 6002
465 2538 6001
