1922
3000 3 7922
2999 4 7921
2998 5 7920
2997 6 7919
2996 7 7918
2995 8 7917
2994 9 7916
2993 10 7915
2992 11 7914
2991 12 7913
2990 13 7912
2989 14 7911
2988 15 7910
2987 16 7909
2986 17 7908
2985 18 7907
2984 19 7906
2983 20 7905
2982 21 7904
2981 22 7903
2980 23 7902
2979 24 7901
2978 25 7900
2977 26 7899
2976 27 7898
2975 28 7897
2974 29 7896
2973 30 7895
2972 31 7894
2971 32 7893
2970 33 7892
2969 34 7891
2968 35 7890
2967 36 7889
2966 37 7888
2965 38 7887
2964 39 7886
2963 40 7885
2962 41 7884
2961 42 7883
2960 43 7882
2959 44 7881
2958 45 7880
2957 46 7879
2956 47 7878
2955 48 7877
2954 49 7876
2953 50 7875
2952 51 7874
2951 52 7873
2950 53 7872
2949 54 7871
2948 55 7870
2947 56 7869
2946 57 7868
2945 58 7867
2944 59 7866
2943 60 7865
2942 61 7864
2941 62 7863
2940 63 7862
2939 64 7861
2938 65 7860
2937 66 7859
2936 67 7858
2935 68 7857
2934 69 7856
2933 70 7855
2932 71 7854
2931 72 7853
2930 73 7852
2929 74 7851
2928 75 7850
2927 76 7849
2926 77 7848
2925 78 7847
2924 79 7846
2923 80 7845
2922 81 7844
2921 82 7843
2920 83 7842
2919 84 7841
2918 85 7840
2917 86 7839
2916 87 7838
2915 88 7837
2914 89 7836
2913 90 7835
2912 91 7834
2911 92 7833
2910 93 7832
2909 94 7831
2908 95 7830
2907 96 7829
2906 97 7828
2905 98 7827
2904 99 7826
2903 100 7825
2902 101 7824
2901 102 7823
2900 103 7822
2899 104 7821
2898 105 7820
2897 106 7819
2896 107 7818
2895 108 7817
2894 109 7816
2893 110 7815
2892 111 7814
2891 112 7813
2890 113 7812
2889 114 7811
2888 115 7810
2887 116 7809
2886 117 7808
2885 118 7807
2884 119 7806
2883 120 7805
2882 121 7804
2881 122 7803
2880 123 7802
2879 124 7801
2878 125 7800
2877 126 7799
2876 127 7798
2875 128 7797
2874 129 7796
2873 130 7795
2872 131 7794
2871 132 7793
2870 133 7792
2869 134 7791
2868 135 7790
2867 136 7789
2866 137 7788
2865 138 7787
2864 139 7786
2863 140 7785
2862 141 7784
2861 142 7783
2860 143 7782
2859 144 7781
2858 145 7780
2857 146 7779
2856 147 7778
2855 148 7777
2854 149 7776
2853 150 7775
2852 151 7774
2851 152 7773
2850 153 7772
2849 154 7771
2848 155 7770
2847 156 7769
2846 157 7768
2845 158 7767
2844 159 7766
2843 160 7765
2842 161 7764
2841 162 7763
2840 163 7762
2839 164 7761
2838 165 7760
2837 166 7759
2836 167 7758
2835 168 7757
2834 169 7756
2833 170 7755
2832 171 7754
2831 172 7753
2830 173 7752
2829 174 7751
2828 175 7750
2827 176 7749
2826 177 7748
2825 178 7747
2824 179 7746
2823 180 7745
2822 181 7744
2821 182 7743
2820 183 7742
2819 184 7741
2818 185 7740
2817 186 7739
2816 187 7738
2815 188 7737
2814 189 7736
2813 190 7735
2812 191 7734
2811 192 7733
2810 193 7732
2809 194 7731
2808 195 7730
2807 196 7729
2806 197 7728
2805 198 7727
2804 199 7726
2803 200 7725
2802 201 7724
2801 202 7723
2800 203 7722
2799 204 7721
2798 205 7720
2797 206 7719
2796 207 7718
2795 208 7717
2794 209 7716
2793 210 7715
2792 211 7714
2791 212 7713
2790 213 7712
2789 214 7711
2788 215 7710
2787 216 7709
2786 217 7708
2785 218 7707
2784 219 7706
2783 220 7705
2782 221 7704
2781 222 7703
2780 223 7702
2779 224 7701
2778 225 7700
2777 226 7699
2776 227 7698
2775 228 7697
2774 229 7696
2773 230 7695
2772 231 7694
2771 232 7693
2770 233 7692
2769 234 7691
2768 235 7690
2767 236 7689
2766 237 7688
2765 238 7687
2764 239 7686
2763 240 7685
2762 241 7684
2761 242 7683
2760 243 7682
2759 244 7681
2758 245 7680
2757 246 7679
2756 247 7678
2755 248 7677
2754 249 7676
2753 250 7675
2752 251 7674
2751 252 7673
2750 253 7672
2749 254 7671
2748 255 7670
2747 256 7669
2746 257 7668
2745 258 7667
2744 259 7666
2743 260 7665
2742 261 7664
2741 262 7663
2740 263 7662
2739 264 7661
2738 265 7660
2737 266 7659
2736 267 7658
2735 268 7657
2734 269 7656
2733 270 7655
2732 271 7654
2731 272 7653
2730 273 7652
2729 274 7651
2728 275 7650
2727 276 7649
2726 277 7648
2725 278 7647
2724 279 7646
2723 280 7645
2722 281 7644
2721 282 7643
2720 283 7642
2719 284 7641
2718 285 7640
2717 286 7639
2716 287 7638
2715 288 7637
2714 289 7636
2713 290 7635
2712 291 7634
2711 292 7633
2710 293 7632
2709 294 7631
2708 295 7630
2707 296 7629
2706 297 7628
2705 298 7627
2704 299 7626
2703 300 7625
2702 301 7624
2701 302 7623
2700 303 7622
2699 304 7621
2698 305 7620
2697 306 7619
2696 307 7618
2695 308 7617
2694 309 7616
2693 310 7615
2692 311 7614
2691 312 7613
2690 313 7612
2689 314 7611
2688 315 7610
2687 316 7609
2686 317 7608
2685 318 7607
2684 319 7606
2683 320 7605
2682 321 7604
2681 322 7603
2680 323 7602
2679 324 7601
2678 325 7600
2677 326 7599
2676 327 7598
2675 328 7597
2674 329 7596
2673 330 7595
2672 331 7594
2671 332 7593
2670 333 7592
2669 334 7591
2668 335 7590
2667 336 7589
2666 337 7588
2665 338 7587
2664 339 7586
2663 340 7585
2662 341 7584
2661 342 7583
2660 343 7582
2659 344 7581
2658 345 7580
2657 346 7579
2656 347 7578
2655 348 7577
2654 349 7576
2653 350 7575
2652 351 7574
2651 352 7573
2650 353 7572
2649 354 7571
2648 355 7570
2647 356 7569
2646 357 7568
2645 358 7567
2644 359 7566
2643 360 7565
2642 361 7564
2641 362 7563
2640 363 7562
2639 364 7561
2638 365 7560
2637 366 7559
2636 367 7558
2635 368 7557
2634 369 7556
2633 370 7555
2632 371 7554
2631 372 7553
2630 373 7552
2629 374 7551
2628 375 7550
2627 376 7549
2626 377 7548
2625 378 7547
2624 379 7546
2623 380 7545
2622 381 7544
2621 382 7543
2620 383 7542
2619 384 7541
2618 385 7540
2617 386 7539
2616 387 7538
2615 388 7537
2614 389 7536
2613 390 7535
2612 391 7534
2611 392 7533
2610 393 7532
2609 394 7531
2608 395 7530
2607 396 7529
2606 397 7528
2605 398 7527
2604 399 7526
2603 400 7525
2602 401 7524
2601 402 7523
2600 403 7522
2599 404 7521
2598 405 7520
2597 406 7519
2596 407 7518
2595 408 7517
2594 409 7516
2593 410 7515
2592 411 7514
2591 412 7513
2590 413 7512
2589 414 7511
2588 415 7510
2587 416 7509
2586 417 7508
2585 418 7507
2584 419 7506
2583 420 7505
2582 421 7504
2581 422 7503
2580 423 7502
2579 424 7501
2578 425 7500
2577 426 7499
2576 427 7498
2575 428 7497
2574 429 7496
2573 430 7495
2572 431 7494
2571 432 7493
2570 433 7492
2569 434 7491
2568 435 7490
2567 436 7489
2566 437 7488
2565 438 7487
2564 439 7486
2563 440 7485
2562 441 7484
2561 442 7483
2560 443 7482
2559 444 7481
2558 445 7480
2557 446 7479
2556 447 7478
2555 448 7477
2554 449 7476
2553 450 7475
2552 451 7474
2551 452 7473
2550 453 7472
2549 454 7471
2548 455 7470
2547 456 7469
2546 457 7468
2545 458 7467
2544 459 7466
2543 460 7465
2542 461 7464
2541 462 7463
2540 463 7462
2539 464 7461
2538 465 7460
2537 466 7459
2536 467 7458
2535 468 7457
2534 469 7456
2533 470 7455
2532 471 7454
2531 472 7453
2530 473 7452
2529 474 7451
2528 475 7450
2527 476 7449
2526 477 7448
2525 478 7447
2524 479 7446
2523 480 7445
2522 481 7444
2521 482 7443
2520 483 7442
2519 484 7441
2518 485 7440
2517 486 7439
2516 487 7438
2515 488 7437
2514 489 7436
2513 490 7435
2512 491 7434
2511 492 7433
2510 493 7432
2509 494 7431
2508 495 7430
2507 496 7429
2506 497 7428
2505 498 7427
2504 499 7426
2503 500 7425
2502 501 7424
2501 502 7423
2500 503 7422
2499 504 7421
2498 505 7420
2497 506 7419
2496 507 7418
2495 508 7417
2494 509 7416
2493 510 7415
2492 511 7414
2491 512 7413
2490 513 7412
2489 514 7411
2488 515 7410
2487 516 7409
2486 517 7408
2485 518 7407
2484 519 7406
2483 520 7405
2482 521 7404
2481 522 7403
2480 523 7402
2479 524 7401
2478 525 7400
2477 526 7399
2476 527 7398
2475 528 7397
2474 529 7396
2473 530 7395
2472 531 7394
2471 532 7393
2470 533 7392
2469 534 7391
2468 535 7390
2467 536 7389
2466 537 7388
2465 538 7387
2464 539 7386
2463 540 7385
2462 541 7384
2461 542 7383
2460 543 7382
2459 544 7381
2458 545 7380
2457 546 7379
2456 547 7378
2455 548 7377
2454 549 7376
2453 550 7375
2452 551 7374
2451 552 7373
2450 553 7372
2449 554 7371
2448 555 7370
2447 556 7369
2446 557 7368
2445 558 7367
2444 559 7366
2443 560 7365
2442 561 7364
2441 562 7363
2440 563 7362
2439 564 7361
2438 565 7360
2437 566 7359
2436 567 7358
2435 568 7357
2434 569 7356
2433 570 7355
2432 571 7354
2431 572 7353
2430 573 7352
2429 574 7351
2428 575 7350
2427 576 7349
2426 577 7348
2425 578 7347
2424 579 7346
2423 580 7345
2422 581 7344
2421 582 7343
2420 583 7342
2419 584 7341
2418 585 7340
2417 586 7339
2416 587 7338
2415 588 7337
2414 589 7336
2413 590 7335
2412 591 7334
2411 592 7333
2410 593 7332
2409 594 7331
2408 595 7330
2407 596 7329
2406 597 7328
2405 598 7327
2404 599 7326
2403 600 7325
2402 601 7324
2401 602 7323
2400 603 7322
2399 604 7321
2398 605 7320
2397 606 7319
2396 607 7318
2395 608 7317
2394 609 7316
2393 610 7315
2392 611 7314
2391 612 7313
2390 613 7312
2389 614 7311
2388 615 7310
2387 616 7309
2386 617 7308
2385 618 7307
2384 619 7306
2383 620 7305
2382 621 7304
2381 622 7303
2380 623 7302
2379 624 7301
2378 625 7300
2377 626 7299
2376 627 7298
2375 628 7297
2374 629 7296
2373 630 7295
2372 631 7294
2371 632 7293
2370 633 7292
2369 634 7291
2368 635 7290
2367 636 7289
2366 637 7288
2365 638 7287
2364 639 7286
2363 640 7285
2362 641 7284
2361 642 7283
2360 643 7282
2359 644 7281
2358 645 7280
2357 646 7279
2356 647 7278
2355 648 7277
2354 649 7276
2353 650 7275
2352 651 7274
2351 652 7273
2350 653 7272
2349 654 7271
2348 655 7270
2347 656 7269
2346 657 7268
2345 658 7267
2344 659 7266
2343 660 7265
2342 661 7264
2341 662 7263
2340 663 7262
2339 664 7261
2338 665 7260
2337 666 7259
2336 667 7258
2335 668 7257
2334 669 7256
2333 670 7255
2332 671 7254
2331 672 7253
2330 673 7252
2329 674 7251
2328 675 7250
2327 676 7249
2326 677 7248
2325 678 7247
2324 679 7246
2323 680 7245
2322 681 7244
2321 682 7243
2320 683 7242
2319 684 7241
2318 685 7240
2317 686 7239
2316 687 7238
2315 688 7237
2314 689 7236
2313 690 7235
2312 691 7234
2311 692 7233
2310 693 7232
2309 694 7231
2308 695 7230
2307 696 7229
2306 697 7228
2305 698 7227
2304 699 7226
2303 700 7225
2302 701 7224
2301 702 7223
2300 703 7222
2299 704 7221
2298 705 7220
2297 706 7219
2296 707 7218
2295 708 7217
2294 709 7216
2293 710 7215
2292 711 7214
2291 712 7213
2290 713 7212
2289 714 7211
2288 715 7210
2287 716 7209
2286 717 7208
2285 718 7207
2284 719 7206
2283 720 7205
2282 721 7204
2281 722 7203
2280 723 7202
2279 724 7201
2278 725 7200
2277 726 7199
2276 727 7198
2275 728 7197
2274 729 7196
2273 730 7195
2272 731 7194
2271 732 7193
2270 733 7192
2269 734 7191
2268 735 7190
2267 736 7189
2266 737 7188
2265 738 7187
2264 739 7186
2263 740 7185
2262 741 7184
2261 742 7183
2260 743 7182
2259 744 7181
2258 745 7180
2257 746 7179
2256 747 7178
2255 748 7177
2254 749 7176
2253 750 7175
2252 751 7174
2251 752 7173
2250 753 7172
2249 754 7171
2248 755 7170
2247 756 7169
2246 757 7168
2245 758 7167
2244 759 7166
2243 760 7165
2242 761 7164
2241 762 7163
2240 763 7162
2239 764 7161
2238 765 7160
2237 766 7159
2236 767 7158
2235 768 7157
2234 769 7156
2233 770 7155
2232 771 7154
2231 772 7153
2230 773 7152
2229 774 7151
2228 775 7150
2227 776 7149
2226 777 7148
2225 778 7147
2224 779 7146
2223 780 7145
2222 781 7144
2221 782 7143
2220 783 7142
2219 784 7141
2218 785 7140
2217 786 7139
2216 787 7138
2215 788 7137
2214 789 7136
2213 790 7135
2212 791 7134
2211 792 7133
2210 793 7132
2209 794 7131
2208 795 7130
2207 796 7129
2206 797 7128
2205 798 7127
2204 799 7126
2203 800 7125
2202 801 7124
2201 802 7123
2200 803 7122
2199 804 7121
2198 805 7120
2197 806 7119
2196 807 7118
2195 808 7117
2194 809 7116
2193 810 7115
2192 811 7114
2191 812 7113
2190 813 7112
2189 814 7111
2188 815 7110
2187 816 7109
2186 817 7108
2185 818 7107
2184 819 7106
2183 820 7105
2182 821 7104
2181 822 7103
2180 823 7102
2179 824 7101
2178 825 7100
2177 826 7099
2176 827 7098
2175 828 7097
2174 829 7096
2173 830 7095
2172 831 7094
2171 832 7093
2170 833 7092
2169 834 7091
2168 835 7090
2167 836 7089
2166 837 7088
2165 838 7087
2164 839 7086
2163 840 7085
2162 841 7084
2161 842 7083
2160 843 7082
2159 844 7081
2158 845 7080
2157 846 7079
2156 847 7078
2155 848 7077
2154 849 7076
2153 850 7075
2152 851 7074
2151 852 7073
2150 853 7072
2149 854 7071
2148 855 7070
2147 856 7069
2146 857 7068
2145 858 7067
2144 859 7066
2143 860 7065
2142 861 7064
2141 862 7063
2140 863 7062
2139 864 7061
2138 865 7060
2137 866 7059
2136 867 7058
2135 868 7057
2134 869 7056
2133 870 7055
2132 871 7054
2131 872 7053
2130 873 7052
2129 874 7051
2128 875 7050
2127 876 7049
2126 877 7048
2125 878 7047
2124 879 7046
2123 880 7045
2122 881 7044
2121 882 7043
2120 883 7042
2119 884 7041
2118 885 7040
2117 886 7039
2116 887 7038
2115 888 7037
2114 889 7036
2113 890 7035
2112 891 7034
2111 892 7033
2110 893 7032
2109 894 7031
2108 895 7030
2107 896 7029
2106 897 7028
2105 898 7027
2104 899 7026
2103 900 7025
2102 901 7024
2101 902 7023
2100 903 7022
2099 904 7021
2098 905 7020
2097 906 7019
2096 907 7018
2095 908 7017
2094 909 7016
2093 910 7015
2092 911 7014
2091 912 7013
2090 913 7012
2089 914 7011
2088 915 7010
2087 916 7009
2086 917 7008
2085 918 7007
2084 919 7006
2083 920 7005
2082 921 7004
2081 922 7003
2080 923 7002
2079 924 7001
2078 925 7000
2077 926 6999
2076 927 6998
2075 928 6997
2074 929 6996
2073 930 6995
2072 931 6994
2071 932 6993
2070 933 6992
2069 934 6991
2068 935 6990
2067 936 6989
2066 937 6988
2065 938 6987
2064 939 6986
2063 940 6985
2062 941 6984
2061 942 6983
2060 943 6982
2059 944 6981
2058 945 6980
2057 946 6979
2056 947 6978
2055 948 6977
2054 949 6976
2053 950 6975
2052 951 6974
2051 952 6973
2050 953 6972
2049 954 6971
2048 955 6970
2047 956 6969
2046 957 6968
2045 958 6967
2044 959 6966
2043 960 6965
2042 961 6964
2041 962 6963
2040 963 6962
2039 964 6961
2038 965 6960
2037 966 6959
2036 967 6958
2035 968 6957
2034 969 6956
2033 970 6955
2032 971 6954
2031 972 6953
2030 973 6952
2029 974 6951
2028 975 6950
2027 976 6949
2026 977 6948
2025 978 6947
2024 979 6946
2023 980 6945
2022 981 6944
2021 982 6943
2020 983 6942
2019 984 6941
2018 985 6940
2017 986 6939
2016 987 6938
2015 988 6937
2014 989 6936
2013 990 6935
2012 991 6934
2011 992 6933
2010 993 6932
2009 994 6931
2008 995 6930
2007 996 6929
2006 997 6928
2005 998 6927
2004 999 6926
2003 1000 6925
2002 1001 6924
2001 1002 6923
2000 1003 6922
1999 1004 6921
1998 1005 6920
1997 1006 6919
1996 1007 6918
1995 1008 6917
1994 1009 6916
1993 1010 6915
1992 1011 6914
1991 1012 6913
1990 1013 6912
1989 1014 6911
1988 1015 6910
1987 1016 6909
1986 1017 6908
1985 1018 6907
1984 1019 6906
1983 1020 6905
1982 1021 6904
1981 1022 6903
1980 1023 6902
1979 1024 6901
1978 1025 6900
1977 1026 6899
1976 1027 6898
1975 1028 6897
1974 1029 6896
1973 1030 6895
1972 1031 6894
1971 1032 6893
1970 1033 6892
1969 1034 6891
1968 1035 6890
1967 1036 6889
1966 1037 6888
1965 1038 6887
1964 1039 6886
1963 1040 6885
1962 1041 6884
1961 1042 6883
1960 1043 6882
1959 1044 6881
1958 1045 6880
1957 1046 6879
1956 1047 6878
1955 1048 6877
1954 1049 6876
1953 1050 6875
1952 1051 6874
1951 1052 6873
1950 1053 6872
1949 1054 6871
1948 1055 6870
1947 1056 6869
1946 1057 6868
1945 1058 6867
1944 1059 6866
1943 1060 6865
1942 1061 6864
1941 1062 6863
1940 1063 6862
1939 1064 6861
1938 1065 6860
1937 1066 6859
1936 1067 6858
1935 1068 6857
1934 1069 6856
1933 1070 6855
1932 1071 6854
1931 1072 6853
1930 1073 6852
1929 1074 6851
1928 1075 6850
1927 1076 6849
1926 1077 6848
1925 1078 6847
1924 1079 6846
1923 1080 6845
1922 1081 6844
1921 1082 6843
1920 1083 6842
1919 1084 6841
1918 1085 6840
1917 1086 6839
1916 1087 6838
1915 1088 6837
1914 1089 6836
1913 1090 6835
1912 1091 6834
1911 1092 6833
1910 1093 6832
1909 1094 6831
1908 1095 6830
1907 1096 6829
1906 1097 6828
1905 1098 6827
1904 1099 6826
1903 1100 6825
1902 1101 6824
1901 1102 6823
1900 1103 6822
1899 1104 6821
1898 1105 6820
1897 1106 6819
1896 1107 6818
1895 1108 6817
1894 1109 6816
1893 1110 6815
1892 1111 6814
1891 1112 6813
1890 1113 6812
1889 1114 6811
1888 1115 6810
1887 1116 6809
1886 1117 6808
1885 1118 6807
1884 1119 6806
1883 1120 6805
1882 1121 6804
1881 1122 6803
1880 1123 6802
1879 1124 6801
1878 1125 6800
1877 1126 6799
1876 1127 6798
1875 1128 6797
1874 1129 6796
1873 1130 6795
1872 1131 6794
1871 1132 6793
1870 1133 6792
1869 1134 6791
1868 1135 6790
1867 1136 6789
1866 1137 6788
1865 1138 6787
1864 1139 6786
1863 1140 6785
1862 1141 6784
1861 1142 6783
1860 1143 6782
1859 1144 6781
1858 1145 6780
1857 1146 6779
1856 1147 6778
1855 1148 6777
1854 1149 6776
1853 1150 6775
1852 1151 6774
1851 1152 6773
1850 1153 6772
1849 1154 6771
1848 1155 6770
1847 1156 6769
1846 1157 6768
1845 1158 6767
1844 1159 6766
1843 1160 6765
1842 1161 6764
1841 1162 6763
1840 1163 6762
1839 1164 6761
1838 1165 6760
1837 1166 6759
1836 1167 6758
1835 1168 6757
1834 1169 6756
1833 1170 6755
1832 1171 6754
1831 1172 6753
1830 1173 6752
1829 1174 6751
1828 1175 6750
1827 1176 6749
1826 1177 6748
1825 1178 6747
1824 1179 6746
1823 1180 6745
1822 1181 6744
1821 1182 6743
1820 1183 6742
1819 1184 6741
1818 1185 6740
1817 1186 6739
1816 1187 6738
1815 1188 6737
1814 1189 6736
1813 1190 6735
1812 1191 6734
1811 1192 6733
1810 1193 6732
1809 1194 6731
1808 1195 6730
1807 1196 6729
1806 1197 6728
1805 1198 6727
1804 1199 6726
1803 1200 6725
1802 1201 6724
1801 1202 6723
1800 1203 6722
1799 1204 6721
1798 1205 6720
1797 1206 6719
1796 1207 6718
1795 1208 6717
1794 1209 6716
1793 1210 6715
1792 1211 6714
1791 1212 6713
1790 1213 6712
1789 1214 6711
1788 1215 6710
1787 1216 6709
1786 1217 6708
1785 1218 6707
1784 1219 6706
1783 1220 6705
1782 1221 6704
1781 1222 6703
1780 1223 6702
1779 1224 6701
1778 1225 6700
1777 1226 6699
1776 1227 6698
1775 1228 6697
1774 1229 6696
1773 1230 6695
1772 1231 6694
1771 1232 6693
1770 1233 6692
1769 1234 6691
1768 1235 6690
1767 1236 6689
1766 1237 6688
1765 1238 6687
1764 1239 6686
1763 1240 6685
1762 1241 6684
1761 1242 6683
1760 1243 6682
1759 1244 6681
1758 1245 6680
1757 1246 6679
1756 1247 6678
1755 1248 6677
1754 1249 6676
1753 1250 6675
1752 1251 6674
1751 1252 6673
1750 1253 6672
1749 1254 6671
1748 1255 6670
1747 1256 6669
1746 1257 6668
1745 1258 6667
1744 1259 6666
1743 1260 6665
1742 1261 6664
1741 1262 6663
1740 1263 6662
1739 1264 6661
1738 1265 6660
1737 1266 6659
1736 1267 6658
1735 1268 6657
1734 1269 6656
1733 1270 6655
1732 1271 6654
1731 1272 6653
1730 1273 6652
1729 1274 6651
1728 1275 6650
1727 1276 6649
1726 1277 6648
1725 1278 6647
1724 1279 6646
1723 1280 6645
1722 1281 6644
1721 1282 6643
1720 1283 6642
1719 1284 6641
1718 1285 6640
1717 1286 6639
1716 1287 6638
1715 1288 6637
1714 1289 6636
1713 1290 6635
1712 1291 6634
1711 1292 6633
1710 1293 6632
1709 1294 6631
1708 1295 6630
1707 1296 6629
1706 1297 6628
1705 1298 6627
1704 1299 6626
1703 1300 6625
1702 1301 6624
1701 1302 6623
1700 1303 6622
1699 1304 6621
1698 1305 6620
1697 1306 6619
1696 1307 6618
1695 1308 6617
1694 1309 6616
1693 1310 6615
1692 1311 6614
1691 1312 6613
1690 1313 6612
1689 1314 6611
1688 1315 6610
1687 1316 6609
1686 1317 6608
1685 1318 6607
1684 1319 6606
1683 1320 6605
1682 1321 6604
1681 1322 6603
1680 1323 6602
1679 1324 6601
1678 1325 6600
1677 1326 6599
1676 1327 6598
1675 1328 6597
1674 1329 6596
1673 1330 6595
1672 1331 6594
1671 1332 6593
1670 1333 6592
1669 1334 6591
1668 1335 6590
1667 1336 6589
1666 1337 6588
1665 1338 6587
1664 1339 6586
1663 1340 6585
1662 1341 6584
1661 1342 6583
1660 1343 6582
1659 1344 6581
1658 1345 6580
1657 1346 6579
1656 1347 6578
1655 1348 6577
1654 1349 6576
1653 1350 6575
1652 1351 6574
1651 1352 6573
1650 1353 6572
1649 1354 6571
1648 1355 6570
1647 1356 6569
1646 1357 6568
1645 1358 6567
1644 1359 6566
1643 1360 6565
1642 1361 6564
1641 1362 6563
1640 1363 6562
1639 1364 6561
1638 1365 6560
1637 1366 6559
1636 1367 6558
1635 1368 6557
1634 1369 6556
1633 1370 6555
1632 1371 6554
1631 1372 6553
1630 1373 6552
1629 1374 6551
1628 1375 6550
1627 1376 6549
1626 1377 6548
1625 1378 6547
1624 1379 6546
1623 1380 6545
1622 1381 6544
1621 1382 6543
1620 1383 6542
1619 1384 6541
1618 1385 6540
1617 1386 6539
1616 1387 6538
1615 1388 6537
1614 1389 6536
1613 1390 6535
1612 1391 6534
1611 1392 6533
1610 1393 6532
1609 1394 6531
1608 1395 6530
1607 1396 6529
1606 1397 6528
1605 1398 6527
1604 1399 6526
1603 1400 6525
1602 1401 6524
1601 1402 6523
1600 1403 6522
1599 1404 6521
1598 1405 6520
1597 1406 6519
1596 1407 6518
1595 1408 6517
1594 1409 6516
1593 1410 6515
1592 1411 6514
1591 1412 6513
1590 1413 6512
1589 1414 6511
1588 1415 6510
1587 1416 6509
1586 1417 6508
1585 1418 6507
1584 1419 6506
1583 1420 6505
1582 1421 6504
1581 1422 6503
1580 1423 6502
1579 1424 6501
1578 1425 6500
1577 1426 6499
1576 1427 6498
1575 1428 6497
1574 1429 6496
1573 1430 6495
1572 1431 6494
1571 1432 6493
1570 1433 6492
1569 1434 6491
1568 1435 6490
1567 1436 6489
1566 1437 6488
1565 1438 6487
1564 1439 6486
1563 1440 6485
1562 1441 6484
1561 1442 6483
1560 1443 6482
1559 1444 6481
1558 1445 6480
1557 1446 6479
1556 1447 6478
1555 1448 6477
1554 1449 6476
1553 1450 6475
1552 1451 6474
1551 1452 6473
1550 1453 6472
1549 1454 6471
1548 1455 6470
1547 1456 6469
1546 1457 6468
1545 1458 6467
1544 1459 6466
1543 1460 6465
1542 1461 6464
1541 1462 6463
1540 1463 6462
1539 1464 6461
1538 1465 6460
1537 1466 6459
1536 1467 6458
1535 1468 6457
1534 1469 6456
1533 1470 6455
1532 1471 6454
1531 1472 6453
1530 1473 6452
1529 1474 6451
1528 1475 6450
1527 1476 6449
1526 1477 6448
1525 1478 6447
1524 1479 6446
1523 1480 6445
1522 1481 6444
1521 1482 6443
1520 1483 6442
1519 1484 6441
1518 1485 6440
1517 1486 6439
1516 1487 6438
1515 1488 6437
1514 1489 6436
1513 1490 6435
1512 1491 6434
1511 1492 6433
1510 1493 6432
1509 1494 6431
1508 1495 6430
1507 1496 6429
1506 1497 6428
1505 1498 6427
1504 1499 6426
1503 1500 6425
1502 1501 6424
1501 1502 6423
1500 1503 6422
1499 1504 6421
1498 1505 6420
1497 1506 6419
1496 1507 6418
1495 1508 6417
1494 1509 6416
1493 1510 6415
1492 1511 6414
1491 1512 6413
1490 1513 6412
1489 1514 6411
1488 1515 6410
1487 1516 6409
1486 1517 6408
1485 1518 6407
1484 1519 6406
1483 1520 6405
1482 1521 6404
1481 1522 6403
1480 1523 6402
1479 1524 6401
1478 1525 6400
1477 1526 6399
1476 1527 6398
1475 1528 6397
1474 1529 6396
1473 1530 6395
1472 1531 6394
1471 1532 6393
1470 1533 6392
1469 1534 6391
1468 1535 6390
1467 1536 6389
1466 1537 6388
1465 1538 6387
1464 1539 6386
1463 1540 6385
1462 1541 6384
1461 1542 6383
1460 1543 6382
1459 1544 6381
1458 1545 6380
1457 1546 6379
1456 1547 6378
1455 1548 6377
1454 1549 6376
1453 1550 6375
1452 1551 6374
1451 1552 6373
1450 1553 6372
1449 1554 6371
1448 1555 6370
1447 1556 6369
1446 1557 6368
1445 1558 6367
1444 1559 6366
1443 1560 6365
1442 1561 6364
1441 1562 6363
1440 1563 6362
1439 1564 6361
1438 1565 6360
1437 1566 6359
1436 1567 6358
1435 1568 6357
1434 1569 6356
1433 1570 6355
1432 1571 6354
1431 1572 6353
1430 1573 6352
1429 1574 6351
1428 1575 6350
1427 1576 6349
1426 1577 6348
1425 1578 6347
1424 1579 6346
1423 1580 6345
1422 1581 6344
1421 1582 6343
1420 1583 6342
1419 1584 6341
1418 1585 6340
1417 1586 6339
1416 1587 6338
1415 1588 6337
1414 1589 6336
1413 1590 6335
1412 1591 6334
1411 1592 6333
1410 1593 6332
1409 1594 6331
1408 1595 6330
1407 1596 6329
1406 1597 6328
1405 1598 6327
1404 1599 6326
1403 1600 6325
1402 1601 6324
1401 1602 6323
1400 1603 6322
1399 1604 6321
1398 1605 6320
1397 1606 6319
1396 1607 6318
1395 1608 6317
1394 1609 6316
1393 1610 6315
1392 1611 6314
1391 1612 6313
1390 1613 6312
1389 1614 6311
1388 1615 6310
1387 1616 6309
1386 1617 6308
1385 1618 6307
1384 1619 6306
1383 1620 6305
1382 1621 6304
1381 1622 6303
1380 1623 6302
1379 1624 6301
1378 1625 6300
1377 1626 6299
1376 1627 6298
1375 1628 6297
1374 1629 6296
1373 1630 6295
1372 1631 6294
1371 1632 6293
1370 1633 6292
1369 1634 6291
1368 1635 6290
1367 1636 6289
1366 1637 6288
1365 1638 6287
1364 1639 6286
1363 1640 6285
1362 1641 6284
1361 1642 6283
1360 1643 6282
1359 1644 6281
1358 1645 6280
1357 1646 6279
1356 1647 6278
1355 1648 6277
1354 1649 6276
1353 1650 6275
1352 1651 6274
1351 1652 6273
1350 1653 6272
1349 1654 6271
1348 1655 6270
1347 1656 6269
1346 1657 6268
1345 1658 6267
1344 1659 6266
1343 1660 6265
1342 1661 6264
1341 1662 6263
1340 1663 6262
1339 1664 6261
1338 1665 6260
1337 1666 6259
1336 1667 6258
1335 1668 6257
1334 1669 6256
1333 1670 6255
1332 1671 6254
1331 1672 6253
1330 1673 6252
1329 1674 6251
1328 1675 6250
1327 1676 6249
1326 1677 6248
1325 1678 6247
1324 1679 6246
1323 1680 6245
1322 1681 6244
1321 1682 6243
1320 1683 6242
1319 1684 6241
1318 1685 6240
1317 1686 6239
1316 1687 6238
1315 1688 6237
1314 1689 6236
1313 1690 6235
1312 1691 6234
1311 1692 6233
1310 1693 6232
1309 1694 6231
1308 1695 6230
1307 1696 6229
1306 1697 6228
1305 1698 6227
1304 1699 6226
1303 1700 6225
1302 1701 6224
1301 1702 6223
1300 1703 6222
1299 1704 6221
1298 1705 6220
1297 1706 6219
1296 1707 6218
1295 1708 6217
1294 1709 6216
1293 1710 6215
1292 1711 6214
1291 1712 6213
1290 1713 6212
1289 1714 6211
1288 1715 6210
1287 1716 6209
1286 1717 6208
1285 1718 6207
1284 1719 6206
1283 1720 6205
1282 1721 6204
1281 1722 6203
1280 1723 6202
1279 1724 6201
1278 1725 6200
1277 1726 6199
1276 1727 6198
1275 1728 6197
1274 1729 6196
1273 1730 6195
1272 1731 6194
1271 1732 6193
1270 1733 6192
1269 1734 6191
1268 1735 6190
1267 1736 6189
1266 1737 6188
1265 1738 6187
1264 1739 6186
1263 1740 6185
1262 1741 6184
1261 1742 6183
1260 1743 6182
1259 1744 6181
1258 1745 6180
1257 1746 6179
1256 1747 6178
1255 1748 6177
1254 1749 6176
1253 1750 6175
1252 1751 6174
1251 1752 6173
1250 1753 6172
1249 1754 6171
1248 1755 6170
1247 1756 6169
1246 1757 6168
1245 1758 6167
1244 1759 6166
1243 1760 6165
1242 1761 6164
1241 1762 6163
1240 1763 6162
1239 1764 6161
1238 1765 6160
1237 1766 6159
1236 1767 6158
1235 1768 6157
1234 1769 6156
1233 1770 6155
1232 1771 6154
1231 1772 6153
1230 1773 6152
1229 1774 6151
1228 1775 6150
1227 1776 6149
1226 1777 6148
1225 1778 6147
1224 1779 6146
1223 1780 6145
1222 1781 6144
1221 1782 6143
1220 1783 6142
1219 1784 6141
1218 1785 6140
1217 1786 6139
1216 1787 6138
1215 1788 6137
1214 1789 6136
1213 1790 6135
1212 1791 6134
1211 1792 6133
1210 1793 6132
1209 1794 6131
1208 1795 6130
1207 1796 6129
1206 1797 6128
1205 1798 6127
1204 1799 6126
1203 1800 6125
1202 1801 6124
1201 1802 6123
1200 1803 6122
1199 1804 6121
1198 1805 6120
1197 1806 6119
1196 1807 6118
1195 1808 6117
1194 1809 6116
1193 1810 6115
1192 1811 6114
1191 1812 6113
1190 1813 6112
1189 1814 6111
1188 1815 6110
1187 1816 6109
1186 1817 6108
1185 1818 6107
1184 1819 6106
1183 1820 6105
1182 1821 6104
1181 1822 6103
1180 1823 6102
1179 1824 6101
1178 1825 6100
1177 1826 6099
1176 1827 6098
1175 1828 6097
1174 1829 6096
1173 1830 6095
1172 1831 6094
1171 1832 6093
1170 1833 6092
1169 1834 6091
1168 1835 6090
1167 1836 6089
1166 1837 6088
1165 1838 6087
1164 1839 6086
1163 1840 6085
1162 1841 6084
1161 1842 6083
1160 1843 6082
1159 1844 6081
1158 1845 6080
1157 1846 6079
1156 1847 6078
1155 1848 6077
1154 1849 6076
1153 1850 6075
1152 1851 6074
1151 1852 6073
1150 1853 6072
1149 1854 6071
1148 1855 6070
1147 1856 6069
1146 1857 6068
1145 1858 6067
1144 1859 6066
1143 1860 6065
1142 1861 6064
1141 1862 6063
1140 1863 6062
1139 1864 6061
1138 1865 6060
1137 1866 6059
1136 1867 6058
1135 1868 6057
1134 1869 6056
1133 1870 6055
1132 1871 6054
1131 1872 6053
1130 1873 6052
1129 1874 6051
1128 1875 6050
1127 1876 6049
1126 1877 6048
1125 1878 6047
1124 1879 6046
1123 1880 6045
1122 1881 6044
1121 1882 6043
1120 1883 6042
1119 1884 6041
1118 1885 6040
1117 1886 6039
1116 1887 6038
1115 1888 6037
1114 1889 6036
1113 1890 6035
1112 1891 6034
1111 1892 6033
1110 1893 6032
1109 1894 6031
1108 1895 6030
1107 1896 6029
1106 1897 6028
1105 1898 6027
1104 1899 6026
1103 1900 6025
1102 1901 6024
1101 1902 6023
1100 1903 6022
1099 1904 6021
1098 1905 6020
1097 1906 6019
1096 1907 6018
1095 1908 6017
1094 1909 6016
1093 1910 6015
1092 1911 6014
1091 1912 6013
1090 1913 6012
1089 1914 6011
1088 1915 6010
1087 1916 6009
1086 1917 6008
1085 1918 6007
1084 1919 6006
1083 1920 6005
1082 1921 6004
1081 1922 6003
1080 1923 6002
1079 1924 6001
