1931
3000 3 7931
2999 4 7930
2998 5 7929
2997 6 7928
2996 7 7927
2995 8 7926
2994 9 7925
2993 10 7924
2992 11 7923
2991 12 7922
2990 13 7921
2989 14 7920
2988 15 7919
2987 16 7918
2986 17 7917
2985 18 7916
2984 19 7915
2983 20 7914
2982 21 7913
2981 22 7912
2980 23 7911
2979 24 7910
2978 25 7909
2977 26 7908
2976 27 7907
2975 28 7906
2974 29 7905
2973 30 7904
2972 31 7903
2971 32 7902
2970 33 7901
2969 34 7900
2968 35 7899
2967 36 7898
2966 37 7897
2965 38 7896
2964 39 7895
2963 40 7894
2962 41 7893
2961 42 7892
2960 43 7891
2959 44 7890
2958 45 7889
2957 46 7888
2956 47 7887
2955 48 7886
2954 49 7885
2953 50 7884
2952 51 7883
2951 52 7882
2950 53 7881
2949 54 7880
2948 55 7879
2947 56 7878
2946 57 7877
2945 58 7876
2944 59 7875
2943 60 7874
2942 61 7873
2941 62 7872
2940 63 7871
2939 64 7870
2938 65 7869
2937 66 7868
2936 67 7867
2935 68 7866
2934 69 7865
2933 70 7864
2932 71 7863
2931 72 7862
2930 73 7861
2929 74 7860
2928 75 7859
2927 76 7858
2926 77 7857
2925 78 7856
2924 79 7855
2923 80 7854
2922 81 7853
2921 82 7852
2920 83 7851
2919 84 7850
2918 85 7849
2917 86 7848
2916 87 7847
2915 88 7846
2914 89 7845
2913 90 7844
2912 91 7843
2911 92 7842
2910 93 7841
2909 94 7840
2908 95 7839
2907 96 7838
2906 97 7837
2905 98 7836
2904 99 7835
2903 100 7834
2902 101 7833
2901 102 7832
2900 103 7831
2899 104 7830
2898 105 7829
2897 106 7828
2896 107 7827
2895 108 7826
2894 109 7825
2893 110 7824
2892 111 7823
2891 112 7822
2890 113 7821
2889 114 7820
2888 115 7819
2887 116 7818
2886 117 7817
2885 118 7816
2884 119 7815
2883 120 7814
2882 121 7813
2881 122 7812
2880 123 7811
2879 124 7810
2878 125 7809
2877 126 7808
2876 127 7807
2875 128 7806
2874 129 7805
2873 130 7804
2872 131 7803
2871 132 7802
2870 133 7801
2869 134 7800
2868 135 7799
2867 136 7798
2866 137 7797
2865 138 7796
2864 139 7795
2863 140 7794
2862 141 7793
2861 142 7792
2860 143 7791
2859 144 7790
2858 145 7789
2857 146 7788
2856 147 7787
2855 148 7786
2854 149 7785
2853 150 7784
2852 151 7783
2851 152 7782
2850 153 7781
2849 154 7780
2848 155 7779
2847 156 7778
2846 157 7777
2845 158 7776
2844 159 7775
2843 160 7774
2842 161 7773
2841 162 7772
2840 163 7771
2839 164 7770
2838 165 7769
2837 166 7768
2836 167 7767
2835 168 7766
2834 169 7765
2833 170 7764
2832 171 7763
2831 172 7762
2830 173 7761
2829 174 7760
2828 175 7759
2827 176 7758
2826 177 7757
2825 178 7756
2824 179 7755
2823 180 7754
2822 181 7753
2821 182 7752
2820 183 7751
2819 184 7750
2818 185 7749
2817 186 7748
2816 187 7747
2815 188 7746
2814 189 7745
2813 190 7744
2812 191 7743
2811 192 7742
2810 193 7741
2809 194 7740
2808 195 7739
2807 196 7738
2806 197 7737
2805 198 7736
2804 199 7735
2803 200 7734
2802 201 7733
2801 202 7732
2800 203 7731
2799 204 7730
2798 205 7729
2797 206 7728
2796 207 7727
2795 208 7726
2794 209 7725
2793 210 7724
2792 211 7723
2791 212 7722
2790 213 7721
2789 214 7720
2788 215 7719
2787 216 7718
2786 217 7717
2785 218 7716
2784 219 7715
2783 220 7714
2782 221 7713
2781 222 7712
2780 223 7711
2779 224 7710
2778 225 7709
2777 226 7708
2776 227 7707
2775 228 7706
2774 229 7705
2773 230 7704
2772 231 7703
2771 232 7702
2770 233 7701
2769 234 7700
2768 235 7699
2767 236 7698
2766 237 7697
2765 238 7696
2764 239 7695
2763 240 7694
2762 241 7693
2761 242 7692
2760 243 7691
2759 244 7690
2758 245 7689
2757 246 7688
2756 247 7687
2755 248 7686
2754 249 7685
2753 250 7684
2752 251 7683
2751 252 7682
2750 253 7681
2749 254 7680
2748 255 7679
2747 256 7678
2746 257 7677
2745 258 7676
2744 259 7675
2743 260 7674
2742 261 7673
2741 262 7672
2740 263 7671
2739 264 7670
2738 265 7669
2737 266 7668
2736 267 7667
2735 268 7666
2734 269 7665
2733 270 7664
2732 271 7663
2731 272 7662
2730 273 7661
2729 274 7660
2728 275 7659
2727 276 7658
2726 277 7657
2725 278 7656
2724 279 7655
2723 280 7654
2722 281 7653
2721 282 7652
2720 283 7651
2719 284 7650
2718 285 7649
2717 286 7648
2716 287 7647
2715 288 7646
2714 289 7645
2713 290 7644
2712 291 7643
2711 292 7642
2710 293 7641
2709 294 7640
2708 295 7639
2707 296 7638
2706 297 7637
2705 298 7636
2704 299 7635
2703 300 7634
2702 301 7633
2701 302 7632
2700 303 7631
2699 304 7630
2698 305 7629
2697 306 7628
2696 307 7627
2695 308 7626
2694 309 7625
2693 310 7624
2692 311 7623
2691 312 7622
2690 313 7621
2689 314 7620
2688 315 7619
2687 316 7618
2686 317 7617
2685 318 7616
2684 319 7615
2683 320 7614
2682 321 7613
2681 322 7612
2680 323 7611
2679 324 7610
2678 325 7609
2677 326 7608
2676 327 7607
2675 328 7606
2674 329 7605
2673 330 7604
2672 331 7603
2671 332 7602
2670 333 7601
2669 334 7600
2668 335 7599
2667 336 7598
2666 337 7597
2665 338 7596
2664 339 7595
2663 340 7594
2662 341 7593
2661 342 7592
2660 343 7591
2659 344 7590
2658 345 7589
2657 346 7588
2656 347 7587
2655 348 7586
2654 349 7585
2653 350 7584
2652 351 7583
2651 352 7582
2650 353 7581
2649 354 7580
2648 355 7579
2647 356 7578
2646 357 7577
2645 358 7576
2644 359 7575
2643 360 7574
2642 361 7573
2641 362 7572
2640 363 7571
2639 364 7570
2638 365 7569
2637 366 7568
2636 367 7567
2635 368 7566
2634 369 7565
2633 370 7564
2632 371 7563
2631 372 7562
2630 373 7561
2629 374 7560
2628 375 7559
2627 376 7558
2626 377 7557
2625 378 7556
2624 379 7555
2623 380 7554
2622 381 7553
2621 382 7552
2620 383 7551
2619 384 7550
2618 385 7549
2617 386 7548
2616 387 7547
2615 388 7546
2614 389 7545
2613 390 7544
2612 391 7543
2611 392 7542
2610 393 7541
2609 394 7540
2608 395 7539
2607 396 7538
2606 397 7537
2605 398 7536
2604 399 7535
2603 400 7534
2602 401 7533
2601 402 7532
2600 403 7531
2599 404 7530
2598 405 7529
2597 406 7528
2596 407 7527
2595 408 7526
2594 409 7525
2593 410 7524
2592 411 7523
2591 412 7522
2590 413 7521
2589 414 7520
2588 415 7519
2587 416 7518
2586 417 7517
2585 418 7516
2584 419 7515
2583 420 7514
2582 421 7513
2581 422 7512
2580 423 7511
2579 424 7510
2578 425 7509
2577 426 7508
2576 427 7507
2575 428 7506
2574 429 7505
2573 430 7504
2572 431 7503
2571 432 7502
2570 433 7501
2569 434 7500
2568 435 7499
2567 436 7498
2566 437 7497
2565 438 7496
2564 439 7495
2563 440 7494
2562 441 7493
2561 442 7492
2560 443 7491
2559 444 7490
2558 445 7489
2557 446 7488
2556 447 7487
2555 448 7486
2554 449 7485
2553 450 7484
2552 451 7483
2551 452 7482
2550 453 7481
2549 454 7480
2548 455 7479
2547 456 7478
2546 457 7477
2545 458 7476
2544 459 7475
2543 460 7474
2542 461 7473
2541 462 7472
2540 463 7471
2539 464 7470
2538 465 7469
2537 466 7468
2536 467 7467
2535 468 7466
2534 469 7465
2533 470 7464
2532 471 7463
2531 472 7462
2530 473 7461
2529 474 7460
2528 475 7459
2527 476 7458
2526 477 7457
2525 478 7456
2524 479 7455
2523 480 7454
2522 481 7453
2521 482 7452
2520 483 7451
2519 484 7450
2518 485 7449
2517 486 7448
2516 487 7447
2515 488 7446
2514 489 7445
2513 490 7444
2512 491 7443
2511 492 7442
2510 493 7441
2509 494 7440
2508 495 7439
2507 496 7438
2506 497 7437
2505 498 7436
2504 499 7435
2503 500 7434
2502 501 7433
2501 502 7432
2500 503 7431
2499 504 7430
2498 505 7429
2497 506 7428
2496 507 7427
2495 508 7426
2494 509 7425
2493 510 7424
2492 511 7423
2491 512 7422
2490 513 7421
2489 514 7420
2488 515 7419
2487 516 7418
2486 517 7417
2485 518 7416
2484 519 7415
2483 520 7414
2482 521 7413
2481 522 7412
2480 523 7411
2479 524 7410
2478 525 7409
2477 526 7408
2476 527 7407
2475 528 7406
2474 529 7405
2473 530 7404
2472 531 7403
2471 532 7402
2470 533 7401
2469 534 7400
2468 535 7399
2467 536 7398
2466 537 7397
2465 538 7396
2464 539 7395
2463 540 7394
2462 541 7393
2461 542 7392
2460 543 7391
2459 544 7390
2458 545 7389
2457 546 7388
2456 547 7387
2455 548 7386
2454 549 7385
2453 550 7384
2452 551 7383
2451 552 7382
2450 553 7381
2449 554 7380
2448 555 7379
2447 556 7378
2446 557 7377
2445 558 7376
2444 559 7375
2443 560 7374
2442 561 7373
2441 562 7372
2440 563 7371
2439 564 7370
2438 565 7369
2437 566 7368
2436 567 7367
2435 568 7366
2434 569 7365
2433 570 7364
2432 571 7363
2431 572 7362
2430 573 7361
2429 574 7360
2428 575 7359
2427 576 7358
2426 577 7357
2425 578 7356
2424 579 7355
2423 580 7354
2422 581 7353
2421 582 7352
2420 583 7351
2419 584 7350
2418 585 7349
2417 586 7348
2416 587 7347
2415 588 7346
2414 589 7345
2413 590 7344
2412 591 7343
2411 592 7342
2410 593 7341
2409 594 7340
2408 595 7339
2407 596 7338
2406 597 7337
2405 598 7336
2404 599 7335
2403 600 7334
2402 601 7333
2401 602 7332
2400 603 7331
2399 604 7330
2398 605 7329
2397 606 7328
2396 607 7327
2395 608 7326
2394 609 7325
2393 610 7324
2392 611 7323
2391 612 7322
2390 613 7321
2389 614 7320
2388 615 7319
2387 616 7318
2386 617 7317
2385 618 7316
2384 619 7315
2383 620 7314
2382 621 7313
2381 622 7312
2380 623 7311
2379 624 7310
2378 625 7309
2377 626 7308
2376 627 7307
2375 628 7306
2374 629 7305
2373 630 7304
2372 631 7303
2371 632 7302
2370 633 7301
2369 634 7300
2368 635 7299
2367 636 7298
2366 637 7297
2365 638 7296
2364 639 7295
2363 640 7294
2362 641 7293
2361 642 7292
2360 643 7291
2359 644 7290
2358 645 7289
2357 646 7288
2356 647 7287
2355 648 7286
2354 649 7285
2353 650 7284
2352 651 7283
2351 652 7282
2350 653 7281
2349 654 7280
2348 655 7279
2347 656 7278
2346 657 7277
2345 658 7276
2344 659 7275
2343 660 7274
2342 661 7273
2341 662 7272
2340 663 7271
2339 664 7270
2338 665 7269
2337 666 7268
2336 667 7267
2335 668 7266
2334 669 7265
2333 670 7264
2332 671 7263
2331 672 7262
2330 673 7261
2329 674 7260
2328 675 7259
2327 676 7258
2326 677 7257
2325 678 7256
2324 679 7255
2323 680 7254
2322 681 7253
2321 682 7252
2320 683 7251
2319 684 7250
2318 685 7249
2317 686 7248
2316 687 7247
2315 688 7246
2314 689 7245
2313 690 7244
2312 691 7243
2311 692 7242
2310 693 7241
2309 694 7240
2308 695 7239
2307 696 7238
2306 697 7237
2305 698 7236
2304 699 7235
2303 700 7234
2302 701 7233
2301 702 7232
2300 703 7231
2299 704 7230
2298 705 7229
2297 706 7228
2296 707 7227
2295 708 7226
2294 709 7225
2293 710 7224
2292 711 7223
2291 712 7222
2290 713 7221
2289 714 7220
2288 715 7219
2287 716 7218
2286 717 7217
2285 718 7216
2284 719 7215
2283 720 7214
2282 721 7213
2281 722 7212
2280 723 7211
2279 724 7210
2278 725 7209
2277 726 7208
2276 727 7207
2275 728 7206
2274 729 7205
2273 730 7204
2272 731 7203
2271 732 7202
2270 733 7201
2269 734 7200
2268 735 7199
2267 736 7198
2266 737 7197
2265 738 7196
2264 739 7195
2263 740 7194
2262 741 7193
2261 742 7192
2260 743 7191
2259 744 7190
2258 745 7189
2257 746 7188
2256 747 7187
2255 748 7186
2254 749 7185
2253 750 7184
2252 751 7183
2251 752 7182
2250 753 7181
2249 754 7180
2248 755 7179
2247 756 7178
2246 757 7177
2245 758 7176
2244 759 7175
2243 760 7174
2242 761 7173
2241 762 7172
2240 763 7171
2239 764 7170
2238 765 7169
2237 766 7168
2236 767 7167
2235 768 7166
2234 769 7165
2233 770 7164
2232 771 7163
2231 772 7162
2230 773 7161
2229 774 7160
2228 775 7159
2227 776 7158
2226 777 7157
2225 778 7156
2224 779 7155
2223 780 7154
2222 781 7153
2221 782 7152
2220 783 7151
2219 784 7150
2218 785 7149
2217 786 7148
2216 787 7147
2215 788 7146
2214 789 7145
2213 790 7144
2212 791 7143
2211 792 7142
2210 793 7141
2209 794 7140
2208 795 7139
2207 796 7138
2206 797 7137
2205 798 7136
2204 799 7135
2203 800 7134
2202 801 7133
2201 802 7132
2200 803 7131
2199 804 7130
2198 805 7129
2197 806 7128
2196 807 7127
2195 808 7126
2194 809 7125
2193 810 7124
2192 811 7123
2191 812 7122
2190 813 7121
2189 814 7120
2188 815 7119
2187 816 7118
2186 817 7117
2185 818 7116
2184 819 7115
2183 820 7114
2182 821 7113
2181 822 7112
2180 823 7111
2179 824 7110
2178 825 7109
2177 826 7108
2176 827 7107
2175 828 7106
2174 829 7105
2173 830 7104
2172 831 7103
2171 832 7102
2170 833 7101
2169 834 7100
2168 835 7099
2167 836 7098
2166 837 7097
2165 838 7096
2164 839 7095
2163 840 7094
2162 841 7093
2161 842 7092
2160 843 7091
2159 844 7090
2158 845 7089
2157 846 7088
2156 847 7087
2155 848 7086
2154 849 7085
2153 850 7084
2152 851 7083
2151 852 7082
2150 853 7081
2149 854 7080
2148 855 7079
2147 856 7078
2146 857 7077
2145 858 7076
2144 859 7075
2143 860 7074
2142 861 7073
2141 862 7072
2140 863 7071
2139 864 7070
2138 865 7069
2137 866 7068
2136 867 7067
2135 868 7066
2134 869 7065
2133 870 7064
2132 871 7063
2131 872 7062
2130 873 7061
2129 874 7060
2128 875 7059
2127 876 7058
2126 877 7057
2125 878 7056
2124 879 7055
2123 880 7054
2122 881 7053
2121 882 7052
2120 883 7051
2119 884 7050
2118 885 7049
2117 886 7048
2116 887 7047
2115 888 7046
2114 889 7045
2113 890 7044
2112 891 7043
2111 892 7042
2110 893 7041
2109 894 7040
2108 895 7039
2107 896 7038
2106 897 7037
2105 898 7036
2104 899 7035
2103 900 7034
2102 901 7033
2101 902 7032
2100 903 7031
2099 904 7030
2098 905 7029
2097 906 7028
2096 907 7027
2095 908 7026
2094 909 7025
2093 910 7024
2092 911 7023
2091 912 7022
2090 913 7021
2089 914 7020
2088 915 7019
2087 916 7018
2086 917 7017
2085 918 7016
2084 919 7015
2083 920 7014
2082 921 7013
2081 922 7012
2080 923 7011
2079 924 7010
2078 925 7009
2077 926 7008
2076 927 7007
2075 928 7006
2074 929 7005
2073 930 7004
2072 931 7003
2071 932 7002
2070 933 7001
2069 934 7000
2068 935 6999
2067 936 6998
2066 937 6997
2065 938 6996
2064 939 6995
2063 940 6994
2062 941 6993
2061 942 6992
2060 943 6991
2059 944 6990
2058 945 6989
2057 946 6988
2056 947 6987
2055 948 6986
2054 949 6985
2053 950 6984
2052 951 6983
2051 952 6982
2050 953 6981
2049 954 6980
2048 955 6979
2047 956 6978
2046 957 6977
2045 958 6976
2044 959 6975
2043 960 6974
2042 961 6973
2041 962 6972
2040 963 6971
2039 964 6970
2038 965 6969
2037 966 6968
2036 967 6967
2035 968 6966
2034 969 6965
2033 970 6964
2032 971 6963
2031 972 6962
2030 973 6961
2029 974 6960
2028 975 6959
2027 976 6958
2026 977 6957
2025 978 6956
2024 979 6955
2023 980 6954
2022 981 6953
2021 982 6952
2020 983 6951
2019 984 6950
2018 985 6949
2017 986 6948
2016 987 6947
2015 988 6946
2014 989 6945
2013 990 6944
2012 991 6943
2011 992 6942
2010 993 6941
2009 994 6940
2008 995 6939
2007 996 6938
2006 997 6937
2005 998 6936
2004 999 6935
2003 1000 6934
2002 1001 6933
2001 1002 6932
2000 1003 6931
1999 1004 6930
1998 1005 6929
1997 1006 6928
1996 1007 6927
1995 1008 6926
1994 1009 6925
1993 1010 6924
1992 1011 6923
1991 1012 6922
1990 1013 6921
1989 1014 6920
1988 1015 6919
1987 1016 6918
1986 1017 6917
1985 1018 6916
1984 1019 6915
1983 1020 6914
1982 1021 6913
1981 1022 6912
1980 1023 6911
1979 1024 6910
1978 1025 6909
1977 1026 6908
1976 1027 6907
1975 1028 6906
1974 1029 6905
1973 1030 6904
1972 1031 6903
1971 1032 6902
1970 1033 6901
1969 1034 6900
1968 1035 6899
1967 1036 6898
1966 1037 6897
1965 1038 6896
1964 1039 6895
1963 1040 6894
1962 1041 6893
1961 1042 6892
1960 1043 6891
1959 1044 6890
1958 1045 6889
1957 1046 6888
1956 1047 6887
1955 1048 6886
1954 1049 6885
1953 1050 6884
1952 1051 6883
1951 1052 6882
1950 1053 6881
1949 1054 6880
1948 1055 6879
1947 1056 6878
1946 1057 6877
1945 1058 6876
1944 1059 6875
1943 1060 6874
1942 1061 6873
1941 1062 6872
1940 1063 6871
1939 1064 6870
1938 1065 6869
1937 1066 6868
1936 1067 6867
1935 1068 6866
1934 1069 6865
1933 1070 6864
1932 1071 6863
1931 1072 6862
1930 1073 6861
1929 1074 6860
1928 1075 6859
1927 1076 6858
1926 1077 6857
1925 1078 6856
1924 1079 6855
1923 1080 6854
1922 1081 6853
1921 1082 6852
1920 1083 6851
1919 1084 6850
1918 1085 6849
1917 1086 6848
1916 1087 6847
1915 1088 6846
1914 1089 6845
1913 1090 6844
1912 1091 6843
1911 1092 6842
1910 1093 6841
1909 1094 6840
1908 1095 6839
1907 1096 6838
1906 1097 6837
1905 1098 6836
1904 1099 6835
1903 1100 6834
1902 1101 6833
1901 1102 6832
1900 1103 6831
1899 1104 6830
1898 1105 6829
1897 1106 6828
1896 1107 6827
1895 1108 6826
1894 1109 6825
1893 1110 6824
1892 1111 6823
1891 1112 6822
1890 1113 6821
1889 1114 6820
1888 1115 6819
1887 1116 6818
1886 1117 6817
1885 1118 6816
1884 1119 6815
1883 1120 6814
1882 1121 6813
1881 1122 6812
1880 1123 6811
1879 1124 6810
1878 1125 6809
1877 1126 6808
1876 1127 6807
1875 1128 6806
1874 1129 6805
1873 1130 6804
1872 1131 6803
1871 1132 6802
1870 1133 6801
1869 1134 6800
1868 1135 6799
1867 1136 6798
1866 1137 6797
1865 1138 6796
1864 1139 6795
1863 1140 6794
1862 1141 6793
1861 1142 6792
1860 1143 6791
1859 1144 6790
1858 1145 6789
1857 1146 6788
1856 1147 6787
1855 1148 6786
1854 1149 6785
1853 1150 6784
1852 1151 6783
1851 1152 6782
1850 1153 6781
1849 1154 6780
1848 1155 6779
1847 1156 6778
1846 1157 6777
1845 1158 6776
1844 1159 6775
1843 1160 6774
1842 1161 6773
1841 1162 6772
1840 1163 6771
1839 1164 6770
1838 1165 6769
1837 1166 6768
1836 1167 6767
1835 1168 6766
1834 1169 6765
1833 1170 6764
1832 1171 6763
1831 1172 6762
1830 1173 6761
1829 1174 6760
1828 1175 6759
1827 1176 6758
1826 1177 6757
1825 1178 6756
1824 1179 6755
1823 1180 6754
1822 1181 6753
1821 1182 6752
1820 1183 6751
1819 1184 6750
1818 1185 6749
1817 1186 6748
1816 1187 6747
1815 1188 6746
1814 1189 6745
1813 1190 6744
1812 1191 6743
1811 1192 6742
1810 1193 6741
1809 1194 6740
1808 1195 6739
1807 1196 6738
1806 1197 6737
1805 1198 6736
1804 1199 6735
1803 1200 6734
1802 1201 6733
1801 1202 6732
1800 1203 6731
1799 1204 6730
1798 1205 6729
1797 1206 6728
1796 1207 6727
1795 1208 6726
1794 1209 6725
1793 1210 6724
1792 1211 6723
1791 1212 6722
1790 1213 6721
1789 1214 6720
1788 1215 6719
1787 1216 6718
1786 1217 6717
1785 1218 6716
1784 1219 6715
1783 1220 6714
1782 1221 6713
1781 1222 6712
1780 1223 6711
1779 1224 6710
1778 1225 6709
1777 1226 6708
1776 1227 6707
1775 1228 6706
1774 1229 6705
1773 1230 6704
1772 1231 6703
1771 1232 6702
1770 1233 6701
1769 1234 6700
1768 1235 6699
1767 1236 6698
1766 1237 6697
1765 1238 6696
1764 1239 6695
1763 1240 6694
1762 1241 6693
1761 1242 6692
1760 1243 6691
1759 1244 6690
1758 1245 6689
1757 1246 6688
1756 1247 6687
1755 1248 6686
1754 1249 6685
1753 1250 6684
1752 1251 6683
1751 1252 6682
1750 1253 6681
1749 1254 6680
1748 1255 6679
1747 1256 6678
1746 1257 6677
1745 1258 6676
1744 1259 6675
1743 1260 6674
1742 1261 6673
1741 1262 6672
1740 1263 6671
1739 1264 6670
1738 1265 6669
1737 1266 6668
1736 1267 6667
1735 1268 6666
1734 1269 6665
1733 1270 6664
1732 1271 6663
1731 1272 6662
1730 1273 6661
1729 1274 6660
1728 1275 6659
1727 1276 6658
1726 1277 6657
1725 1278 6656
1724 1279 6655
1723 1280 6654
1722 1281 6653
1721 1282 6652
1720 1283 6651
1719 1284 6650
1718 1285 6649
1717 1286 6648
1716 1287 6647
1715 1288 6646
1714 1289 6645
1713 1290 6644
1712 1291 6643
1711 1292 6642
1710 1293 6641
1709 1294 6640
1708 1295 6639
1707 1296 6638
1706 1297 6637
1705 1298 6636
1704 1299 6635
1703 1300 6634
1702 1301 6633
1701 1302 6632
1700 1303 6631
1699 1304 6630
1698 1305 6629
1697 1306 6628
1696 1307 6627
1695 1308 6626
1694 1309 6625
1693 1310 6624
1692 1311 6623
1691 1312 6622
1690 1313 6621
1689 1314 6620
1688 1315 6619
1687 1316 6618
1686 1317 6617
1685 1318 6616
1684 1319 6615
1683 1320 6614
1682 1321 6613
1681 1322 6612
1680 1323 6611
1679 1324 6610
1678 1325 6609
1677 1326 6608
1676 1327 6607
1675 1328 6606
1674 1329 6605
1673 1330 6604
1672 1331 6603
1671 1332 6602
1670 1333 6601
1669 1334 6600
1668 1335 6599
1667 1336 6598
1666 1337 6597
1665 1338 6596
1664 1339 6595
1663 1340 6594
1662 1341 6593
1661 1342 6592
1660 1343 6591
1659 1344 6590
1658 1345 6589
1657 1346 6588
1656 1347 6587
1655 1348 6586
1654 1349 6585
1653 1350 6584
1652 1351 6583
1651 1352 6582
1650 1353 6581
1649 1354 6580
1648 1355 6579
1647 1356 6578
1646 1357 6577
1645 1358 6576
1644 1359 6575
1643 1360 6574
1642 1361 6573
1641 1362 6572
1640 1363 6571
1639 1364 6570
1638 1365 6569
1637 1366 6568
1636 1367 6567
1635 1368 6566
1634 1369 6565
1633 1370 6564
1632 1371 6563
1631 1372 6562
1630 1373 6561
1629 1374 6560
1628 1375 6559
1627 1376 6558
1626 1377 6557
1625 1378 6556
1624 1379 6555
1623 1380 6554
1622 1381 6553
1621 1382 6552
1620 1383 6551
1619 1384 6550
1618 1385 6549
1617 1386 6548
1616 1387 6547
1615 1388 6546
1614 1389 6545
1613 1390 6544
1612 1391 6543
1611 1392 6542
1610 1393 6541
1609 1394 6540
1608 1395 6539
1607 1396 6538
1606 1397 6537
1605 1398 6536
1604 1399 6535
1603 1400 6534
1602 1401 6533
1601 1402 6532
1600 1403 6531
1599 1404 6530
1598 1405 6529
1597 1406 6528
1596 1407 6527
1595 1408 6526
1594 1409 6525
1593 1410 6524
1592 1411 6523
1591 1412 6522
1590 1413 6521
1589 1414 6520
1588 1415 6519
1587 1416 6518
1586 1417 6517
1585 1418 6516
1584 1419 6515
1583 1420 6514
1582 1421 6513
1581 1422 6512
1580 1423 6511
1579 1424 6510
1578 1425 6509
1577 1426 6508
1576 1427 6507
1575 1428 6506
1574 1429 6505
1573 1430 6504
1572 1431 6503
1571 1432 6502
1570 1433 6501
1569 1434 6500
1568 1435 6499
1567 1436 6498
1566 1437 6497
1565 1438 6496
1564 1439 6495
1563 1440 6494
1562 1441 6493
1561 1442 6492
1560 1443 6491
1559 1444 6490
1558 1445 6489
1557 1446 6488
1556 1447 6487
1555 1448 6486
1554 1449 6485
1553 1450 6484
1552 1451 6483
1551 1452 6482
1550 1453 6481
1549 1454 6480
1548 1455 6479
1547 1456 6478
1546 1457 6477
1545 1458 6476
1544 1459 6475
1543 1460 6474
1542 1461 6473
1541 1462 6472
1540 1463 6471
1539 1464 6470
1538 1465 6469
1537 1466 6468
1536 1467 6467
1535 1468 6466
1534 1469 6465
1533 1470 6464
1532 1471 6463
1531 1472 6462
1530 1473 6461
1529 1474 6460
1528 1475 6459
1527 1476 6458
1526 1477 6457
1525 1478 6456
1524 1479 6455
1523 1480 6454
1522 1481 6453
1521 1482 6452
1520 1483 6451
1519 1484 6450
1518 1485 6449
1517 1486 6448
1516 1487 6447
1515 1488 6446
1514 1489 6445
1513 1490 6444
1512 1491 6443
1511 1492 6442
1510 1493 6441
1509 1494 6440
1508 1495 6439
1507 1496 6438
1506 1497 6437
1505 1498 6436
1504 1499 6435
1503 1500 6434
1502 1501 6433
1501 1502 6432
1500 1503 6431
1499 1504 6430
1498 1505 6429
1497 1506 6428
1496 1507 6427
1495 1508 6426
1494 1509 6425
1493 1510 6424
1492 1511 6423
1491 1512 6422
1490 1513 6421
1489 1514 6420
1488 1515 6419
1487 1516 6418
1486 1517 6417
1485 1518 6416
1484 1519 6415
1483 1520 6414
1482 1521 6413
1481 1522 6412
1480 1523 6411
1479 1524 6410
1478 1525 6409
1477 1526 6408
1476 1527 6407
1475 1528 6406
1474 1529 6405
1473 1530 6404
1472 1531 6403
1471 1532 6402
1470 1533 6401
1469 1534 6400
1468 1535 6399
1467 1536 6398
1466 1537 6397
1465 1538 6396
1464 1539 6395
1463 1540 6394
1462 1541 6393
1461 1542 6392
1460 1543 6391
1459 1544 6390
1458 1545 6389
1457 1546 6388
1456 1547 6387
1455 1548 6386
1454 1549 6385
1453 1550 6384
1452 1551 6383
1451 1552 6382
1450 1553 6381
1449 1554 6380
1448 1555 6379
1447 1556 6378
1446 1557 6377
1445 1558 6376
1444 1559 6375
1443 1560 6374
1442 1561 6373
1441 1562 6372
1440 1563 6371
1439 1564 6370
1438 1565 6369
1437 1566 6368
1436 1567 6367
1435 1568 6366
1434 1569 6365
1433 1570 6364
1432 1571 6363
1431 1572 6362
1430 1573 6361
1429 1574 6360
1428 1575 6359
1427 1576 6358
1426 1577 6357
1425 1578 6356
1424 1579 6355
1423 1580 6354
1422 1581 6353
1421 1582 6352
1420 1583 6351
1419 1584 6350
1418 1585 6349
1417 1586 6348
1416 1587 6347
1415 1588 6346
1414 1589 6345
1413 1590 6344
1412 1591 6343
1411 1592 6342
1410 1593 6341
1409 1594 6340
1408 1595 6339
1407 1596 6338
1406 1597 6337
1405 1598 6336
1404 1599 6335
1403 1600 6334
1402 1601 6333
1401 1602 6332
1400 1603 6331
1399 1604 6330
1398 1605 6329
1397 1606 6328
1396 1607 6327
1395 1608 6326
1394 1609 6325
1393 1610 6324
1392 1611 6323
1391 1612 6322
1390 1613 6321
1389 1614 6320
1388 1615 6319
1387 1616 6318
1386 1617 6317
1385 1618 6316
1384 1619 6315
1383 1620 6314
1382 1621 6313
1381 1622 6312
1380 1623 6311
1379 1624 6310
1378 1625 6309
1377 1626 6308
1376 1627 6307
1375 1628 6306
1374 1629 6305
1373 1630 6304
1372 1631 6303
1371 1632 6302
1370 1633 6301
1369 1634 6300
1368 1635 6299
1367 1636 6298
1366 1637 6297
1365 1638 6296
1364 1639 6295
1363 1640 6294
1362 1641 6293
1361 1642 6292
1360 1643 6291
1359 1644 6290
1358 1645 6289
1357 1646 6288
1356 1647 6287
1355 1648 6286
1354 1649 6285
1353 1650 6284
1352 1651 6283
1351 1652 6282
1350 1653 6281
1349 1654 6280
1348 1655 6279
1347 1656 6278
1346 1657 6277
1345 1658 6276
1344 1659 6275
1343 1660 6274
1342 1661 6273
1341 1662 6272
1340 1663 6271
1339 1664 6270
1338 1665 6269
1337 1666 6268
1336 1667 6267
1335 1668 6266
1334 1669 6265
1333 1670 6264
1332 1671 6263
1331 1672 6262
1330 1673 6261
1329 1674 6260
1328 1675 6259
1327 1676 6258
1326 1677 6257
1325 1678 6256
1324 1679 6255
1323 1680 6254
1322 1681 6253
1321 1682 6252
1320 1683 6251
1319 1684 6250
1318 1685 6249
1317 1686 6248
1316 1687 6247
1315 1688 6246
1314 1689 6245
1313 1690 6244
1312 1691 6243
1311 1692 6242
1310 1693 6241
1309 1694 6240
1308 1695 6239
1307 1696 6238
1306 1697 6237
1305 1698 6236
1304 1699 6235
1303 1700 6234
1302 1701 6233
1301 1702 6232
1300 1703 6231
1299 1704 6230
1298 1705 6229
1297 1706 6228
1296 1707 6227
1295 1708 6226
1294 1709 6225
1293 1710 6224
1292 1711 6223
1291 1712 6222
1290 1713 6221
1289 1714 6220
1288 1715 6219
1287 1716 6218
1286 1717 6217
1285 1718 6216
1284 1719 6215
1283 1720 6214
1282 1721 6213
1281 1722 6212
1280 1723 6211
1279 1724 6210
1278 1725 6209
1277 1726 6208
1276 1727 6207
1275 1728 6206
1274 1729 6205
1273 1730 6204
1272 1731 6203
1271 1732 6202
1270 1733 6201
1269 1734 6200
1268 1735 6199
1267 1736 6198
1266 1737 6197
1265 1738 6196
1264 1739 6195
1263 1740 6194
1262 1741 6193
1261 1742 6192
1260 1743 6191
1259 1744 6190
1258 1745 6189
1257 1746 6188
1256 1747 6187
1255 1748 6186
1254 1749 6185
1253 1750 6184
1252 1751 6183
1251 1752 6182
1250 1753 6181
1249 1754 6180
1248 1755 6179
1247 1756 6178
1246 1757 6177
1245 1758 6176
1244 1759 6175
1243 1760 6174
1242 1761 6173
1241 1762 6172
1240 1763 6171
1239 1764 6170
1238 1765 6169
1237 1766 6168
1236 1767 6167
1235 1768 6166
1234 1769 6165
1233 1770 6164
1232 1771 6163
1231 1772 6162
1230 1773 6161
1229 1774 6160
1228 1775 6159
1227 1776 6158
1226 1777 6157
1225 1778 6156
1224 1779 6155
1223 1780 6154
1222 1781 6153
1221 1782 6152
1220 1783 6151
1219 1784 6150
1218 1785 6149
1217 1786 6148
1216 1787 6147
1215 1788 6146
1214 1789 6145
1213 1790 6144
1212 1791 6143
1211 1792 6142
1210 1793 6141
1209 1794 6140
1208 1795 6139
1207 1796 6138
1206 1797 6137
1205 1798 6136
1204 1799 6135
1203 1800 6134
1202 1801 6133
1201 1802 6132
1200 1803 6131
1199 1804 6130
1198 1805 6129
1197 1806 6128
1196 1807 6127
1195 1808 6126
1194 1809 6125
1193 1810 6124
1192 1811 6123
1191 1812 6122
1190 1813 6121
1189 1814 6120
1188 1815 6119
1187 1816 6118
1186 1817 6117
1185 1818 6116
1184 1819 6115
1183 1820 6114
1182 1821 6113
1181 1822 6112
1180 1823 6111
1179 1824 6110
1178 1825 6109
1177 1826 6108
1176 1827 6107
1175 1828 6106
1174 1829 6105
1173 1830 6104
1172 1831 6103
1171 1832 6102
1170 1833 6101
1169 1834 6100
1168 1835 6099
1167 1836 6098
1166 1837 6097
1165 1838 6096
1164 1839 6095
1163 1840 6094
1162 1841 6093
1161 1842 6092
1160 1843 6091
1159 1844 6090
1158 1845 6089
1157 1846 6088
1156 1847 6087
1155 1848 6086
1154 1849 6085
1153 1850 6084
1152 1851 6083
1151 1852 6082
1150 1853 6081
1149 1854 6080
1148 1855 6079
1147 1856 6078
1146 1857 6077
1145 1858 6076
1144 1859 6075
1143 1860 6074
1142 1861 6073
1141 1862 6072
1140 1863 6071
1139 1864 6070
1138 1865 6069
1137 1866 6068
1136 1867 6067
1135 1868 6066
1134 1869 6065
1133 1870 6064
1132 1871 6063
1131 1872 6062
1130 1873 6061
1129 1874 6060
1128 1875 6059
1127 1876 6058
1126 1877 6057
1125 1878 6056
1124 1879 6055
1123 1880 6054
1122 1881 6053
1121 1882 6052
1120 1883 6051
1119 1884 6050
1118 1885 6049
1117 1886 6048
1116 1887 6047
1115 1888 6046
1114 1889 6045
1113 1890 6044
1112 1891 6043
1111 1892 6042
1110 1893 6041
1109 1894 6040
1108 1895 6039
1107 1896 6038
1106 1897 6037
1105 1898 6036
1104 1899 6035
1103 1900 6034
1102 1901 6033
1101 1902 6032
1100 1903 6031
1099 1904 6030
1098 1905 6029
1097 1906 6028
1096 1907 6027
1095 1908 6026
1094 1909 6025
1093 1910 6024
1092 1911 6023
1091 1912 6022
1090 1913 6021
1089 1914 6020
1088 1915 6019
1087 1916 6018
1086 1917 6017
1085 1918 6016
1084 1919 6015
1083 1920 6014
1082 1921 6013
1081 1922 6012
1080 1923 6011
1079 1924 6010
1078 1925 6009
1077 1926 6008
1076 1927 6007
1075 1928 6006
1074 1929 6005
1073 1930 6004
1072 1931 6003
1071 1932 6002
1070 1933 6001
