766
3000 3 6766
2999 4 6765
2998 5 6764
2997 6 6763
2996 7 6762
2995 8 6761
2994 9 6760
2993 10 6759
2992 11 6758
2991 12 6757
2990 13 6756
2989 14 6755
2988 15 6754
2987 16 6753
2986 17 6752
2985 18 6751
2984 19 6750
2983 20 6749
2982 21 6748
2981 22 6747
2980 23 6746
2979 24 6745
2978 25 6744
2977 26 6743
2976 27 6742
2975 28 6741
2974 29 6740
2973 30 6739
2972 31 6738
2971 32 6737
2970 33 6736
2969 34 6735
2968 35 6734
2967 36 6733
2966 37 6732
2965 38 6731
2964 39 6730
2963 40 6729
2962 41 6728
2961 42 6727
2960 43 6726
2959 44 6725
2958 45 6724
2957 46 6723
2956 47 6722
2955 48 6721
2954 49 6720
2953 50 6719
2952 51 6718
2951 52 6717
2950 53 6716
2949 54 6715
2948 55 6714
2947 56 6713
2946 57 6712
2945 58 6711
2944 59 6710
2943 60 6709
2942 61 6708
2941 62 6707
2940 63 6706
2939 64 6705
2938 65 6704
2937 66 6703
2936 67 6702
2935 68 6701
2934 69 6700
2933 70 6699
2932 71 6698
2931 72 6697
2930 73 6696
2929 74 6695
2928 75 6694
2927 76 6693
2926 77 6692
2925 78 6691
2924 79 6690
2923 80 6689
2922 81 6688
2921 82 6687
2920 83 6686
2919 84 6685
2918 85 6684
2917 86 6683
2916 87 6682
2915 88 6681
2914 89 6680
2913 90 6679
2912 91 6678
2911 92 6677
2910 93 6676
2909 94 6675
2908 95 6674
2907 96 6673
2906 97 6672
2905 98 6671
2904 99 6670
2903 100 6669
2902 101 6668
2901 102 6667
2900 103 6666
2899 104 6665
2898 105 6664
2897 106 6663
2896 107 6662
2895 108 6661
2894 109 6660
2893 110 6659
2892 111 6658
2891 112 6657
2890 113 6656
2889 114 6655
2888 115 6654
2887 116 6653
2886 117 6652
2885 118 6651
2884 119 6650
2883 120 6649
2882 121 6648
2881 122 6647
2880 123 6646
2879 124 6645
2878 125 6644
2877 126 6643
2876 127 6642
2875 128 6641
2874 129 6640
2873 130 6639
2872 131 6638
2871 132 6637
2870 133 6636
2869 134 6635
2868 135 6634
2867 136 6633
2866 137 6632
2865 138 6631
2864 139 6630
2863 140 6629
2862 141 6628
2861 142 6627
2860 143 6626
2859 144 6625
2858 145 6624
2857 146 6623
2856 147 6622
2855 148 6621
2854 149 6620
2853 150 6619
2852 151 6618
2851 152 6617
2850 153 6616
2849 154 6615
2848 155 6614
2847 156 6613
2846 157 6612
2845 158 6611
2844 159 6610
2843 160 6609
2842 161 6608
2841 162 6607
2840 163 6606
2839 164 6605
2838 165 6604
2837 166 6603
2836 167 6602
2835 168 6601
2834 169 6600
2833 170 6599
2832 171 6598
2831 172 6597
2830 173 6596
2829 174 6595
2828 175 6594
2827 176 6593
2826 177 6592
2825 178 6591
2824 179 6590
2823 180 6589
2822 181 6588
2821 182 6587
2820 183 6586
2819 184 6585
2818 185 6584
2817 186 6583
2816 187 6582
2815 188 6581
2814 189 6580
2813 190 6579
2812 191 6578
2811 192 6577
2810 193 6576
2809 194 6575
2808 195 6574
2807 196 6573
2806 197 6572
2805 198 6571
2804 199 6570
2803 200 6569
2802 201 6568
2801 202 6567
2800 203 6566
2799 204 6565
2798 205 6564
2797 206 6563
2796 207 6562
2795 208 6561
2794 209 6560
2793 210 6559
2792 211 6558
2791 212 6557
2790 213 6556
2789 214 6555
2788 215 6554
2787 216 6553
2786 217 6552
2785 218 6551
2784 219 6550
2783 220 6549
2782 221 6548
2781 222 6547
2780 223 6546
2779 224 6545
2778 225 6544
2777 226 6543
2776 227 6542
2775 228 6541
2774 229 6540
2773 230 6539
2772 231 6538
2771 232 6537
2770 233 6536
2769 234 6535
2768 235 6534
2767 236 6533
2766 237 6532
2765 238 6531
2764 239 6530
2763 240 6529
2762 241 6528
2761 242 6527
2760 243 6526
2759 244 6525
2758 245 6524
2757 246 6523
2756 247 6522
2755 248 6521
2754 249 6520
2753 250 6519
2752 251 6518
2751 252 6517
2750 253 6516
2749 254 6515
2748 255 6514
2747 256 6513
2746 257 6512
2745 258 6511
2744 259 6510
2743 260 6509
2742 261 6508
2741 262 6507
2740 263 6506
2739 264 6505
2738 265 6504
2737 266 6503
2736 267 6502
2735 268 6501
2734 269 6500
2733 270 6499
2732 271 6498
2731 272 6497
2730 273 6496
2729 274 6495
2728 275 6494
2727 276 6493
2726 277 6492
2725 278 6491
2724 279 6490
2723 280 6489
2722 281 6488
2721 282 6487
2720 283 6486
2719 284 6485
2718 285 6484
2717 286 6483
2716 287 6482
2715 288 6481
2714 289 6480
2713 290 6479
2712 291 6478
2711 292 6477
2710 293 6476
2709 294 6475
2708 295 6474
2707 296 6473
2706 297 6472
2705 298 6471
2704 299 6470
2703 300 6469
2702 301 6468
2701 302 6467
2700 303 6466
2699 304 6465
2698 305 6464
2697 306 6463
2696 307 6462
2695 308 6461
2694 309 6460
2693 310 6459
2692 311 6458
2691 312 6457
2690 313 6456
2689 314 6455
2688 315 6454
2687 316 6453
2686 317 6452
2685 318 6451
2684 319 6450
2683 320 6449
2682 321 6448
2681 322 6447
2680 323 6446
2679 324 6445
2678 325 6444
2677 326 6443
2676 327 6442
2675 328 6441
2674 329 6440
2673 330 6439
2672 331 6438
2671 332 6437
2670 333 6436
2669 334 6435
2668 335 6434
2667 336 6433
2666 337 6432
2665 338 6431
2664 339 6430
2663 340 6429
2662 341 6428
2661 342 6427
2660 343 6426
2659 344 6425
2658 345 6424
2657 346 6423
2656 347 6422
2655 348 6421
2654 349 6420
2653 350 6419
2652 351 6418
2651 352 6417
2650 353 6416
2649 354 6415
2648 355 6414
2647 356 6413
2646 357 6412
2645 358 6411
2644 359 6410
2643 360 6409
2642 361 6408
2641 362 6407
2640 363 6406
2639 364 6405
2638 365 6404
2637 366 6403
2636 367 6402
2635 368 6401
2634 369 6400
2633 370 6399
2632 371 6398
2631 372 6397
2630 373 6396
2629 374 6395
2628 375 6394
2627 376 6393
2626 377 6392
2625 378 6391
2624 379 6390
2623 380 6389
2622 381 6388
2621 382 6387
2620 383 6386
2619 384 6385
2618 385 6384
2617 386 6383
2616 387 6382
2615 388 6381
2614 389 6380
2613 390 6379
2612 391 6378
2611 392 6377
2610 393 6376
2609 394 6375
2608 395 6374
2607 396 6373
2606 397 6372
2605 398 6371
2604 399 6370
2603 400 6369
2602 401 6368
2601 402 6367
2600 403 6366
2599 404 6365
2598 405 6364
2597 406 6363
2596 407 6362
2595 408 6361
2594 409 6360
2593 410 6359
2592 411 6358
2591 412 6357
2590 413 6356
2589 414 6355
2588 415 6354
2587 416 6353
2586 417 6352
2585 418 6351
2584 419 6350
2583 420 6349
2582 421 6348
2581 422 6347
2580 423 6346
2579 424 6345
2578 425 6344
2577 426 6343
2576 427 6342
2575 428 6341
2574 429 6340
2573 430 6339
2572 431 6338
2571 432 6337
2570 433 6336
2569 434 6335
2568 435 6334
2567 436 6333
2566 437 6332
2565 438 6331
2564 439 6330
2563 440 6329
2562 441 6328
2561 442 6327
2560 443 6326
2559 444 6325
2558 445 6324
2557 446 6323
2556 447 6322
2555 448 6321
2554 449 6320
2553 450 6319
2552 451 6318
2551 452 6317
2550 453 6316
2549 454 6315
2548 455 6314
2547 456 6313
2546 457 6312
2545 458 6311
2544 459 6310
2543 460 6309
2542 461 6308
2541 462 6307
2540 463 6306
2539 464 6305
2538 465 6304
2537 466 6303
2536 467 6302
2535 468 6301
2534 469 6300
2533 470 6299
2532 471 6298
2531 472 6297
2530 473 6296
2529 474 6295
2528 475 6294
2527 476 6293
2526 477 6292
2525 478 6291
2524 479 6290
2523 480 6289
2522 481 6288
2521 482 6287
2520 483 6286
2519 484 6285
2518 485 6284
2517 486 6283
2516 487 6282
2515 488 6281
2514 489 6280
2513 490 6279
2512 491 6278
2511 492 6277
2510 493 6276
2509 494 6275
2508 495 6274
2507 496 6273
2506 497 6272
2505 498 6271
2504 499 6270
2503 500 6269
2502 501 6268
2501 502 6267
2500 503 6266
2499 504 6265
2498 505 6264
2497 506 6263
2496 507 6262
2495 508 6261
2494 509 6260
2493 510 6259
2492 511 6258
2491 512 6257
2490 513 6256
2489 514 6255
2488 515 6254
2487 516 6253
2486 517 6252
2485 518 6251
2484 519 6250
2483 520 6249
2482 521 6248
2481 522 6247
2480 523 6246
2479 524 6245
2478 525 6244
2477 526 6243
2476 527 6242
2475 528 6241
2474 529 6240
2473 530 6239
2472 531 6238
2471 532 6237
2470 533 6236
2469 534 6235
2468 535 6234
2467 536 6233
2466 537 6232
2465 538 6231
2464 539 6230
2463 540 6229
2462 541 6228
2461 542 6227
2460 543 6226
2459 544 6225
2458 545 6224
2457 546 6223
2456 547 6222
2455 548 6221
2454 549 6220
2453 550 6219
2452 551 6218
2451 552 6217
2450 553 6216
2449 554 6215
2448 555 6214
2447 556 6213
2446 557 6212
2445 558 6211
2444 559 6210
2443 560 6209
2442 561 6208
2441 562 6207
2440 563 6206
2439 564 6205
2438 565 6204
2437 566 6203
2436 567 6202
2435 568 6201
2434 569 6200
2433 570 6199
2432 571 6198
2431 572 6197
2430 573 6196
2429 574 6195
2428 575 6194
2427 576 6193
2426 577 6192
2425 578 6191
2424 579 6190
2423 580 6189
2422 581 6188
2421 582 6187
2420 583 6186
2419 584 6185
2418 585 6184
2417 586 6183
2416 587 6182
2415 588 6181
2414 589 6180
2413 590 6179
2412 591 6178
2411 592 6177
2410 593 6176
2409 594 6175
2408 595 6174
2407 596 6173
2406 597 6172
2405 598 6171
2404 599 6170
2403 600 6169
2402 601 6168
2401 602 6167
2400 603 6166
2399 604 6165
2398 605 6164
2397 606 6163
2396 607 6162
2395 608 6161
2394 609 6160
2393 610 6159
2392 611 6158
2391 612 6157
2390 613 6156
2389 614 6155
2388 615 6154
2387 616 6153
2386 617 6152
2385 618 6151
2384 619 6150
2383 620 6149
2382 621 6148
2381 622 6147
2380 623 6146
2379 624 6145
2378 625 6144
2377 626 6143
2376 627 6142
2375 628 6141
2374 629 6140
2373 630 6139
2372 631 6138
2371 632 6137
2370 633 6136
2369 634 6135
2368 635 6134
2367 636 6133
2366 637 6132
2365 638 6131
2364 639 6130
2363 640 6129
2362 641 6128
2361 642 6127
2360 643 6126
2359 644 6125
2358 645 6124
2357 646 6123
2356 647 6122
2355 648 6121
2354 649 6120
2353 650 6119
2352 651 6118
2351 652 6117
2350 653 6116
2349 654 6115
2348 655 6114
2347 656 6113
2346 657 6112
2345 658 6111
2344 659 6110
2343 660 6109
2342 661 6108
2341 662 6107
2340 663 6106
2339 664 6105
2338 665 6104
2337 666 6103
2336 667 6102
2335 668 6101
2334 669 6100
2333 670 6099
2332 671 6098
2331 672 6097
2330 673 6096
2329 674 6095
2328 675 6094
2327 676 6093
2326 677 6092
2325 678 6091
2324 679 6090
2323 680 6089
2322 681 6088
2321 682 6087
2320 683 6086
2319 684 6085
2318 685 6084
2317 686 6083
2316 687 6082
2315 688 6081
2314 689 6080
2313 690 6079
2312 691 6078
2311 692 6077
2310 693 6076
2309 694 6075
2308 695 6074
2307 696 6073
2306 697 6072
2305 698 6071
2304 699 6070
2303 700 6069
2302 701 6068
2301 702 6067
2300 703 6066
2299 704 6065
2298 705 6064
2297 706 6063
2296 707 6062
2295 708 6061
2294 709 6060
2293 710 6059
2292 711 6058
2291 712 6057
2290 713 6056
2289 714 6055
2288 715 6054
2287 716 6053
2286 717 6052
2285 718 6051
2284 719 6050
2283 720 6049
2282 721 6048
2281 722 6047
2280 723 6046
2279 724 6045
2278 725 6044
2277 726 6043
2276 727 6042
2275 728 6041
2274 729 6040
2273 730 6039
2272 731 6038
2271 732 6037
2270 733 6036
2269 734 6035
2268 735 6034
2267 736 6033
2266 737 6032
2265 738 6031
2264 739 6030
2263 740 6029
2262 741 6028
2261 742 6027
2260 743 6026
2259 744 6025
2258 745 6024
2257 746 6023
2256 747 6022
2255 748 6021
2254 749 6020
2253 750 6019
2252 751 6018
2251 752 6017
2250 753 6016
2249 754 6015
2248 755 6014
2247 756 6013
2246 757 6012
2245 758 6011
2244 759 6010
2243 760 6009
2242 761 6008
2241 762 6007
2240 763 6006
2239 764 6005
2238 765 6004
2237 766 6003
2236 767 6002
2235 768 6001
