269
3000 3 6269
2999 4 6268
2998 5 6267
2997 6 6266
2996 7 6265
2995 8 6264
2994 9 6263
2993 10 6262
2992 11 6261
2991 12 6260
2990 13 6259
2989 14 6258
2988 15 6257
2987 16 6256
2986 17 6255
2985 18 6254
2984 19 6253
2983 20 6252
2982 21 6251
2981 22 6250
2980 23 6249
2979 24 6248
2978 25 6247
2977 26 6246
2976 27 6245
2975 28 6244
2974 29 6243
2973 30 6242
2972 31 6241
2971 32 6240
2970 33 6239
2969 34 6238
2968 35 6237
2967 36 6236
2966 37 6235
2965 38 6234
2964 39 6233
2963 40 6232
2962 41 6231
2961 42 6230
2960 43 6229
2959 44 6228
2958 45 6227
2957 46 6226
2956 47 6225
2955 48 6224
2954 49 6223
2953 50 6222
2952 51 6221
2951 52 6220
2950 53 6219
2949 54 6218
2948 55 6217
2947 56 6216
2946 57 6215
2945 58 6214
2944 59 6213
2943 60 6212
2942 61 6211
2941 62 6210
2940 63 6209
2939 64 6208
2938 65 6207
2937 66 6206
2936 67 6205
2935 68 6204
2934 69 6203
2933 70 6202
2932 71 6201
2931 72 6200
2930 73 6199
2929 74 6198
2928 75 6197
2927 76 6196
2926 77 6195
2925 78 6194
2924 79 6193
2923 80 6192
2922 81 6191
2921 82 6190
2920 83 6189
2919 84 6188
2918 85 6187
2917 86 6186
2916 87 6185
2915 88 6184
2914 89 6183
2913 90 6182
2912 91 6181
2911 92 6180
2910 93 6179
2909 94 6178
2908 95 6177
2907 96 6176
2906 97 6175
2905 98 6174
2904 99 6173
2903 100 6172
2902 101 6171
2901 102 6170
2900 103 6169
2899 104 6168
2898 105 6167
2897 106 6166
2896 107 6165
2895 108 6164
2894 109 6163
2893 110 6162
2892 111 6161
2891 112 6160
2890 113 6159
2889 114 6158
2888 115 6157
2887 116 6156
2886 117 6155
2885 118 6154
2884 119 6153
2883 120 6152
2882 121 6151
2881 122 6150
2880 123 6149
2879 124 6148
2878 125 6147
2877 126 6146
2876 127 6145
2875 128 6144
2874 129 6143
2873 130 6142
2872 131 6141
2871 132 6140
2870 133 6139
2869 134 6138
2868 135 6137
2867 136 6136
2866 137 6135
2865 138 6134
2864 139 6133
2863 140 6132
2862 141 6131
2861 142 6130
2860 143 6129
2859 144 6128
2858 145 6127
2857 146 6126
2856 147 6125
2855 148 6124
2854 149 6123
2853 150 6122
2852 151 6121
2851 152 6120
2850 153 6119
2849 154 6118
2848 155 6117
2847 156 6116
2846 157 6115
2845 158 6114
2844 159 6113
2843 160 6112
2842 161 6111
2841 162 6110
2840 163 6109
2839 164 6108
2838 165 6107
2837 166 6106
2836 167 6105
2835 168 6104
2834 169 6103
2833 170 6102
2832 171 6101
2831 172 6100
2830 173 6099
2829 174 6098
2828 175 6097
2827 176 6096
2826 177 6095
2825 178 6094
2824 179 6093
2823 180 6092
2822 181 6091
2821 182 6090
2820 183 6089
2819 184 6088
2818 185 6087
2817 186 6086
2816 187 6085
2815 188 6084
2814 189 6083
2813 190 6082
2812 191 6081
2811 192 6080
2810 193 6079
2809 194 6078
2808 195 6077
2807 196 6076
2806 197 6075
2805 198 6074
2804 199 6073
2803 200 6072
2802 201 6071
2801 202 6070
2800 203 6069
2799 204 6068
2798 205 6067
2797 206 6066
2796 207 6065
2795 208 6064
2794 209 6063
2793 210 6062
2792 211 6061
2791 212 6060
2790 213 6059
2789 214 6058
2788 215 6057
2787 216 6056
2786 217 6055
2785 218 6054
2784 219 6053
2783 220 6052
2782 221 6051
2781 222 6050
2780 223 6049
2779 224 6048
2778 225 6047
2777 226 6046
2776 227 6045
2775 228 6044
2774 229 6043
2773 230 6042
2772 231 6041
2771 232 6040
2770 233 6039
2769 234 6038
2768 235 6037
2767 236 6036
2766 237 6035
2765 238 6034
2764 239 6033
2763 240 6032
2762 241 6031
2761 242 6030
2760 243 6029
2759 244 6028
2758 245 6027
2757 246 6026
2756 247 6025
2755 248 6024
2754 249 6023
2753 250 6022
2752 251 6021
2751 252 6020
2750 253 6019
2749 254 6018
2748 255 6017
2747 256 6016
2746 257 6015
2745 258 6014
2744 259 6013
2743 260 6012
2742 261 6011
2741 262 6010
2740 263 6009
2739 264 6008
2738 265 6007
2737 266 6006
2736 267 6005
2735 268 6004
2734 269 6003
2733 270 6002
2732 271 6001
