273
3000 3 6273
2999 4 6272
2998 5 6271
2997 6 6270
2996 7 6269
2995 8 6268
2994 9 6267
2993 10 6266
2992 11 6265
2991 12 6264
2990 13 6263
2989 14 6262
2988 15 6261
2987 16 6260
2986 17 6259
2985 18 6258
2984 19 6257
2983 20 6256
2982 21 6255
2981 22 6254
2980 23 6253
2979 24 6252
2978 25 6251
2977 26 6250
2976 27 6249
2975 28 6248
2974 29 6247
2973 30 6246
2972 31 6245
2971 32 6244
2970 33 6243
2969 34 6242
2968 35 6241
2967 36 6240
2966 37 6239
2965 38 6238
2964 39 6237
2963 40 6236
2962 41 6235
2961 42 6234
2960 43 6233
2959 44 6232
2958 45 6231
2957 46 6230
2956 47 6229
2955 48 6228
2954 49 6227
2953 50 6226
2952 51 6225
2951 52 6224
2950 53 6223
2949 54 6222
2948 55 6221
2947 56 6220
2946 57 6219
2945 58 6218
2944 59 6217
2943 60 6216
2942 61 6215
2941 62 6214
2940 63 6213
2939 64 6212
2938 65 6211
2937 66 6210
2936 67 6209
2935 68 6208
2934 69 6207
2933 70 6206
2932 71 6205
2931 72 6204
2930 73 6203
2929 74 6202
2928 75 6201
2927 76 6200
2926 77 6199
2925 78 6198
2924 79 6197
2923 80 6196
2922 81 6195
2921 82 6194
2920 83 6193
2919 84 6192
2918 85 6191
2917 86 6190
2916 87 6189
2915 88 6188
2914 89 6187
2913 90 6186
2912 91 6185
2911 92 6184
2910 93 6183
2909 94 6182
2908 95 6181
2907 96 6180
2906 97 6179
2905 98 6178
2904 99 6177
2903 100 6176
2902 101 6175
2901 102 6174
2900 103 6173
2899 104 6172
2898 105 6171
2897 106 6170
2896 107 6169
2895 108 6168
2894 109 6167
2893 110 6166
2892 111 6165
2891 112 6164
2890 113 6163
2889 114 6162
2888 115 6161
2887 116 6160
2886 117 6159
2885 118 6158
2884 119 6157
2883 120 6156
2882 121 6155
2881 122 6154
2880 123 6153
2879 124 6152
2878 125 6151
2877 126 6150
2876 127 6149
2875 128 6148
2874 129 6147
2873 130 6146
2872 131 6145
2871 132 6144
2870 133 6143
2869 134 6142
2868 135 6141
2867 136 6140
2866 137 6139
2865 138 6138
2864 139 6137
2863 140 6136
2862 141 6135
2861 142 6134
2860 143 6133
2859 144 6132
2858 145 6131
2857 146 6130
2856 147 6129
2855 148 6128
2854 149 6127
2853 150 6126
2852 151 6125
2851 152 6124
2850 153 6123
2849 154 6122
2848 155 6121
2847 156 6120
2846 157 6119
2845 158 6118
2844 159 6117
2843 160 6116
2842 161 6115
2841 162 6114
2840 163 6113
2839 164 6112
2838 165 6111
2837 166 6110
2836 167 6109
2835 168 6108
2834 169 6107
2833 170 6106
2832 171 6105
2831 172 6104
2830 173 6103
2829 174 6102
2828 175 6101
2827 176 6100
2826 177 6099
2825 178 6098
2824 179 6097
2823 180 6096
2822 181 6095
2821 182 6094
2820 183 6093
2819 184 6092
2818 185 6091
2817 186 6090
2816 187 6089
2815 188 6088
2814 189 6087
2813 190 6086
2812 191 6085
2811 192 6084
2810 193 6083
2809 194 6082
2808 195 6081
2807 196 6080
2806 197 6079
2805 198 6078
2804 199 6077
2803 200 6076
2802 201 6075
2801 202 6074
2800 203 6073
2799 204 6072
2798 205 6071
2797 206 6070
2796 207 6069
2795 208 6068
2794 209 6067
2793 210 6066
2792 211 6065
2791 212 6064
2790 213 6063
2789 214 6062
2788 215 6061
2787 216 6060
2786 217 6059
2785 218 6058
2784 219 6057
2783 220 6056
2782 221 6055
2781 222 6054
2780 223 6053
2779 224 6052
2778 225 6051
2777 226 6050
2776 227 6049
2775 228 6048
2774 229 6047
2773 230 6046
2772 231 6045
2771 232 6044
2770 233 6043
2769 234 6042
2768 235 6041
2767 236 6040
2766 237 6039
2765 238 6038
2764 239 6037
2763 240 6036
2762 241 6035
2761 242 6034
2760 243 6033
2759 244 6032
2758 245 6031
2757 246 6030
2756 247 6029
2755 248 6028
2754 249 6027
2753 250 6026
2752 251 6025
2751 252 6024
2750 253 6023
2749 254 6022
2748 255 6021
2747 256 6020
2746 257 6019
2745 258 6018
2744 259 6017
2743 260 6016
2742 261 6015
2741 262 6014
2740 263 6013
2739 264 6012
2738 265 6011
2737 266 6010
2736 267 6009
2735 268 6008
2734 269 6007
2733 270 6006
2732 271 6005
2731 272 6004
2730 273 6003
2729 274 6002
2728 275 6001
