773
3000 3 6773
2999 4 6772
2998 5 6771
2997 6 6770
2996 7 6769
2995 8 6768
2994 9 6767
2993 10 6766
2992 11 6765
2991 12 6764
2990 13 6763
2989 14 6762
2988 15 6761
2987 16 6760
2986 17 6759
2985 18 6758
2984 19 6757
2983 20 6756
2982 21 6755
2981 22 6754
2980 23 6753
2979 24 6752
2978 25 6751
2977 26 6750
2976 27 6749
2975 28 6748
2974 29 6747
2973 30 6746
2972 31 6745
2971 32 6744
2970 33 6743
2969 34 6742
2968 35 6741
2967 36 6740
2966 37 6739
2965 38 6738
2964 39 6737
2963 40 6736
2962 41 6735
2961 42 6734
2960 43 6733
2959 44 6732
2958 45 6731
2957 46 6730
2956 47 6729
2955 48 6728
2954 49 6727
2953 50 6726
2952 51 6725
2951 52 6724
2950 53 6723
2949 54 6722
2948 55 6721
2947 56 6720
2946 57 6719
2945 58 6718
2944 59 6717
2943 60 6716
2942 61 6715
2941 62 6714
2940 63 6713
2939 64 6712
2938 65 6711
2937 66 6710
2936 67 6709
2935 68 6708
2934 69 6707
2933 70 6706
2932 71 6705
2931 72 6704
2930 73 6703
2929 74 6702
2928 75 6701
2927 76 6700
2926 77 6699
2925 78 6698
2924 79 6697
2923 80 6696
2922 81 6695
2921 82 6694
2920 83 6693
2919 84 6692
2918 85 6691
2917 86 6690
2916 87 6689
2915 88 6688
2914 89 6687
2913 90 6686
2912 91 6685
2911 92 6684
2910 93 6683
2909 94 6682
2908 95 6681
2907 96 6680
2906 97 6679
2905 98 6678
2904 99 6677
2903 100 6676
2902 101 6675
2901 102 6674
2900 103 6673
2899 104 6672
2898 105 6671
2897 106 6670
2896 107 6669
2895 108 6668
2894 109 6667
2893 110 6666
2892 111 6665
2891 112 6664
2890 113 6663
2889 114 6662
2888 115 6661
2887 116 6660
2886 117 6659
2885 118 6658
2884 119 6657
2883 120 6656
2882 121 6655
2881 122 6654
2880 123 6653
2879 124 6652
2878 125 6651
2877 126 6650
2876 127 6649
2875 128 6648
2874 129 6647
2873 130 6646
2872 131 6645
2871 132 6644
2870 133 6643
2869 134 6642
2868 135 6641
2867 136 6640
2866 137 6639
2865 138 6638
2864 139 6637
2863 140 6636
2862 141 6635
2861 142 6634
2860 143 6633
2859 144 6632
2858 145 6631
2857 146 6630
2856 147 6629
2855 148 6628
2854 149 6627
2853 150 6626
2852 151 6625
2851 152 6624
2850 153 6623
2849 154 6622
2848 155 6621
2847 156 6620
2846 157 6619
2845 158 6618
2844 159 6617
2843 160 6616
2842 161 6615
2841 162 6614
2840 163 6613
2839 164 6612
2838 165 6611
2837 166 6610
2836 167 6609
2835 168 6608
2834 169 6607
2833 170 6606
2832 171 6605
2831 172 6604
2830 173 6603
2829 174 6602
2828 175 6601
2827 176 6600
2826 177 6599
2825 178 6598
2824 179 6597
2823 180 6596
2822 181 6595
2821 182 6594
2820 183 6593
2819 184 6592
2818 185 6591
2817 186 6590
2816 187 6589
2815 188 6588
2814 189 6587
2813 190 6586
2812 191 6585
2811 192 6584
2810 193 6583
2809 194 6582
2808 195 6581
2807 196 6580
2806 197 6579
2805 198 6578
2804 199 6577
2803 200 6576
2802 201 6575
2801 202 6574
2800 203 6573
2799 204 6572
2798 205 6571
2797 206 6570
2796 207 6569
2795 208 6568
2794 209 6567
2793 210 6566
2792 211 6565
2791 212 6564
2790 213 6563
2789 214 6562
2788 215 6561
2787 216 6560
2786 217 6559
2785 218 6558
2784 219 6557
2783 220 6556
2782 221 6555
2781 222 6554
2780 223 6553
2779 224 6552
2778 225 6551
2777 226 6550
2776 227 6549
2775 228 6548
2774 229 6547
2773 230 6546
2772 231 6545
2771 232 6544
2770 233 6543
2769 234 6542
2768 235 6541
2767 236 6540
2766 237 6539
2765 238 6538
2764 239 6537
2763 240 6536
2762 241 6535
2761 242 6534
2760 243 6533
2759 244 6532
2758 245 6531
2757 246 6530
2756 247 6529
2755 248 6528
2754 249 6527
2753 250 6526
2752 251 6525
2751 252 6524
2750 253 6523
2749 254 6522
2748 255 6521
2747 256 6520
2746 257 6519
2745 258 6518
2744 259 6517
2743 260 6516
2742 261 6515
2741 262 6514
2740 263 6513
2739 264 6512
2738 265 6511
2737 266 6510
2736 267 6509
2735 268 6508
2734 269 6507
2733 270 6506
2732 271 6505
2731 272 6504
2730 273 6503
2729 274 6502
2728 275 6501
2727 276 6500
2726 277 6499
2725 278 6498
2724 279 6497
2723 280 6496
2722 281 6495
2721 282 6494
2720 283 6493
2719 284 6492
2718 285 6491
2717 286 6490
2716 287 6489
2715 288 6488
2714 289 6487
2713 290 6486
2712 291 6485
2711 292 6484
2710 293 6483
2709 294 6482
2708 295 6481
2707 296 6480
2706 297 6479
2705 298 6478
2704 299 6477
2703 300 6476
2702 301 6475
2701 302 6474
2700 303 6473
2699 304 6472
2698 305 6471
2697 306 6470
2696 307 6469
2695 308 6468
2694 309 6467
2693 310 6466
2692 311 6465
2691 312 6464
2690 313 6463
2689 314 6462
2688 315 6461
2687 316 6460
2686 317 6459
2685 318 6458
2684 319 6457
2683 320 6456
2682 321 6455
2681 322 6454
2680 323 6453
2679 324 6452
2678 325 6451
2677 326 6450
2676 327 6449
2675 328 6448
2674 329 6447
2673 330 6446
2672 331 6445
2671 332 6444
2670 333 6443
2669 334 6442
2668 335 6441
2667 336 6440
2666 337 6439
2665 338 6438
2664 339 6437
2663 340 6436
2662 341 6435
2661 342 6434
2660 343 6433
2659 344 6432
2658 345 6431
2657 346 6430
2656 347 6429
2655 348 6428
2654 349 6427
2653 350 6426
2652 351 6425
2651 352 6424
2650 353 6423
2649 354 6422
2648 355 6421
2647 356 6420
2646 357 6419
2645 358 6418
2644 359 6417
2643 360 6416
2642 361 6415
2641 362 6414
2640 363 6413
2639 364 6412
2638 365 6411
2637 366 6410
2636 367 6409
2635 368 6408
2634 369 6407
2633 370 6406
2632 371 6405
2631 372 6404
2630 373 6403
2629 374 6402
2628 375 6401
2627 376 6400
2626 377 6399
2625 378 6398
2624 379 6397
2623 380 6396
2622 381 6395
2621 382 6394
2620 383 6393
2619 384 6392
2618 385 6391
2617 386 6390
2616 387 6389
2615 388 6388
2614 389 6387
2613 390 6386
2612 391 6385
2611 392 6384
2610 393 6383
2609 394 6382
2608 395 6381
2607 396 6380
2606 397 6379
2605 398 6378
2604 399 6377
2603 400 6376
2602 401 6375
2601 402 6374
2600 403 6373
2599 404 6372
2598 405 6371
2597 406 6370
2596 407 6369
2595 408 6368
2594 409 6367
2593 410 6366
2592 411 6365
2591 412 6364
2590 413 6363
2589 414 6362
2588 415 6361
2587 416 6360
2586 417 6359
2585 418 6358
2584 419 6357
2583 420 6356
2582 421 6355
2581 422 6354
2580 423 6353
2579 424 6352
2578 425 6351
2577 426 6350
2576 427 6349
2575 428 6348
2574 429 6347
2573 430 6346
2572 431 6345
2571 432 6344
2570 433 6343
2569 434 6342
2568 435 6341
2567 436 6340
2566 437 6339
2565 438 6338
2564 439 6337
2563 440 6336
2562 441 6335
2561 442 6334
2560 443 6333
2559 444 6332
2558 445 6331
2557 446 6330
2556 447 6329
2555 448 6328
2554 449 6327
2553 450 6326
2552 451 6325
2551 452 6324
2550 453 6323
2549 454 6322
2548 455 6321
2547 456 6320
2546 457 6319
2545 458 6318
2544 459 6317
2543 460 6316
2542 461 6315
2541 462 6314
2540 463 6313
2539 464 6312
2538 465 6311
2537 466 6310
2536 467 6309
2535 468 6308
2534 469 6307
2533 470 6306
2532 471 6305
2531 472 6304
2530 473 6303
2529 474 6302
2528 475 6301
2527 476 6300
2526 477 6299
2525 478 6298
2524 479 6297
2523 480 6296
2522 481 6295
2521 482 6294
2520 483 6293
2519 484 6292
2518 485 6291
2517 486 6290
2516 487 6289
2515 488 6288
2514 489 6287
2513 490 6286
2512 491 6285
2511 492 6284
2510 493 6283
2509 494 6282
2508 495 6281
2507 496 6280
2506 497 6279
2505 498 6278
2504 499 6277
2503 500 6276
2502 501 6275
2501 502 6274
2500 503 6273
2499 504 6272
2498 505 6271
2497 506 6270
2496 507 6269
2495 508 6268
2494 509 6267
2493 510 6266
2492 511 6265
2491 512 6264
2490 513 6263
2489 514 6262
2488 515 6261
2487 516 6260
2486 517 6259
2485 518 6258
2484 519 6257
2483 520 6256
2482 521 6255
2481 522 6254
2480 523 6253
2479 524 6252
2478 525 6251
2477 526 6250
2476 527 6249
2475 528 6248
2474 529 6247
2473 530 6246
2472 531 6245
2471 532 6244
2470 533 6243
2469 534 6242
2468 535 6241
2467 536 6240
2466 537 6239
2465 538 6238
2464 539 6237
2463 540 6236
2462 541 6235
2461 542 6234
2460 543 6233
2459 544 6232
2458 545 6231
2457 546 6230
2456 547 6229
2455 548 6228
2454 549 6227
2453 550 6226
2452 551 6225
2451 552 6224
2450 553 6223
2449 554 6222
2448 555 6221
2447 556 6220
2446 557 6219
2445 558 6218
2444 559 6217
2443 560 6216
2442 561 6215
2441 562 6214
2440 563 6213
2439 564 6212
2438 565 6211
2437 566 6210
2436 567 6209
2435 568 6208
2434 569 6207
2433 570 6206
2432 571 6205
2431 572 6204
2430 573 6203
2429 574 6202
2428 575 6201
2427 576 6200
2426 577 6199
2425 578 6198
2424 579 6197
2423 580 6196
2422 581 6195
2421 582 6194
2420 583 6193
2419 584 6192
2418 585 6191
2417 586 6190
2416 587 6189
2415 588 6188
2414 589 6187
2413 590 6186
2412 591 6185
2411 592 6184
2410 593 6183
2409 594 6182
2408 595 6181
2407 596 6180
2406 597 6179
2405 598 6178
2404 599 6177
2403 600 6176
2402 601 6175
2401 602 6174
2400 603 6173
2399 604 6172
2398 605 6171
2397 606 6170
2396 607 6169
2395 608 6168
2394 609 6167
2393 610 6166
2392 611 6165
2391 612 6164
2390 613 6163
2389 614 6162
2388 615 6161
2387 616 6160
2386 617 6159
2385 618 6158
2384 619 6157
2383 620 6156
2382 621 6155
2381 622 6154
2380 623 6153
2379 624 6152
2378 625 6151
2377 626 6150
2376 627 6149
2375 628 6148
2374 629 6147
2373 630 6146
2372 631 6145
2371 632 6144
2370 633 6143
2369 634 6142
2368 635 6141
2367 636 6140
2366 637 6139
2365 638 6138
2364 639 6137
2363 640 6136
2362 641 6135
2361 642 6134
2360 643 6133
2359 644 6132
2358 645 6131
2357 646 6130
2356 647 6129
2355 648 6128
2354 649 6127
2353 650 6126
2352 651 6125
2351 652 6124
2350 653 6123
2349 654 6122
2348 655 6121
2347 656 6120
2346 657 6119
2345 658 6118
2344 659 6117
2343 660 6116
2342 661 6115
2341 662 6114
2340 663 6113
2339 664 6112
2338 665 6111
2337 666 6110
2336 667 6109
2335 668 6108
2334 669 6107
2333 670 6106
2332 671 6105
2331 672 6104
2330 673 6103
2329 674 6102
2328 675 6101
2327 676 6100
2326 677 6099
2325 678 6098
2324 679 6097
2323 680 6096
2322 681 6095
2321 682 6094
2320 683 6093
2319 684 6092
2318 685 6091
2317 686 6090
2316 687 6089
2315 688 6088
2314 689 6087
2313 690 6086
2312 691 6085
2311 692 6084
2310 693 6083
2309 694 6082
2308 695 6081
2307 696 6080
2306 697 6079
2305 698 6078
2304 699 6077
2303 700 6076
2302 701 6075
2301 702 6074
2300 703 6073
2299 704 6072
2298 705 6071
2297 706 6070
2296 707 6069
2295 708 6068
2294 709 6067
2293 710 6066
2292 711 6065
2291 712 6064
2290 713 6063
2289 714 6062
2288 715 6061
2287 716 6060
2286 717 6059
2285 718 6058
2284 719 6057
2283 720 6056
2282 721 6055
2281 722 6054
2280 723 6053
2279 724 6052
2278 725 6051
2277 726 6050
2276 727 6049
2275 728 6048
2274 729 6047
2273 730 6046
2272 731 6045
2271 732 6044
2270 733 6043
2269 734 6042
2268 735 6041
2267 736 6040
2266 737 6039
2265 738 6038
2264 739 6037
2263 740 6036
2262 741 6035
2261 742 6034
2260 743 6033
2259 744 6032
2258 745 6031
2257 746 6030
2256 747 6029
2255 748 6028
2254 749 6027
2253 750 6026
2252 751 6025
2251 752 6024
2250 753 6023
2249 754 6022
2248 755 6021
2247 756 6020
2246 757 6019
2245 758 6018
2244 759 6017
2243 760 6016
2242 761 6015
2241 762 6014
2240 763 6013
2239 764 6012
2238 765 6011
2237 766 6010
2236 767 6009
2235 768 6008
2234 769 6007
2233 770 6006
2232 771 6005
2231 772 6004
2230 773 6003
2229 774 6002
2228 775 6001
