2309
3000 3 8309
2999 4 8308
2998 5 8307
2997 6 8306
2996 7 8305
2995 8 8304
2994 9 8303
2993 10 8302
2992 11 8301
2991 12 8300
2990 13 8299
2989 14 8298
2988 15 8297
2987 16 8296
2986 17 8295
2985 18 8294
2984 19 8293
2983 20 8292
2982 21 8291
2981 22 8290
2980 23 8289
2979 24 8288
2978 25 8287
2977 26 8286
2976 27 8285
2975 28 8284
2974 29 8283
2973 30 8282
2972 31 8281
2971 32 8280
2970 33 8279
2969 34 8278
2968 35 8277
2967 36 8276
2966 37 8275
2965 38 8274
2964 39 8273
2963 40 8272
2962 41 8271
2961 42 8270
2960 43 8269
2959 44 8268
2958 45 8267
2957 46 8266
2956 47 8265
2955 48 8264
2954 49 8263
2953 50 8262
2952 51 8261
2951 52 8260
2950 53 8259
2949 54 8258
2948 55 8257
2947 56 8256
2946 57 8255
2945 58 8254
2944 59 8253
2943 60 8252
2942 61 8251
2941 62 8250
2940 63 8249
2939 64 8248
2938 65 8247
2937 66 8246
2936 67 8245
2935 68 8244
2934 69 8243
2933 70 8242
2932 71 8241
2931 72 8240
2930 73 8239
2929 74 8238
2928 75 8237
2927 76 8236
2926 77 8235
2925 78 8234
2924 79 8233
2923 80 8232
2922 81 8231
2921 82 8230
2920 83 8229
2919 84 8228
2918 85 8227
2917 86 8226
2916 87 8225
2915 88 8224
2914 89 8223
2913 90 8222
2912 91 8221
2911 92 8220
2910 93 8219
2909 94 8218
2908 95 8217
2907 96 8216
2906 97 8215
2905 98 8214
2904 99 8213
2903 100 8212
2902 101 8211
2901 102 8210
2900 103 8209
2899 104 8208
2898 105 8207
2897 106 8206
2896 107 8205
2895 108 8204
2894 109 8203
2893 110 8202
2892 111 8201
2891 112 8200
2890 113 8199
2889 114 8198
2888 115 8197
2887 116 8196
2886 117 8195
2885 118 8194
2884 119 8193
2883 120 8192
2882 121 8191
2881 122 8190
2880 123 8189
2879 124 8188
2878 125 8187
2877 126 8186
2876 127 8185
2875 128 8184
2874 129 8183
2873 130 8182
2872 131 8181
2871 132 8180
2870 133 8179
2869 134 8178
2868 135 8177
2867 136 8176
2866 137 8175
2865 138 8174
2864 139 8173
2863 140 8172
2862 141 8171
2861 142 8170
2860 143 8169
2859 144 8168
2858 145 8167
2857 146 8166
2856 147 8165
2855 148 8164
2854 149 8163
2853 150 8162
2852 151 8161
2851 152 8160
2850 153 8159
2849 154 8158
2848 155 8157
2847 156 8156
2846 157 8155
2845 158 8154
2844 159 8153
2843 160 8152
2842 161 8151
2841 162 8150
2840 163 8149
2839 164 8148
2838 165 8147
2837 166 8146
2836 167 8145
2835 168 8144
2834 169 8143
2833 170 8142
2832 171 8141
2831 172 8140
2830 173 8139
2829 174 8138
2828 175 8137
2827 176 8136
2826 177 8135
2825 178 8134
2824 179 8133
2823 180 8132
2822 181 8131
2821 182 8130
2820 183 8129
2819 184 8128
2818 185 8127
2817 186 8126
2816 187 8125
2815 188 8124
2814 189 8123
2813 190 8122
2812 191 8121
2811 192 8120
2810 193 8119
2809 194 8118
2808 195 8117
2807 196 8116
2806 197 8115
2805 198 8114
2804 199 8113
2803 200 8112
2802 201 8111
2801 202 8110
2800 203 8109
2799 204 8108
2798 205 8107
2797 206 8106
2796 207 8105
2795 208 8104
2794 209 8103
2793 210 8102
2792 211 8101
2791 212 8100
2790 213 8099
2789 214 8098
2788 215 8097
2787 216 8096
2786 217 8095
2785 218 8094
2784 219 8093
2783 220 8092
2782 221 8091
2781 222 8090
2780 223 8089
2779 224 8088
2778 225 8087
2777 226 8086
2776 227 8085
2775 228 8084
2774 229 8083
2773 230 8082
2772 231 8081
2771 232 8080
2770 233 8079
2769 234 8078
2768 235 8077
2767 236 8076
2766 237 8075
2765 238 8074
2764 239 8073
2763 240 8072
2762 241 8071
2761 242 8070
2760 243 8069
2759 244 8068
2758 245 8067
2757 246 8066
2756 247 8065
2755 248 8064
2754 249 8063
2753 250 8062
2752 251 8061
2751 252 8060
2750 253 8059
2749 254 8058
2748 255 8057
2747 256 8056
2746 257 8055
2745 258 8054
2744 259 8053
2743 260 8052
2742 261 8051
2741 262 8050
2740 263 8049
2739 264 8048
2738 265 8047
2737 266 8046
2736 267 8045
2735 268 8044
2734 269 8043
2733 270 8042
2732 271 8041
2731 272 8040
2730 273 8039
2729 274 8038
2728 275 8037
2727 276 8036
2726 277 8035
2725 278 8034
2724 279 8033
2723 280 8032
2722 281 8031
2721 282 8030
2720 283 8029
2719 284 8028
2718 285 8027
2717 286 8026
2716 287 8025
2715 288 8024
2714 289 8023
2713 290 8022
2712 291 8021
2711 292 8020
2710 293 8019
2709 294 8018
2708 295 8017
2707 296 8016
2706 297 8015
2705 298 8014
2704 299 8013
2703 300 8012
2702 301 8011
2701 302 8010
2700 303 8009
2699 304 8008
2698 305 8007
2697 306 8006
2696 307 8005
2695 308 8004
2694 309 8003
2693 310 8002
2692 311 8001
2691 312 8000
2690 313 7999
2689 314 7998
2688 315 7997
2687 316 7996
2686 317 7995
2685 318 7994
2684 319 7993
2683 320 7992
2682 321 7991
2681 322 7990
2680 323 7989
2679 324 7988
2678 325 7987
2677 326 7986
2676 327 7985
2675 328 7984
2674 329 7983
2673 330 7982
2672 331 7981
2671 332 7980
2670 333 7979
2669 334 7978
2668 335 7977
2667 336 7976
2666 337 7975
2665 338 7974
2664 339 7973
2663 340 7972
2662 341 7971
2661 342 7970
2660 343 7969
2659 344 7968
2658 345 7967
2657 346 7966
2656 347 7965
2655 348 7964
2654 349 7963
2653 350 7962
2652 351 7961
2651 352 7960
2650 353 7959
2649 354 7958
2648 355 7957
2647 356 7956
2646 357 7955
2645 358 7954
2644 359 7953
2643 360 7952
2642 361 7951
2641 362 7950
2640 363 7949
2639 364 7948
2638 365 7947
2637 366 7946
2636 367 7945
2635 368 7944
2634 369 7943
2633 370 7942
2632 371 7941
2631 372 7940
2630 373 7939
2629 374 7938
2628 375 7937
2627 376 7936
2626 377 7935
2625 378 7934
2624 379 7933
2623 380 7932
2622 381 7931
2621 382 7930
2620 383 7929
2619 384 7928
2618 385 7927
2617 386 7926
2616 387 7925
2615 388 7924
2614 389 7923
2613 390 7922
2612 391 7921
2611 392 7920
2610 393 7919
2609 394 7918
2608 395 7917
2607 396 7916
2606 397 7915
2605 398 7914
2604 399 7913
2603 400 7912
2602 401 7911
2601 402 7910
2600 403 7909
2599 404 7908
2598 405 7907
2597 406 7906
2596 407 7905
2595 408 7904
2594 409 7903
2593 410 7902
2592 411 7901
2591 412 7900
2590 413 7899
2589 414 7898
2588 415 7897
2587 416 7896
2586 417 7895
2585 418 7894
2584 419 7893
2583 420 7892
2582 421 7891
2581 422 7890
2580 423 7889
2579 424 7888
2578 425 7887
2577 426 7886
2576 427 7885
2575 428 7884
2574 429 7883
2573 430 7882
2572 431 7881
2571 432 7880
2570 433 7879
2569 434 7878
2568 435 7877
2567 436 7876
2566 437 7875
2565 438 7874
2564 439 7873
2563 440 7872
2562 441 7871
2561 442 7870
2560 443 7869
2559 444 7868
2558 445 7867
2557 446 7866
2556 447 7865
2555 448 7864
2554 449 7863
2553 450 7862
2552 451 7861
2551 452 7860
2550 453 7859
2549 454 7858
2548 455 7857
2547 456 7856
2546 457 7855
2545 458 7854
2544 459 7853
2543 460 7852
2542 461 7851
2541 462 7850
2540 463 7849
2539 464 7848
2538 465 7847
2537 466 7846
2536 467 7845
2535 468 7844
2534 469 7843
2533 470 7842
2532 471 7841
2531 472 7840
2530 473 7839
2529 474 7838
2528 475 7837
2527 476 7836
2526 477 7835
2525 478 7834
2524 479 7833
2523 480 7832
2522 481 7831
2521 482 7830
2520 483 7829
2519 484 7828
2518 485 7827
2517 486 7826
2516 487 7825
2515 488 7824
2514 489 7823
2513 490 7822
2512 491 7821
2511 492 7820
2510 493 7819
2509 494 7818
2508 495 7817
2507 496 7816
2506 497 7815
2505 498 7814
2504 499 7813
2503 500 7812
2502 501 7811
2501 502 7810
2500 503 7809
2499 504 7808
2498 505 7807
2497 506 7806
2496 507 7805
2495 508 7804
2494 509 7803
2493 510 7802
2492 511 7801
2491 512 7800
2490 513 7799
2489 514 7798
2488 515 7797
2487 516 7796
2486 517 7795
2485 518 7794
2484 519 7793
2483 520 7792
2482 521 7791
2481 522 7790
2480 523 7789
2479 524 7788
2478 525 7787
2477 526 7786
2476 527 7785
2475 528 7784
2474 529 7783
2473 530 7782
2472 531 7781
2471 532 7780
2470 533 7779
2469 534 7778
2468 535 7777
2467 536 7776
2466 537 7775
2465 538 7774
2464 539 7773
2463 540 7772
2462 541 7771
2461 542 7770
2460 543 7769
2459 544 7768
2458 545 7767
2457 546 7766
2456 547 7765
2455 548 7764
2454 549 7763
2453 550 7762
2452 551 7761
2451 552 7760
2450 553 7759
2449 554 7758
2448 555 7757
2447 556 7756
2446 557 7755
2445 558 7754
2444 559 7753
2443 560 7752
2442 561 7751
2441 562 7750
2440 563 7749
2439 564 7748
2438 565 7747
2437 566 7746
2436 567 7745
2435 568 7744
2434 569 7743
2433 570 7742
2432 571 7741
2431 572 7740
2430 573 7739
2429 574 7738
2428 575 7737
2427 576 7736
2426 577 7735
2425 578 7734
2424 579 7733
2423 580 7732
2422 581 7731
2421 582 7730
2420 583 7729
2419 584 7728
2418 585 7727
2417 586 7726
2416 587 7725
2415 588 7724
2414 589 7723
2413 590 7722
2412 591 7721
2411 592 7720
2410 593 7719
2409 594 7718
2408 595 7717
2407 596 7716
2406 597 7715
2405 598 7714
2404 599 7713
2403 600 7712
2402 601 7711
2401 602 7710
2400 603 7709
2399 604 7708
2398 605 7707
2397 606 7706
2396 607 7705
2395 608 7704
2394 609 7703
2393 610 7702
2392 611 7701
2391 612 7700
2390 613 7699
2389 614 7698
2388 615 7697
2387 616 7696
2386 617 7695
2385 618 7694
2384 619 7693
2383 620 7692
2382 621 7691
2381 622 7690
2380 623 7689
2379 624 7688
2378 625 7687
2377 626 7686
2376 627 7685
2375 628 7684
2374 629 7683
2373 630 7682
2372 631 7681
2371 632 7680
2370 633 7679
2369 634 7678
2368 635 7677
2367 636 7676
2366 637 7675
2365 638 7674
2364 639 7673
2363 640 7672
2362 641 7671
2361 642 7670
2360 643 7669
2359 644 7668
2358 645 7667
2357 646 7666
2356 647 7665
2355 648 7664
2354 649 7663
2353 650 7662
2352 651 7661
2351 652 7660
2350 653 7659
2349 654 7658
2348 655 7657
2347 656 7656
2346 657 7655
2345 658 7654
2344 659 7653
2343 660 7652
2342 661 7651
2341 662 7650
2340 663 7649
2339 664 7648
2338 665 7647
2337 666 7646
2336 667 7645
2335 668 7644
2334 669 7643
2333 670 7642
2332 671 7641
2331 672 7640
2330 673 7639
2329 674 7638
2328 675 7637
2327 676 7636
2326 677 7635
2325 678 7634
2324 679 7633
2323 680 7632
2322 681 7631
2321 682 7630
2320 683 7629
2319 684 7628
2318 685 7627
2317 686 7626
2316 687 7625
2315 688 7624
2314 689 7623
2313 690 7622
2312 691 7621
2311 692 7620
2310 693 7619
2309 694 7618
2308 695 7617
2307 696 7616
2306 697 7615
2305 698 7614
2304 699 7613
2303 700 7612
2302 701 7611
2301 702 7610
2300 703 7609
2299 704 7608
2298 705 7607
2297 706 7606
2296 707 7605
2295 708 7604
2294 709 7603
2293 710 7602
2292 711 7601
2291 712 7600
2290 713 7599
2289 714 7598
2288 715 7597
2287 716 7596
2286 717 7595
2285 718 7594
2284 719 7593
2283 720 7592
2282 721 7591
2281 722 7590
2280 723 7589
2279 724 7588
2278 725 7587
2277 726 7586
2276 727 7585
2275 728 7584
2274 729 7583
2273 730 7582
2272 731 7581
2271 732 7580
2270 733 7579
2269 734 7578
2268 735 7577
2267 736 7576
2266 737 7575
2265 738 7574
2264 739 7573
2263 740 7572
2262 741 7571
2261 742 7570
2260 743 7569
2259 744 7568
2258 745 7567
2257 746 7566
2256 747 7565
2255 748 7564
2254 749 7563
2253 750 7562
2252 751 7561
2251 752 7560
2250 753 7559
2249 754 7558
2248 755 7557
2247 756 7556
2246 757 7555
2245 758 7554
2244 759 7553
2243 760 7552
2242 761 7551
2241 762 7550
2240 763 7549
2239 764 7548
2238 765 7547
2237 766 7546
2236 767 7545
2235 768 7544
2234 769 7543
2233 770 7542
2232 771 7541
2231 772 7540
2230 773 7539
2229 774 7538
2228 775 7537
2227 776 7536
2226 777 7535
2225 778 7534
2224 779 7533
2223 780 7532
2222 781 7531
2221 782 7530
2220 783 7529
2219 784 7528
2218 785 7527
2217 786 7526
2216 787 7525
2215 788 7524
2214 789 7523
2213 790 7522
2212 791 7521
2211 792 7520
2210 793 7519
2209 794 7518
2208 795 7517
2207 796 7516
2206 797 7515
2205 798 7514
2204 799 7513
2203 800 7512
2202 801 7511
2201 802 7510
2200 803 7509
2199 804 7508
2198 805 7507
2197 806 7506
2196 807 7505
2195 808 7504
2194 809 7503
2193 810 7502
2192 811 7501
2191 812 7500
2190 813 7499
2189 814 7498
2188 815 7497
2187 816 7496
2186 817 7495
2185 818 7494
2184 819 7493
2183 820 7492
2182 821 7491
2181 822 7490
2180 823 7489
2179 824 7488
2178 825 7487
2177 826 7486
2176 827 7485
2175 828 7484
2174 829 7483
2173 830 7482
2172 831 7481
2171 832 7480
2170 833 7479
2169 834 7478
2168 835 7477
2167 836 7476
2166 837 7475
2165 838 7474
2164 839 7473
2163 840 7472
2162 841 7471
2161 842 7470
2160 843 7469
2159 844 7468
2158 845 7467
2157 846 7466
2156 847 7465
2155 848 7464
2154 849 7463
2153 850 7462
2152 851 7461
2151 852 7460
2150 853 7459
2149 854 7458
2148 855 7457
2147 856 7456
2146 857 7455
2145 858 7454
2144 859 7453
2143 860 7452
2142 861 7451
2141 862 7450
2140 863 7449
2139 864 7448
2138 865 7447
2137 866 7446
2136 867 7445
2135 868 7444
2134 869 7443
2133 870 7442
2132 871 7441
2131 872 7440
2130 873 7439
2129 874 7438
2128 875 7437
2127 876 7436
2126 877 7435
2125 878 7434
2124 879 7433
2123 880 7432
2122 881 7431
2121 882 7430
2120 883 7429
2119 884 7428
2118 885 7427
2117 886 7426
2116 887 7425
2115 888 7424
2114 889 7423
2113 890 7422
2112 891 7421
2111 892 7420
2110 893 7419
2109 894 7418
2108 895 7417
2107 896 7416
2106 897 7415
2105 898 7414
2104 899 7413
2103 900 7412
2102 901 7411
2101 902 7410
2100 903 7409
2099 904 7408
2098 905 7407
2097 906 7406
2096 907 7405
2095 908 7404
2094 909 7403
2093 910 7402
2092 911 7401
2091 912 7400
2090 913 7399
2089 914 7398
2088 915 7397
2087 916 7396
2086 917 7395
2085 918 7394
2084 919 7393
2083 920 7392
2082 921 7391
2081 922 7390
2080 923 7389
2079 924 7388
2078 925 7387
2077 926 7386
2076 927 7385
2075 928 7384
2074 929 7383
2073 930 7382
2072 931 7381
2071 932 7380
2070 933 7379
2069 934 7378
2068 935 7377
2067 936 7376
2066 937 7375
2065 938 7374
2064 939 7373
2063 940 7372
2062 941 7371
2061 942 7370
2060 943 7369
2059 944 7368
2058 945 7367
2057 946 7366
2056 947 7365
2055 948 7364
2054 949 7363
2053 950 7362
2052 951 7361
2051 952 7360
2050 953 7359
2049 954 7358
2048 955 7357
2047 956 7356
2046 957 7355
2045 958 7354
2044 959 7353
2043 960 7352
2042 961 7351
2041 962 7350
2040 963 7349
2039 964 7348
2038 965 7347
2037 966 7346
2036 967 7345
2035 968 7344
2034 969 7343
2033 970 7342
2032 971 7341
2031 972 7340
2030 973 7339
2029 974 7338
2028 975 7337
2027 976 7336
2026 977 7335
2025 978 7334
2024 979 7333
2023 980 7332
2022 981 7331
2021 982 7330
2020 983 7329
2019 984 7328
2018 985 7327
2017 986 7326
2016 987 7325
2015 988 7324
2014 989 7323
2013 990 7322
2012 991 7321
2011 992 7320
2010 993 7319
2009 994 7318
2008 995 7317
2007 996 7316
2006 997 7315
2005 998 7314
2004 999 7313
2003 1000 7312
2002 1001 7311
2001 1002 7310
2000 1003 7309
1999 1004 7308
1998 1005 7307
1997 1006 7306
1996 1007 7305
1995 1008 7304
1994 1009 7303
1993 1010 7302
1992 1011 7301
1991 1012 7300
1990 1013 7299
1989 1014 7298
1988 1015 7297
1987 1016 7296
1986 1017 7295
1985 1018 7294
1984 1019 7293
1983 1020 7292
1982 1021 7291
1981 1022 7290
1980 1023 7289
1979 1024 7288
1978 1025 7287
1977 1026 7286
1976 1027 7285
1975 1028 7284
1974 1029 7283
1973 1030 7282
1972 1031 7281
1971 1032 7280
1970 1033 7279
1969 1034 7278
1968 1035 7277
1967 1036 7276
1966 1037 7275
1965 1038 7274
1964 1039 7273
1963 1040 7272
1962 1041 7271
1961 1042 7270
1960 1043 7269
1959 1044 7268
1958 1045 7267
1957 1046 7266
1956 1047 7265
1955 1048 7264
1954 1049 7263
1953 1050 7262
1952 1051 7261
1951 1052 7260
1950 1053 7259
1949 1054 7258
1948 1055 7257
1947 1056 7256
1946 1057 7255
1945 1058 7254
1944 1059 7253
1943 1060 7252
1942 1061 7251
1941 1062 7250
1940 1063 7249
1939 1064 7248
1938 1065 7247
1937 1066 7246
1936 1067 7245
1935 1068 7244
1934 1069 7243
1933 1070 7242
1932 1071 7241
1931 1072 7240
1930 1073 7239
1929 1074 7238
1928 1075 7237
1927 1076 7236
1926 1077 7235
1925 1078 7234
1924 1079 7233
1923 1080 7232
1922 1081 7231
1921 1082 7230
1920 1083 7229
1919 1084 7228
1918 1085 7227
1917 1086 7226
1916 1087 7225
1915 1088 7224
1914 1089 7223
1913 1090 7222
1912 1091 7221
1911 1092 7220
1910 1093 7219
1909 1094 7218
1908 1095 7217
1907 1096 7216
1906 1097 7215
1905 1098 7214
1904 1099 7213
1903 1100 7212
1902 1101 7211
1901 1102 7210
1900 1103 7209
1899 1104 7208
1898 1105 7207
1897 1106 7206
1896 1107 7205
1895 1108 7204
1894 1109 7203
1893 1110 7202
1892 1111 7201
1891 1112 7200
1890 1113 7199
1889 1114 7198
1888 1115 7197
1887 1116 7196
1886 1117 7195
1885 1118 7194
1884 1119 7193
1883 1120 7192
1882 1121 7191
1881 1122 7190
1880 1123 7189
1879 1124 7188
1878 1125 7187
1877 1126 7186
1876 1127 7185
1875 1128 7184
1874 1129 7183
1873 1130 7182
1872 1131 7181
1871 1132 7180
1870 1133 7179
1869 1134 7178
1868 1135 7177
1867 1136 7176
1866 1137 7175
1865 1138 7174
1864 1139 7173
1863 1140 7172
1862 1141 7171
1861 1142 7170
1860 1143 7169
1859 1144 7168
1858 1145 7167
1857 1146 7166
1856 1147 7165
1855 1148 7164
1854 1149 7163
1853 1150 7162
1852 1151 7161
1851 1152 7160
1850 1153 7159
1849 1154 7158
1848 1155 7157
1847 1156 7156
1846 1157 7155
1845 1158 7154
1844 1159 7153
1843 1160 7152
1842 1161 7151
1841 1162 7150
1840 1163 7149
1839 1164 7148
1838 1165 7147
1837 1166 7146
1836 1167 7145
1835 1168 7144
1834 1169 7143
1833 1170 7142
1832 1171 7141
1831 1172 7140
1830 1173 7139
1829 1174 7138
1828 1175 7137
1827 1176 7136
1826 1177 7135
1825 1178 7134
1824 1179 7133
1823 1180 7132
1822 1181 7131
1821 1182 7130
1820 1183 7129
1819 1184 7128
1818 1185 7127
1817 1186 7126
1816 1187 7125
1815 1188 7124
1814 1189 7123
1813 1190 7122
1812 1191 7121
1811 1192 7120
1810 1193 7119
1809 1194 7118
1808 1195 7117
1807 1196 7116
1806 1197 7115
1805 1198 7114
1804 1199 7113
1803 1200 7112
1802 1201 7111
1801 1202 7110
1800 1203 7109
1799 1204 7108
1798 1205 7107
1797 1206 7106
1796 1207 7105
1795 1208 7104
1794 1209 7103
1793 1210 7102
1792 1211 7101
1791 1212 7100
1790 1213 7099
1789 1214 7098
1788 1215 7097
1787 1216 7096
1786 1217 7095
1785 1218 7094
1784 1219 7093
1783 1220 7092
1782 1221 7091
1781 1222 7090
1780 1223 7089
1779 1224 7088
1778 1225 7087
1777 1226 7086
1776 1227 7085
1775 1228 7084
1774 1229 7083
1773 1230 7082
1772 1231 7081
1771 1232 7080
1770 1233 7079
1769 1234 7078
1768 1235 7077
1767 1236 7076
1766 1237 7075
1765 1238 7074
1764 1239 7073
1763 1240 7072
1762 1241 7071
1761 1242 7070
1760 1243 7069
1759 1244 7068
1758 1245 7067
1757 1246 7066
1756 1247 7065
1755 1248 7064
1754 1249 7063
1753 1250 7062
1752 1251 7061
1751 1252 7060
1750 1253 7059
1749 1254 7058
1748 1255 7057
1747 1256 7056
1746 1257 7055
1745 1258 7054
1744 1259 7053
1743 1260 7052
1742 1261 7051
1741 1262 7050
1740 1263 7049
1739 1264 7048
1738 1265 7047
1737 1266 7046
1736 1267 7045
1735 1268 7044
1734 1269 7043
1733 1270 7042
1732 1271 7041
1731 1272 7040
1730 1273 7039
1729 1274 7038
1728 1275 7037
1727 1276 7036
1726 1277 7035
1725 1278 7034
1724 1279 7033
1723 1280 7032
1722 1281 7031
1721 1282 7030
1720 1283 7029
1719 1284 7028
1718 1285 7027
1717 1286 7026
1716 1287 7025
1715 1288 7024
1714 1289 7023
1713 1290 7022
1712 1291 7021
1711 1292 7020
1710 1293 7019
1709 1294 7018
1708 1295 7017
1707 1296 7016
1706 1297 7015
1705 1298 7014
1704 1299 7013
1703 1300 7012
1702 1301 7011
1701 1302 7010
1700 1303 7009
1699 1304 7008
1698 1305 7007
1697 1306 7006
1696 1307 7005
1695 1308 7004
1694 1309 7003
1693 1310 7002
1692 1311 7001
1691 1312 7000
1690 1313 6999
1689 1314 6998
1688 1315 6997
1687 1316 6996
1686 1317 6995
1685 1318 6994
1684 1319 6993
1683 1320 6992
1682 1321 6991
1681 1322 6990
1680 1323 6989
1679 1324 6988
1678 1325 6987
1677 1326 6986
1676 1327 6985
1675 1328 6984
1674 1329 6983
1673 1330 6982
1672 1331 6981
1671 1332 6980
1670 1333 6979
1669 1334 6978
1668 1335 6977
1667 1336 6976
1666 1337 6975
1665 1338 6974
1664 1339 6973
1663 1340 6972
1662 1341 6971
1661 1342 6970
1660 1343 6969
1659 1344 6968
1658 1345 6967
1657 1346 6966
1656 1347 6965
1655 1348 6964
1654 1349 6963
1653 1350 6962
1652 1351 6961
1651 1352 6960
1650 1353 6959
1649 1354 6958
1648 1355 6957
1647 1356 6956
1646 1357 6955
1645 1358 6954
1644 1359 6953
1643 1360 6952
1642 1361 6951
1641 1362 6950
1640 1363 6949
1639 1364 6948
1638 1365 6947
1637 1366 6946
1636 1367 6945
1635 1368 6944
1634 1369 6943
1633 1370 6942
1632 1371 6941
1631 1372 6940
1630 1373 6939
1629 1374 6938
1628 1375 6937
1627 1376 6936
1626 1377 6935
1625 1378 6934
1624 1379 6933
1623 1380 6932
1622 1381 6931
1621 1382 6930
1620 1383 6929
1619 1384 6928
1618 1385 6927
1617 1386 6926
1616 1387 6925
1615 1388 6924
1614 1389 6923
1613 1390 6922
1612 1391 6921
1611 1392 6920
1610 1393 6919
1609 1394 6918
1608 1395 6917
1607 1396 6916
1606 1397 6915
1605 1398 6914
1604 1399 6913
1603 1400 6912
1602 1401 6911
1601 1402 6910
1600 1403 6909
1599 1404 6908
1598 1405 6907
1597 1406 6906
1596 1407 6905
1595 1408 6904
1594 1409 6903
1593 1410 6902
1592 1411 6901
1591 1412 6900
1590 1413 6899
1589 1414 6898
1588 1415 6897
1587 1416 6896
1586 1417 6895
1585 1418 6894
1584 1419 6893
1583 1420 6892
1582 1421 6891
1581 1422 6890
1580 1423 6889
1579 1424 6888
1578 1425 6887
1577 1426 6886
1576 1427 6885
1575 1428 6884
1574 1429 6883
1573 1430 6882
1572 1431 6881
1571 1432 6880
1570 1433 6879
1569 1434 6878
1568 1435 6877
1567 1436 6876
1566 1437 6875
1565 1438 6874
1564 1439 6873
1563 1440 6872
1562 1441 6871
1561 1442 6870
1560 1443 6869
1559 1444 6868
1558 1445 6867
1557 1446 6866
1556 1447 6865
1555 1448 6864
1554 1449 6863
1553 1450 6862
1552 1451 6861
1551 1452 6860
1550 1453 6859
1549 1454 6858
1548 1455 6857
1547 1456 6856
1546 1457 6855
1545 1458 6854
1544 1459 6853
1543 1460 6852
1542 1461 6851
1541 1462 6850
1540 1463 6849
1539 1464 6848
1538 1465 6847
1537 1466 6846
1536 1467 6845
1535 1468 6844
1534 1469 6843
1533 1470 6842
1532 1471 6841
1531 1472 6840
1530 1473 6839
1529 1474 6838
1528 1475 6837
1527 1476 6836
1526 1477 6835
1525 1478 6834
1524 1479 6833
1523 1480 6832
1522 1481 6831
1521 1482 6830
1520 1483 6829
1519 1484 6828
1518 1485 6827
1517 1486 6826
1516 1487 6825
1515 1488 6824
1514 1489 6823
1513 1490 6822
1512 1491 6821
1511 1492 6820
1510 1493 6819
1509 1494 6818
1508 1495 6817
1507 1496 6816
1506 1497 6815
1505 1498 6814
1504 1499 6813
1503 1500 6812
1502 1501 6811
1501 1502 6810
1500 1503 6809
1499 1504 6808
1498 1505 6807
1497 1506 6806
1496 1507 6805
1495 1508 6804
1494 1509 6803
1493 1510 6802
1492 1511 6801
1491 1512 6800
1490 1513 6799
1489 1514 6798
1488 1515 6797
1487 1516 6796
1486 1517 6795
1485 1518 6794
1484 1519 6793
1483 1520 6792
1482 1521 6791
1481 1522 6790
1480 1523 6789
1479 1524 6788
1478 1525 6787
1477 1526 6786
1476 1527 6785
1475 1528 6784
1474 1529 6783
1473 1530 6782
1472 1531 6781
1471 1532 6780
1470 1533 6779
1469 1534 6778
1468 1535 6777
1467 1536 6776
1466 1537 6775
1465 1538 6774
1464 1539 6773
1463 1540 6772
1462 1541 6771
1461 1542 6770
1460 1543 6769
1459 1544 6768
1458 1545 6767
1457 1546 6766
1456 1547 6765
1455 1548 6764
1454 1549 6763
1453 1550 6762
1452 1551 6761
1451 1552 6760
1450 1553 6759
1449 1554 6758
1448 1555 6757
1447 1556 6756
1446 1557 6755
1445 1558 6754
1444 1559 6753
1443 1560 6752
1442 1561 6751
1441 1562 6750
1440 1563 6749
1439 1564 6748
1438 1565 6747
1437 1566 6746
1436 1567 6745
1435 1568 6744
1434 1569 6743
1433 1570 6742
1432 1571 6741
1431 1572 6740
1430 1573 6739
1429 1574 6738
1428 1575 6737
1427 1576 6736
1426 1577 6735
1425 1578 6734
1424 1579 6733
1423 1580 6732
1422 1581 6731
1421 1582 6730
1420 1583 6729
1419 1584 6728
1418 1585 6727
1417 1586 6726
1416 1587 6725
1415 1588 6724
1414 1589 6723
1413 1590 6722
1412 1591 6721
1411 1592 6720
1410 1593 6719
1409 1594 6718
1408 1595 6717
1407 1596 6716
1406 1597 6715
1405 1598 6714
1404 1599 6713
1403 1600 6712
1402 1601 6711
1401 1602 6710
1400 1603 6709
1399 1604 6708
1398 1605 6707
1397 1606 6706
1396 1607 6705
1395 1608 6704
1394 1609 6703
1393 1610 6702
1392 1611 6701
1391 1612 6700
1390 1613 6699
1389 1614 6698
1388 1615 6697
1387 1616 6696
1386 1617 6695
1385 1618 6694
1384 1619 6693
1383 1620 6692
1382 1621 6691
1381 1622 6690
1380 1623 6689
1379 1624 6688
1378 1625 6687
1377 1626 6686
1376 1627 6685
1375 1628 6684
1374 1629 6683
1373 1630 6682
1372 1631 6681
1371 1632 6680
1370 1633 6679
1369 1634 6678
1368 1635 6677
1367 1636 6676
1366 1637 6675
1365 1638 6674
1364 1639 6673
1363 1640 6672
1362 1641 6671
1361 1642 6670
1360 1643 6669
1359 1644 6668
1358 1645 6667
1357 1646 6666
1356 1647 6665
1355 1648 6664
1354 1649 6663
1353 1650 6662
1352 1651 6661
1351 1652 6660
1350 1653 6659
1349 1654 6658
1348 1655 6657
1347 1656 6656
1346 1657 6655
1345 1658 6654
1344 1659 6653
1343 1660 6652
1342 1661 6651
1341 1662 6650
1340 1663 6649
1339 1664 6648
1338 1665 6647
1337 1666 6646
1336 1667 6645
1335 1668 6644
1334 1669 6643
1333 1670 6642
1332 1671 6641
1331 1672 6640
1330 1673 6639
1329 1674 6638
1328 1675 6637
1327 1676 6636
1326 1677 6635
1325 1678 6634
1324 1679 6633
1323 1680 6632
1322 1681 6631
1321 1682 6630
1320 1683 6629
1319 1684 6628
1318 1685 6627
1317 1686 6626
1316 1687 6625
1315 1688 6624
1314 1689 6623
1313 1690 6622
1312 1691 6621
1311 1692 6620
1310 1693 6619
1309 1694 6618
1308 1695 6617
1307 1696 6616
1306 1697 6615
1305 1698 6614
1304 1699 6613
1303 1700 6612
1302 1701 6611
1301 1702 6610
1300 1703 6609
1299 1704 6608
1298 1705 6607
1297 1706 6606
1296 1707 6605
1295 1708 6604
1294 1709 6603
1293 1710 6602
1292 1711 6601
1291 1712 6600
1290 1713 6599
1289 1714 6598
1288 1715 6597
1287 1716 6596
1286 1717 6595
1285 1718 6594
1284 1719 6593
1283 1720 6592
1282 1721 6591
1281 1722 6590
1280 1723 6589
1279 1724 6588
1278 1725 6587
1277 1726 6586
1276 1727 6585
1275 1728 6584
1274 1729 6583
1273 1730 6582
1272 1731 6581
1271 1732 6580
1270 1733 6579
1269 1734 6578
1268 1735 6577
1267 1736 6576
1266 1737 6575
1265 1738 6574
1264 1739 6573
1263 1740 6572
1262 1741 6571
1261 1742 6570
1260 1743 6569
1259 1744 6568
1258 1745 6567
1257 1746 6566
1256 1747 6565
1255 1748 6564
1254 1749 6563
1253 1750 6562
1252 1751 6561
1251 1752 6560
1250 1753 6559
1249 1754 6558
1248 1755 6557
1247 1756 6556
1246 1757 6555
1245 1758 6554
1244 1759 6553
1243 1760 6552
1242 1761 6551
1241 1762 6550
1240 1763 6549
1239 1764 6548
1238 1765 6547
1237 1766 6546
1236 1767 6545
1235 1768 6544
1234 1769 6543
1233 1770 6542
1232 1771 6541
1231 1772 6540
1230 1773 6539
1229 1774 6538
1228 1775 6537
1227 1776 6536
1226 1777 6535
1225 1778 6534
1224 1779 6533
1223 1780 6532
1222 1781 6531
1221 1782 6530
1220 1783 6529
1219 1784 6528
1218 1785 6527
1217 1786 6526
1216 1787 6525
1215 1788 6524
1214 1789 6523
1213 1790 6522
1212 1791 6521
1211 1792 6520
1210 1793 6519
1209 1794 6518
1208 1795 6517
1207 1796 6516
1206 1797 6515
1205 1798 6514
1204 1799 6513
1203 1800 6512
1202 1801 6511
1201 1802 6510
1200 1803 6509
1199 1804 6508
1198 1805 6507
1197 1806 6506
1196 1807 6505
1195 1808 6504
1194 1809 6503
1193 1810 6502
1192 1811 6501
1191 1812 6500
1190 1813 6499
1189 1814 6498
1188 1815 6497
1187 1816 6496
1186 1817 6495
1185 1818 6494
1184 1819 6493
1183 1820 6492
1182 1821 6491
1181 1822 6490
1180 1823 6489
1179 1824 6488
1178 1825 6487
1177 1826 6486
1176 1827 6485
1175 1828 6484
1174 1829 6483
1173 1830 6482
1172 1831 6481
1171 1832 6480
1170 1833 6479
1169 1834 6478
1168 1835 6477
1167 1836 6476
1166 1837 6475
1165 1838 6474
1164 1839 6473
1163 1840 6472
1162 1841 6471
1161 1842 6470
1160 1843 6469
1159 1844 6468
1158 1845 6467
1157 1846 6466
1156 1847 6465
1155 1848 6464
1154 1849 6463
1153 1850 6462
1152 1851 6461
1151 1852 6460
1150 1853 6459
1149 1854 6458
1148 1855 6457
1147 1856 6456
1146 1857 6455
1145 1858 6454
1144 1859 6453
1143 1860 6452
1142 1861 6451
1141 1862 6450
1140 1863 6449
1139 1864 6448
1138 1865 6447
1137 1866 6446
1136 1867 6445
1135 1868 6444
1134 1869 6443
1133 1870 6442
1132 1871 6441
1131 1872 6440
1130 1873 6439
1129 1874 6438
1128 1875 6437
1127 1876 6436
1126 1877 6435
1125 1878 6434
1124 1879 6433
1123 1880 6432
1122 1881 6431
1121 1882 6430
1120 1883 6429
1119 1884 6428
1118 1885 6427
1117 1886 6426
1116 1887 6425
1115 1888 6424
1114 1889 6423
1113 1890 6422
1112 1891 6421
1111 1892 6420
1110 1893 6419
1109 1894 6418
1108 1895 6417
1107 1896 6416
1106 1897 6415
1105 1898 6414
1104 1899 6413
1103 1900 6412
1102 1901 6411
1101 1902 6410
1100 1903 6409
1099 1904 6408
1098 1905 6407
1097 1906 6406
1096 1907 6405
1095 1908 6404
1094 1909 6403
1093 1910 6402
1092 1911 6401
1091 1912 6400
1090 1913 6399
1089 1914 6398
1088 1915 6397
1087 1916 6396
1086 1917 6395
1085 1918 6394
1084 1919 6393
1083 1920 6392
1082 1921 6391
1081 1922 6390
1080 1923 6389
1079 1924 6388
1078 1925 6387
1077 1926 6386
1076 1927 6385
1075 1928 6384
1074 1929 6383
1073 1930 6382
1072 1931 6381
1071 1932 6380
1070 1933 6379
1069 1934 6378
1068 1935 6377
1067 1936 6376
1066 1937 6375
1065 1938 6374
1064 1939 6373
1063 1940 6372
1062 1941 6371
1061 1942 6370
1060 1943 6369
1059 1944 6368
1058 1945 6367
1057 1946 6366
1056 1947 6365
1055 1948 6364
1054 1949 6363
1053 1950 6362
1052 1951 6361
1051 1952 6360
1050 1953 6359
1049 1954 6358
1048 1955 6357
1047 1956 6356
1046 1957 6355
1045 1958 6354
1044 1959 6353
1043 1960 6352
1042 1961 6351
1041 1962 6350
1040 1963 6349
1039 1964 6348
1038 1965 6347
1037 1966 6346
1036 1967 6345
1035 1968 6344
1034 1969 6343
1033 1970 6342
1032 1971 6341
1031 1972 6340
1030 1973 6339
1029 1974 6338
1028 1975 6337
1027 1976 6336
1026 1977 6335
1025 1978 6334
1024 1979 6333
1023 1980 6332
1022 1981 6331
1021 1982 6330
1020 1983 6329
1019 1984 6328
1018 1985 6327
1017 1986 6326
1016 1987 6325
1015 1988 6324
1014 1989 6323
1013 1990 6322
1012 1991 6321
1011 1992 6320
1010 1993 6319
1009 1994 6318
1008 1995 6317
1007 1996 6316
1006 1997 6315
1005 1998 6314
1004 1999 6313
1003 2000 6312
1002 2001 6311
1001 2002 6310
1000 2003 6309
999 2004 6308
998 2005 6307
997 2006 6306
996 2007 6305
995 2008 6304
994 2009 6303
993 2010 6302
992 2011 6301
991 2012 6300
990 2013 6299
989 2014 6298
988 2015 6297
987 2016 6296
986 2017 6295
985 2018 6294
984 2019 6293
983 2020 6292
982 2021 6291
981 2022 6290
980 2023 6289
979 2024 6288
978 2025 6287
977 2026 6286
976 2027 6285
975 2028 6284
974 2029 6283
973 2030 6282
972 2031 6281
971 2032 6280
970 2033 6279
969 2034 6278
968 2035 6277
967 2036 6276
966 2037 6275
965 2038 6274
964 2039 6273
963 2040 6272
962 2041 6271
961 2042 6270
960 2043 6269
959 2044 6268
958 2045 6267
957 2046 6266
956 2047 6265
955 2048 6264
954 2049 6263
953 2050 6262
952 2051 6261
951 2052 6260
950 2053 6259
949 2054 6258
948 2055 6257
947 2056 6256
946 2057 6255
945 2058 6254
944 2059 6253
943 2060 6252
942 2061 6251
941 2062 6250
940 2063 6249
939 2064 6248
938 2065 6247
937 2066 6246
936 2067 6245
935 2068 6244
934 2069 6243
933 2070 6242
932 2071 6241
931 2072 6240
930 2073 6239
929 2074 6238
928 2075 6237
927 2076 6236
926 2077 6235
925 2078 6234
924 2079 6233
923 2080 6232
922 2081 6231
921 2082 6230
920 2083 6229
919 2084 6228
918 2085 6227
917 2086 6226
916 2087 6225
915 2088 6224
914 2089 6223
913 2090 6222
912 2091 6221
911 2092 6220
910 2093 6219
909 2094 6218
908 2095 6217
907 2096 6216
906 2097 6215
905 2098 6214
904 2099 6213
903 2100 6212
902 2101 6211
901 2102 6210
900 2103 6209
899 2104 6208
898 2105 6207
897 2106 6206
896 2107 6205
895 2108 6204
894 2109 6203
893 2110 6202
892 2111 6201
891 2112 6200
890 2113 6199
889 2114 6198
888 2115 6197
887 2116 6196
886 2117 6195
885 2118 6194
884 2119 6193
883 2120 6192
882 2121 6191
881 2122 6190
880 2123 6189
879 2124 6188
878 2125 6187
877 2126 6186
876 2127 6185
875 2128 6184
874 2129 6183
873 2130 6182
872 2131 6181
871 2132 6180
870 2133 6179
869 2134 6178
868 2135 6177
867 2136 6176
866 2137 6175
865 2138 6174
864 2139 6173
863 2140 6172
862 2141 6171
861 2142 6170
860 2143 6169
859 2144 6168
858 2145 6167
857 2146 6166
856 2147 6165
855 2148 6164
854 2149 6163
853 2150 6162
852 2151 6161
851 2152 6160
850 2153 6159
849 2154 6158
848 2155 6157
847 2156 6156
846 2157 6155
845 2158 6154
844 2159 6153
843 2160 6152
842 2161 6151
841 2162 6150
840 2163 6149
839 2164 6148
838 2165 6147
837 2166 6146
836 2167 6145
835 2168 6144
834 2169 6143
833 2170 6142
832 2171 6141
831 2172 6140
830 2173 6139
829 2174 6138
828 2175 6137
827 2176 6136
826 2177 6135
825 2178 6134
824 2179 6133
823 2180 6132
822 2181 6131
821 2182 6130
820 2183 6129
819 2184 6128
818 2185 6127
817 2186 6126
816 2187 6125
815 2188 6124
814 2189 6123
813 2190 6122
812 2191 6121
811 2192 6120
810 2193 6119
809 2194 6118
808 2195 6117
807 2196 6116
806 2197 6115
805 2198 6114
804 2199 6113
803 2200 6112
802 2201 6111
801 2202 6110
800 2203 6109
799 2204 6108
798 2205 6107
797 2206 6106
796 2207 6105
795 2208 6104
794 2209 6103
793 2210 6102
792 2211 6101
791 2212 6100
790 2213 6099
789 2214 6098
788 2215 6097
787 2216 6096
786 2217 6095
785 2218 6094
784 2219 6093
783 2220 6092
782 2221 6091
781 2222 6090
780 2223 6089
779 2224 6088
778 2225 6087
777 2226 6086
776 2227 6085
775 2228 6084
774 2229 6083
773 2230 6082
772 2231 6081
771 2232 6080
770 2233 6079
769 2234 6078
768 2235 6077
767 2236 6076
766 2237 6075
765 2238 6074
764 2239 6073
763 2240 6072
762 2241 6071
761 2242 6070
760 2243 6069
759 2244 6068
758 2245 6067
757 2246 6066
756 2247 6065
755 2248 6064
754 2249 6063
753 2250 6062
752 2251 6061
751 2252 6060
750 2253 6059
749 2254 6058
748 2255 6057
747 2256 6056
746 2257 6055
745 2258 6054
744 2259 6053
743 2260 6052
742 2261 6051
741 2262 6050
740 2263 6049
739 2264 6048
738 2265 6047
737 2266 6046
736 2267 6045
735 2268 6044
734 2269 6043
733 2270 6042
732 2271 6041
731 2272 6040
730 2273 6039
729 2274 6038
728 2275 6037
727 2276 6036
726 2277 6035
725 2278 6034
724 2279 6033
723 2280 6032
722 2281 6031
721 2282 6030
720 2283 6029
719 2284 6028
718 2285 6027
717 2286 6026
716 2287 6025
715 2288 6024
714 2289 6023
713 2290 6022
712 2291 6021
711 2292 6020
710 2293 6019
709 2294 6018
708 2295 6017
707 2296 6016
706 2297 6015
705 2298 6014
704 2299 6013
703 2300 6012
702 2301 6011
701 2302 6010
700 2303 6009
699 2304 6008
698 2305 6007
697 2306 6006
696 2307 6005
695 2308 6004
694 2309 6003
693 2310 6002
692 2311 6001
