2910
3000 3 8910
2999 4 8909
2998 5 8908
2997 6 8907
2996 7 8906
2995 8 8905
2994 9 8904
2993 10 8903
2992 11 8902
2991 12 8901
2990 13 8900
2989 14 8899
2988 15 8898
2987 16 8897
2986 17 8896
2985 18 8895
2984 19 8894
2983 20 8893
2982 21 8892
2981 22 8891
2980 23 8890
2979 24 8889
2978 25 8888
2977 26 8887
2976 27 8886
2975 28 8885
2974 29 8884
2973 30 8883
2972 31 8882
2971 32 8881
2970 33 8880
2969 34 8879
2968 35 8878
2967 36 8877
2966 37 8876
2965 38 8875
2964 39 8874
2963 40 8873
2962 41 8872
2961 42 8871
2960 43 8870
2959 44 8869
2958 45 8868
2957 46 8867
2956 47 8866
2955 48 8865
2954 49 8864
2953 50 8863
2952 51 8862
2951 52 8861
2950 53 8860
2949 54 8859
2948 55 8858
2947 56 8857
2946 57 8856
2945 58 8855
2944 59 8854
2943 60 8853
2942 61 8852
2941 62 8851
2940 63 8850
2939 64 8849
2938 65 8848
2937 66 8847
2936 67 8846
2935 68 8845
2934 69 8844
2933 70 8843
2932 71 8842
2931 72 8841
2930 73 8840
2929 74 8839
2928 75 8838
2927 76 8837
2926 77 8836
2925 78 8835
2924 79 8834
2923 80 8833
2922 81 8832
2921 82 8831
2920 83 8830
2919 84 8829
2918 85 8828
2917 86 8827
2916 87 8826
2915 88 8825
2914 89 8824
2913 90 8823
2912 91 8822
2911 92 8821
2910 93 8820
2909 94 8819
2908 95 8818
2907 96 8817
2906 97 8816
2905 98 8815
2904 99 8814
2903 100 8813
2902 101 8812
2901 102 8811
2900 103 8810
2899 104 8809
2898 105 8808
2897 106 8807
2896 107 8806
2895 108 8805
2894 109 8804
2893 110 8803
2892 111 8802
2891 112 8801
2890 113 8800
2889 114 8799
2888 115 8798
2887 116 8797
2886 117 8796
2885 118 8795
2884 119 8794
2883 120 8793
2882 121 8792
2881 122 8791
2880 123 8790
2879 124 8789
2878 125 8788
2877 126 8787
2876 127 8786
2875 128 8785
2874 129 8784
2873 130 8783
2872 131 8782
2871 132 8781
2870 133 8780
2869 134 8779
2868 135 8778
2867 136 8777
2866 137 8776
2865 138 8775
2864 139 8774
2863 140 8773
2862 141 8772
2861 142 8771
2860 143 8770
2859 144 8769
2858 145 8768
2857 146 8767
2856 147 8766
2855 148 8765
2854 149 8764
2853 150 8763
2852 151 8762
2851 152 8761
2850 153 8760
2849 154 8759
2848 155 8758
2847 156 8757
2846 157 8756
2845 158 8755
2844 159 8754
2843 160 8753
2842 161 8752
2841 162 8751
2840 163 8750
2839 164 8749
2838 165 8748
2837 166 8747
2836 167 8746
2835 168 8745
2834 169 8744
2833 170 8743
2832 171 8742
2831 172 8741
2830 173 8740
2829 174 8739
2828 175 8738
2827 176 8737
2826 177 8736
2825 178 8735
2824 179 8734
2823 180 8733
2822 181 8732
2821 182 8731
2820 183 8730
2819 184 8729
2818 185 8728
2817 186 8727
2816 187 8726
2815 188 8725
2814 189 8724
2813 190 8723
2812 191 8722
2811 192 8721
2810 193 8720
2809 194 8719
2808 195 8718
2807 196 8717
2806 197 8716
2805 198 8715
2804 199 8714
2803 200 8713
2802 201 8712
2801 202 8711
2800 203 8710
2799 204 8709
2798 205 8708
2797 206 8707
2796 207 8706
2795 208 8705
2794 209 8704
2793 210 8703
2792 211 8702
2791 212 8701
2790 213 8700
2789 214 8699
2788 215 8698
2787 216 8697
2786 217 8696
2785 218 8695
2784 219 8694
2783 220 8693
2782 221 8692
2781 222 8691
2780 223 8690
2779 224 8689
2778 225 8688
2777 226 8687
2776 227 8686
2775 228 8685
2774 229 8684
2773 230 8683
2772 231 8682
2771 232 8681
2770 233 8680
2769 234 8679
2768 235 8678
2767 236 8677
2766 237 8676
2765 238 8675
2764 239 8674
2763 240 8673
2762 241 8672
2761 242 8671
2760 243 8670
2759 244 8669
2758 245 8668
2757 246 8667
2756 247 8666
2755 248 8665
2754 249 8664
2753 250 8663
2752 251 8662
2751 252 8661
2750 253 8660
2749 254 8659
2748 255 8658
2747 256 8657
2746 257 8656
2745 258 8655
2744 259 8654
2743 260 8653
2742 261 8652
2741 262 8651
2740 263 8650
2739 264 8649
2738 265 8648
2737 266 8647
2736 267 8646
2735 268 8645
2734 269 8644
2733 270 8643
2732 271 8642
2731 272 8641
2730 273 8640
2729 274 8639
2728 275 8638
2727 276 8637
2726 277 8636
2725 278 8635
2724 279 8634
2723 280 8633
2722 281 8632
2721 282 8631
2720 283 8630
2719 284 8629
2718 285 8628
2717 286 8627
2716 287 8626
2715 288 8625
2714 289 8624
2713 290 8623
2712 291 8622
2711 292 8621
2710 293 8620
2709 294 8619
2708 295 8618
2707 296 8617
2706 297 8616
2705 298 8615
2704 299 8614
2703 300 8613
2702 301 8612
2701 302 8611
2700 303 8610
2699 304 8609
2698 305 8608
2697 306 8607
2696 307 8606
2695 308 8605
2694 309 8604
2693 310 8603
2692 311 8602
2691 312 8601
2690 313 8600
2689 314 8599
2688 315 8598
2687 316 8597
2686 317 8596
2685 318 8595
2684 319 8594
2683 320 8593
2682 321 8592
2681 322 8591
2680 323 8590
2679 324 8589
2678 325 8588
2677 326 8587
2676 327 8586
2675 328 8585
2674 329 8584
2673 330 8583
2672 331 8582
2671 332 8581
2670 333 8580
2669 334 8579
2668 335 8578
2667 336 8577
2666 337 8576
2665 338 8575
2664 339 8574
2663 340 8573
2662 341 8572
2661 342 8571
2660 343 8570
2659 344 8569
2658 345 8568
2657 346 8567
2656 347 8566
2655 348 8565
2654 349 8564
2653 350 8563
2652 351 8562
2651 352 8561
2650 353 8560
2649 354 8559
2648 355 8558
2647 356 8557
2646 357 8556
2645 358 8555
2644 359 8554
2643 360 8553
2642 361 8552
2641 362 8551
2640 363 8550
2639 364 8549
2638 365 8548
2637 366 8547
2636 367 8546
2635 368 8545
2634 369 8544
2633 370 8543
2632 371 8542
2631 372 8541
2630 373 8540
2629 374 8539
2628 375 8538
2627 376 8537
2626 377 8536
2625 378 8535
2624 379 8534
2623 380 8533
2622 381 8532
2621 382 8531
2620 383 8530
2619 384 8529
2618 385 8528
2617 386 8527
2616 387 8526
2615 388 8525
2614 389 8524
2613 390 8523
2612 391 8522
2611 392 8521
2610 393 8520
2609 394 8519
2608 395 8518
2607 396 8517
2606 397 8516
2605 398 8515
2604 399 8514
2603 400 8513
2602 401 8512
2601 402 8511
2600 403 8510
2599 404 8509
2598 405 8508
2597 406 8507
2596 407 8506
2595 408 8505
2594 409 8504
2593 410 8503
2592 411 8502
2591 412 8501
2590 413 8500
2589 414 8499
2588 415 8498
2587 416 8497
2586 417 8496
2585 418 8495
2584 419 8494
2583 420 8493
2582 421 8492
2581 422 8491
2580 423 8490
2579 424 8489
2578 425 8488
2577 426 8487
2576 427 8486
2575 428 8485
2574 429 8484
2573 430 8483
2572 431 8482
2571 432 8481
2570 433 8480
2569 434 8479
2568 435 8478
2567 436 8477
2566 437 8476
2565 438 8475
2564 439 8474
2563 440 8473
2562 441 8472
2561 442 8471
2560 443 8470
2559 444 8469
2558 445 8468
2557 446 8467
2556 447 8466
2555 448 8465
2554 449 8464
2553 450 8463
2552 451 8462
2551 452 8461
2550 453 8460
2549 454 8459
2548 455 8458
2547 456 8457
2546 457 8456
2545 458 8455
2544 459 8454
2543 460 8453
2542 461 8452
2541 462 8451
2540 463 8450
2539 464 8449
2538 465 8448
2537 466 8447
2536 467 8446
2535 468 8445
2534 469 8444
2533 470 8443
2532 471 8442
2531 472 8441
2530 473 8440
2529 474 8439
2528 475 8438
2527 476 8437
2526 477 8436
2525 478 8435
2524 479 8434
2523 480 8433
2522 481 8432
2521 482 8431
2520 483 8430
2519 484 8429
2518 485 8428
2517 486 8427
2516 487 8426
2515 488 8425
2514 489 8424
2513 490 8423
2512 491 8422
2511 492 8421
2510 493 8420
2509 494 8419
2508 495 8418
2507 496 8417
2506 497 8416
2505 498 8415
2504 499 8414
2503 500 8413
2502 501 8412
2501 502 8411
2500 503 8410
2499 504 8409
2498 505 8408
2497 506 8407
2496 507 8406
2495 508 8405
2494 509 8404
2493 510 8403
2492 511 8402
2491 512 8401
2490 513 8400
2489 514 8399
2488 515 8398
2487 516 8397
2486 517 8396
2485 518 8395
2484 519 8394
2483 520 8393
2482 521 8392
2481 522 8391
2480 523 8390
2479 524 8389
2478 525 8388
2477 526 8387
2476 527 8386
2475 528 8385
2474 529 8384
2473 530 8383
2472 531 8382
2471 532 8381
2470 533 8380
2469 534 8379
2468 535 8378
2467 536 8377
2466 537 8376
2465 538 8375
2464 539 8374
2463 540 8373
2462 541 8372
2461 542 8371
2460 543 8370
2459 544 8369
2458 545 8368
2457 546 8367
2456 547 8366
2455 548 8365
2454 549 8364
2453 550 8363
2452 551 8362
2451 552 8361
2450 553 8360
2449 554 8359
2448 555 8358
2447 556 8357
2446 557 8356
2445 558 8355
2444 559 8354
2443 560 8353
2442 561 8352
2441 562 8351
2440 563 8350
2439 564 8349
2438 565 8348
2437 566 8347
2436 567 8346
2435 568 8345
2434 569 8344
2433 570 8343
2432 571 8342
2431 572 8341
2430 573 8340
2429 574 8339
2428 575 8338
2427 576 8337
2426 577 8336
2425 578 8335
2424 579 8334
2423 580 8333
2422 581 8332
2421 582 8331
2420 583 8330
2419 584 8329
2418 585 8328
2417 586 8327
2416 587 8326
2415 588 8325
2414 589 8324
2413 590 8323
2412 591 8322
2411 592 8321
2410 593 8320
2409 594 8319
2408 595 8318
2407 596 8317
2406 597 8316
2405 598 8315
2404 599 8314
2403 600 8313
2402 601 8312
2401 602 8311
2400 603 8310
2399 604 8309
2398 605 8308
2397 606 8307
2396 607 8306
2395 608 8305
2394 609 8304
2393 610 8303
2392 611 8302
2391 612 8301
2390 613 8300
2389 614 8299
2388 615 8298
2387 616 8297
2386 617 8296
2385 618 8295
2384 619 8294
2383 620 8293
2382 621 8292
2381 622 8291
2380 623 8290
2379 624 8289
2378 625 8288
2377 626 8287
2376 627 8286
2375 628 8285
2374 629 8284
2373 630 8283
2372 631 8282
2371 632 8281
2370 633 8280
2369 634 8279
2368 635 8278
2367 636 8277
2366 637 8276
2365 638 8275
2364 639 8274
2363 640 8273
2362 641 8272
2361 642 8271
2360 643 8270
2359 644 8269
2358 645 8268
2357 646 8267
2356 647 8266
2355 648 8265
2354 649 8264
2353 650 8263
2352 651 8262
2351 652 8261
2350 653 8260
2349 654 8259
2348 655 8258
2347 656 8257
2346 657 8256
2345 658 8255
2344 659 8254
2343 660 8253
2342 661 8252
2341 662 8251
2340 663 8250
2339 664 8249
2338 665 8248
2337 666 8247
2336 667 8246
2335 668 8245
2334 669 8244
2333 670 8243
2332 671 8242
2331 672 8241
2330 673 8240
2329 674 8239
2328 675 8238
2327 676 8237
2326 677 8236
2325 678 8235
2324 679 8234
2323 680 8233
2322 681 8232
2321 682 8231
2320 683 8230
2319 684 8229
2318 685 8228
2317 686 8227
2316 687 8226
2315 688 8225
2314 689 8224
2313 690 8223
2312 691 8222
2311 692 8221
2310 693 8220
2309 694 8219
2308 695 8218
2307 696 8217
2306 697 8216
2305 698 8215
2304 699 8214
2303 700 8213
2302 701 8212
2301 702 8211
2300 703 8210
2299 704 8209
2298 705 8208
2297 706 8207
2296 707 8206
2295 708 8205
2294 709 8204
2293 710 8203
2292 711 8202
2291 712 8201
2290 713 8200
2289 714 8199
2288 715 8198
2287 716 8197
2286 717 8196
2285 718 8195
2284 719 8194
2283 720 8193
2282 721 8192
2281 722 8191
2280 723 8190
2279 724 8189
2278 725 8188
2277 726 8187
2276 727 8186
2275 728 8185
2274 729 8184
2273 730 8183
2272 731 8182
2271 732 8181
2270 733 8180
2269 734 8179
2268 735 8178
2267 736 8177
2266 737 8176
2265 738 8175
2264 739 8174
2263 740 8173
2262 741 8172
2261 742 8171
2260 743 8170
2259 744 8169
2258 745 8168
2257 746 8167
2256 747 8166
2255 748 8165
2254 749 8164
2253 750 8163
2252 751 8162
2251 752 8161
2250 753 8160
2249 754 8159
2248 755 8158
2247 756 8157
2246 757 8156
2245 758 8155
2244 759 8154
2243 760 8153
2242 761 8152
2241 762 8151
2240 763 8150
2239 764 8149
2238 765 8148
2237 766 8147
2236 767 8146
2235 768 8145
2234 769 8144
2233 770 8143
2232 771 8142
2231 772 8141
2230 773 8140
2229 774 8139
2228 775 8138
2227 776 8137
2226 777 8136
2225 778 8135
2224 779 8134
2223 780 8133
2222 781 8132
2221 782 8131
2220 783 8130
2219 784 8129
2218 785 8128
2217 786 8127
2216 787 8126
2215 788 8125
2214 789 8124
2213 790 8123
2212 791 8122
2211 792 8121
2210 793 8120
2209 794 8119
2208 795 8118
2207 796 8117
2206 797 8116
2205 798 8115
2204 799 8114
2203 800 8113
2202 801 8112
2201 802 8111
2200 803 8110
2199 804 8109
2198 805 8108
2197 806 8107
2196 807 8106
2195 808 8105
2194 809 8104
2193 810 8103
2192 811 8102
2191 812 8101
2190 813 8100
2189 814 8099
2188 815 8098
2187 816 8097
2186 817 8096
2185 818 8095
2184 819 8094
2183 820 8093
2182 821 8092
2181 822 8091
2180 823 8090
2179 824 8089
2178 825 8088
2177 826 8087
2176 827 8086
2175 828 8085
2174 829 8084
2173 830 8083
2172 831 8082
2171 832 8081
2170 833 8080
2169 834 8079
2168 835 8078
2167 836 8077
2166 837 8076
2165 838 8075
2164 839 8074
2163 840 8073
2162 841 8072
2161 842 8071
2160 843 8070
2159 844 8069
2158 845 8068
2157 846 8067
2156 847 8066
2155 848 8065
2154 849 8064
2153 850 8063
2152 851 8062
2151 852 8061
2150 853 8060
2149 854 8059
2148 855 8058
2147 856 8057
2146 857 8056
2145 858 8055
2144 859 8054
2143 860 8053
2142 861 8052
2141 862 8051
2140 863 8050
2139 864 8049
2138 865 8048
2137 866 8047
2136 867 8046
2135 868 8045
2134 869 8044
2133 870 8043
2132 871 8042
2131 872 8041
2130 873 8040
2129 874 8039
2128 875 8038
2127 876 8037
2126 877 8036
2125 878 8035
2124 879 8034
2123 880 8033
2122 881 8032
2121 882 8031
2120 883 8030
2119 884 8029
2118 885 8028
2117 886 8027
2116 887 8026
2115 888 8025
2114 889 8024
2113 890 8023
2112 891 8022
2111 892 8021
2110 893 8020
2109 894 8019
2108 895 8018
2107 896 8017
2106 897 8016
2105 898 8015
2104 899 8014
2103 900 8013
2102 901 8012
2101 902 8011
2100 903 8010
2099 904 8009
2098 905 8008
2097 906 8007
2096 907 8006
2095 908 8005
2094 909 8004
2093 910 8003
2092 911 8002
2091 912 8001
2090 913 8000
2089 914 7999
2088 915 7998
2087 916 7997
2086 917 7996
2085 918 7995
2084 919 7994
2083 920 7993
2082 921 7992
2081 922 7991
2080 923 7990
2079 924 7989
2078 925 7988
2077 926 7987
2076 927 7986
2075 928 7985
2074 929 7984
2073 930 7983
2072 931 7982
2071 932 7981
2070 933 7980
2069 934 7979
2068 935 7978
2067 936 7977
2066 937 7976
2065 938 7975
2064 939 7974
2063 940 7973
2062 941 7972
2061 942 7971
2060 943 7970
2059 944 7969
2058 945 7968
2057 946 7967
2056 947 7966
2055 948 7965
2054 949 7964
2053 950 7963
2052 951 7962
2051 952 7961
2050 953 7960
2049 954 7959
2048 955 7958
2047 956 7957
2046 957 7956
2045 958 7955
2044 959 7954
2043 960 7953
2042 961 7952
2041 962 7951
2040 963 7950
2039 964 7949
2038 965 7948
2037 966 7947
2036 967 7946
2035 968 7945
2034 969 7944
2033 970 7943
2032 971 7942
2031 972 7941
2030 973 7940
2029 974 7939
2028 975 7938
2027 976 7937
2026 977 7936
2025 978 7935
2024 979 7934
2023 980 7933
2022 981 7932
2021 982 7931
2020 983 7930
2019 984 7929
2018 985 7928
2017 986 7927
2016 987 7926
2015 988 7925
2014 989 7924
2013 990 7923
2012 991 7922
2011 992 7921
2010 993 7920
2009 994 7919
2008 995 7918
2007 996 7917
2006 997 7916
2005 998 7915
2004 999 7914
2003 1000 7913
2002 1001 7912
2001 1002 7911
2000 1003 7910
1999 1004 7909
1998 1005 7908
1997 1006 7907
1996 1007 7906
1995 1008 7905
1994 1009 7904
1993 1010 7903
1992 1011 7902
1991 1012 7901
1990 1013 7900
1989 1014 7899
1988 1015 7898
1987 1016 7897
1986 1017 7896
1985 1018 7895
1984 1019 7894
1983 1020 7893
1982 1021 7892
1981 1022 7891
1980 1023 7890
1979 1024 7889
1978 1025 7888
1977 1026 7887
1976 1027 7886
1975 1028 7885
1974 1029 7884
1973 1030 7883
1972 1031 7882
1971 1032 7881
1970 1033 7880
1969 1034 7879
1968 1035 7878
1967 1036 7877
1966 1037 7876
1965 1038 7875
1964 1039 7874
1963 1040 7873
1962 1041 7872
1961 1042 7871
1960 1043 7870
1959 1044 7869
1958 1045 7868
1957 1046 7867
1956 1047 7866
1955 1048 7865
1954 1049 7864
1953 1050 7863
1952 1051 7862
1951 1052 7861
1950 1053 7860
1949 1054 7859
1948 1055 7858
1947 1056 7857
1946 1057 7856
1945 1058 7855
1944 1059 7854
1943 1060 7853
1942 1061 7852
1941 1062 7851
1940 1063 7850
1939 1064 7849
1938 1065 7848
1937 1066 7847
1936 1067 7846
1935 1068 7845
1934 1069 7844
1933 1070 7843
1932 1071 7842
1931 1072 7841
1930 1073 7840
1929 1074 7839
1928 1075 7838
1927 1076 7837
1926 1077 7836
1925 1078 7835
1924 1079 7834
1923 1080 7833
1922 1081 7832
1921 1082 7831
1920 1083 7830
1919 1084 7829
1918 1085 7828
1917 1086 7827
1916 1087 7826
1915 1088 7825
1914 1089 7824
1913 1090 7823
1912 1091 7822
1911 1092 7821
1910 1093 7820
1909 1094 7819
1908 1095 7818
1907 1096 7817
1906 1097 7816
1905 1098 7815
1904 1099 7814
1903 1100 7813
1902 1101 7812
1901 1102 7811
1900 1103 7810
1899 1104 7809
1898 1105 7808
1897 1106 7807
1896 1107 7806
1895 1108 7805
1894 1109 7804
1893 1110 7803
1892 1111 7802
1891 1112 7801
1890 1113 7800
1889 1114 7799
1888 1115 7798
1887 1116 7797
1886 1117 7796
1885 1118 7795
1884 1119 7794
1883 1120 7793
1882 1121 7792
1881 1122 7791
1880 1123 7790
1879 1124 7789
1878 1125 7788
1877 1126 7787
1876 1127 7786
1875 1128 7785
1874 1129 7784
1873 1130 7783
1872 1131 7782
1871 1132 7781
1870 1133 7780
1869 1134 7779
1868 1135 7778
1867 1136 7777
1866 1137 7776
1865 1138 7775
1864 1139 7774
1863 1140 7773
1862 1141 7772
1861 1142 7771
1860 1143 7770
1859 1144 7769
1858 1145 7768
1857 1146 7767
1856 1147 7766
1855 1148 7765
1854 1149 7764
1853 1150 7763
1852 1151 7762
1851 1152 7761
1850 1153 7760
1849 1154 7759
1848 1155 7758
1847 1156 7757
1846 1157 7756
1845 1158 7755
1844 1159 7754
1843 1160 7753
1842 1161 7752
1841 1162 7751
1840 1163 7750
1839 1164 7749
1838 1165 7748
1837 1166 7747
1836 1167 7746
1835 1168 7745
1834 1169 7744
1833 1170 7743
1832 1171 7742
1831 1172 7741
1830 1173 7740
1829 1174 7739
1828 1175 7738
1827 1176 7737
1826 1177 7736
1825 1178 7735
1824 1179 7734
1823 1180 7733
1822 1181 7732
1821 1182 7731
1820 1183 7730
1819 1184 7729
1818 1185 7728
1817 1186 7727
1816 1187 7726
1815 1188 7725
1814 1189 7724
1813 1190 7723
1812 1191 7722
1811 1192 7721
1810 1193 7720
1809 1194 7719
1808 1195 7718
1807 1196 7717
1806 1197 7716
1805 1198 7715
1804 1199 7714
1803 1200 7713
1802 1201 7712
1801 1202 7711
1800 1203 7710
1799 1204 7709
1798 1205 7708
1797 1206 7707
1796 1207 7706
1795 1208 7705
1794 1209 7704
1793 1210 7703
1792 1211 7702
1791 1212 7701
1790 1213 7700
1789 1214 7699
1788 1215 7698
1787 1216 7697
1786 1217 7696
1785 1218 7695
1784 1219 7694
1783 1220 7693
1782 1221 7692
1781 1222 7691
1780 1223 7690
1779 1224 7689
1778 1225 7688
1777 1226 7687
1776 1227 7686
1775 1228 7685
1774 1229 7684
1773 1230 7683
1772 1231 7682
1771 1232 7681
1770 1233 7680
1769 1234 7679
1768 1235 7678
1767 1236 7677
1766 1237 7676
1765 1238 7675
1764 1239 7674
1763 1240 7673
1762 1241 7672
1761 1242 7671
1760 1243 7670
1759 1244 7669
1758 1245 7668
1757 1246 7667
1756 1247 7666
1755 1248 7665
1754 1249 7664
1753 1250 7663
1752 1251 7662
1751 1252 7661
1750 1253 7660
1749 1254 7659
1748 1255 7658
1747 1256 7657
1746 1257 7656
1745 1258 7655
1744 1259 7654
1743 1260 7653
1742 1261 7652
1741 1262 7651
1740 1263 7650
1739 1264 7649
1738 1265 7648
1737 1266 7647
1736 1267 7646
1735 1268 7645
1734 1269 7644
1733 1270 7643
1732 1271 7642
1731 1272 7641
1730 1273 7640
1729 1274 7639
1728 1275 7638
1727 1276 7637
1726 1277 7636
1725 1278 7635
1724 1279 7634
1723 1280 7633
1722 1281 7632
1721 1282 7631
1720 1283 7630
1719 1284 7629
1718 1285 7628
1717 1286 7627
1716 1287 7626
1715 1288 7625
1714 1289 7624
1713 1290 7623
1712 1291 7622
1711 1292 7621
1710 1293 7620
1709 1294 7619
1708 1295 7618
1707 1296 7617
1706 1297 7616
1705 1298 7615
1704 1299 7614
1703 1300 7613
1702 1301 7612
1701 1302 7611
1700 1303 7610
1699 1304 7609
1698 1305 7608
1697 1306 7607
1696 1307 7606
1695 1308 7605
1694 1309 7604
1693 1310 7603
1692 1311 7602
1691 1312 7601
1690 1313 7600
1689 1314 7599
1688 1315 7598
1687 1316 7597
1686 1317 7596
1685 1318 7595
1684 1319 7594
1683 1320 7593
1682 1321 7592
1681 1322 7591
1680 1323 7590
1679 1324 7589
1678 1325 7588
1677 1326 7587
1676 1327 7586
1675 1328 7585
1674 1329 7584
1673 1330 7583
1672 1331 7582
1671 1332 7581
1670 1333 7580
1669 1334 7579
1668 1335 7578
1667 1336 7577
1666 1337 7576
1665 1338 7575
1664 1339 7574
1663 1340 7573
1662 1341 7572
1661 1342 7571
1660 1343 7570
1659 1344 7569
1658 1345 7568
1657 1346 7567
1656 1347 7566
1655 1348 7565
1654 1349 7564
1653 1350 7563
1652 1351 7562
1651 1352 7561
1650 1353 7560
1649 1354 7559
1648 1355 7558
1647 1356 7557
1646 1357 7556
1645 1358 7555
1644 1359 7554
1643 1360 7553
1642 1361 7552
1641 1362 7551
1640 1363 7550
1639 1364 7549
1638 1365 7548
1637 1366 7547
1636 1367 7546
1635 1368 7545
1634 1369 7544
1633 1370 7543
1632 1371 7542
1631 1372 7541
1630 1373 7540
1629 1374 7539
1628 1375 7538
1627 1376 7537
1626 1377 7536
1625 1378 7535
1624 1379 7534
1623 1380 7533
1622 1381 7532
1621 1382 7531
1620 1383 7530
1619 1384 7529
1618 1385 7528
1617 1386 7527
1616 1387 7526
1615 1388 7525
1614 1389 7524
1613 1390 7523
1612 1391 7522
1611 1392 7521
1610 1393 7520
1609 1394 7519
1608 1395 7518
1607 1396 7517
1606 1397 7516
1605 1398 7515
1604 1399 7514
1603 1400 7513
1602 1401 7512
1601 1402 7511
1600 1403 7510
1599 1404 7509
1598 1405 7508
1597 1406 7507
1596 1407 7506
1595 1408 7505
1594 1409 7504
1593 1410 7503
1592 1411 7502
1591 1412 7501
1590 1413 7500
1589 1414 7499
1588 1415 7498
1587 1416 7497
1586 1417 7496
1585 1418 7495
1584 1419 7494
1583 1420 7493
1582 1421 7492
1581 1422 7491
1580 1423 7490
1579 1424 7489
1578 1425 7488
1577 1426 7487
1576 1427 7486
1575 1428 7485
1574 1429 7484
1573 1430 7483
1572 1431 7482
1571 1432 7481
1570 1433 7480
1569 1434 7479
1568 1435 7478
1567 1436 7477
1566 1437 7476
1565 1438 7475
1564 1439 7474
1563 1440 7473
1562 1441 7472
1561 1442 7471
1560 1443 7470
1559 1444 7469
1558 1445 7468
1557 1446 7467
1556 1447 7466
1555 1448 7465
1554 1449 7464
1553 1450 7463
1552 1451 7462
1551 1452 7461
1550 1453 7460
1549 1454 7459
1548 1455 7458
1547 1456 7457
1546 1457 7456
1545 1458 7455
1544 1459 7454
1543 1460 7453
1542 1461 7452
1541 1462 7451
1540 1463 7450
1539 1464 7449
1538 1465 7448
1537 1466 7447
1536 1467 7446
1535 1468 7445
1534 1469 7444
1533 1470 7443
1532 1471 7442
1531 1472 7441
1530 1473 7440
1529 1474 7439
1528 1475 7438
1527 1476 7437
1526 1477 7436
1525 1478 7435
1524 1479 7434
1523 1480 7433
1522 1481 7432
1521 1482 7431
1520 1483 7430
1519 1484 7429
1518 1485 7428
1517 1486 7427
1516 1487 7426
1515 1488 7425
1514 1489 7424
1513 1490 7423
1512 1491 7422
1511 1492 7421
1510 1493 7420
1509 1494 7419
1508 1495 7418
1507 1496 7417
1506 1497 7416
1505 1498 7415
1504 1499 7414
1503 1500 7413
1502 1501 7412
1501 1502 7411
1500 1503 7410
1499 1504 7409
1498 1505 7408
1497 1506 7407
1496 1507 7406
1495 1508 7405
1494 1509 7404
1493 1510 7403
1492 1511 7402
1491 1512 7401
1490 1513 7400
1489 1514 7399
1488 1515 7398
1487 1516 7397
1486 1517 7396
1485 1518 7395
1484 1519 7394
1483 1520 7393
1482 1521 7392
1481 1522 7391
1480 1523 7390
1479 1524 7389
1478 1525 7388
1477 1526 7387
1476 1527 7386
1475 1528 7385
1474 1529 7384
1473 1530 7383
1472 1531 7382
1471 1532 7381
1470 1533 7380
1469 1534 7379
1468 1535 7378
1467 1536 7377
1466 1537 7376
1465 1538 7375
1464 1539 7374
1463 1540 7373
1462 1541 7372
1461 1542 7371
1460 1543 7370
1459 1544 7369
1458 1545 7368
1457 1546 7367
1456 1547 7366
1455 1548 7365
1454 1549 7364
1453 1550 7363
1452 1551 7362
1451 1552 7361
1450 1553 7360
1449 1554 7359
1448 1555 7358
1447 1556 7357
1446 1557 7356
1445 1558 7355
1444 1559 7354
1443 1560 7353
1442 1561 7352
1441 1562 7351
1440 1563 7350
1439 1564 7349
1438 1565 7348
1437 1566 7347
1436 1567 7346
1435 1568 7345
1434 1569 7344
1433 1570 7343
1432 1571 7342
1431 1572 7341
1430 1573 7340
1429 1574 7339
1428 1575 7338
1427 1576 7337
1426 1577 7336
1425 1578 7335
1424 1579 7334
1423 1580 7333
1422 1581 7332
1421 1582 7331
1420 1583 7330
1419 1584 7329
1418 1585 7328
1417 1586 7327
1416 1587 7326
1415 1588 7325
1414 1589 7324
1413 1590 7323
1412 1591 7322
1411 1592 7321
1410 1593 7320
1409 1594 7319
1408 1595 7318
1407 1596 7317
1406 1597 7316
1405 1598 7315
1404 1599 7314
1403 1600 7313
1402 1601 7312
1401 1602 7311
1400 1603 7310
1399 1604 7309
1398 1605 7308
1397 1606 7307
1396 1607 7306
1395 1608 7305
1394 1609 7304
1393 1610 7303
1392 1611 7302
1391 1612 7301
1390 1613 7300
1389 1614 7299
1388 1615 7298
1387 1616 7297
1386 1617 7296
1385 1618 7295
1384 1619 7294
1383 1620 7293
1382 1621 7292
1381 1622 7291
1380 1623 7290
1379 1624 7289
1378 1625 7288
1377 1626 7287
1376 1627 7286
1375 1628 7285
1374 1629 7284
1373 1630 7283
1372 1631 7282
1371 1632 7281
1370 1633 7280
1369 1634 7279
1368 1635 7278
1367 1636 7277
1366 1637 7276
1365 1638 7275
1364 1639 7274
1363 1640 7273
1362 1641 7272
1361 1642 7271
1360 1643 7270
1359 1644 7269
1358 1645 7268
1357 1646 7267
1356 1647 7266
1355 1648 7265
1354 1649 7264
1353 1650 7263
1352 1651 7262
1351 1652 7261
1350 1653 7260
1349 1654 7259
1348 1655 7258
1347 1656 7257
1346 1657 7256
1345 1658 7255
1344 1659 7254
1343 1660 7253
1342 1661 7252
1341 1662 7251
1340 1663 7250
1339 1664 7249
1338 1665 7248
1337 1666 7247
1336 1667 7246
1335 1668 7245
1334 1669 7244
1333 1670 7243
1332 1671 7242
1331 1672 7241
1330 1673 7240
1329 1674 7239
1328 1675 7238
1327 1676 7237
1326 1677 7236
1325 1678 7235
1324 1679 7234
1323 1680 7233
1322 1681 7232
1321 1682 7231
1320 1683 7230
1319 1684 7229
1318 1685 7228
1317 1686 7227
1316 1687 7226
1315 1688 7225
1314 1689 7224
1313 1690 7223
1312 1691 7222
1311 1692 7221
1310 1693 7220
1309 1694 7219
1308 1695 7218
1307 1696 7217
1306 1697 7216
1305 1698 7215
1304 1699 7214
1303 1700 7213
1302 1701 7212
1301 1702 7211
1300 1703 7210
1299 1704 7209
1298 1705 7208
1297 1706 7207
1296 1707 7206
1295 1708 7205
1294 1709 7204
1293 1710 7203
1292 1711 7202
1291 1712 7201
1290 1713 7200
1289 1714 7199
1288 1715 7198
1287 1716 7197
1286 1717 7196
1285 1718 7195
1284 1719 7194
1283 1720 7193
1282 1721 7192
1281 1722 7191
1280 1723 7190
1279 1724 7189
1278 1725 7188
1277 1726 7187
1276 1727 7186
1275 1728 7185
1274 1729 7184
1273 1730 7183
1272 1731 7182
1271 1732 7181
1270 1733 7180
1269 1734 7179
1268 1735 7178
1267 1736 7177
1266 1737 7176
1265 1738 7175
1264 1739 7174
1263 1740 7173
1262 1741 7172
1261 1742 7171
1260 1743 7170
1259 1744 7169
1258 1745 7168
1257 1746 7167
1256 1747 7166
1255 1748 7165
1254 1749 7164
1253 1750 7163
1252 1751 7162
1251 1752 7161
1250 1753 7160
1249 1754 7159
1248 1755 7158
1247 1756 7157
1246 1757 7156
1245 1758 7155
1244 1759 7154
1243 1760 7153
1242 1761 7152
1241 1762 7151
1240 1763 7150
1239 1764 7149
1238 1765 7148
1237 1766 7147
1236 1767 7146
1235 1768 7145
1234 1769 7144
1233 1770 7143
1232 1771 7142
1231 1772 7141
1230 1773 7140
1229 1774 7139
1228 1775 7138
1227 1776 7137
1226 1777 7136
1225 1778 7135
1224 1779 7134
1223 1780 7133
1222 1781 7132
1221 1782 7131
1220 1783 7130
1219 1784 7129
1218 1785 7128
1217 1786 7127
1216 1787 7126
1215 1788 7125
1214 1789 7124
1213 1790 7123
1212 1791 7122
1211 1792 7121
1210 1793 7120
1209 1794 7119
1208 1795 7118
1207 1796 7117
1206 1797 7116
1205 1798 7115
1204 1799 7114
1203 1800 7113
1202 1801 7112
1201 1802 7111
1200 1803 7110
1199 1804 7109
1198 1805 7108
1197 1806 7107
1196 1807 7106
1195 1808 7105
1194 1809 7104
1193 1810 7103
1192 1811 7102
1191 1812 7101
1190 1813 7100
1189 1814 7099
1188 1815 7098
1187 1816 7097
1186 1817 7096
1185 1818 7095
1184 1819 7094
1183 1820 7093
1182 1821 7092
1181 1822 7091
1180 1823 7090
1179 1824 7089
1178 1825 7088
1177 1826 7087
1176 1827 7086
1175 1828 7085
1174 1829 7084
1173 1830 7083
1172 1831 7082
1171 1832 7081
1170 1833 7080
1169 1834 7079
1168 1835 7078
1167 1836 7077
1166 1837 7076
1165 1838 7075
1164 1839 7074
1163 1840 7073
1162 1841 7072
1161 1842 7071
1160 1843 7070
1159 1844 7069
1158 1845 7068
1157 1846 7067
1156 1847 7066
1155 1848 7065
1154 1849 7064
1153 1850 7063
1152 1851 7062
1151 1852 7061
1150 1853 7060
1149 1854 7059
1148 1855 7058
1147 1856 7057
1146 1857 7056
1145 1858 7055
1144 1859 7054
1143 1860 7053
1142 1861 7052
1141 1862 7051
1140 1863 7050
1139 1864 7049
1138 1865 7048
1137 1866 7047
1136 1867 7046
1135 1868 7045
1134 1869 7044
1133 1870 7043
1132 1871 7042
1131 1872 7041
1130 1873 7040
1129 1874 7039
1128 1875 7038
1127 1876 7037
1126 1877 7036
1125 1878 7035
1124 1879 7034
1123 1880 7033
1122 1881 7032
1121 1882 7031
1120 1883 7030
1119 1884 7029
1118 1885 7028
1117 1886 7027
1116 1887 7026
1115 1888 7025
1114 1889 7024
1113 1890 7023
1112 1891 7022
1111 1892 7021
1110 1893 7020
1109 1894 7019
1108 1895 7018
1107 1896 7017
1106 1897 7016
1105 1898 7015
1104 1899 7014
1103 1900 7013
1102 1901 7012
1101 1902 7011
1100 1903 7010
1099 1904 7009
1098 1905 7008
1097 1906 7007
1096 1907 7006
1095 1908 7005
1094 1909 7004
1093 1910 7003
1092 1911 7002
1091 1912 7001
1090 1913 7000
1089 1914 6999
1088 1915 6998
1087 1916 6997
1086 1917 6996
1085 1918 6995
1084 1919 6994
1083 1920 6993
1082 1921 6992
1081 1922 6991
1080 1923 6990
1079 1924 6989
1078 1925 6988
1077 1926 6987
1076 1927 6986
1075 1928 6985
1074 1929 6984
1073 1930 6983
1072 1931 6982
1071 1932 6981
1070 1933 6980
1069 1934 6979
1068 1935 6978
1067 1936 6977
1066 1937 6976
1065 1938 6975
1064 1939 6974
1063 1940 6973
1062 1941 6972
1061 1942 6971
1060 1943 6970
1059 1944 6969
1058 1945 6968
1057 1946 6967
1056 1947 6966
1055 1948 6965
1054 1949 6964
1053 1950 6963
1052 1951 6962
1051 1952 6961
1050 1953 6960
1049 1954 6959
1048 1955 6958
1047 1956 6957
1046 1957 6956
1045 1958 6955
1044 1959 6954
1043 1960 6953
1042 1961 6952
1041 1962 6951
1040 1963 6950
1039 1964 6949
1038 1965 6948
1037 1966 6947
1036 1967 6946
1035 1968 6945
1034 1969 6944
1033 1970 6943
1032 1971 6942
1031 1972 6941
1030 1973 6940
1029 1974 6939
1028 1975 6938
1027 1976 6937
1026 1977 6936
1025 1978 6935
1024 1979 6934
1023 1980 6933
1022 1981 6932
1021 1982 6931
1020 1983 6930
1019 1984 6929
1018 1985 6928
1017 1986 6927
1016 1987 6926
1015 1988 6925
1014 1989 6924
1013 1990 6923
1012 1991 6922
1011 1992 6921
1010 1993 6920
1009 1994 6919
1008 1995 6918
1007 1996 6917
1006 1997 6916
1005 1998 6915
1004 1999 6914
1003 2000 6913
1002 2001 6912
1001 2002 6911
1000 2003 6910
999 2004 6909
998 2005 6908
997 2006 6907
996 2007 6906
995 2008 6905
994 2009 6904
993 2010 6903
992 2011 6902
991 2012 6901
990 2013 6900
989 2014 6899
988 2015 6898
987 2016 6897
986 2017 6896
985 2018 6895
984 2019 6894
983 2020 6893
982 2021 6892
981 2022 6891
980 2023 6890
979 2024 6889
978 2025 6888
977 2026 6887
976 2027 6886
975 2028 6885
974 2029 6884
973 2030 6883
972 2031 6882
971 2032 6881
970 2033 6880
969 2034 6879
968 2035 6878
967 2036 6877
966 2037 6876
965 2038 6875
964 2039 6874
963 2040 6873
962 2041 6872
961 2042 6871
960 2043 6870
959 2044 6869
958 2045 6868
957 2046 6867
956 2047 6866
955 2048 6865
954 2049 6864
953 2050 6863
952 2051 6862
951 2052 6861
950 2053 6860
949 2054 6859
948 2055 6858
947 2056 6857
946 2057 6856
945 2058 6855
944 2059 6854
943 2060 6853
942 2061 6852
941 2062 6851
940 2063 6850
939 2064 6849
938 2065 6848
937 2066 6847
936 2067 6846
935 2068 6845
934 2069 6844
933 2070 6843
932 2071 6842
931 2072 6841
930 2073 6840
929 2074 6839
928 2075 6838
927 2076 6837
926 2077 6836
925 2078 6835
924 2079 6834
923 2080 6833
922 2081 6832
921 2082 6831
920 2083 6830
919 2084 6829
918 2085 6828
917 2086 6827
916 2087 6826
915 2088 6825
914 2089 6824
913 2090 6823
912 2091 6822
911 2092 6821
910 2093 6820
909 2094 6819
908 2095 6818
907 2096 6817
906 2097 6816
905 2098 6815
904 2099 6814
903 2100 6813
902 2101 6812
901 2102 6811
900 2103 6810
899 2104 6809
898 2105 6808
897 2106 6807
896 2107 6806
895 2108 6805
894 2109 6804
893 2110 6803
892 2111 6802
891 2112 6801
890 2113 6800
889 2114 6799
888 2115 6798
887 2116 6797
886 2117 6796
885 2118 6795
884 2119 6794
883 2120 6793
882 2121 6792
881 2122 6791
880 2123 6790
879 2124 6789
878 2125 6788
877 2126 6787
876 2127 6786
875 2128 6785
874 2129 6784
873 2130 6783
872 2131 6782
871 2132 6781
870 2133 6780
869 2134 6779
868 2135 6778
867 2136 6777
866 2137 6776
865 2138 6775
864 2139 6774
863 2140 6773
862 2141 6772
861 2142 6771
860 2143 6770
859 2144 6769
858 2145 6768
857 2146 6767
856 2147 6766
855 2148 6765
854 2149 6764
853 2150 6763
852 2151 6762
851 2152 6761
850 2153 6760
849 2154 6759
848 2155 6758
847 2156 6757
846 2157 6756
845 2158 6755
844 2159 6754
843 2160 6753
842 2161 6752
841 2162 6751
840 2163 6750
839 2164 6749
838 2165 6748
837 2166 6747
836 2167 6746
835 2168 6745
834 2169 6744
833 2170 6743
832 2171 6742
831 2172 6741
830 2173 6740
829 2174 6739
828 2175 6738
827 2176 6737
826 2177 6736
825 2178 6735
824 2179 6734
823 2180 6733
822 2181 6732
821 2182 6731
820 2183 6730
819 2184 6729
818 2185 6728
817 2186 6727
816 2187 6726
815 2188 6725
814 2189 6724
813 2190 6723
812 2191 6722
811 2192 6721
810 2193 6720
809 2194 6719
808 2195 6718
807 2196 6717
806 2197 6716
805 2198 6715
804 2199 6714
803 2200 6713
802 2201 6712
801 2202 6711
800 2203 6710
799 2204 6709
798 2205 6708
797 2206 6707
796 2207 6706
795 2208 6705
794 2209 6704
793 2210 6703
792 2211 6702
791 2212 6701
790 2213 6700
789 2214 6699
788 2215 6698
787 2216 6697
786 2217 6696
785 2218 6695
784 2219 6694
783 2220 6693
782 2221 6692
781 2222 6691
780 2223 6690
779 2224 6689
778 2225 6688
777 2226 6687
776 2227 6686
775 2228 6685
774 2229 6684
773 2230 6683
772 2231 6682
771 2232 6681
770 2233 6680
769 2234 6679
768 2235 6678
767 2236 6677
766 2237 6676
765 2238 6675
764 2239 6674
763 2240 6673
762 2241 6672
761 2242 6671
760 2243 6670
759 2244 6669
758 2245 6668
757 2246 6667
756 2247 6666
755 2248 6665
754 2249 6664
753 2250 6663
752 2251 6662
751 2252 6661
750 2253 6660
749 2254 6659
748 2255 6658
747 2256 6657
746 2257 6656
745 2258 6655
744 2259 6654
743 2260 6653
742 2261 6652
741 2262 6651
740 2263 6650
739 2264 6649
738 2265 6648
737 2266 6647
736 2267 6646
735 2268 6645
734 2269 6644
733 2270 6643
732 2271 6642
731 2272 6641
730 2273 6640
729 2274 6639
728 2275 6638
727 2276 6637
726 2277 6636
725 2278 6635
724 2279 6634
723 2280 6633
722 2281 6632
721 2282 6631
720 2283 6630
719 2284 6629
718 2285 6628
717 2286 6627
716 2287 6626
715 2288 6625
714 2289 6624
713 2290 6623
712 2291 6622
711 2292 6621
710 2293 6620
709 2294 6619
708 2295 6618
707 2296 6617
706 2297 6616
705 2298 6615
704 2299 6614
703 2300 6613
702 2301 6612
701 2302 6611
700 2303 6610
699 2304 6609
698 2305 6608
697 2306 6607
696 2307 6606
695 2308 6605
694 2309 6604
693 2310 6603
692 2311 6602
691 2312 6601
690 2313 6600
689 2314 6599
688 2315 6598
687 2316 6597
686 2317 6596
685 2318 6595
684 2319 6594
683 2320 6593
682 2321 6592
681 2322 6591
680 2323 6590
679 2324 6589
678 2325 6588
677 2326 6587
676 2327 6586
675 2328 6585
674 2329 6584
673 2330 6583
672 2331 6582
671 2332 6581
670 2333 6580
669 2334 6579
668 2335 6578
667 2336 6577
666 2337 6576
665 2338 6575
664 2339 6574
663 2340 6573
662 2341 6572
661 2342 6571
660 2343 6570
659 2344 6569
658 2345 6568
657 2346 6567
656 2347 6566
655 2348 6565
654 2349 6564
653 2350 6563
652 2351 6562
651 2352 6561
650 2353 6560
649 2354 6559
648 2355 6558
647 2356 6557
646 2357 6556
645 2358 6555
644 2359 6554
643 2360 6553
642 2361 6552
641 2362 6551
640 2363 6550
639 2364 6549
638 2365 6548
637 2366 6547
636 2367 6546
635 2368 6545
634 2369 6544
633 2370 6543
632 2371 6542
631 2372 6541
630 2373 6540
629 2374 6539
628 2375 6538
627 2376 6537
626 2377 6536
625 2378 6535
624 2379 6534
623 2380 6533
622 2381 6532
621 2382 6531
620 2383 6530
619 2384 6529
618 2385 6528
617 2386 6527
616 2387 6526
615 2388 6525
614 2389 6524
613 2390 6523
612 2391 6522
611 2392 6521
610 2393 6520
609 2394 6519
608 2395 6518
607 2396 6517
606 2397 6516
605 2398 6515
604 2399 6514
603 2400 6513
602 2401 6512
601 2402 6511
600 2403 6510
599 2404 6509
598 2405 6508
597 2406 6507
596 2407 6506
595 2408 6505
594 2409 6504
593 2410 6503
592 2411 6502
591 2412 6501
590 2413 6500
589 2414 6499
588 2415 6498
587 2416 6497
586 2417 6496
585 2418 6495
584 2419 6494
583 2420 6493
582 2421 6492
581 2422 6491
580 2423 6490
579 2424 6489
578 2425 6488
577 2426 6487
576 2427 6486
575 2428 6485
574 2429 6484
573 2430 6483
572 2431 6482
571 2432 6481
570 2433 6480
569 2434 6479
568 2435 6478
567 2436 6477
566 2437 6476
565 2438 6475
564 2439 6474
563 2440 6473
562 2441 6472
561 2442 6471
560 2443 6470
559 2444 6469
558 2445 6468
557 2446 6467
556 2447 6466
555 2448 6465
554 2449 6464
553 2450 6463
552 2451 6462
551 2452 6461
550 2453 6460
549 2454 6459
548 2455 6458
547 2456 6457
546 2457 6456
545 2458 6455
544 2459 6454
543 2460 6453
542 2461 6452
541 2462 6451
540 2463 6450
539 2464 6449
538 2465 6448
537 2466 6447
536 2467 6446
535 2468 6445
534 2469 6444
533 2470 6443
532 2471 6442
531 2472 6441
530 2473 6440
529 2474 6439
528 2475 6438
527 2476 6437
526 2477 6436
525 2478 6435
524 2479 6434
523 2480 6433
522 2481 6432
521 2482 6431
520 2483 6430
519 2484 6429
518 2485 6428
517 2486 6427
516 2487 6426
515 2488 6425
514 2489 6424
513 2490 6423
512 2491 6422
511 2492 6421
510 2493 6420
509 2494 6419
508 2495 6418
507 2496 6417
506 2497 6416
505 2498 6415
504 2499 6414
503 2500 6413
502 2501 6412
501 2502 6411
500 2503 6410
499 2504 6409
498 2505 6408
497 2506 6407
496 2507 6406
495 2508 6405
494 2509 6404
493 2510 6403
492 2511 6402
491 2512 6401
490 2513 6400
489 2514 6399
488 2515 6398
487 2516 6397
486 2517 6396
485 2518 6395
484 2519 6394
483 2520 6393
482 2521 6392
481 2522 6391
480 2523 6390
479 2524 6389
478 2525 6388
477 2526 6387
476 2527 6386
475 2528 6385
474 2529 6384
473 2530 6383
472 2531 6382
471 2532 6381
470 2533 6380
469 2534 6379
468 2535 6378
467 2536 6377
466 2537 6376
465 2538 6375
464 2539 6374
463 2540 6373
462 2541 6372
461 2542 6371
460 2543 6370
459 2544 6369
458 2545 6368
457 2546 6367
456 2547 6366
455 2548 6365
454 2549 6364
453 2550 6363
452 2551 6362
451 2552 6361
450 2553 6360
449 2554 6359
448 2555 6358
447 2556 6357
446 2557 6356
445 2558 6355
444 2559 6354
443 2560 6353
442 2561 6352
441 2562 6351
440 2563 6350
439 2564 6349
438 2565 6348
437 2566 6347
436 2567 6346
435 2568 6345
434 2569 6344
433 2570 6343
432 2571 6342
431 2572 6341
430 2573 6340
429 2574 6339
428 2575 6338
427 2576 6337
426 2577 6336
425 2578 6335
424 2579 6334
423 2580 6333
422 2581 6332
421 2582 6331
420 2583 6330
419 2584 6329
418 2585 6328
417 2586 6327
416 2587 6326
415 2588 6325
414 2589 6324
413 2590 6323
412 2591 6322
411 2592 6321
410 2593 6320
409 2594 6319
408 2595 6318
407 2596 6317
406 2597 6316
405 2598 6315
404 2599 6314
403 2600 6313
402 2601 6312
401 2602 6311
400 2603 6310
399 2604 6309
398 2605 6308
397 2606 6307
396 2607 6306
395 2608 6305
394 2609 6304
393 2610 6303
392 2611 6302
391 2612 6301
390 2613 6300
389 2614 6299
388 2615 6298
387 2616 6297
386 2617 6296
385 2618 6295
384 2619 6294
383 2620 6293
382 2621 6292
381 2622 6291
380 2623 6290
379 2624 6289
378 2625 6288
377 2626 6287
376 2627 6286
375 2628 6285
374 2629 6284
373 2630 6283
372 2631 6282
371 2632 6281
370 2633 6280
369 2634 6279
368 2635 6278
367 2636 6277
366 2637 6276
365 2638 6275
364 2639 6274
363 2640 6273
362 2641 6272
361 2642 6271
360 2643 6270
359 2644 6269
358 2645 6268
357 2646 6267
356 2647 6266
355 2648 6265
354 2649 6264
353 2650 6263
352 2651 6262
351 2652 6261
350 2653 6260
349 2654 6259
348 2655 6258
347 2656 6257
346 2657 6256
345 2658 6255
344 2659 6254
343 2660 6253
342 2661 6252
341 2662 6251
340 2663 6250
339 2664 6249
338 2665 6248
337 2666 6247
336 2667 6246
335 2668 6245
334 2669 6244
333 2670 6243
332 2671 6242
331 2672 6241
330 2673 6240
329 2674 6239
328 2675 6238
327 2676 6237
326 2677 6236
325 2678 6235
324 2679 6234
323 2680 6233
322 2681 6232
321 2682 6231
320 2683 6230
319 2684 6229
318 2685 6228
317 2686 6227
316 2687 6226
315 2688 6225
314 2689 6224
313 2690 6223
312 2691 6222
311 2692 6221
310 2693 6220
309 2694 6219
308 2695 6218
307 2696 6217
306 2697 6216
305 2698 6215
304 2699 6214
303 2700 6213
302 2701 6212
301 2702 6211
300 2703 6210
299 2704 6209
298 2705 6208
297 2706 6207
296 2707 6206
295 2708 6205
294 2709 6204
293 2710 6203
292 2711 6202
291 2712 6201
290 2713 6200
289 2714 6199
288 2715 6198
287 2716 6197
286 2717 6196
285 2718 6195
284 2719 6194
283 2720 6193
282 2721 6192
281 2722 6191
280 2723 6190
279 2724 6189
278 2725 6188
277 2726 6187
276 2727 6186
275 2728 6185
274 2729 6184
273 2730 6183
272 2731 6182
271 2732 6181
270 2733 6180
269 2734 6179
268 2735 6178
267 2736 6177
266 2737 6176
265 2738 6175
264 2739 6174
263 2740 6173
262 2741 6172
261 2742 6171
260 2743 6170
259 2744 6169
258 2745 6168
257 2746 6167
256 2747 6166
255 2748 6165
254 2749 6164
253 2750 6163
252 2751 6162
251 2752 6161
250 2753 6160
249 2754 6159
248 2755 6158
247 2756 6157
246 2757 6156
245 2758 6155
244 2759 6154
243 2760 6153
242 2761 6152
241 2762 6151
240 2763 6150
239 2764 6149
238 2765 6148
237 2766 6147
236 2767 6146
235 2768 6145
234 2769 6144
233 2770 6143
232 2771 6142
231 2772 6141
230 2773 6140
229 2774 6139
228 2775 6138
227 2776 6137
226 2777 6136
225 2778 6135
224 2779 6134
223 2780 6133
222 2781 6132
221 2782 6131
220 2783 6130
219 2784 6129
218 2785 6128
217 2786 6127
216 2787 6126
215 2788 6125
214 2789 6124
213 2790 6123
212 2791 6122
211 2792 6121
210 2793 6120
209 2794 6119
208 2795 6118
207 2796 6117
206 2797 6116
205 2798 6115
204 2799 6114
203 2800 6113
202 2801 6112
201 2802 6111
200 2803 6110
199 2804 6109
198 2805 6108
197 2806 6107
196 2807 6106
195 2808 6105
194 2809 6104
193 2810 6103
192 2811 6102
191 2812 6101
190 2813 6100
189 2814 6099
188 2815 6098
187 2816 6097
186 2817 6096
185 2818 6095
184 2819 6094
183 2820 6093
182 2821 6092
181 2822 6091
180 2823 6090
179 2824 6089
178 2825 6088
177 2826 6087
176 2827 6086
175 2828 6085
174 2829 6084
173 2830 6083
172 2831 6082
171 2832 6081
170 2833 6080
169 2834 6079
168 2835 6078
167 2836 6077
166 2837 6076
165 2838 6075
164 2839 6074
163 2840 6073
162 2841 6072
161 2842 6071
160 2843 6070
159 2844 6069
158 2845 6068
157 2846 6067
156 2847 6066
155 2848 6065
154 2849 6064
153 2850 6063
152 2851 6062
151 2852 6061
150 2853 6060
149 2854 6059
148 2855 6058
147 2856 6057
146 2857 6056
145 2858 6055
144 2859 6054
143 2860 6053
142 2861 6052
141 2862 6051
140 2863 6050
139 2864 6049
138 2865 6048
137 2866 6047
136 2867 6046
135 2868 6045
134 2869 6044
133 2870 6043
132 2871 6042
131 2872 6041
130 2873 6040
129 2874 6039
128 2875 6038
127 2876 6037
126 2877 6036
125 2878 6035
124 2879 6034
123 2880 6033
122 2881 6032
121 2882 6031
120 2883 6030
119 2884 6029
118 2885 6028
117 2886 6027
116 2887 6026
115 2888 6025
114 2889 6024
113 2890 6023
112 2891 6022
111 2892 6021
110 2893 6020
109 2894 6019
108 2895 6018
107 2896 6017
106 2897 6016
105 2898 6015
104 2899 6014
103 2900 6013
102 2901 6012
101 2902 6011
100 2903 6010
99 2904 6009
98 2905 6008
97 2906 6007
96 2907 6006
95 2908 6005
94 2909 6004
93 2910 6003
92 2911 6002
91 2912 6001
