1443
3000 3 7443
2999 4 7442
2998 5 7441
2997 6 7440
2996 7 7439
2995 8 7438
2994 9 7437
2993 10 7436
2992 11 7435
2991 12 7434
2990 13 7433
2989 14 7432
2988 15 7431
2987 16 7430
2986 17 7429
2985 18 7428
2984 19 7427
2983 20 7426
2982 21 7425
2981 22 7424
2980 23 7423
2979 24 7422
2978 25 7421
2977 26 7420
2976 27 7419
2975 28 7418
2974 29 7417
2973 30 7416
2972 31 7415
2971 32 7414
2970 33 7413
2969 34 7412
2968 35 7411
2967 36 7410
2966 37 7409
2965 38 7408
2964 39 7407
2963 40 7406
2962 41 7405
2961 42 7404
2960 43 7403
2959 44 7402
2958 45 7401
2957 46 7400
2956 47 7399
2955 48 7398
2954 49 7397
2953 50 7396
2952 51 7395
2951 52 7394
2950 53 7393
2949 54 7392
2948 55 7391
2947 56 7390
2946 57 7389
2945 58 7388
2944 59 7387
2943 60 7386
2942 61 7385
2941 62 7384
2940 63 7383
2939 64 7382
2938 65 7381
2937 66 7380
2936 67 7379
2935 68 7378
2934 69 7377
2933 70 7376
2932 71 7375
2931 72 7374
2930 73 7373
2929 74 7372
2928 75 7371
2927 76 7370
2926 77 7369
2925 78 7368
2924 79 7367
2923 80 7366
2922 81 7365
2921 82 7364
2920 83 7363
2919 84 7362
2918 85 7361
2917 86 7360
2916 87 7359
2915 88 7358
2914 89 7357
2913 90 7356
2912 91 7355
2911 92 7354
2910 93 7353
2909 94 7352
2908 95 7351
2907 96 7350
2906 97 7349
2905 98 7348
2904 99 7347
2903 100 7346
2902 101 7345
2901 102 7344
2900 103 7343
2899 104 7342
2898 105 7341
2897 106 7340
2896 107 7339
2895 108 7338
2894 109 7337
2893 110 7336
2892 111 7335
2891 112 7334
2890 113 7333
2889 114 7332
2888 115 7331
2887 116 7330
2886 117 7329
2885 118 7328
2884 119 7327
2883 120 7326
2882 121 7325
2881 122 7324
2880 123 7323
2879 124 7322
2878 125 7321
2877 126 7320
2876 127 7319
2875 128 7318
2874 129 7317
2873 130 7316
2872 131 7315
2871 132 7314
2870 133 7313
2869 134 7312
2868 135 7311
2867 136 7310
2866 137 7309
2865 138 7308
2864 139 7307
2863 140 7306
2862 141 7305
2861 142 7304
2860 143 7303
2859 144 7302
2858 145 7301
2857 146 7300
2856 147 7299
2855 148 7298
2854 149 7297
2853 150 7296
2852 151 7295
2851 152 7294
2850 153 7293
2849 154 7292
2848 155 7291
2847 156 7290
2846 157 7289
2845 158 7288
2844 159 7287
2843 160 7286
2842 161 7285
2841 162 7284
2840 163 7283
2839 164 7282
2838 165 7281
2837 166 7280
2836 167 7279
2835 168 7278
2834 169 7277
2833 170 7276
2832 171 7275
2831 172 7274
2830 173 7273
2829 174 7272
2828 175 7271
2827 176 7270
2826 177 7269
2825 178 7268
2824 179 7267
2823 180 7266
2822 181 7265
2821 182 7264
2820 183 7263
2819 184 7262
2818 185 7261
2817 186 7260
2816 187 7259
2815 188 7258
2814 189 7257
2813 190 7256
2812 191 7255
2811 192 7254
2810 193 7253
2809 194 7252
2808 195 7251
2807 196 7250
2806 197 7249
2805 198 7248
2804 199 7247
2803 200 7246
2802 201 7245
2801 202 7244
2800 203 7243
2799 204 7242
2798 205 7241
2797 206 7240
2796 207 7239
2795 208 7238
2794 209 7237
2793 210 7236
2792 211 7235
2791 212 7234
2790 213 7233
2789 214 7232
2788 215 7231
2787 216 7230
2786 217 7229
2785 218 7228
2784 219 7227
2783 220 7226
2782 221 7225
2781 222 7224
2780 223 7223
2779 224 7222
2778 225 7221
2777 226 7220
2776 227 7219
2775 228 7218
2774 229 7217
2773 230 7216
2772 231 7215
2771 232 7214
2770 233 7213
2769 234 7212
2768 235 7211
2767 236 7210
2766 237 7209
2765 238 7208
2764 239 7207
2763 240 7206
2762 241 7205
2761 242 7204
2760 243 7203
2759 244 7202
2758 245 7201
2757 246 7200
2756 247 7199
2755 248 7198
2754 249 7197
2753 250 7196
2752 251 7195
2751 252 7194
2750 253 7193
2749 254 7192
2748 255 7191
2747 256 7190
2746 257 7189
2745 258 7188
2744 259 7187
2743 260 7186
2742 261 7185
2741 262 7184
2740 263 7183
2739 264 7182
2738 265 7181
2737 266 7180
2736 267 7179
2735 268 7178
2734 269 7177
2733 270 7176
2732 271 7175
2731 272 7174
2730 273 7173
2729 274 7172
2728 275 7171
2727 276 7170
2726 277 7169
2725 278 7168
2724 279 7167
2723 280 7166
2722 281 7165
2721 282 7164
2720 283 7163
2719 284 7162
2718 285 7161
2717 286 7160
2716 287 7159
2715 288 7158
2714 289 7157
2713 290 7156
2712 291 7155
2711 292 7154
2710 293 7153
2709 294 7152
2708 295 7151
2707 296 7150
2706 297 7149
2705 298 7148
2704 299 7147
2703 300 7146
2702 301 7145
2701 302 7144
2700 303 7143
2699 304 7142
2698 305 7141
2697 306 7140
2696 307 7139
2695 308 7138
2694 309 7137
2693 310 7136
2692 311 7135
2691 312 7134
2690 313 7133
2689 314 7132
2688 315 7131
2687 316 7130
2686 317 7129
2685 318 7128
2684 319 7127
2683 320 7126
2682 321 7125
2681 322 7124
2680 323 7123
2679 324 7122
2678 325 7121
2677 326 7120
2676 327 7119
2675 328 7118
2674 329 7117
2673 330 7116
2672 331 7115
2671 332 7114
2670 333 7113
2669 334 7112
2668 335 7111
2667 336 7110
2666 337 7109
2665 338 7108
2664 339 7107
2663 340 7106
2662 341 7105
2661 342 7104
2660 343 7103
2659 344 7102
2658 345 7101
2657 346 7100
2656 347 7099
2655 348 7098
2654 349 7097
2653 350 7096
2652 351 7095
2651 352 7094
2650 353 7093
2649 354 7092
2648 355 7091
2647 356 7090
2646 357 7089
2645 358 7088
2644 359 7087
2643 360 7086
2642 361 7085
2641 362 7084
2640 363 7083
2639 364 7082
2638 365 7081
2637 366 7080
2636 367 7079
2635 368 7078
2634 369 7077
2633 370 7076
2632 371 7075
2631 372 7074
2630 373 7073
2629 374 7072
2628 375 7071
2627 376 7070
2626 377 7069
2625 378 7068
2624 379 7067
2623 380 7066
2622 381 7065
2621 382 7064
2620 383 7063
2619 384 7062
2618 385 7061
2617 386 7060
2616 387 7059
2615 388 7058
2614 389 7057
2613 390 7056
2612 391 7055
2611 392 7054
2610 393 7053
2609 394 7052
2608 395 7051
2607 396 7050
2606 397 7049
2605 398 7048
2604 399 7047
2603 400 7046
2602 401 7045
2601 402 7044
2600 403 7043
2599 404 7042
2598 405 7041
2597 406 7040
2596 407 7039
2595 408 7038
2594 409 7037
2593 410 7036
2592 411 7035
2591 412 7034
2590 413 7033
2589 414 7032
2588 415 7031
2587 416 7030
2586 417 7029
2585 418 7028
2584 419 7027
2583 420 7026
2582 421 7025
2581 422 7024
2580 423 7023
2579 424 7022
2578 425 7021
2577 426 7020
2576 427 7019
2575 428 7018
2574 429 7017
2573 430 7016
2572 431 7015
2571 432 7014
2570 433 7013
2569 434 7012
2568 435 7011
2567 436 7010
2566 437 7009
2565 438 7008
2564 439 7007
2563 440 7006
2562 441 7005
2561 442 7004
2560 443 7003
2559 444 7002
2558 445 7001
2557 446 7000
2556 447 6999
2555 448 6998
2554 449 6997
2553 450 6996
2552 451 6995
2551 452 6994
2550 453 6993
2549 454 6992
2548 455 6991
2547 456 6990
2546 457 6989
2545 458 6988
2544 459 6987
2543 460 6986
2542 461 6985
2541 462 6984
2540 463 6983
2539 464 6982
2538 465 6981
2537 466 6980
2536 467 6979
2535 468 6978
2534 469 6977
2533 470 6976
2532 471 6975
2531 472 6974
2530 473 6973
2529 474 6972
2528 475 6971
2527 476 6970
2526 477 6969
2525 478 6968
2524 479 6967
2523 480 6966
2522 481 6965
2521 482 6964
2520 483 6963
2519 484 6962
2518 485 6961
2517 486 6960
2516 487 6959
2515 488 6958
2514 489 6957
2513 490 6956
2512 491 6955
2511 492 6954
2510 493 6953
2509 494 6952
2508 495 6951
2507 496 6950
2506 497 6949
2505 498 6948
2504 499 6947
2503 500 6946
2502 501 6945
2501 502 6944
2500 503 6943
2499 504 6942
2498 505 6941
2497 506 6940
2496 507 6939
2495 508 6938
2494 509 6937
2493 510 6936
2492 511 6935
2491 512 6934
2490 513 6933
2489 514 6932
2488 515 6931
2487 516 6930
2486 517 6929
2485 518 6928
2484 519 6927
2483 520 6926
2482 521 6925
2481 522 6924
2480 523 6923
2479 524 6922
2478 525 6921
2477 526 6920
2476 527 6919
2475 528 6918
2474 529 6917
2473 530 6916
2472 531 6915
2471 532 6914
2470 533 6913
2469 534 6912
2468 535 6911
2467 536 6910
2466 537 6909
2465 538 6908
2464 539 6907
2463 540 6906
2462 541 6905
2461 542 6904
2460 543 6903
2459 544 6902
2458 545 6901
2457 546 6900
2456 547 6899
2455 548 6898
2454 549 6897
2453 550 6896
2452 551 6895
2451 552 6894
2450 553 6893
2449 554 6892
2448 555 6891
2447 556 6890
2446 557 6889
2445 558 6888
2444 559 6887
2443 560 6886
2442 561 6885
2441 562 6884
2440 563 6883
2439 564 6882
2438 565 6881
2437 566 6880
2436 567 6879
2435 568 6878
2434 569 6877
2433 570 6876
2432 571 6875
2431 572 6874
2430 573 6873
2429 574 6872
2428 575 6871
2427 576 6870
2426 577 6869
2425 578 6868
2424 579 6867
2423 580 6866
2422 581 6865
2421 582 6864
2420 583 6863
2419 584 6862
2418 585 6861
2417 586 6860
2416 587 6859
2415 588 6858
2414 589 6857
2413 590 6856
2412 591 6855
2411 592 6854
2410 593 6853
2409 594 6852
2408 595 6851
2407 596 6850
2406 597 6849
2405 598 6848
2404 599 6847
2403 600 6846
2402 601 6845
2401 602 6844
2400 603 6843
2399 604 6842
2398 605 6841
2397 606 6840
2396 607 6839
2395 608 6838
2394 609 6837
2393 610 6836
2392 611 6835
2391 612 6834
2390 613 6833
2389 614 6832
2388 615 6831
2387 616 6830
2386 617 6829
2385 618 6828
2384 619 6827
2383 620 6826
2382 621 6825
2381 622 6824
2380 623 6823
2379 624 6822
2378 625 6821
2377 626 6820
2376 627 6819
2375 628 6818
2374 629 6817
2373 630 6816
2372 631 6815
2371 632 6814
2370 633 6813
2369 634 6812
2368 635 6811
2367 636 6810
2366 637 6809
2365 638 6808
2364 639 6807
2363 640 6806
2362 641 6805
2361 642 6804
2360 643 6803
2359 644 6802
2358 645 6801
2357 646 6800
2356 647 6799
2355 648 6798
2354 649 6797
2353 650 6796
2352 651 6795
2351 652 6794
2350 653 6793
2349 654 6792
2348 655 6791
2347 656 6790
2346 657 6789
2345 658 6788
2344 659 6787
2343 660 6786
2342 661 6785
2341 662 6784
2340 663 6783
2339 664 6782
2338 665 6781
2337 666 6780
2336 667 6779
2335 668 6778
2334 669 6777
2333 670 6776
2332 671 6775
2331 672 6774
2330 673 6773
2329 674 6772
2328 675 6771
2327 676 6770
2326 677 6769
2325 678 6768
2324 679 6767
2323 680 6766
2322 681 6765
2321 682 6764
2320 683 6763
2319 684 6762
2318 685 6761
2317 686 6760
2316 687 6759
2315 688 6758
2314 689 6757
2313 690 6756
2312 691 6755
2311 692 6754
2310 693 6753
2309 694 6752
2308 695 6751
2307 696 6750
2306 697 6749
2305 698 6748
2304 699 6747
2303 700 6746
2302 701 6745
2301 702 6744
2300 703 6743
2299 704 6742
2298 705 6741
2297 706 6740
2296 707 6739
2295 708 6738
2294 709 6737
2293 710 6736
2292 711 6735
2291 712 6734
2290 713 6733
2289 714 6732
2288 715 6731
2287 716 6730
2286 717 6729
2285 718 6728
2284 719 6727
2283 720 6726
2282 721 6725
2281 722 6724
2280 723 6723
2279 724 6722
2278 725 6721
2277 726 6720
2276 727 6719
2275 728 6718
2274 729 6717
2273 730 6716
2272 731 6715
2271 732 6714
2270 733 6713
2269 734 6712
2268 735 6711
2267 736 6710
2266 737 6709
2265 738 6708
2264 739 6707
2263 740 6706
2262 741 6705
2261 742 6704
2260 743 6703
2259 744 6702
2258 745 6701
2257 746 6700
2256 747 6699
2255 748 6698
2254 749 6697
2253 750 6696
2252 751 6695
2251 752 6694
2250 753 6693
2249 754 6692
2248 755 6691
2247 756 6690
2246 757 6689
2245 758 6688
2244 759 6687
2243 760 6686
2242 761 6685
2241 762 6684
2240 763 6683
2239 764 6682
2238 765 6681
2237 766 6680
2236 767 6679
2235 768 6678
2234 769 6677
2233 770 6676
2232 771 6675
2231 772 6674
2230 773 6673
2229 774 6672
2228 775 6671
2227 776 6670
2226 777 6669
2225 778 6668
2224 779 6667
2223 780 6666
2222 781 6665
2221 782 6664
2220 783 6663
2219 784 6662
2218 785 6661
2217 786 6660
2216 787 6659
2215 788 6658
2214 789 6657
2213 790 6656
2212 791 6655
2211 792 6654
2210 793 6653
2209 794 6652
2208 795 6651
2207 796 6650
2206 797 6649
2205 798 6648
2204 799 6647
2203 800 6646
2202 801 6645
2201 802 6644
2200 803 6643
2199 804 6642
2198 805 6641
2197 806 6640
2196 807 6639
2195 808 6638
2194 809 6637
2193 810 6636
2192 811 6635
2191 812 6634
2190 813 6633
2189 814 6632
2188 815 6631
2187 816 6630
2186 817 6629
2185 818 6628
2184 819 6627
2183 820 6626
2182 821 6625
2181 822 6624
2180 823 6623
2179 824 6622
2178 825 6621
2177 826 6620
2176 827 6619
2175 828 6618
2174 829 6617
2173 830 6616
2172 831 6615
2171 832 6614
2170 833 6613
2169 834 6612
2168 835 6611
2167 836 6610
2166 837 6609
2165 838 6608
2164 839 6607
2163 840 6606
2162 841 6605
2161 842 6604
2160 843 6603
2159 844 6602
2158 845 6601
2157 846 6600
2156 847 6599
2155 848 6598
2154 849 6597
2153 850 6596
2152 851 6595
2151 852 6594
2150 853 6593
2149 854 6592
2148 855 6591
2147 856 6590
2146 857 6589
2145 858 6588
2144 859 6587
2143 860 6586
2142 861 6585
2141 862 6584
2140 863 6583
2139 864 6582
2138 865 6581
2137 866 6580
2136 867 6579
2135 868 6578
2134 869 6577
2133 870 6576
2132 871 6575
2131 872 6574
2130 873 6573
2129 874 6572
2128 875 6571
2127 876 6570
2126 877 6569
2125 878 6568
2124 879 6567
2123 880 6566
2122 881 6565
2121 882 6564
2120 883 6563
2119 884 6562
2118 885 6561
2117 886 6560
2116 887 6559
2115 888 6558
2114 889 6557
2113 890 6556
2112 891 6555
2111 892 6554
2110 893 6553
2109 894 6552
2108 895 6551
2107 896 6550
2106 897 6549
2105 898 6548
2104 899 6547
2103 900 6546
2102 901 6545
2101 902 6544
2100 903 6543
2099 904 6542
2098 905 6541
2097 906 6540
2096 907 6539
2095 908 6538
2094 909 6537
2093 910 6536
2092 911 6535
2091 912 6534
2090 913 6533
2089 914 6532
2088 915 6531
2087 916 6530
2086 917 6529
2085 918 6528
2084 919 6527
2083 920 6526
2082 921 6525
2081 922 6524
2080 923 6523
2079 924 6522
2078 925 6521
2077 926 6520
2076 927 6519
2075 928 6518
2074 929 6517
2073 930 6516
2072 931 6515
2071 932 6514
2070 933 6513
2069 934 6512
2068 935 6511
2067 936 6510
2066 937 6509
2065 938 6508
2064 939 6507
2063 940 6506
2062 941 6505
2061 942 6504
2060 943 6503
2059 944 6502
2058 945 6501
2057 946 6500
2056 947 6499
2055 948 6498
2054 949 6497
2053 950 6496
2052 951 6495
2051 952 6494
2050 953 6493
2049 954 6492
2048 955 6491
2047 956 6490
2046 957 6489
2045 958 6488
2044 959 6487
2043 960 6486
2042 961 6485
2041 962 6484
2040 963 6483
2039 964 6482
2038 965 6481
2037 966 6480
2036 967 6479
2035 968 6478
2034 969 6477
2033 970 6476
2032 971 6475
2031 972 6474
2030 973 6473
2029 974 6472
2028 975 6471
2027 976 6470
2026 977 6469
2025 978 6468
2024 979 6467
2023 980 6466
2022 981 6465
2021 982 6464
2020 983 6463
2019 984 6462
2018 985 6461
2017 986 6460
2016 987 6459
2015 988 6458
2014 989 6457
2013 990 6456
2012 991 6455
2011 992 6454
2010 993 6453
2009 994 6452
2008 995 6451
2007 996 6450
2006 997 6449
2005 998 6448
2004 999 6447
2003 1000 6446
2002 1001 6445
2001 1002 6444
2000 1003 6443
1999 1004 6442
1998 1005 6441
1997 1006 6440
1996 1007 6439
1995 1008 6438
1994 1009 6437
1993 1010 6436
1992 1011 6435
1991 1012 6434
1990 1013 6433
1989 1014 6432
1988 1015 6431
1987 1016 6430
1986 1017 6429
1985 1018 6428
1984 1019 6427
1983 1020 6426
1982 1021 6425
1981 1022 6424
1980 1023 6423
1979 1024 6422
1978 1025 6421
1977 1026 6420
1976 1027 6419
1975 1028 6418
1974 1029 6417
1973 1030 6416
1972 1031 6415
1971 1032 6414
1970 1033 6413
1969 1034 6412
1968 1035 6411
1967 1036 6410
1966 1037 6409
1965 1038 6408
1964 1039 6407
1963 1040 6406
1962 1041 6405
1961 1042 6404
1960 1043 6403
1959 1044 6402
1958 1045 6401
1957 1046 6400
1956 1047 6399
1955 1048 6398
1954 1049 6397
1953 1050 6396
1952 1051 6395
1951 1052 6394
1950 1053 6393
1949 1054 6392
1948 1055 6391
1947 1056 6390
1946 1057 6389
1945 1058 6388
1944 1059 6387
1943 1060 6386
1942 1061 6385
1941 1062 6384
1940 1063 6383
1939 1064 6382
1938 1065 6381
1937 1066 6380
1936 1067 6379
1935 1068 6378
1934 1069 6377
1933 1070 6376
1932 1071 6375
1931 1072 6374
1930 1073 6373
1929 1074 6372
1928 1075 6371
1927 1076 6370
1926 1077 6369
1925 1078 6368
1924 1079 6367
1923 1080 6366
1922 1081 6365
1921 1082 6364
1920 1083 6363
1919 1084 6362
1918 1085 6361
1917 1086 6360
1916 1087 6359
1915 1088 6358
1914 1089 6357
1913 1090 6356
1912 1091 6355
1911 1092 6354
1910 1093 6353
1909 1094 6352
1908 1095 6351
1907 1096 6350
1906 1097 6349
1905 1098 6348
1904 1099 6347
1903 1100 6346
1902 1101 6345
1901 1102 6344
1900 1103 6343
1899 1104 6342
1898 1105 6341
1897 1106 6340
1896 1107 6339
1895 1108 6338
1894 1109 6337
1893 1110 6336
1892 1111 6335
1891 1112 6334
1890 1113 6333
1889 1114 6332
1888 1115 6331
1887 1116 6330
1886 1117 6329
1885 1118 6328
1884 1119 6327
1883 1120 6326
1882 1121 6325
1881 1122 6324
1880 1123 6323
1879 1124 6322
1878 1125 6321
1877 1126 6320
1876 1127 6319
1875 1128 6318
1874 1129 6317
1873 1130 6316
1872 1131 6315
1871 1132 6314
1870 1133 6313
1869 1134 6312
1868 1135 6311
1867 1136 6310
1866 1137 6309
1865 1138 6308
1864 1139 6307
1863 1140 6306
1862 1141 6305
1861 1142 6304
1860 1143 6303
1859 1144 6302
1858 1145 6301
1857 1146 6300
1856 1147 6299
1855 1148 6298
1854 1149 6297
1853 1150 6296
1852 1151 6295
1851 1152 6294
1850 1153 6293
1849 1154 6292
1848 1155 6291
1847 1156 6290
1846 1157 6289
1845 1158 6288
1844 1159 6287
1843 1160 6286
1842 1161 6285
1841 1162 6284
1840 1163 6283
1839 1164 6282
1838 1165 6281
1837 1166 6280
1836 1167 6279
1835 1168 6278
1834 1169 6277
1833 1170 6276
1832 1171 6275
1831 1172 6274
1830 1173 6273
1829 1174 6272
1828 1175 6271
1827 1176 6270
1826 1177 6269
1825 1178 6268
1824 1179 6267
1823 1180 6266
1822 1181 6265
1821 1182 6264
1820 1183 6263
1819 1184 6262
1818 1185 6261
1817 1186 6260
1816 1187 6259
1815 1188 6258
1814 1189 6257
1813 1190 6256
1812 1191 6255
1811 1192 6254
1810 1193 6253
1809 1194 6252
1808 1195 6251
1807 1196 6250
1806 1197 6249
1805 1198 6248
1804 1199 6247
1803 1200 6246
1802 1201 6245
1801 1202 6244
1800 1203 6243
1799 1204 6242
1798 1205 6241
1797 1206 6240
1796 1207 6239
1795 1208 6238
1794 1209 6237
1793 1210 6236
1792 1211 6235
1791 1212 6234
1790 1213 6233
1789 1214 6232
1788 1215 6231
1787 1216 6230
1786 1217 6229
1785 1218 6228
1784 1219 6227
1783 1220 6226
1782 1221 6225
1781 1222 6224
1780 1223 6223
1779 1224 6222
1778 1225 6221
1777 1226 6220
1776 1227 6219
1775 1228 6218
1774 1229 6217
1773 1230 6216
1772 1231 6215
1771 1232 6214
1770 1233 6213
1769 1234 6212
1768 1235 6211
1767 1236 6210
1766 1237 6209
1765 1238 6208
1764 1239 6207
1763 1240 6206
1762 1241 6205
1761 1242 6204
1760 1243 6203
1759 1244 6202
1758 1245 6201
1757 1246 6200
1756 1247 6199
1755 1248 6198
1754 1249 6197
1753 1250 6196
1752 1251 6195
1751 1252 6194
1750 1253 6193
1749 1254 6192
1748 1255 6191
1747 1256 6190
1746 1257 6189
1745 1258 6188
1744 1259 6187
1743 1260 6186
1742 1261 6185
1741 1262 6184
1740 1263 6183
1739 1264 6182
1738 1265 6181
1737 1266 6180
1736 1267 6179
1735 1268 6178
1734 1269 6177
1733 1270 6176
1732 1271 6175
1731 1272 6174
1730 1273 6173
1729 1274 6172
1728 1275 6171
1727 1276 6170
1726 1277 6169
1725 1278 6168
1724 1279 6167
1723 1280 6166
1722 1281 6165
1721 1282 6164
1720 1283 6163
1719 1284 6162
1718 1285 6161
1717 1286 6160
1716 1287 6159
1715 1288 6158
1714 1289 6157
1713 1290 6156
1712 1291 6155
1711 1292 6154
1710 1293 6153
1709 1294 6152
1708 1295 6151
1707 1296 6150
1706 1297 6149
1705 1298 6148
1704 1299 6147
1703 1300 6146
1702 1301 6145
1701 1302 6144
1700 1303 6143
1699 1304 6142
1698 1305 6141
1697 1306 6140
1696 1307 6139
1695 1308 6138
1694 1309 6137
1693 1310 6136
1692 1311 6135
1691 1312 6134
1690 1313 6133
1689 1314 6132
1688 1315 6131
1687 1316 6130
1686 1317 6129
1685 1318 6128
1684 1319 6127
1683 1320 6126
1682 1321 6125
1681 1322 6124
1680 1323 6123
1679 1324 6122
1678 1325 6121
1677 1326 6120
1676 1327 6119
1675 1328 6118
1674 1329 6117
1673 1330 6116
1672 1331 6115
1671 1332 6114
1670 1333 6113
1669 1334 6112
1668 1335 6111
1667 1336 6110
1666 1337 6109
1665 1338 6108
1664 1339 6107
1663 1340 6106
1662 1341 6105
1661 1342 6104
1660 1343 6103
1659 1344 6102
1658 1345 6101
1657 1346 6100
1656 1347 6099
1655 1348 6098
1654 1349 6097
1653 1350 6096
1652 1351 6095
1651 1352 6094
1650 1353 6093
1649 1354 6092
1648 1355 6091
1647 1356 6090
1646 1357 6089
1645 1358 6088
1644 1359 6087
1643 1360 6086
1642 1361 6085
1641 1362 6084
1640 1363 6083
1639 1364 6082
1638 1365 6081
1637 1366 6080
1636 1367 6079
1635 1368 6078
1634 1369 6077
1633 1370 6076
1632 1371 6075
1631 1372 6074
1630 1373 6073
1629 1374 6072
1628 1375 6071
1627 1376 6070
1626 1377 6069
1625 1378 6068
1624 1379 6067
1623 1380 6066
1622 1381 6065
1621 1382 6064
1620 1383 6063
1619 1384 6062
1618 1385 6061
1617 1386 6060
1616 1387 6059
1615 1388 6058
1614 1389 6057
1613 1390 6056
1612 1391 6055
1611 1392 6054
1610 1393 6053
1609 1394 6052
1608 1395 6051
1607 1396 6050
1606 1397 6049
1605 1398 6048
1604 1399 6047
1603 1400 6046
1602 1401 6045
1601 1402 6044
1600 1403 6043
1599 1404 6042
1598 1405 6041
1597 1406 6040
1596 1407 6039
1595 1408 6038
1594 1409 6037
1593 1410 6036
1592 1411 6035
1591 1412 6034
1590 1413 6033
1589 1414 6032
1588 1415 6031
1587 1416 6030
1586 1417 6029
1585 1418 6028
1584 1419 6027
1583 1420 6026
1582 1421 6025
1581 1422 6024
1580 1423 6023
1579 1424 6022
1578 1425 6021
1577 1426 6020
1576 1427 6019
1575 1428 6018
1574 1429 6017
1573 1430 6016
1572 1431 6015
1571 1432 6014
1570 1433 6013
1569 1434 6012
1568 1435 6011
1567 1436 6010
1566 1437 6009
1565 1438 6008
1564 1439 6007
1563 1440 6006
1562 1441 6005
1561 1442 6004
1560 1443 6003
1559 1444 6002
1558 1445 6001
