1623
3000 3 7623
2999 4 7622
2998 5 7621
2997 6 7620
2996 7 7619
2995 8 7618
2994 9 7617
2993 10 7616
2992 11 7615
2991 12 7614
2990 13 7613
2989 14 7612
2988 15 7611
2987 16 7610
2986 17 7609
2985 18 7608
2984 19 7607
2983 20 7606
2982 21 7605
2981 22 7604
2980 23 7603
2979 24 7602
2978 25 7601
2977 26 7600
2976 27 7599
2975 28 7598
2974 29 7597
2973 30 7596
2972 31 7595
2971 32 7594
2970 33 7593
2969 34 7592
2968 35 7591
2967 36 7590
2966 37 7589
2965 38 7588
2964 39 7587
2963 40 7586
2962 41 7585
2961 42 7584
2960 43 7583
2959 44 7582
2958 45 7581
2957 46 7580
2956 47 7579
2955 48 7578
2954 49 7577
2953 50 7576
2952 51 7575
2951 52 7574
2950 53 7573
2949 54 7572
2948 55 7571
2947 56 7570
2946 57 7569
2945 58 7568
2944 59 7567
2943 60 7566
2942 61 7565
2941 62 7564
2940 63 7563
2939 64 7562
2938 65 7561
2937 66 7560
2936 67 7559
2935 68 7558
2934 69 7557
2933 70 7556
2932 71 7555
2931 72 7554
2930 73 7553
2929 74 7552
2928 75 7551
2927 76 7550
2926 77 7549
2925 78 7548
2924 79 7547
2923 80 7546
2922 81 7545
2921 82 7544
2920 83 7543
2919 84 7542
2918 85 7541
2917 86 7540
2916 87 7539
2915 88 7538
2914 89 7537
2913 90 7536
2912 91 7535
2911 92 7534
2910 93 7533
2909 94 7532
2908 95 7531
2907 96 7530
2906 97 7529
2905 98 7528
2904 99 7527
2903 100 7526
2902 101 7525
2901 102 7524
2900 103 7523
2899 104 7522
2898 105 7521
2897 106 7520
2896 107 7519
2895 108 7518
2894 109 7517
2893 110 7516
2892 111 7515
2891 112 7514
2890 113 7513
2889 114 7512
2888 115 7511
2887 116 7510
2886 117 7509
2885 118 7508
2884 119 7507
2883 120 7506
2882 121 7505
2881 122 7504
2880 123 7503
2879 124 7502
2878 125 7501
2877 126 7500
2876 127 7499
2875 128 7498
2874 129 7497
2873 130 7496
2872 131 7495
2871 132 7494
2870 133 7493
2869 134 7492
2868 135 7491
2867 136 7490
2866 137 7489
2865 138 7488
2864 139 7487
2863 140 7486
2862 141 7485
2861 142 7484
2860 143 7483
2859 144 7482
2858 145 7481
2857 146 7480
2856 147 7479
2855 148 7478
2854 149 7477
2853 150 7476
2852 151 7475
2851 152 7474
2850 153 7473
2849 154 7472
2848 155 7471
2847 156 7470
2846 157 7469
2845 158 7468
2844 159 7467
2843 160 7466
2842 161 7465
2841 162 7464
2840 163 7463
2839 164 7462
2838 165 7461
2837 166 7460
2836 167 7459
2835 168 7458
2834 169 7457
2833 170 7456
2832 171 7455
2831 172 7454
2830 173 7453
2829 174 7452
2828 175 7451
2827 176 7450
2826 177 7449
2825 178 7448
2824 179 7447
2823 180 7446
2822 181 7445
2821 182 7444
2820 183 7443
2819 184 7442
2818 185 7441
2817 186 7440
2816 187 7439
2815 188 7438
2814 189 7437
2813 190 7436
2812 191 7435
2811 192 7434
2810 193 7433
2809 194 7432
2808 195 7431
2807 196 7430
2806 197 7429
2805 198 7428
2804 199 7427
2803 200 7426
2802 201 7425
2801 202 7424
2800 203 7423
2799 204 7422
2798 205 7421
2797 206 7420
2796 207 7419
2795 208 7418
2794 209 7417
2793 210 7416
2792 211 7415
2791 212 7414
2790 213 7413
2789 214 7412
2788 215 7411
2787 216 7410
2786 217 7409
2785 218 7408
2784 219 7407
2783 220 7406
2782 221 7405
2781 222 7404
2780 223 7403
2779 224 7402
2778 225 7401
2777 226 7400
2776 227 7399
2775 228 7398
2774 229 7397
2773 230 7396
2772 231 7395
2771 232 7394
2770 233 7393
2769 234 7392
2768 235 7391
2767 236 7390
2766 237 7389
2765 238 7388
2764 239 7387
2763 240 7386
2762 241 7385
2761 242 7384
2760 243 7383
2759 244 7382
2758 245 7381
2757 246 7380
2756 247 7379
2755 248 7378
2754 249 7377
2753 250 7376
2752 251 7375
2751 252 7374
2750 253 7373
2749 254 7372
2748 255 7371
2747 256 7370
2746 257 7369
2745 258 7368
2744 259 7367
2743 260 7366
2742 261 7365
2741 262 7364
2740 263 7363
2739 264 7362
2738 265 7361
2737 266 7360
2736 267 7359
2735 268 7358
2734 269 7357
2733 270 7356
2732 271 7355
2731 272 7354
2730 273 7353
2729 274 7352
2728 275 7351
2727 276 7350
2726 277 7349
2725 278 7348
2724 279 7347
2723 280 7346
2722 281 7345
2721 282 7344
2720 283 7343
2719 284 7342
2718 285 7341
2717 286 7340
2716 287 7339
2715 288 7338
2714 289 7337
2713 290 7336
2712 291 7335
2711 292 7334
2710 293 7333
2709 294 7332
2708 295 7331
2707 296 7330
2706 297 7329
2705 298 7328
2704 299 7327
2703 300 7326
2702 301 7325
2701 302 7324
2700 303 7323
2699 304 7322
2698 305 7321
2697 306 7320
2696 307 7319
2695 308 7318
2694 309 7317
2693 310 7316
2692 311 7315
2691 312 7314
2690 313 7313
2689 314 7312
2688 315 7311
2687 316 7310
2686 317 7309
2685 318 7308
2684 319 7307
2683 320 7306
2682 321 7305
2681 322 7304
2680 323 7303
2679 324 7302
2678 325 7301
2677 326 7300
2676 327 7299
2675 328 7298
2674 329 7297
2673 330 7296
2672 331 7295
2671 332 7294
2670 333 7293
2669 334 7292
2668 335 7291
2667 336 7290
2666 337 7289
2665 338 7288
2664 339 7287
2663 340 7286
2662 341 7285
2661 342 7284
2660 343 7283
2659 344 7282
2658 345 7281
2657 346 7280
2656 347 7279
2655 348 7278
2654 349 7277
2653 350 7276
2652 351 7275
2651 352 7274
2650 353 7273
2649 354 7272
2648 355 7271
2647 356 7270
2646 357 7269
2645 358 7268
2644 359 7267
2643 360 7266
2642 361 7265
2641 362 7264
2640 363 7263
2639 364 7262
2638 365 7261
2637 366 7260
2636 367 7259
2635 368 7258
2634 369 7257
2633 370 7256
2632 371 7255
2631 372 7254
2630 373 7253
2629 374 7252
2628 375 7251
2627 376 7250
2626 377 7249
2625 378 7248
2624 379 7247
2623 380 7246
2622 381 7245
2621 382 7244
2620 383 7243
2619 384 7242
2618 385 7241
2617 386 7240
2616 387 7239
2615 388 7238
2614 389 7237
2613 390 7236
2612 391 7235
2611 392 7234
2610 393 7233
2609 394 7232
2608 395 7231
2607 396 7230
2606 397 7229
2605 398 7228
2604 399 7227
2603 400 7226
2602 401 7225
2601 402 7224
2600 403 7223
2599 404 7222
2598 405 7221
2597 406 7220
2596 407 7219
2595 408 7218
2594 409 7217
2593 410 7216
2592 411 7215
2591 412 7214
2590 413 7213
2589 414 7212
2588 415 7211
2587 416 7210
2586 417 7209
2585 418 7208
2584 419 7207
2583 420 7206
2582 421 7205
2581 422 7204
2580 423 7203
2579 424 7202
2578 425 7201
2577 426 7200
2576 427 7199
2575 428 7198
2574 429 7197
2573 430 7196
2572 431 7195
2571 432 7194
2570 433 7193
2569 434 7192
2568 435 7191
2567 436 7190
2566 437 7189
2565 438 7188
2564 439 7187
2563 440 7186
2562 441 7185
2561 442 7184
2560 443 7183
2559 444 7182
2558 445 7181
2557 446 7180
2556 447 7179
2555 448 7178
2554 449 7177
2553 450 7176
2552 451 7175
2551 452 7174
2550 453 7173
2549 454 7172
2548 455 7171
2547 456 7170
2546 457 7169
2545 458 7168
2544 459 7167
2543 460 7166
2542 461 7165
2541 462 7164
2540 463 7163
2539 464 7162
2538 465 7161
2537 466 7160
2536 467 7159
2535 468 7158
2534 469 7157
2533 470 7156
2532 471 7155
2531 472 7154
2530 473 7153
2529 474 7152
2528 475 7151
2527 476 7150
2526 477 7149
2525 478 7148
2524 479 7147
2523 480 7146
2522 481 7145
2521 482 7144
2520 483 7143
2519 484 7142
2518 485 7141
2517 486 7140
2516 487 7139
2515 488 7138
2514 489 7137
2513 490 7136
2512 491 7135
2511 492 7134
2510 493 7133
2509 494 7132
2508 495 7131
2507 496 7130
2506 497 7129
2505 498 7128
2504 499 7127
2503 500 7126
2502 501 7125
2501 502 7124
2500 503 7123
2499 504 7122
2498 505 7121
2497 506 7120
2496 507 7119
2495 508 7118
2494 509 7117
2493 510 7116
2492 511 7115
2491 512 7114
2490 513 7113
2489 514 7112
2488 515 7111
2487 516 7110
2486 517 7109
2485 518 7108
2484 519 7107
2483 520 7106
2482 521 7105
2481 522 7104
2480 523 7103
2479 524 7102
2478 525 7101
2477 526 7100
2476 527 7099
2475 528 7098
2474 529 7097
2473 530 7096
2472 531 7095
2471 532 7094
2470 533 7093
2469 534 7092
2468 535 7091
2467 536 7090
2466 537 7089
2465 538 7088
2464 539 7087
2463 540 7086
2462 541 7085
2461 542 7084
2460 543 7083
2459 544 7082
2458 545 7081
2457 546 7080
2456 547 7079
2455 548 7078
2454 549 7077
2453 550 7076
2452 551 7075
2451 552 7074
2450 553 7073
2449 554 7072
2448 555 7071
2447 556 7070
2446 557 7069
2445 558 7068
2444 559 7067
2443 560 7066
2442 561 7065
2441 562 7064
2440 563 7063
2439 564 7062
2438 565 7061
2437 566 7060
2436 567 7059
2435 568 7058
2434 569 7057
2433 570 7056
2432 571 7055
2431 572 7054
2430 573 7053
2429 574 7052
2428 575 7051
2427 576 7050
2426 577 7049
2425 578 7048
2424 579 7047
2423 580 7046
2422 581 7045
2421 582 7044
2420 583 7043
2419 584 7042
2418 585 7041
2417 586 7040
2416 587 7039
2415 588 7038
2414 589 7037
2413 590 7036
2412 591 7035
2411 592 7034
2410 593 7033
2409 594 7032
2408 595 7031
2407 596 7030
2406 597 7029
2405 598 7028
2404 599 7027
2403 600 7026
2402 601 7025
2401 602 7024
2400 603 7023
2399 604 7022
2398 605 7021
2397 606 7020
2396 607 7019
2395 608 7018
2394 609 7017
2393 610 7016
2392 611 7015
2391 612 7014
2390 613 7013
2389 614 7012
2388 615 7011
2387 616 7010
2386 617 7009
2385 618 7008
2384 619 7007
2383 620 7006
2382 621 7005
2381 622 7004
2380 623 7003
2379 624 7002
2378 625 7001
2377 626 7000
2376 627 6999
2375 628 6998
2374 629 6997
2373 630 6996
2372 631 6995
2371 632 6994
2370 633 6993
2369 634 6992
2368 635 6991
2367 636 6990
2366 637 6989
2365 638 6988
2364 639 6987
2363 640 6986
2362 641 6985
2361 642 6984
2360 643 6983
2359 644 6982
2358 645 6981
2357 646 6980
2356 647 6979
2355 648 6978
2354 649 6977
2353 650 6976
2352 651 6975
2351 652 6974
2350 653 6973
2349 654 6972
2348 655 6971
2347 656 6970
2346 657 6969
2345 658 6968
2344 659 6967
2343 660 6966
2342 661 6965
2341 662 6964
2340 663 6963
2339 664 6962
2338 665 6961
2337 666 6960
2336 667 6959
2335 668 6958
2334 669 6957
2333 670 6956
2332 671 6955
2331 672 6954
2330 673 6953
2329 674 6952
2328 675 6951
2327 676 6950
2326 677 6949
2325 678 6948
2324 679 6947
2323 680 6946
2322 681 6945
2321 682 6944
2320 683 6943
2319 684 6942
2318 685 6941
2317 686 6940
2316 687 6939
2315 688 6938
2314 689 6937
2313 690 6936
2312 691 6935
2311 692 6934
2310 693 6933
2309 694 6932
2308 695 6931
2307 696 6930
2306 697 6929
2305 698 6928
2304 699 6927
2303 700 6926
2302 701 6925
2301 702 6924
2300 703 6923
2299 704 6922
2298 705 6921
2297 706 6920
2296 707 6919
2295 708 6918
2294 709 6917
2293 710 6916
2292 711 6915
2291 712 6914
2290 713 6913
2289 714 6912
2288 715 6911
2287 716 6910
2286 717 6909
2285 718 6908
2284 719 6907
2283 720 6906
2282 721 6905
2281 722 6904
2280 723 6903
2279 724 6902
2278 725 6901
2277 726 6900
2276 727 6899
2275 728 6898
2274 729 6897
2273 730 6896
2272 731 6895
2271 732 6894
2270 733 6893
2269 734 6892
2268 735 6891
2267 736 6890
2266 737 6889
2265 738 6888
2264 739 6887
2263 740 6886
2262 741 6885
2261 742 6884
2260 743 6883
2259 744 6882
2258 745 6881
2257 746 6880
2256 747 6879
2255 748 6878
2254 749 6877
2253 750 6876
2252 751 6875
2251 752 6874
2250 753 6873
2249 754 6872
2248 755 6871
2247 756 6870
2246 757 6869
2245 758 6868
2244 759 6867
2243 760 6866
2242 761 6865
2241 762 6864
2240 763 6863
2239 764 6862
2238 765 6861
2237 766 6860
2236 767 6859
2235 768 6858
2234 769 6857
2233 770 6856
2232 771 6855
2231 772 6854
2230 773 6853
2229 774 6852
2228 775 6851
2227 776 6850
2226 777 6849
2225 778 6848
2224 779 6847
2223 780 6846
2222 781 6845
2221 782 6844
2220 783 6843
2219 784 6842
2218 785 6841
2217 786 6840
2216 787 6839
2215 788 6838
2214 789 6837
2213 790 6836
2212 791 6835
2211 792 6834
2210 793 6833
2209 794 6832
2208 795 6831
2207 796 6830
2206 797 6829
2205 798 6828
2204 799 6827
2203 800 6826
2202 801 6825
2201 802 6824
2200 803 6823
2199 804 6822
2198 805 6821
2197 806 6820
2196 807 6819
2195 808 6818
2194 809 6817
2193 810 6816
2192 811 6815
2191 812 6814
2190 813 6813
2189 814 6812
2188 815 6811
2187 816 6810
2186 817 6809
2185 818 6808
2184 819 6807
2183 820 6806
2182 821 6805
2181 822 6804
2180 823 6803
2179 824 6802
2178 825 6801
2177 826 6800
2176 827 6799
2175 828 6798
2174 829 6797
2173 830 6796
2172 831 6795
2171 832 6794
2170 833 6793
2169 834 6792
2168 835 6791
2167 836 6790
2166 837 6789
2165 838 6788
2164 839 6787
2163 840 6786
2162 841 6785
2161 842 6784
2160 843 6783
2159 844 6782
2158 845 6781
2157 846 6780
2156 847 6779
2155 848 6778
2154 849 6777
2153 850 6776
2152 851 6775
2151 852 6774
2150 853 6773
2149 854 6772
2148 855 6771
2147 856 6770
2146 857 6769
2145 858 6768
2144 859 6767
2143 860 6766
2142 861 6765
2141 862 6764
2140 863 6763
2139 864 6762
2138 865 6761
2137 866 6760
2136 867 6759
2135 868 6758
2134 869 6757
2133 870 6756
2132 871 6755
2131 872 6754
2130 873 6753
2129 874 6752
2128 875 6751
2127 876 6750
2126 877 6749
2125 878 6748
2124 879 6747
2123 880 6746
2122 881 6745
2121 882 6744
2120 883 6743
2119 884 6742
2118 885 6741
2117 886 6740
2116 887 6739
2115 888 6738
2114 889 6737
2113 890 6736
2112 891 6735
2111 892 6734
2110 893 6733
2109 894 6732
2108 895 6731
2107 896 6730
2106 897 6729
2105 898 6728
2104 899 6727
2103 900 6726
2102 901 6725
2101 902 6724
2100 903 6723
2099 904 6722
2098 905 6721
2097 906 6720
2096 907 6719
2095 908 6718
2094 909 6717
2093 910 6716
2092 911 6715
2091 912 6714
2090 913 6713
2089 914 6712
2088 915 6711
2087 916 6710
2086 917 6709
2085 918 6708
2084 919 6707
2083 920 6706
2082 921 6705
2081 922 6704
2080 923 6703
2079 924 6702
2078 925 6701
2077 926 6700
2076 927 6699
2075 928 6698
2074 929 6697
2073 930 6696
2072 931 6695
2071 932 6694
2070 933 6693
2069 934 6692
2068 935 6691
2067 936 6690
2066 937 6689
2065 938 6688
2064 939 6687
2063 940 6686
2062 941 6685
2061 942 6684
2060 943 6683
2059 944 6682
2058 945 6681
2057 946 6680
2056 947 6679
2055 948 6678
2054 949 6677
2053 950 6676
2052 951 6675
2051 952 6674
2050 953 6673
2049 954 6672
2048 955 6671
2047 956 6670
2046 957 6669
2045 958 6668
2044 959 6667
2043 960 6666
2042 961 6665
2041 962 6664
2040 963 6663
2039 964 6662
2038 965 6661
2037 966 6660
2036 967 6659
2035 968 6658
2034 969 6657
2033 970 6656
2032 971 6655
2031 972 6654
2030 973 6653
2029 974 6652
2028 975 6651
2027 976 6650
2026 977 6649
2025 978 6648
2024 979 6647
2023 980 6646
2022 981 6645
2021 982 6644
2020 983 6643
2019 984 6642
2018 985 6641
2017 986 6640
2016 987 6639
2015 988 6638
2014 989 6637
2013 990 6636
2012 991 6635
2011 992 6634
2010 993 6633
2009 994 6632
2008 995 6631
2007 996 6630
2006 997 6629
2005 998 6628
2004 999 6627
2003 1000 6626
2002 1001 6625
2001 1002 6624
2000 1003 6623
1999 1004 6622
1998 1005 6621
1997 1006 6620
1996 1007 6619
1995 1008 6618
1994 1009 6617
1993 1010 6616
1992 1011 6615
1991 1012 6614
1990 1013 6613
1989 1014 6612
1988 1015 6611
1987 1016 6610
1986 1017 6609
1985 1018 6608
1984 1019 6607
1983 1020 6606
1982 1021 6605
1981 1022 6604
1980 1023 6603
1979 1024 6602
1978 1025 6601
1977 1026 6600
1976 1027 6599
1975 1028 6598
1974 1029 6597
1973 1030 6596
1972 1031 6595
1971 1032 6594
1970 1033 6593
1969 1034 6592
1968 1035 6591
1967 1036 6590
1966 1037 6589
1965 1038 6588
1964 1039 6587
1963 1040 6586
1962 1041 6585
1961 1042 6584
1960 1043 6583
1959 1044 6582
1958 1045 6581
1957 1046 6580
1956 1047 6579
1955 1048 6578
1954 1049 6577
1953 1050 6576
1952 1051 6575
1951 1052 6574
1950 1053 6573
1949 1054 6572
1948 1055 6571
1947 1056 6570
1946 1057 6569
1945 1058 6568
1944 1059 6567
1943 1060 6566
1942 1061 6565
1941 1062 6564
1940 1063 6563
1939 1064 6562
1938 1065 6561
1937 1066 6560
1936 1067 6559
1935 1068 6558
1934 1069 6557
1933 1070 6556
1932 1071 6555
1931 1072 6554
1930 1073 6553
1929 1074 6552
1928 1075 6551
1927 1076 6550
1926 1077 6549
1925 1078 6548
1924 1079 6547
1923 1080 6546
1922 1081 6545
1921 1082 6544
1920 1083 6543
1919 1084 6542
1918 1085 6541
1917 1086 6540
1916 1087 6539
1915 1088 6538
1914 1089 6537
1913 1090 6536
1912 1091 6535
1911 1092 6534
1910 1093 6533
1909 1094 6532
1908 1095 6531
1907 1096 6530
1906 1097 6529
1905 1098 6528
1904 1099 6527
1903 1100 6526
1902 1101 6525
1901 1102 6524
1900 1103 6523
1899 1104 6522
1898 1105 6521
1897 1106 6520
1896 1107 6519
1895 1108 6518
1894 1109 6517
1893 1110 6516
1892 1111 6515
1891 1112 6514
1890 1113 6513
1889 1114 6512
1888 1115 6511
1887 1116 6510
1886 1117 6509
1885 1118 6508
1884 1119 6507
1883 1120 6506
1882 1121 6505
1881 1122 6504
1880 1123 6503
1879 1124 6502
1878 1125 6501
1877 1126 6500
1876 1127 6499
1875 1128 6498
1874 1129 6497
1873 1130 6496
1872 1131 6495
1871 1132 6494
1870 1133 6493
1869 1134 6492
1868 1135 6491
1867 1136 6490
1866 1137 6489
1865 1138 6488
1864 1139 6487
1863 1140 6486
1862 1141 6485
1861 1142 6484
1860 1143 6483
1859 1144 6482
1858 1145 6481
1857 1146 6480
1856 1147 6479
1855 1148 6478
1854 1149 6477
1853 1150 6476
1852 1151 6475
1851 1152 6474
1850 1153 6473
1849 1154 6472
1848 1155 6471
1847 1156 6470
1846 1157 6469
1845 1158 6468
1844 1159 6467
1843 1160 6466
1842 1161 6465
1841 1162 6464
1840 1163 6463
1839 1164 6462
1838 1165 6461
1837 1166 6460
1836 1167 6459
1835 1168 6458
1834 1169 6457
1833 1170 6456
1832 1171 6455
1831 1172 6454
1830 1173 6453
1829 1174 6452
1828 1175 6451
1827 1176 6450
1826 1177 6449
1825 1178 6448
1824 1179 6447
1823 1180 6446
1822 1181 6445
1821 1182 6444
1820 1183 6443
1819 1184 6442
1818 1185 6441
1817 1186 6440
1816 1187 6439
1815 1188 6438
1814 1189 6437
1813 1190 6436
1812 1191 6435
1811 1192 6434
1810 1193 6433
1809 1194 6432
1808 1195 6431
1807 1196 6430
1806 1197 6429
1805 1198 6428
1804 1199 6427
1803 1200 6426
1802 1201 6425
1801 1202 6424
1800 1203 6423
1799 1204 6422
1798 1205 6421
1797 1206 6420
1796 1207 6419
1795 1208 6418
1794 1209 6417
1793 1210 6416
1792 1211 6415
1791 1212 6414
1790 1213 6413
1789 1214 6412
1788 1215 6411
1787 1216 6410
1786 1217 6409
1785 1218 6408
1784 1219 6407
1783 1220 6406
1782 1221 6405
1781 1222 6404
1780 1223 6403
1779 1224 6402
1778 1225 6401
1777 1226 6400
1776 1227 6399
1775 1228 6398
1774 1229 6397
1773 1230 6396
1772 1231 6395
1771 1232 6394
1770 1233 6393
1769 1234 6392
1768 1235 6391
1767 1236 6390
1766 1237 6389
1765 1238 6388
1764 1239 6387
1763 1240 6386
1762 1241 6385
1761 1242 6384
1760 1243 6383
1759 1244 6382
1758 1245 6381
1757 1246 6380
1756 1247 6379
1755 1248 6378
1754 1249 6377
1753 1250 6376
1752 1251 6375
1751 1252 6374
1750 1253 6373
1749 1254 6372
1748 1255 6371
1747 1256 6370
1746 1257 6369
1745 1258 6368
1744 1259 6367
1743 1260 6366
1742 1261 6365
1741 1262 6364
1740 1263 6363
1739 1264 6362
1738 1265 6361
1737 1266 6360
1736 1267 6359
1735 1268 6358
1734 1269 6357
1733 1270 6356
1732 1271 6355
1731 1272 6354
1730 1273 6353
1729 1274 6352
1728 1275 6351
1727 1276 6350
1726 1277 6349
1725 1278 6348
1724 1279 6347
1723 1280 6346
1722 1281 6345
1721 1282 6344
1720 1283 6343
1719 1284 6342
1718 1285 6341
1717 1286 6340
1716 1287 6339
1715 1288 6338
1714 1289 6337
1713 1290 6336
1712 1291 6335
1711 1292 6334
1710 1293 6333
1709 1294 6332
1708 1295 6331
1707 1296 6330
1706 1297 6329
1705 1298 6328
1704 1299 6327
1703 1300 6326
1702 1301 6325
1701 1302 6324
1700 1303 6323
1699 1304 6322
1698 1305 6321
1697 1306 6320
1696 1307 6319
1695 1308 6318
1694 1309 6317
1693 1310 6316
1692 1311 6315
1691 1312 6314
1690 1313 6313
1689 1314 6312
1688 1315 6311
1687 1316 6310
1686 1317 6309
1685 1318 6308
1684 1319 6307
1683 1320 6306
1682 1321 6305
1681 1322 6304
1680 1323 6303
1679 1324 6302
1678 1325 6301
1677 1326 6300
1676 1327 6299
1675 1328 6298
1674 1329 6297
1673 1330 6296
1672 1331 6295
1671 1332 6294
1670 1333 6293
1669 1334 6292
1668 1335 6291
1667 1336 6290
1666 1337 6289
1665 1338 6288
1664 1339 6287
1663 1340 6286
1662 1341 6285
1661 1342 6284
1660 1343 6283
1659 1344 6282
1658 1345 6281
1657 1346 6280
1656 1347 6279
1655 1348 6278
1654 1349 6277
1653 1350 6276
1652 1351 6275
1651 1352 6274
1650 1353 6273
1649 1354 6272
1648 1355 6271
1647 1356 6270
1646 1357 6269
1645 1358 6268
1644 1359 6267
1643 1360 6266
1642 1361 6265
1641 1362 6264
1640 1363 6263
1639 1364 6262
1638 1365 6261
1637 1366 6260
1636 1367 6259
1635 1368 6258
1634 1369 6257
1633 1370 6256
1632 1371 6255
1631 1372 6254
1630 1373 6253
1629 1374 6252
1628 1375 6251
1627 1376 6250
1626 1377 6249
1625 1378 6248
1624 1379 6247
1623 1380 6246
1622 1381 6245
1621 1382 6244
1620 1383 6243
1619 1384 6242
1618 1385 6241
1617 1386 6240
1616 1387 6239
1615 1388 6238
1614 1389 6237
1613 1390 6236
1612 1391 6235
1611 1392 6234
1610 1393 6233
1609 1394 6232
1608 1395 6231
1607 1396 6230
1606 1397 6229
1605 1398 6228
1604 1399 6227
1603 1400 6226
1602 1401 6225
1601 1402 6224
1600 1403 6223
1599 1404 6222
1598 1405 6221
1597 1406 6220
1596 1407 6219
1595 1408 6218
1594 1409 6217
1593 1410 6216
1592 1411 6215
1591 1412 6214
1590 1413 6213
1589 1414 6212
1588 1415 6211
1587 1416 6210
1586 1417 6209
1585 1418 6208
1584 1419 6207
1583 1420 6206
1582 1421 6205
1581 1422 6204
1580 1423 6203
1579 1424 6202
1578 1425 6201
1577 1426 6200
1576 1427 6199
1575 1428 6198
1574 1429 6197
1573 1430 6196
1572 1431 6195
1571 1432 6194
1570 1433 6193
1569 1434 6192
1568 1435 6191
1567 1436 6190
1566 1437 6189
1565 1438 6188
1564 1439 6187
1563 1440 6186
1562 1441 6185
1561 1442 6184
1560 1443 6183
1559 1444 6182
1558 1445 6181
1557 1446 6180
1556 1447 6179
1555 1448 6178
1554 1449 6177
1553 1450 6176
1552 1451 6175
1551 1452 6174
1550 1453 6173
1549 1454 6172
1548 1455 6171
1547 1456 6170
1546 1457 6169
1545 1458 6168
1544 1459 6167
1543 1460 6166
1542 1461 6165
1541 1462 6164
1540 1463 6163
1539 1464 6162
1538 1465 6161
1537 1466 6160
1536 1467 6159
1535 1468 6158
1534 1469 6157
1533 1470 6156
1532 1471 6155
1531 1472 6154
1530 1473 6153
1529 1474 6152
1528 1475 6151
1527 1476 6150
1526 1477 6149
1525 1478 6148
1524 1479 6147
1523 1480 6146
1522 1481 6145
1521 1482 6144
1520 1483 6143
1519 1484 6142
1518 1485 6141
1517 1486 6140
1516 1487 6139
1515 1488 6138
1514 1489 6137
1513 1490 6136
1512 1491 6135
1511 1492 6134
1510 1493 6133
1509 1494 6132
1508 1495 6131
1507 1496 6130
1506 1497 6129
1505 1498 6128
1504 1499 6127
1503 1500 6126
1502 1501 6125
1501 1502 6124
1500 1503 6123
1499 1504 6122
1498 1505 6121
1497 1506 6120
1496 1507 6119
1495 1508 6118
1494 1509 6117
1493 1510 6116
1492 1511 6115
1491 1512 6114
1490 1513 6113
1489 1514 6112
1488 1515 6111
1487 1516 6110
1486 1517 6109
1485 1518 6108
1484 1519 6107
1483 1520 6106
1482 1521 6105
1481 1522 6104
1480 1523 6103
1479 1524 6102
1478 1525 6101
1477 1526 6100
1476 1527 6099
1475 1528 6098
1474 1529 6097
1473 1530 6096
1472 1531 6095
1471 1532 6094
1470 1533 6093
1469 1534 6092
1468 1535 6091
1467 1536 6090
1466 1537 6089
1465 1538 6088
1464 1539 6087
1463 1540 6086
1462 1541 6085
1461 1542 6084
1460 1543 6083
1459 1544 6082
1458 1545 6081
1457 1546 6080
1456 1547 6079
1455 1548 6078
1454 1549 6077
1453 1550 6076
1452 1551 6075
1451 1552 6074
1450 1553 6073
1449 1554 6072
1448 1555 6071
1447 1556 6070
1446 1557 6069
1445 1558 6068
1444 1559 6067
1443 1560 6066
1442 1561 6065
1441 1562 6064
1440 1563 6063
1439 1564 6062
1438 1565 6061
1437 1566 6060
1436 1567 6059
1435 1568 6058
1434 1569 6057
1433 1570 6056
1432 1571 6055
1431 1572 6054
1430 1573 6053
1429 1574 6052
1428 1575 6051
1427 1576 6050
1426 1577 6049
1425 1578 6048
1424 1579 6047
1423 1580 6046
1422 1581 6045
1421 1582 6044
1420 1583 6043
1419 1584 6042
1418 1585 6041
1417 1586 6040
1416 1587 6039
1415 1588 6038
1414 1589 6037
1413 1590 6036
1412 1591 6035
1411 1592 6034
1410 1593 6033
1409 1594 6032
1408 1595 6031
1407 1596 6030
1406 1597 6029
1405 1598 6028
1404 1599 6027
1403 1600 6026
1402 1601 6025
1401 1602 6024
1400 1603 6023
1399 1604 6022
1398 1605 6021
1397 1606 6020
1396 1607 6019
1395 1608 6018
1394 1609 6017
1393 1610 6016
1392 1611 6015
1391 1612 6014
1390 1613 6013
1389 1614 6012
1388 1615 6011
1387 1616 6010
1386 1617 6009
1385 1618 6008
1384 1619 6007
1383 1620 6006
1382 1621 6005
1381 1622 6004
1380 1623 6003
1379 1624 6002
1378 1625 6001
