430
3000 3 6430
2999 4 6429
2998 5 6428
2997 6 6427
2996 7 6426
2995 8 6425
2994 9 6424
2993 10 6423
2992 11 6422
2991 12 6421
2990 13 6420
2989 14 6419
2988 15 6418
2987 16 6417
2986 17 6416
2985 18 6415
2984 19 6414
2983 20 6413
2982 21 6412
2981 22 6411
2980 23 6410
2979 24 6409
2978 25 6408
2977 26 6407
2976 27 6406
2975 28 6405
2974 29 6404
2973 30 6403
2972 31 6402
2971 32 6401
2970 33 6400
2969 34 6399
2968 35 6398
2967 36 6397
2966 37 6396
2965 38 6395
2964 39 6394
2963 40 6393
2962 41 6392
2961 42 6391
2960 43 6390
2959 44 6389
2958 45 6388
2957 46 6387
2956 47 6386
2955 48 6385
2954 49 6384
2953 50 6383
2952 51 6382
2951 52 6381
2950 53 6380
2949 54 6379
2948 55 6378
2947 56 6377
2946 57 6376
2945 58 6375
2944 59 6374
2943 60 6373
2942 61 6372
2941 62 6371
2940 63 6370
2939 64 6369
2938 65 6368
2937 66 6367
2936 67 6366
2935 68 6365
2934 69 6364
2933 70 6363
2932 71 6362
2931 72 6361
2930 73 6360
2929 74 6359
2928 75 6358
2927 76 6357
2926 77 6356
2925 78 6355
2924 79 6354
2923 80 6353
2922 81 6352
2921 82 6351
2920 83 6350
2919 84 6349
2918 85 6348
2917 86 6347
2916 87 6346
2915 88 6345
2914 89 6344
2913 90 6343
2912 91 6342
2911 92 6341
2910 93 6340
2909 94 6339
2908 95 6338
2907 96 6337
2906 97 6336
2905 98 6335
2904 99 6334
2903 100 6333
2902 101 6332
2901 102 6331
2900 103 6330
2899 104 6329
2898 105 6328
2897 106 6327
2896 107 6326
2895 108 6325
2894 109 6324
2893 110 6323
2892 111 6322
2891 112 6321
2890 113 6320
2889 114 6319
2888 115 6318
2887 116 6317
2886 117 6316
2885 118 6315
2884 119 6314
2883 120 6313
2882 121 6312
2881 122 6311
2880 123 6310
2879 124 6309
2878 125 6308
2877 126 6307
2876 127 6306
2875 128 6305
2874 129 6304
2873 130 6303
2872 131 6302
2871 132 6301
2870 133 6300
2869 134 6299
2868 135 6298
2867 136 6297
2866 137 6296
2865 138 6295
2864 139 6294
2863 140 6293
2862 141 6292
2861 142 6291
2860 143 6290
2859 144 6289
2858 145 6288
2857 146 6287
2856 147 6286
2855 148 6285
2854 149 6284
2853 150 6283
2852 151 6282
2851 152 6281
2850 153 6280
2849 154 6279
2848 155 6278
2847 156 6277
2846 157 6276
2845 158 6275
2844 159 6274
2843 160 6273
2842 161 6272
2841 162 6271
2840 163 6270
2839 164 6269
2838 165 6268
2837 166 6267
2836 167 6266
2835 168 6265
2834 169 6264
2833 170 6263
2832 171 6262
2831 172 6261
2830 173 6260
2829 174 6259
2828 175 6258
2827 176 6257
2826 177 6256
2825 178 6255
2824 179 6254
2823 180 6253
2822 181 6252
2821 182 6251
2820 183 6250
2819 184 6249
2818 185 6248
2817 186 6247
2816 187 6246
2815 188 6245
2814 189 6244
2813 190 6243
2812 191 6242
2811 192 6241
2810 193 6240
2809 194 6239
2808 195 6238
2807 196 6237
2806 197 6236
2805 198 6235
2804 199 6234
2803 200 6233
2802 201 6232
2801 202 6231
2800 203 6230
2799 204 6229
2798 205 6228
2797 206 6227
2796 207 6226
2795 208 6225
2794 209 6224
2793 210 6223
2792 211 6222
2791 212 6221
2790 213 6220
2789 214 6219
2788 215 6218
2787 216 6217
2786 217 6216
2785 218 6215
2784 219 6214
2783 220 6213
2782 221 6212
2781 222 6211
2780 223 6210
2779 224 6209
2778 225 6208
2777 226 6207
2776 227 6206
2775 228 6205
2774 229 6204
2773 230 6203
2772 231 6202
2771 232 6201
2770 233 6200
2769 234 6199
2768 235 6198
2767 236 6197
2766 237 6196
2765 238 6195
2764 239 6194
2763 240 6193
2762 241 6192
2761 242 6191
2760 243 6190
2759 244 6189
2758 245 6188
2757 246 6187
2756 247 6186
2755 248 6185
2754 249 6184
2753 250 6183
2752 251 6182
2751 252 6181
2750 253 6180
2749 254 6179
2748 255 6178
2747 256 6177
2746 257 6176
2745 258 6175
2744 259 6174
2743 260 6173
2742 261 6172
2741 262 6171
2740 263 6170
2739 264 6169
2738 265 6168
2737 266 6167
2736 267 6166
2735 268 6165
2734 269 6164
2733 270 6163
2732 271 6162
2731 272 6161
2730 273 6160
2729 274 6159
2728 275 6158
2727 276 6157
2726 277 6156
2725 278 6155
2724 279 6154
2723 280 6153
2722 281 6152
2721 282 6151
2720 283 6150
2719 284 6149
2718 285 6148
2717 286 6147
2716 287 6146
2715 288 6145
2714 289 6144
2713 290 6143
2712 291 6142
2711 292 6141
2710 293 6140
2709 294 6139
2708 295 6138
2707 296 6137
2706 297 6136
2705 298 6135
2704 299 6134
2703 300 6133
2702 301 6132
2701 302 6131
2700 303 6130
2699 304 6129
2698 305 6128
2697 306 6127
2696 307 6126
2695 308 6125
2694 309 6124
2693 310 6123
2692 311 6122
2691 312 6121
2690 313 6120
2689 314 6119
2688 315 6118
2687 316 6117
2686 317 6116
2685 318 6115
2684 319 6114
2683 320 6113
2682 321 6112
2681 322 6111
2680 323 6110
2679 324 6109
2678 325 6108
2677 326 6107
2676 327 6106
2675 328 6105
2674 329 6104
2673 330 6103
2672 331 6102
2671 332 6101
2670 333 6100
2669 334 6099
2668 335 6098
2667 336 6097
2666 337 6096
2665 338 6095
2664 339 6094
2663 340 6093
2662 341 6092
2661 342 6091
2660 343 6090
2659 344 6089
2658 345 6088
2657 346 6087
2656 347 6086
2655 348 6085
2654 349 6084
2653 350 6083
2652 351 6082
2651 352 6081
2650 353 6080
2649 354 6079
2648 355 6078
2647 356 6077
2646 357 6076
2645 358 6075
2644 359 6074
2643 360 6073
2642 361 6072
2641 362 6071
2640 363 6070
2639 364 6069
2638 365 6068
2637 366 6067
2636 367 6066
2635 368 6065
2634 369 6064
2633 370 6063
2632 371 6062
2631 372 6061
2630 373 6060
2629 374 6059
2628 375 6058
2627 376 6057
2626 377 6056
2625 378 6055
2624 379 6054
2623 380 6053
2622 381 6052
2621 382 6051
2620 383 6050
2619 384 6049
2618 385 6048
2617 386 6047
2616 387 6046
2615 388 6045
2614 389 6044
2613 390 6043
2612 391 6042
2611 392 6041
2610 393 6040
2609 394 6039
2608 395 6038
2607 396 6037
2606 397 6036
2605 398 6035
2604 399 6034
2603 400 6033
2602 401 6032
2601 402 6031
2600 403 6030
2599 404 6029
2598 405 6028
2597 406 6027
2596 407 6026
2595 408 6025
2594 409 6024
2593 410 6023
2592 411 6022
2591 412 6021
2590 413 6020
2589 414 6019
2588 415 6018
2587 416 6017
2586 417 6016
2585 418 6015
2584 419 6014
2583 420 6013
2582 421 6012
2581 422 6011
2580 423 6010
2579 424 6009
2578 425 6008
2577 426 6007
2576 427 6006
2575 428 6005
2574 429 6004
2573 430 6003
2572 431 6002
2571 432 6001
