2255
3000 3 8255
2999 4 8254
2998 5 8253
2997 6 8252
2996 7 8251
2995 8 8250
2994 9 8249
2993 10 8248
2992 11 8247
2991 12 8246
2990 13 8245
2989 14 8244
2988 15 8243
2987 16 8242
2986 17 8241
2985 18 8240
2984 19 8239
2983 20 8238
2982 21 8237
2981 22 8236
2980 23 8235
2979 24 8234
2978 25 8233
2977 26 8232
2976 27 8231
2975 28 8230
2974 29 8229
2973 30 8228
2972 31 8227
2971 32 8226
2970 33 8225
2969 34 8224
2968 35 8223
2967 36 8222
2966 37 8221
2965 38 8220
2964 39 8219
2963 40 8218
2962 41 8217
2961 42 8216
2960 43 8215
2959 44 8214
2958 45 8213
2957 46 8212
2956 47 8211
2955 48 8210
2954 49 8209
2953 50 8208
2952 51 8207
2951 52 8206
2950 53 8205
2949 54 8204
2948 55 8203
2947 56 8202
2946 57 8201
2945 58 8200
2944 59 8199
2943 60 8198
2942 61 8197
2941 62 8196
2940 63 8195
2939 64 8194
2938 65 8193
2937 66 8192
2936 67 8191
2935 68 8190
2934 69 8189
2933 70 8188
2932 71 8187
2931 72 8186
2930 73 8185
2929 74 8184
2928 75 8183
2927 76 8182
2926 77 8181
2925 78 8180
2924 79 8179
2923 80 8178
2922 81 8177
2921 82 8176
2920 83 8175
2919 84 8174
2918 85 8173
2917 86 8172
2916 87 8171
2915 88 8170
2914 89 8169
2913 90 8168
2912 91 8167
2911 92 8166
2910 93 8165
2909 94 8164
2908 95 8163
2907 96 8162
2906 97 8161
2905 98 8160
2904 99 8159
2903 100 8158
2902 101 8157
2901 102 8156
2900 103 8155
2899 104 8154
2898 105 8153
2897 106 8152
2896 107 8151
2895 108 8150
2894 109 8149
2893 110 8148
2892 111 8147
2891 112 8146
2890 113 8145
2889 114 8144
2888 115 8143
2887 116 8142
2886 117 8141
2885 118 8140
2884 119 8139
2883 120 8138
2882 121 8137
2881 122 8136
2880 123 8135
2879 124 8134
2878 125 8133
2877 126 8132
2876 127 8131
2875 128 8130
2874 129 8129
2873 130 8128
2872 131 8127
2871 132 8126
2870 133 8125
2869 134 8124
2868 135 8123
2867 136 8122
2866 137 8121
2865 138 8120
2864 139 8119
2863 140 8118
2862 141 8117
2861 142 8116
2860 143 8115
2859 144 8114
2858 145 8113
2857 146 8112
2856 147 8111
2855 148 8110
2854 149 8109
2853 150 8108
2852 151 8107
2851 152 8106
2850 153 8105
2849 154 8104
2848 155 8103
2847 156 8102
2846 157 8101
2845 158 8100
2844 159 8099
2843 160 8098
2842 161 8097
2841 162 8096
2840 163 8095
2839 164 8094
2838 165 8093
2837 166 8092
2836 167 8091
2835 168 8090
2834 169 8089
2833 170 8088
2832 171 8087
2831 172 8086
2830 173 8085
2829 174 8084
2828 175 8083
2827 176 8082
2826 177 8081
2825 178 8080
2824 179 8079
2823 180 8078
2822 181 8077
2821 182 8076
2820 183 8075
2819 184 8074
2818 185 8073
2817 186 8072
2816 187 8071
2815 188 8070
2814 189 8069
2813 190 8068
2812 191 8067
2811 192 8066
2810 193 8065
2809 194 8064
2808 195 8063
2807 196 8062
2806 197 8061
2805 198 8060
2804 199 8059
2803 200 8058
2802 201 8057
2801 202 8056
2800 203 8055
2799 204 8054
2798 205 8053
2797 206 8052
2796 207 8051
2795 208 8050
2794 209 8049
2793 210 8048
2792 211 8047
2791 212 8046
2790 213 8045
2789 214 8044
2788 215 8043
2787 216 8042
2786 217 8041
2785 218 8040
2784 219 8039
2783 220 8038
2782 221 8037
2781 222 8036
2780 223 8035
2779 224 8034
2778 225 8033
2777 226 8032
2776 227 8031
2775 228 8030
2774 229 8029
2773 230 8028
2772 231 8027
2771 232 8026
2770 233 8025
2769 234 8024
2768 235 8023
2767 236 8022
2766 237 8021
2765 238 8020
2764 239 8019
2763 240 8018
2762 241 8017
2761 242 8016
2760 243 8015
2759 244 8014
2758 245 8013
2757 246 8012
2756 247 8011
2755 248 8010
2754 249 8009
2753 250 8008
2752 251 8007
2751 252 8006
2750 253 8005
2749 254 8004
2748 255 8003
2747 256 8002
2746 257 8001
2745 258 8000
2744 259 7999
2743 260 7998
2742 261 7997
2741 262 7996
2740 263 7995
2739 264 7994
2738 265 7993
2737 266 7992
2736 267 7991
2735 268 7990
2734 269 7989
2733 270 7988
2732 271 7987
2731 272 7986
2730 273 7985
2729 274 7984
2728 275 7983
2727 276 7982
2726 277 7981
2725 278 7980
2724 279 7979
2723 280 7978
2722 281 7977
2721 282 7976
2720 283 7975
2719 284 7974
2718 285 7973
2717 286 7972
2716 287 7971
2715 288 7970
2714 289 7969
2713 290 7968
2712 291 7967
2711 292 7966
2710 293 7965
2709 294 7964
2708 295 7963
2707 296 7962
2706 297 7961
2705 298 7960
2704 299 7959
2703 300 7958
2702 301 7957
2701 302 7956
2700 303 7955
2699 304 7954
2698 305 7953
2697 306 7952
2696 307 7951
2695 308 7950
2694 309 7949
2693 310 7948
2692 311 7947
2691 312 7946
2690 313 7945
2689 314 7944
2688 315 7943
2687 316 7942
2686 317 7941
2685 318 7940
2684 319 7939
2683 320 7938
2682 321 7937
2681 322 7936
2680 323 7935
2679 324 7934
2678 325 7933
2677 326 7932
2676 327 7931
2675 328 7930
2674 329 7929
2673 330 7928
2672 331 7927
2671 332 7926
2670 333 7925
2669 334 7924
2668 335 7923
2667 336 7922
2666 337 7921
2665 338 7920
2664 339 7919
2663 340 7918
2662 341 7917
2661 342 7916
2660 343 7915
2659 344 7914
2658 345 7913
2657 346 7912
2656 347 7911
2655 348 7910
2654 349 7909
2653 350 7908
2652 351 7907
2651 352 7906
2650 353 7905
2649 354 7904
2648 355 7903
2647 356 7902
2646 357 7901
2645 358 7900
2644 359 7899
2643 360 7898
2642 361 7897
2641 362 7896
2640 363 7895
2639 364 7894
2638 365 7893
2637 366 7892
2636 367 7891
2635 368 7890
2634 369 7889
2633 370 7888
2632 371 7887
2631 372 7886
2630 373 7885
2629 374 7884
2628 375 7883
2627 376 7882
2626 377 7881
2625 378 7880
2624 379 7879
2623 380 7878
2622 381 7877
2621 382 7876
2620 383 7875
2619 384 7874
2618 385 7873
2617 386 7872
2616 387 7871
2615 388 7870
2614 389 7869
2613 390 7868
2612 391 7867
2611 392 7866
2610 393 7865
2609 394 7864
2608 395 7863
2607 396 7862
2606 397 7861
2605 398 7860
2604 399 7859
2603 400 7858
2602 401 7857
2601 402 7856
2600 403 7855
2599 404 7854
2598 405 7853
2597 406 7852
2596 407 7851
2595 408 7850
2594 409 7849
2593 410 7848
2592 411 7847
2591 412 7846
2590 413 7845
2589 414 7844
2588 415 7843
2587 416 7842
2586 417 7841
2585 418 7840
2584 419 7839
2583 420 7838
2582 421 7837
2581 422 7836
2580 423 7835
2579 424 7834
2578 425 7833
2577 426 7832
2576 427 7831
2575 428 7830
2574 429 7829
2573 430 7828
2572 431 7827
2571 432 7826
2570 433 7825
2569 434 7824
2568 435 7823
2567 436 7822
2566 437 7821
2565 438 7820
2564 439 7819
2563 440 7818
2562 441 7817
2561 442 7816
2560 443 7815
2559 444 7814
2558 445 7813
2557 446 7812
2556 447 7811
2555 448 7810
2554 449 7809
2553 450 7808
2552 451 7807
2551 452 7806
2550 453 7805
2549 454 7804
2548 455 7803
2547 456 7802
2546 457 7801
2545 458 7800
2544 459 7799
2543 460 7798
2542 461 7797
2541 462 7796
2540 463 7795
2539 464 7794
2538 465 7793
2537 466 7792
2536 467 7791
2535 468 7790
2534 469 7789
2533 470 7788
2532 471 7787
2531 472 7786
2530 473 7785
2529 474 7784
2528 475 7783
2527 476 7782
2526 477 7781
2525 478 7780
2524 479 7779
2523 480 7778
2522 481 7777
2521 482 7776
2520 483 7775
2519 484 7774
2518 485 7773
2517 486 7772
2516 487 7771
2515 488 7770
2514 489 7769
2513 490 7768
2512 491 7767
2511 492 7766
2510 493 7765
2509 494 7764
2508 495 7763
2507 496 7762
2506 497 7761
2505 498 7760
2504 499 7759
2503 500 7758
2502 501 7757
2501 502 7756
2500 503 7755
2499 504 7754
2498 505 7753
2497 506 7752
2496 507 7751
2495 508 7750
2494 509 7749
2493 510 7748
2492 511 7747
2491 512 7746
2490 513 7745
2489 514 7744
2488 515 7743
2487 516 7742
2486 517 7741
2485 518 7740
2484 519 7739
2483 520 7738
2482 521 7737
2481 522 7736
2480 523 7735
2479 524 7734
2478 525 7733
2477 526 7732
2476 527 7731
2475 528 7730
2474 529 7729
2473 530 7728
2472 531 7727
2471 532 7726
2470 533 7725
2469 534 7724
2468 535 7723
2467 536 7722
2466 537 7721
2465 538 7720
2464 539 7719
2463 540 7718
2462 541 7717
2461 542 7716
2460 543 7715
2459 544 7714
2458 545 7713
2457 546 7712
2456 547 7711
2455 548 7710
2454 549 7709
2453 550 7708
2452 551 7707
2451 552 7706
2450 553 7705
2449 554 7704
2448 555 7703
2447 556 7702
2446 557 7701
2445 558 7700
2444 559 7699
2443 560 7698
2442 561 7697
2441 562 7696
2440 563 7695
2439 564 7694
2438 565 7693
2437 566 7692
2436 567 7691
2435 568 7690
2434 569 7689
2433 570 7688
2432 571 7687
2431 572 7686
2430 573 7685
2429 574 7684
2428 575 7683
2427 576 7682
2426 577 7681
2425 578 7680
2424 579 7679
2423 580 7678
2422 581 7677
2421 582 7676
2420 583 7675
2419 584 7674
2418 585 7673
2417 586 7672
2416 587 7671
2415 588 7670
2414 589 7669
2413 590 7668
2412 591 7667
2411 592 7666
2410 593 7665
2409 594 7664
2408 595 7663
2407 596 7662
2406 597 7661
2405 598 7660
2404 599 7659
2403 600 7658
2402 601 7657
2401 602 7656
2400 603 7655
2399 604 7654
2398 605 7653
2397 606 7652
2396 607 7651
2395 608 7650
2394 609 7649
2393 610 7648
2392 611 7647
2391 612 7646
2390 613 7645
2389 614 7644
2388 615 7643
2387 616 7642
2386 617 7641
2385 618 7640
2384 619 7639
2383 620 7638
2382 621 7637
2381 622 7636
2380 623 7635
2379 624 7634
2378 625 7633
2377 626 7632
2376 627 7631
2375 628 7630
2374 629 7629
2373 630 7628
2372 631 7627
2371 632 7626
2370 633 7625
2369 634 7624
2368 635 7623
2367 636 7622
2366 637 7621
2365 638 7620
2364 639 7619
2363 640 7618
2362 641 7617
2361 642 7616
2360 643 7615
2359 644 7614
2358 645 7613
2357 646 7612
2356 647 7611
2355 648 7610
2354 649 7609
2353 650 7608
2352 651 7607
2351 652 7606
2350 653 7605
2349 654 7604
2348 655 7603
2347 656 7602
2346 657 7601
2345 658 7600
2344 659 7599
2343 660 7598
2342 661 7597
2341 662 7596
2340 663 7595
2339 664 7594
2338 665 7593
2337 666 7592
2336 667 7591
2335 668 7590
2334 669 7589
2333 670 7588
2332 671 7587
2331 672 7586
2330 673 7585
2329 674 7584
2328 675 7583
2327 676 7582
2326 677 7581
2325 678 7580
2324 679 7579
2323 680 7578
2322 681 7577
2321 682 7576
2320 683 7575
2319 684 7574
2318 685 7573
2317 686 7572
2316 687 7571
2315 688 7570
2314 689 7569
2313 690 7568
2312 691 7567
2311 692 7566
2310 693 7565
2309 694 7564
2308 695 7563
2307 696 7562
2306 697 7561
2305 698 7560
2304 699 7559
2303 700 7558
2302 701 7557
2301 702 7556
2300 703 7555
2299 704 7554
2298 705 7553
2297 706 7552
2296 707 7551
2295 708 7550
2294 709 7549
2293 710 7548
2292 711 7547
2291 712 7546
2290 713 7545
2289 714 7544
2288 715 7543
2287 716 7542
2286 717 7541
2285 718 7540
2284 719 7539
2283 720 7538
2282 721 7537
2281 722 7536
2280 723 7535
2279 724 7534
2278 725 7533
2277 726 7532
2276 727 7531
2275 728 7530
2274 729 7529
2273 730 7528
2272 731 7527
2271 732 7526
2270 733 7525
2269 734 7524
2268 735 7523
2267 736 7522
2266 737 7521
2265 738 7520
2264 739 7519
2263 740 7518
2262 741 7517
2261 742 7516
2260 743 7515
2259 744 7514
2258 745 7513
2257 746 7512
2256 747 7511
2255 748 7510
2254 749 7509
2253 750 7508
2252 751 7507
2251 752 7506
2250 753 7505
2249 754 7504
2248 755 7503
2247 756 7502
2246 757 7501
2245 758 7500
2244 759 7499
2243 760 7498
2242 761 7497
2241 762 7496
2240 763 7495
2239 764 7494
2238 765 7493
2237 766 7492
2236 767 7491
2235 768 7490
2234 769 7489
2233 770 7488
2232 771 7487
2231 772 7486
2230 773 7485
2229 774 7484
2228 775 7483
2227 776 7482
2226 777 7481
2225 778 7480
2224 779 7479
2223 780 7478
2222 781 7477
2221 782 7476
2220 783 7475
2219 784 7474
2218 785 7473
2217 786 7472
2216 787 7471
2215 788 7470
2214 789 7469
2213 790 7468
2212 791 7467
2211 792 7466
2210 793 7465
2209 794 7464
2208 795 7463
2207 796 7462
2206 797 7461
2205 798 7460
2204 799 7459
2203 800 7458
2202 801 7457
2201 802 7456
2200 803 7455
2199 804 7454
2198 805 7453
2197 806 7452
2196 807 7451
2195 808 7450
2194 809 7449
2193 810 7448
2192 811 7447
2191 812 7446
2190 813 7445
2189 814 7444
2188 815 7443
2187 816 7442
2186 817 7441
2185 818 7440
2184 819 7439
2183 820 7438
2182 821 7437
2181 822 7436
2180 823 7435
2179 824 7434
2178 825 7433
2177 826 7432
2176 827 7431
2175 828 7430
2174 829 7429
2173 830 7428
2172 831 7427
2171 832 7426
2170 833 7425
2169 834 7424
2168 835 7423
2167 836 7422
2166 837 7421
2165 838 7420
2164 839 7419
2163 840 7418
2162 841 7417
2161 842 7416
2160 843 7415
2159 844 7414
2158 845 7413
2157 846 7412
2156 847 7411
2155 848 7410
2154 849 7409
2153 850 7408
2152 851 7407
2151 852 7406
2150 853 7405
2149 854 7404
2148 855 7403
2147 856 7402
2146 857 7401
2145 858 7400
2144 859 7399
2143 860 7398
2142 861 7397
2141 862 7396
2140 863 7395
2139 864 7394
2138 865 7393
2137 866 7392
2136 867 7391
2135 868 7390
2134 869 7389
2133 870 7388
2132 871 7387
2131 872 7386
2130 873 7385
2129 874 7384
2128 875 7383
2127 876 7382
2126 877 7381
2125 878 7380
2124 879 7379
2123 880 7378
2122 881 7377
2121 882 7376
2120 883 7375
2119 884 7374
2118 885 7373
2117 886 7372
2116 887 7371
2115 888 7370
2114 889 7369
2113 890 7368
2112 891 7367
2111 892 7366
2110 893 7365
2109 894 7364
2108 895 7363
2107 896 7362
2106 897 7361
2105 898 7360
2104 899 7359
2103 900 7358
2102 901 7357
2101 902 7356
2100 903 7355
2099 904 7354
2098 905 7353
2097 906 7352
2096 907 7351
2095 908 7350
2094 909 7349
2093 910 7348
2092 911 7347
2091 912 7346
2090 913 7345
2089 914 7344
2088 915 7343
2087 916 7342
2086 917 7341
2085 918 7340
2084 919 7339
2083 920 7338
2082 921 7337
2081 922 7336
2080 923 7335
2079 924 7334
2078 925 7333
2077 926 7332
2076 927 7331
2075 928 7330
2074 929 7329
2073 930 7328
2072 931 7327
2071 932 7326
2070 933 7325
2069 934 7324
2068 935 7323
2067 936 7322
2066 937 7321
2065 938 7320
2064 939 7319
2063 940 7318
2062 941 7317
2061 942 7316
2060 943 7315
2059 944 7314
2058 945 7313
2057 946 7312
2056 947 7311
2055 948 7310
2054 949 7309
2053 950 7308
2052 951 7307
2051 952 7306
2050 953 7305
2049 954 7304
2048 955 7303
2047 956 7302
2046 957 7301
2045 958 7300
2044 959 7299
2043 960 7298
2042 961 7297
2041 962 7296
2040 963 7295
2039 964 7294
2038 965 7293
2037 966 7292
2036 967 7291
2035 968 7290
2034 969 7289
2033 970 7288
2032 971 7287
2031 972 7286
2030 973 7285
2029 974 7284
2028 975 7283
2027 976 7282
2026 977 7281
2025 978 7280
2024 979 7279
2023 980 7278
2022 981 7277
2021 982 7276
2020 983 7275
2019 984 7274
2018 985 7273
2017 986 7272
2016 987 7271
2015 988 7270
2014 989 7269
2013 990 7268
2012 991 7267
2011 992 7266
2010 993 7265
2009 994 7264
2008 995 7263
2007 996 7262
2006 997 7261
2005 998 7260
2004 999 7259
2003 1000 7258
2002 1001 7257
2001 1002 7256
2000 1003 7255
1999 1004 7254
1998 1005 7253
1997 1006 7252
1996 1007 7251
1995 1008 7250
1994 1009 7249
1993 1010 7248
1992 1011 7247
1991 1012 7246
1990 1013 7245
1989 1014 7244
1988 1015 7243
1987 1016 7242
1986 1017 7241
1985 1018 7240
1984 1019 7239
1983 1020 7238
1982 1021 7237
1981 1022 7236
1980 1023 7235
1979 1024 7234
1978 1025 7233
1977 1026 7232
1976 1027 7231
1975 1028 7230
1974 1029 7229
1973 1030 7228
1972 1031 7227
1971 1032 7226
1970 1033 7225
1969 1034 7224
1968 1035 7223
1967 1036 7222
1966 1037 7221
1965 1038 7220
1964 1039 7219
1963 1040 7218
1962 1041 7217
1961 1042 7216
1960 1043 7215
1959 1044 7214
1958 1045 7213
1957 1046 7212
1956 1047 7211
1955 1048 7210
1954 1049 7209
1953 1050 7208
1952 1051 7207
1951 1052 7206
1950 1053 7205
1949 1054 7204
1948 1055 7203
1947 1056 7202
1946 1057 7201
1945 1058 7200
1944 1059 7199
1943 1060 7198
1942 1061 7197
1941 1062 7196
1940 1063 7195
1939 1064 7194
1938 1065 7193
1937 1066 7192
1936 1067 7191
1935 1068 7190
1934 1069 7189
1933 1070 7188
1932 1071 7187
1931 1072 7186
1930 1073 7185
1929 1074 7184
1928 1075 7183
1927 1076 7182
1926 1077 7181
1925 1078 7180
1924 1079 7179
1923 1080 7178
1922 1081 7177
1921 1082 7176
1920 1083 7175
1919 1084 7174
1918 1085 7173
1917 1086 7172
1916 1087 7171
1915 1088 7170
1914 1089 7169
1913 1090 7168
1912 1091 7167
1911 1092 7166
1910 1093 7165
1909 1094 7164
1908 1095 7163
1907 1096 7162
1906 1097 7161
1905 1098 7160
1904 1099 7159
1903 1100 7158
1902 1101 7157
1901 1102 7156
1900 1103 7155
1899 1104 7154
1898 1105 7153
1897 1106 7152
1896 1107 7151
1895 1108 7150
1894 1109 7149
1893 1110 7148
1892 1111 7147
1891 1112 7146
1890 1113 7145
1889 1114 7144
1888 1115 7143
1887 1116 7142
1886 1117 7141
1885 1118 7140
1884 1119 7139
1883 1120 7138
1882 1121 7137
1881 1122 7136
1880 1123 7135
1879 1124 7134
1878 1125 7133
1877 1126 7132
1876 1127 7131
1875 1128 7130
1874 1129 7129
1873 1130 7128
1872 1131 7127
1871 1132 7126
1870 1133 7125
1869 1134 7124
1868 1135 7123
1867 1136 7122
1866 1137 7121
1865 1138 7120
1864 1139 7119
1863 1140 7118
1862 1141 7117
1861 1142 7116
1860 1143 7115
1859 1144 7114
1858 1145 7113
1857 1146 7112
1856 1147 7111
1855 1148 7110
1854 1149 7109
1853 1150 7108
1852 1151 7107
1851 1152 7106
1850 1153 7105
1849 1154 7104
1848 1155 7103
1847 1156 7102
1846 1157 7101
1845 1158 7100
1844 1159 7099
1843 1160 7098
1842 1161 7097
1841 1162 7096
1840 1163 7095
1839 1164 7094
1838 1165 7093
1837 1166 7092
1836 1167 7091
1835 1168 7090
1834 1169 7089
1833 1170 7088
1832 1171 7087
1831 1172 7086
1830 1173 7085
1829 1174 7084
1828 1175 7083
1827 1176 7082
1826 1177 7081
1825 1178 7080
1824 1179 7079
1823 1180 7078
1822 1181 7077
1821 1182 7076
1820 1183 7075
1819 1184 7074
1818 1185 7073
1817 1186 7072
1816 1187 7071
1815 1188 7070
1814 1189 7069
1813 1190 7068
1812 1191 7067
1811 1192 7066
1810 1193 7065
1809 1194 7064
1808 1195 7063
1807 1196 7062
1806 1197 7061
1805 1198 7060
1804 1199 7059
1803 1200 7058
1802 1201 7057
1801 1202 7056
1800 1203 7055
1799 1204 7054
1798 1205 7053
1797 1206 7052
1796 1207 7051
1795 1208 7050
1794 1209 7049
1793 1210 7048
1792 1211 7047
1791 1212 7046
1790 1213 7045
1789 1214 7044
1788 1215 7043
1787 1216 7042
1786 1217 7041
1785 1218 7040
1784 1219 7039
1783 1220 7038
1782 1221 7037
1781 1222 7036
1780 1223 7035
1779 1224 7034
1778 1225 7033
1777 1226 7032
1776 1227 7031
1775 1228 7030
1774 1229 7029
1773 1230 7028
1772 1231 7027
1771 1232 7026
1770 1233 7025
1769 1234 7024
1768 1235 7023
1767 1236 7022
1766 1237 7021
1765 1238 7020
1764 1239 7019
1763 1240 7018
1762 1241 7017
1761 1242 7016
1760 1243 7015
1759 1244 7014
1758 1245 7013
1757 1246 7012
1756 1247 7011
1755 1248 7010
1754 1249 7009
1753 1250 7008
1752 1251 7007
1751 1252 7006
1750 1253 7005
1749 1254 7004
1748 1255 7003
1747 1256 7002
1746 1257 7001
1745 1258 7000
1744 1259 6999
1743 1260 6998
1742 1261 6997
1741 1262 6996
1740 1263 6995
1739 1264 6994
1738 1265 6993
1737 1266 6992
1736 1267 6991
1735 1268 6990
1734 1269 6989
1733 1270 6988
1732 1271 6987
1731 1272 6986
1730 1273 6985
1729 1274 6984
1728 1275 6983
1727 1276 6982
1726 1277 6981
1725 1278 6980
1724 1279 6979
1723 1280 6978
1722 1281 6977
1721 1282 6976
1720 1283 6975
1719 1284 6974
1718 1285 6973
1717 1286 6972
1716 1287 6971
1715 1288 6970
1714 1289 6969
1713 1290 6968
1712 1291 6967
1711 1292 6966
1710 1293 6965
1709 1294 6964
1708 1295 6963
1707 1296 6962
1706 1297 6961
1705 1298 6960
1704 1299 6959
1703 1300 6958
1702 1301 6957
1701 1302 6956
1700 1303 6955
1699 1304 6954
1698 1305 6953
1697 1306 6952
1696 1307 6951
1695 1308 6950
1694 1309 6949
1693 1310 6948
1692 1311 6947
1691 1312 6946
1690 1313 6945
1689 1314 6944
1688 1315 6943
1687 1316 6942
1686 1317 6941
1685 1318 6940
1684 1319 6939
1683 1320 6938
1682 1321 6937
1681 1322 6936
1680 1323 6935
1679 1324 6934
1678 1325 6933
1677 1326 6932
1676 1327 6931
1675 1328 6930
1674 1329 6929
1673 1330 6928
1672 1331 6927
1671 1332 6926
1670 1333 6925
1669 1334 6924
1668 1335 6923
1667 1336 6922
1666 1337 6921
1665 1338 6920
1664 1339 6919
1663 1340 6918
1662 1341 6917
1661 1342 6916
1660 1343 6915
1659 1344 6914
1658 1345 6913
1657 1346 6912
1656 1347 6911
1655 1348 6910
1654 1349 6909
1653 1350 6908
1652 1351 6907
1651 1352 6906
1650 1353 6905
1649 1354 6904
1648 1355 6903
1647 1356 6902
1646 1357 6901
1645 1358 6900
1644 1359 6899
1643 1360 6898
1642 1361 6897
1641 1362 6896
1640 1363 6895
1639 1364 6894
1638 1365 6893
1637 1366 6892
1636 1367 6891
1635 1368 6890
1634 1369 6889
1633 1370 6888
1632 1371 6887
1631 1372 6886
1630 1373 6885
1629 1374 6884
1628 1375 6883
1627 1376 6882
1626 1377 6881
1625 1378 6880
1624 1379 6879
1623 1380 6878
1622 1381 6877
1621 1382 6876
1620 1383 6875
1619 1384 6874
1618 1385 6873
1617 1386 6872
1616 1387 6871
1615 1388 6870
1614 1389 6869
1613 1390 6868
1612 1391 6867
1611 1392 6866
1610 1393 6865
1609 1394 6864
1608 1395 6863
1607 1396 6862
1606 1397 6861
1605 1398 6860
1604 1399 6859
1603 1400 6858
1602 1401 6857
1601 1402 6856
1600 1403 6855
1599 1404 6854
1598 1405 6853
1597 1406 6852
1596 1407 6851
1595 1408 6850
1594 1409 6849
1593 1410 6848
1592 1411 6847
1591 1412 6846
1590 1413 6845
1589 1414 6844
1588 1415 6843
1587 1416 6842
1586 1417 6841
1585 1418 6840
1584 1419 6839
1583 1420 6838
1582 1421 6837
1581 1422 6836
1580 1423 6835
1579 1424 6834
1578 1425 6833
1577 1426 6832
1576 1427 6831
1575 1428 6830
1574 1429 6829
1573 1430 6828
1572 1431 6827
1571 1432 6826
1570 1433 6825
1569 1434 6824
1568 1435 6823
1567 1436 6822
1566 1437 6821
1565 1438 6820
1564 1439 6819
1563 1440 6818
1562 1441 6817
1561 1442 6816
1560 1443 6815
1559 1444 6814
1558 1445 6813
1557 1446 6812
1556 1447 6811
1555 1448 6810
1554 1449 6809
1553 1450 6808
1552 1451 6807
1551 1452 6806
1550 1453 6805
1549 1454 6804
1548 1455 6803
1547 1456 6802
1546 1457 6801
1545 1458 6800
1544 1459 6799
1543 1460 6798
1542 1461 6797
1541 1462 6796
1540 1463 6795
1539 1464 6794
1538 1465 6793
1537 1466 6792
1536 1467 6791
1535 1468 6790
1534 1469 6789
1533 1470 6788
1532 1471 6787
1531 1472 6786
1530 1473 6785
1529 1474 6784
1528 1475 6783
1527 1476 6782
1526 1477 6781
1525 1478 6780
1524 1479 6779
1523 1480 6778
1522 1481 6777
1521 1482 6776
1520 1483 6775
1519 1484 6774
1518 1485 6773
1517 1486 6772
1516 1487 6771
1515 1488 6770
1514 1489 6769
1513 1490 6768
1512 1491 6767
1511 1492 6766
1510 1493 6765
1509 1494 6764
1508 1495 6763
1507 1496 6762
1506 1497 6761
1505 1498 6760
1504 1499 6759
1503 1500 6758
1502 1501 6757
1501 1502 6756
1500 1503 6755
1499 1504 6754
1498 1505 6753
1497 1506 6752
1496 1507 6751
1495 1508 6750
1494 1509 6749
1493 1510 6748
1492 1511 6747
1491 1512 6746
1490 1513 6745
1489 1514 6744
1488 1515 6743
1487 1516 6742
1486 1517 6741
1485 1518 6740
1484 1519 6739
1483 1520 6738
1482 1521 6737
1481 1522 6736
1480 1523 6735
1479 1524 6734
1478 1525 6733
1477 1526 6732
1476 1527 6731
1475 1528 6730
1474 1529 6729
1473 1530 6728
1472 1531 6727
1471 1532 6726
1470 1533 6725
1469 1534 6724
1468 1535 6723
1467 1536 6722
1466 1537 6721
1465 1538 6720
1464 1539 6719
1463 1540 6718
1462 1541 6717
1461 1542 6716
1460 1543 6715
1459 1544 6714
1458 1545 6713
1457 1546 6712
1456 1547 6711
1455 1548 6710
1454 1549 6709
1453 1550 6708
1452 1551 6707
1451 1552 6706
1450 1553 6705
1449 1554 6704
1448 1555 6703
1447 1556 6702
1446 1557 6701
1445 1558 6700
1444 1559 6699
1443 1560 6698
1442 1561 6697
1441 1562 6696
1440 1563 6695
1439 1564 6694
1438 1565 6693
1437 1566 6692
1436 1567 6691
1435 1568 6690
1434 1569 6689
1433 1570 6688
1432 1571 6687
1431 1572 6686
1430 1573 6685
1429 1574 6684
1428 1575 6683
1427 1576 6682
1426 1577 6681
1425 1578 6680
1424 1579 6679
1423 1580 6678
1422 1581 6677
1421 1582 6676
1420 1583 6675
1419 1584 6674
1418 1585 6673
1417 1586 6672
1416 1587 6671
1415 1588 6670
1414 1589 6669
1413 1590 6668
1412 1591 6667
1411 1592 6666
1410 1593 6665
1409 1594 6664
1408 1595 6663
1407 1596 6662
1406 1597 6661
1405 1598 6660
1404 1599 6659
1403 1600 6658
1402 1601 6657
1401 1602 6656
1400 1603 6655
1399 1604 6654
1398 1605 6653
1397 1606 6652
1396 1607 6651
1395 1608 6650
1394 1609 6649
1393 1610 6648
1392 1611 6647
1391 1612 6646
1390 1613 6645
1389 1614 6644
1388 1615 6643
1387 1616 6642
1386 1617 6641
1385 1618 6640
1384 1619 6639
1383 1620 6638
1382 1621 6637
1381 1622 6636
1380 1623 6635
1379 1624 6634
1378 1625 6633
1377 1626 6632
1376 1627 6631
1375 1628 6630
1374 1629 6629
1373 1630 6628
1372 1631 6627
1371 1632 6626
1370 1633 6625
1369 1634 6624
1368 1635 6623
1367 1636 6622
1366 1637 6621
1365 1638 6620
1364 1639 6619
1363 1640 6618
1362 1641 6617
1361 1642 6616
1360 1643 6615
1359 1644 6614
1358 1645 6613
1357 1646 6612
1356 1647 6611
1355 1648 6610
1354 1649 6609
1353 1650 6608
1352 1651 6607
1351 1652 6606
1350 1653 6605
1349 1654 6604
1348 1655 6603
1347 1656 6602
1346 1657 6601
1345 1658 6600
1344 1659 6599
1343 1660 6598
1342 1661 6597
1341 1662 6596
1340 1663 6595
1339 1664 6594
1338 1665 6593
1337 1666 6592
1336 1667 6591
1335 1668 6590
1334 1669 6589
1333 1670 6588
1332 1671 6587
1331 1672 6586
1330 1673 6585
1329 1674 6584
1328 1675 6583
1327 1676 6582
1326 1677 6581
1325 1678 6580
1324 1679 6579
1323 1680 6578
1322 1681 6577
1321 1682 6576
1320 1683 6575
1319 1684 6574
1318 1685 6573
1317 1686 6572
1316 1687 6571
1315 1688 6570
1314 1689 6569
1313 1690 6568
1312 1691 6567
1311 1692 6566
1310 1693 6565
1309 1694 6564
1308 1695 6563
1307 1696 6562
1306 1697 6561
1305 1698 6560
1304 1699 6559
1303 1700 6558
1302 1701 6557
1301 1702 6556
1300 1703 6555
1299 1704 6554
1298 1705 6553
1297 1706 6552
1296 1707 6551
1295 1708 6550
1294 1709 6549
1293 1710 6548
1292 1711 6547
1291 1712 6546
1290 1713 6545
1289 1714 6544
1288 1715 6543
1287 1716 6542
1286 1717 6541
1285 1718 6540
1284 1719 6539
1283 1720 6538
1282 1721 6537
1281 1722 6536
1280 1723 6535
1279 1724 6534
1278 1725 6533
1277 1726 6532
1276 1727 6531
1275 1728 6530
1274 1729 6529
1273 1730 6528
1272 1731 6527
1271 1732 6526
1270 1733 6525
1269 1734 6524
1268 1735 6523
1267 1736 6522
1266 1737 6521
1265 1738 6520
1264 1739 6519
1263 1740 6518
1262 1741 6517
1261 1742 6516
1260 1743 6515
1259 1744 6514
1258 1745 6513
1257 1746 6512
1256 1747 6511
1255 1748 6510
1254 1749 6509
1253 1750 6508
1252 1751 6507
1251 1752 6506
1250 1753 6505
1249 1754 6504
1248 1755 6503
1247 1756 6502
1246 1757 6501
1245 1758 6500
1244 1759 6499
1243 1760 6498
1242 1761 6497
1241 1762 6496
1240 1763 6495
1239 1764 6494
1238 1765 6493
1237 1766 6492
1236 1767 6491
1235 1768 6490
1234 1769 6489
1233 1770 6488
1232 1771 6487
1231 1772 6486
1230 1773 6485
1229 1774 6484
1228 1775 6483
1227 1776 6482
1226 1777 6481
1225 1778 6480
1224 1779 6479
1223 1780 6478
1222 1781 6477
1221 1782 6476
1220 1783 6475
1219 1784 6474
1218 1785 6473
1217 1786 6472
1216 1787 6471
1215 1788 6470
1214 1789 6469
1213 1790 6468
1212 1791 6467
1211 1792 6466
1210 1793 6465
1209 1794 6464
1208 1795 6463
1207 1796 6462
1206 1797 6461
1205 1798 6460
1204 1799 6459
1203 1800 6458
1202 1801 6457
1201 1802 6456
1200 1803 6455
1199 1804 6454
1198 1805 6453
1197 1806 6452
1196 1807 6451
1195 1808 6450
1194 1809 6449
1193 1810 6448
1192 1811 6447
1191 1812 6446
1190 1813 6445
1189 1814 6444
1188 1815 6443
1187 1816 6442
1186 1817 6441
1185 1818 6440
1184 1819 6439
1183 1820 6438
1182 1821 6437
1181 1822 6436
1180 1823 6435
1179 1824 6434
1178 1825 6433
1177 1826 6432
1176 1827 6431
1175 1828 6430
1174 1829 6429
1173 1830 6428
1172 1831 6427
1171 1832 6426
1170 1833 6425
1169 1834 6424
1168 1835 6423
1167 1836 6422
1166 1837 6421
1165 1838 6420
1164 1839 6419
1163 1840 6418
1162 1841 6417
1161 1842 6416
1160 1843 6415
1159 1844 6414
1158 1845 6413
1157 1846 6412
1156 1847 6411
1155 1848 6410
1154 1849 6409
1153 1850 6408
1152 1851 6407
1151 1852 6406
1150 1853 6405
1149 1854 6404
1148 1855 6403
1147 1856 6402
1146 1857 6401
1145 1858 6400
1144 1859 6399
1143 1860 6398
1142 1861 6397
1141 1862 6396
1140 1863 6395
1139 1864 6394
1138 1865 6393
1137 1866 6392
1136 1867 6391
1135 1868 6390
1134 1869 6389
1133 1870 6388
1132 1871 6387
1131 1872 6386
1130 1873 6385
1129 1874 6384
1128 1875 6383
1127 1876 6382
1126 1877 6381
1125 1878 6380
1124 1879 6379
1123 1880 6378
1122 1881 6377
1121 1882 6376
1120 1883 6375
1119 1884 6374
1118 1885 6373
1117 1886 6372
1116 1887 6371
1115 1888 6370
1114 1889 6369
1113 1890 6368
1112 1891 6367
1111 1892 6366
1110 1893 6365
1109 1894 6364
1108 1895 6363
1107 1896 6362
1106 1897 6361
1105 1898 6360
1104 1899 6359
1103 1900 6358
1102 1901 6357
1101 1902 6356
1100 1903 6355
1099 1904 6354
1098 1905 6353
1097 1906 6352
1096 1907 6351
1095 1908 6350
1094 1909 6349
1093 1910 6348
1092 1911 6347
1091 1912 6346
1090 1913 6345
1089 1914 6344
1088 1915 6343
1087 1916 6342
1086 1917 6341
1085 1918 6340
1084 1919 6339
1083 1920 6338
1082 1921 6337
1081 1922 6336
1080 1923 6335
1079 1924 6334
1078 1925 6333
1077 1926 6332
1076 1927 6331
1075 1928 6330
1074 1929 6329
1073 1930 6328
1072 1931 6327
1071 1932 6326
1070 1933 6325
1069 1934 6324
1068 1935 6323
1067 1936 6322
1066 1937 6321
1065 1938 6320
1064 1939 6319
1063 1940 6318
1062 1941 6317
1061 1942 6316
1060 1943 6315
1059 1944 6314
1058 1945 6313
1057 1946 6312
1056 1947 6311
1055 1948 6310
1054 1949 6309
1053 1950 6308
1052 1951 6307
1051 1952 6306
1050 1953 6305
1049 1954 6304
1048 1955 6303
1047 1956 6302
1046 1957 6301
1045 1958 6300
1044 1959 6299
1043 1960 6298
1042 1961 6297
1041 1962 6296
1040 1963 6295
1039 1964 6294
1038 1965 6293
1037 1966 6292
1036 1967 6291
1035 1968 6290
1034 1969 6289
1033 1970 6288
1032 1971 6287
1031 1972 6286
1030 1973 6285
1029 1974 6284
1028 1975 6283
1027 1976 6282
1026 1977 6281
1025 1978 6280
1024 1979 6279
1023 1980 6278
1022 1981 6277
1021 1982 6276
1020 1983 6275
1019 1984 6274
1018 1985 6273
1017 1986 6272
1016 1987 6271
1015 1988 6270
1014 1989 6269
1013 1990 6268
1012 1991 6267
1011 1992 6266
1010 1993 6265
1009 1994 6264
1008 1995 6263
1007 1996 6262
1006 1997 6261
1005 1998 6260
1004 1999 6259
1003 2000 6258
1002 2001 6257
1001 2002 6256
1000 2003 6255
999 2004 6254
998 2005 6253
997 2006 6252
996 2007 6251
995 2008 6250
994 2009 6249
993 2010 6248
992 2011 6247
991 2012 6246
990 2013 6245
989 2014 6244
988 2015 6243
987 2016 6242
986 2017 6241
985 2018 6240
984 2019 6239
983 2020 6238
982 2021 6237
981 2022 6236
980 2023 6235
979 2024 6234
978 2025 6233
977 2026 6232
976 2027 6231
975 2028 6230
974 2029 6229
973 2030 6228
972 2031 6227
971 2032 6226
970 2033 6225
969 2034 6224
968 2035 6223
967 2036 6222
966 2037 6221
965 2038 6220
964 2039 6219
963 2040 6218
962 2041 6217
961 2042 6216
960 2043 6215
959 2044 6214
958 2045 6213
957 2046 6212
956 2047 6211
955 2048 6210
954 2049 6209
953 2050 6208
952 2051 6207
951 2052 6206
950 2053 6205
949 2054 6204
948 2055 6203
947 2056 6202
946 2057 6201
945 2058 6200
944 2059 6199
943 2060 6198
942 2061 6197
941 2062 6196
940 2063 6195
939 2064 6194
938 2065 6193
937 2066 6192
936 2067 6191
935 2068 6190
934 2069 6189
933 2070 6188
932 2071 6187
931 2072 6186
930 2073 6185
929 2074 6184
928 2075 6183
927 2076 6182
926 2077 6181
925 2078 6180
924 2079 6179
923 2080 6178
922 2081 6177
921 2082 6176
920 2083 6175
919 2084 6174
918 2085 6173
917 2086 6172
916 2087 6171
915 2088 6170
914 2089 6169
913 2090 6168
912 2091 6167
911 2092 6166
910 2093 6165
909 2094 6164
908 2095 6163
907 2096 6162
906 2097 6161
905 2098 6160
904 2099 6159
903 2100 6158
902 2101 6157
901 2102 6156
900 2103 6155
899 2104 6154
898 2105 6153
897 2106 6152
896 2107 6151
895 2108 6150
894 2109 6149
893 2110 6148
892 2111 6147
891 2112 6146
890 2113 6145
889 2114 6144
888 2115 6143
887 2116 6142
886 2117 6141
885 2118 6140
884 2119 6139
883 2120 6138
882 2121 6137
881 2122 6136
880 2123 6135
879 2124 6134
878 2125 6133
877 2126 6132
876 2127 6131
875 2128 6130
874 2129 6129
873 2130 6128
872 2131 6127
871 2132 6126
870 2133 6125
869 2134 6124
868 2135 6123
867 2136 6122
866 2137 6121
865 2138 6120
864 2139 6119
863 2140 6118
862 2141 6117
861 2142 6116
860 2143 6115
859 2144 6114
858 2145 6113
857 2146 6112
856 2147 6111
855 2148 6110
854 2149 6109
853 2150 6108
852 2151 6107
851 2152 6106
850 2153 6105
849 2154 6104
848 2155 6103
847 2156 6102
846 2157 6101
845 2158 6100
844 2159 6099
843 2160 6098
842 2161 6097
841 2162 6096
840 2163 6095
839 2164 6094
838 2165 6093
837 2166 6092
836 2167 6091
835 2168 6090
834 2169 6089
833 2170 6088
832 2171 6087
831 2172 6086
830 2173 6085
829 2174 6084
828 2175 6083
827 2176 6082
826 2177 6081
825 2178 6080
824 2179 6079
823 2180 6078
822 2181 6077
821 2182 6076
820 2183 6075
819 2184 6074
818 2185 6073
817 2186 6072
816 2187 6071
815 2188 6070
814 2189 6069
813 2190 6068
812 2191 6067
811 2192 6066
810 2193 6065
809 2194 6064
808 2195 6063
807 2196 6062
806 2197 6061
805 2198 6060
804 2199 6059
803 2200 6058
802 2201 6057
801 2202 6056
800 2203 6055
799 2204 6054
798 2205 6053
797 2206 6052
796 2207 6051
795 2208 6050
794 2209 6049
793 2210 6048
792 2211 6047
791 2212 6046
790 2213 6045
789 2214 6044
788 2215 6043
787 2216 6042
786 2217 6041
785 2218 6040
784 2219 6039
783 2220 6038
782 2221 6037
781 2222 6036
780 2223 6035
779 2224 6034
778 2225 6033
777 2226 6032
776 2227 6031
775 2228 6030
774 2229 6029
773 2230 6028
772 2231 6027
771 2232 6026
770 2233 6025
769 2234 6024
768 2235 6023
767 2236 6022
766 2237 6021
765 2238 6020
764 2239 6019
763 2240 6018
762 2241 6017
761 2242 6016
760 2243 6015
759 2244 6014
758 2245 6013
757 2246 6012
756 2247 6011
755 2248 6010
754 2249 6009
753 2250 6008
752 2251 6007
751 2252 6006
750 2253 6005
749 2254 6004
748 2255 6003
747 2256 6002
746 2257 6001
