2988
3000 3 8988
2999 4 8987
2998 5 8986
2997 6 8985
2996 7 8984
2995 8 8983
2994 9 8982
2993 10 8981
2992 11 8980
2991 12 8979
2990 13 8978
2989 14 8977
2988 15 8976
2987 16 8975
2986 17 8974
2985 18 8973
2984 19 8972
2983 20 8971
2982 21 8970
2981 22 8969
2980 23 8968
2979 24 8967
2978 25 8966
2977 26 8965
2976 27 8964
2975 28 8963
2974 29 8962
2973 30 8961
2972 31 8960
2971 32 8959
2970 33 8958
2969 34 8957
2968 35 8956
2967 36 8955
2966 37 8954
2965 38 8953
2964 39 8952
2963 40 8951
2962 41 8950
2961 42 8949
2960 43 8948
2959 44 8947
2958 45 8946
2957 46 8945
2956 47 8944
2955 48 8943
2954 49 8942
2953 50 8941
2952 51 8940
2951 52 8939
2950 53 8938
2949 54 8937
2948 55 8936
2947 56 8935
2946 57 8934
2945 58 8933
2944 59 8932
2943 60 8931
2942 61 8930
2941 62 8929
2940 63 8928
2939 64 8927
2938 65 8926
2937 66 8925
2936 67 8924
2935 68 8923
2934 69 8922
2933 70 8921
2932 71 8920
2931 72 8919
2930 73 8918
2929 74 8917
2928 75 8916
2927 76 8915
2926 77 8914
2925 78 8913
2924 79 8912
2923 80 8911
2922 81 8910
2921 82 8909
2920 83 8908
2919 84 8907
2918 85 8906
2917 86 8905
2916 87 8904
2915 88 8903
2914 89 8902
2913 90 8901
2912 91 8900
2911 92 8899
2910 93 8898
2909 94 8897
2908 95 8896
2907 96 8895
2906 97 8894
2905 98 8893
2904 99 8892
2903 100 8891
2902 101 8890
2901 102 8889
2900 103 8888
2899 104 8887
2898 105 8886
2897 106 8885
2896 107 8884
2895 108 8883
2894 109 8882
2893 110 8881
2892 111 8880
2891 112 8879
2890 113 8878
2889 114 8877
2888 115 8876
2887 116 8875
2886 117 8874
2885 118 8873
2884 119 8872
2883 120 8871
2882 121 8870
2881 122 8869
2880 123 8868
2879 124 8867
2878 125 8866
2877 126 8865
2876 127 8864
2875 128 8863
2874 129 8862
2873 130 8861
2872 131 8860
2871 132 8859
2870 133 8858
2869 134 8857
2868 135 8856
2867 136 8855
2866 137 8854
2865 138 8853
2864 139 8852
2863 140 8851
2862 141 8850
2861 142 8849
2860 143 8848
2859 144 8847
2858 145 8846
2857 146 8845
2856 147 8844
2855 148 8843
2854 149 8842
2853 150 8841
2852 151 8840
2851 152 8839
2850 153 8838
2849 154 8837
2848 155 8836
2847 156 8835
2846 157 8834
2845 158 8833
2844 159 8832
2843 160 8831
2842 161 8830
2841 162 8829
2840 163 8828
2839 164 8827
2838 165 8826
2837 166 8825
2836 167 8824
2835 168 8823
2834 169 8822
2833 170 8821
2832 171 8820
2831 172 8819
2830 173 8818
2829 174 8817
2828 175 8816
2827 176 8815
2826 177 8814
2825 178 8813
2824 179 8812
2823 180 8811
2822 181 8810
2821 182 8809
2820 183 8808
2819 184 8807
2818 185 8806
2817 186 8805
2816 187 8804
2815 188 8803
2814 189 8802
2813 190 8801
2812 191 8800
2811 192 8799
2810 193 8798
2809 194 8797
2808 195 8796
2807 196 8795
2806 197 8794
2805 198 8793
2804 199 8792
2803 200 8791
2802 201 8790
2801 202 8789
2800 203 8788
2799 204 8787
2798 205 8786
2797 206 8785
2796 207 8784
2795 208 8783
2794 209 8782
2793 210 8781
2792 211 8780
2791 212 8779
2790 213 8778
2789 214 8777
2788 215 8776
2787 216 8775
2786 217 8774
2785 218 8773
2784 219 8772
2783 220 8771
2782 221 8770
2781 222 8769
2780 223 8768
2779 224 8767
2778 225 8766
2777 226 8765
2776 227 8764
2775 228 8763
2774 229 8762
2773 230 8761
2772 231 8760
2771 232 8759
2770 233 8758
2769 234 8757
2768 235 8756
2767 236 8755
2766 237 8754
2765 238 8753
2764 239 8752
2763 240 8751
2762 241 8750
2761 242 8749
2760 243 8748
2759 244 8747
2758 245 8746
2757 246 8745
2756 247 8744
2755 248 8743
2754 249 8742
2753 250 8741
2752 251 8740
2751 252 8739
2750 253 8738
2749 254 8737
2748 255 8736
2747 256 8735
2746 257 8734
2745 258 8733
2744 259 8732
2743 260 8731
2742 261 8730
2741 262 8729
2740 263 8728
2739 264 8727
2738 265 8726
2737 266 8725
2736 267 8724
2735 268 8723
2734 269 8722
2733 270 8721
2732 271 8720
2731 272 8719
2730 273 8718
2729 274 8717
2728 275 8716
2727 276 8715
2726 277 8714
2725 278 8713
2724 279 8712
2723 280 8711
2722 281 8710
2721 282 8709
2720 283 8708
2719 284 8707
2718 285 8706
2717 286 8705
2716 287 8704
2715 288 8703
2714 289 8702
2713 290 8701
2712 291 8700
2711 292 8699
2710 293 8698
2709 294 8697
2708 295 8696
2707 296 8695
2706 297 8694
2705 298 8693
2704 299 8692
2703 300 8691
2702 301 8690
2701 302 8689
2700 303 8688
2699 304 8687
2698 305 8686
2697 306 8685
2696 307 8684
2695 308 8683
2694 309 8682
2693 310 8681
2692 311 8680
2691 312 8679
2690 313 8678
2689 314 8677
2688 315 8676
2687 316 8675
2686 317 8674
2685 318 8673
2684 319 8672
2683 320 8671
2682 321 8670
2681 322 8669
2680 323 8668
2679 324 8667
2678 325 8666
2677 326 8665
2676 327 8664
2675 328 8663
2674 329 8662
2673 330 8661
2672 331 8660
2671 332 8659
2670 333 8658
2669 334 8657
2668 335 8656
2667 336 8655
2666 337 8654
2665 338 8653
2664 339 8652
2663 340 8651
2662 341 8650
2661 342 8649
2660 343 8648
2659 344 8647
2658 345 8646
2657 346 8645
2656 347 8644
2655 348 8643
2654 349 8642
2653 350 8641
2652 351 8640
2651 352 8639
2650 353 8638
2649 354 8637
2648 355 8636
2647 356 8635
2646 357 8634
2645 358 8633
2644 359 8632
2643 360 8631
2642 361 8630
2641 362 8629
2640 363 8628
2639 364 8627
2638 365 8626
2637 366 8625
2636 367 8624
2635 368 8623
2634 369 8622
2633 370 8621
2632 371 8620
2631 372 8619
2630 373 8618
2629 374 8617
2628 375 8616
2627 376 8615
2626 377 8614
2625 378 8613
2624 379 8612
2623 380 8611
2622 381 8610
2621 382 8609
2620 383 8608
2619 384 8607
2618 385 8606
2617 386 8605
2616 387 8604
2615 388 8603
2614 389 8602
2613 390 8601
2612 391 8600
2611 392 8599
2610 393 8598
2609 394 8597
2608 395 8596
2607 396 8595
2606 397 8594
2605 398 8593
2604 399 8592
2603 400 8591
2602 401 8590
2601 402 8589
2600 403 8588
2599 404 8587
2598 405 8586
2597 406 8585
2596 407 8584
2595 408 8583
2594 409 8582
2593 410 8581
2592 411 8580
2591 412 8579
2590 413 8578
2589 414 8577
2588 415 8576
2587 416 8575
2586 417 8574
2585 418 8573
2584 419 8572
2583 420 8571
2582 421 8570
2581 422 8569
2580 423 8568
2579 424 8567
2578 425 8566
2577 426 8565
2576 427 8564
2575 428 8563
2574 429 8562
2573 430 8561
2572 431 8560
2571 432 8559
2570 433 8558
2569 434 8557
2568 435 8556
2567 436 8555
2566 437 8554
2565 438 8553
2564 439 8552
2563 440 8551
2562 441 8550
2561 442 8549
2560 443 8548
2559 444 8547
2558 445 8546
2557 446 8545
2556 447 8544
2555 448 8543
2554 449 8542
2553 450 8541
2552 451 8540
2551 452 8539
2550 453 8538
2549 454 8537
2548 455 8536
2547 456 8535
2546 457 8534
2545 458 8533
2544 459 8532
2543 460 8531
2542 461 8530
2541 462 8529
2540 463 8528
2539 464 8527
2538 465 8526
2537 466 8525
2536 467 8524
2535 468 8523
2534 469 8522
2533 470 8521
2532 471 8520
2531 472 8519
2530 473 8518
2529 474 8517
2528 475 8516
2527 476 8515
2526 477 8514
2525 478 8513
2524 479 8512
2523 480 8511
2522 481 8510
2521 482 8509
2520 483 8508
2519 484 8507
2518 485 8506
2517 486 8505
2516 487 8504
2515 488 8503
2514 489 8502
2513 490 8501
2512 491 8500
2511 492 8499
2510 493 8498
2509 494 8497
2508 495 8496
2507 496 8495
2506 497 8494
2505 498 8493
2504 499 8492
2503 500 8491
2502 501 8490
2501 502 8489
2500 503 8488
2499 504 8487
2498 505 8486
2497 506 8485
2496 507 8484
2495 508 8483
2494 509 8482
2493 510 8481
2492 511 8480
2491 512 8479
2490 513 8478
2489 514 8477
2488 515 8476
2487 516 8475
2486 517 8474
2485 518 8473
2484 519 8472
2483 520 8471
2482 521 8470
2481 522 8469
2480 523 8468
2479 524 8467
2478 525 8466
2477 526 8465
2476 527 8464
2475 528 8463
2474 529 8462
2473 530 8461
2472 531 8460
2471 532 8459
2470 533 8458
2469 534 8457
2468 535 8456
2467 536 8455
2466 537 8454
2465 538 8453
2464 539 8452
2463 540 8451
2462 541 8450
2461 542 8449
2460 543 8448
2459 544 8447
2458 545 8446
2457 546 8445
2456 547 8444
2455 548 8443
2454 549 8442
2453 550 8441
2452 551 8440
2451 552 8439
2450 553 8438
2449 554 8437
2448 555 8436
2447 556 8435
2446 557 8434
2445 558 8433
2444 559 8432
2443 560 8431
2442 561 8430
2441 562 8429
2440 563 8428
2439 564 8427
2438 565 8426
2437 566 8425
2436 567 8424
2435 568 8423
2434 569 8422
2433 570 8421
2432 571 8420
2431 572 8419
2430 573 8418
2429 574 8417
2428 575 8416
2427 576 8415
2426 577 8414
2425 578 8413
2424 579 8412
2423 580 8411
2422 581 8410
2421 582 8409
2420 583 8408
2419 584 8407
2418 585 8406
2417 586 8405
2416 587 8404
2415 588 8403
2414 589 8402
2413 590 8401
2412 591 8400
2411 592 8399
2410 593 8398
2409 594 8397
2408 595 8396
2407 596 8395
2406 597 8394
2405 598 8393
2404 599 8392
2403 600 8391
2402 601 8390
2401 602 8389
2400 603 8388
2399 604 8387
2398 605 8386
2397 606 8385
2396 607 8384
2395 608 8383
2394 609 8382
2393 610 8381
2392 611 8380
2391 612 8379
2390 613 8378
2389 614 8377
2388 615 8376
2387 616 8375
2386 617 8374
2385 618 8373
2384 619 8372
2383 620 8371
2382 621 8370
2381 622 8369
2380 623 8368
2379 624 8367
2378 625 8366
2377 626 8365
2376 627 8364
2375 628 8363
2374 629 8362
2373 630 8361
2372 631 8360
2371 632 8359
2370 633 8358
2369 634 8357
2368 635 8356
2367 636 8355
2366 637 8354
2365 638 8353
2364 639 8352
2363 640 8351
2362 641 8350
2361 642 8349
2360 643 8348
2359 644 8347
2358 645 8346
2357 646 8345
2356 647 8344
2355 648 8343
2354 649 8342
2353 650 8341
2352 651 8340
2351 652 8339
2350 653 8338
2349 654 8337
2348 655 8336
2347 656 8335
2346 657 8334
2345 658 8333
2344 659 8332
2343 660 8331
2342 661 8330
2341 662 8329
2340 663 8328
2339 664 8327
2338 665 8326
2337 666 8325
2336 667 8324
2335 668 8323
2334 669 8322
2333 670 8321
2332 671 8320
2331 672 8319
2330 673 8318
2329 674 8317
2328 675 8316
2327 676 8315
2326 677 8314
2325 678 8313
2324 679 8312
2323 680 8311
2322 681 8310
2321 682 8309
2320 683 8308
2319 684 8307
2318 685 8306
2317 686 8305
2316 687 8304
2315 688 8303
2314 689 8302
2313 690 8301
2312 691 8300
2311 692 8299
2310 693 8298
2309 694 8297
2308 695 8296
2307 696 8295
2306 697 8294
2305 698 8293
2304 699 8292
2303 700 8291
2302 701 8290
2301 702 8289
2300 703 8288
2299 704 8287
2298 705 8286
2297 706 8285
2296 707 8284
2295 708 8283
2294 709 8282
2293 710 8281
2292 711 8280
2291 712 8279
2290 713 8278
2289 714 8277
2288 715 8276
2287 716 8275
2286 717 8274
2285 718 8273
2284 719 8272
2283 720 8271
2282 721 8270
2281 722 8269
2280 723 8268
2279 724 8267
2278 725 8266
2277 726 8265
2276 727 8264
2275 728 8263
2274 729 8262
2273 730 8261
2272 731 8260
2271 732 8259
2270 733 8258
2269 734 8257
2268 735 8256
2267 736 8255
2266 737 8254
2265 738 8253
2264 739 8252
2263 740 8251
2262 741 8250
2261 742 8249
2260 743 8248
2259 744 8247
2258 745 8246
2257 746 8245
2256 747 8244
2255 748 8243
2254 749 8242
2253 750 8241
2252 751 8240
2251 752 8239
2250 753 8238
2249 754 8237
2248 755 8236
2247 756 8235
2246 757 8234
2245 758 8233
2244 759 8232
2243 760 8231
2242 761 8230
2241 762 8229
2240 763 8228
2239 764 8227
2238 765 8226
2237 766 8225
2236 767 8224
2235 768 8223
2234 769 8222
2233 770 8221
2232 771 8220
2231 772 8219
2230 773 8218
2229 774 8217
2228 775 8216
2227 776 8215
2226 777 8214
2225 778 8213
2224 779 8212
2223 780 8211
2222 781 8210
2221 782 8209
2220 783 8208
2219 784 8207
2218 785 8206
2217 786 8205
2216 787 8204
2215 788 8203
2214 789 8202
2213 790 8201
2212 791 8200
2211 792 8199
2210 793 8198
2209 794 8197
2208 795 8196
2207 796 8195
2206 797 8194
2205 798 8193
2204 799 8192
2203 800 8191
2202 801 8190
2201 802 8189
2200 803 8188
2199 804 8187
2198 805 8186
2197 806 8185
2196 807 8184
2195 808 8183
2194 809 8182
2193 810 8181
2192 811 8180
2191 812 8179
2190 813 8178
2189 814 8177
2188 815 8176
2187 816 8175
2186 817 8174
2185 818 8173
2184 819 8172
2183 820 8171
2182 821 8170
2181 822 8169
2180 823 8168
2179 824 8167
2178 825 8166
2177 826 8165
2176 827 8164
2175 828 8163
2174 829 8162
2173 830 8161
2172 831 8160
2171 832 8159
2170 833 8158
2169 834 8157
2168 835 8156
2167 836 8155
2166 837 8154
2165 838 8153
2164 839 8152
2163 840 8151
2162 841 8150
2161 842 8149
2160 843 8148
2159 844 8147
2158 845 8146
2157 846 8145
2156 847 8144
2155 848 8143
2154 849 8142
2153 850 8141
2152 851 8140
2151 852 8139
2150 853 8138
2149 854 8137
2148 855 8136
2147 856 8135
2146 857 8134
2145 858 8133
2144 859 8132
2143 860 8131
2142 861 8130
2141 862 8129
2140 863 8128
2139 864 8127
2138 865 8126
2137 866 8125
2136 867 8124
2135 868 8123
2134 869 8122
2133 870 8121
2132 871 8120
2131 872 8119
2130 873 8118
2129 874 8117
2128 875 8116
2127 876 8115
2126 877 8114
2125 878 8113
2124 879 8112
2123 880 8111
2122 881 8110
2121 882 8109
2120 883 8108
2119 884 8107
2118 885 8106
2117 886 8105
2116 887 8104
2115 888 8103
2114 889 8102
2113 890 8101
2112 891 8100
2111 892 8099
2110 893 8098
2109 894 8097
2108 895 8096
2107 896 8095
2106 897 8094
2105 898 8093
2104 899 8092
2103 900 8091
2102 901 8090
2101 902 8089
2100 903 8088
2099 904 8087
2098 905 8086
2097 906 8085
2096 907 8084
2095 908 8083
2094 909 8082
2093 910 8081
2092 911 8080
2091 912 8079
2090 913 8078
2089 914 8077
2088 915 8076
2087 916 8075
2086 917 8074
2085 918 8073
2084 919 8072
2083 920 8071
2082 921 8070
2081 922 8069
2080 923 8068
2079 924 8067
2078 925 8066
2077 926 8065
2076 927 8064
2075 928 8063
2074 929 8062
2073 930 8061
2072 931 8060
2071 932 8059
2070 933 8058
2069 934 8057
2068 935 8056
2067 936 8055
2066 937 8054
2065 938 8053
2064 939 8052
2063 940 8051
2062 941 8050
2061 942 8049
2060 943 8048
2059 944 8047
2058 945 8046
2057 946 8045
2056 947 8044
2055 948 8043
2054 949 8042
2053 950 8041
2052 951 8040
2051 952 8039
2050 953 8038
2049 954 8037
2048 955 8036
2047 956 8035
2046 957 8034
2045 958 8033
2044 959 8032
2043 960 8031
2042 961 8030
2041 962 8029
2040 963 8028
2039 964 8027
2038 965 8026
2037 966 8025
2036 967 8024
2035 968 8023
2034 969 8022
2033 970 8021
2032 971 8020
2031 972 8019
2030 973 8018
2029 974 8017
2028 975 8016
2027 976 8015
2026 977 8014
2025 978 8013
2024 979 8012
2023 980 8011
2022 981 8010
2021 982 8009
2020 983 8008
2019 984 8007
2018 985 8006
2017 986 8005
2016 987 8004
2015 988 8003
2014 989 8002
2013 990 8001
2012 991 8000
2011 992 7999
2010 993 7998
2009 994 7997
2008 995 7996
2007 996 7995
2006 997 7994
2005 998 7993
2004 999 7992
2003 1000 7991
2002 1001 7990
2001 1002 7989
2000 1003 7988
1999 1004 7987
1998 1005 7986
1997 1006 7985
1996 1007 7984
1995 1008 7983
1994 1009 7982
1993 1010 7981
1992 1011 7980
1991 1012 7979
1990 1013 7978
1989 1014 7977
1988 1015 7976
1987 1016 7975
1986 1017 7974
1985 1018 7973
1984 1019 7972
1983 1020 7971
1982 1021 7970
1981 1022 7969
1980 1023 7968
1979 1024 7967
1978 1025 7966
1977 1026 7965
1976 1027 7964
1975 1028 7963
1974 1029 7962
1973 1030 7961
1972 1031 7960
1971 1032 7959
1970 1033 7958
1969 1034 7957
1968 1035 7956
1967 1036 7955
1966 1037 7954
1965 1038 7953
1964 1039 7952
1963 1040 7951
1962 1041 7950
1961 1042 7949
1960 1043 7948
1959 1044 7947
1958 1045 7946
1957 1046 7945
1956 1047 7944
1955 1048 7943
1954 1049 7942
1953 1050 7941
1952 1051 7940
1951 1052 7939
1950 1053 7938
1949 1054 7937
1948 1055 7936
1947 1056 7935
1946 1057 7934
1945 1058 7933
1944 1059 7932
1943 1060 7931
1942 1061 7930
1941 1062 7929
1940 1063 7928
1939 1064 7927
1938 1065 7926
1937 1066 7925
1936 1067 7924
1935 1068 7923
1934 1069 7922
1933 1070 7921
1932 1071 7920
1931 1072 7919
1930 1073 7918
1929 1074 7917
1928 1075 7916
1927 1076 7915
1926 1077 7914
1925 1078 7913
1924 1079 7912
1923 1080 7911
1922 1081 7910
1921 1082 7909
1920 1083 7908
1919 1084 7907
1918 1085 7906
1917 1086 7905
1916 1087 7904
1915 1088 7903
1914 1089 7902
1913 1090 7901
1912 1091 7900
1911 1092 7899
1910 1093 7898
1909 1094 7897
1908 1095 7896
1907 1096 7895
1906 1097 7894
1905 1098 7893
1904 1099 7892
1903 1100 7891
1902 1101 7890
1901 1102 7889
1900 1103 7888
1899 1104 7887
1898 1105 7886
1897 1106 7885
1896 1107 7884
1895 1108 7883
1894 1109 7882
1893 1110 7881
1892 1111 7880
1891 1112 7879
1890 1113 7878
1889 1114 7877
1888 1115 7876
1887 1116 7875
1886 1117 7874
1885 1118 7873
1884 1119 7872
1883 1120 7871
1882 1121 7870
1881 1122 7869
1880 1123 7868
1879 1124 7867
1878 1125 7866
1877 1126 7865
1876 1127 7864
1875 1128 7863
1874 1129 7862
1873 1130 7861
1872 1131 7860
1871 1132 7859
1870 1133 7858
1869 1134 7857
1868 1135 7856
1867 1136 7855
1866 1137 7854
1865 1138 7853
1864 1139 7852
1863 1140 7851
1862 1141 7850
1861 1142 7849
1860 1143 7848
1859 1144 7847
1858 1145 7846
1857 1146 7845
1856 1147 7844
1855 1148 7843
1854 1149 7842
1853 1150 7841
1852 1151 7840
1851 1152 7839
1850 1153 7838
1849 1154 7837
1848 1155 7836
1847 1156 7835
1846 1157 7834
1845 1158 7833
1844 1159 7832
1843 1160 7831
1842 1161 7830
1841 1162 7829
1840 1163 7828
1839 1164 7827
1838 1165 7826
1837 1166 7825
1836 1167 7824
1835 1168 7823
1834 1169 7822
1833 1170 7821
1832 1171 7820
1831 1172 7819
1830 1173 7818
1829 1174 7817
1828 1175 7816
1827 1176 7815
1826 1177 7814
1825 1178 7813
1824 1179 7812
1823 1180 7811
1822 1181 7810
1821 1182 7809
1820 1183 7808
1819 1184 7807
1818 1185 7806
1817 1186 7805
1816 1187 7804
1815 1188 7803
1814 1189 7802
1813 1190 7801
1812 1191 7800
1811 1192 7799
1810 1193 7798
1809 1194 7797
1808 1195 7796
1807 1196 7795
1806 1197 7794
1805 1198 7793
1804 1199 7792
1803 1200 7791
1802 1201 7790
1801 1202 7789
1800 1203 7788
1799 1204 7787
1798 1205 7786
1797 1206 7785
1796 1207 7784
1795 1208 7783
1794 1209 7782
1793 1210 7781
1792 1211 7780
1791 1212 7779
1790 1213 7778
1789 1214 7777
1788 1215 7776
1787 1216 7775
1786 1217 7774
1785 1218 7773
1784 1219 7772
1783 1220 7771
1782 1221 7770
1781 1222 7769
1780 1223 7768
1779 1224 7767
1778 1225 7766
1777 1226 7765
1776 1227 7764
1775 1228 7763
1774 1229 7762
1773 1230 7761
1772 1231 7760
1771 1232 7759
1770 1233 7758
1769 1234 7757
1768 1235 7756
1767 1236 7755
1766 1237 7754
1765 1238 7753
1764 1239 7752
1763 1240 7751
1762 1241 7750
1761 1242 7749
1760 1243 7748
1759 1244 7747
1758 1245 7746
1757 1246 7745
1756 1247 7744
1755 1248 7743
1754 1249 7742
1753 1250 7741
1752 1251 7740
1751 1252 7739
1750 1253 7738
1749 1254 7737
1748 1255 7736
1747 1256 7735
1746 1257 7734
1745 1258 7733
1744 1259 7732
1743 1260 7731
1742 1261 7730
1741 1262 7729
1740 1263 7728
1739 1264 7727
1738 1265 7726
1737 1266 7725
1736 1267 7724
1735 1268 7723
1734 1269 7722
1733 1270 7721
1732 1271 7720
1731 1272 7719
1730 1273 7718
1729 1274 7717
1728 1275 7716
1727 1276 7715
1726 1277 7714
1725 1278 7713
1724 1279 7712
1723 1280 7711
1722 1281 7710
1721 1282 7709
1720 1283 7708
1719 1284 7707
1718 1285 7706
1717 1286 7705
1716 1287 7704
1715 1288 7703
1714 1289 7702
1713 1290 7701
1712 1291 7700
1711 1292 7699
1710 1293 7698
1709 1294 7697
1708 1295 7696
1707 1296 7695
1706 1297 7694
1705 1298 7693
1704 1299 7692
1703 1300 7691
1702 1301 7690
1701 1302 7689
1700 1303 7688
1699 1304 7687
1698 1305 7686
1697 1306 7685
1696 1307 7684
1695 1308 7683
1694 1309 7682
1693 1310 7681
1692 1311 7680
1691 1312 7679
1690 1313 7678
1689 1314 7677
1688 1315 7676
1687 1316 7675
1686 1317 7674
1685 1318 7673
1684 1319 7672
1683 1320 7671
1682 1321 7670
1681 1322 7669
1680 1323 7668
1679 1324 7667
1678 1325 7666
1677 1326 7665
1676 1327 7664
1675 1328 7663
1674 1329 7662
1673 1330 7661
1672 1331 7660
1671 1332 7659
1670 1333 7658
1669 1334 7657
1668 1335 7656
1667 1336 7655
1666 1337 7654
1665 1338 7653
1664 1339 7652
1663 1340 7651
1662 1341 7650
1661 1342 7649
1660 1343 7648
1659 1344 7647
1658 1345 7646
1657 1346 7645
1656 1347 7644
1655 1348 7643
1654 1349 7642
1653 1350 7641
1652 1351 7640
1651 1352 7639
1650 1353 7638
1649 1354 7637
1648 1355 7636
1647 1356 7635
1646 1357 7634
1645 1358 7633
1644 1359 7632
1643 1360 7631
1642 1361 7630
1641 1362 7629
1640 1363 7628
1639 1364 7627
1638 1365 7626
1637 1366 7625
1636 1367 7624
1635 1368 7623
1634 1369 7622
1633 1370 7621
1632 1371 7620
1631 1372 7619
1630 1373 7618
1629 1374 7617
1628 1375 7616
1627 1376 7615
1626 1377 7614
1625 1378 7613
1624 1379 7612
1623 1380 7611
1622 1381 7610
1621 1382 7609
1620 1383 7608
1619 1384 7607
1618 1385 7606
1617 1386 7605
1616 1387 7604
1615 1388 7603
1614 1389 7602
1613 1390 7601
1612 1391 7600
1611 1392 7599
1610 1393 7598
1609 1394 7597
1608 1395 7596
1607 1396 7595
1606 1397 7594
1605 1398 7593
1604 1399 7592
1603 1400 7591
1602 1401 7590
1601 1402 7589
1600 1403 7588
1599 1404 7587
1598 1405 7586
1597 1406 7585
1596 1407 7584
1595 1408 7583
1594 1409 7582
1593 1410 7581
1592 1411 7580
1591 1412 7579
1590 1413 7578
1589 1414 7577
1588 1415 7576
1587 1416 7575
1586 1417 7574
1585 1418 7573
1584 1419 7572
1583 1420 7571
1582 1421 7570
1581 1422 7569
1580 1423 7568
1579 1424 7567
1578 1425 7566
1577 1426 7565
1576 1427 7564
1575 1428 7563
1574 1429 7562
1573 1430 7561
1572 1431 7560
1571 1432 7559
1570 1433 7558
1569 1434 7557
1568 1435 7556
1567 1436 7555
1566 1437 7554
1565 1438 7553
1564 1439 7552
1563 1440 7551
1562 1441 7550
1561 1442 7549
1560 1443 7548
1559 1444 7547
1558 1445 7546
1557 1446 7545
1556 1447 7544
1555 1448 7543
1554 1449 7542
1553 1450 7541
1552 1451 7540
1551 1452 7539
1550 1453 7538
1549 1454 7537
1548 1455 7536
1547 1456 7535
1546 1457 7534
1545 1458 7533
1544 1459 7532
1543 1460 7531
1542 1461 7530
1541 1462 7529
1540 1463 7528
1539 1464 7527
1538 1465 7526
1537 1466 7525
1536 1467 7524
1535 1468 7523
1534 1469 7522
1533 1470 7521
1532 1471 7520
1531 1472 7519
1530 1473 7518
1529 1474 7517
1528 1475 7516
1527 1476 7515
1526 1477 7514
1525 1478 7513
1524 1479 7512
1523 1480 7511
1522 1481 7510
1521 1482 7509
1520 1483 7508
1519 1484 7507
1518 1485 7506
1517 1486 7505
1516 1487 7504
1515 1488 7503
1514 1489 7502
1513 1490 7501
1512 1491 7500
1511 1492 7499
1510 1493 7498
1509 1494 7497
1508 1495 7496
1507 1496 7495
1506 1497 7494
1505 1498 7493
1504 1499 7492
1503 1500 7491
1502 1501 7490
1501 1502 7489
1500 1503 7488
1499 1504 7487
1498 1505 7486
1497 1506 7485
1496 1507 7484
1495 1508 7483
1494 1509 7482
1493 1510 7481
1492 1511 7480
1491 1512 7479
1490 1513 7478
1489 1514 7477
1488 1515 7476
1487 1516 7475
1486 1517 7474
1485 1518 7473
1484 1519 7472
1483 1520 7471
1482 1521 7470
1481 1522 7469
1480 1523 7468
1479 1524 7467
1478 1525 7466
1477 1526 7465
1476 1527 7464
1475 1528 7463
1474 1529 7462
1473 1530 7461
1472 1531 7460
1471 1532 7459
1470 1533 7458
1469 1534 7457
1468 1535 7456
1467 1536 7455
1466 1537 7454
1465 1538 7453
1464 1539 7452
1463 1540 7451
1462 1541 7450
1461 1542 7449
1460 1543 7448
1459 1544 7447
1458 1545 7446
1457 1546 7445
1456 1547 7444
1455 1548 7443
1454 1549 7442
1453 1550 7441
1452 1551 7440
1451 1552 7439
1450 1553 7438
1449 1554 7437
1448 1555 7436
1447 1556 7435
1446 1557 7434
1445 1558 7433
1444 1559 7432
1443 1560 7431
1442 1561 7430
1441 1562 7429
1440 1563 7428
1439 1564 7427
1438 1565 7426
1437 1566 7425
1436 1567 7424
1435 1568 7423
1434 1569 7422
1433 1570 7421
1432 1571 7420
1431 1572 7419
1430 1573 7418
1429 1574 7417
1428 1575 7416
1427 1576 7415
1426 1577 7414
1425 1578 7413
1424 1579 7412
1423 1580 7411
1422 1581 7410
1421 1582 7409
1420 1583 7408
1419 1584 7407
1418 1585 7406
1417 1586 7405
1416 1587 7404
1415 1588 7403
1414 1589 7402
1413 1590 7401
1412 1591 7400
1411 1592 7399
1410 1593 7398
1409 1594 7397
1408 1595 7396
1407 1596 7395
1406 1597 7394
1405 1598 7393
1404 1599 7392
1403 1600 7391
1402 1601 7390
1401 1602 7389
1400 1603 7388
1399 1604 7387
1398 1605 7386
1397 1606 7385
1396 1607 7384
1395 1608 7383
1394 1609 7382
1393 1610 7381
1392 1611 7380
1391 1612 7379
1390 1613 7378
1389 1614 7377
1388 1615 7376
1387 1616 7375
1386 1617 7374
1385 1618 7373
1384 1619 7372
1383 1620 7371
1382 1621 7370
1381 1622 7369
1380 1623 7368
1379 1624 7367
1378 1625 7366
1377 1626 7365
1376 1627 7364
1375 1628 7363
1374 1629 7362
1373 1630 7361
1372 1631 7360
1371 1632 7359
1370 1633 7358
1369 1634 7357
1368 1635 7356
1367 1636 7355
1366 1637 7354
1365 1638 7353
1364 1639 7352
1363 1640 7351
1362 1641 7350
1361 1642 7349
1360 1643 7348
1359 1644 7347
1358 1645 7346
1357 1646 7345
1356 1647 7344
1355 1648 7343
1354 1649 7342
1353 1650 7341
1352 1651 7340
1351 1652 7339
1350 1653 7338
1349 1654 7337
1348 1655 7336
1347 1656 7335
1346 1657 7334
1345 1658 7333
1344 1659 7332
1343 1660 7331
1342 1661 7330
1341 1662 7329
1340 1663 7328
1339 1664 7327
1338 1665 7326
1337 1666 7325
1336 1667 7324
1335 1668 7323
1334 1669 7322
1333 1670 7321
1332 1671 7320
1331 1672 7319
1330 1673 7318
1329 1674 7317
1328 1675 7316
1327 1676 7315
1326 1677 7314
1325 1678 7313
1324 1679 7312
1323 1680 7311
1322 1681 7310
1321 1682 7309
1320 1683 7308
1319 1684 7307
1318 1685 7306
1317 1686 7305
1316 1687 7304
1315 1688 7303
1314 1689 7302
1313 1690 7301
1312 1691 7300
1311 1692 7299
1310 1693 7298
1309 1694 7297
1308 1695 7296
1307 1696 7295
1306 1697 7294
1305 1698 7293
1304 1699 7292
1303 1700 7291
1302 1701 7290
1301 1702 7289
1300 1703 7288
1299 1704 7287
1298 1705 7286
1297 1706 7285
1296 1707 7284
1295 1708 7283
1294 1709 7282
1293 1710 7281
1292 1711 7280
1291 1712 7279
1290 1713 7278
1289 1714 7277
1288 1715 7276
1287 1716 7275
1286 1717 7274
1285 1718 7273
1284 1719 7272
1283 1720 7271
1282 1721 7270
1281 1722 7269
1280 1723 7268
1279 1724 7267
1278 1725 7266
1277 1726 7265
1276 1727 7264
1275 1728 7263
1274 1729 7262
1273 1730 7261
1272 1731 7260
1271 1732 7259
1270 1733 7258
1269 1734 7257
1268 1735 7256
1267 1736 7255
1266 1737 7254
1265 1738 7253
1264 1739 7252
1263 1740 7251
1262 1741 7250
1261 1742 7249
1260 1743 7248
1259 1744 7247
1258 1745 7246
1257 1746 7245
1256 1747 7244
1255 1748 7243
1254 1749 7242
1253 1750 7241
1252 1751 7240
1251 1752 7239
1250 1753 7238
1249 1754 7237
1248 1755 7236
1247 1756 7235
1246 1757 7234
1245 1758 7233
1244 1759 7232
1243 1760 7231
1242 1761 7230
1241 1762 7229
1240 1763 7228
1239 1764 7227
1238 1765 7226
1237 1766 7225
1236 1767 7224
1235 1768 7223
1234 1769 7222
1233 1770 7221
1232 1771 7220
1231 1772 7219
1230 1773 7218
1229 1774 7217
1228 1775 7216
1227 1776 7215
1226 1777 7214
1225 1778 7213
1224 1779 7212
1223 1780 7211
1222 1781 7210
1221 1782 7209
1220 1783 7208
1219 1784 7207
1218 1785 7206
1217 1786 7205
1216 1787 7204
1215 1788 7203
1214 1789 7202
1213 1790 7201
1212 1791 7200
1211 1792 7199
1210 1793 7198
1209 1794 7197
1208 1795 7196
1207 1796 7195
1206 1797 7194
1205 1798 7193
1204 1799 7192
1203 1800 7191
1202 1801 7190
1201 1802 7189
1200 1803 7188
1199 1804 7187
1198 1805 7186
1197 1806 7185
1196 1807 7184
1195 1808 7183
1194 1809 7182
1193 1810 7181
1192 1811 7180
1191 1812 7179
1190 1813 7178
1189 1814 7177
1188 1815 7176
1187 1816 7175
1186 1817 7174
1185 1818 7173
1184 1819 7172
1183 1820 7171
1182 1821 7170
1181 1822 7169
1180 1823 7168
1179 1824 7167
1178 1825 7166
1177 1826 7165
1176 1827 7164
1175 1828 7163
1174 1829 7162
1173 1830 7161
1172 1831 7160
1171 1832 7159
1170 1833 7158
1169 1834 7157
1168 1835 7156
1167 1836 7155
1166 1837 7154
1165 1838 7153
1164 1839 7152
1163 1840 7151
1162 1841 7150
1161 1842 7149
1160 1843 7148
1159 1844 7147
1158 1845 7146
1157 1846 7145
1156 1847 7144
1155 1848 7143
1154 1849 7142
1153 1850 7141
1152 1851 7140
1151 1852 7139
1150 1853 7138
1149 1854 7137
1148 1855 7136
1147 1856 7135
1146 1857 7134
1145 1858 7133
1144 1859 7132
1143 1860 7131
1142 1861 7130
1141 1862 7129
1140 1863 7128
1139 1864 7127
1138 1865 7126
1137 1866 7125
1136 1867 7124
1135 1868 7123
1134 1869 7122
1133 1870 7121
1132 1871 7120
1131 1872 7119
1130 1873 7118
1129 1874 7117
1128 1875 7116
1127 1876 7115
1126 1877 7114
1125 1878 7113
1124 1879 7112
1123 1880 7111
1122 1881 7110
1121 1882 7109
1120 1883 7108
1119 1884 7107
1118 1885 7106
1117 1886 7105
1116 1887 7104
1115 1888 7103
1114 1889 7102
1113 1890 7101
1112 1891 7100
1111 1892 7099
1110 1893 7098
1109 1894 7097
1108 1895 7096
1107 1896 7095
1106 1897 7094
1105 1898 7093
1104 1899 7092
1103 1900 7091
1102 1901 7090
1101 1902 7089
1100 1903 7088
1099 1904 7087
1098 1905 7086
1097 1906 7085
1096 1907 7084
1095 1908 7083
1094 1909 7082
1093 1910 7081
1092 1911 7080
1091 1912 7079
1090 1913 7078
1089 1914 7077
1088 1915 7076
1087 1916 7075
1086 1917 7074
1085 1918 7073
1084 1919 7072
1083 1920 7071
1082 1921 7070
1081 1922 7069
1080 1923 7068
1079 1924 7067
1078 1925 7066
1077 1926 7065
1076 1927 7064
1075 1928 7063
1074 1929 7062
1073 1930 7061
1072 1931 7060
1071 1932 7059
1070 1933 7058
1069 1934 7057
1068 1935 7056
1067 1936 7055
1066 1937 7054
1065 1938 7053
1064 1939 7052
1063 1940 7051
1062 1941 7050
1061 1942 7049
1060 1943 7048
1059 1944 7047
1058 1945 7046
1057 1946 7045
1056 1947 7044
1055 1948 7043
1054 1949 7042
1053 1950 7041
1052 1951 7040
1051 1952 7039
1050 1953 7038
1049 1954 7037
1048 1955 7036
1047 1956 7035
1046 1957 7034
1045 1958 7033
1044 1959 7032
1043 1960 7031
1042 1961 7030
1041 1962 7029
1040 1963 7028
1039 1964 7027
1038 1965 7026
1037 1966 7025
1036 1967 7024
1035 1968 7023
1034 1969 7022
1033 1970 7021
1032 1971 7020
1031 1972 7019
1030 1973 7018
1029 1974 7017
1028 1975 7016
1027 1976 7015
1026 1977 7014
1025 1978 7013
1024 1979 7012
1023 1980 7011
1022 1981 7010
1021 1982 7009
1020 1983 7008
1019 1984 7007
1018 1985 7006
1017 1986 7005
1016 1987 7004
1015 1988 7003
1014 1989 7002
1013 1990 7001
1012 1991 7000
1011 1992 6999
1010 1993 6998
1009 1994 6997
1008 1995 6996
1007 1996 6995
1006 1997 6994
1005 1998 6993
1004 1999 6992
1003 2000 6991
1002 2001 6990
1001 2002 6989
1000 2003 6988
999 2004 6987
998 2005 6986
997 2006 6985
996 2007 6984
995 2008 6983
994 2009 6982
993 2010 6981
992 2011 6980
991 2012 6979
990 2013 6978
989 2014 6977
988 2015 6976
987 2016 6975
986 2017 6974
985 2018 6973
984 2019 6972
983 2020 6971
982 2021 6970
981 2022 6969
980 2023 6968
979 2024 6967
978 2025 6966
977 2026 6965
976 2027 6964
975 2028 6963
974 2029 6962
973 2030 6961
972 2031 6960
971 2032 6959
970 2033 6958
969 2034 6957
968 2035 6956
967 2036 6955
966 2037 6954
965 2038 6953
964 2039 6952
963 2040 6951
962 2041 6950
961 2042 6949
960 2043 6948
959 2044 6947
958 2045 6946
957 2046 6945
956 2047 6944
955 2048 6943
954 2049 6942
953 2050 6941
952 2051 6940
951 2052 6939
950 2053 6938
949 2054 6937
948 2055 6936
947 2056 6935
946 2057 6934
945 2058 6933
944 2059 6932
943 2060 6931
942 2061 6930
941 2062 6929
940 2063 6928
939 2064 6927
938 2065 6926
937 2066 6925
936 2067 6924
935 2068 6923
934 2069 6922
933 2070 6921
932 2071 6920
931 2072 6919
930 2073 6918
929 2074 6917
928 2075 6916
927 2076 6915
926 2077 6914
925 2078 6913
924 2079 6912
923 2080 6911
922 2081 6910
921 2082 6909
920 2083 6908
919 2084 6907
918 2085 6906
917 2086 6905
916 2087 6904
915 2088 6903
914 2089 6902
913 2090 6901
912 2091 6900
911 2092 6899
910 2093 6898
909 2094 6897
908 2095 6896
907 2096 6895
906 2097 6894
905 2098 6893
904 2099 6892
903 2100 6891
902 2101 6890
901 2102 6889
900 2103 6888
899 2104 6887
898 2105 6886
897 2106 6885
896 2107 6884
895 2108 6883
894 2109 6882
893 2110 6881
892 2111 6880
891 2112 6879
890 2113 6878
889 2114 6877
888 2115 6876
887 2116 6875
886 2117 6874
885 2118 6873
884 2119 6872
883 2120 6871
882 2121 6870
881 2122 6869
880 2123 6868
879 2124 6867
878 2125 6866
877 2126 6865
876 2127 6864
875 2128 6863
874 2129 6862
873 2130 6861
872 2131 6860
871 2132 6859
870 2133 6858
869 2134 6857
868 2135 6856
867 2136 6855
866 2137 6854
865 2138 6853
864 2139 6852
863 2140 6851
862 2141 6850
861 2142 6849
860 2143 6848
859 2144 6847
858 2145 6846
857 2146 6845
856 2147 6844
855 2148 6843
854 2149 6842
853 2150 6841
852 2151 6840
851 2152 6839
850 2153 6838
849 2154 6837
848 2155 6836
847 2156 6835
846 2157 6834
845 2158 6833
844 2159 6832
843 2160 6831
842 2161 6830
841 2162 6829
840 2163 6828
839 2164 6827
838 2165 6826
837 2166 6825
836 2167 6824
835 2168 6823
834 2169 6822
833 2170 6821
832 2171 6820
831 2172 6819
830 2173 6818
829 2174 6817
828 2175 6816
827 2176 6815
826 2177 6814
825 2178 6813
824 2179 6812
823 2180 6811
822 2181 6810
821 2182 6809
820 2183 6808
819 2184 6807
818 2185 6806
817 2186 6805
816 2187 6804
815 2188 6803
814 2189 6802
813 2190 6801
812 2191 6800
811 2192 6799
810 2193 6798
809 2194 6797
808 2195 6796
807 2196 6795
806 2197 6794
805 2198 6793
804 2199 6792
803 2200 6791
802 2201 6790
801 2202 6789
800 2203 6788
799 2204 6787
798 2205 6786
797 2206 6785
796 2207 6784
795 2208 6783
794 2209 6782
793 2210 6781
792 2211 6780
791 2212 6779
790 2213 6778
789 2214 6777
788 2215 6776
787 2216 6775
786 2217 6774
785 2218 6773
784 2219 6772
783 2220 6771
782 2221 6770
781 2222 6769
780 2223 6768
779 2224 6767
778 2225 6766
777 2226 6765
776 2227 6764
775 2228 6763
774 2229 6762
773 2230 6761
772 2231 6760
771 2232 6759
770 2233 6758
769 2234 6757
768 2235 6756
767 2236 6755
766 2237 6754
765 2238 6753
764 2239 6752
763 2240 6751
762 2241 6750
761 2242 6749
760 2243 6748
759 2244 6747
758 2245 6746
757 2246 6745
756 2247 6744
755 2248 6743
754 2249 6742
753 2250 6741
752 2251 6740
751 2252 6739
750 2253 6738
749 2254 6737
748 2255 6736
747 2256 6735
746 2257 6734
745 2258 6733
744 2259 6732
743 2260 6731
742 2261 6730
741 2262 6729
740 2263 6728
739 2264 6727
738 2265 6726
737 2266 6725
736 2267 6724
735 2268 6723
734 2269 6722
733 2270 6721
732 2271 6720
731 2272 6719
730 2273 6718
729 2274 6717
728 2275 6716
727 2276 6715
726 2277 6714
725 2278 6713
724 2279 6712
723 2280 6711
722 2281 6710
721 2282 6709
720 2283 6708
719 2284 6707
718 2285 6706
717 2286 6705
716 2287 6704
715 2288 6703
714 2289 6702
713 2290 6701
712 2291 6700
711 2292 6699
710 2293 6698
709 2294 6697
708 2295 6696
707 2296 6695
706 2297 6694
705 2298 6693
704 2299 6692
703 2300 6691
702 2301 6690
701 2302 6689
700 2303 6688
699 2304 6687
698 2305 6686
697 2306 6685
696 2307 6684
695 2308 6683
694 2309 6682
693 2310 6681
692 2311 6680
691 2312 6679
690 2313 6678
689 2314 6677
688 2315 6676
687 2316 6675
686 2317 6674
685 2318 6673
684 2319 6672
683 2320 6671
682 2321 6670
681 2322 6669
680 2323 6668
679 2324 6667
678 2325 6666
677 2326 6665
676 2327 6664
675 2328 6663
674 2329 6662
673 2330 6661
672 2331 6660
671 2332 6659
670 2333 6658
669 2334 6657
668 2335 6656
667 2336 6655
666 2337 6654
665 2338 6653
664 2339 6652
663 2340 6651
662 2341 6650
661 2342 6649
660 2343 6648
659 2344 6647
658 2345 6646
657 2346 6645
656 2347 6644
655 2348 6643
654 2349 6642
653 2350 6641
652 2351 6640
651 2352 6639
650 2353 6638
649 2354 6637
648 2355 6636
647 2356 6635
646 2357 6634
645 2358 6633
644 2359 6632
643 2360 6631
642 2361 6630
641 2362 6629
640 2363 6628
639 2364 6627
638 2365 6626
637 2366 6625
636 2367 6624
635 2368 6623
634 2369 6622
633 2370 6621
632 2371 6620
631 2372 6619
630 2373 6618
629 2374 6617
628 2375 6616
627 2376 6615
626 2377 6614
625 2378 6613
624 2379 6612
623 2380 6611
622 2381 6610
621 2382 6609
620 2383 6608
619 2384 6607
618 2385 6606
617 2386 6605
616 2387 6604
615 2388 6603
614 2389 6602
613 2390 6601
612 2391 6600
611 2392 6599
610 2393 6598
609 2394 6597
608 2395 6596
607 2396 6595
606 2397 6594
605 2398 6593
604 2399 6592
603 2400 6591
602 2401 6590
601 2402 6589
600 2403 6588
599 2404 6587
598 2405 6586
597 2406 6585
596 2407 6584
595 2408 6583
594 2409 6582
593 2410 6581
592 2411 6580
591 2412 6579
590 2413 6578
589 2414 6577
588 2415 6576
587 2416 6575
586 2417 6574
585 2418 6573
584 2419 6572
583 2420 6571
582 2421 6570
581 2422 6569
580 2423 6568
579 2424 6567
578 2425 6566
577 2426 6565
576 2427 6564
575 2428 6563
574 2429 6562
573 2430 6561
572 2431 6560
571 2432 6559
570 2433 6558
569 2434 6557
568 2435 6556
567 2436 6555
566 2437 6554
565 2438 6553
564 2439 6552
563 2440 6551
562 2441 6550
561 2442 6549
560 2443 6548
559 2444 6547
558 2445 6546
557 2446 6545
556 2447 6544
555 2448 6543
554 2449 6542
553 2450 6541
552 2451 6540
551 2452 6539
550 2453 6538
549 2454 6537
548 2455 6536
547 2456 6535
546 2457 6534
545 2458 6533
544 2459 6532
543 2460 6531
542 2461 6530
541 2462 6529
540 2463 6528
539 2464 6527
538 2465 6526
537 2466 6525
536 2467 6524
535 2468 6523
534 2469 6522
533 2470 6521
532 2471 6520
531 2472 6519
530 2473 6518
529 2474 6517
528 2475 6516
527 2476 6515
526 2477 6514
525 2478 6513
524 2479 6512
523 2480 6511
522 2481 6510
521 2482 6509
520 2483 6508
519 2484 6507
518 2485 6506
517 2486 6505
516 2487 6504
515 2488 6503
514 2489 6502
513 2490 6501
512 2491 6500
511 2492 6499
510 2493 6498
509 2494 6497
508 2495 6496
507 2496 6495
506 2497 6494
505 2498 6493
504 2499 6492
503 2500 6491
502 2501 6490
501 2502 6489
500 2503 6488
499 2504 6487
498 2505 6486
497 2506 6485
496 2507 6484
495 2508 6483
494 2509 6482
493 2510 6481
492 2511 6480
491 2512 6479
490 2513 6478
489 2514 6477
488 2515 6476
487 2516 6475
486 2517 6474
485 2518 6473
484 2519 6472
483 2520 6471
482 2521 6470
481 2522 6469
480 2523 6468
479 2524 6467
478 2525 6466
477 2526 6465
476 2527 6464
475 2528 6463
474 2529 6462
473 2530 6461
472 2531 6460
471 2532 6459
470 2533 6458
469 2534 6457
468 2535 6456
467 2536 6455
466 2537 6454
465 2538 6453
464 2539 6452
463 2540 6451
462 2541 6450
461 2542 6449
460 2543 6448
459 2544 6447
458 2545 6446
457 2546 6445
456 2547 6444
455 2548 6443
454 2549 6442
453 2550 6441
452 2551 6440
451 2552 6439
450 2553 6438
449 2554 6437
448 2555 6436
447 2556 6435
446 2557 6434
445 2558 6433
444 2559 6432
443 2560 6431
442 2561 6430
441 2562 6429
440 2563 6428
439 2564 6427
438 2565 6426
437 2566 6425
436 2567 6424
435 2568 6423
434 2569 6422
433 2570 6421
432 2571 6420
431 2572 6419
430 2573 6418
429 2574 6417
428 2575 6416
427 2576 6415
426 2577 6414
425 2578 6413
424 2579 6412
423 2580 6411
422 2581 6410
421 2582 6409
420 2583 6408
419 2584 6407
418 2585 6406
417 2586 6405
416 2587 6404
415 2588 6403
414 2589 6402
413 2590 6401
412 2591 6400
411 2592 6399
410 2593 6398
409 2594 6397
408 2595 6396
407 2596 6395
406 2597 6394
405 2598 6393
404 2599 6392
403 2600 6391
402 2601 6390
401 2602 6389
400 2603 6388
399 2604 6387
398 2605 6386
397 2606 6385
396 2607 6384
395 2608 6383
394 2609 6382
393 2610 6381
392 2611 6380
391 2612 6379
390 2613 6378
389 2614 6377
388 2615 6376
387 2616 6375
386 2617 6374
385 2618 6373
384 2619 6372
383 2620 6371
382 2621 6370
381 2622 6369
380 2623 6368
379 2624 6367
378 2625 6366
377 2626 6365
376 2627 6364
375 2628 6363
374 2629 6362
373 2630 6361
372 2631 6360
371 2632 6359
370 2633 6358
369 2634 6357
368 2635 6356
367 2636 6355
366 2637 6354
365 2638 6353
364 2639 6352
363 2640 6351
362 2641 6350
361 2642 6349
360 2643 6348
359 2644 6347
358 2645 6346
357 2646 6345
356 2647 6344
355 2648 6343
354 2649 6342
353 2650 6341
352 2651 6340
351 2652 6339
350 2653 6338
349 2654 6337
348 2655 6336
347 2656 6335
346 2657 6334
345 2658 6333
344 2659 6332
343 2660 6331
342 2661 6330
341 2662 6329
340 2663 6328
339 2664 6327
338 2665 6326
337 2666 6325
336 2667 6324
335 2668 6323
334 2669 6322
333 2670 6321
332 2671 6320
331 2672 6319
330 2673 6318
329 2674 6317
328 2675 6316
327 2676 6315
326 2677 6314
325 2678 6313
324 2679 6312
323 2680 6311
322 2681 6310
321 2682 6309
320 2683 6308
319 2684 6307
318 2685 6306
317 2686 6305
316 2687 6304
315 2688 6303
314 2689 6302
313 2690 6301
312 2691 6300
311 2692 6299
310 2693 6298
309 2694 6297
308 2695 6296
307 2696 6295
306 2697 6294
305 2698 6293
304 2699 6292
303 2700 6291
302 2701 6290
301 2702 6289
300 2703 6288
299 2704 6287
298 2705 6286
297 2706 6285
296 2707 6284
295 2708 6283
294 2709 6282
293 2710 6281
292 2711 6280
291 2712 6279
290 2713 6278
289 2714 6277
288 2715 6276
287 2716 6275
286 2717 6274
285 2718 6273
284 2719 6272
283 2720 6271
282 2721 6270
281 2722 6269
280 2723 6268
279 2724 6267
278 2725 6266
277 2726 6265
276 2727 6264
275 2728 6263
274 2729 6262
273 2730 6261
272 2731 6260
271 2732 6259
270 2733 6258
269 2734 6257
268 2735 6256
267 2736 6255
266 2737 6254
265 2738 6253
264 2739 6252
263 2740 6251
262 2741 6250
261 2742 6249
260 2743 6248
259 2744 6247
258 2745 6246
257 2746 6245
256 2747 6244
255 2748 6243
254 2749 6242
253 2750 6241
252 2751 6240
251 2752 6239
250 2753 6238
249 2754 6237
248 2755 6236
247 2756 6235
246 2757 6234
245 2758 6233
244 2759 6232
243 2760 6231
242 2761 6230
241 2762 6229
240 2763 6228
239 2764 6227
238 2765 6226
237 2766 6225
236 2767 6224
235 2768 6223
234 2769 6222
233 2770 6221
232 2771 6220
231 2772 6219
230 2773 6218
229 2774 6217
228 2775 6216
227 2776 6215
226 2777 6214
225 2778 6213
224 2779 6212
223 2780 6211
222 2781 6210
221 2782 6209
220 2783 6208
219 2784 6207
218 2785 6206
217 2786 6205
216 2787 6204
215 2788 6203
214 2789 6202
213 2790 6201
212 2791 6200
211 2792 6199
210 2793 6198
209 2794 6197
208 2795 6196
207 2796 6195
206 2797 6194
205 2798 6193
204 2799 6192
203 2800 6191
202 2801 6190
201 2802 6189
200 2803 6188
199 2804 6187
198 2805 6186
197 2806 6185
196 2807 6184
195 2808 6183
194 2809 6182
193 2810 6181
192 2811 6180
191 2812 6179
190 2813 6178
189 2814 6177
188 2815 6176
187 2816 6175
186 2817 6174
185 2818 6173
184 2819 6172
183 2820 6171
182 2821 6170
181 2822 6169
180 2823 6168
179 2824 6167
178 2825 6166
177 2826 6165
176 2827 6164
175 2828 6163
174 2829 6162
173 2830 6161
172 2831 6160
171 2832 6159
170 2833 6158
169 2834 6157
168 2835 6156
167 2836 6155
166 2837 6154
165 2838 6153
164 2839 6152
163 2840 6151
162 2841 6150
161 2842 6149
160 2843 6148
159 2844 6147
158 2845 6146
157 2846 6145
156 2847 6144
155 2848 6143
154 2849 6142
153 2850 6141
152 2851 6140
151 2852 6139
150 2853 6138
149 2854 6137
148 2855 6136
147 2856 6135
146 2857 6134
145 2858 6133
144 2859 6132
143 2860 6131
142 2861 6130
141 2862 6129
140 2863 6128
139 2864 6127
138 2865 6126
137 2866 6125
136 2867 6124
135 2868 6123
134 2869 6122
133 2870 6121
132 2871 6120
131 2872 6119
130 2873 6118
129 2874 6117
128 2875 6116
127 2876 6115
126 2877 6114
125 2878 6113
124 2879 6112
123 2880 6111
122 2881 6110
121 2882 6109
120 2883 6108
119 2884 6107
118 2885 6106
117 2886 6105
116 2887 6104
115 2888 6103
114 2889 6102
113 2890 6101
112 2891 6100
111 2892 6099
110 2893 6098
109 2894 6097
108 2895 6096
107 2896 6095
106 2897 6094
105 2898 6093
104 2899 6092
103 2900 6091
102 2901 6090
101 2902 6089
100 2903 6088
99 2904 6087
98 2905 6086
97 2906 6085
96 2907 6084
95 2908 6083
94 2909 6082
93 2910 6081
92 2911 6080
91 2912 6079
90 2913 6078
89 2914 6077
88 2915 6076
87 2916 6075
86 2917 6074
85 2918 6073
84 2919 6072
83 2920 6071
82 2921 6070
81 2922 6069
80 2923 6068
79 2924 6067
78 2925 6066
77 2926 6065
76 2927 6064
75 2928 6063
74 2929 6062
73 2930 6061
72 2931 6060
71 2932 6059
70 2933 6058
69 2934 6057
68 2935 6056
67 2936 6055
66 2937 6054
65 2938 6053
64 2939 6052
63 2940 6051
62 2941 6050
61 2942 6049
60 2943 6048
59 2944 6047
58 2945 6046
57 2946 6045
56 2947 6044
55 2948 6043
54 2949 6042
53 2950 6041
52 2951 6040
51 2952 6039
50 2953 6038
49 2954 6037
48 2955 6036
47 2956 6035
46 2957 6034
45 2958 6033
44 2959 6032
43 2960 6031
42 2961 6030
41 2962 6029
40 2963 6028
39 2964 6027
38 2965 6026
37 2966 6025
36 2967 6024
35 2968 6023
34 2969 6022
33 2970 6021
32 2971 6020
31 2972 6019
30 2973 6018
29 2974 6017
28 2975 6016
27 2976 6015
26 2977 6014
25 2978 6013
24 2979 6012
23 2980 6011
22 2981 6010
21 2982 6009
20 2983 6008
19 2984 6007
18 2985 6006
17 2986 6005
16 2987 6004
15 2988 6003
14 2989 6002
13 2990 6001
