2051
3000 3 8051
2999 4 8050
2998 5 8049
2997 6 8048
2996 7 8047
2995 8 8046
2994 9 8045
2993 10 8044
2992 11 8043
2991 12 8042
2990 13 8041
2989 14 8040
2988 15 8039
2987 16 8038
2986 17 8037
2985 18 8036
2984 19 8035
2983 20 8034
2982 21 8033
2981 22 8032
2980 23 8031
2979 24 8030
2978 25 8029
2977 26 8028
2976 27 8027
2975 28 8026
2974 29 8025
2973 30 8024
2972 31 8023
2971 32 8022
2970 33 8021
2969 34 8020
2968 35 8019
2967 36 8018
2966 37 8017
2965 38 8016
2964 39 8015
2963 40 8014
2962 41 8013
2961 42 8012
2960 43 8011
2959 44 8010
2958 45 8009
2957 46 8008
2956 47 8007
2955 48 8006
2954 49 8005
2953 50 8004
2952 51 8003
2951 52 8002
2950 53 8001
2949 54 8000
2948 55 7999
2947 56 7998
2946 57 7997
2945 58 7996
2944 59 7995
2943 60 7994
2942 61 7993
2941 62 7992
2940 63 7991
2939 64 7990
2938 65 7989
2937 66 7988
2936 67 7987
2935 68 7986
2934 69 7985
2933 70 7984
2932 71 7983
2931 72 7982
2930 73 7981
2929 74 7980
2928 75 7979
2927 76 7978
2926 77 7977
2925 78 7976
2924 79 7975
2923 80 7974
2922 81 7973
2921 82 7972
2920 83 7971
2919 84 7970
2918 85 7969
2917 86 7968
2916 87 7967
2915 88 7966
2914 89 7965
2913 90 7964
2912 91 7963
2911 92 7962
2910 93 7961
2909 94 7960
2908 95 7959
2907 96 7958
2906 97 7957
2905 98 7956
2904 99 7955
2903 100 7954
2902 101 7953
2901 102 7952
2900 103 7951
2899 104 7950
2898 105 7949
2897 106 7948
2896 107 7947
2895 108 7946
2894 109 7945
2893 110 7944
2892 111 7943
2891 112 7942
2890 113 7941
2889 114 7940
2888 115 7939
2887 116 7938
2886 117 7937
2885 118 7936
2884 119 7935
2883 120 7934
2882 121 7933
2881 122 7932
2880 123 7931
2879 124 7930
2878 125 7929
2877 126 7928
2876 127 7927
2875 128 7926
2874 129 7925
2873 130 7924
2872 131 7923
2871 132 7922
2870 133 7921
2869 134 7920
2868 135 7919
2867 136 7918
2866 137 7917
2865 138 7916
2864 139 7915
2863 140 7914
2862 141 7913
2861 142 7912
2860 143 7911
2859 144 7910
2858 145 7909
2857 146 7908
2856 147 7907
2855 148 7906
2854 149 7905
2853 150 7904
2852 151 7903
2851 152 7902
2850 153 7901
2849 154 7900
2848 155 7899
2847 156 7898
2846 157 7897
2845 158 7896
2844 159 7895
2843 160 7894
2842 161 7893
2841 162 7892
2840 163 7891
2839 164 7890
2838 165 7889
2837 166 7888
2836 167 7887
2835 168 7886
2834 169 7885
2833 170 7884
2832 171 7883
2831 172 7882
2830 173 7881
2829 174 7880
2828 175 7879
2827 176 7878
2826 177 7877
2825 178 7876
2824 179 7875
2823 180 7874
2822 181 7873
2821 182 7872
2820 183 7871
2819 184 7870
2818 185 7869
2817 186 7868
2816 187 7867
2815 188 7866
2814 189 7865
2813 190 7864
2812 191 7863
2811 192 7862
2810 193 7861
2809 194 7860
2808 195 7859
2807 196 7858
2806 197 7857
2805 198 7856
2804 199 7855
2803 200 7854
2802 201 7853
2801 202 7852
2800 203 7851
2799 204 7850
2798 205 7849
2797 206 7848
2796 207 7847
2795 208 7846
2794 209 7845
2793 210 7844
2792 211 7843
2791 212 7842
2790 213 7841
2789 214 7840
2788 215 7839
2787 216 7838
2786 217 7837
2785 218 7836
2784 219 7835
2783 220 7834
2782 221 7833
2781 222 7832
2780 223 7831
2779 224 7830
2778 225 7829
2777 226 7828
2776 227 7827
2775 228 7826
2774 229 7825
2773 230 7824
2772 231 7823
2771 232 7822
2770 233 7821
2769 234 7820
2768 235 7819
2767 236 7818
2766 237 7817
2765 238 7816
2764 239 7815
2763 240 7814
2762 241 7813
2761 242 7812
2760 243 7811
2759 244 7810
2758 245 7809
2757 246 7808
2756 247 7807
2755 248 7806
2754 249 7805
2753 250 7804
2752 251 7803
2751 252 7802
2750 253 7801
2749 254 7800
2748 255 7799
2747 256 7798
2746 257 7797
2745 258 7796
2744 259 7795
2743 260 7794
2742 261 7793
2741 262 7792
2740 263 7791
2739 264 7790
2738 265 7789
2737 266 7788
2736 267 7787
2735 268 7786
2734 269 7785
2733 270 7784
2732 271 7783
2731 272 7782
2730 273 7781
2729 274 7780
2728 275 7779
2727 276 7778
2726 277 7777
2725 278 7776
2724 279 7775
2723 280 7774
2722 281 7773
2721 282 7772
2720 283 7771
2719 284 7770
2718 285 7769
2717 286 7768
2716 287 7767
2715 288 7766
2714 289 7765
2713 290 7764
2712 291 7763
2711 292 7762
2710 293 7761
2709 294 7760
2708 295 7759
2707 296 7758
2706 297 7757
2705 298 7756
2704 299 7755
2703 300 7754
2702 301 7753
2701 302 7752
2700 303 7751
2699 304 7750
2698 305 7749
2697 306 7748
2696 307 7747
2695 308 7746
2694 309 7745
2693 310 7744
2692 311 7743
2691 312 7742
2690 313 7741
2689 314 7740
2688 315 7739
2687 316 7738
2686 317 7737
2685 318 7736
2684 319 7735
2683 320 7734
2682 321 7733
2681 322 7732
2680 323 7731
2679 324 7730
2678 325 7729
2677 326 7728
2676 327 7727
2675 328 7726
2674 329 7725
2673 330 7724
2672 331 7723
2671 332 7722
2670 333 7721
2669 334 7720
2668 335 7719
2667 336 7718
2666 337 7717
2665 338 7716
2664 339 7715
2663 340 7714
2662 341 7713
2661 342 7712
2660 343 7711
2659 344 7710
2658 345 7709
2657 346 7708
2656 347 7707
2655 348 7706
2654 349 7705
2653 350 7704
2652 351 7703
2651 352 7702
2650 353 7701
2649 354 7700
2648 355 7699
2647 356 7698
2646 357 7697
2645 358 7696
2644 359 7695
2643 360 7694
2642 361 7693
2641 362 7692
2640 363 7691
2639 364 7690
2638 365 7689
2637 366 7688
2636 367 7687
2635 368 7686
2634 369 7685
2633 370 7684
2632 371 7683
2631 372 7682
2630 373 7681
2629 374 7680
2628 375 7679
2627 376 7678
2626 377 7677
2625 378 7676
2624 379 7675
2623 380 7674
2622 381 7673
2621 382 7672
2620 383 7671
2619 384 7670
2618 385 7669
2617 386 7668
2616 387 7667
2615 388 7666
2614 389 7665
2613 390 7664
2612 391 7663
2611 392 7662
2610 393 7661
2609 394 7660
2608 395 7659
2607 396 7658
2606 397 7657
2605 398 7656
2604 399 7655
2603 400 7654
2602 401 7653
2601 402 7652
2600 403 7651
2599 404 7650
2598 405 7649
2597 406 7648
2596 407 7647
2595 408 7646
2594 409 7645
2593 410 7644
2592 411 7643
2591 412 7642
2590 413 7641
2589 414 7640
2588 415 7639
2587 416 7638
2586 417 7637
2585 418 7636
2584 419 7635
2583 420 7634
2582 421 7633
2581 422 7632
2580 423 7631
2579 424 7630
2578 425 7629
2577 426 7628
2576 427 7627
2575 428 7626
2574 429 7625
2573 430 7624
2572 431 7623
2571 432 7622
2570 433 7621
2569 434 7620
2568 435 7619
2567 436 7618
2566 437 7617
2565 438 7616
2564 439 7615
2563 440 7614
2562 441 7613
2561 442 7612
2560 443 7611
2559 444 7610
2558 445 7609
2557 446 7608
2556 447 7607
2555 448 7606
2554 449 7605
2553 450 7604
2552 451 7603
2551 452 7602
2550 453 7601
2549 454 7600
2548 455 7599
2547 456 7598
2546 457 7597
2545 458 7596
2544 459 7595
2543 460 7594
2542 461 7593
2541 462 7592
2540 463 7591
2539 464 7590
2538 465 7589
2537 466 7588
2536 467 7587
2535 468 7586
2534 469 7585
2533 470 7584
2532 471 7583
2531 472 7582
2530 473 7581
2529 474 7580
2528 475 7579
2527 476 7578
2526 477 7577
2525 478 7576
2524 479 7575
2523 480 7574
2522 481 7573
2521 482 7572
2520 483 7571
2519 484 7570
2518 485 7569
2517 486 7568
2516 487 7567
2515 488 7566
2514 489 7565
2513 490 7564
2512 491 7563
2511 492 7562
2510 493 7561
2509 494 7560
2508 495 7559
2507 496 7558
2506 497 7557
2505 498 7556
2504 499 7555
2503 500 7554
2502 501 7553
2501 502 7552
2500 503 7551
2499 504 7550
2498 505 7549
2497 506 7548
2496 507 7547
2495 508 7546
2494 509 7545
2493 510 7544
2492 511 7543
2491 512 7542
2490 513 7541
2489 514 7540
2488 515 7539
2487 516 7538
2486 517 7537
2485 518 7536
2484 519 7535
2483 520 7534
2482 521 7533
2481 522 7532
2480 523 7531
2479 524 7530
2478 525 7529
2477 526 7528
2476 527 7527
2475 528 7526
2474 529 7525
2473 530 7524
2472 531 7523
2471 532 7522
2470 533 7521
2469 534 7520
2468 535 7519
2467 536 7518
2466 537 7517
2465 538 7516
2464 539 7515
2463 540 7514
2462 541 7513
2461 542 7512
2460 543 7511
2459 544 7510
2458 545 7509
2457 546 7508
2456 547 7507
2455 548 7506
2454 549 7505
2453 550 7504
2452 551 7503
2451 552 7502
2450 553 7501
2449 554 7500
2448 555 7499
2447 556 7498
2446 557 7497
2445 558 7496
2444 559 7495
2443 560 7494
2442 561 7493
2441 562 7492
2440 563 7491
2439 564 7490
2438 565 7489
2437 566 7488
2436 567 7487
2435 568 7486
2434 569 7485
2433 570 7484
2432 571 7483
2431 572 7482
2430 573 7481
2429 574 7480
2428 575 7479
2427 576 7478
2426 577 7477
2425 578 7476
2424 579 7475
2423 580 7474
2422 581 7473
2421 582 7472
2420 583 7471
2419 584 7470
2418 585 7469
2417 586 7468
2416 587 7467
2415 588 7466
2414 589 7465
2413 590 7464
2412 591 7463
2411 592 7462
2410 593 7461
2409 594 7460
2408 595 7459
2407 596 7458
2406 597 7457
2405 598 7456
2404 599 7455
2403 600 7454
2402 601 7453
2401 602 7452
2400 603 7451
2399 604 7450
2398 605 7449
2397 606 7448
2396 607 7447
2395 608 7446
2394 609 7445
2393 610 7444
2392 611 7443
2391 612 7442
2390 613 7441
2389 614 7440
2388 615 7439
2387 616 7438
2386 617 7437
2385 618 7436
2384 619 7435
2383 620 7434
2382 621 7433
2381 622 7432
2380 623 7431
2379 624 7430
2378 625 7429
2377 626 7428
2376 627 7427
2375 628 7426
2374 629 7425
2373 630 7424
2372 631 7423
2371 632 7422
2370 633 7421
2369 634 7420
2368 635 7419
2367 636 7418
2366 637 7417
2365 638 7416
2364 639 7415
2363 640 7414
2362 641 7413
2361 642 7412
2360 643 7411
2359 644 7410
2358 645 7409
2357 646 7408
2356 647 7407
2355 648 7406
2354 649 7405
2353 650 7404
2352 651 7403
2351 652 7402
2350 653 7401
2349 654 7400
2348 655 7399
2347 656 7398
2346 657 7397
2345 658 7396
2344 659 7395
2343 660 7394
2342 661 7393
2341 662 7392
2340 663 7391
2339 664 7390
2338 665 7389
2337 666 7388
2336 667 7387
2335 668 7386
2334 669 7385
2333 670 7384
2332 671 7383
2331 672 7382
2330 673 7381
2329 674 7380
2328 675 7379
2327 676 7378
2326 677 7377
2325 678 7376
2324 679 7375
2323 680 7374
2322 681 7373
2321 682 7372
2320 683 7371
2319 684 7370
2318 685 7369
2317 686 7368
2316 687 7367
2315 688 7366
2314 689 7365
2313 690 7364
2312 691 7363
2311 692 7362
2310 693 7361
2309 694 7360
2308 695 7359
2307 696 7358
2306 697 7357
2305 698 7356
2304 699 7355
2303 700 7354
2302 701 7353
2301 702 7352
2300 703 7351
2299 704 7350
2298 705 7349
2297 706 7348
2296 707 7347
2295 708 7346
2294 709 7345
2293 710 7344
2292 711 7343
2291 712 7342
2290 713 7341
2289 714 7340
2288 715 7339
2287 716 7338
2286 717 7337
2285 718 7336
2284 719 7335
2283 720 7334
2282 721 7333
2281 722 7332
2280 723 7331
2279 724 7330
2278 725 7329
2277 726 7328
2276 727 7327
2275 728 7326
2274 729 7325
2273 730 7324
2272 731 7323
2271 732 7322
2270 733 7321
2269 734 7320
2268 735 7319
2267 736 7318
2266 737 7317
2265 738 7316
2264 739 7315
2263 740 7314
2262 741 7313
2261 742 7312
2260 743 7311
2259 744 7310
2258 745 7309
2257 746 7308
2256 747 7307
2255 748 7306
2254 749 7305
2253 750 7304
2252 751 7303
2251 752 7302
2250 753 7301
2249 754 7300
2248 755 7299
2247 756 7298
2246 757 7297
2245 758 7296
2244 759 7295
2243 760 7294
2242 761 7293
2241 762 7292
2240 763 7291
2239 764 7290
2238 765 7289
2237 766 7288
2236 767 7287
2235 768 7286
2234 769 7285
2233 770 7284
2232 771 7283
2231 772 7282
2230 773 7281
2229 774 7280
2228 775 7279
2227 776 7278
2226 777 7277
2225 778 7276
2224 779 7275
2223 780 7274
2222 781 7273
2221 782 7272
2220 783 7271
2219 784 7270
2218 785 7269
2217 786 7268
2216 787 7267
2215 788 7266
2214 789 7265
2213 790 7264
2212 791 7263
2211 792 7262
2210 793 7261
2209 794 7260
2208 795 7259
2207 796 7258
2206 797 7257
2205 798 7256
2204 799 7255
2203 800 7254
2202 801 7253
2201 802 7252
2200 803 7251
2199 804 7250
2198 805 7249
2197 806 7248
2196 807 7247
2195 808 7246
2194 809 7245
2193 810 7244
2192 811 7243
2191 812 7242
2190 813 7241
2189 814 7240
2188 815 7239
2187 816 7238
2186 817 7237
2185 818 7236
2184 819 7235
2183 820 7234
2182 821 7233
2181 822 7232
2180 823 7231
2179 824 7230
2178 825 7229
2177 826 7228
2176 827 7227
2175 828 7226
2174 829 7225
2173 830 7224
2172 831 7223
2171 832 7222
2170 833 7221
2169 834 7220
2168 835 7219
2167 836 7218
2166 837 7217
2165 838 7216
2164 839 7215
2163 840 7214
2162 841 7213
2161 842 7212
2160 843 7211
2159 844 7210
2158 845 7209
2157 846 7208
2156 847 7207
2155 848 7206
2154 849 7205
2153 850 7204
2152 851 7203
2151 852 7202
2150 853 7201
2149 854 7200
2148 855 7199
2147 856 7198
2146 857 7197
2145 858 7196
2144 859 7195
2143 860 7194
2142 861 7193
2141 862 7192
2140 863 7191
2139 864 7190
2138 865 7189
2137 866 7188
2136 867 7187
2135 868 7186
2134 869 7185
2133 870 7184
2132 871 7183
2131 872 7182
2130 873 7181
2129 874 7180
2128 875 7179
2127 876 7178
2126 877 7177
2125 878 7176
2124 879 7175
2123 880 7174
2122 881 7173
2121 882 7172
2120 883 7171
2119 884 7170
2118 885 7169
2117 886 7168
2116 887 7167
2115 888 7166
2114 889 7165
2113 890 7164
2112 891 7163
2111 892 7162
2110 893 7161
2109 894 7160
2108 895 7159
2107 896 7158
2106 897 7157
2105 898 7156
2104 899 7155
2103 900 7154
2102 901 7153
2101 902 7152
2100 903 7151
2099 904 7150
2098 905 7149
2097 906 7148
2096 907 7147
2095 908 7146
2094 909 7145
2093 910 7144
2092 911 7143
2091 912 7142
2090 913 7141
2089 914 7140
2088 915 7139
2087 916 7138
2086 917 7137
2085 918 7136
2084 919 7135
2083 920 7134
2082 921 7133
2081 922 7132
2080 923 7131
2079 924 7130
2078 925 7129
2077 926 7128
2076 927 7127
2075 928 7126
2074 929 7125
2073 930 7124
2072 931 7123
2071 932 7122
2070 933 7121
2069 934 7120
2068 935 7119
2067 936 7118
2066 937 7117
2065 938 7116
2064 939 7115
2063 940 7114
2062 941 7113
2061 942 7112
2060 943 7111
2059 944 7110
2058 945 7109
2057 946 7108
2056 947 7107
2055 948 7106
2054 949 7105
2053 950 7104
2052 951 7103
2051 952 7102
2050 953 7101
2049 954 7100
2048 955 7099
2047 956 7098
2046 957 7097
2045 958 7096
2044 959 7095
2043 960 7094
2042 961 7093
2041 962 7092
2040 963 7091
2039 964 7090
2038 965 7089
2037 966 7088
2036 967 7087
2035 968 7086
2034 969 7085
2033 970 7084
2032 971 7083
2031 972 7082
2030 973 7081
2029 974 7080
2028 975 7079
2027 976 7078
2026 977 7077
2025 978 7076
2024 979 7075
2023 980 7074
2022 981 7073
2021 982 7072
2020 983 7071
2019 984 7070
2018 985 7069
2017 986 7068
2016 987 7067
2015 988 7066
2014 989 7065
2013 990 7064
2012 991 7063
2011 992 7062
2010 993 7061
2009 994 7060
2008 995 7059
2007 996 7058
2006 997 7057
2005 998 7056
2004 999 7055
2003 1000 7054
2002 1001 7053
2001 1002 7052
2000 1003 7051
1999 1004 7050
1998 1005 7049
1997 1006 7048
1996 1007 7047
1995 1008 7046
1994 1009 7045
1993 1010 7044
1992 1011 7043
1991 1012 7042
1990 1013 7041
1989 1014 7040
1988 1015 7039
1987 1016 7038
1986 1017 7037
1985 1018 7036
1984 1019 7035
1983 1020 7034
1982 1021 7033
1981 1022 7032
1980 1023 7031
1979 1024 7030
1978 1025 7029
1977 1026 7028
1976 1027 7027
1975 1028 7026
1974 1029 7025
1973 1030 7024
1972 1031 7023
1971 1032 7022
1970 1033 7021
1969 1034 7020
1968 1035 7019
1967 1036 7018
1966 1037 7017
1965 1038 7016
1964 1039 7015
1963 1040 7014
1962 1041 7013
1961 1042 7012
1960 1043 7011
1959 1044 7010
1958 1045 7009
1957 1046 7008
1956 1047 7007
1955 1048 7006
1954 1049 7005
1953 1050 7004
1952 1051 7003
1951 1052 7002
1950 1053 7001
1949 1054 7000
1948 1055 6999
1947 1056 6998
1946 1057 6997
1945 1058 6996
1944 1059 6995
1943 1060 6994
1942 1061 6993
1941 1062 6992
1940 1063 6991
1939 1064 6990
1938 1065 6989
1937 1066 6988
1936 1067 6987
1935 1068 6986
1934 1069 6985
1933 1070 6984
1932 1071 6983
1931 1072 6982
1930 1073 6981
1929 1074 6980
1928 1075 6979
1927 1076 6978
1926 1077 6977
1925 1078 6976
1924 1079 6975
1923 1080 6974
1922 1081 6973
1921 1082 6972
1920 1083 6971
1919 1084 6970
1918 1085 6969
1917 1086 6968
1916 1087 6967
1915 1088 6966
1914 1089 6965
1913 1090 6964
1912 1091 6963
1911 1092 6962
1910 1093 6961
1909 1094 6960
1908 1095 6959
1907 1096 6958
1906 1097 6957
1905 1098 6956
1904 1099 6955
1903 1100 6954
1902 1101 6953
1901 1102 6952
1900 1103 6951
1899 1104 6950
1898 1105 6949
1897 1106 6948
1896 1107 6947
1895 1108 6946
1894 1109 6945
1893 1110 6944
1892 1111 6943
1891 1112 6942
1890 1113 6941
1889 1114 6940
1888 1115 6939
1887 1116 6938
1886 1117 6937
1885 1118 6936
1884 1119 6935
1883 1120 6934
1882 1121 6933
1881 1122 6932
1880 1123 6931
1879 1124 6930
1878 1125 6929
1877 1126 6928
1876 1127 6927
1875 1128 6926
1874 1129 6925
1873 1130 6924
1872 1131 6923
1871 1132 6922
1870 1133 6921
1869 1134 6920
1868 1135 6919
1867 1136 6918
1866 1137 6917
1865 1138 6916
1864 1139 6915
1863 1140 6914
1862 1141 6913
1861 1142 6912
1860 1143 6911
1859 1144 6910
1858 1145 6909
1857 1146 6908
1856 1147 6907
1855 1148 6906
1854 1149 6905
1853 1150 6904
1852 1151 6903
1851 1152 6902
1850 1153 6901
1849 1154 6900
1848 1155 6899
1847 1156 6898
1846 1157 6897
1845 1158 6896
1844 1159 6895
1843 1160 6894
1842 1161 6893
1841 1162 6892
1840 1163 6891
1839 1164 6890
1838 1165 6889
1837 1166 6888
1836 1167 6887
1835 1168 6886
1834 1169 6885
1833 1170 6884
1832 1171 6883
1831 1172 6882
1830 1173 6881
1829 1174 6880
1828 1175 6879
1827 1176 6878
1826 1177 6877
1825 1178 6876
1824 1179 6875
1823 1180 6874
1822 1181 6873
1821 1182 6872
1820 1183 6871
1819 1184 6870
1818 1185 6869
1817 1186 6868
1816 1187 6867
1815 1188 6866
1814 1189 6865
1813 1190 6864
1812 1191 6863
1811 1192 6862
1810 1193 6861
1809 1194 6860
1808 1195 6859
1807 1196 6858
1806 1197 6857
1805 1198 6856
1804 1199 6855
1803 1200 6854
1802 1201 6853
1801 1202 6852
1800 1203 6851
1799 1204 6850
1798 1205 6849
1797 1206 6848
1796 1207 6847
1795 1208 6846
1794 1209 6845
1793 1210 6844
1792 1211 6843
1791 1212 6842
1790 1213 6841
1789 1214 6840
1788 1215 6839
1787 1216 6838
1786 1217 6837
1785 1218 6836
1784 1219 6835
1783 1220 6834
1782 1221 6833
1781 1222 6832
1780 1223 6831
1779 1224 6830
1778 1225 6829
1777 1226 6828
1776 1227 6827
1775 1228 6826
1774 1229 6825
1773 1230 6824
1772 1231 6823
1771 1232 6822
1770 1233 6821
1769 1234 6820
1768 1235 6819
1767 1236 6818
1766 1237 6817
1765 1238 6816
1764 1239 6815
1763 1240 6814
1762 1241 6813
1761 1242 6812
1760 1243 6811
1759 1244 6810
1758 1245 6809
1757 1246 6808
1756 1247 6807
1755 1248 6806
1754 1249 6805
1753 1250 6804
1752 1251 6803
1751 1252 6802
1750 1253 6801
1749 1254 6800
1748 1255 6799
1747 1256 6798
1746 1257 6797
1745 1258 6796
1744 1259 6795
1743 1260 6794
1742 1261 6793
1741 1262 6792
1740 1263 6791
1739 1264 6790
1738 1265 6789
1737 1266 6788
1736 1267 6787
1735 1268 6786
1734 1269 6785
1733 1270 6784
1732 1271 6783
1731 1272 6782
1730 1273 6781
1729 1274 6780
1728 1275 6779
1727 1276 6778
1726 1277 6777
1725 1278 6776
1724 1279 6775
1723 1280 6774
1722 1281 6773
1721 1282 6772
1720 1283 6771
1719 1284 6770
1718 1285 6769
1717 1286 6768
1716 1287 6767
1715 1288 6766
1714 1289 6765
1713 1290 6764
1712 1291 6763
1711 1292 6762
1710 1293 6761
1709 1294 6760
1708 1295 6759
1707 1296 6758
1706 1297 6757
1705 1298 6756
1704 1299 6755
1703 1300 6754
1702 1301 6753
1701 1302 6752
1700 1303 6751
1699 1304 6750
1698 1305 6749
1697 1306 6748
1696 1307 6747
1695 1308 6746
1694 1309 6745
1693 1310 6744
1692 1311 6743
1691 1312 6742
1690 1313 6741
1689 1314 6740
1688 1315 6739
1687 1316 6738
1686 1317 6737
1685 1318 6736
1684 1319 6735
1683 1320 6734
1682 1321 6733
1681 1322 6732
1680 1323 6731
1679 1324 6730
1678 1325 6729
1677 1326 6728
1676 1327 6727
1675 1328 6726
1674 1329 6725
1673 1330 6724
1672 1331 6723
1671 1332 6722
1670 1333 6721
1669 1334 6720
1668 1335 6719
1667 1336 6718
1666 1337 6717
1665 1338 6716
1664 1339 6715
1663 1340 6714
1662 1341 6713
1661 1342 6712
1660 1343 6711
1659 1344 6710
1658 1345 6709
1657 1346 6708
1656 1347 6707
1655 1348 6706
1654 1349 6705
1653 1350 6704
1652 1351 6703
1651 1352 6702
1650 1353 6701
1649 1354 6700
1648 1355 6699
1647 1356 6698
1646 1357 6697
1645 1358 6696
1644 1359 6695
1643 1360 6694
1642 1361 6693
1641 1362 6692
1640 1363 6691
1639 1364 6690
1638 1365 6689
1637 1366 6688
1636 1367 6687
1635 1368 6686
1634 1369 6685
1633 1370 6684
1632 1371 6683
1631 1372 6682
1630 1373 6681
1629 1374 6680
1628 1375 6679
1627 1376 6678
1626 1377 6677
1625 1378 6676
1624 1379 6675
1623 1380 6674
1622 1381 6673
1621 1382 6672
1620 1383 6671
1619 1384 6670
1618 1385 6669
1617 1386 6668
1616 1387 6667
1615 1388 6666
1614 1389 6665
1613 1390 6664
1612 1391 6663
1611 1392 6662
1610 1393 6661
1609 1394 6660
1608 1395 6659
1607 1396 6658
1606 1397 6657
1605 1398 6656
1604 1399 6655
1603 1400 6654
1602 1401 6653
1601 1402 6652
1600 1403 6651
1599 1404 6650
1598 1405 6649
1597 1406 6648
1596 1407 6647
1595 1408 6646
1594 1409 6645
1593 1410 6644
1592 1411 6643
1591 1412 6642
1590 1413 6641
1589 1414 6640
1588 1415 6639
1587 1416 6638
1586 1417 6637
1585 1418 6636
1584 1419 6635
1583 1420 6634
1582 1421 6633
1581 1422 6632
1580 1423 6631
1579 1424 6630
1578 1425 6629
1577 1426 6628
1576 1427 6627
1575 1428 6626
1574 1429 6625
1573 1430 6624
1572 1431 6623
1571 1432 6622
1570 1433 6621
1569 1434 6620
1568 1435 6619
1567 1436 6618
1566 1437 6617
1565 1438 6616
1564 1439 6615
1563 1440 6614
1562 1441 6613
1561 1442 6612
1560 1443 6611
1559 1444 6610
1558 1445 6609
1557 1446 6608
1556 1447 6607
1555 1448 6606
1554 1449 6605
1553 1450 6604
1552 1451 6603
1551 1452 6602
1550 1453 6601
1549 1454 6600
1548 1455 6599
1547 1456 6598
1546 1457 6597
1545 1458 6596
1544 1459 6595
1543 1460 6594
1542 1461 6593
1541 1462 6592
1540 1463 6591
1539 1464 6590
1538 1465 6589
1537 1466 6588
1536 1467 6587
1535 1468 6586
1534 1469 6585
1533 1470 6584
1532 1471 6583
1531 1472 6582
1530 1473 6581
1529 1474 6580
1528 1475 6579
1527 1476 6578
1526 1477 6577
1525 1478 6576
1524 1479 6575
1523 1480 6574
1522 1481 6573
1521 1482 6572
1520 1483 6571
1519 1484 6570
1518 1485 6569
1517 1486 6568
1516 1487 6567
1515 1488 6566
1514 1489 6565
1513 1490 6564
1512 1491 6563
1511 1492 6562
1510 1493 6561
1509 1494 6560
1508 1495 6559
1507 1496 6558
1506 1497 6557
1505 1498 6556
1504 1499 6555
1503 1500 6554
1502 1501 6553
1501 1502 6552
1500 1503 6551
1499 1504 6550
1498 1505 6549
1497 1506 6548
1496 1507 6547
1495 1508 6546
1494 1509 6545
1493 1510 6544
1492 1511 6543
1491 1512 6542
1490 1513 6541
1489 1514 6540
1488 1515 6539
1487 1516 6538
1486 1517 6537
1485 1518 6536
1484 1519 6535
1483 1520 6534
1482 1521 6533
1481 1522 6532
1480 1523 6531
1479 1524 6530
1478 1525 6529
1477 1526 6528
1476 1527 6527
1475 1528 6526
1474 1529 6525
1473 1530 6524
1472 1531 6523
1471 1532 6522
1470 1533 6521
1469 1534 6520
1468 1535 6519
1467 1536 6518
1466 1537 6517
1465 1538 6516
1464 1539 6515
1463 1540 6514
1462 1541 6513
1461 1542 6512
1460 1543 6511
1459 1544 6510
1458 1545 6509
1457 1546 6508
1456 1547 6507
1455 1548 6506
1454 1549 6505
1453 1550 6504
1452 1551 6503
1451 1552 6502
1450 1553 6501
1449 1554 6500
1448 1555 6499
1447 1556 6498
1446 1557 6497
1445 1558 6496
1444 1559 6495
1443 1560 6494
1442 1561 6493
1441 1562 6492
1440 1563 6491
1439 1564 6490
1438 1565 6489
1437 1566 6488
1436 1567 6487
1435 1568 6486
1434 1569 6485
1433 1570 6484
1432 1571 6483
1431 1572 6482
1430 1573 6481
1429 1574 6480
1428 1575 6479
1427 1576 6478
1426 1577 6477
1425 1578 6476
1424 1579 6475
1423 1580 6474
1422 1581 6473
1421 1582 6472
1420 1583 6471
1419 1584 6470
1418 1585 6469
1417 1586 6468
1416 1587 6467
1415 1588 6466
1414 1589 6465
1413 1590 6464
1412 1591 6463
1411 1592 6462
1410 1593 6461
1409 1594 6460
1408 1595 6459
1407 1596 6458
1406 1597 6457
1405 1598 6456
1404 1599 6455
1403 1600 6454
1402 1601 6453
1401 1602 6452
1400 1603 6451
1399 1604 6450
1398 1605 6449
1397 1606 6448
1396 1607 6447
1395 1608 6446
1394 1609 6445
1393 1610 6444
1392 1611 6443
1391 1612 6442
1390 1613 6441
1389 1614 6440
1388 1615 6439
1387 1616 6438
1386 1617 6437
1385 1618 6436
1384 1619 6435
1383 1620 6434
1382 1621 6433
1381 1622 6432
1380 1623 6431
1379 1624 6430
1378 1625 6429
1377 1626 6428
1376 1627 6427
1375 1628 6426
1374 1629 6425
1373 1630 6424
1372 1631 6423
1371 1632 6422
1370 1633 6421
1369 1634 6420
1368 1635 6419
1367 1636 6418
1366 1637 6417
1365 1638 6416
1364 1639 6415
1363 1640 6414
1362 1641 6413
1361 1642 6412
1360 1643 6411
1359 1644 6410
1358 1645 6409
1357 1646 6408
1356 1647 6407
1355 1648 6406
1354 1649 6405
1353 1650 6404
1352 1651 6403
1351 1652 6402
1350 1653 6401
1349 1654 6400
1348 1655 6399
1347 1656 6398
1346 1657 6397
1345 1658 6396
1344 1659 6395
1343 1660 6394
1342 1661 6393
1341 1662 6392
1340 1663 6391
1339 1664 6390
1338 1665 6389
1337 1666 6388
1336 1667 6387
1335 1668 6386
1334 1669 6385
1333 1670 6384
1332 1671 6383
1331 1672 6382
1330 1673 6381
1329 1674 6380
1328 1675 6379
1327 1676 6378
1326 1677 6377
1325 1678 6376
1324 1679 6375
1323 1680 6374
1322 1681 6373
1321 1682 6372
1320 1683 6371
1319 1684 6370
1318 1685 6369
1317 1686 6368
1316 1687 6367
1315 1688 6366
1314 1689 6365
1313 1690 6364
1312 1691 6363
1311 1692 6362
1310 1693 6361
1309 1694 6360
1308 1695 6359
1307 1696 6358
1306 1697 6357
1305 1698 6356
1304 1699 6355
1303 1700 6354
1302 1701 6353
1301 1702 6352
1300 1703 6351
1299 1704 6350
1298 1705 6349
1297 1706 6348
1296 1707 6347
1295 1708 6346
1294 1709 6345
1293 1710 6344
1292 1711 6343
1291 1712 6342
1290 1713 6341
1289 1714 6340
1288 1715 6339
1287 1716 6338
1286 1717 6337
1285 1718 6336
1284 1719 6335
1283 1720 6334
1282 1721 6333
1281 1722 6332
1280 1723 6331
1279 1724 6330
1278 1725 6329
1277 1726 6328
1276 1727 6327
1275 1728 6326
1274 1729 6325
1273 1730 6324
1272 1731 6323
1271 1732 6322
1270 1733 6321
1269 1734 6320
1268 1735 6319
1267 1736 6318
1266 1737 6317
1265 1738 6316
1264 1739 6315
1263 1740 6314
1262 1741 6313
1261 1742 6312
1260 1743 6311
1259 1744 6310
1258 1745 6309
1257 1746 6308
1256 1747 6307
1255 1748 6306
1254 1749 6305
1253 1750 6304
1252 1751 6303
1251 1752 6302
1250 1753 6301
1249 1754 6300
1248 1755 6299
1247 1756 6298
1246 1757 6297
1245 1758 6296
1244 1759 6295
1243 1760 6294
1242 1761 6293
1241 1762 6292
1240 1763 6291
1239 1764 6290
1238 1765 6289
1237 1766 6288
1236 1767 6287
1235 1768 6286
1234 1769 6285
1233 1770 6284
1232 1771 6283
1231 1772 6282
1230 1773 6281
1229 1774 6280
1228 1775 6279
1227 1776 6278
1226 1777 6277
1225 1778 6276
1224 1779 6275
1223 1780 6274
1222 1781 6273
1221 1782 6272
1220 1783 6271
1219 1784 6270
1218 1785 6269
1217 1786 6268
1216 1787 6267
1215 1788 6266
1214 1789 6265
1213 1790 6264
1212 1791 6263
1211 1792 6262
1210 1793 6261
1209 1794 6260
1208 1795 6259
1207 1796 6258
1206 1797 6257
1205 1798 6256
1204 1799 6255
1203 1800 6254
1202 1801 6253
1201 1802 6252
1200 1803 6251
1199 1804 6250
1198 1805 6249
1197 1806 6248
1196 1807 6247
1195 1808 6246
1194 1809 6245
1193 1810 6244
1192 1811 6243
1191 1812 6242
1190 1813 6241
1189 1814 6240
1188 1815 6239
1187 1816 6238
1186 1817 6237
1185 1818 6236
1184 1819 6235
1183 1820 6234
1182 1821 6233
1181 1822 6232
1180 1823 6231
1179 1824 6230
1178 1825 6229
1177 1826 6228
1176 1827 6227
1175 1828 6226
1174 1829 6225
1173 1830 6224
1172 1831 6223
1171 1832 6222
1170 1833 6221
1169 1834 6220
1168 1835 6219
1167 1836 6218
1166 1837 6217
1165 1838 6216
1164 1839 6215
1163 1840 6214
1162 1841 6213
1161 1842 6212
1160 1843 6211
1159 1844 6210
1158 1845 6209
1157 1846 6208
1156 1847 6207
1155 1848 6206
1154 1849 6205
1153 1850 6204
1152 1851 6203
1151 1852 6202
1150 1853 6201
1149 1854 6200
1148 1855 6199
1147 1856 6198
1146 1857 6197
1145 1858 6196
1144 1859 6195
1143 1860 6194
1142 1861 6193
1141 1862 6192
1140 1863 6191
1139 1864 6190
1138 1865 6189
1137 1866 6188
1136 1867 6187
1135 1868 6186
1134 1869 6185
1133 1870 6184
1132 1871 6183
1131 1872 6182
1130 1873 6181
1129 1874 6180
1128 1875 6179
1127 1876 6178
1126 1877 6177
1125 1878 6176
1124 1879 6175
1123 1880 6174
1122 1881 6173
1121 1882 6172
1120 1883 6171
1119 1884 6170
1118 1885 6169
1117 1886 6168
1116 1887 6167
1115 1888 6166
1114 1889 6165
1113 1890 6164
1112 1891 6163
1111 1892 6162
1110 1893 6161
1109 1894 6160
1108 1895 6159
1107 1896 6158
1106 1897 6157
1105 1898 6156
1104 1899 6155
1103 1900 6154
1102 1901 6153
1101 1902 6152
1100 1903 6151
1099 1904 6150
1098 1905 6149
1097 1906 6148
1096 1907 6147
1095 1908 6146
1094 1909 6145
1093 1910 6144
1092 1911 6143
1091 1912 6142
1090 1913 6141
1089 1914 6140
1088 1915 6139
1087 1916 6138
1086 1917 6137
1085 1918 6136
1084 1919 6135
1083 1920 6134
1082 1921 6133
1081 1922 6132
1080 1923 6131
1079 1924 6130
1078 1925 6129
1077 1926 6128
1076 1927 6127
1075 1928 6126
1074 1929 6125
1073 1930 6124
1072 1931 6123
1071 1932 6122
1070 1933 6121
1069 1934 6120
1068 1935 6119
1067 1936 6118
1066 1937 6117
1065 1938 6116
1064 1939 6115
1063 1940 6114
1062 1941 6113
1061 1942 6112
1060 1943 6111
1059 1944 6110
1058 1945 6109
1057 1946 6108
1056 1947 6107
1055 1948 6106
1054 1949 6105
1053 1950 6104
1052 1951 6103
1051 1952 6102
1050 1953 6101
1049 1954 6100
1048 1955 6099
1047 1956 6098
1046 1957 6097
1045 1958 6096
1044 1959 6095
1043 1960 6094
1042 1961 6093
1041 1962 6092
1040 1963 6091
1039 1964 6090
1038 1965 6089
1037 1966 6088
1036 1967 6087
1035 1968 6086
1034 1969 6085
1033 1970 6084
1032 1971 6083
1031 1972 6082
1030 1973 6081
1029 1974 6080
1028 1975 6079
1027 1976 6078
1026 1977 6077
1025 1978 6076
1024 1979 6075
1023 1980 6074
1022 1981 6073
1021 1982 6072
1020 1983 6071
1019 1984 6070
1018 1985 6069
1017 1986 6068
1016 1987 6067
1015 1988 6066
1014 1989 6065
1013 1990 6064
1012 1991 6063
1011 1992 6062
1010 1993 6061
1009 1994 6060
1008 1995 6059
1007 1996 6058
1006 1997 6057
1005 1998 6056
1004 1999 6055
1003 2000 6054
1002 2001 6053
1001 2002 6052
1000 2003 6051
999 2004 6050
998 2005 6049
997 2006 6048
996 2007 6047
995 2008 6046
994 2009 6045
993 2010 6044
992 2011 6043
991 2012 6042
990 2013 6041
989 2014 6040
988 2015 6039
987 2016 6038
986 2017 6037
985 2018 6036
984 2019 6035
983 2020 6034
982 2021 6033
981 2022 6032
980 2023 6031
979 2024 6030
978 2025 6029
977 2026 6028
976 2027 6027
975 2028 6026
974 2029 6025
973 2030 6024
972 2031 6023
971 2032 6022
970 2033 6021
969 2034 6020
968 2035 6019
967 2036 6018
966 2037 6017
965 2038 6016
964 2039 6015
963 2040 6014
962 2041 6013
961 2042 6012
960 2043 6011
959 2044 6010
958 2045 6009
957 2046 6008
956 2047 6007
955 2048 6006
954 2049 6005
953 2050 6004
952 2051 6003
951 2052 6002
950 2053 6001
