2335
3000 3 8335
2999 4 8334
2998 5 8333
2997 6 8332
2996 7 8331
2995 8 8330
2994 9 8329
2993 10 8328
2992 11 8327
2991 12 8326
2990 13 8325
2989 14 8324
2988 15 8323
2987 16 8322
2986 17 8321
2985 18 8320
2984 19 8319
2983 20 8318
2982 21 8317
2981 22 8316
2980 23 8315
2979 24 8314
2978 25 8313
2977 26 8312
2976 27 8311
2975 28 8310
2974 29 8309
2973 30 8308
2972 31 8307
2971 32 8306
2970 33 8305
2969 34 8304
2968 35 8303
2967 36 8302
2966 37 8301
2965 38 8300
2964 39 8299
2963 40 8298
2962 41 8297
2961 42 8296
2960 43 8295
2959 44 8294
2958 45 8293
2957 46 8292
2956 47 8291
2955 48 8290
2954 49 8289
2953 50 8288
2952 51 8287
2951 52 8286
2950 53 8285
2949 54 8284
2948 55 8283
2947 56 8282
2946 57 8281
2945 58 8280
2944 59 8279
2943 60 8278
2942 61 8277
2941 62 8276
2940 63 8275
2939 64 8274
2938 65 8273
2937 66 8272
2936 67 8271
2935 68 8270
2934 69 8269
2933 70 8268
2932 71 8267
2931 72 8266
2930 73 8265
2929 74 8264
2928 75 8263
2927 76 8262
2926 77 8261
2925 78 8260
2924 79 8259
2923 80 8258
2922 81 8257
2921 82 8256
2920 83 8255
2919 84 8254
2918 85 8253
2917 86 8252
2916 87 8251
2915 88 8250
2914 89 8249
2913 90 8248
2912 91 8247
2911 92 8246
2910 93 8245
2909 94 8244
2908 95 8243
2907 96 8242
2906 97 8241
2905 98 8240
2904 99 8239
2903 100 8238
2902 101 8237
2901 102 8236
2900 103 8235
2899 104 8234
2898 105 8233
2897 106 8232
2896 107 8231
2895 108 8230
2894 109 8229
2893 110 8228
2892 111 8227
2891 112 8226
2890 113 8225
2889 114 8224
2888 115 8223
2887 116 8222
2886 117 8221
2885 118 8220
2884 119 8219
2883 120 8218
2882 121 8217
2881 122 8216
2880 123 8215
2879 124 8214
2878 125 8213
2877 126 8212
2876 127 8211
2875 128 8210
2874 129 8209
2873 130 8208
2872 131 8207
2871 132 8206
2870 133 8205
2869 134 8204
2868 135 8203
2867 136 8202
2866 137 8201
2865 138 8200
2864 139 8199
2863 140 8198
2862 141 8197
2861 142 8196
2860 143 8195
2859 144 8194
2858 145 8193
2857 146 8192
2856 147 8191
2855 148 8190
2854 149 8189
2853 150 8188
2852 151 8187
2851 152 8186
2850 153 8185
2849 154 8184
2848 155 8183
2847 156 8182
2846 157 8181
2845 158 8180
2844 159 8179
2843 160 8178
2842 161 8177
2841 162 8176
2840 163 8175
2839 164 8174
2838 165 8173
2837 166 8172
2836 167 8171
2835 168 8170
2834 169 8169
2833 170 8168
2832 171 8167
2831 172 8166
2830 173 8165
2829 174 8164
2828 175 8163
2827 176 8162
2826 177 8161
2825 178 8160
2824 179 8159
2823 180 8158
2822 181 8157
2821 182 8156
2820 183 8155
2819 184 8154
2818 185 8153
2817 186 8152
2816 187 8151
2815 188 8150
2814 189 8149
2813 190 8148
2812 191 8147
2811 192 8146
2810 193 8145
2809 194 8144
2808 195 8143
2807 196 8142
2806 197 8141
2805 198 8140
2804 199 8139
2803 200 8138
2802 201 8137
2801 202 8136
2800 203 8135
2799 204 8134
2798 205 8133
2797 206 8132
2796 207 8131
2795 208 8130
2794 209 8129
2793 210 8128
2792 211 8127
2791 212 8126
2790 213 8125
2789 214 8124
2788 215 8123
2787 216 8122
2786 217 8121
2785 218 8120
2784 219 8119
2783 220 8118
2782 221 8117
2781 222 8116
2780 223 8115
2779 224 8114
2778 225 8113
2777 226 8112
2776 227 8111
2775 228 8110
2774 229 8109
2773 230 8108
2772 231 8107
2771 232 8106
2770 233 8105
2769 234 8104
2768 235 8103
2767 236 8102
2766 237 8101
2765 238 8100
2764 239 8099
2763 240 8098
2762 241 8097
2761 242 8096
2760 243 8095
2759 244 8094
2758 245 8093
2757 246 8092
2756 247 8091
2755 248 8090
2754 249 8089
2753 250 8088
2752 251 8087
2751 252 8086
2750 253 8085
2749 254 8084
2748 255 8083
2747 256 8082
2746 257 8081
2745 258 8080
2744 259 8079
2743 260 8078
2742 261 8077
2741 262 8076
2740 263 8075
2739 264 8074
2738 265 8073
2737 266 8072
2736 267 8071
2735 268 8070
2734 269 8069
2733 270 8068
2732 271 8067
2731 272 8066
2730 273 8065
2729 274 8064
2728 275 8063
2727 276 8062
2726 277 8061
2725 278 8060
2724 279 8059
2723 280 8058
2722 281 8057
2721 282 8056
2720 283 8055
2719 284 8054
2718 285 8053
2717 286 8052
2716 287 8051
2715 288 8050
2714 289 8049
2713 290 8048
2712 291 8047
2711 292 8046
2710 293 8045
2709 294 8044
2708 295 8043
2707 296 8042
2706 297 8041
2705 298 8040
2704 299 8039
2703 300 8038
2702 301 8037
2701 302 8036
2700 303 8035
2699 304 8034
2698 305 8033
2697 306 8032
2696 307 8031
2695 308 8030
2694 309 8029
2693 310 8028
2692 311 8027
2691 312 8026
2690 313 8025
2689 314 8024
2688 315 8023
2687 316 8022
2686 317 8021
2685 318 8020
2684 319 8019
2683 320 8018
2682 321 8017
2681 322 8016
2680 323 8015
2679 324 8014
2678 325 8013
2677 326 8012
2676 327 8011
2675 328 8010
2674 329 8009
2673 330 8008
2672 331 8007
2671 332 8006
2670 333 8005
2669 334 8004
2668 335 8003
2667 336 8002
2666 337 8001
2665 338 8000
2664 339 7999
2663 340 7998
2662 341 7997
2661 342 7996
2660 343 7995
2659 344 7994
2658 345 7993
2657 346 7992
2656 347 7991
2655 348 7990
2654 349 7989
2653 350 7988
2652 351 7987
2651 352 7986
2650 353 7985
2649 354 7984
2648 355 7983
2647 356 7982
2646 357 7981
2645 358 7980
2644 359 7979
2643 360 7978
2642 361 7977
2641 362 7976
2640 363 7975
2639 364 7974
2638 365 7973
2637 366 7972
2636 367 7971
2635 368 7970
2634 369 7969
2633 370 7968
2632 371 7967
2631 372 7966
2630 373 7965
2629 374 7964
2628 375 7963
2627 376 7962
2626 377 7961
2625 378 7960
2624 379 7959
2623 380 7958
2622 381 7957
2621 382 7956
2620 383 7955
2619 384 7954
2618 385 7953
2617 386 7952
2616 387 7951
2615 388 7950
2614 389 7949
2613 390 7948
2612 391 7947
2611 392 7946
2610 393 7945
2609 394 7944
2608 395 7943
2607 396 7942
2606 397 7941
2605 398 7940
2604 399 7939
2603 400 7938
2602 401 7937
2601 402 7936
2600 403 7935
2599 404 7934
2598 405 7933
2597 406 7932
2596 407 7931
2595 408 7930
2594 409 7929
2593 410 7928
2592 411 7927
2591 412 7926
2590 413 7925
2589 414 7924
2588 415 7923
2587 416 7922
2586 417 7921
2585 418 7920
2584 419 7919
2583 420 7918
2582 421 7917
2581 422 7916
2580 423 7915
2579 424 7914
2578 425 7913
2577 426 7912
2576 427 7911
2575 428 7910
2574 429 7909
2573 430 7908
2572 431 7907
2571 432 7906
2570 433 7905
2569 434 7904
2568 435 7903
2567 436 7902
2566 437 7901
2565 438 7900
2564 439 7899
2563 440 7898
2562 441 7897
2561 442 7896
2560 443 7895
2559 444 7894
2558 445 7893
2557 446 7892
2556 447 7891
2555 448 7890
2554 449 7889
2553 450 7888
2552 451 7887
2551 452 7886
2550 453 7885
2549 454 7884
2548 455 7883
2547 456 7882
2546 457 7881
2545 458 7880
2544 459 7879
2543 460 7878
2542 461 7877
2541 462 7876
2540 463 7875
2539 464 7874
2538 465 7873
2537 466 7872
2536 467 7871
2535 468 7870
2534 469 7869
2533 470 7868
2532 471 7867
2531 472 7866
2530 473 7865
2529 474 7864
2528 475 7863
2527 476 7862
2526 477 7861
2525 478 7860
2524 479 7859
2523 480 7858
2522 481 7857
2521 482 7856
2520 483 7855
2519 484 7854
2518 485 7853
2517 486 7852
2516 487 7851
2515 488 7850
2514 489 7849
2513 490 7848
2512 491 7847
2511 492 7846
2510 493 7845
2509 494 7844
2508 495 7843
2507 496 7842
2506 497 7841
2505 498 7840
2504 499 7839
2503 500 7838
2502 501 7837
2501 502 7836
2500 503 7835
2499 504 7834
2498 505 7833
2497 506 7832
2496 507 7831
2495 508 7830
2494 509 7829
2493 510 7828
2492 511 7827
2491 512 7826
2490 513 7825
2489 514 7824
2488 515 7823
2487 516 7822
2486 517 7821
2485 518 7820
2484 519 7819
2483 520 7818
2482 521 7817
2481 522 7816
2480 523 7815
2479 524 7814
2478 525 7813
2477 526 7812
2476 527 7811
2475 528 7810
2474 529 7809
2473 530 7808
2472 531 7807
2471 532 7806
2470 533 7805
2469 534 7804
2468 535 7803
2467 536 7802
2466 537 7801
2465 538 7800
2464 539 7799
2463 540 7798
2462 541 7797
2461 542 7796
2460 543 7795
2459 544 7794
2458 545 7793
2457 546 7792
2456 547 7791
2455 548 7790
2454 549 7789
2453 550 7788
2452 551 7787
2451 552 7786
2450 553 7785
2449 554 7784
2448 555 7783
2447 556 7782
2446 557 7781
2445 558 7780
2444 559 7779
2443 560 7778
2442 561 7777
2441 562 7776
2440 563 7775
2439 564 7774
2438 565 7773
2437 566 7772
2436 567 7771
2435 568 7770
2434 569 7769
2433 570 7768
2432 571 7767
2431 572 7766
2430 573 7765
2429 574 7764
2428 575 7763
2427 576 7762
2426 577 7761
2425 578 7760
2424 579 7759
2423 580 7758
2422 581 7757
2421 582 7756
2420 583 7755
2419 584 7754
2418 585 7753
2417 586 7752
2416 587 7751
2415 588 7750
2414 589 7749
2413 590 7748
2412 591 7747
2411 592 7746
2410 593 7745
2409 594 7744
2408 595 7743
2407 596 7742
2406 597 7741
2405 598 7740
2404 599 7739
2403 600 7738
2402 601 7737
2401 602 7736
2400 603 7735
2399 604 7734
2398 605 7733
2397 606 7732
2396 607 7731
2395 608 7730
2394 609 7729
2393 610 7728
2392 611 7727
2391 612 7726
2390 613 7725
2389 614 7724
2388 615 7723
2387 616 7722
2386 617 7721
2385 618 7720
2384 619 7719
2383 620 7718
2382 621 7717
2381 622 7716
2380 623 7715
2379 624 7714
2378 625 7713
2377 626 7712
2376 627 7711
2375 628 7710
2374 629 7709
2373 630 7708
2372 631 7707
2371 632 7706
2370 633 7705
2369 634 7704
2368 635 7703
2367 636 7702
2366 637 7701
2365 638 7700
2364 639 7699
2363 640 7698
2362 641 7697
2361 642 7696
2360 643 7695
2359 644 7694
2358 645 7693
2357 646 7692
2356 647 7691
2355 648 7690
2354 649 7689
2353 650 7688
2352 651 7687
2351 652 7686
2350 653 7685
2349 654 7684
2348 655 7683
2347 656 7682
2346 657 7681
2345 658 7680
2344 659 7679
2343 660 7678
2342 661 7677
2341 662 7676
2340 663 7675
2339 664 7674
2338 665 7673
2337 666 7672
2336 667 7671
2335 668 7670
2334 669 7669
2333 670 7668
2332 671 7667
2331 672 7666
2330 673 7665
2329 674 7664
2328 675 7663
2327 676 7662
2326 677 7661
2325 678 7660
2324 679 7659
2323 680 7658
2322 681 7657
2321 682 7656
2320 683 7655
2319 684 7654
2318 685 7653
2317 686 7652
2316 687 7651
2315 688 7650
2314 689 7649
2313 690 7648
2312 691 7647
2311 692 7646
2310 693 7645
2309 694 7644
2308 695 7643
2307 696 7642
2306 697 7641
2305 698 7640
2304 699 7639
2303 700 7638
2302 701 7637
2301 702 7636
2300 703 7635
2299 704 7634
2298 705 7633
2297 706 7632
2296 707 7631
2295 708 7630
2294 709 7629
2293 710 7628
2292 711 7627
2291 712 7626
2290 713 7625
2289 714 7624
2288 715 7623
2287 716 7622
2286 717 7621
2285 718 7620
2284 719 7619
2283 720 7618
2282 721 7617
2281 722 7616
2280 723 7615
2279 724 7614
2278 725 7613
2277 726 7612
2276 727 7611
2275 728 7610
2274 729 7609
2273 730 7608
2272 731 7607
2271 732 7606
2270 733 7605
2269 734 7604
2268 735 7603
2267 736 7602
2266 737 7601
2265 738 7600
2264 739 7599
2263 740 7598
2262 741 7597
2261 742 7596
2260 743 7595
2259 744 7594
2258 745 7593
2257 746 7592
2256 747 7591
2255 748 7590
2254 749 7589
2253 750 7588
2252 751 7587
2251 752 7586
2250 753 7585
2249 754 7584
2248 755 7583
2247 756 7582
2246 757 7581
2245 758 7580
2244 759 7579
2243 760 7578
2242 761 7577
2241 762 7576
2240 763 7575
2239 764 7574
2238 765 7573
2237 766 7572
2236 767 7571
2235 768 7570
2234 769 7569
2233 770 7568
2232 771 7567
2231 772 7566
2230 773 7565
2229 774 7564
2228 775 7563
2227 776 7562
2226 777 7561
2225 778 7560
2224 779 7559
2223 780 7558
2222 781 7557
2221 782 7556
2220 783 7555
2219 784 7554
2218 785 7553
2217 786 7552
2216 787 7551
2215 788 7550
2214 789 7549
2213 790 7548
2212 791 7547
2211 792 7546
2210 793 7545
2209 794 7544
2208 795 7543
2207 796 7542
2206 797 7541
2205 798 7540
2204 799 7539
2203 800 7538
2202 801 7537
2201 802 7536
2200 803 7535
2199 804 7534
2198 805 7533
2197 806 7532
2196 807 7531
2195 808 7530
2194 809 7529
2193 810 7528
2192 811 7527
2191 812 7526
2190 813 7525
2189 814 7524
2188 815 7523
2187 816 7522
2186 817 7521
2185 818 7520
2184 819 7519
2183 820 7518
2182 821 7517
2181 822 7516
2180 823 7515
2179 824 7514
2178 825 7513
2177 826 7512
2176 827 7511
2175 828 7510
2174 829 7509
2173 830 7508
2172 831 7507
2171 832 7506
2170 833 7505
2169 834 7504
2168 835 7503
2167 836 7502
2166 837 7501
2165 838 7500
2164 839 7499
2163 840 7498
2162 841 7497
2161 842 7496
2160 843 7495
2159 844 7494
2158 845 7493
2157 846 7492
2156 847 7491
2155 848 7490
2154 849 7489
2153 850 7488
2152 851 7487
2151 852 7486
2150 853 7485
2149 854 7484
2148 855 7483
2147 856 7482
2146 857 7481
2145 858 7480
2144 859 7479
2143 860 7478
2142 861 7477
2141 862 7476
2140 863 7475
2139 864 7474
2138 865 7473
2137 866 7472
2136 867 7471
2135 868 7470
2134 869 7469
2133 870 7468
2132 871 7467
2131 872 7466
2130 873 7465
2129 874 7464
2128 875 7463
2127 876 7462
2126 877 7461
2125 878 7460
2124 879 7459
2123 880 7458
2122 881 7457
2121 882 7456
2120 883 7455
2119 884 7454
2118 885 7453
2117 886 7452
2116 887 7451
2115 888 7450
2114 889 7449
2113 890 7448
2112 891 7447
2111 892 7446
2110 893 7445
2109 894 7444
2108 895 7443
2107 896 7442
2106 897 7441
2105 898 7440
2104 899 7439
2103 900 7438
2102 901 7437
2101 902 7436
2100 903 7435
2099 904 7434
2098 905 7433
2097 906 7432
2096 907 7431
2095 908 7430
2094 909 7429
2093 910 7428
2092 911 7427
2091 912 7426
2090 913 7425
2089 914 7424
2088 915 7423
2087 916 7422
2086 917 7421
2085 918 7420
2084 919 7419
2083 920 7418
2082 921 7417
2081 922 7416
2080 923 7415
2079 924 7414
2078 925 7413
2077 926 7412
2076 927 7411
2075 928 7410
2074 929 7409
2073 930 7408
2072 931 7407
2071 932 7406
2070 933 7405
2069 934 7404
2068 935 7403
2067 936 7402
2066 937 7401
2065 938 7400
2064 939 7399
2063 940 7398
2062 941 7397
2061 942 7396
2060 943 7395
2059 944 7394
2058 945 7393
2057 946 7392
2056 947 7391
2055 948 7390
2054 949 7389
2053 950 7388
2052 951 7387
2051 952 7386
2050 953 7385
2049 954 7384
2048 955 7383
2047 956 7382
2046 957 7381
2045 958 7380
2044 959 7379
2043 960 7378
2042 961 7377
2041 962 7376
2040 963 7375
2039 964 7374
2038 965 7373
2037 966 7372
2036 967 7371
2035 968 7370
2034 969 7369
2033 970 7368
2032 971 7367
2031 972 7366
2030 973 7365
2029 974 7364
2028 975 7363
2027 976 7362
2026 977 7361
2025 978 7360
2024 979 7359
2023 980 7358
2022 981 7357
2021 982 7356
2020 983 7355
2019 984 7354
2018 985 7353
2017 986 7352
2016 987 7351
2015 988 7350
2014 989 7349
2013 990 7348
2012 991 7347
2011 992 7346
2010 993 7345
2009 994 7344
2008 995 7343
2007 996 7342
2006 997 7341
2005 998 7340
2004 999 7339
2003 1000 7338
2002 1001 7337
2001 1002 7336
2000 1003 7335
1999 1004 7334
1998 1005 7333
1997 1006 7332
1996 1007 7331
1995 1008 7330
1994 1009 7329
1993 1010 7328
1992 1011 7327
1991 1012 7326
1990 1013 7325
1989 1014 7324
1988 1015 7323
1987 1016 7322
1986 1017 7321
1985 1018 7320
1984 1019 7319
1983 1020 7318
1982 1021 7317
1981 1022 7316
1980 1023 7315
1979 1024 7314
1978 1025 7313
1977 1026 7312
1976 1027 7311
1975 1028 7310
1974 1029 7309
1973 1030 7308
1972 1031 7307
1971 1032 7306
1970 1033 7305
1969 1034 7304
1968 1035 7303
1967 1036 7302
1966 1037 7301
1965 1038 7300
1964 1039 7299
1963 1040 7298
1962 1041 7297
1961 1042 7296
1960 1043 7295
1959 1044 7294
1958 1045 7293
1957 1046 7292
1956 1047 7291
1955 1048 7290
1954 1049 7289
1953 1050 7288
1952 1051 7287
1951 1052 7286
1950 1053 7285
1949 1054 7284
1948 1055 7283
1947 1056 7282
1946 1057 7281
1945 1058 7280
1944 1059 7279
1943 1060 7278
1942 1061 7277
1941 1062 7276
1940 1063 7275
1939 1064 7274
1938 1065 7273
1937 1066 7272
1936 1067 7271
1935 1068 7270
1934 1069 7269
1933 1070 7268
1932 1071 7267
1931 1072 7266
1930 1073 7265
1929 1074 7264
1928 1075 7263
1927 1076 7262
1926 1077 7261
1925 1078 7260
1924 1079 7259
1923 1080 7258
1922 1081 7257
1921 1082 7256
1920 1083 7255
1919 1084 7254
1918 1085 7253
1917 1086 7252
1916 1087 7251
1915 1088 7250
1914 1089 7249
1913 1090 7248
1912 1091 7247
1911 1092 7246
1910 1093 7245
1909 1094 7244
1908 1095 7243
1907 1096 7242
1906 1097 7241
1905 1098 7240
1904 1099 7239
1903 1100 7238
1902 1101 7237
1901 1102 7236
1900 1103 7235
1899 1104 7234
1898 1105 7233
1897 1106 7232
1896 1107 7231
1895 1108 7230
1894 1109 7229
1893 1110 7228
1892 1111 7227
1891 1112 7226
1890 1113 7225
1889 1114 7224
1888 1115 7223
1887 1116 7222
1886 1117 7221
1885 1118 7220
1884 1119 7219
1883 1120 7218
1882 1121 7217
1881 1122 7216
1880 1123 7215
1879 1124 7214
1878 1125 7213
1877 1126 7212
1876 1127 7211
1875 1128 7210
1874 1129 7209
1873 1130 7208
1872 1131 7207
1871 1132 7206
1870 1133 7205
1869 1134 7204
1868 1135 7203
1867 1136 7202
1866 1137 7201
1865 1138 7200
1864 1139 7199
1863 1140 7198
1862 1141 7197
1861 1142 7196
1860 1143 7195
1859 1144 7194
1858 1145 7193
1857 1146 7192
1856 1147 7191
1855 1148 7190
1854 1149 7189
1853 1150 7188
1852 1151 7187
1851 1152 7186
1850 1153 7185
1849 1154 7184
1848 1155 7183
1847 1156 7182
1846 1157 7181
1845 1158 7180
1844 1159 7179
1843 1160 7178
1842 1161 7177
1841 1162 7176
1840 1163 7175
1839 1164 7174
1838 1165 7173
1837 1166 7172
1836 1167 7171
1835 1168 7170
1834 1169 7169
1833 1170 7168
1832 1171 7167
1831 1172 7166
1830 1173 7165
1829 1174 7164
1828 1175 7163
1827 1176 7162
1826 1177 7161
1825 1178 7160
1824 1179 7159
1823 1180 7158
1822 1181 7157
1821 1182 7156
1820 1183 7155
1819 1184 7154
1818 1185 7153
1817 1186 7152
1816 1187 7151
1815 1188 7150
1814 1189 7149
1813 1190 7148
1812 1191 7147
1811 1192 7146
1810 1193 7145
1809 1194 7144
1808 1195 7143
1807 1196 7142
1806 1197 7141
1805 1198 7140
1804 1199 7139
1803 1200 7138
1802 1201 7137
1801 1202 7136
1800 1203 7135
1799 1204 7134
1798 1205 7133
1797 1206 7132
1796 1207 7131
1795 1208 7130
1794 1209 7129
1793 1210 7128
1792 1211 7127
1791 1212 7126
1790 1213 7125
1789 1214 7124
1788 1215 7123
1787 1216 7122
1786 1217 7121
1785 1218 7120
1784 1219 7119
1783 1220 7118
1782 1221 7117
1781 1222 7116
1780 1223 7115
1779 1224 7114
1778 1225 7113
1777 1226 7112
1776 1227 7111
1775 1228 7110
1774 1229 7109
1773 1230 7108
1772 1231 7107
1771 1232 7106
1770 1233 7105
1769 1234 7104
1768 1235 7103
1767 1236 7102
1766 1237 7101
1765 1238 7100
1764 1239 7099
1763 1240 7098
1762 1241 7097
1761 1242 7096
1760 1243 7095
1759 1244 7094
1758 1245 7093
1757 1246 7092
1756 1247 7091
1755 1248 7090
1754 1249 7089
1753 1250 7088
1752 1251 7087
1751 1252 7086
1750 1253 7085
1749 1254 7084
1748 1255 7083
1747 1256 7082
1746 1257 7081
1745 1258 7080
1744 1259 7079
1743 1260 7078
1742 1261 7077
1741 1262 7076
1740 1263 7075
1739 1264 7074
1738 1265 7073
1737 1266 7072
1736 1267 7071
1735 1268 7070
1734 1269 7069
1733 1270 7068
1732 1271 7067
1731 1272 7066
1730 1273 7065
1729 1274 7064
1728 1275 7063
1727 1276 7062
1726 1277 7061
1725 1278 7060
1724 1279 7059
1723 1280 7058
1722 1281 7057
1721 1282 7056
1720 1283 7055
1719 1284 7054
1718 1285 7053
1717 1286 7052
1716 1287 7051
1715 1288 7050
1714 1289 7049
1713 1290 7048
1712 1291 7047
1711 1292 7046
1710 1293 7045
1709 1294 7044
1708 1295 7043
1707 1296 7042
1706 1297 7041
1705 1298 7040
1704 1299 7039
1703 1300 7038
1702 1301 7037
1701 1302 7036
1700 1303 7035
1699 1304 7034
1698 1305 7033
1697 1306 7032
1696 1307 7031
1695 1308 7030
1694 1309 7029
1693 1310 7028
1692 1311 7027
1691 1312 7026
1690 1313 7025
1689 1314 7024
1688 1315 7023
1687 1316 7022
1686 1317 7021
1685 1318 7020
1684 1319 7019
1683 1320 7018
1682 1321 7017
1681 1322 7016
1680 1323 7015
1679 1324 7014
1678 1325 7013
1677 1326 7012
1676 1327 7011
1675 1328 7010
1674 1329 7009
1673 1330 7008
1672 1331 7007
1671 1332 7006
1670 1333 7005
1669 1334 7004
1668 1335 7003
1667 1336 7002
1666 1337 7001
1665 1338 7000
1664 1339 6999
1663 1340 6998
1662 1341 6997
1661 1342 6996
1660 1343 6995
1659 1344 6994
1658 1345 6993
1657 1346 6992
1656 1347 6991
1655 1348 6990
1654 1349 6989
1653 1350 6988
1652 1351 6987
1651 1352 6986
1650 1353 6985
1649 1354 6984
1648 1355 6983
1647 1356 6982
1646 1357 6981
1645 1358 6980
1644 1359 6979
1643 1360 6978
1642 1361 6977
1641 1362 6976
1640 1363 6975
1639 1364 6974
1638 1365 6973
1637 1366 6972
1636 1367 6971
1635 1368 6970
1634 1369 6969
1633 1370 6968
1632 1371 6967
1631 1372 6966
1630 1373 6965
1629 1374 6964
1628 1375 6963
1627 1376 6962
1626 1377 6961
1625 1378 6960
1624 1379 6959
1623 1380 6958
1622 1381 6957
1621 1382 6956
1620 1383 6955
1619 1384 6954
1618 1385 6953
1617 1386 6952
1616 1387 6951
1615 1388 6950
1614 1389 6949
1613 1390 6948
1612 1391 6947
1611 1392 6946
1610 1393 6945
1609 1394 6944
1608 1395 6943
1607 1396 6942
1606 1397 6941
1605 1398 6940
1604 1399 6939
1603 1400 6938
1602 1401 6937
1601 1402 6936
1600 1403 6935
1599 1404 6934
1598 1405 6933
1597 1406 6932
1596 1407 6931
1595 1408 6930
1594 1409 6929
1593 1410 6928
1592 1411 6927
1591 1412 6926
1590 1413 6925
1589 1414 6924
1588 1415 6923
1587 1416 6922
1586 1417 6921
1585 1418 6920
1584 1419 6919
1583 1420 6918
1582 1421 6917
1581 1422 6916
1580 1423 6915
1579 1424 6914
1578 1425 6913
1577 1426 6912
1576 1427 6911
1575 1428 6910
1574 1429 6909
1573 1430 6908
1572 1431 6907
1571 1432 6906
1570 1433 6905
1569 1434 6904
1568 1435 6903
1567 1436 6902
1566 1437 6901
1565 1438 6900
1564 1439 6899
1563 1440 6898
1562 1441 6897
1561 1442 6896
1560 1443 6895
1559 1444 6894
1558 1445 6893
1557 1446 6892
1556 1447 6891
1555 1448 6890
1554 1449 6889
1553 1450 6888
1552 1451 6887
1551 1452 6886
1550 1453 6885
1549 1454 6884
1548 1455 6883
1547 1456 6882
1546 1457 6881
1545 1458 6880
1544 1459 6879
1543 1460 6878
1542 1461 6877
1541 1462 6876
1540 1463 6875
1539 1464 6874
1538 1465 6873
1537 1466 6872
1536 1467 6871
1535 1468 6870
1534 1469 6869
1533 1470 6868
1532 1471 6867
1531 1472 6866
1530 1473 6865
1529 1474 6864
1528 1475 6863
1527 1476 6862
1526 1477 6861
1525 1478 6860
1524 1479 6859
1523 1480 6858
1522 1481 6857
1521 1482 6856
1520 1483 6855
1519 1484 6854
1518 1485 6853
1517 1486 6852
1516 1487 6851
1515 1488 6850
1514 1489 6849
1513 1490 6848
1512 1491 6847
1511 1492 6846
1510 1493 6845
1509 1494 6844
1508 1495 6843
1507 1496 6842
1506 1497 6841
1505 1498 6840
1504 1499 6839
1503 1500 6838
1502 1501 6837
1501 1502 6836
1500 1503 6835
1499 1504 6834
1498 1505 6833
1497 1506 6832
1496 1507 6831
1495 1508 6830
1494 1509 6829
1493 1510 6828
1492 1511 6827
1491 1512 6826
1490 1513 6825
1489 1514 6824
1488 1515 6823
1487 1516 6822
1486 1517 6821
1485 1518 6820
1484 1519 6819
1483 1520 6818
1482 1521 6817
1481 1522 6816
1480 1523 6815
1479 1524 6814
1478 1525 6813
1477 1526 6812
1476 1527 6811
1475 1528 6810
1474 1529 6809
1473 1530 6808
1472 1531 6807
1471 1532 6806
1470 1533 6805
1469 1534 6804
1468 1535 6803
1467 1536 6802
1466 1537 6801
1465 1538 6800
1464 1539 6799
1463 1540 6798
1462 1541 6797
1461 1542 6796
1460 1543 6795
1459 1544 6794
1458 1545 6793
1457 1546 6792
1456 1547 6791
1455 1548 6790
1454 1549 6789
1453 1550 6788
1452 1551 6787
1451 1552 6786
1450 1553 6785
1449 1554 6784
1448 1555 6783
1447 1556 6782
1446 1557 6781
1445 1558 6780
1444 1559 6779
1443 1560 6778
1442 1561 6777
1441 1562 6776
1440 1563 6775
1439 1564 6774
1438 1565 6773
1437 1566 6772
1436 1567 6771
1435 1568 6770
1434 1569 6769
1433 1570 6768
1432 1571 6767
1431 1572 6766
1430 1573 6765
1429 1574 6764
1428 1575 6763
1427 1576 6762
1426 1577 6761
1425 1578 6760
1424 1579 6759
1423 1580 6758
1422 1581 6757
1421 1582 6756
1420 1583 6755
1419 1584 6754
1418 1585 6753
1417 1586 6752
1416 1587 6751
1415 1588 6750
1414 1589 6749
1413 1590 6748
1412 1591 6747
1411 1592 6746
1410 1593 6745
1409 1594 6744
1408 1595 6743
1407 1596 6742
1406 1597 6741
1405 1598 6740
1404 1599 6739
1403 1600 6738
1402 1601 6737
1401 1602 6736
1400 1603 6735
1399 1604 6734
1398 1605 6733
1397 1606 6732
1396 1607 6731
1395 1608 6730
1394 1609 6729
1393 1610 6728
1392 1611 6727
1391 1612 6726
1390 1613 6725
1389 1614 6724
1388 1615 6723
1387 1616 6722
1386 1617 6721
1385 1618 6720
1384 1619 6719
1383 1620 6718
1382 1621 6717
1381 1622 6716
1380 1623 6715
1379 1624 6714
1378 1625 6713
1377 1626 6712
1376 1627 6711
1375 1628 6710
1374 1629 6709
1373 1630 6708
1372 1631 6707
1371 1632 6706
1370 1633 6705
1369 1634 6704
1368 1635 6703
1367 1636 6702
1366 1637 6701
1365 1638 6700
1364 1639 6699
1363 1640 6698
1362 1641 6697
1361 1642 6696
1360 1643 6695
1359 1644 6694
1358 1645 6693
1357 1646 6692
1356 1647 6691
1355 1648 6690
1354 1649 6689
1353 1650 6688
1352 1651 6687
1351 1652 6686
1350 1653 6685
1349 1654 6684
1348 1655 6683
1347 1656 6682
1346 1657 6681
1345 1658 6680
1344 1659 6679
1343 1660 6678
1342 1661 6677
1341 1662 6676
1340 1663 6675
1339 1664 6674
1338 1665 6673
1337 1666 6672
1336 1667 6671
1335 1668 6670
1334 1669 6669
1333 1670 6668
1332 1671 6667
1331 1672 6666
1330 1673 6665
1329 1674 6664
1328 1675 6663
1327 1676 6662
1326 1677 6661
1325 1678 6660
1324 1679 6659
1323 1680 6658
1322 1681 6657
1321 1682 6656
1320 1683 6655
1319 1684 6654
1318 1685 6653
1317 1686 6652
1316 1687 6651
1315 1688 6650
1314 1689 6649
1313 1690 6648
1312 1691 6647
1311 1692 6646
1310 1693 6645
1309 1694 6644
1308 1695 6643
1307 1696 6642
1306 1697 6641
1305 1698 6640
1304 1699 6639
1303 1700 6638
1302 1701 6637
1301 1702 6636
1300 1703 6635
1299 1704 6634
1298 1705 6633
1297 1706 6632
1296 1707 6631
1295 1708 6630
1294 1709 6629
1293 1710 6628
1292 1711 6627
1291 1712 6626
1290 1713 6625
1289 1714 6624
1288 1715 6623
1287 1716 6622
1286 1717 6621
1285 1718 6620
1284 1719 6619
1283 1720 6618
1282 1721 6617
1281 1722 6616
1280 1723 6615
1279 1724 6614
1278 1725 6613
1277 1726 6612
1276 1727 6611
1275 1728 6610
1274 1729 6609
1273 1730 6608
1272 1731 6607
1271 1732 6606
1270 1733 6605
1269 1734 6604
1268 1735 6603
1267 1736 6602
1266 1737 6601
1265 1738 6600
1264 1739 6599
1263 1740 6598
1262 1741 6597
1261 1742 6596
1260 1743 6595
1259 1744 6594
1258 1745 6593
1257 1746 6592
1256 1747 6591
1255 1748 6590
1254 1749 6589
1253 1750 6588
1252 1751 6587
1251 1752 6586
1250 1753 6585
1249 1754 6584
1248 1755 6583
1247 1756 6582
1246 1757 6581
1245 1758 6580
1244 1759 6579
1243 1760 6578
1242 1761 6577
1241 1762 6576
1240 1763 6575
1239 1764 6574
1238 1765 6573
1237 1766 6572
1236 1767 6571
1235 1768 6570
1234 1769 6569
1233 1770 6568
1232 1771 6567
1231 1772 6566
1230 1773 6565
1229 1774 6564
1228 1775 6563
1227 1776 6562
1226 1777 6561
1225 1778 6560
1224 1779 6559
1223 1780 6558
1222 1781 6557
1221 1782 6556
1220 1783 6555
1219 1784 6554
1218 1785 6553
1217 1786 6552
1216 1787 6551
1215 1788 6550
1214 1789 6549
1213 1790 6548
1212 1791 6547
1211 1792 6546
1210 1793 6545
1209 1794 6544
1208 1795 6543
1207 1796 6542
1206 1797 6541
1205 1798 6540
1204 1799 6539
1203 1800 6538
1202 1801 6537
1201 1802 6536
1200 1803 6535
1199 1804 6534
1198 1805 6533
1197 1806 6532
1196 1807 6531
1195 1808 6530
1194 1809 6529
1193 1810 6528
1192 1811 6527
1191 1812 6526
1190 1813 6525
1189 1814 6524
1188 1815 6523
1187 1816 6522
1186 1817 6521
1185 1818 6520
1184 1819 6519
1183 1820 6518
1182 1821 6517
1181 1822 6516
1180 1823 6515
1179 1824 6514
1178 1825 6513
1177 1826 6512
1176 1827 6511
1175 1828 6510
1174 1829 6509
1173 1830 6508
1172 1831 6507
1171 1832 6506
1170 1833 6505
1169 1834 6504
1168 1835 6503
1167 1836 6502
1166 1837 6501
1165 1838 6500
1164 1839 6499
1163 1840 6498
1162 1841 6497
1161 1842 6496
1160 1843 6495
1159 1844 6494
1158 1845 6493
1157 1846 6492
1156 1847 6491
1155 1848 6490
1154 1849 6489
1153 1850 6488
1152 1851 6487
1151 1852 6486
1150 1853 6485
1149 1854 6484
1148 1855 6483
1147 1856 6482
1146 1857 6481
1145 1858 6480
1144 1859 6479
1143 1860 6478
1142 1861 6477
1141 1862 6476
1140 1863 6475
1139 1864 6474
1138 1865 6473
1137 1866 6472
1136 1867 6471
1135 1868 6470
1134 1869 6469
1133 1870 6468
1132 1871 6467
1131 1872 6466
1130 1873 6465
1129 1874 6464
1128 1875 6463
1127 1876 6462
1126 1877 6461
1125 1878 6460
1124 1879 6459
1123 1880 6458
1122 1881 6457
1121 1882 6456
1120 1883 6455
1119 1884 6454
1118 1885 6453
1117 1886 6452
1116 1887 6451
1115 1888 6450
1114 1889 6449
1113 1890 6448
1112 1891 6447
1111 1892 6446
1110 1893 6445
1109 1894 6444
1108 1895 6443
1107 1896 6442
1106 1897 6441
1105 1898 6440
1104 1899 6439
1103 1900 6438
1102 1901 6437
1101 1902 6436
1100 1903 6435
1099 1904 6434
1098 1905 6433
1097 1906 6432
1096 1907 6431
1095 1908 6430
1094 1909 6429
1093 1910 6428
1092 1911 6427
1091 1912 6426
1090 1913 6425
1089 1914 6424
1088 1915 6423
1087 1916 6422
1086 1917 6421
1085 1918 6420
1084 1919 6419
1083 1920 6418
1082 1921 6417
1081 1922 6416
1080 1923 6415
1079 1924 6414
1078 1925 6413
1077 1926 6412
1076 1927 6411
1075 1928 6410
1074 1929 6409
1073 1930 6408
1072 1931 6407
1071 1932 6406
1070 1933 6405
1069 1934 6404
1068 1935 6403
1067 1936 6402
1066 1937 6401
1065 1938 6400
1064 1939 6399
1063 1940 6398
1062 1941 6397
1061 1942 6396
1060 1943 6395
1059 1944 6394
1058 1945 6393
1057 1946 6392
1056 1947 6391
1055 1948 6390
1054 1949 6389
1053 1950 6388
1052 1951 6387
1051 1952 6386
1050 1953 6385
1049 1954 6384
1048 1955 6383
1047 1956 6382
1046 1957 6381
1045 1958 6380
1044 1959 6379
1043 1960 6378
1042 1961 6377
1041 1962 6376
1040 1963 6375
1039 1964 6374
1038 1965 6373
1037 1966 6372
1036 1967 6371
1035 1968 6370
1034 1969 6369
1033 1970 6368
1032 1971 6367
1031 1972 6366
1030 1973 6365
1029 1974 6364
1028 1975 6363
1027 1976 6362
1026 1977 6361
1025 1978 6360
1024 1979 6359
1023 1980 6358
1022 1981 6357
1021 1982 6356
1020 1983 6355
1019 1984 6354
1018 1985 6353
1017 1986 6352
1016 1987 6351
1015 1988 6350
1014 1989 6349
1013 1990 6348
1012 1991 6347
1011 1992 6346
1010 1993 6345
1009 1994 6344
1008 1995 6343
1007 1996 6342
1006 1997 6341
1005 1998 6340
1004 1999 6339
1003 2000 6338
1002 2001 6337
1001 2002 6336
1000 2003 6335
999 2004 6334
998 2005 6333
997 2006 6332
996 2007 6331
995 2008 6330
994 2009 6329
993 2010 6328
992 2011 6327
991 2012 6326
990 2013 6325
989 2014 6324
988 2015 6323
987 2016 6322
986 2017 6321
985 2018 6320
984 2019 6319
983 2020 6318
982 2021 6317
981 2022 6316
980 2023 6315
979 2024 6314
978 2025 6313
977 2026 6312
976 2027 6311
975 2028 6310
974 2029 6309
973 2030 6308
972 2031 6307
971 2032 6306
970 2033 6305
969 2034 6304
968 2035 6303
967 2036 6302
966 2037 6301
965 2038 6300
964 2039 6299
963 2040 6298
962 2041 6297
961 2042 6296
960 2043 6295
959 2044 6294
958 2045 6293
957 2046 6292
956 2047 6291
955 2048 6290
954 2049 6289
953 2050 6288
952 2051 6287
951 2052 6286
950 2053 6285
949 2054 6284
948 2055 6283
947 2056 6282
946 2057 6281
945 2058 6280
944 2059 6279
943 2060 6278
942 2061 6277
941 2062 6276
940 2063 6275
939 2064 6274
938 2065 6273
937 2066 6272
936 2067 6271
935 2068 6270
934 2069 6269
933 2070 6268
932 2071 6267
931 2072 6266
930 2073 6265
929 2074 6264
928 2075 6263
927 2076 6262
926 2077 6261
925 2078 6260
924 2079 6259
923 2080 6258
922 2081 6257
921 2082 6256
920 2083 6255
919 2084 6254
918 2085 6253
917 2086 6252
916 2087 6251
915 2088 6250
914 2089 6249
913 2090 6248
912 2091 6247
911 2092 6246
910 2093 6245
909 2094 6244
908 2095 6243
907 2096 6242
906 2097 6241
905 2098 6240
904 2099 6239
903 2100 6238
902 2101 6237
901 2102 6236
900 2103 6235
899 2104 6234
898 2105 6233
897 2106 6232
896 2107 6231
895 2108 6230
894 2109 6229
893 2110 6228
892 2111 6227
891 2112 6226
890 2113 6225
889 2114 6224
888 2115 6223
887 2116 6222
886 2117 6221
885 2118 6220
884 2119 6219
883 2120 6218
882 2121 6217
881 2122 6216
880 2123 6215
879 2124 6214
878 2125 6213
877 2126 6212
876 2127 6211
875 2128 6210
874 2129 6209
873 2130 6208
872 2131 6207
871 2132 6206
870 2133 6205
869 2134 6204
868 2135 6203
867 2136 6202
866 2137 6201
865 2138 6200
864 2139 6199
863 2140 6198
862 2141 6197
861 2142 6196
860 2143 6195
859 2144 6194
858 2145 6193
857 2146 6192
856 2147 6191
855 2148 6190
854 2149 6189
853 2150 6188
852 2151 6187
851 2152 6186
850 2153 6185
849 2154 6184
848 2155 6183
847 2156 6182
846 2157 6181
845 2158 6180
844 2159 6179
843 2160 6178
842 2161 6177
841 2162 6176
840 2163 6175
839 2164 6174
838 2165 6173
837 2166 6172
836 2167 6171
835 2168 6170
834 2169 6169
833 2170 6168
832 2171 6167
831 2172 6166
830 2173 6165
829 2174 6164
828 2175 6163
827 2176 6162
826 2177 6161
825 2178 6160
824 2179 6159
823 2180 6158
822 2181 6157
821 2182 6156
820 2183 6155
819 2184 6154
818 2185 6153
817 2186 6152
816 2187 6151
815 2188 6150
814 2189 6149
813 2190 6148
812 2191 6147
811 2192 6146
810 2193 6145
809 2194 6144
808 2195 6143
807 2196 6142
806 2197 6141
805 2198 6140
804 2199 6139
803 2200 6138
802 2201 6137
801 2202 6136
800 2203 6135
799 2204 6134
798 2205 6133
797 2206 6132
796 2207 6131
795 2208 6130
794 2209 6129
793 2210 6128
792 2211 6127
791 2212 6126
790 2213 6125
789 2214 6124
788 2215 6123
787 2216 6122
786 2217 6121
785 2218 6120
784 2219 6119
783 2220 6118
782 2221 6117
781 2222 6116
780 2223 6115
779 2224 6114
778 2225 6113
777 2226 6112
776 2227 6111
775 2228 6110
774 2229 6109
773 2230 6108
772 2231 6107
771 2232 6106
770 2233 6105
769 2234 6104
768 2235 6103
767 2236 6102
766 2237 6101
765 2238 6100
764 2239 6099
763 2240 6098
762 2241 6097
761 2242 6096
760 2243 6095
759 2244 6094
758 2245 6093
757 2246 6092
756 2247 6091
755 2248 6090
754 2249 6089
753 2250 6088
752 2251 6087
751 2252 6086
750 2253 6085
749 2254 6084
748 2255 6083
747 2256 6082
746 2257 6081
745 2258 6080
744 2259 6079
743 2260 6078
742 2261 6077
741 2262 6076
740 2263 6075
739 2264 6074
738 2265 6073
737 2266 6072
736 2267 6071
735 2268 6070
734 2269 6069
733 2270 6068
732 2271 6067
731 2272 6066
730 2273 6065
729 2274 6064
728 2275 6063
727 2276 6062
726 2277 6061
725 2278 6060
724 2279 6059
723 2280 6058
722 2281 6057
721 2282 6056
720 2283 6055
719 2284 6054
718 2285 6053
717 2286 6052
716 2287 6051
715 2288 6050
714 2289 6049
713 2290 6048
712 2291 6047
711 2292 6046
710 2293 6045
709 2294 6044
708 2295 6043
707 2296 6042
706 2297 6041
705 2298 6040
704 2299 6039
703 2300 6038
702 2301 6037
701 2302 6036
700 2303 6035
699 2304 6034
698 2305 6033
697 2306 6032
696 2307 6031
695 2308 6030
694 2309 6029
693 2310 6028
692 2311 6027
691 2312 6026
690 2313 6025
689 2314 6024
688 2315 6023
687 2316 6022
686 2317 6021
685 2318 6020
684 2319 6019
683 2320 6018
682 2321 6017
681 2322 6016
680 2323 6015
679 2324 6014
678 2325 6013
677 2326 6012
676 2327 6011
675 2328 6010
674 2329 6009
673 2330 6008
672 2331 6007
671 2332 6006
670 2333 6005
669 2334 6004
668 2335 6003
667 2336 6002
666 2337 6001
