2907
3000 3 8907
2999 4 8906
2998 5 8905
2997 6 8904
2996 7 8903
2995 8 8902
2994 9 8901
2993 10 8900
2992 11 8899
2991 12 8898
2990 13 8897
2989 14 8896
2988 15 8895
2987 16 8894
2986 17 8893
2985 18 8892
2984 19 8891
2983 20 8890
2982 21 8889
2981 22 8888
2980 23 8887
2979 24 8886
2978 25 8885
2977 26 8884
2976 27 8883
2975 28 8882
2974 29 8881
2973 30 8880
2972 31 8879
2971 32 8878
2970 33 8877
2969 34 8876
2968 35 8875
2967 36 8874
2966 37 8873
2965 38 8872
2964 39 8871
2963 40 8870
2962 41 8869
2961 42 8868
2960 43 8867
2959 44 8866
2958 45 8865
2957 46 8864
2956 47 8863
2955 48 8862
2954 49 8861
2953 50 8860
2952 51 8859
2951 52 8858
2950 53 8857
2949 54 8856
2948 55 8855
2947 56 8854
2946 57 8853
2945 58 8852
2944 59 8851
2943 60 8850
2942 61 8849
2941 62 8848
2940 63 8847
2939 64 8846
2938 65 8845
2937 66 8844
2936 67 8843
2935 68 8842
2934 69 8841
2933 70 8840
2932 71 8839
2931 72 8838
2930 73 8837
2929 74 8836
2928 75 8835
2927 76 8834
2926 77 8833
2925 78 8832
2924 79 8831
2923 80 8830
2922 81 8829
2921 82 8828
2920 83 8827
2919 84 8826
2918 85 8825
2917 86 8824
2916 87 8823
2915 88 8822
2914 89 8821
2913 90 8820
2912 91 8819
2911 92 8818
2910 93 8817
2909 94 8816
2908 95 8815
2907 96 8814
2906 97 8813
2905 98 8812
2904 99 8811
2903 100 8810
2902 101 8809
2901 102 8808
2900 103 8807
2899 104 8806
2898 105 8805
2897 106 8804
2896 107 8803
2895 108 8802
2894 109 8801
2893 110 8800
2892 111 8799
2891 112 8798
2890 113 8797
2889 114 8796
2888 115 8795
2887 116 8794
2886 117 8793
2885 118 8792
2884 119 8791
2883 120 8790
2882 121 8789
2881 122 8788
2880 123 8787
2879 124 8786
2878 125 8785
2877 126 8784
2876 127 8783
2875 128 8782
2874 129 8781
2873 130 8780
2872 131 8779
2871 132 8778
2870 133 8777
2869 134 8776
2868 135 8775
2867 136 8774
2866 137 8773
2865 138 8772
2864 139 8771
2863 140 8770
2862 141 8769
2861 142 8768
2860 143 8767
2859 144 8766
2858 145 8765
2857 146 8764
2856 147 8763
2855 148 8762
2854 149 8761
2853 150 8760
2852 151 8759
2851 152 8758
2850 153 8757
2849 154 8756
2848 155 8755
2847 156 8754
2846 157 8753
2845 158 8752
2844 159 8751
2843 160 8750
2842 161 8749
2841 162 8748
2840 163 8747
2839 164 8746
2838 165 8745
2837 166 8744
2836 167 8743
2835 168 8742
2834 169 8741
2833 170 8740
2832 171 8739
2831 172 8738
2830 173 8737
2829 174 8736
2828 175 8735
2827 176 8734
2826 177 8733
2825 178 8732
2824 179 8731
2823 180 8730
2822 181 8729
2821 182 8728
2820 183 8727
2819 184 8726
2818 185 8725
2817 186 8724
2816 187 8723
2815 188 8722
2814 189 8721
2813 190 8720
2812 191 8719
2811 192 8718
2810 193 8717
2809 194 8716
2808 195 8715
2807 196 8714
2806 197 8713
2805 198 8712
2804 199 8711
2803 200 8710
2802 201 8709
2801 202 8708
2800 203 8707
2799 204 8706
2798 205 8705
2797 206 8704
2796 207 8703
2795 208 8702
2794 209 8701
2793 210 8700
2792 211 8699
2791 212 8698
2790 213 8697
2789 214 8696
2788 215 8695
2787 216 8694
2786 217 8693
2785 218 8692
2784 219 8691
2783 220 8690
2782 221 8689
2781 222 8688
2780 223 8687
2779 224 8686
2778 225 8685
2777 226 8684
2776 227 8683
2775 228 8682
2774 229 8681
2773 230 8680
2772 231 8679
2771 232 8678
2770 233 8677
2769 234 8676
2768 235 8675
2767 236 8674
2766 237 8673
2765 238 8672
2764 239 8671
2763 240 8670
2762 241 8669
2761 242 8668
2760 243 8667
2759 244 8666
2758 245 8665
2757 246 8664
2756 247 8663
2755 248 8662
2754 249 8661
2753 250 8660
2752 251 8659
2751 252 8658
2750 253 8657
2749 254 8656
2748 255 8655
2747 256 8654
2746 257 8653
2745 258 8652
2744 259 8651
2743 260 8650
2742 261 8649
2741 262 8648
2740 263 8647
2739 264 8646
2738 265 8645
2737 266 8644
2736 267 8643
2735 268 8642
2734 269 8641
2733 270 8640
2732 271 8639
2731 272 8638
2730 273 8637
2729 274 8636
2728 275 8635
2727 276 8634
2726 277 8633
2725 278 8632
2724 279 8631
2723 280 8630
2722 281 8629
2721 282 8628
2720 283 8627
2719 284 8626
2718 285 8625
2717 286 8624
2716 287 8623
2715 288 8622
2714 289 8621
2713 290 8620
2712 291 8619
2711 292 8618
2710 293 8617
2709 294 8616
2708 295 8615
2707 296 8614
2706 297 8613
2705 298 8612
2704 299 8611
2703 300 8610
2702 301 8609
2701 302 8608
2700 303 8607
2699 304 8606
2698 305 8605
2697 306 8604
2696 307 8603
2695 308 8602
2694 309 8601
2693 310 8600
2692 311 8599
2691 312 8598
2690 313 8597
2689 314 8596
2688 315 8595
2687 316 8594
2686 317 8593
2685 318 8592
2684 319 8591
2683 320 8590
2682 321 8589
2681 322 8588
2680 323 8587
2679 324 8586
2678 325 8585
2677 326 8584
2676 327 8583
2675 328 8582
2674 329 8581
2673 330 8580
2672 331 8579
2671 332 8578
2670 333 8577
2669 334 8576
2668 335 8575
2667 336 8574
2666 337 8573
2665 338 8572
2664 339 8571
2663 340 8570
2662 341 8569
2661 342 8568
2660 343 8567
2659 344 8566
2658 345 8565
2657 346 8564
2656 347 8563
2655 348 8562
2654 349 8561
2653 350 8560
2652 351 8559
2651 352 8558
2650 353 8557
2649 354 8556
2648 355 8555
2647 356 8554
2646 357 8553
2645 358 8552
2644 359 8551
2643 360 8550
2642 361 8549
2641 362 8548
2640 363 8547
2639 364 8546
2638 365 8545
2637 366 8544
2636 367 8543
2635 368 8542
2634 369 8541
2633 370 8540
2632 371 8539
2631 372 8538
2630 373 8537
2629 374 8536
2628 375 8535
2627 376 8534
2626 377 8533
2625 378 8532
2624 379 8531
2623 380 8530
2622 381 8529
2621 382 8528
2620 383 8527
2619 384 8526
2618 385 8525
2617 386 8524
2616 387 8523
2615 388 8522
2614 389 8521
2613 390 8520
2612 391 8519
2611 392 8518
2610 393 8517
2609 394 8516
2608 395 8515
2607 396 8514
2606 397 8513
2605 398 8512
2604 399 8511
2603 400 8510
2602 401 8509
2601 402 8508
2600 403 8507
2599 404 8506
2598 405 8505
2597 406 8504
2596 407 8503
2595 408 8502
2594 409 8501
2593 410 8500
2592 411 8499
2591 412 8498
2590 413 8497
2589 414 8496
2588 415 8495
2587 416 8494
2586 417 8493
2585 418 8492
2584 419 8491
2583 420 8490
2582 421 8489
2581 422 8488
2580 423 8487
2579 424 8486
2578 425 8485
2577 426 8484
2576 427 8483
2575 428 8482
2574 429 8481
2573 430 8480
2572 431 8479
2571 432 8478
2570 433 8477
2569 434 8476
2568 435 8475
2567 436 8474
2566 437 8473
2565 438 8472
2564 439 8471
2563 440 8470
2562 441 8469
2561 442 8468
2560 443 8467
2559 444 8466
2558 445 8465
2557 446 8464
2556 447 8463
2555 448 8462
2554 449 8461
2553 450 8460
2552 451 8459
2551 452 8458
2550 453 8457
2549 454 8456
2548 455 8455
2547 456 8454
2546 457 8453
2545 458 8452
2544 459 8451
2543 460 8450
2542 461 8449
2541 462 8448
2540 463 8447
2539 464 8446
2538 465 8445
2537 466 8444
2536 467 8443
2535 468 8442
2534 469 8441
2533 470 8440
2532 471 8439
2531 472 8438
2530 473 8437
2529 474 8436
2528 475 8435
2527 476 8434
2526 477 8433
2525 478 8432
2524 479 8431
2523 480 8430
2522 481 8429
2521 482 8428
2520 483 8427
2519 484 8426
2518 485 8425
2517 486 8424
2516 487 8423
2515 488 8422
2514 489 8421
2513 490 8420
2512 491 8419
2511 492 8418
2510 493 8417
2509 494 8416
2508 495 8415
2507 496 8414
2506 497 8413
2505 498 8412
2504 499 8411
2503 500 8410
2502 501 8409
2501 502 8408
2500 503 8407
2499 504 8406
2498 505 8405
2497 506 8404
2496 507 8403
2495 508 8402
2494 509 8401
2493 510 8400
2492 511 8399
2491 512 8398
2490 513 8397
2489 514 8396
2488 515 8395
2487 516 8394
2486 517 8393
2485 518 8392
2484 519 8391
2483 520 8390
2482 521 8389
2481 522 8388
2480 523 8387
2479 524 8386
2478 525 8385
2477 526 8384
2476 527 8383
2475 528 8382
2474 529 8381
2473 530 8380
2472 531 8379
2471 532 8378
2470 533 8377
2469 534 8376
2468 535 8375
2467 536 8374
2466 537 8373
2465 538 8372
2464 539 8371
2463 540 8370
2462 541 8369
2461 542 8368
2460 543 8367
2459 544 8366
2458 545 8365
2457 546 8364
2456 547 8363
2455 548 8362
2454 549 8361
2453 550 8360
2452 551 8359
2451 552 8358
2450 553 8357
2449 554 8356
2448 555 8355
2447 556 8354
2446 557 8353
2445 558 8352
2444 559 8351
2443 560 8350
2442 561 8349
2441 562 8348
2440 563 8347
2439 564 8346
2438 565 8345
2437 566 8344
2436 567 8343
2435 568 8342
2434 569 8341
2433 570 8340
2432 571 8339
2431 572 8338
2430 573 8337
2429 574 8336
2428 575 8335
2427 576 8334
2426 577 8333
2425 578 8332
2424 579 8331
2423 580 8330
2422 581 8329
2421 582 8328
2420 583 8327
2419 584 8326
2418 585 8325
2417 586 8324
2416 587 8323
2415 588 8322
2414 589 8321
2413 590 8320
2412 591 8319
2411 592 8318
2410 593 8317
2409 594 8316
2408 595 8315
2407 596 8314
2406 597 8313
2405 598 8312
2404 599 8311
2403 600 8310
2402 601 8309
2401 602 8308
2400 603 8307
2399 604 8306
2398 605 8305
2397 606 8304
2396 607 8303
2395 608 8302
2394 609 8301
2393 610 8300
2392 611 8299
2391 612 8298
2390 613 8297
2389 614 8296
2388 615 8295
2387 616 8294
2386 617 8293
2385 618 8292
2384 619 8291
2383 620 8290
2382 621 8289
2381 622 8288
2380 623 8287
2379 624 8286
2378 625 8285
2377 626 8284
2376 627 8283
2375 628 8282
2374 629 8281
2373 630 8280
2372 631 8279
2371 632 8278
2370 633 8277
2369 634 8276
2368 635 8275
2367 636 8274
2366 637 8273
2365 638 8272
2364 639 8271
2363 640 8270
2362 641 8269
2361 642 8268
2360 643 8267
2359 644 8266
2358 645 8265
2357 646 8264
2356 647 8263
2355 648 8262
2354 649 8261
2353 650 8260
2352 651 8259
2351 652 8258
2350 653 8257
2349 654 8256
2348 655 8255
2347 656 8254
2346 657 8253
2345 658 8252
2344 659 8251
2343 660 8250
2342 661 8249
2341 662 8248
2340 663 8247
2339 664 8246
2338 665 8245
2337 666 8244
2336 667 8243
2335 668 8242
2334 669 8241
2333 670 8240
2332 671 8239
2331 672 8238
2330 673 8237
2329 674 8236
2328 675 8235
2327 676 8234
2326 677 8233
2325 678 8232
2324 679 8231
2323 680 8230
2322 681 8229
2321 682 8228
2320 683 8227
2319 684 8226
2318 685 8225
2317 686 8224
2316 687 8223
2315 688 8222
2314 689 8221
2313 690 8220
2312 691 8219
2311 692 8218
2310 693 8217
2309 694 8216
2308 695 8215
2307 696 8214
2306 697 8213
2305 698 8212
2304 699 8211
2303 700 8210
2302 701 8209
2301 702 8208
2300 703 8207
2299 704 8206
2298 705 8205
2297 706 8204
2296 707 8203
2295 708 8202
2294 709 8201
2293 710 8200
2292 711 8199
2291 712 8198
2290 713 8197
2289 714 8196
2288 715 8195
2287 716 8194
2286 717 8193
2285 718 8192
2284 719 8191
2283 720 8190
2282 721 8189
2281 722 8188
2280 723 8187
2279 724 8186
2278 725 8185
2277 726 8184
2276 727 8183
2275 728 8182
2274 729 8181
2273 730 8180
2272 731 8179
2271 732 8178
2270 733 8177
2269 734 8176
2268 735 8175
2267 736 8174
2266 737 8173
2265 738 8172
2264 739 8171
2263 740 8170
2262 741 8169
2261 742 8168
2260 743 8167
2259 744 8166
2258 745 8165
2257 746 8164
2256 747 8163
2255 748 8162
2254 749 8161
2253 750 8160
2252 751 8159
2251 752 8158
2250 753 8157
2249 754 8156
2248 755 8155
2247 756 8154
2246 757 8153
2245 758 8152
2244 759 8151
2243 760 8150
2242 761 8149
2241 762 8148
2240 763 8147
2239 764 8146
2238 765 8145
2237 766 8144
2236 767 8143
2235 768 8142
2234 769 8141
2233 770 8140
2232 771 8139
2231 772 8138
2230 773 8137
2229 774 8136
2228 775 8135
2227 776 8134
2226 777 8133
2225 778 8132
2224 779 8131
2223 780 8130
2222 781 8129
2221 782 8128
2220 783 8127
2219 784 8126
2218 785 8125
2217 786 8124
2216 787 8123
2215 788 8122
2214 789 8121
2213 790 8120
2212 791 8119
2211 792 8118
2210 793 8117
2209 794 8116
2208 795 8115
2207 796 8114
2206 797 8113
2205 798 8112
2204 799 8111
2203 800 8110
2202 801 8109
2201 802 8108
2200 803 8107
2199 804 8106
2198 805 8105
2197 806 8104
2196 807 8103
2195 808 8102
2194 809 8101
2193 810 8100
2192 811 8099
2191 812 8098
2190 813 8097
2189 814 8096
2188 815 8095
2187 816 8094
2186 817 8093
2185 818 8092
2184 819 8091
2183 820 8090
2182 821 8089
2181 822 8088
2180 823 8087
2179 824 8086
2178 825 8085
2177 826 8084
2176 827 8083
2175 828 8082
2174 829 8081
2173 830 8080
2172 831 8079
2171 832 8078
2170 833 8077
2169 834 8076
2168 835 8075
2167 836 8074
2166 837 8073
2165 838 8072
2164 839 8071
2163 840 8070
2162 841 8069
2161 842 8068
2160 843 8067
2159 844 8066
2158 845 8065
2157 846 8064
2156 847 8063
2155 848 8062
2154 849 8061
2153 850 8060
2152 851 8059
2151 852 8058
2150 853 8057
2149 854 8056
2148 855 8055
2147 856 8054
2146 857 8053
2145 858 8052
2144 859 8051
2143 860 8050
2142 861 8049
2141 862 8048
2140 863 8047
2139 864 8046
2138 865 8045
2137 866 8044
2136 867 8043
2135 868 8042
2134 869 8041
2133 870 8040
2132 871 8039
2131 872 8038
2130 873 8037
2129 874 8036
2128 875 8035
2127 876 8034
2126 877 8033
2125 878 8032
2124 879 8031
2123 880 8030
2122 881 8029
2121 882 8028
2120 883 8027
2119 884 8026
2118 885 8025
2117 886 8024
2116 887 8023
2115 888 8022
2114 889 8021
2113 890 8020
2112 891 8019
2111 892 8018
2110 893 8017
2109 894 8016
2108 895 8015
2107 896 8014
2106 897 8013
2105 898 8012
2104 899 8011
2103 900 8010
2102 901 8009
2101 902 8008
2100 903 8007
2099 904 8006
2098 905 8005
2097 906 8004
2096 907 8003
2095 908 8002
2094 909 8001
2093 910 8000
2092 911 7999
2091 912 7998
2090 913 7997
2089 914 7996
2088 915 7995
2087 916 7994
2086 917 7993
2085 918 7992
2084 919 7991
2083 920 7990
2082 921 7989
2081 922 7988
2080 923 7987
2079 924 7986
2078 925 7985
2077 926 7984
2076 927 7983
2075 928 7982
2074 929 7981
2073 930 7980
2072 931 7979
2071 932 7978
2070 933 7977
2069 934 7976
2068 935 7975
2067 936 7974
2066 937 7973
2065 938 7972
2064 939 7971
2063 940 7970
2062 941 7969
2061 942 7968
2060 943 7967
2059 944 7966
2058 945 7965
2057 946 7964
2056 947 7963
2055 948 7962
2054 949 7961
2053 950 7960
2052 951 7959
2051 952 7958
2050 953 7957
2049 954 7956
2048 955 7955
2047 956 7954
2046 957 7953
2045 958 7952
2044 959 7951
2043 960 7950
2042 961 7949
2041 962 7948
2040 963 7947
2039 964 7946
2038 965 7945
2037 966 7944
2036 967 7943
2035 968 7942
2034 969 7941
2033 970 7940
2032 971 7939
2031 972 7938
2030 973 7937
2029 974 7936
2028 975 7935
2027 976 7934
2026 977 7933
2025 978 7932
2024 979 7931
2023 980 7930
2022 981 7929
2021 982 7928
2020 983 7927
2019 984 7926
2018 985 7925
2017 986 7924
2016 987 7923
2015 988 7922
2014 989 7921
2013 990 7920
2012 991 7919
2011 992 7918
2010 993 7917
2009 994 7916
2008 995 7915
2007 996 7914
2006 997 7913
2005 998 7912
2004 999 7911
2003 1000 7910
2002 1001 7909
2001 1002 7908
2000 1003 7907
1999 1004 7906
1998 1005 7905
1997 1006 7904
1996 1007 7903
1995 1008 7902
1994 1009 7901
1993 1010 7900
1992 1011 7899
1991 1012 7898
1990 1013 7897
1989 1014 7896
1988 1015 7895
1987 1016 7894
1986 1017 7893
1985 1018 7892
1984 1019 7891
1983 1020 7890
1982 1021 7889
1981 1022 7888
1980 1023 7887
1979 1024 7886
1978 1025 7885
1977 1026 7884
1976 1027 7883
1975 1028 7882
1974 1029 7881
1973 1030 7880
1972 1031 7879
1971 1032 7878
1970 1033 7877
1969 1034 7876
1968 1035 7875
1967 1036 7874
1966 1037 7873
1965 1038 7872
1964 1039 7871
1963 1040 7870
1962 1041 7869
1961 1042 7868
1960 1043 7867
1959 1044 7866
1958 1045 7865
1957 1046 7864
1956 1047 7863
1955 1048 7862
1954 1049 7861
1953 1050 7860
1952 1051 7859
1951 1052 7858
1950 1053 7857
1949 1054 7856
1948 1055 7855
1947 1056 7854
1946 1057 7853
1945 1058 7852
1944 1059 7851
1943 1060 7850
1942 1061 7849
1941 1062 7848
1940 1063 7847
1939 1064 7846
1938 1065 7845
1937 1066 7844
1936 1067 7843
1935 1068 7842
1934 1069 7841
1933 1070 7840
1932 1071 7839
1931 1072 7838
1930 1073 7837
1929 1074 7836
1928 1075 7835
1927 1076 7834
1926 1077 7833
1925 1078 7832
1924 1079 7831
1923 1080 7830
1922 1081 7829
1921 1082 7828
1920 1083 7827
1919 1084 7826
1918 1085 7825
1917 1086 7824
1916 1087 7823
1915 1088 7822
1914 1089 7821
1913 1090 7820
1912 1091 7819
1911 1092 7818
1910 1093 7817
1909 1094 7816
1908 1095 7815
1907 1096 7814
1906 1097 7813
1905 1098 7812
1904 1099 7811
1903 1100 7810
1902 1101 7809
1901 1102 7808
1900 1103 7807
1899 1104 7806
1898 1105 7805
1897 1106 7804
1896 1107 7803
1895 1108 7802
1894 1109 7801
1893 1110 7800
1892 1111 7799
1891 1112 7798
1890 1113 7797
1889 1114 7796
1888 1115 7795
1887 1116 7794
1886 1117 7793
1885 1118 7792
1884 1119 7791
1883 1120 7790
1882 1121 7789
1881 1122 7788
1880 1123 7787
1879 1124 7786
1878 1125 7785
1877 1126 7784
1876 1127 7783
1875 1128 7782
1874 1129 7781
1873 1130 7780
1872 1131 7779
1871 1132 7778
1870 1133 7777
1869 1134 7776
1868 1135 7775
1867 1136 7774
1866 1137 7773
1865 1138 7772
1864 1139 7771
1863 1140 7770
1862 1141 7769
1861 1142 7768
1860 1143 7767
1859 1144 7766
1858 1145 7765
1857 1146 7764
1856 1147 7763
1855 1148 7762
1854 1149 7761
1853 1150 7760
1852 1151 7759
1851 1152 7758
1850 1153 7757
1849 1154 7756
1848 1155 7755
1847 1156 7754
1846 1157 7753
1845 1158 7752
1844 1159 7751
1843 1160 7750
1842 1161 7749
1841 1162 7748
1840 1163 7747
1839 1164 7746
1838 1165 7745
1837 1166 7744
1836 1167 7743
1835 1168 7742
1834 1169 7741
1833 1170 7740
1832 1171 7739
1831 1172 7738
1830 1173 7737
1829 1174 7736
1828 1175 7735
1827 1176 7734
1826 1177 7733
1825 1178 7732
1824 1179 7731
1823 1180 7730
1822 1181 7729
1821 1182 7728
1820 1183 7727
1819 1184 7726
1818 1185 7725
1817 1186 7724
1816 1187 7723
1815 1188 7722
1814 1189 7721
1813 1190 7720
1812 1191 7719
1811 1192 7718
1810 1193 7717
1809 1194 7716
1808 1195 7715
1807 1196 7714
1806 1197 7713
1805 1198 7712
1804 1199 7711
1803 1200 7710
1802 1201 7709
1801 1202 7708
1800 1203 7707
1799 1204 7706
1798 1205 7705
1797 1206 7704
1796 1207 7703
1795 1208 7702
1794 1209 7701
1793 1210 7700
1792 1211 7699
1791 1212 7698
1790 1213 7697
1789 1214 7696
1788 1215 7695
1787 1216 7694
1786 1217 7693
1785 1218 7692
1784 1219 7691
1783 1220 7690
1782 1221 7689
1781 1222 7688
1780 1223 7687
1779 1224 7686
1778 1225 7685
1777 1226 7684
1776 1227 7683
1775 1228 7682
1774 1229 7681
1773 1230 7680
1772 1231 7679
1771 1232 7678
1770 1233 7677
1769 1234 7676
1768 1235 7675
1767 1236 7674
1766 1237 7673
1765 1238 7672
1764 1239 7671
1763 1240 7670
1762 1241 7669
1761 1242 7668
1760 1243 7667
1759 1244 7666
1758 1245 7665
1757 1246 7664
1756 1247 7663
1755 1248 7662
1754 1249 7661
1753 1250 7660
1752 1251 7659
1751 1252 7658
1750 1253 7657
1749 1254 7656
1748 1255 7655
1747 1256 7654
1746 1257 7653
1745 1258 7652
1744 1259 7651
1743 1260 7650
1742 1261 7649
1741 1262 7648
1740 1263 7647
1739 1264 7646
1738 1265 7645
1737 1266 7644
1736 1267 7643
1735 1268 7642
1734 1269 7641
1733 1270 7640
1732 1271 7639
1731 1272 7638
1730 1273 7637
1729 1274 7636
1728 1275 7635
1727 1276 7634
1726 1277 7633
1725 1278 7632
1724 1279 7631
1723 1280 7630
1722 1281 7629
1721 1282 7628
1720 1283 7627
1719 1284 7626
1718 1285 7625
1717 1286 7624
1716 1287 7623
1715 1288 7622
1714 1289 7621
1713 1290 7620
1712 1291 7619
1711 1292 7618
1710 1293 7617
1709 1294 7616
1708 1295 7615
1707 1296 7614
1706 1297 7613
1705 1298 7612
1704 1299 7611
1703 1300 7610
1702 1301 7609
1701 1302 7608
1700 1303 7607
1699 1304 7606
1698 1305 7605
1697 1306 7604
1696 1307 7603
1695 1308 7602
1694 1309 7601
1693 1310 7600
1692 1311 7599
1691 1312 7598
1690 1313 7597
1689 1314 7596
1688 1315 7595
1687 1316 7594
1686 1317 7593
1685 1318 7592
1684 1319 7591
1683 1320 7590
1682 1321 7589
1681 1322 7588
1680 1323 7587
1679 1324 7586
1678 1325 7585
1677 1326 7584
1676 1327 7583
1675 1328 7582
1674 1329 7581
1673 1330 7580
1672 1331 7579
1671 1332 7578
1670 1333 7577
1669 1334 7576
1668 1335 7575
1667 1336 7574
1666 1337 7573
1665 1338 7572
1664 1339 7571
1663 1340 7570
1662 1341 7569
1661 1342 7568
1660 1343 7567
1659 1344 7566
1658 1345 7565
1657 1346 7564
1656 1347 7563
1655 1348 7562
1654 1349 7561
1653 1350 7560
1652 1351 7559
1651 1352 7558
1650 1353 7557
1649 1354 7556
1648 1355 7555
1647 1356 7554
1646 1357 7553
1645 1358 7552
1644 1359 7551
1643 1360 7550
1642 1361 7549
1641 1362 7548
1640 1363 7547
1639 1364 7546
1638 1365 7545
1637 1366 7544
1636 1367 7543
1635 1368 7542
1634 1369 7541
1633 1370 7540
1632 1371 7539
1631 1372 7538
1630 1373 7537
1629 1374 7536
1628 1375 7535
1627 1376 7534
1626 1377 7533
1625 1378 7532
1624 1379 7531
1623 1380 7530
1622 1381 7529
1621 1382 7528
1620 1383 7527
1619 1384 7526
1618 1385 7525
1617 1386 7524
1616 1387 7523
1615 1388 7522
1614 1389 7521
1613 1390 7520
1612 1391 7519
1611 1392 7518
1610 1393 7517
1609 1394 7516
1608 1395 7515
1607 1396 7514
1606 1397 7513
1605 1398 7512
1604 1399 7511
1603 1400 7510
1602 1401 7509
1601 1402 7508
1600 1403 7507
1599 1404 7506
1598 1405 7505
1597 1406 7504
1596 1407 7503
1595 1408 7502
1594 1409 7501
1593 1410 7500
1592 1411 7499
1591 1412 7498
1590 1413 7497
1589 1414 7496
1588 1415 7495
1587 1416 7494
1586 1417 7493
1585 1418 7492
1584 1419 7491
1583 1420 7490
1582 1421 7489
1581 1422 7488
1580 1423 7487
1579 1424 7486
1578 1425 7485
1577 1426 7484
1576 1427 7483
1575 1428 7482
1574 1429 7481
1573 1430 7480
1572 1431 7479
1571 1432 7478
1570 1433 7477
1569 1434 7476
1568 1435 7475
1567 1436 7474
1566 1437 7473
1565 1438 7472
1564 1439 7471
1563 1440 7470
1562 1441 7469
1561 1442 7468
1560 1443 7467
1559 1444 7466
1558 1445 7465
1557 1446 7464
1556 1447 7463
1555 1448 7462
1554 1449 7461
1553 1450 7460
1552 1451 7459
1551 1452 7458
1550 1453 7457
1549 1454 7456
1548 1455 7455
1547 1456 7454
1546 1457 7453
1545 1458 7452
1544 1459 7451
1543 1460 7450
1542 1461 7449
1541 1462 7448
1540 1463 7447
1539 1464 7446
1538 1465 7445
1537 1466 7444
1536 1467 7443
1535 1468 7442
1534 1469 7441
1533 1470 7440
1532 1471 7439
1531 1472 7438
1530 1473 7437
1529 1474 7436
1528 1475 7435
1527 1476 7434
1526 1477 7433
1525 1478 7432
1524 1479 7431
1523 1480 7430
1522 1481 7429
1521 1482 7428
1520 1483 7427
1519 1484 7426
1518 1485 7425
1517 1486 7424
1516 1487 7423
1515 1488 7422
1514 1489 7421
1513 1490 7420
1512 1491 7419
1511 1492 7418
1510 1493 7417
1509 1494 7416
1508 1495 7415
1507 1496 7414
1506 1497 7413
1505 1498 7412
1504 1499 7411
1503 1500 7410
1502 1501 7409
1501 1502 7408
1500 1503 7407
1499 1504 7406
1498 1505 7405
1497 1506 7404
1496 1507 7403
1495 1508 7402
1494 1509 7401
1493 1510 7400
1492 1511 7399
1491 1512 7398
1490 1513 7397
1489 1514 7396
1488 1515 7395
1487 1516 7394
1486 1517 7393
1485 1518 7392
1484 1519 7391
1483 1520 7390
1482 1521 7389
1481 1522 7388
1480 1523 7387
1479 1524 7386
1478 1525 7385
1477 1526 7384
1476 1527 7383
1475 1528 7382
1474 1529 7381
1473 1530 7380
1472 1531 7379
1471 1532 7378
1470 1533 7377
1469 1534 7376
1468 1535 7375
1467 1536 7374
1466 1537 7373
1465 1538 7372
1464 1539 7371
1463 1540 7370
1462 1541 7369
1461 1542 7368
1460 1543 7367
1459 1544 7366
1458 1545 7365
1457 1546 7364
1456 1547 7363
1455 1548 7362
1454 1549 7361
1453 1550 7360
1452 1551 7359
1451 1552 7358
1450 1553 7357
1449 1554 7356
1448 1555 7355
1447 1556 7354
1446 1557 7353
1445 1558 7352
1444 1559 7351
1443 1560 7350
1442 1561 7349
1441 1562 7348
1440 1563 7347
1439 1564 7346
1438 1565 7345
1437 1566 7344
1436 1567 7343
1435 1568 7342
1434 1569 7341
1433 1570 7340
1432 1571 7339
1431 1572 7338
1430 1573 7337
1429 1574 7336
1428 1575 7335
1427 1576 7334
1426 1577 7333
1425 1578 7332
1424 1579 7331
1423 1580 7330
1422 1581 7329
1421 1582 7328
1420 1583 7327
1419 1584 7326
1418 1585 7325
1417 1586 7324
1416 1587 7323
1415 1588 7322
1414 1589 7321
1413 1590 7320
1412 1591 7319
1411 1592 7318
1410 1593 7317
1409 1594 7316
1408 1595 7315
1407 1596 7314
1406 1597 7313
1405 1598 7312
1404 1599 7311
1403 1600 7310
1402 1601 7309
1401 1602 7308
1400 1603 7307
1399 1604 7306
1398 1605 7305
1397 1606 7304
1396 1607 7303
1395 1608 7302
1394 1609 7301
1393 1610 7300
1392 1611 7299
1391 1612 7298
1390 1613 7297
1389 1614 7296
1388 1615 7295
1387 1616 7294
1386 1617 7293
1385 1618 7292
1384 1619 7291
1383 1620 7290
1382 1621 7289
1381 1622 7288
1380 1623 7287
1379 1624 7286
1378 1625 7285
1377 1626 7284
1376 1627 7283
1375 1628 7282
1374 1629 7281
1373 1630 7280
1372 1631 7279
1371 1632 7278
1370 1633 7277
1369 1634 7276
1368 1635 7275
1367 1636 7274
1366 1637 7273
1365 1638 7272
1364 1639 7271
1363 1640 7270
1362 1641 7269
1361 1642 7268
1360 1643 7267
1359 1644 7266
1358 1645 7265
1357 1646 7264
1356 1647 7263
1355 1648 7262
1354 1649 7261
1353 1650 7260
1352 1651 7259
1351 1652 7258
1350 1653 7257
1349 1654 7256
1348 1655 7255
1347 1656 7254
1346 1657 7253
1345 1658 7252
1344 1659 7251
1343 1660 7250
1342 1661 7249
1341 1662 7248
1340 1663 7247
1339 1664 7246
1338 1665 7245
1337 1666 7244
1336 1667 7243
1335 1668 7242
1334 1669 7241
1333 1670 7240
1332 1671 7239
1331 1672 7238
1330 1673 7237
1329 1674 7236
1328 1675 7235
1327 1676 7234
1326 1677 7233
1325 1678 7232
1324 1679 7231
1323 1680 7230
1322 1681 7229
1321 1682 7228
1320 1683 7227
1319 1684 7226
1318 1685 7225
1317 1686 7224
1316 1687 7223
1315 1688 7222
1314 1689 7221
1313 1690 7220
1312 1691 7219
1311 1692 7218
1310 1693 7217
1309 1694 7216
1308 1695 7215
1307 1696 7214
1306 1697 7213
1305 1698 7212
1304 1699 7211
1303 1700 7210
1302 1701 7209
1301 1702 7208
1300 1703 7207
1299 1704 7206
1298 1705 7205
1297 1706 7204
1296 1707 7203
1295 1708 7202
1294 1709 7201
1293 1710 7200
1292 1711 7199
1291 1712 7198
1290 1713 7197
1289 1714 7196
1288 1715 7195
1287 1716 7194
1286 1717 7193
1285 1718 7192
1284 1719 7191
1283 1720 7190
1282 1721 7189
1281 1722 7188
1280 1723 7187
1279 1724 7186
1278 1725 7185
1277 1726 7184
1276 1727 7183
1275 1728 7182
1274 1729 7181
1273 1730 7180
1272 1731 7179
1271 1732 7178
1270 1733 7177
1269 1734 7176
1268 1735 7175
1267 1736 7174
1266 1737 7173
1265 1738 7172
1264 1739 7171
1263 1740 7170
1262 1741 7169
1261 1742 7168
1260 1743 7167
1259 1744 7166
1258 1745 7165
1257 1746 7164
1256 1747 7163
1255 1748 7162
1254 1749 7161
1253 1750 7160
1252 1751 7159
1251 1752 7158
1250 1753 7157
1249 1754 7156
1248 1755 7155
1247 1756 7154
1246 1757 7153
1245 1758 7152
1244 1759 7151
1243 1760 7150
1242 1761 7149
1241 1762 7148
1240 1763 7147
1239 1764 7146
1238 1765 7145
1237 1766 7144
1236 1767 7143
1235 1768 7142
1234 1769 7141
1233 1770 7140
1232 1771 7139
1231 1772 7138
1230 1773 7137
1229 1774 7136
1228 1775 7135
1227 1776 7134
1226 1777 7133
1225 1778 7132
1224 1779 7131
1223 1780 7130
1222 1781 7129
1221 1782 7128
1220 1783 7127
1219 1784 7126
1218 1785 7125
1217 1786 7124
1216 1787 7123
1215 1788 7122
1214 1789 7121
1213 1790 7120
1212 1791 7119
1211 1792 7118
1210 1793 7117
1209 1794 7116
1208 1795 7115
1207 1796 7114
1206 1797 7113
1205 1798 7112
1204 1799 7111
1203 1800 7110
1202 1801 7109
1201 1802 7108
1200 1803 7107
1199 1804 7106
1198 1805 7105
1197 1806 7104
1196 1807 7103
1195 1808 7102
1194 1809 7101
1193 1810 7100
1192 1811 7099
1191 1812 7098
1190 1813 7097
1189 1814 7096
1188 1815 7095
1187 1816 7094
1186 1817 7093
1185 1818 7092
1184 1819 7091
1183 1820 7090
1182 1821 7089
1181 1822 7088
1180 1823 7087
1179 1824 7086
1178 1825 7085
1177 1826 7084
1176 1827 7083
1175 1828 7082
1174 1829 7081
1173 1830 7080
1172 1831 7079
1171 1832 7078
1170 1833 7077
1169 1834 7076
1168 1835 7075
1167 1836 7074
1166 1837 7073
1165 1838 7072
1164 1839 7071
1163 1840 7070
1162 1841 7069
1161 1842 7068
1160 1843 7067
1159 1844 7066
1158 1845 7065
1157 1846 7064
1156 1847 7063
1155 1848 7062
1154 1849 7061
1153 1850 7060
1152 1851 7059
1151 1852 7058
1150 1853 7057
1149 1854 7056
1148 1855 7055
1147 1856 7054
1146 1857 7053
1145 1858 7052
1144 1859 7051
1143 1860 7050
1142 1861 7049
1141 1862 7048
1140 1863 7047
1139 1864 7046
1138 1865 7045
1137 1866 7044
1136 1867 7043
1135 1868 7042
1134 1869 7041
1133 1870 7040
1132 1871 7039
1131 1872 7038
1130 1873 7037
1129 1874 7036
1128 1875 7035
1127 1876 7034
1126 1877 7033
1125 1878 7032
1124 1879 7031
1123 1880 7030
1122 1881 7029
1121 1882 7028
1120 1883 7027
1119 1884 7026
1118 1885 7025
1117 1886 7024
1116 1887 7023
1115 1888 7022
1114 1889 7021
1113 1890 7020
1112 1891 7019
1111 1892 7018
1110 1893 7017
1109 1894 7016
1108 1895 7015
1107 1896 7014
1106 1897 7013
1105 1898 7012
1104 1899 7011
1103 1900 7010
1102 1901 7009
1101 1902 7008
1100 1903 7007
1099 1904 7006
1098 1905 7005
1097 1906 7004
1096 1907 7003
1095 1908 7002
1094 1909 7001
1093 1910 7000
1092 1911 6999
1091 1912 6998
1090 1913 6997
1089 1914 6996
1088 1915 6995
1087 1916 6994
1086 1917 6993
1085 1918 6992
1084 1919 6991
1083 1920 6990
1082 1921 6989
1081 1922 6988
1080 1923 6987
1079 1924 6986
1078 1925 6985
1077 1926 6984
1076 1927 6983
1075 1928 6982
1074 1929 6981
1073 1930 6980
1072 1931 6979
1071 1932 6978
1070 1933 6977
1069 1934 6976
1068 1935 6975
1067 1936 6974
1066 1937 6973
1065 1938 6972
1064 1939 6971
1063 1940 6970
1062 1941 6969
1061 1942 6968
1060 1943 6967
1059 1944 6966
1058 1945 6965
1057 1946 6964
1056 1947 6963
1055 1948 6962
1054 1949 6961
1053 1950 6960
1052 1951 6959
1051 1952 6958
1050 1953 6957
1049 1954 6956
1048 1955 6955
1047 1956 6954
1046 1957 6953
1045 1958 6952
1044 1959 6951
1043 1960 6950
1042 1961 6949
1041 1962 6948
1040 1963 6947
1039 1964 6946
1038 1965 6945
1037 1966 6944
1036 1967 6943
1035 1968 6942
1034 1969 6941
1033 1970 6940
1032 1971 6939
1031 1972 6938
1030 1973 6937
1029 1974 6936
1028 1975 6935
1027 1976 6934
1026 1977 6933
1025 1978 6932
1024 1979 6931
1023 1980 6930
1022 1981 6929
1021 1982 6928
1020 1983 6927
1019 1984 6926
1018 1985 6925
1017 1986 6924
1016 1987 6923
1015 1988 6922
1014 1989 6921
1013 1990 6920
1012 1991 6919
1011 1992 6918
1010 1993 6917
1009 1994 6916
1008 1995 6915
1007 1996 6914
1006 1997 6913
1005 1998 6912
1004 1999 6911
1003 2000 6910
1002 2001 6909
1001 2002 6908
1000 2003 6907
999 2004 6906
998 2005 6905
997 2006 6904
996 2007 6903
995 2008 6902
994 2009 6901
993 2010 6900
992 2011 6899
991 2012 6898
990 2013 6897
989 2014 6896
988 2015 6895
987 2016 6894
986 2017 6893
985 2018 6892
984 2019 6891
983 2020 6890
982 2021 6889
981 2022 6888
980 2023 6887
979 2024 6886
978 2025 6885
977 2026 6884
976 2027 6883
975 2028 6882
974 2029 6881
973 2030 6880
972 2031 6879
971 2032 6878
970 2033 6877
969 2034 6876
968 2035 6875
967 2036 6874
966 2037 6873
965 2038 6872
964 2039 6871
963 2040 6870
962 2041 6869
961 2042 6868
960 2043 6867
959 2044 6866
958 2045 6865
957 2046 6864
956 2047 6863
955 2048 6862
954 2049 6861
953 2050 6860
952 2051 6859
951 2052 6858
950 2053 6857
949 2054 6856
948 2055 6855
947 2056 6854
946 2057 6853
945 2058 6852
944 2059 6851
943 2060 6850
942 2061 6849
941 2062 6848
940 2063 6847
939 2064 6846
938 2065 6845
937 2066 6844
936 2067 6843
935 2068 6842
934 2069 6841
933 2070 6840
932 2071 6839
931 2072 6838
930 2073 6837
929 2074 6836
928 2075 6835
927 2076 6834
926 2077 6833
925 2078 6832
924 2079 6831
923 2080 6830
922 2081 6829
921 2082 6828
920 2083 6827
919 2084 6826
918 2085 6825
917 2086 6824
916 2087 6823
915 2088 6822
914 2089 6821
913 2090 6820
912 2091 6819
911 2092 6818
910 2093 6817
909 2094 6816
908 2095 6815
907 2096 6814
906 2097 6813
905 2098 6812
904 2099 6811
903 2100 6810
902 2101 6809
901 2102 6808
900 2103 6807
899 2104 6806
898 2105 6805
897 2106 6804
896 2107 6803
895 2108 6802
894 2109 6801
893 2110 6800
892 2111 6799
891 2112 6798
890 2113 6797
889 2114 6796
888 2115 6795
887 2116 6794
886 2117 6793
885 2118 6792
884 2119 6791
883 2120 6790
882 2121 6789
881 2122 6788
880 2123 6787
879 2124 6786
878 2125 6785
877 2126 6784
876 2127 6783
875 2128 6782
874 2129 6781
873 2130 6780
872 2131 6779
871 2132 6778
870 2133 6777
869 2134 6776
868 2135 6775
867 2136 6774
866 2137 6773
865 2138 6772
864 2139 6771
863 2140 6770
862 2141 6769
861 2142 6768
860 2143 6767
859 2144 6766
858 2145 6765
857 2146 6764
856 2147 6763
855 2148 6762
854 2149 6761
853 2150 6760
852 2151 6759
851 2152 6758
850 2153 6757
849 2154 6756
848 2155 6755
847 2156 6754
846 2157 6753
845 2158 6752
844 2159 6751
843 2160 6750
842 2161 6749
841 2162 6748
840 2163 6747
839 2164 6746
838 2165 6745
837 2166 6744
836 2167 6743
835 2168 6742
834 2169 6741
833 2170 6740
832 2171 6739
831 2172 6738
830 2173 6737
829 2174 6736
828 2175 6735
827 2176 6734
826 2177 6733
825 2178 6732
824 2179 6731
823 2180 6730
822 2181 6729
821 2182 6728
820 2183 6727
819 2184 6726
818 2185 6725
817 2186 6724
816 2187 6723
815 2188 6722
814 2189 6721
813 2190 6720
812 2191 6719
811 2192 6718
810 2193 6717
809 2194 6716
808 2195 6715
807 2196 6714
806 2197 6713
805 2198 6712
804 2199 6711
803 2200 6710
802 2201 6709
801 2202 6708
800 2203 6707
799 2204 6706
798 2205 6705
797 2206 6704
796 2207 6703
795 2208 6702
794 2209 6701
793 2210 6700
792 2211 6699
791 2212 6698
790 2213 6697
789 2214 6696
788 2215 6695
787 2216 6694
786 2217 6693
785 2218 6692
784 2219 6691
783 2220 6690
782 2221 6689
781 2222 6688
780 2223 6687
779 2224 6686
778 2225 6685
777 2226 6684
776 2227 6683
775 2228 6682
774 2229 6681
773 2230 6680
772 2231 6679
771 2232 6678
770 2233 6677
769 2234 6676
768 2235 6675
767 2236 6674
766 2237 6673
765 2238 6672
764 2239 6671
763 2240 6670
762 2241 6669
761 2242 6668
760 2243 6667
759 2244 6666
758 2245 6665
757 2246 6664
756 2247 6663
755 2248 6662
754 2249 6661
753 2250 6660
752 2251 6659
751 2252 6658
750 2253 6657
749 2254 6656
748 2255 6655
747 2256 6654
746 2257 6653
745 2258 6652
744 2259 6651
743 2260 6650
742 2261 6649
741 2262 6648
740 2263 6647
739 2264 6646
738 2265 6645
737 2266 6644
736 2267 6643
735 2268 6642
734 2269 6641
733 2270 6640
732 2271 6639
731 2272 6638
730 2273 6637
729 2274 6636
728 2275 6635
727 2276 6634
726 2277 6633
725 2278 6632
724 2279 6631
723 2280 6630
722 2281 6629
721 2282 6628
720 2283 6627
719 2284 6626
718 2285 6625
717 2286 6624
716 2287 6623
715 2288 6622
714 2289 6621
713 2290 6620
712 2291 6619
711 2292 6618
710 2293 6617
709 2294 6616
708 2295 6615
707 2296 6614
706 2297 6613
705 2298 6612
704 2299 6611
703 2300 6610
702 2301 6609
701 2302 6608
700 2303 6607
699 2304 6606
698 2305 6605
697 2306 6604
696 2307 6603
695 2308 6602
694 2309 6601
693 2310 6600
692 2311 6599
691 2312 6598
690 2313 6597
689 2314 6596
688 2315 6595
687 2316 6594
686 2317 6593
685 2318 6592
684 2319 6591
683 2320 6590
682 2321 6589
681 2322 6588
680 2323 6587
679 2324 6586
678 2325 6585
677 2326 6584
676 2327 6583
675 2328 6582
674 2329 6581
673 2330 6580
672 2331 6579
671 2332 6578
670 2333 6577
669 2334 6576
668 2335 6575
667 2336 6574
666 2337 6573
665 2338 6572
664 2339 6571
663 2340 6570
662 2341 6569
661 2342 6568
660 2343 6567
659 2344 6566
658 2345 6565
657 2346 6564
656 2347 6563
655 2348 6562
654 2349 6561
653 2350 6560
652 2351 6559
651 2352 6558
650 2353 6557
649 2354 6556
648 2355 6555
647 2356 6554
646 2357 6553
645 2358 6552
644 2359 6551
643 2360 6550
642 2361 6549
641 2362 6548
640 2363 6547
639 2364 6546
638 2365 6545
637 2366 6544
636 2367 6543
635 2368 6542
634 2369 6541
633 2370 6540
632 2371 6539
631 2372 6538
630 2373 6537
629 2374 6536
628 2375 6535
627 2376 6534
626 2377 6533
625 2378 6532
624 2379 6531
623 2380 6530
622 2381 6529
621 2382 6528
620 2383 6527
619 2384 6526
618 2385 6525
617 2386 6524
616 2387 6523
615 2388 6522
614 2389 6521
613 2390 6520
612 2391 6519
611 2392 6518
610 2393 6517
609 2394 6516
608 2395 6515
607 2396 6514
606 2397 6513
605 2398 6512
604 2399 6511
603 2400 6510
602 2401 6509
601 2402 6508
600 2403 6507
599 2404 6506
598 2405 6505
597 2406 6504
596 2407 6503
595 2408 6502
594 2409 6501
593 2410 6500
592 2411 6499
591 2412 6498
590 2413 6497
589 2414 6496
588 2415 6495
587 2416 6494
586 2417 6493
585 2418 6492
584 2419 6491
583 2420 6490
582 2421 6489
581 2422 6488
580 2423 6487
579 2424 6486
578 2425 6485
577 2426 6484
576 2427 6483
575 2428 6482
574 2429 6481
573 2430 6480
572 2431 6479
571 2432 6478
570 2433 6477
569 2434 6476
568 2435 6475
567 2436 6474
566 2437 6473
565 2438 6472
564 2439 6471
563 2440 6470
562 2441 6469
561 2442 6468
560 2443 6467
559 2444 6466
558 2445 6465
557 2446 6464
556 2447 6463
555 2448 6462
554 2449 6461
553 2450 6460
552 2451 6459
551 2452 6458
550 2453 6457
549 2454 6456
548 2455 6455
547 2456 6454
546 2457 6453
545 2458 6452
544 2459 6451
543 2460 6450
542 2461 6449
541 2462 6448
540 2463 6447
539 2464 6446
538 2465 6445
537 2466 6444
536 2467 6443
535 2468 6442
534 2469 6441
533 2470 6440
532 2471 6439
531 2472 6438
530 2473 6437
529 2474 6436
528 2475 6435
527 2476 6434
526 2477 6433
525 2478 6432
524 2479 6431
523 2480 6430
522 2481 6429
521 2482 6428
520 2483 6427
519 2484 6426
518 2485 6425
517 2486 6424
516 2487 6423
515 2488 6422
514 2489 6421
513 2490 6420
512 2491 6419
511 2492 6418
510 2493 6417
509 2494 6416
508 2495 6415
507 2496 6414
506 2497 6413
505 2498 6412
504 2499 6411
503 2500 6410
502 2501 6409
501 2502 6408
500 2503 6407
499 2504 6406
498 2505 6405
497 2506 6404
496 2507 6403
495 2508 6402
494 2509 6401
493 2510 6400
492 2511 6399
491 2512 6398
490 2513 6397
489 2514 6396
488 2515 6395
487 2516 6394
486 2517 6393
485 2518 6392
484 2519 6391
483 2520 6390
482 2521 6389
481 2522 6388
480 2523 6387
479 2524 6386
478 2525 6385
477 2526 6384
476 2527 6383
475 2528 6382
474 2529 6381
473 2530 6380
472 2531 6379
471 2532 6378
470 2533 6377
469 2534 6376
468 2535 6375
467 2536 6374
466 2537 6373
465 2538 6372
464 2539 6371
463 2540 6370
462 2541 6369
461 2542 6368
460 2543 6367
459 2544 6366
458 2545 6365
457 2546 6364
456 2547 6363
455 2548 6362
454 2549 6361
453 2550 6360
452 2551 6359
451 2552 6358
450 2553 6357
449 2554 6356
448 2555 6355
447 2556 6354
446 2557 6353
445 2558 6352
444 2559 6351
443 2560 6350
442 2561 6349
441 2562 6348
440 2563 6347
439 2564 6346
438 2565 6345
437 2566 6344
436 2567 6343
435 2568 6342
434 2569 6341
433 2570 6340
432 2571 6339
431 2572 6338
430 2573 6337
429 2574 6336
428 2575 6335
427 2576 6334
426 2577 6333
425 2578 6332
424 2579 6331
423 2580 6330
422 2581 6329
421 2582 6328
420 2583 6327
419 2584 6326
418 2585 6325
417 2586 6324
416 2587 6323
415 2588 6322
414 2589 6321
413 2590 6320
412 2591 6319
411 2592 6318
410 2593 6317
409 2594 6316
408 2595 6315
407 2596 6314
406 2597 6313
405 2598 6312
404 2599 6311
403 2600 6310
402 2601 6309
401 2602 6308
400 2603 6307
399 2604 6306
398 2605 6305
397 2606 6304
396 2607 6303
395 2608 6302
394 2609 6301
393 2610 6300
392 2611 6299
391 2612 6298
390 2613 6297
389 2614 6296
388 2615 6295
387 2616 6294
386 2617 6293
385 2618 6292
384 2619 6291
383 2620 6290
382 2621 6289
381 2622 6288
380 2623 6287
379 2624 6286
378 2625 6285
377 2626 6284
376 2627 6283
375 2628 6282
374 2629 6281
373 2630 6280
372 2631 6279
371 2632 6278
370 2633 6277
369 2634 6276
368 2635 6275
367 2636 6274
366 2637 6273
365 2638 6272
364 2639 6271
363 2640 6270
362 2641 6269
361 2642 6268
360 2643 6267
359 2644 6266
358 2645 6265
357 2646 6264
356 2647 6263
355 2648 6262
354 2649 6261
353 2650 6260
352 2651 6259
351 2652 6258
350 2653 6257
349 2654 6256
348 2655 6255
347 2656 6254
346 2657 6253
345 2658 6252
344 2659 6251
343 2660 6250
342 2661 6249
341 2662 6248
340 2663 6247
339 2664 6246
338 2665 6245
337 2666 6244
336 2667 6243
335 2668 6242
334 2669 6241
333 2670 6240
332 2671 6239
331 2672 6238
330 2673 6237
329 2674 6236
328 2675 6235
327 2676 6234
326 2677 6233
325 2678 6232
324 2679 6231
323 2680 6230
322 2681 6229
321 2682 6228
320 2683 6227
319 2684 6226
318 2685 6225
317 2686 6224
316 2687 6223
315 2688 6222
314 2689 6221
313 2690 6220
312 2691 6219
311 2692 6218
310 2693 6217
309 2694 6216
308 2695 6215
307 2696 6214
306 2697 6213
305 2698 6212
304 2699 6211
303 2700 6210
302 2701 6209
301 2702 6208
300 2703 6207
299 2704 6206
298 2705 6205
297 2706 6204
296 2707 6203
295 2708 6202
294 2709 6201
293 2710 6200
292 2711 6199
291 2712 6198
290 2713 6197
289 2714 6196
288 2715 6195
287 2716 6194
286 2717 6193
285 2718 6192
284 2719 6191
283 2720 6190
282 2721 6189
281 2722 6188
280 2723 6187
279 2724 6186
278 2725 6185
277 2726 6184
276 2727 6183
275 2728 6182
274 2729 6181
273 2730 6180
272 2731 6179
271 2732 6178
270 2733 6177
269 2734 6176
268 2735 6175
267 2736 6174
266 2737 6173
265 2738 6172
264 2739 6171
263 2740 6170
262 2741 6169
261 2742 6168
260 2743 6167
259 2744 6166
258 2745 6165
257 2746 6164
256 2747 6163
255 2748 6162
254 2749 6161
253 2750 6160
252 2751 6159
251 2752 6158
250 2753 6157
249 2754 6156
248 2755 6155
247 2756 6154
246 2757 6153
245 2758 6152
244 2759 6151
243 2760 6150
242 2761 6149
241 2762 6148
240 2763 6147
239 2764 6146
238 2765 6145
237 2766 6144
236 2767 6143
235 2768 6142
234 2769 6141
233 2770 6140
232 2771 6139
231 2772 6138
230 2773 6137
229 2774 6136
228 2775 6135
227 2776 6134
226 2777 6133
225 2778 6132
224 2779 6131
223 2780 6130
222 2781 6129
221 2782 6128
220 2783 6127
219 2784 6126
218 2785 6125
217 2786 6124
216 2787 6123
215 2788 6122
214 2789 6121
213 2790 6120
212 2791 6119
211 2792 6118
210 2793 6117
209 2794 6116
208 2795 6115
207 2796 6114
206 2797 6113
205 2798 6112
204 2799 6111
203 2800 6110
202 2801 6109
201 2802 6108
200 2803 6107
199 2804 6106
198 2805 6105
197 2806 6104
196 2807 6103
195 2808 6102
194 2809 6101
193 2810 6100
192 2811 6099
191 2812 6098
190 2813 6097
189 2814 6096
188 2815 6095
187 2816 6094
186 2817 6093
185 2818 6092
184 2819 6091
183 2820 6090
182 2821 6089
181 2822 6088
180 2823 6087
179 2824 6086
178 2825 6085
177 2826 6084
176 2827 6083
175 2828 6082
174 2829 6081
173 2830 6080
172 2831 6079
171 2832 6078
170 2833 6077
169 2834 6076
168 2835 6075
167 2836 6074
166 2837 6073
165 2838 6072
164 2839 6071
163 2840 6070
162 2841 6069
161 2842 6068
160 2843 6067
159 2844 6066
158 2845 6065
157 2846 6064
156 2847 6063
155 2848 6062
154 2849 6061
153 2850 6060
152 2851 6059
151 2852 6058
150 2853 6057
149 2854 6056
148 2855 6055
147 2856 6054
146 2857 6053
145 2858 6052
144 2859 6051
143 2860 6050
142 2861 6049
141 2862 6048
140 2863 6047
139 2864 6046
138 2865 6045
137 2866 6044
136 2867 6043
135 2868 6042
134 2869 6041
133 2870 6040
132 2871 6039
131 2872 6038
130 2873 6037
129 2874 6036
128 2875 6035
127 2876 6034
126 2877 6033
125 2878 6032
124 2879 6031
123 2880 6030
122 2881 6029
121 2882 6028
120 2883 6027
119 2884 6026
118 2885 6025
117 2886 6024
116 2887 6023
115 2888 6022
114 2889 6021
113 2890 6020
112 2891 6019
111 2892 6018
110 2893 6017
109 2894 6016
108 2895 6015
107 2896 6014
106 2897 6013
105 2898 6012
104 2899 6011
103 2900 6010
102 2901 6009
101 2902 6008
100 2903 6007
99 2904 6006
98 2905 6005
97 2906 6004
96 2907 6003
95 2908 6002
94 2909 6001
