2105
3000 3 8105
2999 4 8104
2998 5 8103
2997 6 8102
2996 7 8101
2995 8 8100
2994 9 8099
2993 10 8098
2992 11 8097
2991 12 8096
2990 13 8095
2989 14 8094
2988 15 8093
2987 16 8092
2986 17 8091
2985 18 8090
2984 19 8089
2983 20 8088
2982 21 8087
2981 22 8086
2980 23 8085
2979 24 8084
2978 25 8083
2977 26 8082
2976 27 8081
2975 28 8080
2974 29 8079
2973 30 8078
2972 31 8077
2971 32 8076
2970 33 8075
2969 34 8074
2968 35 8073
2967 36 8072
2966 37 8071
2965 38 8070
2964 39 8069
2963 40 8068
2962 41 8067
2961 42 8066
2960 43 8065
2959 44 8064
2958 45 8063
2957 46 8062
2956 47 8061
2955 48 8060
2954 49 8059
2953 50 8058
2952 51 8057
2951 52 8056
2950 53 8055
2949 54 8054
2948 55 8053
2947 56 8052
2946 57 8051
2945 58 8050
2944 59 8049
2943 60 8048
2942 61 8047
2941 62 8046
2940 63 8045
2939 64 8044
2938 65 8043
2937 66 8042
2936 67 8041
2935 68 8040
2934 69 8039
2933 70 8038
2932 71 8037
2931 72 8036
2930 73 8035
2929 74 8034
2928 75 8033
2927 76 8032
2926 77 8031
2925 78 8030
2924 79 8029
2923 80 8028
2922 81 8027
2921 82 8026
2920 83 8025
2919 84 8024
2918 85 8023
2917 86 8022
2916 87 8021
2915 88 8020
2914 89 8019
2913 90 8018
2912 91 8017
2911 92 8016
2910 93 8015
2909 94 8014
2908 95 8013
2907 96 8012
2906 97 8011
2905 98 8010
2904 99 8009
2903 100 8008
2902 101 8007
2901 102 8006
2900 103 8005
2899 104 8004
2898 105 8003
2897 106 8002
2896 107 8001
2895 108 8000
2894 109 7999
2893 110 7998
2892 111 7997
2891 112 7996
2890 113 7995
2889 114 7994
2888 115 7993
2887 116 7992
2886 117 7991
2885 118 7990
2884 119 7989
2883 120 7988
2882 121 7987
2881 122 7986
2880 123 7985
2879 124 7984
2878 125 7983
2877 126 7982
2876 127 7981
2875 128 7980
2874 129 7979
2873 130 7978
2872 131 7977
2871 132 7976
2870 133 7975
2869 134 7974
2868 135 7973
2867 136 7972
2866 137 7971
2865 138 7970
2864 139 7969
2863 140 7968
2862 141 7967
2861 142 7966
2860 143 7965
2859 144 7964
2858 145 7963
2857 146 7962
2856 147 7961
2855 148 7960
2854 149 7959
2853 150 7958
2852 151 7957
2851 152 7956
2850 153 7955
2849 154 7954
2848 155 7953
2847 156 7952
2846 157 7951
2845 158 7950
2844 159 7949
2843 160 7948
2842 161 7947
2841 162 7946
2840 163 7945
2839 164 7944
2838 165 7943
2837 166 7942
2836 167 7941
2835 168 7940
2834 169 7939
2833 170 7938
2832 171 7937
2831 172 7936
2830 173 7935
2829 174 7934
2828 175 7933
2827 176 7932
2826 177 7931
2825 178 7930
2824 179 7929
2823 180 7928
2822 181 7927
2821 182 7926
2820 183 7925
2819 184 7924
2818 185 7923
2817 186 7922
2816 187 7921
2815 188 7920
2814 189 7919
2813 190 7918
2812 191 7917
2811 192 7916
2810 193 7915
2809 194 7914
2808 195 7913
2807 196 7912
2806 197 7911
2805 198 7910
2804 199 7909
2803 200 7908
2802 201 7907
2801 202 7906
2800 203 7905
2799 204 7904
2798 205 7903
2797 206 7902
2796 207 7901
2795 208 7900
2794 209 7899
2793 210 7898
2792 211 7897
2791 212 7896
2790 213 7895
2789 214 7894
2788 215 7893
2787 216 7892
2786 217 7891
2785 218 7890
2784 219 7889
2783 220 7888
2782 221 7887
2781 222 7886
2780 223 7885
2779 224 7884
2778 225 7883
2777 226 7882
2776 227 7881
2775 228 7880
2774 229 7879
2773 230 7878
2772 231 7877
2771 232 7876
2770 233 7875
2769 234 7874
2768 235 7873
2767 236 7872
2766 237 7871
2765 238 7870
2764 239 7869
2763 240 7868
2762 241 7867
2761 242 7866
2760 243 7865
2759 244 7864
2758 245 7863
2757 246 7862
2756 247 7861
2755 248 7860
2754 249 7859
2753 250 7858
2752 251 7857
2751 252 7856
2750 253 7855
2749 254 7854
2748 255 7853
2747 256 7852
2746 257 7851
2745 258 7850
2744 259 7849
2743 260 7848
2742 261 7847
2741 262 7846
2740 263 7845
2739 264 7844
2738 265 7843
2737 266 7842
2736 267 7841
2735 268 7840
2734 269 7839
2733 270 7838
2732 271 7837
2731 272 7836
2730 273 7835
2729 274 7834
2728 275 7833
2727 276 7832
2726 277 7831
2725 278 7830
2724 279 7829
2723 280 7828
2722 281 7827
2721 282 7826
2720 283 7825
2719 284 7824
2718 285 7823
2717 286 7822
2716 287 7821
2715 288 7820
2714 289 7819
2713 290 7818
2712 291 7817
2711 292 7816
2710 293 7815
2709 294 7814
2708 295 7813
2707 296 7812
2706 297 7811
2705 298 7810
2704 299 7809
2703 300 7808
2702 301 7807
2701 302 7806
2700 303 7805
2699 304 7804
2698 305 7803
2697 306 7802
2696 307 7801
2695 308 7800
2694 309 7799
2693 310 7798
2692 311 7797
2691 312 7796
2690 313 7795
2689 314 7794
2688 315 7793
2687 316 7792
2686 317 7791
2685 318 7790
2684 319 7789
2683 320 7788
2682 321 7787
2681 322 7786
2680 323 7785
2679 324 7784
2678 325 7783
2677 326 7782
2676 327 7781
2675 328 7780
2674 329 7779
2673 330 7778
2672 331 7777
2671 332 7776
2670 333 7775
2669 334 7774
2668 335 7773
2667 336 7772
2666 337 7771
2665 338 7770
2664 339 7769
2663 340 7768
2662 341 7767
2661 342 7766
2660 343 7765
2659 344 7764
2658 345 7763
2657 346 7762
2656 347 7761
2655 348 7760
2654 349 7759
2653 350 7758
2652 351 7757
2651 352 7756
2650 353 7755
2649 354 7754
2648 355 7753
2647 356 7752
2646 357 7751
2645 358 7750
2644 359 7749
2643 360 7748
2642 361 7747
2641 362 7746
2640 363 7745
2639 364 7744
2638 365 7743
2637 366 7742
2636 367 7741
2635 368 7740
2634 369 7739
2633 370 7738
2632 371 7737
2631 372 7736
2630 373 7735
2629 374 7734
2628 375 7733
2627 376 7732
2626 377 7731
2625 378 7730
2624 379 7729
2623 380 7728
2622 381 7727
2621 382 7726
2620 383 7725
2619 384 7724
2618 385 7723
2617 386 7722
2616 387 7721
2615 388 7720
2614 389 7719
2613 390 7718
2612 391 7717
2611 392 7716
2610 393 7715
2609 394 7714
2608 395 7713
2607 396 7712
2606 397 7711
2605 398 7710
2604 399 7709
2603 400 7708
2602 401 7707
2601 402 7706
2600 403 7705
2599 404 7704
2598 405 7703
2597 406 7702
2596 407 7701
2595 408 7700
2594 409 7699
2593 410 7698
2592 411 7697
2591 412 7696
2590 413 7695
2589 414 7694
2588 415 7693
2587 416 7692
2586 417 7691
2585 418 7690
2584 419 7689
2583 420 7688
2582 421 7687
2581 422 7686
2580 423 7685
2579 424 7684
2578 425 7683
2577 426 7682
2576 427 7681
2575 428 7680
2574 429 7679
2573 430 7678
2572 431 7677
2571 432 7676
2570 433 7675
2569 434 7674
2568 435 7673
2567 436 7672
2566 437 7671
2565 438 7670
2564 439 7669
2563 440 7668
2562 441 7667
2561 442 7666
2560 443 7665
2559 444 7664
2558 445 7663
2557 446 7662
2556 447 7661
2555 448 7660
2554 449 7659
2553 450 7658
2552 451 7657
2551 452 7656
2550 453 7655
2549 454 7654
2548 455 7653
2547 456 7652
2546 457 7651
2545 458 7650
2544 459 7649
2543 460 7648
2542 461 7647
2541 462 7646
2540 463 7645
2539 464 7644
2538 465 7643
2537 466 7642
2536 467 7641
2535 468 7640
2534 469 7639
2533 470 7638
2532 471 7637
2531 472 7636
2530 473 7635
2529 474 7634
2528 475 7633
2527 476 7632
2526 477 7631
2525 478 7630
2524 479 7629
2523 480 7628
2522 481 7627
2521 482 7626
2520 483 7625
2519 484 7624
2518 485 7623
2517 486 7622
2516 487 7621
2515 488 7620
2514 489 7619
2513 490 7618
2512 491 7617
2511 492 7616
2510 493 7615
2509 494 7614
2508 495 7613
2507 496 7612
2506 497 7611
2505 498 7610
2504 499 7609
2503 500 7608
2502 501 7607
2501 502 7606
2500 503 7605
2499 504 7604
2498 505 7603
2497 506 7602
2496 507 7601
2495 508 7600
2494 509 7599
2493 510 7598
2492 511 7597
2491 512 7596
2490 513 7595
2489 514 7594
2488 515 7593
2487 516 7592
2486 517 7591
2485 518 7590
2484 519 7589
2483 520 7588
2482 521 7587
2481 522 7586
2480 523 7585
2479 524 7584
2478 525 7583
2477 526 7582
2476 527 7581
2475 528 7580
2474 529 7579
2473 530 7578
2472 531 7577
2471 532 7576
2470 533 7575
2469 534 7574
2468 535 7573
2467 536 7572
2466 537 7571
2465 538 7570
2464 539 7569
2463 540 7568
2462 541 7567
2461 542 7566
2460 543 7565
2459 544 7564
2458 545 7563
2457 546 7562
2456 547 7561
2455 548 7560
2454 549 7559
2453 550 7558
2452 551 7557
2451 552 7556
2450 553 7555
2449 554 7554
2448 555 7553
2447 556 7552
2446 557 7551
2445 558 7550
2444 559 7549
2443 560 7548
2442 561 7547
2441 562 7546
2440 563 7545
2439 564 7544
2438 565 7543
2437 566 7542
2436 567 7541
2435 568 7540
2434 569 7539
2433 570 7538
2432 571 7537
2431 572 7536
2430 573 7535
2429 574 7534
2428 575 7533
2427 576 7532
2426 577 7531
2425 578 7530
2424 579 7529
2423 580 7528
2422 581 7527
2421 582 7526
2420 583 7525
2419 584 7524
2418 585 7523
2417 586 7522
2416 587 7521
2415 588 7520
2414 589 7519
2413 590 7518
2412 591 7517
2411 592 7516
2410 593 7515
2409 594 7514
2408 595 7513
2407 596 7512
2406 597 7511
2405 598 7510
2404 599 7509
2403 600 7508
2402 601 7507
2401 602 7506
2400 603 7505
2399 604 7504
2398 605 7503
2397 606 7502
2396 607 7501
2395 608 7500
2394 609 7499
2393 610 7498
2392 611 7497
2391 612 7496
2390 613 7495
2389 614 7494
2388 615 7493
2387 616 7492
2386 617 7491
2385 618 7490
2384 619 7489
2383 620 7488
2382 621 7487
2381 622 7486
2380 623 7485
2379 624 7484
2378 625 7483
2377 626 7482
2376 627 7481
2375 628 7480
2374 629 7479
2373 630 7478
2372 631 7477
2371 632 7476
2370 633 7475
2369 634 7474
2368 635 7473
2367 636 7472
2366 637 7471
2365 638 7470
2364 639 7469
2363 640 7468
2362 641 7467
2361 642 7466
2360 643 7465
2359 644 7464
2358 645 7463
2357 646 7462
2356 647 7461
2355 648 7460
2354 649 7459
2353 650 7458
2352 651 7457
2351 652 7456
2350 653 7455
2349 654 7454
2348 655 7453
2347 656 7452
2346 657 7451
2345 658 7450
2344 659 7449
2343 660 7448
2342 661 7447
2341 662 7446
2340 663 7445
2339 664 7444
2338 665 7443
2337 666 7442
2336 667 7441
2335 668 7440
2334 669 7439
2333 670 7438
2332 671 7437
2331 672 7436
2330 673 7435
2329 674 7434
2328 675 7433
2327 676 7432
2326 677 7431
2325 678 7430
2324 679 7429
2323 680 7428
2322 681 7427
2321 682 7426
2320 683 7425
2319 684 7424
2318 685 7423
2317 686 7422
2316 687 7421
2315 688 7420
2314 689 7419
2313 690 7418
2312 691 7417
2311 692 7416
2310 693 7415
2309 694 7414
2308 695 7413
2307 696 7412
2306 697 7411
2305 698 7410
2304 699 7409
2303 700 7408
2302 701 7407
2301 702 7406
2300 703 7405
2299 704 7404
2298 705 7403
2297 706 7402
2296 707 7401
2295 708 7400
2294 709 7399
2293 710 7398
2292 711 7397
2291 712 7396
2290 713 7395
2289 714 7394
2288 715 7393
2287 716 7392
2286 717 7391
2285 718 7390
2284 719 7389
2283 720 7388
2282 721 7387
2281 722 7386
2280 723 7385
2279 724 7384
2278 725 7383
2277 726 7382
2276 727 7381
2275 728 7380
2274 729 7379
2273 730 7378
2272 731 7377
2271 732 7376
2270 733 7375
2269 734 7374
2268 735 7373
2267 736 7372
2266 737 7371
2265 738 7370
2264 739 7369
2263 740 7368
2262 741 7367
2261 742 7366
2260 743 7365
2259 744 7364
2258 745 7363
2257 746 7362
2256 747 7361
2255 748 7360
2254 749 7359
2253 750 7358
2252 751 7357
2251 752 7356
2250 753 7355
2249 754 7354
2248 755 7353
2247 756 7352
2246 757 7351
2245 758 7350
2244 759 7349
2243 760 7348
2242 761 7347
2241 762 7346
2240 763 7345
2239 764 7344
2238 765 7343
2237 766 7342
2236 767 7341
2235 768 7340
2234 769 7339
2233 770 7338
2232 771 7337
2231 772 7336
2230 773 7335
2229 774 7334
2228 775 7333
2227 776 7332
2226 777 7331
2225 778 7330
2224 779 7329
2223 780 7328
2222 781 7327
2221 782 7326
2220 783 7325
2219 784 7324
2218 785 7323
2217 786 7322
2216 787 7321
2215 788 7320
2214 789 7319
2213 790 7318
2212 791 7317
2211 792 7316
2210 793 7315
2209 794 7314
2208 795 7313
2207 796 7312
2206 797 7311
2205 798 7310
2204 799 7309
2203 800 7308
2202 801 7307
2201 802 7306
2200 803 7305
2199 804 7304
2198 805 7303
2197 806 7302
2196 807 7301
2195 808 7300
2194 809 7299
2193 810 7298
2192 811 7297
2191 812 7296
2190 813 7295
2189 814 7294
2188 815 7293
2187 816 7292
2186 817 7291
2185 818 7290
2184 819 7289
2183 820 7288
2182 821 7287
2181 822 7286
2180 823 7285
2179 824 7284
2178 825 7283
2177 826 7282
2176 827 7281
2175 828 7280
2174 829 7279
2173 830 7278
2172 831 7277
2171 832 7276
2170 833 7275
2169 834 7274
2168 835 7273
2167 836 7272
2166 837 7271
2165 838 7270
2164 839 7269
2163 840 7268
2162 841 7267
2161 842 7266
2160 843 7265
2159 844 7264
2158 845 7263
2157 846 7262
2156 847 7261
2155 848 7260
2154 849 7259
2153 850 7258
2152 851 7257
2151 852 7256
2150 853 7255
2149 854 7254
2148 855 7253
2147 856 7252
2146 857 7251
2145 858 7250
2144 859 7249
2143 860 7248
2142 861 7247
2141 862 7246
2140 863 7245
2139 864 7244
2138 865 7243
2137 866 7242
2136 867 7241
2135 868 7240
2134 869 7239
2133 870 7238
2132 871 7237
2131 872 7236
2130 873 7235
2129 874 7234
2128 875 7233
2127 876 7232
2126 877 7231
2125 878 7230
2124 879 7229
2123 880 7228
2122 881 7227
2121 882 7226
2120 883 7225
2119 884 7224
2118 885 7223
2117 886 7222
2116 887 7221
2115 888 7220
2114 889 7219
2113 890 7218
2112 891 7217
2111 892 7216
2110 893 7215
2109 894 7214
2108 895 7213
2107 896 7212
2106 897 7211
2105 898 7210
2104 899 7209
2103 900 7208
2102 901 7207
2101 902 7206
2100 903 7205
2099 904 7204
2098 905 7203
2097 906 7202
2096 907 7201
2095 908 7200
2094 909 7199
2093 910 7198
2092 911 7197
2091 912 7196
2090 913 7195
2089 914 7194
2088 915 7193
2087 916 7192
2086 917 7191
2085 918 7190
2084 919 7189
2083 920 7188
2082 921 7187
2081 922 7186
2080 923 7185
2079 924 7184
2078 925 7183
2077 926 7182
2076 927 7181
2075 928 7180
2074 929 7179
2073 930 7178
2072 931 7177
2071 932 7176
2070 933 7175
2069 934 7174
2068 935 7173
2067 936 7172
2066 937 7171
2065 938 7170
2064 939 7169
2063 940 7168
2062 941 7167
2061 942 7166
2060 943 7165
2059 944 7164
2058 945 7163
2057 946 7162
2056 947 7161
2055 948 7160
2054 949 7159
2053 950 7158
2052 951 7157
2051 952 7156
2050 953 7155
2049 954 7154
2048 955 7153
2047 956 7152
2046 957 7151
2045 958 7150
2044 959 7149
2043 960 7148
2042 961 7147
2041 962 7146
2040 963 7145
2039 964 7144
2038 965 7143
2037 966 7142
2036 967 7141
2035 968 7140
2034 969 7139
2033 970 7138
2032 971 7137
2031 972 7136
2030 973 7135
2029 974 7134
2028 975 7133
2027 976 7132
2026 977 7131
2025 978 7130
2024 979 7129
2023 980 7128
2022 981 7127
2021 982 7126
2020 983 7125
2019 984 7124
2018 985 7123
2017 986 7122
2016 987 7121
2015 988 7120
2014 989 7119
2013 990 7118
2012 991 7117
2011 992 7116
2010 993 7115
2009 994 7114
2008 995 7113
2007 996 7112
2006 997 7111
2005 998 7110
2004 999 7109
2003 1000 7108
2002 1001 7107
2001 1002 7106
2000 1003 7105
1999 1004 7104
1998 1005 7103
1997 1006 7102
1996 1007 7101
1995 1008 7100
1994 1009 7099
1993 1010 7098
1992 1011 7097
1991 1012 7096
1990 1013 7095
1989 1014 7094
1988 1015 7093
1987 1016 7092
1986 1017 7091
1985 1018 7090
1984 1019 7089
1983 1020 7088
1982 1021 7087
1981 1022 7086
1980 1023 7085
1979 1024 7084
1978 1025 7083
1977 1026 7082
1976 1027 7081
1975 1028 7080
1974 1029 7079
1973 1030 7078
1972 1031 7077
1971 1032 7076
1970 1033 7075
1969 1034 7074
1968 1035 7073
1967 1036 7072
1966 1037 7071
1965 1038 7070
1964 1039 7069
1963 1040 7068
1962 1041 7067
1961 1042 7066
1960 1043 7065
1959 1044 7064
1958 1045 7063
1957 1046 7062
1956 1047 7061
1955 1048 7060
1954 1049 7059
1953 1050 7058
1952 1051 7057
1951 1052 7056
1950 1053 7055
1949 1054 7054
1948 1055 7053
1947 1056 7052
1946 1057 7051
1945 1058 7050
1944 1059 7049
1943 1060 7048
1942 1061 7047
1941 1062 7046
1940 1063 7045
1939 1064 7044
1938 1065 7043
1937 1066 7042
1936 1067 7041
1935 1068 7040
1934 1069 7039
1933 1070 7038
1932 1071 7037
1931 1072 7036
1930 1073 7035
1929 1074 7034
1928 1075 7033
1927 1076 7032
1926 1077 7031
1925 1078 7030
1924 1079 7029
1923 1080 7028
1922 1081 7027
1921 1082 7026
1920 1083 7025
1919 1084 7024
1918 1085 7023
1917 1086 7022
1916 1087 7021
1915 1088 7020
1914 1089 7019
1913 1090 7018
1912 1091 7017
1911 1092 7016
1910 1093 7015
1909 1094 7014
1908 1095 7013
1907 1096 7012
1906 1097 7011
1905 1098 7010
1904 1099 7009
1903 1100 7008
1902 1101 7007
1901 1102 7006
1900 1103 7005
1899 1104 7004
1898 1105 7003
1897 1106 7002
1896 1107 7001
1895 1108 7000
1894 1109 6999
1893 1110 6998
1892 1111 6997
1891 1112 6996
1890 1113 6995
1889 1114 6994
1888 1115 6993
1887 1116 6992
1886 1117 6991
1885 1118 6990
1884 1119 6989
1883 1120 6988
1882 1121 6987
1881 1122 6986
1880 1123 6985
1879 1124 6984
1878 1125 6983
1877 1126 6982
1876 1127 6981
1875 1128 6980
1874 1129 6979
1873 1130 6978
1872 1131 6977
1871 1132 6976
1870 1133 6975
1869 1134 6974
1868 1135 6973
1867 1136 6972
1866 1137 6971
1865 1138 6970
1864 1139 6969
1863 1140 6968
1862 1141 6967
1861 1142 6966
1860 1143 6965
1859 1144 6964
1858 1145 6963
1857 1146 6962
1856 1147 6961
1855 1148 6960
1854 1149 6959
1853 1150 6958
1852 1151 6957
1851 1152 6956
1850 1153 6955
1849 1154 6954
1848 1155 6953
1847 1156 6952
1846 1157 6951
1845 1158 6950
1844 1159 6949
1843 1160 6948
1842 1161 6947
1841 1162 6946
1840 1163 6945
1839 1164 6944
1838 1165 6943
1837 1166 6942
1836 1167 6941
1835 1168 6940
1834 1169 6939
1833 1170 6938
1832 1171 6937
1831 1172 6936
1830 1173 6935
1829 1174 6934
1828 1175 6933
1827 1176 6932
1826 1177 6931
1825 1178 6930
1824 1179 6929
1823 1180 6928
1822 1181 6927
1821 1182 6926
1820 1183 6925
1819 1184 6924
1818 1185 6923
1817 1186 6922
1816 1187 6921
1815 1188 6920
1814 1189 6919
1813 1190 6918
1812 1191 6917
1811 1192 6916
1810 1193 6915
1809 1194 6914
1808 1195 6913
1807 1196 6912
1806 1197 6911
1805 1198 6910
1804 1199 6909
1803 1200 6908
1802 1201 6907
1801 1202 6906
1800 1203 6905
1799 1204 6904
1798 1205 6903
1797 1206 6902
1796 1207 6901
1795 1208 6900
1794 1209 6899
1793 1210 6898
1792 1211 6897
1791 1212 6896
1790 1213 6895
1789 1214 6894
1788 1215 6893
1787 1216 6892
1786 1217 6891
1785 1218 6890
1784 1219 6889
1783 1220 6888
1782 1221 6887
1781 1222 6886
1780 1223 6885
1779 1224 6884
1778 1225 6883
1777 1226 6882
1776 1227 6881
1775 1228 6880
1774 1229 6879
1773 1230 6878
1772 1231 6877
1771 1232 6876
1770 1233 6875
1769 1234 6874
1768 1235 6873
1767 1236 6872
1766 1237 6871
1765 1238 6870
1764 1239 6869
1763 1240 6868
1762 1241 6867
1761 1242 6866
1760 1243 6865
1759 1244 6864
1758 1245 6863
1757 1246 6862
1756 1247 6861
1755 1248 6860
1754 1249 6859
1753 1250 6858
1752 1251 6857
1751 1252 6856
1750 1253 6855
1749 1254 6854
1748 1255 6853
1747 1256 6852
1746 1257 6851
1745 1258 6850
1744 1259 6849
1743 1260 6848
1742 1261 6847
1741 1262 6846
1740 1263 6845
1739 1264 6844
1738 1265 6843
1737 1266 6842
1736 1267 6841
1735 1268 6840
1734 1269 6839
1733 1270 6838
1732 1271 6837
1731 1272 6836
1730 1273 6835
1729 1274 6834
1728 1275 6833
1727 1276 6832
1726 1277 6831
1725 1278 6830
1724 1279 6829
1723 1280 6828
1722 1281 6827
1721 1282 6826
1720 1283 6825
1719 1284 6824
1718 1285 6823
1717 1286 6822
1716 1287 6821
1715 1288 6820
1714 1289 6819
1713 1290 6818
1712 1291 6817
1711 1292 6816
1710 1293 6815
1709 1294 6814
1708 1295 6813
1707 1296 6812
1706 1297 6811
1705 1298 6810
1704 1299 6809
1703 1300 6808
1702 1301 6807
1701 1302 6806
1700 1303 6805
1699 1304 6804
1698 1305 6803
1697 1306 6802
1696 1307 6801
1695 1308 6800
1694 1309 6799
1693 1310 6798
1692 1311 6797
1691 1312 6796
1690 1313 6795
1689 1314 6794
1688 1315 6793
1687 1316 6792
1686 1317 6791
1685 1318 6790
1684 1319 6789
1683 1320 6788
1682 1321 6787
1681 1322 6786
1680 1323 6785
1679 1324 6784
1678 1325 6783
1677 1326 6782
1676 1327 6781
1675 1328 6780
1674 1329 6779
1673 1330 6778
1672 1331 6777
1671 1332 6776
1670 1333 6775
1669 1334 6774
1668 1335 6773
1667 1336 6772
1666 1337 6771
1665 1338 6770
1664 1339 6769
1663 1340 6768
1662 1341 6767
1661 1342 6766
1660 1343 6765
1659 1344 6764
1658 1345 6763
1657 1346 6762
1656 1347 6761
1655 1348 6760
1654 1349 6759
1653 1350 6758
1652 1351 6757
1651 1352 6756
1650 1353 6755
1649 1354 6754
1648 1355 6753
1647 1356 6752
1646 1357 6751
1645 1358 6750
1644 1359 6749
1643 1360 6748
1642 1361 6747
1641 1362 6746
1640 1363 6745
1639 1364 6744
1638 1365 6743
1637 1366 6742
1636 1367 6741
1635 1368 6740
1634 1369 6739
1633 1370 6738
1632 1371 6737
1631 1372 6736
1630 1373 6735
1629 1374 6734
1628 1375 6733
1627 1376 6732
1626 1377 6731
1625 1378 6730
1624 1379 6729
1623 1380 6728
1622 1381 6727
1621 1382 6726
1620 1383 6725
1619 1384 6724
1618 1385 6723
1617 1386 6722
1616 1387 6721
1615 1388 6720
1614 1389 6719
1613 1390 6718
1612 1391 6717
1611 1392 6716
1610 1393 6715
1609 1394 6714
1608 1395 6713
1607 1396 6712
1606 1397 6711
1605 1398 6710
1604 1399 6709
1603 1400 6708
1602 1401 6707
1601 1402 6706
1600 1403 6705
1599 1404 6704
1598 1405 6703
1597 1406 6702
1596 1407 6701
1595 1408 6700
1594 1409 6699
1593 1410 6698
1592 1411 6697
1591 1412 6696
1590 1413 6695
1589 1414 6694
1588 1415 6693
1587 1416 6692
1586 1417 6691
1585 1418 6690
1584 1419 6689
1583 1420 6688
1582 1421 6687
1581 1422 6686
1580 1423 6685
1579 1424 6684
1578 1425 6683
1577 1426 6682
1576 1427 6681
1575 1428 6680
1574 1429 6679
1573 1430 6678
1572 1431 6677
1571 1432 6676
1570 1433 6675
1569 1434 6674
1568 1435 6673
1567 1436 6672
1566 1437 6671
1565 1438 6670
1564 1439 6669
1563 1440 6668
1562 1441 6667
1561 1442 6666
1560 1443 6665
1559 1444 6664
1558 1445 6663
1557 1446 6662
1556 1447 6661
1555 1448 6660
1554 1449 6659
1553 1450 6658
1552 1451 6657
1551 1452 6656
1550 1453 6655
1549 1454 6654
1548 1455 6653
1547 1456 6652
1546 1457 6651
1545 1458 6650
1544 1459 6649
1543 1460 6648
1542 1461 6647
1541 1462 6646
1540 1463 6645
1539 1464 6644
1538 1465 6643
1537 1466 6642
1536 1467 6641
1535 1468 6640
1534 1469 6639
1533 1470 6638
1532 1471 6637
1531 1472 6636
1530 1473 6635
1529 1474 6634
1528 1475 6633
1527 1476 6632
1526 1477 6631
1525 1478 6630
1524 1479 6629
1523 1480 6628
1522 1481 6627
1521 1482 6626
1520 1483 6625
1519 1484 6624
1518 1485 6623
1517 1486 6622
1516 1487 6621
1515 1488 6620
1514 1489 6619
1513 1490 6618
1512 1491 6617
1511 1492 6616
1510 1493 6615
1509 1494 6614
1508 1495 6613
1507 1496 6612
1506 1497 6611
1505 1498 6610
1504 1499 6609
1503 1500 6608
1502 1501 6607
1501 1502 6606
1500 1503 6605
1499 1504 6604
1498 1505 6603
1497 1506 6602
1496 1507 6601
1495 1508 6600
1494 1509 6599
1493 1510 6598
1492 1511 6597
1491 1512 6596
1490 1513 6595
1489 1514 6594
1488 1515 6593
1487 1516 6592
1486 1517 6591
1485 1518 6590
1484 1519 6589
1483 1520 6588
1482 1521 6587
1481 1522 6586
1480 1523 6585
1479 1524 6584
1478 1525 6583
1477 1526 6582
1476 1527 6581
1475 1528 6580
1474 1529 6579
1473 1530 6578
1472 1531 6577
1471 1532 6576
1470 1533 6575
1469 1534 6574
1468 1535 6573
1467 1536 6572
1466 1537 6571
1465 1538 6570
1464 1539 6569
1463 1540 6568
1462 1541 6567
1461 1542 6566
1460 1543 6565
1459 1544 6564
1458 1545 6563
1457 1546 6562
1456 1547 6561
1455 1548 6560
1454 1549 6559
1453 1550 6558
1452 1551 6557
1451 1552 6556
1450 1553 6555
1449 1554 6554
1448 1555 6553
1447 1556 6552
1446 1557 6551
1445 1558 6550
1444 1559 6549
1443 1560 6548
1442 1561 6547
1441 1562 6546
1440 1563 6545
1439 1564 6544
1438 1565 6543
1437 1566 6542
1436 1567 6541
1435 1568 6540
1434 1569 6539
1433 1570 6538
1432 1571 6537
1431 1572 6536
1430 1573 6535
1429 1574 6534
1428 1575 6533
1427 1576 6532
1426 1577 6531
1425 1578 6530
1424 1579 6529
1423 1580 6528
1422 1581 6527
1421 1582 6526
1420 1583 6525
1419 1584 6524
1418 1585 6523
1417 1586 6522
1416 1587 6521
1415 1588 6520
1414 1589 6519
1413 1590 6518
1412 1591 6517
1411 1592 6516
1410 1593 6515
1409 1594 6514
1408 1595 6513
1407 1596 6512
1406 1597 6511
1405 1598 6510
1404 1599 6509
1403 1600 6508
1402 1601 6507
1401 1602 6506
1400 1603 6505
1399 1604 6504
1398 1605 6503
1397 1606 6502
1396 1607 6501
1395 1608 6500
1394 1609 6499
1393 1610 6498
1392 1611 6497
1391 1612 6496
1390 1613 6495
1389 1614 6494
1388 1615 6493
1387 1616 6492
1386 1617 6491
1385 1618 6490
1384 1619 6489
1383 1620 6488
1382 1621 6487
1381 1622 6486
1380 1623 6485
1379 1624 6484
1378 1625 6483
1377 1626 6482
1376 1627 6481
1375 1628 6480
1374 1629 6479
1373 1630 6478
1372 1631 6477
1371 1632 6476
1370 1633 6475
1369 1634 6474
1368 1635 6473
1367 1636 6472
1366 1637 6471
1365 1638 6470
1364 1639 6469
1363 1640 6468
1362 1641 6467
1361 1642 6466
1360 1643 6465
1359 1644 6464
1358 1645 6463
1357 1646 6462
1356 1647 6461
1355 1648 6460
1354 1649 6459
1353 1650 6458
1352 1651 6457
1351 1652 6456
1350 1653 6455
1349 1654 6454
1348 1655 6453
1347 1656 6452
1346 1657 6451
1345 1658 6450
1344 1659 6449
1343 1660 6448
1342 1661 6447
1341 1662 6446
1340 1663 6445
1339 1664 6444
1338 1665 6443
1337 1666 6442
1336 1667 6441
1335 1668 6440
1334 1669 6439
1333 1670 6438
1332 1671 6437
1331 1672 6436
1330 1673 6435
1329 1674 6434
1328 1675 6433
1327 1676 6432
1326 1677 6431
1325 1678 6430
1324 1679 6429
1323 1680 6428
1322 1681 6427
1321 1682 6426
1320 1683 6425
1319 1684 6424
1318 1685 6423
1317 1686 6422
1316 1687 6421
1315 1688 6420
1314 1689 6419
1313 1690 6418
1312 1691 6417
1311 1692 6416
1310 1693 6415
1309 1694 6414
1308 1695 6413
1307 1696 6412
1306 1697 6411
1305 1698 6410
1304 1699 6409
1303 1700 6408
1302 1701 6407
1301 1702 6406
1300 1703 6405
1299 1704 6404
1298 1705 6403
1297 1706 6402
1296 1707 6401
1295 1708 6400
1294 1709 6399
1293 1710 6398
1292 1711 6397
1291 1712 6396
1290 1713 6395
1289 1714 6394
1288 1715 6393
1287 1716 6392
1286 1717 6391
1285 1718 6390
1284 1719 6389
1283 1720 6388
1282 1721 6387
1281 1722 6386
1280 1723 6385
1279 1724 6384
1278 1725 6383
1277 1726 6382
1276 1727 6381
1275 1728 6380
1274 1729 6379
1273 1730 6378
1272 1731 6377
1271 1732 6376
1270 1733 6375
1269 1734 6374
1268 1735 6373
1267 1736 6372
1266 1737 6371
1265 1738 6370
1264 1739 6369
1263 1740 6368
1262 1741 6367
1261 1742 6366
1260 1743 6365
1259 1744 6364
1258 1745 6363
1257 1746 6362
1256 1747 6361
1255 1748 6360
1254 1749 6359
1253 1750 6358
1252 1751 6357
1251 1752 6356
1250 1753 6355
1249 1754 6354
1248 1755 6353
1247 1756 6352
1246 1757 6351
1245 1758 6350
1244 1759 6349
1243 1760 6348
1242 1761 6347
1241 1762 6346
1240 1763 6345
1239 1764 6344
1238 1765 6343
1237 1766 6342
1236 1767 6341
1235 1768 6340
1234 1769 6339
1233 1770 6338
1232 1771 6337
1231 1772 6336
1230 1773 6335
1229 1774 6334
1228 1775 6333
1227 1776 6332
1226 1777 6331
1225 1778 6330
1224 1779 6329
1223 1780 6328
1222 1781 6327
1221 1782 6326
1220 1783 6325
1219 1784 6324
1218 1785 6323
1217 1786 6322
1216 1787 6321
1215 1788 6320
1214 1789 6319
1213 1790 6318
1212 1791 6317
1211 1792 6316
1210 1793 6315
1209 1794 6314
1208 1795 6313
1207 1796 6312
1206 1797 6311
1205 1798 6310
1204 1799 6309
1203 1800 6308
1202 1801 6307
1201 1802 6306
1200 1803 6305
1199 1804 6304
1198 1805 6303
1197 1806 6302
1196 1807 6301
1195 1808 6300
1194 1809 6299
1193 1810 6298
1192 1811 6297
1191 1812 6296
1190 1813 6295
1189 1814 6294
1188 1815 6293
1187 1816 6292
1186 1817 6291
1185 1818 6290
1184 1819 6289
1183 1820 6288
1182 1821 6287
1181 1822 6286
1180 1823 6285
1179 1824 6284
1178 1825 6283
1177 1826 6282
1176 1827 6281
1175 1828 6280
1174 1829 6279
1173 1830 6278
1172 1831 6277
1171 1832 6276
1170 1833 6275
1169 1834 6274
1168 1835 6273
1167 1836 6272
1166 1837 6271
1165 1838 6270
1164 1839 6269
1163 1840 6268
1162 1841 6267
1161 1842 6266
1160 1843 6265
1159 1844 6264
1158 1845 6263
1157 1846 6262
1156 1847 6261
1155 1848 6260
1154 1849 6259
1153 1850 6258
1152 1851 6257
1151 1852 6256
1150 1853 6255
1149 1854 6254
1148 1855 6253
1147 1856 6252
1146 1857 6251
1145 1858 6250
1144 1859 6249
1143 1860 6248
1142 1861 6247
1141 1862 6246
1140 1863 6245
1139 1864 6244
1138 1865 6243
1137 1866 6242
1136 1867 6241
1135 1868 6240
1134 1869 6239
1133 1870 6238
1132 1871 6237
1131 1872 6236
1130 1873 6235
1129 1874 6234
1128 1875 6233
1127 1876 6232
1126 1877 6231
1125 1878 6230
1124 1879 6229
1123 1880 6228
1122 1881 6227
1121 1882 6226
1120 1883 6225
1119 1884 6224
1118 1885 6223
1117 1886 6222
1116 1887 6221
1115 1888 6220
1114 1889 6219
1113 1890 6218
1112 1891 6217
1111 1892 6216
1110 1893 6215
1109 1894 6214
1108 1895 6213
1107 1896 6212
1106 1897 6211
1105 1898 6210
1104 1899 6209
1103 1900 6208
1102 1901 6207
1101 1902 6206
1100 1903 6205
1099 1904 6204
1098 1905 6203
1097 1906 6202
1096 1907 6201
1095 1908 6200
1094 1909 6199
1093 1910 6198
1092 1911 6197
1091 1912 6196
1090 1913 6195
1089 1914 6194
1088 1915 6193
1087 1916 6192
1086 1917 6191
1085 1918 6190
1084 1919 6189
1083 1920 6188
1082 1921 6187
1081 1922 6186
1080 1923 6185
1079 1924 6184
1078 1925 6183
1077 1926 6182
1076 1927 6181
1075 1928 6180
1074 1929 6179
1073 1930 6178
1072 1931 6177
1071 1932 6176
1070 1933 6175
1069 1934 6174
1068 1935 6173
1067 1936 6172
1066 1937 6171
1065 1938 6170
1064 1939 6169
1063 1940 6168
1062 1941 6167
1061 1942 6166
1060 1943 6165
1059 1944 6164
1058 1945 6163
1057 1946 6162
1056 1947 6161
1055 1948 6160
1054 1949 6159
1053 1950 6158
1052 1951 6157
1051 1952 6156
1050 1953 6155
1049 1954 6154
1048 1955 6153
1047 1956 6152
1046 1957 6151
1045 1958 6150
1044 1959 6149
1043 1960 6148
1042 1961 6147
1041 1962 6146
1040 1963 6145
1039 1964 6144
1038 1965 6143
1037 1966 6142
1036 1967 6141
1035 1968 6140
1034 1969 6139
1033 1970 6138
1032 1971 6137
1031 1972 6136
1030 1973 6135
1029 1974 6134
1028 1975 6133
1027 1976 6132
1026 1977 6131
1025 1978 6130
1024 1979 6129
1023 1980 6128
1022 1981 6127
1021 1982 6126
1020 1983 6125
1019 1984 6124
1018 1985 6123
1017 1986 6122
1016 1987 6121
1015 1988 6120
1014 1989 6119
1013 1990 6118
1012 1991 6117
1011 1992 6116
1010 1993 6115
1009 1994 6114
1008 1995 6113
1007 1996 6112
1006 1997 6111
1005 1998 6110
1004 1999 6109
1003 2000 6108
1002 2001 6107
1001 2002 6106
1000 2003 6105
999 2004 6104
998 2005 6103
997 2006 6102
996 2007 6101
995 2008 6100
994 2009 6099
993 2010 6098
992 2011 6097
991 2012 6096
990 2013 6095
989 2014 6094
988 2015 6093
987 2016 6092
986 2017 6091
985 2018 6090
984 2019 6089
983 2020 6088
982 2021 6087
981 2022 6086
980 2023 6085
979 2024 6084
978 2025 6083
977 2026 6082
976 2027 6081
975 2028 6080
974 2029 6079
973 2030 6078
972 2031 6077
971 2032 6076
970 2033 6075
969 2034 6074
968 2035 6073
967 2036 6072
966 2037 6071
965 2038 6070
964 2039 6069
963 2040 6068
962 2041 6067
961 2042 6066
960 2043 6065
959 2044 6064
958 2045 6063
957 2046 6062
956 2047 6061
955 2048 6060
954 2049 6059
953 2050 6058
952 2051 6057
951 2052 6056
950 2053 6055
949 2054 6054
948 2055 6053
947 2056 6052
946 2057 6051
945 2058 6050
944 2059 6049
943 2060 6048
942 2061 6047
941 2062 6046
940 2063 6045
939 2064 6044
938 2065 6043
937 2066 6042
936 2067 6041
935 2068 6040
934 2069 6039
933 2070 6038
932 2071 6037
931 2072 6036
930 2073 6035
929 2074 6034
928 2075 6033
927 2076 6032
926 2077 6031
925 2078 6030
924 2079 6029
923 2080 6028
922 2081 6027
921 2082 6026
920 2083 6025
919 2084 6024
918 2085 6023
917 2086 6022
916 2087 6021
915 2088 6020
914 2089 6019
913 2090 6018
912 2091 6017
911 2092 6016
910 2093 6015
909 2094 6014
908 2095 6013
907 2096 6012
906 2097 6011
905 2098 6010
904 2099 6009
903 2100 6008
902 2101 6007
901 2102 6006
900 2103 6005
899 2104 6004
898 2105 6003
897 2106 6002
896 2107 6001
