1162
3000 3 7162
2999 4 7161
2998 5 7160
2997 6 7159
2996 7 7158
2995 8 7157
2994 9 7156
2993 10 7155
2992 11 7154
2991 12 7153
2990 13 7152
2989 14 7151
2988 15 7150
2987 16 7149
2986 17 7148
2985 18 7147
2984 19 7146
2983 20 7145
2982 21 7144
2981 22 7143
2980 23 7142
2979 24 7141
2978 25 7140
2977 26 7139
2976 27 7138
2975 28 7137
2974 29 7136
2973 30 7135
2972 31 7134
2971 32 7133
2970 33 7132
2969 34 7131
2968 35 7130
2967 36 7129
2966 37 7128
2965 38 7127
2964 39 7126
2963 40 7125
2962 41 7124
2961 42 7123
2960 43 7122
2959 44 7121
2958 45 7120
2957 46 7119
2956 47 7118
2955 48 7117
2954 49 7116
2953 50 7115
2952 51 7114
2951 52 7113
2950 53 7112
2949 54 7111
2948 55 7110
2947 56 7109
2946 57 7108
2945 58 7107
2944 59 7106
2943 60 7105
2942 61 7104
2941 62 7103
2940 63 7102
2939 64 7101
2938 65 7100
2937 66 7099
2936 67 7098
2935 68 7097
2934 69 7096
2933 70 7095
2932 71 7094
2931 72 7093
2930 73 7092
2929 74 7091
2928 75 7090
2927 76 7089
2926 77 7088
2925 78 7087
2924 79 7086
2923 80 7085
2922 81 7084
2921 82 7083
2920 83 7082
2919 84 7081
2918 85 7080
2917 86 7079
2916 87 7078
2915 88 7077
2914 89 7076
2913 90 7075
2912 91 7074
2911 92 7073
2910 93 7072
2909 94 7071
2908 95 7070
2907 96 7069
2906 97 7068
2905 98 7067
2904 99 7066
2903 100 7065
2902 101 7064
2901 102 7063
2900 103 7062
2899 104 7061
2898 105 7060
2897 106 7059
2896 107 7058
2895 108 7057
2894 109 7056
2893 110 7055
2892 111 7054
2891 112 7053
2890 113 7052
2889 114 7051
2888 115 7050
2887 116 7049
2886 117 7048
2885 118 7047
2884 119 7046
2883 120 7045
2882 121 7044
2881 122 7043
2880 123 7042
2879 124 7041
2878 125 7040
2877 126 7039
2876 127 7038
2875 128 7037
2874 129 7036
2873 130 7035
2872 131 7034
2871 132 7033
2870 133 7032
2869 134 7031
2868 135 7030
2867 136 7029
2866 137 7028
2865 138 7027
2864 139 7026
2863 140 7025
2862 141 7024
2861 142 7023
2860 143 7022
2859 144 7021
2858 145 7020
2857 146 7019
2856 147 7018
2855 148 7017
2854 149 7016
2853 150 7015
2852 151 7014
2851 152 7013
2850 153 7012
2849 154 7011
2848 155 7010
2847 156 7009
2846 157 7008
2845 158 7007
2844 159 7006
2843 160 7005
2842 161 7004
2841 162 7003
2840 163 7002
2839 164 7001
2838 165 7000
2837 166 6999
2836 167 6998
2835 168 6997
2834 169 6996
2833 170 6995
2832 171 6994
2831 172 6993
2830 173 6992
2829 174 6991
2828 175 6990
2827 176 6989
2826 177 6988
2825 178 6987
2824 179 6986
2823 180 6985
2822 181 6984
2821 182 6983
2820 183 6982
2819 184 6981
2818 185 6980
2817 186 6979
2816 187 6978
2815 188 6977
2814 189 6976
2813 190 6975
2812 191 6974
2811 192 6973
2810 193 6972
2809 194 6971
2808 195 6970
2807 196 6969
2806 197 6968
2805 198 6967
2804 199 6966
2803 200 6965
2802 201 6964
2801 202 6963
2800 203 6962
2799 204 6961
2798 205 6960
2797 206 6959
2796 207 6958
2795 208 6957
2794 209 6956
2793 210 6955
2792 211 6954
2791 212 6953
2790 213 6952
2789 214 6951
2788 215 6950
2787 216 6949
2786 217 6948
2785 218 6947
2784 219 6946
2783 220 6945
2782 221 6944
2781 222 6943
2780 223 6942
2779 224 6941
2778 225 6940
2777 226 6939
2776 227 6938
2775 228 6937
2774 229 6936
2773 230 6935
2772 231 6934
2771 232 6933
2770 233 6932
2769 234 6931
2768 235 6930
2767 236 6929
2766 237 6928
2765 238 6927
2764 239 6926
2763 240 6925
2762 241 6924
2761 242 6923
2760 243 6922
2759 244 6921
2758 245 6920
2757 246 6919
2756 247 6918
2755 248 6917
2754 249 6916
2753 250 6915
2752 251 6914
2751 252 6913
2750 253 6912
2749 254 6911
2748 255 6910
2747 256 6909
2746 257 6908
2745 258 6907
2744 259 6906
2743 260 6905
2742 261 6904
2741 262 6903
2740 263 6902
2739 264 6901
2738 265 6900
2737 266 6899
2736 267 6898
2735 268 6897
2734 269 6896
2733 270 6895
2732 271 6894
2731 272 6893
2730 273 6892
2729 274 6891
2728 275 6890
2727 276 6889
2726 277 6888
2725 278 6887
2724 279 6886
2723 280 6885
2722 281 6884
2721 282 6883
2720 283 6882
2719 284 6881
2718 285 6880
2717 286 6879
2716 287 6878
2715 288 6877
2714 289 6876
2713 290 6875
2712 291 6874
2711 292 6873
2710 293 6872
2709 294 6871
2708 295 6870
2707 296 6869
2706 297 6868
2705 298 6867
2704 299 6866
2703 300 6865
2702 301 6864
2701 302 6863
2700 303 6862
2699 304 6861
2698 305 6860
2697 306 6859
2696 307 6858
2695 308 6857
2694 309 6856
2693 310 6855
2692 311 6854
2691 312 6853
2690 313 6852
2689 314 6851
2688 315 6850
2687 316 6849
2686 317 6848
2685 318 6847
2684 319 6846
2683 320 6845
2682 321 6844
2681 322 6843
2680 323 6842
2679 324 6841
2678 325 6840
2677 326 6839
2676 327 6838
2675 328 6837
2674 329 6836
2673 330 6835
2672 331 6834
2671 332 6833
2670 333 6832
2669 334 6831
2668 335 6830
2667 336 6829
2666 337 6828
2665 338 6827
2664 339 6826
2663 340 6825
2662 341 6824
2661 342 6823
2660 343 6822
2659 344 6821
2658 345 6820
2657 346 6819
2656 347 6818
2655 348 6817
2654 349 6816
2653 350 6815
2652 351 6814
2651 352 6813
2650 353 6812
2649 354 6811
2648 355 6810
2647 356 6809
2646 357 6808
2645 358 6807
2644 359 6806
2643 360 6805
2642 361 6804
2641 362 6803
2640 363 6802
2639 364 6801
2638 365 6800
2637 366 6799
2636 367 6798
2635 368 6797
2634 369 6796
2633 370 6795
2632 371 6794
2631 372 6793
2630 373 6792
2629 374 6791
2628 375 6790
2627 376 6789
2626 377 6788
2625 378 6787
2624 379 6786
2623 380 6785
2622 381 6784
2621 382 6783
2620 383 6782
2619 384 6781
2618 385 6780
2617 386 6779
2616 387 6778
2615 388 6777
2614 389 6776
2613 390 6775
2612 391 6774
2611 392 6773
2610 393 6772
2609 394 6771
2608 395 6770
2607 396 6769
2606 397 6768
2605 398 6767
2604 399 6766
2603 400 6765
2602 401 6764
2601 402 6763
2600 403 6762
2599 404 6761
2598 405 6760
2597 406 6759
2596 407 6758
2595 408 6757
2594 409 6756
2593 410 6755
2592 411 6754
2591 412 6753
2590 413 6752
2589 414 6751
2588 415 6750
2587 416 6749
2586 417 6748
2585 418 6747
2584 419 6746
2583 420 6745
2582 421 6744
2581 422 6743
2580 423 6742
2579 424 6741
2578 425 6740
2577 426 6739
2576 427 6738
2575 428 6737
2574 429 6736
2573 430 6735
2572 431 6734
2571 432 6733
2570 433 6732
2569 434 6731
2568 435 6730
2567 436 6729
2566 437 6728
2565 438 6727
2564 439 6726
2563 440 6725
2562 441 6724
2561 442 6723
2560 443 6722
2559 444 6721
2558 445 6720
2557 446 6719
2556 447 6718
2555 448 6717
2554 449 6716
2553 450 6715
2552 451 6714
2551 452 6713
2550 453 6712
2549 454 6711
2548 455 6710
2547 456 6709
2546 457 6708
2545 458 6707
2544 459 6706
2543 460 6705
2542 461 6704
2541 462 6703
2540 463 6702
2539 464 6701
2538 465 6700
2537 466 6699
2536 467 6698
2535 468 6697
2534 469 6696
2533 470 6695
2532 471 6694
2531 472 6693
2530 473 6692
2529 474 6691
2528 475 6690
2527 476 6689
2526 477 6688
2525 478 6687
2524 479 6686
2523 480 6685
2522 481 6684
2521 482 6683
2520 483 6682
2519 484 6681
2518 485 6680
2517 486 6679
2516 487 6678
2515 488 6677
2514 489 6676
2513 490 6675
2512 491 6674
2511 492 6673
2510 493 6672
2509 494 6671
2508 495 6670
2507 496 6669
2506 497 6668
2505 498 6667
2504 499 6666
2503 500 6665
2502 501 6664
2501 502 6663
2500 503 6662
2499 504 6661
2498 505 6660
2497 506 6659
2496 507 6658
2495 508 6657
2494 509 6656
2493 510 6655
2492 511 6654
2491 512 6653
2490 513 6652
2489 514 6651
2488 515 6650
2487 516 6649
2486 517 6648
2485 518 6647
2484 519 6646
2483 520 6645
2482 521 6644
2481 522 6643
2480 523 6642
2479 524 6641
2478 525 6640
2477 526 6639
2476 527 6638
2475 528 6637
2474 529 6636
2473 530 6635
2472 531 6634
2471 532 6633
2470 533 6632
2469 534 6631
2468 535 6630
2467 536 6629
2466 537 6628
2465 538 6627
2464 539 6626
2463 540 6625
2462 541 6624
2461 542 6623
2460 543 6622
2459 544 6621
2458 545 6620
2457 546 6619
2456 547 6618
2455 548 6617
2454 549 6616
2453 550 6615
2452 551 6614
2451 552 6613
2450 553 6612
2449 554 6611
2448 555 6610
2447 556 6609
2446 557 6608
2445 558 6607
2444 559 6606
2443 560 6605
2442 561 6604
2441 562 6603
2440 563 6602
2439 564 6601
2438 565 6600
2437 566 6599
2436 567 6598
2435 568 6597
2434 569 6596
2433 570 6595
2432 571 6594
2431 572 6593
2430 573 6592
2429 574 6591
2428 575 6590
2427 576 6589
2426 577 6588
2425 578 6587
2424 579 6586
2423 580 6585
2422 581 6584
2421 582 6583
2420 583 6582
2419 584 6581
2418 585 6580
2417 586 6579
2416 587 6578
2415 588 6577
2414 589 6576
2413 590 6575
2412 591 6574
2411 592 6573
2410 593 6572
2409 594 6571
2408 595 6570
2407 596 6569
2406 597 6568
2405 598 6567
2404 599 6566
2403 600 6565
2402 601 6564
2401 602 6563
2400 603 6562
2399 604 6561
2398 605 6560
2397 606 6559
2396 607 6558
2395 608 6557
2394 609 6556
2393 610 6555
2392 611 6554
2391 612 6553
2390 613 6552
2389 614 6551
2388 615 6550
2387 616 6549
2386 617 6548
2385 618 6547
2384 619 6546
2383 620 6545
2382 621 6544
2381 622 6543
2380 623 6542
2379 624 6541
2378 625 6540
2377 626 6539
2376 627 6538
2375 628 6537
2374 629 6536
2373 630 6535
2372 631 6534
2371 632 6533
2370 633 6532
2369 634 6531
2368 635 6530
2367 636 6529
2366 637 6528
2365 638 6527
2364 639 6526
2363 640 6525
2362 641 6524
2361 642 6523
2360 643 6522
2359 644 6521
2358 645 6520
2357 646 6519
2356 647 6518
2355 648 6517
2354 649 6516
2353 650 6515
2352 651 6514
2351 652 6513
2350 653 6512
2349 654 6511
2348 655 6510
2347 656 6509
2346 657 6508
2345 658 6507
2344 659 6506
2343 660 6505
2342 661 6504
2341 662 6503
2340 663 6502
2339 664 6501
2338 665 6500
2337 666 6499
2336 667 6498
2335 668 6497
2334 669 6496
2333 670 6495
2332 671 6494
2331 672 6493
2330 673 6492
2329 674 6491
2328 675 6490
2327 676 6489
2326 677 6488
2325 678 6487
2324 679 6486
2323 680 6485
2322 681 6484
2321 682 6483
2320 683 6482
2319 684 6481
2318 685 6480
2317 686 6479
2316 687 6478
2315 688 6477
2314 689 6476
2313 690 6475
2312 691 6474
2311 692 6473
2310 693 6472
2309 694 6471
2308 695 6470
2307 696 6469
2306 697 6468
2305 698 6467
2304 699 6466
2303 700 6465
2302 701 6464
2301 702 6463
2300 703 6462
2299 704 6461
2298 705 6460
2297 706 6459
2296 707 6458
2295 708 6457
2294 709 6456
2293 710 6455
2292 711 6454
2291 712 6453
2290 713 6452
2289 714 6451
2288 715 6450
2287 716 6449
2286 717 6448
2285 718 6447
2284 719 6446
2283 720 6445
2282 721 6444
2281 722 6443
2280 723 6442
2279 724 6441
2278 725 6440
2277 726 6439
2276 727 6438
2275 728 6437
2274 729 6436
2273 730 6435
2272 731 6434
2271 732 6433
2270 733 6432
2269 734 6431
2268 735 6430
2267 736 6429
2266 737 6428
2265 738 6427
2264 739 6426
2263 740 6425
2262 741 6424
2261 742 6423
2260 743 6422
2259 744 6421
2258 745 6420
2257 746 6419
2256 747 6418
2255 748 6417
2254 749 6416
2253 750 6415
2252 751 6414
2251 752 6413
2250 753 6412
2249 754 6411
2248 755 6410
2247 756 6409
2246 757 6408
2245 758 6407
2244 759 6406
2243 760 6405
2242 761 6404
2241 762 6403
2240 763 6402
2239 764 6401
2238 765 6400
2237 766 6399
2236 767 6398
2235 768 6397
2234 769 6396
2233 770 6395
2232 771 6394
2231 772 6393
2230 773 6392
2229 774 6391
2228 775 6390
2227 776 6389
2226 777 6388
2225 778 6387
2224 779 6386
2223 780 6385
2222 781 6384
2221 782 6383
2220 783 6382
2219 784 6381
2218 785 6380
2217 786 6379
2216 787 6378
2215 788 6377
2214 789 6376
2213 790 6375
2212 791 6374
2211 792 6373
2210 793 6372
2209 794 6371
2208 795 6370
2207 796 6369
2206 797 6368
2205 798 6367
2204 799 6366
2203 800 6365
2202 801 6364
2201 802 6363
2200 803 6362
2199 804 6361
2198 805 6360
2197 806 6359
2196 807 6358
2195 808 6357
2194 809 6356
2193 810 6355
2192 811 6354
2191 812 6353
2190 813 6352
2189 814 6351
2188 815 6350
2187 816 6349
2186 817 6348
2185 818 6347
2184 819 6346
2183 820 6345
2182 821 6344
2181 822 6343
2180 823 6342
2179 824 6341
2178 825 6340
2177 826 6339
2176 827 6338
2175 828 6337
2174 829 6336
2173 830 6335
2172 831 6334
2171 832 6333
2170 833 6332
2169 834 6331
2168 835 6330
2167 836 6329
2166 837 6328
2165 838 6327
2164 839 6326
2163 840 6325
2162 841 6324
2161 842 6323
2160 843 6322
2159 844 6321
2158 845 6320
2157 846 6319
2156 847 6318
2155 848 6317
2154 849 6316
2153 850 6315
2152 851 6314
2151 852 6313
2150 853 6312
2149 854 6311
2148 855 6310
2147 856 6309
2146 857 6308
2145 858 6307
2144 859 6306
2143 860 6305
2142 861 6304
2141 862 6303
2140 863 6302
2139 864 6301
2138 865 6300
2137 866 6299
2136 867 6298
2135 868 6297
2134 869 6296
2133 870 6295
2132 871 6294
2131 872 6293
2130 873 6292
2129 874 6291
2128 875 6290
2127 876 6289
2126 877 6288
2125 878 6287
2124 879 6286
2123 880 6285
2122 881 6284
2121 882 6283
2120 883 6282
2119 884 6281
2118 885 6280
2117 886 6279
2116 887 6278
2115 888 6277
2114 889 6276
2113 890 6275
2112 891 6274
2111 892 6273
2110 893 6272
2109 894 6271
2108 895 6270
2107 896 6269
2106 897 6268
2105 898 6267
2104 899 6266
2103 900 6265
2102 901 6264
2101 902 6263
2100 903 6262
2099 904 6261
2098 905 6260
2097 906 6259
2096 907 6258
2095 908 6257
2094 909 6256
2093 910 6255
2092 911 6254
2091 912 6253
2090 913 6252
2089 914 6251
2088 915 6250
2087 916 6249
2086 917 6248
2085 918 6247
2084 919 6246
2083 920 6245
2082 921 6244
2081 922 6243
2080 923 6242
2079 924 6241
2078 925 6240
2077 926 6239
2076 927 6238
2075 928 6237
2074 929 6236
2073 930 6235
2072 931 6234
2071 932 6233
2070 933 6232
2069 934 6231
2068 935 6230
2067 936 6229
2066 937 6228
2065 938 6227
2064 939 6226
2063 940 6225
2062 941 6224
2061 942 6223
2060 943 6222
2059 944 6221
2058 945 6220
2057 946 6219
2056 947 6218
2055 948 6217
2054 949 6216
2053 950 6215
2052 951 6214
2051 952 6213
2050 953 6212
2049 954 6211
2048 955 6210
2047 956 6209
2046 957 6208
2045 958 6207
2044 959 6206
2043 960 6205
2042 961 6204
2041 962 6203
2040 963 6202
2039 964 6201
2038 965 6200
2037 966 6199
2036 967 6198
2035 968 6197
2034 969 6196
2033 970 6195
2032 971 6194
2031 972 6193
2030 973 6192
2029 974 6191
2028 975 6190
2027 976 6189
2026 977 6188
2025 978 6187
2024 979 6186
2023 980 6185
2022 981 6184
2021 982 6183
2020 983 6182
2019 984 6181
2018 985 6180
2017 986 6179
2016 987 6178
2015 988 6177
2014 989 6176
2013 990 6175
2012 991 6174
2011 992 6173
2010 993 6172
2009 994 6171
2008 995 6170
2007 996 6169
2006 997 6168
2005 998 6167
2004 999 6166
2003 1000 6165
2002 1001 6164
2001 1002 6163
2000 1003 6162
1999 1004 6161
1998 1005 6160
1997 1006 6159
1996 1007 6158
1995 1008 6157
1994 1009 6156
1993 1010 6155
1992 1011 6154
1991 1012 6153
1990 1013 6152
1989 1014 6151
1988 1015 6150
1987 1016 6149
1986 1017 6148
1985 1018 6147
1984 1019 6146
1983 1020 6145
1982 1021 6144
1981 1022 6143
1980 1023 6142
1979 1024 6141
1978 1025 6140
1977 1026 6139
1976 1027 6138
1975 1028 6137
1974 1029 6136
1973 1030 6135
1972 1031 6134
1971 1032 6133
1970 1033 6132
1969 1034 6131
1968 1035 6130
1967 1036 6129
1966 1037 6128
1965 1038 6127
1964 1039 6126
1963 1040 6125
1962 1041 6124
1961 1042 6123
1960 1043 6122
1959 1044 6121
1958 1045 6120
1957 1046 6119
1956 1047 6118
1955 1048 6117
1954 1049 6116
1953 1050 6115
1952 1051 6114
1951 1052 6113
1950 1053 6112
1949 1054 6111
1948 1055 6110
1947 1056 6109
1946 1057 6108
1945 1058 6107
1944 1059 6106
1943 1060 6105
1942 1061 6104
1941 1062 6103
1940 1063 6102
1939 1064 6101
1938 1065 6100
1937 1066 6099
1936 1067 6098
1935 1068 6097
1934 1069 6096
1933 1070 6095
1932 1071 6094
1931 1072 6093
1930 1073 6092
1929 1074 6091
1928 1075 6090
1927 1076 6089
1926 1077 6088
1925 1078 6087
1924 1079 6086
1923 1080 6085
1922 1081 6084
1921 1082 6083
1920 1083 6082
1919 1084 6081
1918 1085 6080
1917 1086 6079
1916 1087 6078
1915 1088 6077
1914 1089 6076
1913 1090 6075
1912 1091 6074
1911 1092 6073
1910 1093 6072
1909 1094 6071
1908 1095 6070
1907 1096 6069
1906 1097 6068
1905 1098 6067
1904 1099 6066
1903 1100 6065
1902 1101 6064
1901 1102 6063
1900 1103 6062
1899 1104 6061
1898 1105 6060
1897 1106 6059
1896 1107 6058
1895 1108 6057
1894 1109 6056
1893 1110 6055
1892 1111 6054
1891 1112 6053
1890 1113 6052
1889 1114 6051
1888 1115 6050
1887 1116 6049
1886 1117 6048
1885 1118 6047
1884 1119 6046
1883 1120 6045
1882 1121 6044
1881 1122 6043
1880 1123 6042
1879 1124 6041
1878 1125 6040
1877 1126 6039
1876 1127 6038
1875 1128 6037
1874 1129 6036
1873 1130 6035
1872 1131 6034
1871 1132 6033
1870 1133 6032
1869 1134 6031
1868 1135 6030
1867 1136 6029
1866 1137 6028
1865 1138 6027
1864 1139 6026
1863 1140 6025
1862 1141 6024
1861 1142 6023
1860 1143 6022
1859 1144 6021
1858 1145 6020
1857 1146 6019
1856 1147 6018
1855 1148 6017
1854 1149 6016
1853 1150 6015
1852 1151 6014
1851 1152 6013
1850 1153 6012
1849 1154 6011
1848 1155 6010
1847 1156 6009
1846 1157 6008
1845 1158 6007
1844 1159 6006
1843 1160 6005
1842 1161 6004
1841 1162 6003
1840 1163 6002
1839 1164 6001
