1272
3000 3 7272
2999 4 7271
2998 5 7270
2997 6 7269
2996 7 7268
2995 8 7267
2994 9 7266
2993 10 7265
2992 11 7264
2991 12 7263
2990 13 7262
2989 14 7261
2988 15 7260
2987 16 7259
2986 17 7258
2985 18 7257
2984 19 7256
2983 20 7255
2982 21 7254
2981 22 7253
2980 23 7252
2979 24 7251
2978 25 7250
2977 26 7249
2976 27 7248
2975 28 7247
2974 29 7246
2973 30 7245
2972 31 7244
2971 32 7243
2970 33 7242
2969 34 7241
2968 35 7240
2967 36 7239
2966 37 7238
2965 38 7237
2964 39 7236
2963 40 7235
2962 41 7234
2961 42 7233
2960 43 7232
2959 44 7231
2958 45 7230
2957 46 7229
2956 47 7228
2955 48 7227
2954 49 7226
2953 50 7225
2952 51 7224
2951 52 7223
2950 53 7222
2949 54 7221
2948 55 7220
2947 56 7219
2946 57 7218
2945 58 7217
2944 59 7216
2943 60 7215
2942 61 7214
2941 62 7213
2940 63 7212
2939 64 7211
2938 65 7210
2937 66 7209
2936 67 7208
2935 68 7207
2934 69 7206
2933 70 7205
2932 71 7204
2931 72 7203
2930 73 7202
2929 74 7201
2928 75 7200
2927 76 7199
2926 77 7198
2925 78 7197
2924 79 7196
2923 80 7195
2922 81 7194
2921 82 7193
2920 83 7192
2919 84 7191
2918 85 7190
2917 86 7189
2916 87 7188
2915 88 7187
2914 89 7186
2913 90 7185
2912 91 7184
2911 92 7183
2910 93 7182
2909 94 7181
2908 95 7180
2907 96 7179
2906 97 7178
2905 98 7177
2904 99 7176
2903 100 7175
2902 101 7174
2901 102 7173
2900 103 7172
2899 104 7171
2898 105 7170
2897 106 7169
2896 107 7168
2895 108 7167
2894 109 7166
2893 110 7165
2892 111 7164
2891 112 7163
2890 113 7162
2889 114 7161
2888 115 7160
2887 116 7159
2886 117 7158
2885 118 7157
2884 119 7156
2883 120 7155
2882 121 7154
2881 122 7153
2880 123 7152
2879 124 7151
2878 125 7150
2877 126 7149
2876 127 7148
2875 128 7147
2874 129 7146
2873 130 7145
2872 131 7144
2871 132 7143
2870 133 7142
2869 134 7141
2868 135 7140
2867 136 7139
2866 137 7138
2865 138 7137
2864 139 7136
2863 140 7135
2862 141 7134
2861 142 7133
2860 143 7132
2859 144 7131
2858 145 7130
2857 146 7129
2856 147 7128
2855 148 7127
2854 149 7126
2853 150 7125
2852 151 7124
2851 152 7123
2850 153 7122
2849 154 7121
2848 155 7120
2847 156 7119
2846 157 7118
2845 158 7117
2844 159 7116
2843 160 7115
2842 161 7114
2841 162 7113
2840 163 7112
2839 164 7111
2838 165 7110
2837 166 7109
2836 167 7108
2835 168 7107
2834 169 7106
2833 170 7105
2832 171 7104
2831 172 7103
2830 173 7102
2829 174 7101
2828 175 7100
2827 176 7099
2826 177 7098
2825 178 7097
2824 179 7096
2823 180 7095
2822 181 7094
2821 182 7093
2820 183 7092
2819 184 7091
2818 185 7090
2817 186 7089
2816 187 7088
2815 188 7087
2814 189 7086
2813 190 7085
2812 191 7084
2811 192 7083
2810 193 7082
2809 194 7081
2808 195 7080
2807 196 7079
2806 197 7078
2805 198 7077
2804 199 7076
2803 200 7075
2802 201 7074
2801 202 7073
2800 203 7072
2799 204 7071
2798 205 7070
2797 206 7069
2796 207 7068
2795 208 7067
2794 209 7066
2793 210 7065
2792 211 7064
2791 212 7063
2790 213 7062
2789 214 7061
2788 215 7060
2787 216 7059
2786 217 7058
2785 218 7057
2784 219 7056
2783 220 7055
2782 221 7054
2781 222 7053
2780 223 7052
2779 224 7051
2778 225 7050
2777 226 7049
2776 227 7048
2775 228 7047
2774 229 7046
2773 230 7045
2772 231 7044
2771 232 7043
2770 233 7042
2769 234 7041
2768 235 7040
2767 236 7039
2766 237 7038
2765 238 7037
2764 239 7036
2763 240 7035
2762 241 7034
2761 242 7033
2760 243 7032
2759 244 7031
2758 245 7030
2757 246 7029
2756 247 7028
2755 248 7027
2754 249 7026
2753 250 7025
2752 251 7024
2751 252 7023
2750 253 7022
2749 254 7021
2748 255 7020
2747 256 7019
2746 257 7018
2745 258 7017
2744 259 7016
2743 260 7015
2742 261 7014
2741 262 7013
2740 263 7012
2739 264 7011
2738 265 7010
2737 266 7009
2736 267 7008
2735 268 7007
2734 269 7006
2733 270 7005
2732 271 7004
2731 272 7003
2730 273 7002
2729 274 7001
2728 275 7000
2727 276 6999
2726 277 6998
2725 278 6997
2724 279 6996
2723 280 6995
2722 281 6994
2721 282 6993
2720 283 6992
2719 284 6991
2718 285 6990
2717 286 6989
2716 287 6988
2715 288 6987
2714 289 6986
2713 290 6985
2712 291 6984
2711 292 6983
2710 293 6982
2709 294 6981
2708 295 6980
2707 296 6979
2706 297 6978
2705 298 6977
2704 299 6976
2703 300 6975
2702 301 6974
2701 302 6973
2700 303 6972
2699 304 6971
2698 305 6970
2697 306 6969
2696 307 6968
2695 308 6967
2694 309 6966
2693 310 6965
2692 311 6964
2691 312 6963
2690 313 6962
2689 314 6961
2688 315 6960
2687 316 6959
2686 317 6958
2685 318 6957
2684 319 6956
2683 320 6955
2682 321 6954
2681 322 6953
2680 323 6952
2679 324 6951
2678 325 6950
2677 326 6949
2676 327 6948
2675 328 6947
2674 329 6946
2673 330 6945
2672 331 6944
2671 332 6943
2670 333 6942
2669 334 6941
2668 335 6940
2667 336 6939
2666 337 6938
2665 338 6937
2664 339 6936
2663 340 6935
2662 341 6934
2661 342 6933
2660 343 6932
2659 344 6931
2658 345 6930
2657 346 6929
2656 347 6928
2655 348 6927
2654 349 6926
2653 350 6925
2652 351 6924
2651 352 6923
2650 353 6922
2649 354 6921
2648 355 6920
2647 356 6919
2646 357 6918
2645 358 6917
2644 359 6916
2643 360 6915
2642 361 6914
2641 362 6913
2640 363 6912
2639 364 6911
2638 365 6910
2637 366 6909
2636 367 6908
2635 368 6907
2634 369 6906
2633 370 6905
2632 371 6904
2631 372 6903
2630 373 6902
2629 374 6901
2628 375 6900
2627 376 6899
2626 377 6898
2625 378 6897
2624 379 6896
2623 380 6895
2622 381 6894
2621 382 6893
2620 383 6892
2619 384 6891
2618 385 6890
2617 386 6889
2616 387 6888
2615 388 6887
2614 389 6886
2613 390 6885
2612 391 6884
2611 392 6883
2610 393 6882
2609 394 6881
2608 395 6880
2607 396 6879
2606 397 6878
2605 398 6877
2604 399 6876
2603 400 6875
2602 401 6874
2601 402 6873
2600 403 6872
2599 404 6871
2598 405 6870
2597 406 6869
2596 407 6868
2595 408 6867
2594 409 6866
2593 410 6865
2592 411 6864
2591 412 6863
2590 413 6862
2589 414 6861
2588 415 6860
2587 416 6859
2586 417 6858
2585 418 6857
2584 419 6856
2583 420 6855
2582 421 6854
2581 422 6853
2580 423 6852
2579 424 6851
2578 425 6850
2577 426 6849
2576 427 6848
2575 428 6847
2574 429 6846
2573 430 6845
2572 431 6844
2571 432 6843
2570 433 6842
2569 434 6841
2568 435 6840
2567 436 6839
2566 437 6838
2565 438 6837
2564 439 6836
2563 440 6835
2562 441 6834
2561 442 6833
2560 443 6832
2559 444 6831
2558 445 6830
2557 446 6829
2556 447 6828
2555 448 6827
2554 449 6826
2553 450 6825
2552 451 6824
2551 452 6823
2550 453 6822
2549 454 6821
2548 455 6820
2547 456 6819
2546 457 6818
2545 458 6817
2544 459 6816
2543 460 6815
2542 461 6814
2541 462 6813
2540 463 6812
2539 464 6811
2538 465 6810
2537 466 6809
2536 467 6808
2535 468 6807
2534 469 6806
2533 470 6805
2532 471 6804
2531 472 6803
2530 473 6802
2529 474 6801
2528 475 6800
2527 476 6799
2526 477 6798
2525 478 6797
2524 479 6796
2523 480 6795
2522 481 6794
2521 482 6793
2520 483 6792
2519 484 6791
2518 485 6790
2517 486 6789
2516 487 6788
2515 488 6787
2514 489 6786
2513 490 6785
2512 491 6784
2511 492 6783
2510 493 6782
2509 494 6781
2508 495 6780
2507 496 6779
2506 497 6778
2505 498 6777
2504 499 6776
2503 500 6775
2502 501 6774
2501 502 6773
2500 503 6772
2499 504 6771
2498 505 6770
2497 506 6769
2496 507 6768
2495 508 6767
2494 509 6766
2493 510 6765
2492 511 6764
2491 512 6763
2490 513 6762
2489 514 6761
2488 515 6760
2487 516 6759
2486 517 6758
2485 518 6757
2484 519 6756
2483 520 6755
2482 521 6754
2481 522 6753
2480 523 6752
2479 524 6751
2478 525 6750
2477 526 6749
2476 527 6748
2475 528 6747
2474 529 6746
2473 530 6745
2472 531 6744
2471 532 6743
2470 533 6742
2469 534 6741
2468 535 6740
2467 536 6739
2466 537 6738
2465 538 6737
2464 539 6736
2463 540 6735
2462 541 6734
2461 542 6733
2460 543 6732
2459 544 6731
2458 545 6730
2457 546 6729
2456 547 6728
2455 548 6727
2454 549 6726
2453 550 6725
2452 551 6724
2451 552 6723
2450 553 6722
2449 554 6721
2448 555 6720
2447 556 6719
2446 557 6718
2445 558 6717
2444 559 6716
2443 560 6715
2442 561 6714
2441 562 6713
2440 563 6712
2439 564 6711
2438 565 6710
2437 566 6709
2436 567 6708
2435 568 6707
2434 569 6706
2433 570 6705
2432 571 6704
2431 572 6703
2430 573 6702
2429 574 6701
2428 575 6700
2427 576 6699
2426 577 6698
2425 578 6697
2424 579 6696
2423 580 6695
2422 581 6694
2421 582 6693
2420 583 6692
2419 584 6691
2418 585 6690
2417 586 6689
2416 587 6688
2415 588 6687
2414 589 6686
2413 590 6685
2412 591 6684
2411 592 6683
2410 593 6682
2409 594 6681
2408 595 6680
2407 596 6679
2406 597 6678
2405 598 6677
2404 599 6676
2403 600 6675
2402 601 6674
2401 602 6673
2400 603 6672
2399 604 6671
2398 605 6670
2397 606 6669
2396 607 6668
2395 608 6667
2394 609 6666
2393 610 6665
2392 611 6664
2391 612 6663
2390 613 6662
2389 614 6661
2388 615 6660
2387 616 6659
2386 617 6658
2385 618 6657
2384 619 6656
2383 620 6655
2382 621 6654
2381 622 6653
2380 623 6652
2379 624 6651
2378 625 6650
2377 626 6649
2376 627 6648
2375 628 6647
2374 629 6646
2373 630 6645
2372 631 6644
2371 632 6643
2370 633 6642
2369 634 6641
2368 635 6640
2367 636 6639
2366 637 6638
2365 638 6637
2364 639 6636
2363 640 6635
2362 641 6634
2361 642 6633
2360 643 6632
2359 644 6631
2358 645 6630
2357 646 6629
2356 647 6628
2355 648 6627
2354 649 6626
2353 650 6625
2352 651 6624
2351 652 6623
2350 653 6622
2349 654 6621
2348 655 6620
2347 656 6619
2346 657 6618
2345 658 6617
2344 659 6616
2343 660 6615
2342 661 6614
2341 662 6613
2340 663 6612
2339 664 6611
2338 665 6610
2337 666 6609
2336 667 6608
2335 668 6607
2334 669 6606
2333 670 6605
2332 671 6604
2331 672 6603
2330 673 6602
2329 674 6601
2328 675 6600
2327 676 6599
2326 677 6598
2325 678 6597
2324 679 6596
2323 680 6595
2322 681 6594
2321 682 6593
2320 683 6592
2319 684 6591
2318 685 6590
2317 686 6589
2316 687 6588
2315 688 6587
2314 689 6586
2313 690 6585
2312 691 6584
2311 692 6583
2310 693 6582
2309 694 6581
2308 695 6580
2307 696 6579
2306 697 6578
2305 698 6577
2304 699 6576
2303 700 6575
2302 701 6574
2301 702 6573
2300 703 6572
2299 704 6571
2298 705 6570
2297 706 6569
2296 707 6568
2295 708 6567
2294 709 6566
2293 710 6565
2292 711 6564
2291 712 6563
2290 713 6562
2289 714 6561
2288 715 6560
2287 716 6559
2286 717 6558
2285 718 6557
2284 719 6556
2283 720 6555
2282 721 6554
2281 722 6553
2280 723 6552
2279 724 6551
2278 725 6550
2277 726 6549
2276 727 6548
2275 728 6547
2274 729 6546
2273 730 6545
2272 731 6544
2271 732 6543
2270 733 6542
2269 734 6541
2268 735 6540
2267 736 6539
2266 737 6538
2265 738 6537
2264 739 6536
2263 740 6535
2262 741 6534
2261 742 6533
2260 743 6532
2259 744 6531
2258 745 6530
2257 746 6529
2256 747 6528
2255 748 6527
2254 749 6526
2253 750 6525
2252 751 6524
2251 752 6523
2250 753 6522
2249 754 6521
2248 755 6520
2247 756 6519
2246 757 6518
2245 758 6517
2244 759 6516
2243 760 6515
2242 761 6514
2241 762 6513
2240 763 6512
2239 764 6511
2238 765 6510
2237 766 6509
2236 767 6508
2235 768 6507
2234 769 6506
2233 770 6505
2232 771 6504
2231 772 6503
2230 773 6502
2229 774 6501
2228 775 6500
2227 776 6499
2226 777 6498
2225 778 6497
2224 779 6496
2223 780 6495
2222 781 6494
2221 782 6493
2220 783 6492
2219 784 6491
2218 785 6490
2217 786 6489
2216 787 6488
2215 788 6487
2214 789 6486
2213 790 6485
2212 791 6484
2211 792 6483
2210 793 6482
2209 794 6481
2208 795 6480
2207 796 6479
2206 797 6478
2205 798 6477
2204 799 6476
2203 800 6475
2202 801 6474
2201 802 6473
2200 803 6472
2199 804 6471
2198 805 6470
2197 806 6469
2196 807 6468
2195 808 6467
2194 809 6466
2193 810 6465
2192 811 6464
2191 812 6463
2190 813 6462
2189 814 6461
2188 815 6460
2187 816 6459
2186 817 6458
2185 818 6457
2184 819 6456
2183 820 6455
2182 821 6454
2181 822 6453
2180 823 6452
2179 824 6451
2178 825 6450
2177 826 6449
2176 827 6448
2175 828 6447
2174 829 6446
2173 830 6445
2172 831 6444
2171 832 6443
2170 833 6442
2169 834 6441
2168 835 6440
2167 836 6439
2166 837 6438
2165 838 6437
2164 839 6436
2163 840 6435
2162 841 6434
2161 842 6433
2160 843 6432
2159 844 6431
2158 845 6430
2157 846 6429
2156 847 6428
2155 848 6427
2154 849 6426
2153 850 6425
2152 851 6424
2151 852 6423
2150 853 6422
2149 854 6421
2148 855 6420
2147 856 6419
2146 857 6418
2145 858 6417
2144 859 6416
2143 860 6415
2142 861 6414
2141 862 6413
2140 863 6412
2139 864 6411
2138 865 6410
2137 866 6409
2136 867 6408
2135 868 6407
2134 869 6406
2133 870 6405
2132 871 6404
2131 872 6403
2130 873 6402
2129 874 6401
2128 875 6400
2127 876 6399
2126 877 6398
2125 878 6397
2124 879 6396
2123 880 6395
2122 881 6394
2121 882 6393
2120 883 6392
2119 884 6391
2118 885 6390
2117 886 6389
2116 887 6388
2115 888 6387
2114 889 6386
2113 890 6385
2112 891 6384
2111 892 6383
2110 893 6382
2109 894 6381
2108 895 6380
2107 896 6379
2106 897 6378
2105 898 6377
2104 899 6376
2103 900 6375
2102 901 6374
2101 902 6373
2100 903 6372
2099 904 6371
2098 905 6370
2097 906 6369
2096 907 6368
2095 908 6367
2094 909 6366
2093 910 6365
2092 911 6364
2091 912 6363
2090 913 6362
2089 914 6361
2088 915 6360
2087 916 6359
2086 917 6358
2085 918 6357
2084 919 6356
2083 920 6355
2082 921 6354
2081 922 6353
2080 923 6352
2079 924 6351
2078 925 6350
2077 926 6349
2076 927 6348
2075 928 6347
2074 929 6346
2073 930 6345
2072 931 6344
2071 932 6343
2070 933 6342
2069 934 6341
2068 935 6340
2067 936 6339
2066 937 6338
2065 938 6337
2064 939 6336
2063 940 6335
2062 941 6334
2061 942 6333
2060 943 6332
2059 944 6331
2058 945 6330
2057 946 6329
2056 947 6328
2055 948 6327
2054 949 6326
2053 950 6325
2052 951 6324
2051 952 6323
2050 953 6322
2049 954 6321
2048 955 6320
2047 956 6319
2046 957 6318
2045 958 6317
2044 959 6316
2043 960 6315
2042 961 6314
2041 962 6313
2040 963 6312
2039 964 6311
2038 965 6310
2037 966 6309
2036 967 6308
2035 968 6307
2034 969 6306
2033 970 6305
2032 971 6304
2031 972 6303
2030 973 6302
2029 974 6301
2028 975 6300
2027 976 6299
2026 977 6298
2025 978 6297
2024 979 6296
2023 980 6295
2022 981 6294
2021 982 6293
2020 983 6292
2019 984 6291
2018 985 6290
2017 986 6289
2016 987 6288
2015 988 6287
2014 989 6286
2013 990 6285
2012 991 6284
2011 992 6283
2010 993 6282
2009 994 6281
2008 995 6280
2007 996 6279
2006 997 6278
2005 998 6277
2004 999 6276
2003 1000 6275
2002 1001 6274
2001 1002 6273
2000 1003 6272
1999 1004 6271
1998 1005 6270
1997 1006 6269
1996 1007 6268
1995 1008 6267
1994 1009 6266
1993 1010 6265
1992 1011 6264
1991 1012 6263
1990 1013 6262
1989 1014 6261
1988 1015 6260
1987 1016 6259
1986 1017 6258
1985 1018 6257
1984 1019 6256
1983 1020 6255
1982 1021 6254
1981 1022 6253
1980 1023 6252
1979 1024 6251
1978 1025 6250
1977 1026 6249
1976 1027 6248
1975 1028 6247
1974 1029 6246
1973 1030 6245
1972 1031 6244
1971 1032 6243
1970 1033 6242
1969 1034 6241
1968 1035 6240
1967 1036 6239
1966 1037 6238
1965 1038 6237
1964 1039 6236
1963 1040 6235
1962 1041 6234
1961 1042 6233
1960 1043 6232
1959 1044 6231
1958 1045 6230
1957 1046 6229
1956 1047 6228
1955 1048 6227
1954 1049 6226
1953 1050 6225
1952 1051 6224
1951 1052 6223
1950 1053 6222
1949 1054 6221
1948 1055 6220
1947 1056 6219
1946 1057 6218
1945 1058 6217
1944 1059 6216
1943 1060 6215
1942 1061 6214
1941 1062 6213
1940 1063 6212
1939 1064 6211
1938 1065 6210
1937 1066 6209
1936 1067 6208
1935 1068 6207
1934 1069 6206
1933 1070 6205
1932 1071 6204
1931 1072 6203
1930 1073 6202
1929 1074 6201
1928 1075 6200
1927 1076 6199
1926 1077 6198
1925 1078 6197
1924 1079 6196
1923 1080 6195
1922 1081 6194
1921 1082 6193
1920 1083 6192
1919 1084 6191
1918 1085 6190
1917 1086 6189
1916 1087 6188
1915 1088 6187
1914 1089 6186
1913 1090 6185
1912 1091 6184
1911 1092 6183
1910 1093 6182
1909 1094 6181
1908 1095 6180
1907 1096 6179
1906 1097 6178
1905 1098 6177
1904 1099 6176
1903 1100 6175
1902 1101 6174
1901 1102 6173
1900 1103 6172
1899 1104 6171
1898 1105 6170
1897 1106 6169
1896 1107 6168
1895 1108 6167
1894 1109 6166
1893 1110 6165
1892 1111 6164
1891 1112 6163
1890 1113 6162
1889 1114 6161
1888 1115 6160
1887 1116 6159
1886 1117 6158
1885 1118 6157
1884 1119 6156
1883 1120 6155
1882 1121 6154
1881 1122 6153
1880 1123 6152
1879 1124 6151
1878 1125 6150
1877 1126 6149
1876 1127 6148
1875 1128 6147
1874 1129 6146
1873 1130 6145
1872 1131 6144
1871 1132 6143
1870 1133 6142
1869 1134 6141
1868 1135 6140
1867 1136 6139
1866 1137 6138
1865 1138 6137
1864 1139 6136
1863 1140 6135
1862 1141 6134
1861 1142 6133
1860 1143 6132
1859 1144 6131
1858 1145 6130
1857 1146 6129
1856 1147 6128
1855 1148 6127
1854 1149 6126
1853 1150 6125
1852 1151 6124
1851 1152 6123
1850 1153 6122
1849 1154 6121
1848 1155 6120
1847 1156 6119
1846 1157 6118
1845 1158 6117
1844 1159 6116
1843 1160 6115
1842 1161 6114
1841 1162 6113
1840 1163 6112
1839 1164 6111
1838 1165 6110
1837 1166 6109
1836 1167 6108
1835 1168 6107
1834 1169 6106
1833 1170 6105
1832 1171 6104
1831 1172 6103
1830 1173 6102
1829 1174 6101
1828 1175 6100
1827 1176 6099
1826 1177 6098
1825 1178 6097
1824 1179 6096
1823 1180 6095
1822 1181 6094
1821 1182 6093
1820 1183 6092
1819 1184 6091
1818 1185 6090
1817 1186 6089
1816 1187 6088
1815 1188 6087
1814 1189 6086
1813 1190 6085
1812 1191 6084
1811 1192 6083
1810 1193 6082
1809 1194 6081
1808 1195 6080
1807 1196 6079
1806 1197 6078
1805 1198 6077
1804 1199 6076
1803 1200 6075
1802 1201 6074
1801 1202 6073
1800 1203 6072
1799 1204 6071
1798 1205 6070
1797 1206 6069
1796 1207 6068
1795 1208 6067
1794 1209 6066
1793 1210 6065
1792 1211 6064
1791 1212 6063
1790 1213 6062
1789 1214 6061
1788 1215 6060
1787 1216 6059
1786 1217 6058
1785 1218 6057
1784 1219 6056
1783 1220 6055
1782 1221 6054
1781 1222 6053
1780 1223 6052
1779 1224 6051
1778 1225 6050
1777 1226 6049
1776 1227 6048
1775 1228 6047
1774 1229 6046
1773 1230 6045
1772 1231 6044
1771 1232 6043
1770 1233 6042
1769 1234 6041
1768 1235 6040
1767 1236 6039
1766 1237 6038
1765 1238 6037
1764 1239 6036
1763 1240 6035
1762 1241 6034
1761 1242 6033
1760 1243 6032
1759 1244 6031
1758 1245 6030
1757 1246 6029
1756 1247 6028
1755 1248 6027
1754 1249 6026
1753 1250 6025
1752 1251 6024
1751 1252 6023
1750 1253 6022
1749 1254 6021
1748 1255 6020
1747 1256 6019
1746 1257 6018
1745 1258 6017
1744 1259 6016
1743 1260 6015
1742 1261 6014
1741 1262 6013
1740 1263 6012
1739 1264 6011
1738 1265 6010
1737 1266 6009
1736 1267 6008
1735 1268 6007
1734 1269 6006
1733 1270 6005
1732 1271 6004
1731 1272 6003
1730 1273 6002
1729 1274 6001
