145
3000 3 6145
2999 4 6144
2998 5 6143
2997 6 6142
2996 7 6141
2995 8 6140
2994 9 6139
2993 10 6138
2992 11 6137
2991 12 6136
2990 13 6135
2989 14 6134
2988 15 6133
2987 16 6132
2986 17 6131
2985 18 6130
2984 19 6129
2983 20 6128
2982 21 6127
2981 22 6126
2980 23 6125
2979 24 6124
2978 25 6123
2977 26 6122
2976 27 6121
2975 28 6120
2974 29 6119
2973 30 6118
2972 31 6117
2971 32 6116
2970 33 6115
2969 34 6114
2968 35 6113
2967 36 6112
2966 37 6111
2965 38 6110
2964 39 6109
2963 40 6108
2962 41 6107
2961 42 6106
2960 43 6105
2959 44 6104
2958 45 6103
2957 46 6102
2956 47 6101
2955 48 6100
2954 49 6099
2953 50 6098
2952 51 6097
2951 52 6096
2950 53 6095
2949 54 6094
2948 55 6093
2947 56 6092
2946 57 6091
2945 58 6090
2944 59 6089
2943 60 6088
2942 61 6087
2941 62 6086
2940 63 6085
2939 64 6084
2938 65 6083
2937 66 6082
2936 67 6081
2935 68 6080
2934 69 6079
2933 70 6078
2932 71 6077
2931 72 6076
2930 73 6075
2929 74 6074
2928 75 6073
2927 76 6072
2926 77 6071
2925 78 6070
2924 79 6069
2923 80 6068
2922 81 6067
2921 82 6066
2920 83 6065
2919 84 6064
2918 85 6063
2917 86 6062
2916 87 6061
2915 88 6060
2914 89 6059
2913 90 6058
2912 91 6057
2911 92 6056
2910 93 6055
2909 94 6054
2908 95 6053
2907 96 6052
2906 97 6051
2905 98 6050
2904 99 6049
2903 100 6048
2902 101 6047
2901 102 6046
2900 103 6045
2899 104 6044
2898 105 6043
2897 106 6042
2896 107 6041
2895 108 6040
2894 109 6039
2893 110 6038
2892 111 6037
2891 112 6036
2890 113 6035
2889 114 6034
2888 115 6033
2887 116 6032
2886 117 6031
2885 118 6030
2884 119 6029
2883 120 6028
2882 121 6027
2881 122 6026
2880 123 6025
2879 124 6024
2878 125 6023
2877 126 6022
2876 127 6021
2875 128 6020
2874 129 6019
2873 130 6018
2872 131 6017
2871 132 6016
2870 133 6015
2869 134 6014
2868 135 6013
2867 136 6012
2866 137 6011
2865 138 6010
2864 139 6009
2863 140 6008
2862 141 6007
2861 142 6006
2860 143 6005
2859 144 6004
2858 145 6003
2857 146 6002
2856 147 6001
