2266
3000 3 8266
2999 4 8265
2998 5 8264
2997 6 8263
2996 7 8262
2995 8 8261
2994 9 8260
2993 10 8259
2992 11 8258
2991 12 8257
2990 13 8256
2989 14 8255
2988 15 8254
2987 16 8253
2986 17 8252
2985 18 8251
2984 19 8250
2983 20 8249
2982 21 8248
2981 22 8247
2980 23 8246
2979 24 8245
2978 25 8244
2977 26 8243
2976 27 8242
2975 28 8241
2974 29 8240
2973 30 8239
2972 31 8238
2971 32 8237
2970 33 8236
2969 34 8235
2968 35 8234
2967 36 8233
2966 37 8232
2965 38 8231
2964 39 8230
2963 40 8229
2962 41 8228
2961 42 8227
2960 43 8226
2959 44 8225
2958 45 8224
2957 46 8223
2956 47 8222
2955 48 8221
2954 49 8220
2953 50 8219
2952 51 8218
2951 52 8217
2950 53 8216
2949 54 8215
2948 55 8214
2947 56 8213
2946 57 8212
2945 58 8211
2944 59 8210
2943 60 8209
2942 61 8208
2941 62 8207
2940 63 8206
2939 64 8205
2938 65 8204
2937 66 8203
2936 67 8202
2935 68 8201
2934 69 8200
2933 70 8199
2932 71 8198
2931 72 8197
2930 73 8196
2929 74 8195
2928 75 8194
2927 76 8193
2926 77 8192
2925 78 8191
2924 79 8190
2923 80 8189
2922 81 8188
2921 82 8187
2920 83 8186
2919 84 8185
2918 85 8184
2917 86 8183
2916 87 8182
2915 88 8181
2914 89 8180
2913 90 8179
2912 91 8178
2911 92 8177
2910 93 8176
2909 94 8175
2908 95 8174
2907 96 8173
2906 97 8172
2905 98 8171
2904 99 8170
2903 100 8169
2902 101 8168
2901 102 8167
2900 103 8166
2899 104 8165
2898 105 8164
2897 106 8163
2896 107 8162
2895 108 8161
2894 109 8160
2893 110 8159
2892 111 8158
2891 112 8157
2890 113 8156
2889 114 8155
2888 115 8154
2887 116 8153
2886 117 8152
2885 118 8151
2884 119 8150
2883 120 8149
2882 121 8148
2881 122 8147
2880 123 8146
2879 124 8145
2878 125 8144
2877 126 8143
2876 127 8142
2875 128 8141
2874 129 8140
2873 130 8139
2872 131 8138
2871 132 8137
2870 133 8136
2869 134 8135
2868 135 8134
2867 136 8133
2866 137 8132
2865 138 8131
2864 139 8130
2863 140 8129
2862 141 8128
2861 142 8127
2860 143 8126
2859 144 8125
2858 145 8124
2857 146 8123
2856 147 8122
2855 148 8121
2854 149 8120
2853 150 8119
2852 151 8118
2851 152 8117
2850 153 8116
2849 154 8115
2848 155 8114
2847 156 8113
2846 157 8112
2845 158 8111
2844 159 8110
2843 160 8109
2842 161 8108
2841 162 8107
2840 163 8106
2839 164 8105
2838 165 8104
2837 166 8103
2836 167 8102
2835 168 8101
2834 169 8100
2833 170 8099
2832 171 8098
2831 172 8097
2830 173 8096
2829 174 8095
2828 175 8094
2827 176 8093
2826 177 8092
2825 178 8091
2824 179 8090
2823 180 8089
2822 181 8088
2821 182 8087
2820 183 8086
2819 184 8085
2818 185 8084
2817 186 8083
2816 187 8082
2815 188 8081
2814 189 8080
2813 190 8079
2812 191 8078
2811 192 8077
2810 193 8076
2809 194 8075
2808 195 8074
2807 196 8073
2806 197 8072
2805 198 8071
2804 199 8070
2803 200 8069
2802 201 8068
2801 202 8067
2800 203 8066
2799 204 8065
2798 205 8064
2797 206 8063
2796 207 8062
2795 208 8061
2794 209 8060
2793 210 8059
2792 211 8058
2791 212 8057
2790 213 8056
2789 214 8055
2788 215 8054
2787 216 8053
2786 217 8052
2785 218 8051
2784 219 8050
2783 220 8049
2782 221 8048
2781 222 8047
2780 223 8046
2779 224 8045
2778 225 8044
2777 226 8043
2776 227 8042
2775 228 8041
2774 229 8040
2773 230 8039
2772 231 8038
2771 232 8037
2770 233 8036
2769 234 8035
2768 235 8034
2767 236 8033
2766 237 8032
2765 238 8031
2764 239 8030
2763 240 8029
2762 241 8028
2761 242 8027
2760 243 8026
2759 244 8025
2758 245 8024
2757 246 8023
2756 247 8022
2755 248 8021
2754 249 8020
2753 250 8019
2752 251 8018
2751 252 8017
2750 253 8016
2749 254 8015
2748 255 8014
2747 256 8013
2746 257 8012
2745 258 8011
2744 259 8010
2743 260 8009
2742 261 8008
2741 262 8007
2740 263 8006
2739 264 8005
2738 265 8004
2737 266 8003
2736 267 8002
2735 268 8001
2734 269 8000
2733 270 7999
2732 271 7998
2731 272 7997
2730 273 7996
2729 274 7995
2728 275 7994
2727 276 7993
2726 277 7992
2725 278 7991
2724 279 7990
2723 280 7989
2722 281 7988
2721 282 7987
2720 283 7986
2719 284 7985
2718 285 7984
2717 286 7983
2716 287 7982
2715 288 7981
2714 289 7980
2713 290 7979
2712 291 7978
2711 292 7977
2710 293 7976
2709 294 7975
2708 295 7974
2707 296 7973
2706 297 7972
2705 298 7971
2704 299 7970
2703 300 7969
2702 301 7968
2701 302 7967
2700 303 7966
2699 304 7965
2698 305 7964
2697 306 7963
2696 307 7962
2695 308 7961
2694 309 7960
2693 310 7959
2692 311 7958
2691 312 7957
2690 313 7956
2689 314 7955
2688 315 7954
2687 316 7953
2686 317 7952
2685 318 7951
2684 319 7950
2683 320 7949
2682 321 7948
2681 322 7947
2680 323 7946
2679 324 7945
2678 325 7944
2677 326 7943
2676 327 7942
2675 328 7941
2674 329 7940
2673 330 7939
2672 331 7938
2671 332 7937
2670 333 7936
2669 334 7935
2668 335 7934
2667 336 7933
2666 337 7932
2665 338 7931
2664 339 7930
2663 340 7929
2662 341 7928
2661 342 7927
2660 343 7926
2659 344 7925
2658 345 7924
2657 346 7923
2656 347 7922
2655 348 7921
2654 349 7920
2653 350 7919
2652 351 7918
2651 352 7917
2650 353 7916
2649 354 7915
2648 355 7914
2647 356 7913
2646 357 7912
2645 358 7911
2644 359 7910
2643 360 7909
2642 361 7908
2641 362 7907
2640 363 7906
2639 364 7905
2638 365 7904
2637 366 7903
2636 367 7902
2635 368 7901
2634 369 7900
2633 370 7899
2632 371 7898
2631 372 7897
2630 373 7896
2629 374 7895
2628 375 7894
2627 376 7893
2626 377 7892
2625 378 7891
2624 379 7890
2623 380 7889
2622 381 7888
2621 382 7887
2620 383 7886
2619 384 7885
2618 385 7884
2617 386 7883
2616 387 7882
2615 388 7881
2614 389 7880
2613 390 7879
2612 391 7878
2611 392 7877
2610 393 7876
2609 394 7875
2608 395 7874
2607 396 7873
2606 397 7872
2605 398 7871
2604 399 7870
2603 400 7869
2602 401 7868
2601 402 7867
2600 403 7866
2599 404 7865
2598 405 7864
2597 406 7863
2596 407 7862
2595 408 7861
2594 409 7860
2593 410 7859
2592 411 7858
2591 412 7857
2590 413 7856
2589 414 7855
2588 415 7854
2587 416 7853
2586 417 7852
2585 418 7851
2584 419 7850
2583 420 7849
2582 421 7848
2581 422 7847
2580 423 7846
2579 424 7845
2578 425 7844
2577 426 7843
2576 427 7842
2575 428 7841
2574 429 7840
2573 430 7839
2572 431 7838
2571 432 7837
2570 433 7836
2569 434 7835
2568 435 7834
2567 436 7833
2566 437 7832
2565 438 7831
2564 439 7830
2563 440 7829
2562 441 7828
2561 442 7827
2560 443 7826
2559 444 7825
2558 445 7824
2557 446 7823
2556 447 7822
2555 448 7821
2554 449 7820
2553 450 7819
2552 451 7818
2551 452 7817
2550 453 7816
2549 454 7815
2548 455 7814
2547 456 7813
2546 457 7812
2545 458 7811
2544 459 7810
2543 460 7809
2542 461 7808
2541 462 7807
2540 463 7806
2539 464 7805
2538 465 7804
2537 466 7803
2536 467 7802
2535 468 7801
2534 469 7800
2533 470 7799
2532 471 7798
2531 472 7797
2530 473 7796
2529 474 7795
2528 475 7794
2527 476 7793
2526 477 7792
2525 478 7791
2524 479 7790
2523 480 7789
2522 481 7788
2521 482 7787
2520 483 7786
2519 484 7785
2518 485 7784
2517 486 7783
2516 487 7782
2515 488 7781
2514 489 7780
2513 490 7779
2512 491 7778
2511 492 7777
2510 493 7776
2509 494 7775
2508 495 7774
2507 496 7773
2506 497 7772
2505 498 7771
2504 499 7770
2503 500 7769
2502 501 7768
2501 502 7767
2500 503 7766
2499 504 7765
2498 505 7764
2497 506 7763
2496 507 7762
2495 508 7761
2494 509 7760
2493 510 7759
2492 511 7758
2491 512 7757
2490 513 7756
2489 514 7755
2488 515 7754
2487 516 7753
2486 517 7752
2485 518 7751
2484 519 7750
2483 520 7749
2482 521 7748
2481 522 7747
2480 523 7746
2479 524 7745
2478 525 7744
2477 526 7743
2476 527 7742
2475 528 7741
2474 529 7740
2473 530 7739
2472 531 7738
2471 532 7737
2470 533 7736
2469 534 7735
2468 535 7734
2467 536 7733
2466 537 7732
2465 538 7731
2464 539 7730
2463 540 7729
2462 541 7728
2461 542 7727
2460 543 7726
2459 544 7725
2458 545 7724
2457 546 7723
2456 547 7722
2455 548 7721
2454 549 7720
2453 550 7719
2452 551 7718
2451 552 7717
2450 553 7716
2449 554 7715
2448 555 7714
2447 556 7713
2446 557 7712
2445 558 7711
2444 559 7710
2443 560 7709
2442 561 7708
2441 562 7707
2440 563 7706
2439 564 7705
2438 565 7704
2437 566 7703
2436 567 7702
2435 568 7701
2434 569 7700
2433 570 7699
2432 571 7698
2431 572 7697
2430 573 7696
2429 574 7695
2428 575 7694
2427 576 7693
2426 577 7692
2425 578 7691
2424 579 7690
2423 580 7689
2422 581 7688
2421 582 7687
2420 583 7686
2419 584 7685
2418 585 7684
2417 586 7683
2416 587 7682
2415 588 7681
2414 589 7680
2413 590 7679
2412 591 7678
2411 592 7677
2410 593 7676
2409 594 7675
2408 595 7674
2407 596 7673
2406 597 7672
2405 598 7671
2404 599 7670
2403 600 7669
2402 601 7668
2401 602 7667
2400 603 7666
2399 604 7665
2398 605 7664
2397 606 7663
2396 607 7662
2395 608 7661
2394 609 7660
2393 610 7659
2392 611 7658
2391 612 7657
2390 613 7656
2389 614 7655
2388 615 7654
2387 616 7653
2386 617 7652
2385 618 7651
2384 619 7650
2383 620 7649
2382 621 7648
2381 622 7647
2380 623 7646
2379 624 7645
2378 625 7644
2377 626 7643
2376 627 7642
2375 628 7641
2374 629 7640
2373 630 7639
2372 631 7638
2371 632 7637
2370 633 7636
2369 634 7635
2368 635 7634
2367 636 7633
2366 637 7632
2365 638 7631
2364 639 7630
2363 640 7629
2362 641 7628
2361 642 7627
2360 643 7626
2359 644 7625
2358 645 7624
2357 646 7623
2356 647 7622
2355 648 7621
2354 649 7620
2353 650 7619
2352 651 7618
2351 652 7617
2350 653 7616
2349 654 7615
2348 655 7614
2347 656 7613
2346 657 7612
2345 658 7611
2344 659 7610
2343 660 7609
2342 661 7608
2341 662 7607
2340 663 7606
2339 664 7605
2338 665 7604
2337 666 7603
2336 667 7602
2335 668 7601
2334 669 7600
2333 670 7599
2332 671 7598
2331 672 7597
2330 673 7596
2329 674 7595
2328 675 7594
2327 676 7593
2326 677 7592
2325 678 7591
2324 679 7590
2323 680 7589
2322 681 7588
2321 682 7587
2320 683 7586
2319 684 7585
2318 685 7584
2317 686 7583
2316 687 7582
2315 688 7581
2314 689 7580
2313 690 7579
2312 691 7578
2311 692 7577
2310 693 7576
2309 694 7575
2308 695 7574
2307 696 7573
2306 697 7572
2305 698 7571
2304 699 7570
2303 700 7569
2302 701 7568
2301 702 7567
2300 703 7566
2299 704 7565
2298 705 7564
2297 706 7563
2296 707 7562
2295 708 7561
2294 709 7560
2293 710 7559
2292 711 7558
2291 712 7557
2290 713 7556
2289 714 7555
2288 715 7554
2287 716 7553
2286 717 7552
2285 718 7551
2284 719 7550
2283 720 7549
2282 721 7548
2281 722 7547
2280 723 7546
2279 724 7545
2278 725 7544
2277 726 7543
2276 727 7542
2275 728 7541
2274 729 7540
2273 730 7539
2272 731 7538
2271 732 7537
2270 733 7536
2269 734 7535
2268 735 7534
2267 736 7533
2266 737 7532
2265 738 7531
2264 739 7530
2263 740 7529
2262 741 7528
2261 742 7527
2260 743 7526
2259 744 7525
2258 745 7524
2257 746 7523
2256 747 7522
2255 748 7521
2254 749 7520
2253 750 7519
2252 751 7518
2251 752 7517
2250 753 7516
2249 754 7515
2248 755 7514
2247 756 7513
2246 757 7512
2245 758 7511
2244 759 7510
2243 760 7509
2242 761 7508
2241 762 7507
2240 763 7506
2239 764 7505
2238 765 7504
2237 766 7503
2236 767 7502
2235 768 7501
2234 769 7500
2233 770 7499
2232 771 7498
2231 772 7497
2230 773 7496
2229 774 7495
2228 775 7494
2227 776 7493
2226 777 7492
2225 778 7491
2224 779 7490
2223 780 7489
2222 781 7488
2221 782 7487
2220 783 7486
2219 784 7485
2218 785 7484
2217 786 7483
2216 787 7482
2215 788 7481
2214 789 7480
2213 790 7479
2212 791 7478
2211 792 7477
2210 793 7476
2209 794 7475
2208 795 7474
2207 796 7473
2206 797 7472
2205 798 7471
2204 799 7470
2203 800 7469
2202 801 7468
2201 802 7467
2200 803 7466
2199 804 7465
2198 805 7464
2197 806 7463
2196 807 7462
2195 808 7461
2194 809 7460
2193 810 7459
2192 811 7458
2191 812 7457
2190 813 7456
2189 814 7455
2188 815 7454
2187 816 7453
2186 817 7452
2185 818 7451
2184 819 7450
2183 820 7449
2182 821 7448
2181 822 7447
2180 823 7446
2179 824 7445
2178 825 7444
2177 826 7443
2176 827 7442
2175 828 7441
2174 829 7440
2173 830 7439
2172 831 7438
2171 832 7437
2170 833 7436
2169 834 7435
2168 835 7434
2167 836 7433
2166 837 7432
2165 838 7431
2164 839 7430
2163 840 7429
2162 841 7428
2161 842 7427
2160 843 7426
2159 844 7425
2158 845 7424
2157 846 7423
2156 847 7422
2155 848 7421
2154 849 7420
2153 850 7419
2152 851 7418
2151 852 7417
2150 853 7416
2149 854 7415
2148 855 7414
2147 856 7413
2146 857 7412
2145 858 7411
2144 859 7410
2143 860 7409
2142 861 7408
2141 862 7407
2140 863 7406
2139 864 7405
2138 865 7404
2137 866 7403
2136 867 7402
2135 868 7401
2134 869 7400
2133 870 7399
2132 871 7398
2131 872 7397
2130 873 7396
2129 874 7395
2128 875 7394
2127 876 7393
2126 877 7392
2125 878 7391
2124 879 7390
2123 880 7389
2122 881 7388
2121 882 7387
2120 883 7386
2119 884 7385
2118 885 7384
2117 886 7383
2116 887 7382
2115 888 7381
2114 889 7380
2113 890 7379
2112 891 7378
2111 892 7377
2110 893 7376
2109 894 7375
2108 895 7374
2107 896 7373
2106 897 7372
2105 898 7371
2104 899 7370
2103 900 7369
2102 901 7368
2101 902 7367
2100 903 7366
2099 904 7365
2098 905 7364
2097 906 7363
2096 907 7362
2095 908 7361
2094 909 7360
2093 910 7359
2092 911 7358
2091 912 7357
2090 913 7356
2089 914 7355
2088 915 7354
2087 916 7353
2086 917 7352
2085 918 7351
2084 919 7350
2083 920 7349
2082 921 7348
2081 922 7347
2080 923 7346
2079 924 7345
2078 925 7344
2077 926 7343
2076 927 7342
2075 928 7341
2074 929 7340
2073 930 7339
2072 931 7338
2071 932 7337
2070 933 7336
2069 934 7335
2068 935 7334
2067 936 7333
2066 937 7332
2065 938 7331
2064 939 7330
2063 940 7329
2062 941 7328
2061 942 7327
2060 943 7326
2059 944 7325
2058 945 7324
2057 946 7323
2056 947 7322
2055 948 7321
2054 949 7320
2053 950 7319
2052 951 7318
2051 952 7317
2050 953 7316
2049 954 7315
2048 955 7314
2047 956 7313
2046 957 7312
2045 958 7311
2044 959 7310
2043 960 7309
2042 961 7308
2041 962 7307
2040 963 7306
2039 964 7305
2038 965 7304
2037 966 7303
2036 967 7302
2035 968 7301
2034 969 7300
2033 970 7299
2032 971 7298
2031 972 7297
2030 973 7296
2029 974 7295
2028 975 7294
2027 976 7293
2026 977 7292
2025 978 7291
2024 979 7290
2023 980 7289
2022 981 7288
2021 982 7287
2020 983 7286
2019 984 7285
2018 985 7284
2017 986 7283
2016 987 7282
2015 988 7281
2014 989 7280
2013 990 7279
2012 991 7278
2011 992 7277
2010 993 7276
2009 994 7275
2008 995 7274
2007 996 7273
2006 997 7272
2005 998 7271
2004 999 7270
2003 1000 7269
2002 1001 7268
2001 1002 7267
2000 1003 7266
1999 1004 7265
1998 1005 7264
1997 1006 7263
1996 1007 7262
1995 1008 7261
1994 1009 7260
1993 1010 7259
1992 1011 7258
1991 1012 7257
1990 1013 7256
1989 1014 7255
1988 1015 7254
1987 1016 7253
1986 1017 7252
1985 1018 7251
1984 1019 7250
1983 1020 7249
1982 1021 7248
1981 1022 7247
1980 1023 7246
1979 1024 7245
1978 1025 7244
1977 1026 7243
1976 1027 7242
1975 1028 7241
1974 1029 7240
1973 1030 7239
1972 1031 7238
1971 1032 7237
1970 1033 7236
1969 1034 7235
1968 1035 7234
1967 1036 7233
1966 1037 7232
1965 1038 7231
1964 1039 7230
1963 1040 7229
1962 1041 7228
1961 1042 7227
1960 1043 7226
1959 1044 7225
1958 1045 7224
1957 1046 7223
1956 1047 7222
1955 1048 7221
1954 1049 7220
1953 1050 7219
1952 1051 7218
1951 1052 7217
1950 1053 7216
1949 1054 7215
1948 1055 7214
1947 1056 7213
1946 1057 7212
1945 1058 7211
1944 1059 7210
1943 1060 7209
1942 1061 7208
1941 1062 7207
1940 1063 7206
1939 1064 7205
1938 1065 7204
1937 1066 7203
1936 1067 7202
1935 1068 7201
1934 1069 7200
1933 1070 7199
1932 1071 7198
1931 1072 7197
1930 1073 7196
1929 1074 7195
1928 1075 7194
1927 1076 7193
1926 1077 7192
1925 1078 7191
1924 1079 7190
1923 1080 7189
1922 1081 7188
1921 1082 7187
1920 1083 7186
1919 1084 7185
1918 1085 7184
1917 1086 7183
1916 1087 7182
1915 1088 7181
1914 1089 7180
1913 1090 7179
1912 1091 7178
1911 1092 7177
1910 1093 7176
1909 1094 7175
1908 1095 7174
1907 1096 7173
1906 1097 7172
1905 1098 7171
1904 1099 7170
1903 1100 7169
1902 1101 7168
1901 1102 7167
1900 1103 7166
1899 1104 7165
1898 1105 7164
1897 1106 7163
1896 1107 7162
1895 1108 7161
1894 1109 7160
1893 1110 7159
1892 1111 7158
1891 1112 7157
1890 1113 7156
1889 1114 7155
1888 1115 7154
1887 1116 7153
1886 1117 7152
1885 1118 7151
1884 1119 7150
1883 1120 7149
1882 1121 7148
1881 1122 7147
1880 1123 7146
1879 1124 7145
1878 1125 7144
1877 1126 7143
1876 1127 7142
1875 1128 7141
1874 1129 7140
1873 1130 7139
1872 1131 7138
1871 1132 7137
1870 1133 7136
1869 1134 7135
1868 1135 7134
1867 1136 7133
1866 1137 7132
1865 1138 7131
1864 1139 7130
1863 1140 7129
1862 1141 7128
1861 1142 7127
1860 1143 7126
1859 1144 7125
1858 1145 7124
1857 1146 7123
1856 1147 7122
1855 1148 7121
1854 1149 7120
1853 1150 7119
1852 1151 7118
1851 1152 7117
1850 1153 7116
1849 1154 7115
1848 1155 7114
1847 1156 7113
1846 1157 7112
1845 1158 7111
1844 1159 7110
1843 1160 7109
1842 1161 7108
1841 1162 7107
1840 1163 7106
1839 1164 7105
1838 1165 7104
1837 1166 7103
1836 1167 7102
1835 1168 7101
1834 1169 7100
1833 1170 7099
1832 1171 7098
1831 1172 7097
1830 1173 7096
1829 1174 7095
1828 1175 7094
1827 1176 7093
1826 1177 7092
1825 1178 7091
1824 1179 7090
1823 1180 7089
1822 1181 7088
1821 1182 7087
1820 1183 7086
1819 1184 7085
1818 1185 7084
1817 1186 7083
1816 1187 7082
1815 1188 7081
1814 1189 7080
1813 1190 7079
1812 1191 7078
1811 1192 7077
1810 1193 7076
1809 1194 7075
1808 1195 7074
1807 1196 7073
1806 1197 7072
1805 1198 7071
1804 1199 7070
1803 1200 7069
1802 1201 7068
1801 1202 7067
1800 1203 7066
1799 1204 7065
1798 1205 7064
1797 1206 7063
1796 1207 7062
1795 1208 7061
1794 1209 7060
1793 1210 7059
1792 1211 7058
1791 1212 7057
1790 1213 7056
1789 1214 7055
1788 1215 7054
1787 1216 7053
1786 1217 7052
1785 1218 7051
1784 1219 7050
1783 1220 7049
1782 1221 7048
1781 1222 7047
1780 1223 7046
1779 1224 7045
1778 1225 7044
1777 1226 7043
1776 1227 7042
1775 1228 7041
1774 1229 7040
1773 1230 7039
1772 1231 7038
1771 1232 7037
1770 1233 7036
1769 1234 7035
1768 1235 7034
1767 1236 7033
1766 1237 7032
1765 1238 7031
1764 1239 7030
1763 1240 7029
1762 1241 7028
1761 1242 7027
1760 1243 7026
1759 1244 7025
1758 1245 7024
1757 1246 7023
1756 1247 7022
1755 1248 7021
1754 1249 7020
1753 1250 7019
1752 1251 7018
1751 1252 7017
1750 1253 7016
1749 1254 7015
1748 1255 7014
1747 1256 7013
1746 1257 7012
1745 1258 7011
1744 1259 7010
1743 1260 7009
1742 1261 7008
1741 1262 7007
1740 1263 7006
1739 1264 7005
1738 1265 7004
1737 1266 7003
1736 1267 7002
1735 1268 7001
1734 1269 7000
1733 1270 6999
1732 1271 6998
1731 1272 6997
1730 1273 6996
1729 1274 6995
1728 1275 6994
1727 1276 6993
1726 1277 6992
1725 1278 6991
1724 1279 6990
1723 1280 6989
1722 1281 6988
1721 1282 6987
1720 1283 6986
1719 1284 6985
1718 1285 6984
1717 1286 6983
1716 1287 6982
1715 1288 6981
1714 1289 6980
1713 1290 6979
1712 1291 6978
1711 1292 6977
1710 1293 6976
1709 1294 6975
1708 1295 6974
1707 1296 6973
1706 1297 6972
1705 1298 6971
1704 1299 6970
1703 1300 6969
1702 1301 6968
1701 1302 6967
1700 1303 6966
1699 1304 6965
1698 1305 6964
1697 1306 6963
1696 1307 6962
1695 1308 6961
1694 1309 6960
1693 1310 6959
1692 1311 6958
1691 1312 6957
1690 1313 6956
1689 1314 6955
1688 1315 6954
1687 1316 6953
1686 1317 6952
1685 1318 6951
1684 1319 6950
1683 1320 6949
1682 1321 6948
1681 1322 6947
1680 1323 6946
1679 1324 6945
1678 1325 6944
1677 1326 6943
1676 1327 6942
1675 1328 6941
1674 1329 6940
1673 1330 6939
1672 1331 6938
1671 1332 6937
1670 1333 6936
1669 1334 6935
1668 1335 6934
1667 1336 6933
1666 1337 6932
1665 1338 6931
1664 1339 6930
1663 1340 6929
1662 1341 6928
1661 1342 6927
1660 1343 6926
1659 1344 6925
1658 1345 6924
1657 1346 6923
1656 1347 6922
1655 1348 6921
1654 1349 6920
1653 1350 6919
1652 1351 6918
1651 1352 6917
1650 1353 6916
1649 1354 6915
1648 1355 6914
1647 1356 6913
1646 1357 6912
1645 1358 6911
1644 1359 6910
1643 1360 6909
1642 1361 6908
1641 1362 6907
1640 1363 6906
1639 1364 6905
1638 1365 6904
1637 1366 6903
1636 1367 6902
1635 1368 6901
1634 1369 6900
1633 1370 6899
1632 1371 6898
1631 1372 6897
1630 1373 6896
1629 1374 6895
1628 1375 6894
1627 1376 6893
1626 1377 6892
1625 1378 6891
1624 1379 6890
1623 1380 6889
1622 1381 6888
1621 1382 6887
1620 1383 6886
1619 1384 6885
1618 1385 6884
1617 1386 6883
1616 1387 6882
1615 1388 6881
1614 1389 6880
1613 1390 6879
1612 1391 6878
1611 1392 6877
1610 1393 6876
1609 1394 6875
1608 1395 6874
1607 1396 6873
1606 1397 6872
1605 1398 6871
1604 1399 6870
1603 1400 6869
1602 1401 6868
1601 1402 6867
1600 1403 6866
1599 1404 6865
1598 1405 6864
1597 1406 6863
1596 1407 6862
1595 1408 6861
1594 1409 6860
1593 1410 6859
1592 1411 6858
1591 1412 6857
1590 1413 6856
1589 1414 6855
1588 1415 6854
1587 1416 6853
1586 1417 6852
1585 1418 6851
1584 1419 6850
1583 1420 6849
1582 1421 6848
1581 1422 6847
1580 1423 6846
1579 1424 6845
1578 1425 6844
1577 1426 6843
1576 1427 6842
1575 1428 6841
1574 1429 6840
1573 1430 6839
1572 1431 6838
1571 1432 6837
1570 1433 6836
1569 1434 6835
1568 1435 6834
1567 1436 6833
1566 1437 6832
1565 1438 6831
1564 1439 6830
1563 1440 6829
1562 1441 6828
1561 1442 6827
1560 1443 6826
1559 1444 6825
1558 1445 6824
1557 1446 6823
1556 1447 6822
1555 1448 6821
1554 1449 6820
1553 1450 6819
1552 1451 6818
1551 1452 6817
1550 1453 6816
1549 1454 6815
1548 1455 6814
1547 1456 6813
1546 1457 6812
1545 1458 6811
1544 1459 6810
1543 1460 6809
1542 1461 6808
1541 1462 6807
1540 1463 6806
1539 1464 6805
1538 1465 6804
1537 1466 6803
1536 1467 6802
1535 1468 6801
1534 1469 6800
1533 1470 6799
1532 1471 6798
1531 1472 6797
1530 1473 6796
1529 1474 6795
1528 1475 6794
1527 1476 6793
1526 1477 6792
1525 1478 6791
1524 1479 6790
1523 1480 6789
1522 1481 6788
1521 1482 6787
1520 1483 6786
1519 1484 6785
1518 1485 6784
1517 1486 6783
1516 1487 6782
1515 1488 6781
1514 1489 6780
1513 1490 6779
1512 1491 6778
1511 1492 6777
1510 1493 6776
1509 1494 6775
1508 1495 6774
1507 1496 6773
1506 1497 6772
1505 1498 6771
1504 1499 6770
1503 1500 6769
1502 1501 6768
1501 1502 6767
1500 1503 6766
1499 1504 6765
1498 1505 6764
1497 1506 6763
1496 1507 6762
1495 1508 6761
1494 1509 6760
1493 1510 6759
1492 1511 6758
1491 1512 6757
1490 1513 6756
1489 1514 6755
1488 1515 6754
1487 1516 6753
1486 1517 6752
1485 1518 6751
1484 1519 6750
1483 1520 6749
1482 1521 6748
1481 1522 6747
1480 1523 6746
1479 1524 6745
1478 1525 6744
1477 1526 6743
1476 1527 6742
1475 1528 6741
1474 1529 6740
1473 1530 6739
1472 1531 6738
1471 1532 6737
1470 1533 6736
1469 1534 6735
1468 1535 6734
1467 1536 6733
1466 1537 6732
1465 1538 6731
1464 1539 6730
1463 1540 6729
1462 1541 6728
1461 1542 6727
1460 1543 6726
1459 1544 6725
1458 1545 6724
1457 1546 6723
1456 1547 6722
1455 1548 6721
1454 1549 6720
1453 1550 6719
1452 1551 6718
1451 1552 6717
1450 1553 6716
1449 1554 6715
1448 1555 6714
1447 1556 6713
1446 1557 6712
1445 1558 6711
1444 1559 6710
1443 1560 6709
1442 1561 6708
1441 1562 6707
1440 1563 6706
1439 1564 6705
1438 1565 6704
1437 1566 6703
1436 1567 6702
1435 1568 6701
1434 1569 6700
1433 1570 6699
1432 1571 6698
1431 1572 6697
1430 1573 6696
1429 1574 6695
1428 1575 6694
1427 1576 6693
1426 1577 6692
1425 1578 6691
1424 1579 6690
1423 1580 6689
1422 1581 6688
1421 1582 6687
1420 1583 6686
1419 1584 6685
1418 1585 6684
1417 1586 6683
1416 1587 6682
1415 1588 6681
1414 1589 6680
1413 1590 6679
1412 1591 6678
1411 1592 6677
1410 1593 6676
1409 1594 6675
1408 1595 6674
1407 1596 6673
1406 1597 6672
1405 1598 6671
1404 1599 6670
1403 1600 6669
1402 1601 6668
1401 1602 6667
1400 1603 6666
1399 1604 6665
1398 1605 6664
1397 1606 6663
1396 1607 6662
1395 1608 6661
1394 1609 6660
1393 1610 6659
1392 1611 6658
1391 1612 6657
1390 1613 6656
1389 1614 6655
1388 1615 6654
1387 1616 6653
1386 1617 6652
1385 1618 6651
1384 1619 6650
1383 1620 6649
1382 1621 6648
1381 1622 6647
1380 1623 6646
1379 1624 6645
1378 1625 6644
1377 1626 6643
1376 1627 6642
1375 1628 6641
1374 1629 6640
1373 1630 6639
1372 1631 6638
1371 1632 6637
1370 1633 6636
1369 1634 6635
1368 1635 6634
1367 1636 6633
1366 1637 6632
1365 1638 6631
1364 1639 6630
1363 1640 6629
1362 1641 6628
1361 1642 6627
1360 1643 6626
1359 1644 6625
1358 1645 6624
1357 1646 6623
1356 1647 6622
1355 1648 6621
1354 1649 6620
1353 1650 6619
1352 1651 6618
1351 1652 6617
1350 1653 6616
1349 1654 6615
1348 1655 6614
1347 1656 6613
1346 1657 6612
1345 1658 6611
1344 1659 6610
1343 1660 6609
1342 1661 6608
1341 1662 6607
1340 1663 6606
1339 1664 6605
1338 1665 6604
1337 1666 6603
1336 1667 6602
1335 1668 6601
1334 1669 6600
1333 1670 6599
1332 1671 6598
1331 1672 6597
1330 1673 6596
1329 1674 6595
1328 1675 6594
1327 1676 6593
1326 1677 6592
1325 1678 6591
1324 1679 6590
1323 1680 6589
1322 1681 6588
1321 1682 6587
1320 1683 6586
1319 1684 6585
1318 1685 6584
1317 1686 6583
1316 1687 6582
1315 1688 6581
1314 1689 6580
1313 1690 6579
1312 1691 6578
1311 1692 6577
1310 1693 6576
1309 1694 6575
1308 1695 6574
1307 1696 6573
1306 1697 6572
1305 1698 6571
1304 1699 6570
1303 1700 6569
1302 1701 6568
1301 1702 6567
1300 1703 6566
1299 1704 6565
1298 1705 6564
1297 1706 6563
1296 1707 6562
1295 1708 6561
1294 1709 6560
1293 1710 6559
1292 1711 6558
1291 1712 6557
1290 1713 6556
1289 1714 6555
1288 1715 6554
1287 1716 6553
1286 1717 6552
1285 1718 6551
1284 1719 6550
1283 1720 6549
1282 1721 6548
1281 1722 6547
1280 1723 6546
1279 1724 6545
1278 1725 6544
1277 1726 6543
1276 1727 6542
1275 1728 6541
1274 1729 6540
1273 1730 6539
1272 1731 6538
1271 1732 6537
1270 1733 6536
1269 1734 6535
1268 1735 6534
1267 1736 6533
1266 1737 6532
1265 1738 6531
1264 1739 6530
1263 1740 6529
1262 1741 6528
1261 1742 6527
1260 1743 6526
1259 1744 6525
1258 1745 6524
1257 1746 6523
1256 1747 6522
1255 1748 6521
1254 1749 6520
1253 1750 6519
1252 1751 6518
1251 1752 6517
1250 1753 6516
1249 1754 6515
1248 1755 6514
1247 1756 6513
1246 1757 6512
1245 1758 6511
1244 1759 6510
1243 1760 6509
1242 1761 6508
1241 1762 6507
1240 1763 6506
1239 1764 6505
1238 1765 6504
1237 1766 6503
1236 1767 6502
1235 1768 6501
1234 1769 6500
1233 1770 6499
1232 1771 6498
1231 1772 6497
1230 1773 6496
1229 1774 6495
1228 1775 6494
1227 1776 6493
1226 1777 6492
1225 1778 6491
1224 1779 6490
1223 1780 6489
1222 1781 6488
1221 1782 6487
1220 1783 6486
1219 1784 6485
1218 1785 6484
1217 1786 6483
1216 1787 6482
1215 1788 6481
1214 1789 6480
1213 1790 6479
1212 1791 6478
1211 1792 6477
1210 1793 6476
1209 1794 6475
1208 1795 6474
1207 1796 6473
1206 1797 6472
1205 1798 6471
1204 1799 6470
1203 1800 6469
1202 1801 6468
1201 1802 6467
1200 1803 6466
1199 1804 6465
1198 1805 6464
1197 1806 6463
1196 1807 6462
1195 1808 6461
1194 1809 6460
1193 1810 6459
1192 1811 6458
1191 1812 6457
1190 1813 6456
1189 1814 6455
1188 1815 6454
1187 1816 6453
1186 1817 6452
1185 1818 6451
1184 1819 6450
1183 1820 6449
1182 1821 6448
1181 1822 6447
1180 1823 6446
1179 1824 6445
1178 1825 6444
1177 1826 6443
1176 1827 6442
1175 1828 6441
1174 1829 6440
1173 1830 6439
1172 1831 6438
1171 1832 6437
1170 1833 6436
1169 1834 6435
1168 1835 6434
1167 1836 6433
1166 1837 6432
1165 1838 6431
1164 1839 6430
1163 1840 6429
1162 1841 6428
1161 1842 6427
1160 1843 6426
1159 1844 6425
1158 1845 6424
1157 1846 6423
1156 1847 6422
1155 1848 6421
1154 1849 6420
1153 1850 6419
1152 1851 6418
1151 1852 6417
1150 1853 6416
1149 1854 6415
1148 1855 6414
1147 1856 6413
1146 1857 6412
1145 1858 6411
1144 1859 6410
1143 1860 6409
1142 1861 6408
1141 1862 6407
1140 1863 6406
1139 1864 6405
1138 1865 6404
1137 1866 6403
1136 1867 6402
1135 1868 6401
1134 1869 6400
1133 1870 6399
1132 1871 6398
1131 1872 6397
1130 1873 6396
1129 1874 6395
1128 1875 6394
1127 1876 6393
1126 1877 6392
1125 1878 6391
1124 1879 6390
1123 1880 6389
1122 1881 6388
1121 1882 6387
1120 1883 6386
1119 1884 6385
1118 1885 6384
1117 1886 6383
1116 1887 6382
1115 1888 6381
1114 1889 6380
1113 1890 6379
1112 1891 6378
1111 1892 6377
1110 1893 6376
1109 1894 6375
1108 1895 6374
1107 1896 6373
1106 1897 6372
1105 1898 6371
1104 1899 6370
1103 1900 6369
1102 1901 6368
1101 1902 6367
1100 1903 6366
1099 1904 6365
1098 1905 6364
1097 1906 6363
1096 1907 6362
1095 1908 6361
1094 1909 6360
1093 1910 6359
1092 1911 6358
1091 1912 6357
1090 1913 6356
1089 1914 6355
1088 1915 6354
1087 1916 6353
1086 1917 6352
1085 1918 6351
1084 1919 6350
1083 1920 6349
1082 1921 6348
1081 1922 6347
1080 1923 6346
1079 1924 6345
1078 1925 6344
1077 1926 6343
1076 1927 6342
1075 1928 6341
1074 1929 6340
1073 1930 6339
1072 1931 6338
1071 1932 6337
1070 1933 6336
1069 1934 6335
1068 1935 6334
1067 1936 6333
1066 1937 6332
1065 1938 6331
1064 1939 6330
1063 1940 6329
1062 1941 6328
1061 1942 6327
1060 1943 6326
1059 1944 6325
1058 1945 6324
1057 1946 6323
1056 1947 6322
1055 1948 6321
1054 1949 6320
1053 1950 6319
1052 1951 6318
1051 1952 6317
1050 1953 6316
1049 1954 6315
1048 1955 6314
1047 1956 6313
1046 1957 6312
1045 1958 6311
1044 1959 6310
1043 1960 6309
1042 1961 6308
1041 1962 6307
1040 1963 6306
1039 1964 6305
1038 1965 6304
1037 1966 6303
1036 1967 6302
1035 1968 6301
1034 1969 6300
1033 1970 6299
1032 1971 6298
1031 1972 6297
1030 1973 6296
1029 1974 6295
1028 1975 6294
1027 1976 6293
1026 1977 6292
1025 1978 6291
1024 1979 6290
1023 1980 6289
1022 1981 6288
1021 1982 6287
1020 1983 6286
1019 1984 6285
1018 1985 6284
1017 1986 6283
1016 1987 6282
1015 1988 6281
1014 1989 6280
1013 1990 6279
1012 1991 6278
1011 1992 6277
1010 1993 6276
1009 1994 6275
1008 1995 6274
1007 1996 6273
1006 1997 6272
1005 1998 6271
1004 1999 6270
1003 2000 6269
1002 2001 6268
1001 2002 6267
1000 2003 6266
999 2004 6265
998 2005 6264
997 2006 6263
996 2007 6262
995 2008 6261
994 2009 6260
993 2010 6259
992 2011 6258
991 2012 6257
990 2013 6256
989 2014 6255
988 2015 6254
987 2016 6253
986 2017 6252
985 2018 6251
984 2019 6250
983 2020 6249
982 2021 6248
981 2022 6247
980 2023 6246
979 2024 6245
978 2025 6244
977 2026 6243
976 2027 6242
975 2028 6241
974 2029 6240
973 2030 6239
972 2031 6238
971 2032 6237
970 2033 6236
969 2034 6235
968 2035 6234
967 2036 6233
966 2037 6232
965 2038 6231
964 2039 6230
963 2040 6229
962 2041 6228
961 2042 6227
960 2043 6226
959 2044 6225
958 2045 6224
957 2046 6223
956 2047 6222
955 2048 6221
954 2049 6220
953 2050 6219
952 2051 6218
951 2052 6217
950 2053 6216
949 2054 6215
948 2055 6214
947 2056 6213
946 2057 6212
945 2058 6211
944 2059 6210
943 2060 6209
942 2061 6208
941 2062 6207
940 2063 6206
939 2064 6205
938 2065 6204
937 2066 6203
936 2067 6202
935 2068 6201
934 2069 6200
933 2070 6199
932 2071 6198
931 2072 6197
930 2073 6196
929 2074 6195
928 2075 6194
927 2076 6193
926 2077 6192
925 2078 6191
924 2079 6190
923 2080 6189
922 2081 6188
921 2082 6187
920 2083 6186
919 2084 6185
918 2085 6184
917 2086 6183
916 2087 6182
915 2088 6181
914 2089 6180
913 2090 6179
912 2091 6178
911 2092 6177
910 2093 6176
909 2094 6175
908 2095 6174
907 2096 6173
906 2097 6172
905 2098 6171
904 2099 6170
903 2100 6169
902 2101 6168
901 2102 6167
900 2103 6166
899 2104 6165
898 2105 6164
897 2106 6163
896 2107 6162
895 2108 6161
894 2109 6160
893 2110 6159
892 2111 6158
891 2112 6157
890 2113 6156
889 2114 6155
888 2115 6154
887 2116 6153
886 2117 6152
885 2118 6151
884 2119 6150
883 2120 6149
882 2121 6148
881 2122 6147
880 2123 6146
879 2124 6145
878 2125 6144
877 2126 6143
876 2127 6142
875 2128 6141
874 2129 6140
873 2130 6139
872 2131 6138
871 2132 6137
870 2133 6136
869 2134 6135
868 2135 6134
867 2136 6133
866 2137 6132
865 2138 6131
864 2139 6130
863 2140 6129
862 2141 6128
861 2142 6127
860 2143 6126
859 2144 6125
858 2145 6124
857 2146 6123
856 2147 6122
855 2148 6121
854 2149 6120
853 2150 6119
852 2151 6118
851 2152 6117
850 2153 6116
849 2154 6115
848 2155 6114
847 2156 6113
846 2157 6112
845 2158 6111
844 2159 6110
843 2160 6109
842 2161 6108
841 2162 6107
840 2163 6106
839 2164 6105
838 2165 6104
837 2166 6103
836 2167 6102
835 2168 6101
834 2169 6100
833 2170 6099
832 2171 6098
831 2172 6097
830 2173 6096
829 2174 6095
828 2175 6094
827 2176 6093
826 2177 6092
825 2178 6091
824 2179 6090
823 2180 6089
822 2181 6088
821 2182 6087
820 2183 6086
819 2184 6085
818 2185 6084
817 2186 6083
816 2187 6082
815 2188 6081
814 2189 6080
813 2190 6079
812 2191 6078
811 2192 6077
810 2193 6076
809 2194 6075
808 2195 6074
807 2196 6073
806 2197 6072
805 2198 6071
804 2199 6070
803 2200 6069
802 2201 6068
801 2202 6067
800 2203 6066
799 2204 6065
798 2205 6064
797 2206 6063
796 2207 6062
795 2208 6061
794 2209 6060
793 2210 6059
792 2211 6058
791 2212 6057
790 2213 6056
789 2214 6055
788 2215 6054
787 2216 6053
786 2217 6052
785 2218 6051
784 2219 6050
783 2220 6049
782 2221 6048
781 2222 6047
780 2223 6046
779 2224 6045
778 2225 6044
777 2226 6043
776 2227 6042
775 2228 6041
774 2229 6040
773 2230 6039
772 2231 6038
771 2232 6037
770 2233 6036
769 2234 6035
768 2235 6034
767 2236 6033
766 2237 6032
765 2238 6031
764 2239 6030
763 2240 6029
762 2241 6028
761 2242 6027
760 2243 6026
759 2244 6025
758 2245 6024
757 2246 6023
756 2247 6022
755 2248 6021
754 2249 6020
753 2250 6019
752 2251 6018
751 2252 6017
750 2253 6016
749 2254 6015
748 2255 6014
747 2256 6013
746 2257 6012
745 2258 6011
744 2259 6010
743 2260 6009
742 2261 6008
741 2262 6007
740 2263 6006
739 2264 6005
738 2265 6004
737 2266 6003
736 2267 6002
735 2268 6001
