2377
3000 3 8377
2999 4 8376
2998 5 8375
2997 6 8374
2996 7 8373
2995 8 8372
2994 9 8371
2993 10 8370
2992 11 8369
2991 12 8368
2990 13 8367
2989 14 8366
2988 15 8365
2987 16 8364
2986 17 8363
2985 18 8362
2984 19 8361
2983 20 8360
2982 21 8359
2981 22 8358
2980 23 8357
2979 24 8356
2978 25 8355
2977 26 8354
2976 27 8353
2975 28 8352
2974 29 8351
2973 30 8350
2972 31 8349
2971 32 8348
2970 33 8347
2969 34 8346
2968 35 8345
2967 36 8344
2966 37 8343
2965 38 8342
2964 39 8341
2963 40 8340
2962 41 8339
2961 42 8338
2960 43 8337
2959 44 8336
2958 45 8335
2957 46 8334
2956 47 8333
2955 48 8332
2954 49 8331
2953 50 8330
2952 51 8329
2951 52 8328
2950 53 8327
2949 54 8326
2948 55 8325
2947 56 8324
2946 57 8323
2945 58 8322
2944 59 8321
2943 60 8320
2942 61 8319
2941 62 8318
2940 63 8317
2939 64 8316
2938 65 8315
2937 66 8314
2936 67 8313
2935 68 8312
2934 69 8311
2933 70 8310
2932 71 8309
2931 72 8308
2930 73 8307
2929 74 8306
2928 75 8305
2927 76 8304
2926 77 8303
2925 78 8302
2924 79 8301
2923 80 8300
2922 81 8299
2921 82 8298
2920 83 8297
2919 84 8296
2918 85 8295
2917 86 8294
2916 87 8293
2915 88 8292
2914 89 8291
2913 90 8290
2912 91 8289
2911 92 8288
2910 93 8287
2909 94 8286
2908 95 8285
2907 96 8284
2906 97 8283
2905 98 8282
2904 99 8281
2903 100 8280
2902 101 8279
2901 102 8278
2900 103 8277
2899 104 8276
2898 105 8275
2897 106 8274
2896 107 8273
2895 108 8272
2894 109 8271
2893 110 8270
2892 111 8269
2891 112 8268
2890 113 8267
2889 114 8266
2888 115 8265
2887 116 8264
2886 117 8263
2885 118 8262
2884 119 8261
2883 120 8260
2882 121 8259
2881 122 8258
2880 123 8257
2879 124 8256
2878 125 8255
2877 126 8254
2876 127 8253
2875 128 8252
2874 129 8251
2873 130 8250
2872 131 8249
2871 132 8248
2870 133 8247
2869 134 8246
2868 135 8245
2867 136 8244
2866 137 8243
2865 138 8242
2864 139 8241
2863 140 8240
2862 141 8239
2861 142 8238
2860 143 8237
2859 144 8236
2858 145 8235
2857 146 8234
2856 147 8233
2855 148 8232
2854 149 8231
2853 150 8230
2852 151 8229
2851 152 8228
2850 153 8227
2849 154 8226
2848 155 8225
2847 156 8224
2846 157 8223
2845 158 8222
2844 159 8221
2843 160 8220
2842 161 8219
2841 162 8218
2840 163 8217
2839 164 8216
2838 165 8215
2837 166 8214
2836 167 8213
2835 168 8212
2834 169 8211
2833 170 8210
2832 171 8209
2831 172 8208
2830 173 8207
2829 174 8206
2828 175 8205
2827 176 8204
2826 177 8203
2825 178 8202
2824 179 8201
2823 180 8200
2822 181 8199
2821 182 8198
2820 183 8197
2819 184 8196
2818 185 8195
2817 186 8194
2816 187 8193
2815 188 8192
2814 189 8191
2813 190 8190
2812 191 8189
2811 192 8188
2810 193 8187
2809 194 8186
2808 195 8185
2807 196 8184
2806 197 8183
2805 198 8182
2804 199 8181
2803 200 8180
2802 201 8179
2801 202 8178
2800 203 8177
2799 204 8176
2798 205 8175
2797 206 8174
2796 207 8173
2795 208 8172
2794 209 8171
2793 210 8170
2792 211 8169
2791 212 8168
2790 213 8167
2789 214 8166
2788 215 8165
2787 216 8164
2786 217 8163
2785 218 8162
2784 219 8161
2783 220 8160
2782 221 8159
2781 222 8158
2780 223 8157
2779 224 8156
2778 225 8155
2777 226 8154
2776 227 8153
2775 228 8152
2774 229 8151
2773 230 8150
2772 231 8149
2771 232 8148
2770 233 8147
2769 234 8146
2768 235 8145
2767 236 8144
2766 237 8143
2765 238 8142
2764 239 8141
2763 240 8140
2762 241 8139
2761 242 8138
2760 243 8137
2759 244 8136
2758 245 8135
2757 246 8134
2756 247 8133
2755 248 8132
2754 249 8131
2753 250 8130
2752 251 8129
2751 252 8128
2750 253 8127
2749 254 8126
2748 255 8125
2747 256 8124
2746 257 8123
2745 258 8122
2744 259 8121
2743 260 8120
2742 261 8119
2741 262 8118
2740 263 8117
2739 264 8116
2738 265 8115
2737 266 8114
2736 267 8113
2735 268 8112
2734 269 8111
2733 270 8110
2732 271 8109
2731 272 8108
2730 273 8107
2729 274 8106
2728 275 8105
2727 276 8104
2726 277 8103
2725 278 8102
2724 279 8101
2723 280 8100
2722 281 8099
2721 282 8098
2720 283 8097
2719 284 8096
2718 285 8095
2717 286 8094
2716 287 8093
2715 288 8092
2714 289 8091
2713 290 8090
2712 291 8089
2711 292 8088
2710 293 8087
2709 294 8086
2708 295 8085
2707 296 8084
2706 297 8083
2705 298 8082
2704 299 8081
2703 300 8080
2702 301 8079
2701 302 8078
2700 303 8077
2699 304 8076
2698 305 8075
2697 306 8074
2696 307 8073
2695 308 8072
2694 309 8071
2693 310 8070
2692 311 8069
2691 312 8068
2690 313 8067
2689 314 8066
2688 315 8065
2687 316 8064
2686 317 8063
2685 318 8062
2684 319 8061
2683 320 8060
2682 321 8059
2681 322 8058
2680 323 8057
2679 324 8056
2678 325 8055
2677 326 8054
2676 327 8053
2675 328 8052
2674 329 8051
2673 330 8050
2672 331 8049
2671 332 8048
2670 333 8047
2669 334 8046
2668 335 8045
2667 336 8044
2666 337 8043
2665 338 8042
2664 339 8041
2663 340 8040
2662 341 8039
2661 342 8038
2660 343 8037
2659 344 8036
2658 345 8035
2657 346 8034
2656 347 8033
2655 348 8032
2654 349 8031
2653 350 8030
2652 351 8029
2651 352 8028
2650 353 8027
2649 354 8026
2648 355 8025
2647 356 8024
2646 357 8023
2645 358 8022
2644 359 8021
2643 360 8020
2642 361 8019
2641 362 8018
2640 363 8017
2639 364 8016
2638 365 8015
2637 366 8014
2636 367 8013
2635 368 8012
2634 369 8011
2633 370 8010
2632 371 8009
2631 372 8008
2630 373 8007
2629 374 8006
2628 375 8005
2627 376 8004
2626 377 8003
2625 378 8002
2624 379 8001
2623 380 8000
2622 381 7999
2621 382 7998
2620 383 7997
2619 384 7996
2618 385 7995
2617 386 7994
2616 387 7993
2615 388 7992
2614 389 7991
2613 390 7990
2612 391 7989
2611 392 7988
2610 393 7987
2609 394 7986
2608 395 7985
2607 396 7984
2606 397 7983
2605 398 7982
2604 399 7981
2603 400 7980
2602 401 7979
2601 402 7978
2600 403 7977
2599 404 7976
2598 405 7975
2597 406 7974
2596 407 7973
2595 408 7972
2594 409 7971
2593 410 7970
2592 411 7969
2591 412 7968
2590 413 7967
2589 414 7966
2588 415 7965
2587 416 7964
2586 417 7963
2585 418 7962
2584 419 7961
2583 420 7960
2582 421 7959
2581 422 7958
2580 423 7957
2579 424 7956
2578 425 7955
2577 426 7954
2576 427 7953
2575 428 7952
2574 429 7951
2573 430 7950
2572 431 7949
2571 432 7948
2570 433 7947
2569 434 7946
2568 435 7945
2567 436 7944
2566 437 7943
2565 438 7942
2564 439 7941
2563 440 7940
2562 441 7939
2561 442 7938
2560 443 7937
2559 444 7936
2558 445 7935
2557 446 7934
2556 447 7933
2555 448 7932
2554 449 7931
2553 450 7930
2552 451 7929
2551 452 7928
2550 453 7927
2549 454 7926
2548 455 7925
2547 456 7924
2546 457 7923
2545 458 7922
2544 459 7921
2543 460 7920
2542 461 7919
2541 462 7918
2540 463 7917
2539 464 7916
2538 465 7915
2537 466 7914
2536 467 7913
2535 468 7912
2534 469 7911
2533 470 7910
2532 471 7909
2531 472 7908
2530 473 7907
2529 474 7906
2528 475 7905
2527 476 7904
2526 477 7903
2525 478 7902
2524 479 7901
2523 480 7900
2522 481 7899
2521 482 7898
2520 483 7897
2519 484 7896
2518 485 7895
2517 486 7894
2516 487 7893
2515 488 7892
2514 489 7891
2513 490 7890
2512 491 7889
2511 492 7888
2510 493 7887
2509 494 7886
2508 495 7885
2507 496 7884
2506 497 7883
2505 498 7882
2504 499 7881
2503 500 7880
2502 501 7879
2501 502 7878
2500 503 7877
2499 504 7876
2498 505 7875
2497 506 7874
2496 507 7873
2495 508 7872
2494 509 7871
2493 510 7870
2492 511 7869
2491 512 7868
2490 513 7867
2489 514 7866
2488 515 7865
2487 516 7864
2486 517 7863
2485 518 7862
2484 519 7861
2483 520 7860
2482 521 7859
2481 522 7858
2480 523 7857
2479 524 7856
2478 525 7855
2477 526 7854
2476 527 7853
2475 528 7852
2474 529 7851
2473 530 7850
2472 531 7849
2471 532 7848
2470 533 7847
2469 534 7846
2468 535 7845
2467 536 7844
2466 537 7843
2465 538 7842
2464 539 7841
2463 540 7840
2462 541 7839
2461 542 7838
2460 543 7837
2459 544 7836
2458 545 7835
2457 546 7834
2456 547 7833
2455 548 7832
2454 549 7831
2453 550 7830
2452 551 7829
2451 552 7828
2450 553 7827
2449 554 7826
2448 555 7825
2447 556 7824
2446 557 7823
2445 558 7822
2444 559 7821
2443 560 7820
2442 561 7819
2441 562 7818
2440 563 7817
2439 564 7816
2438 565 7815
2437 566 7814
2436 567 7813
2435 568 7812
2434 569 7811
2433 570 7810
2432 571 7809
2431 572 7808
2430 573 7807
2429 574 7806
2428 575 7805
2427 576 7804
2426 577 7803
2425 578 7802
2424 579 7801
2423 580 7800
2422 581 7799
2421 582 7798
2420 583 7797
2419 584 7796
2418 585 7795
2417 586 7794
2416 587 7793
2415 588 7792
2414 589 7791
2413 590 7790
2412 591 7789
2411 592 7788
2410 593 7787
2409 594 7786
2408 595 7785
2407 596 7784
2406 597 7783
2405 598 7782
2404 599 7781
2403 600 7780
2402 601 7779
2401 602 7778
2400 603 7777
2399 604 7776
2398 605 7775
2397 606 7774
2396 607 7773
2395 608 7772
2394 609 7771
2393 610 7770
2392 611 7769
2391 612 7768
2390 613 7767
2389 614 7766
2388 615 7765
2387 616 7764
2386 617 7763
2385 618 7762
2384 619 7761
2383 620 7760
2382 621 7759
2381 622 7758
2380 623 7757
2379 624 7756
2378 625 7755
2377 626 7754
2376 627 7753
2375 628 7752
2374 629 7751
2373 630 7750
2372 631 7749
2371 632 7748
2370 633 7747
2369 634 7746
2368 635 7745
2367 636 7744
2366 637 7743
2365 638 7742
2364 639 7741
2363 640 7740
2362 641 7739
2361 642 7738
2360 643 7737
2359 644 7736
2358 645 7735
2357 646 7734
2356 647 7733
2355 648 7732
2354 649 7731
2353 650 7730
2352 651 7729
2351 652 7728
2350 653 7727
2349 654 7726
2348 655 7725
2347 656 7724
2346 657 7723
2345 658 7722
2344 659 7721
2343 660 7720
2342 661 7719
2341 662 7718
2340 663 7717
2339 664 7716
2338 665 7715
2337 666 7714
2336 667 7713
2335 668 7712
2334 669 7711
2333 670 7710
2332 671 7709
2331 672 7708
2330 673 7707
2329 674 7706
2328 675 7705
2327 676 7704
2326 677 7703
2325 678 7702
2324 679 7701
2323 680 7700
2322 681 7699
2321 682 7698
2320 683 7697
2319 684 7696
2318 685 7695
2317 686 7694
2316 687 7693
2315 688 7692
2314 689 7691
2313 690 7690
2312 691 7689
2311 692 7688
2310 693 7687
2309 694 7686
2308 695 7685
2307 696 7684
2306 697 7683
2305 698 7682
2304 699 7681
2303 700 7680
2302 701 7679
2301 702 7678
2300 703 7677
2299 704 7676
2298 705 7675
2297 706 7674
2296 707 7673
2295 708 7672
2294 709 7671
2293 710 7670
2292 711 7669
2291 712 7668
2290 713 7667
2289 714 7666
2288 715 7665
2287 716 7664
2286 717 7663
2285 718 7662
2284 719 7661
2283 720 7660
2282 721 7659
2281 722 7658
2280 723 7657
2279 724 7656
2278 725 7655
2277 726 7654
2276 727 7653
2275 728 7652
2274 729 7651
2273 730 7650
2272 731 7649
2271 732 7648
2270 733 7647
2269 734 7646
2268 735 7645
2267 736 7644
2266 737 7643
2265 738 7642
2264 739 7641
2263 740 7640
2262 741 7639
2261 742 7638
2260 743 7637
2259 744 7636
2258 745 7635
2257 746 7634
2256 747 7633
2255 748 7632
2254 749 7631
2253 750 7630
2252 751 7629
2251 752 7628
2250 753 7627
2249 754 7626
2248 755 7625
2247 756 7624
2246 757 7623
2245 758 7622
2244 759 7621
2243 760 7620
2242 761 7619
2241 762 7618
2240 763 7617
2239 764 7616
2238 765 7615
2237 766 7614
2236 767 7613
2235 768 7612
2234 769 7611
2233 770 7610
2232 771 7609
2231 772 7608
2230 773 7607
2229 774 7606
2228 775 7605
2227 776 7604
2226 777 7603
2225 778 7602
2224 779 7601
2223 780 7600
2222 781 7599
2221 782 7598
2220 783 7597
2219 784 7596
2218 785 7595
2217 786 7594
2216 787 7593
2215 788 7592
2214 789 7591
2213 790 7590
2212 791 7589
2211 792 7588
2210 793 7587
2209 794 7586
2208 795 7585
2207 796 7584
2206 797 7583
2205 798 7582
2204 799 7581
2203 800 7580
2202 801 7579
2201 802 7578
2200 803 7577
2199 804 7576
2198 805 7575
2197 806 7574
2196 807 7573
2195 808 7572
2194 809 7571
2193 810 7570
2192 811 7569
2191 812 7568
2190 813 7567
2189 814 7566
2188 815 7565
2187 816 7564
2186 817 7563
2185 818 7562
2184 819 7561
2183 820 7560
2182 821 7559
2181 822 7558
2180 823 7557
2179 824 7556
2178 825 7555
2177 826 7554
2176 827 7553
2175 828 7552
2174 829 7551
2173 830 7550
2172 831 7549
2171 832 7548
2170 833 7547
2169 834 7546
2168 835 7545
2167 836 7544
2166 837 7543
2165 838 7542
2164 839 7541
2163 840 7540
2162 841 7539
2161 842 7538
2160 843 7537
2159 844 7536
2158 845 7535
2157 846 7534
2156 847 7533
2155 848 7532
2154 849 7531
2153 850 7530
2152 851 7529
2151 852 7528
2150 853 7527
2149 854 7526
2148 855 7525
2147 856 7524
2146 857 7523
2145 858 7522
2144 859 7521
2143 860 7520
2142 861 7519
2141 862 7518
2140 863 7517
2139 864 7516
2138 865 7515
2137 866 7514
2136 867 7513
2135 868 7512
2134 869 7511
2133 870 7510
2132 871 7509
2131 872 7508
2130 873 7507
2129 874 7506
2128 875 7505
2127 876 7504
2126 877 7503
2125 878 7502
2124 879 7501
2123 880 7500
2122 881 7499
2121 882 7498
2120 883 7497
2119 884 7496
2118 885 7495
2117 886 7494
2116 887 7493
2115 888 7492
2114 889 7491
2113 890 7490
2112 891 7489
2111 892 7488
2110 893 7487
2109 894 7486
2108 895 7485
2107 896 7484
2106 897 7483
2105 898 7482
2104 899 7481
2103 900 7480
2102 901 7479
2101 902 7478
2100 903 7477
2099 904 7476
2098 905 7475
2097 906 7474
2096 907 7473
2095 908 7472
2094 909 7471
2093 910 7470
2092 911 7469
2091 912 7468
2090 913 7467
2089 914 7466
2088 915 7465
2087 916 7464
2086 917 7463
2085 918 7462
2084 919 7461
2083 920 7460
2082 921 7459
2081 922 7458
2080 923 7457
2079 924 7456
2078 925 7455
2077 926 7454
2076 927 7453
2075 928 7452
2074 929 7451
2073 930 7450
2072 931 7449
2071 932 7448
2070 933 7447
2069 934 7446
2068 935 7445
2067 936 7444
2066 937 7443
2065 938 7442
2064 939 7441
2063 940 7440
2062 941 7439
2061 942 7438
2060 943 7437
2059 944 7436
2058 945 7435
2057 946 7434
2056 947 7433
2055 948 7432
2054 949 7431
2053 950 7430
2052 951 7429
2051 952 7428
2050 953 7427
2049 954 7426
2048 955 7425
2047 956 7424
2046 957 7423
2045 958 7422
2044 959 7421
2043 960 7420
2042 961 7419
2041 962 7418
2040 963 7417
2039 964 7416
2038 965 7415
2037 966 7414
2036 967 7413
2035 968 7412
2034 969 7411
2033 970 7410
2032 971 7409
2031 972 7408
2030 973 7407
2029 974 7406
2028 975 7405
2027 976 7404
2026 977 7403
2025 978 7402
2024 979 7401
2023 980 7400
2022 981 7399
2021 982 7398
2020 983 7397
2019 984 7396
2018 985 7395
2017 986 7394
2016 987 7393
2015 988 7392
2014 989 7391
2013 990 7390
2012 991 7389
2011 992 7388
2010 993 7387
2009 994 7386
2008 995 7385
2007 996 7384
2006 997 7383
2005 998 7382
2004 999 7381
2003 1000 7380
2002 1001 7379
2001 1002 7378
2000 1003 7377
1999 1004 7376
1998 1005 7375
1997 1006 7374
1996 1007 7373
1995 1008 7372
1994 1009 7371
1993 1010 7370
1992 1011 7369
1991 1012 7368
1990 1013 7367
1989 1014 7366
1988 1015 7365
1987 1016 7364
1986 1017 7363
1985 1018 7362
1984 1019 7361
1983 1020 7360
1982 1021 7359
1981 1022 7358
1980 1023 7357
1979 1024 7356
1978 1025 7355
1977 1026 7354
1976 1027 7353
1975 1028 7352
1974 1029 7351
1973 1030 7350
1972 1031 7349
1971 1032 7348
1970 1033 7347
1969 1034 7346
1968 1035 7345
1967 1036 7344
1966 1037 7343
1965 1038 7342
1964 1039 7341
1963 1040 7340
1962 1041 7339
1961 1042 7338
1960 1043 7337
1959 1044 7336
1958 1045 7335
1957 1046 7334
1956 1047 7333
1955 1048 7332
1954 1049 7331
1953 1050 7330
1952 1051 7329
1951 1052 7328
1950 1053 7327
1949 1054 7326
1948 1055 7325
1947 1056 7324
1946 1057 7323
1945 1058 7322
1944 1059 7321
1943 1060 7320
1942 1061 7319
1941 1062 7318
1940 1063 7317
1939 1064 7316
1938 1065 7315
1937 1066 7314
1936 1067 7313
1935 1068 7312
1934 1069 7311
1933 1070 7310
1932 1071 7309
1931 1072 7308
1930 1073 7307
1929 1074 7306
1928 1075 7305
1927 1076 7304
1926 1077 7303
1925 1078 7302
1924 1079 7301
1923 1080 7300
1922 1081 7299
1921 1082 7298
1920 1083 7297
1919 1084 7296
1918 1085 7295
1917 1086 7294
1916 1087 7293
1915 1088 7292
1914 1089 7291
1913 1090 7290
1912 1091 7289
1911 1092 7288
1910 1093 7287
1909 1094 7286
1908 1095 7285
1907 1096 7284
1906 1097 7283
1905 1098 7282
1904 1099 7281
1903 1100 7280
1902 1101 7279
1901 1102 7278
1900 1103 7277
1899 1104 7276
1898 1105 7275
1897 1106 7274
1896 1107 7273
1895 1108 7272
1894 1109 7271
1893 1110 7270
1892 1111 7269
1891 1112 7268
1890 1113 7267
1889 1114 7266
1888 1115 7265
1887 1116 7264
1886 1117 7263
1885 1118 7262
1884 1119 7261
1883 1120 7260
1882 1121 7259
1881 1122 7258
1880 1123 7257
1879 1124 7256
1878 1125 7255
1877 1126 7254
1876 1127 7253
1875 1128 7252
1874 1129 7251
1873 1130 7250
1872 1131 7249
1871 1132 7248
1870 1133 7247
1869 1134 7246
1868 1135 7245
1867 1136 7244
1866 1137 7243
1865 1138 7242
1864 1139 7241
1863 1140 7240
1862 1141 7239
1861 1142 7238
1860 1143 7237
1859 1144 7236
1858 1145 7235
1857 1146 7234
1856 1147 7233
1855 1148 7232
1854 1149 7231
1853 1150 7230
1852 1151 7229
1851 1152 7228
1850 1153 7227
1849 1154 7226
1848 1155 7225
1847 1156 7224
1846 1157 7223
1845 1158 7222
1844 1159 7221
1843 1160 7220
1842 1161 7219
1841 1162 7218
1840 1163 7217
1839 1164 7216
1838 1165 7215
1837 1166 7214
1836 1167 7213
1835 1168 7212
1834 1169 7211
1833 1170 7210
1832 1171 7209
1831 1172 7208
1830 1173 7207
1829 1174 7206
1828 1175 7205
1827 1176 7204
1826 1177 7203
1825 1178 7202
1824 1179 7201
1823 1180 7200
1822 1181 7199
1821 1182 7198
1820 1183 7197
1819 1184 7196
1818 1185 7195
1817 1186 7194
1816 1187 7193
1815 1188 7192
1814 1189 7191
1813 1190 7190
1812 1191 7189
1811 1192 7188
1810 1193 7187
1809 1194 7186
1808 1195 7185
1807 1196 7184
1806 1197 7183
1805 1198 7182
1804 1199 7181
1803 1200 7180
1802 1201 7179
1801 1202 7178
1800 1203 7177
1799 1204 7176
1798 1205 7175
1797 1206 7174
1796 1207 7173
1795 1208 7172
1794 1209 7171
1793 1210 7170
1792 1211 7169
1791 1212 7168
1790 1213 7167
1789 1214 7166
1788 1215 7165
1787 1216 7164
1786 1217 7163
1785 1218 7162
1784 1219 7161
1783 1220 7160
1782 1221 7159
1781 1222 7158
1780 1223 7157
1779 1224 7156
1778 1225 7155
1777 1226 7154
1776 1227 7153
1775 1228 7152
1774 1229 7151
1773 1230 7150
1772 1231 7149
1771 1232 7148
1770 1233 7147
1769 1234 7146
1768 1235 7145
1767 1236 7144
1766 1237 7143
1765 1238 7142
1764 1239 7141
1763 1240 7140
1762 1241 7139
1761 1242 7138
1760 1243 7137
1759 1244 7136
1758 1245 7135
1757 1246 7134
1756 1247 7133
1755 1248 7132
1754 1249 7131
1753 1250 7130
1752 1251 7129
1751 1252 7128
1750 1253 7127
1749 1254 7126
1748 1255 7125
1747 1256 7124
1746 1257 7123
1745 1258 7122
1744 1259 7121
1743 1260 7120
1742 1261 7119
1741 1262 7118
1740 1263 7117
1739 1264 7116
1738 1265 7115
1737 1266 7114
1736 1267 7113
1735 1268 7112
1734 1269 7111
1733 1270 7110
1732 1271 7109
1731 1272 7108
1730 1273 7107
1729 1274 7106
1728 1275 7105
1727 1276 7104
1726 1277 7103
1725 1278 7102
1724 1279 7101
1723 1280 7100
1722 1281 7099
1721 1282 7098
1720 1283 7097
1719 1284 7096
1718 1285 7095
1717 1286 7094
1716 1287 7093
1715 1288 7092
1714 1289 7091
1713 1290 7090
1712 1291 7089
1711 1292 7088
1710 1293 7087
1709 1294 7086
1708 1295 7085
1707 1296 7084
1706 1297 7083
1705 1298 7082
1704 1299 7081
1703 1300 7080
1702 1301 7079
1701 1302 7078
1700 1303 7077
1699 1304 7076
1698 1305 7075
1697 1306 7074
1696 1307 7073
1695 1308 7072
1694 1309 7071
1693 1310 7070
1692 1311 7069
1691 1312 7068
1690 1313 7067
1689 1314 7066
1688 1315 7065
1687 1316 7064
1686 1317 7063
1685 1318 7062
1684 1319 7061
1683 1320 7060
1682 1321 7059
1681 1322 7058
1680 1323 7057
1679 1324 7056
1678 1325 7055
1677 1326 7054
1676 1327 7053
1675 1328 7052
1674 1329 7051
1673 1330 7050
1672 1331 7049
1671 1332 7048
1670 1333 7047
1669 1334 7046
1668 1335 7045
1667 1336 7044
1666 1337 7043
1665 1338 7042
1664 1339 7041
1663 1340 7040
1662 1341 7039
1661 1342 7038
1660 1343 7037
1659 1344 7036
1658 1345 7035
1657 1346 7034
1656 1347 7033
1655 1348 7032
1654 1349 7031
1653 1350 7030
1652 1351 7029
1651 1352 7028
1650 1353 7027
1649 1354 7026
1648 1355 7025
1647 1356 7024
1646 1357 7023
1645 1358 7022
1644 1359 7021
1643 1360 7020
1642 1361 7019
1641 1362 7018
1640 1363 7017
1639 1364 7016
1638 1365 7015
1637 1366 7014
1636 1367 7013
1635 1368 7012
1634 1369 7011
1633 1370 7010
1632 1371 7009
1631 1372 7008
1630 1373 7007
1629 1374 7006
1628 1375 7005
1627 1376 7004
1626 1377 7003
1625 1378 7002
1624 1379 7001
1623 1380 7000
1622 1381 6999
1621 1382 6998
1620 1383 6997
1619 1384 6996
1618 1385 6995
1617 1386 6994
1616 1387 6993
1615 1388 6992
1614 1389 6991
1613 1390 6990
1612 1391 6989
1611 1392 6988
1610 1393 6987
1609 1394 6986
1608 1395 6985
1607 1396 6984
1606 1397 6983
1605 1398 6982
1604 1399 6981
1603 1400 6980
1602 1401 6979
1601 1402 6978
1600 1403 6977
1599 1404 6976
1598 1405 6975
1597 1406 6974
1596 1407 6973
1595 1408 6972
1594 1409 6971
1593 1410 6970
1592 1411 6969
1591 1412 6968
1590 1413 6967
1589 1414 6966
1588 1415 6965
1587 1416 6964
1586 1417 6963
1585 1418 6962
1584 1419 6961
1583 1420 6960
1582 1421 6959
1581 1422 6958
1580 1423 6957
1579 1424 6956
1578 1425 6955
1577 1426 6954
1576 1427 6953
1575 1428 6952
1574 1429 6951
1573 1430 6950
1572 1431 6949
1571 1432 6948
1570 1433 6947
1569 1434 6946
1568 1435 6945
1567 1436 6944
1566 1437 6943
1565 1438 6942
1564 1439 6941
1563 1440 6940
1562 1441 6939
1561 1442 6938
1560 1443 6937
1559 1444 6936
1558 1445 6935
1557 1446 6934
1556 1447 6933
1555 1448 6932
1554 1449 6931
1553 1450 6930
1552 1451 6929
1551 1452 6928
1550 1453 6927
1549 1454 6926
1548 1455 6925
1547 1456 6924
1546 1457 6923
1545 1458 6922
1544 1459 6921
1543 1460 6920
1542 1461 6919
1541 1462 6918
1540 1463 6917
1539 1464 6916
1538 1465 6915
1537 1466 6914
1536 1467 6913
1535 1468 6912
1534 1469 6911
1533 1470 6910
1532 1471 6909
1531 1472 6908
1530 1473 6907
1529 1474 6906
1528 1475 6905
1527 1476 6904
1526 1477 6903
1525 1478 6902
1524 1479 6901
1523 1480 6900
1522 1481 6899
1521 1482 6898
1520 1483 6897
1519 1484 6896
1518 1485 6895
1517 1486 6894
1516 1487 6893
1515 1488 6892
1514 1489 6891
1513 1490 6890
1512 1491 6889
1511 1492 6888
1510 1493 6887
1509 1494 6886
1508 1495 6885
1507 1496 6884
1506 1497 6883
1505 1498 6882
1504 1499 6881
1503 1500 6880
1502 1501 6879
1501 1502 6878
1500 1503 6877
1499 1504 6876
1498 1505 6875
1497 1506 6874
1496 1507 6873
1495 1508 6872
1494 1509 6871
1493 1510 6870
1492 1511 6869
1491 1512 6868
1490 1513 6867
1489 1514 6866
1488 1515 6865
1487 1516 6864
1486 1517 6863
1485 1518 6862
1484 1519 6861
1483 1520 6860
1482 1521 6859
1481 1522 6858
1480 1523 6857
1479 1524 6856
1478 1525 6855
1477 1526 6854
1476 1527 6853
1475 1528 6852
1474 1529 6851
1473 1530 6850
1472 1531 6849
1471 1532 6848
1470 1533 6847
1469 1534 6846
1468 1535 6845
1467 1536 6844
1466 1537 6843
1465 1538 6842
1464 1539 6841
1463 1540 6840
1462 1541 6839
1461 1542 6838
1460 1543 6837
1459 1544 6836
1458 1545 6835
1457 1546 6834
1456 1547 6833
1455 1548 6832
1454 1549 6831
1453 1550 6830
1452 1551 6829
1451 1552 6828
1450 1553 6827
1449 1554 6826
1448 1555 6825
1447 1556 6824
1446 1557 6823
1445 1558 6822
1444 1559 6821
1443 1560 6820
1442 1561 6819
1441 1562 6818
1440 1563 6817
1439 1564 6816
1438 1565 6815
1437 1566 6814
1436 1567 6813
1435 1568 6812
1434 1569 6811
1433 1570 6810
1432 1571 6809
1431 1572 6808
1430 1573 6807
1429 1574 6806
1428 1575 6805
1427 1576 6804
1426 1577 6803
1425 1578 6802
1424 1579 6801
1423 1580 6800
1422 1581 6799
1421 1582 6798
1420 1583 6797
1419 1584 6796
1418 1585 6795
1417 1586 6794
1416 1587 6793
1415 1588 6792
1414 1589 6791
1413 1590 6790
1412 1591 6789
1411 1592 6788
1410 1593 6787
1409 1594 6786
1408 1595 6785
1407 1596 6784
1406 1597 6783
1405 1598 6782
1404 1599 6781
1403 1600 6780
1402 1601 6779
1401 1602 6778
1400 1603 6777
1399 1604 6776
1398 1605 6775
1397 1606 6774
1396 1607 6773
1395 1608 6772
1394 1609 6771
1393 1610 6770
1392 1611 6769
1391 1612 6768
1390 1613 6767
1389 1614 6766
1388 1615 6765
1387 1616 6764
1386 1617 6763
1385 1618 6762
1384 1619 6761
1383 1620 6760
1382 1621 6759
1381 1622 6758
1380 1623 6757
1379 1624 6756
1378 1625 6755
1377 1626 6754
1376 1627 6753
1375 1628 6752
1374 1629 6751
1373 1630 6750
1372 1631 6749
1371 1632 6748
1370 1633 6747
1369 1634 6746
1368 1635 6745
1367 1636 6744
1366 1637 6743
1365 1638 6742
1364 1639 6741
1363 1640 6740
1362 1641 6739
1361 1642 6738
1360 1643 6737
1359 1644 6736
1358 1645 6735
1357 1646 6734
1356 1647 6733
1355 1648 6732
1354 1649 6731
1353 1650 6730
1352 1651 6729
1351 1652 6728
1350 1653 6727
1349 1654 6726
1348 1655 6725
1347 1656 6724
1346 1657 6723
1345 1658 6722
1344 1659 6721
1343 1660 6720
1342 1661 6719
1341 1662 6718
1340 1663 6717
1339 1664 6716
1338 1665 6715
1337 1666 6714
1336 1667 6713
1335 1668 6712
1334 1669 6711
1333 1670 6710
1332 1671 6709
1331 1672 6708
1330 1673 6707
1329 1674 6706
1328 1675 6705
1327 1676 6704
1326 1677 6703
1325 1678 6702
1324 1679 6701
1323 1680 6700
1322 1681 6699
1321 1682 6698
1320 1683 6697
1319 1684 6696
1318 1685 6695
1317 1686 6694
1316 1687 6693
1315 1688 6692
1314 1689 6691
1313 1690 6690
1312 1691 6689
1311 1692 6688
1310 1693 6687
1309 1694 6686
1308 1695 6685
1307 1696 6684
1306 1697 6683
1305 1698 6682
1304 1699 6681
1303 1700 6680
1302 1701 6679
1301 1702 6678
1300 1703 6677
1299 1704 6676
1298 1705 6675
1297 1706 6674
1296 1707 6673
1295 1708 6672
1294 1709 6671
1293 1710 6670
1292 1711 6669
1291 1712 6668
1290 1713 6667
1289 1714 6666
1288 1715 6665
1287 1716 6664
1286 1717 6663
1285 1718 6662
1284 1719 6661
1283 1720 6660
1282 1721 6659
1281 1722 6658
1280 1723 6657
1279 1724 6656
1278 1725 6655
1277 1726 6654
1276 1727 6653
1275 1728 6652
1274 1729 6651
1273 1730 6650
1272 1731 6649
1271 1732 6648
1270 1733 6647
1269 1734 6646
1268 1735 6645
1267 1736 6644
1266 1737 6643
1265 1738 6642
1264 1739 6641
1263 1740 6640
1262 1741 6639
1261 1742 6638
1260 1743 6637
1259 1744 6636
1258 1745 6635
1257 1746 6634
1256 1747 6633
1255 1748 6632
1254 1749 6631
1253 1750 6630
1252 1751 6629
1251 1752 6628
1250 1753 6627
1249 1754 6626
1248 1755 6625
1247 1756 6624
1246 1757 6623
1245 1758 6622
1244 1759 6621
1243 1760 6620
1242 1761 6619
1241 1762 6618
1240 1763 6617
1239 1764 6616
1238 1765 6615
1237 1766 6614
1236 1767 6613
1235 1768 6612
1234 1769 6611
1233 1770 6610
1232 1771 6609
1231 1772 6608
1230 1773 6607
1229 1774 6606
1228 1775 6605
1227 1776 6604
1226 1777 6603
1225 1778 6602
1224 1779 6601
1223 1780 6600
1222 1781 6599
1221 1782 6598
1220 1783 6597
1219 1784 6596
1218 1785 6595
1217 1786 6594
1216 1787 6593
1215 1788 6592
1214 1789 6591
1213 1790 6590
1212 1791 6589
1211 1792 6588
1210 1793 6587
1209 1794 6586
1208 1795 6585
1207 1796 6584
1206 1797 6583
1205 1798 6582
1204 1799 6581
1203 1800 6580
1202 1801 6579
1201 1802 6578
1200 1803 6577
1199 1804 6576
1198 1805 6575
1197 1806 6574
1196 1807 6573
1195 1808 6572
1194 1809 6571
1193 1810 6570
1192 1811 6569
1191 1812 6568
1190 1813 6567
1189 1814 6566
1188 1815 6565
1187 1816 6564
1186 1817 6563
1185 1818 6562
1184 1819 6561
1183 1820 6560
1182 1821 6559
1181 1822 6558
1180 1823 6557
1179 1824 6556
1178 1825 6555
1177 1826 6554
1176 1827 6553
1175 1828 6552
1174 1829 6551
1173 1830 6550
1172 1831 6549
1171 1832 6548
1170 1833 6547
1169 1834 6546
1168 1835 6545
1167 1836 6544
1166 1837 6543
1165 1838 6542
1164 1839 6541
1163 1840 6540
1162 1841 6539
1161 1842 6538
1160 1843 6537
1159 1844 6536
1158 1845 6535
1157 1846 6534
1156 1847 6533
1155 1848 6532
1154 1849 6531
1153 1850 6530
1152 1851 6529
1151 1852 6528
1150 1853 6527
1149 1854 6526
1148 1855 6525
1147 1856 6524
1146 1857 6523
1145 1858 6522
1144 1859 6521
1143 1860 6520
1142 1861 6519
1141 1862 6518
1140 1863 6517
1139 1864 6516
1138 1865 6515
1137 1866 6514
1136 1867 6513
1135 1868 6512
1134 1869 6511
1133 1870 6510
1132 1871 6509
1131 1872 6508
1130 1873 6507
1129 1874 6506
1128 1875 6505
1127 1876 6504
1126 1877 6503
1125 1878 6502
1124 1879 6501
1123 1880 6500
1122 1881 6499
1121 1882 6498
1120 1883 6497
1119 1884 6496
1118 1885 6495
1117 1886 6494
1116 1887 6493
1115 1888 6492
1114 1889 6491
1113 1890 6490
1112 1891 6489
1111 1892 6488
1110 1893 6487
1109 1894 6486
1108 1895 6485
1107 1896 6484
1106 1897 6483
1105 1898 6482
1104 1899 6481
1103 1900 6480
1102 1901 6479
1101 1902 6478
1100 1903 6477
1099 1904 6476
1098 1905 6475
1097 1906 6474
1096 1907 6473
1095 1908 6472
1094 1909 6471
1093 1910 6470
1092 1911 6469
1091 1912 6468
1090 1913 6467
1089 1914 6466
1088 1915 6465
1087 1916 6464
1086 1917 6463
1085 1918 6462
1084 1919 6461
1083 1920 6460
1082 1921 6459
1081 1922 6458
1080 1923 6457
1079 1924 6456
1078 1925 6455
1077 1926 6454
1076 1927 6453
1075 1928 6452
1074 1929 6451
1073 1930 6450
1072 1931 6449
1071 1932 6448
1070 1933 6447
1069 1934 6446
1068 1935 6445
1067 1936 6444
1066 1937 6443
1065 1938 6442
1064 1939 6441
1063 1940 6440
1062 1941 6439
1061 1942 6438
1060 1943 6437
1059 1944 6436
1058 1945 6435
1057 1946 6434
1056 1947 6433
1055 1948 6432
1054 1949 6431
1053 1950 6430
1052 1951 6429
1051 1952 6428
1050 1953 6427
1049 1954 6426
1048 1955 6425
1047 1956 6424
1046 1957 6423
1045 1958 6422
1044 1959 6421
1043 1960 6420
1042 1961 6419
1041 1962 6418
1040 1963 6417
1039 1964 6416
1038 1965 6415
1037 1966 6414
1036 1967 6413
1035 1968 6412
1034 1969 6411
1033 1970 6410
1032 1971 6409
1031 1972 6408
1030 1973 6407
1029 1974 6406
1028 1975 6405
1027 1976 6404
1026 1977 6403
1025 1978 6402
1024 1979 6401
1023 1980 6400
1022 1981 6399
1021 1982 6398
1020 1983 6397
1019 1984 6396
1018 1985 6395
1017 1986 6394
1016 1987 6393
1015 1988 6392
1014 1989 6391
1013 1990 6390
1012 1991 6389
1011 1992 6388
1010 1993 6387
1009 1994 6386
1008 1995 6385
1007 1996 6384
1006 1997 6383
1005 1998 6382
1004 1999 6381
1003 2000 6380
1002 2001 6379
1001 2002 6378
1000 2003 6377
999 2004 6376
998 2005 6375
997 2006 6374
996 2007 6373
995 2008 6372
994 2009 6371
993 2010 6370
992 2011 6369
991 2012 6368
990 2013 6367
989 2014 6366
988 2015 6365
987 2016 6364
986 2017 6363
985 2018 6362
984 2019 6361
983 2020 6360
982 2021 6359
981 2022 6358
980 2023 6357
979 2024 6356
978 2025 6355
977 2026 6354
976 2027 6353
975 2028 6352
974 2029 6351
973 2030 6350
972 2031 6349
971 2032 6348
970 2033 6347
969 2034 6346
968 2035 6345
967 2036 6344
966 2037 6343
965 2038 6342
964 2039 6341
963 2040 6340
962 2041 6339
961 2042 6338
960 2043 6337
959 2044 6336
958 2045 6335
957 2046 6334
956 2047 6333
955 2048 6332
954 2049 6331
953 2050 6330
952 2051 6329
951 2052 6328
950 2053 6327
949 2054 6326
948 2055 6325
947 2056 6324
946 2057 6323
945 2058 6322
944 2059 6321
943 2060 6320
942 2061 6319
941 2062 6318
940 2063 6317
939 2064 6316
938 2065 6315
937 2066 6314
936 2067 6313
935 2068 6312
934 2069 6311
933 2070 6310
932 2071 6309
931 2072 6308
930 2073 6307
929 2074 6306
928 2075 6305
927 2076 6304
926 2077 6303
925 2078 6302
924 2079 6301
923 2080 6300
922 2081 6299
921 2082 6298
920 2083 6297
919 2084 6296
918 2085 6295
917 2086 6294
916 2087 6293
915 2088 6292
914 2089 6291
913 2090 6290
912 2091 6289
911 2092 6288
910 2093 6287
909 2094 6286
908 2095 6285
907 2096 6284
906 2097 6283
905 2098 6282
904 2099 6281
903 2100 6280
902 2101 6279
901 2102 6278
900 2103 6277
899 2104 6276
898 2105 6275
897 2106 6274
896 2107 6273
895 2108 6272
894 2109 6271
893 2110 6270
892 2111 6269
891 2112 6268
890 2113 6267
889 2114 6266
888 2115 6265
887 2116 6264
886 2117 6263
885 2118 6262
884 2119 6261
883 2120 6260
882 2121 6259
881 2122 6258
880 2123 6257
879 2124 6256
878 2125 6255
877 2126 6254
876 2127 6253
875 2128 6252
874 2129 6251
873 2130 6250
872 2131 6249
871 2132 6248
870 2133 6247
869 2134 6246
868 2135 6245
867 2136 6244
866 2137 6243
865 2138 6242
864 2139 6241
863 2140 6240
862 2141 6239
861 2142 6238
860 2143 6237
859 2144 6236
858 2145 6235
857 2146 6234
856 2147 6233
855 2148 6232
854 2149 6231
853 2150 6230
852 2151 6229
851 2152 6228
850 2153 6227
849 2154 6226
848 2155 6225
847 2156 6224
846 2157 6223
845 2158 6222
844 2159 6221
843 2160 6220
842 2161 6219
841 2162 6218
840 2163 6217
839 2164 6216
838 2165 6215
837 2166 6214
836 2167 6213
835 2168 6212
834 2169 6211
833 2170 6210
832 2171 6209
831 2172 6208
830 2173 6207
829 2174 6206
828 2175 6205
827 2176 6204
826 2177 6203
825 2178 6202
824 2179 6201
823 2180 6200
822 2181 6199
821 2182 6198
820 2183 6197
819 2184 6196
818 2185 6195
817 2186 6194
816 2187 6193
815 2188 6192
814 2189 6191
813 2190 6190
812 2191 6189
811 2192 6188
810 2193 6187
809 2194 6186
808 2195 6185
807 2196 6184
806 2197 6183
805 2198 6182
804 2199 6181
803 2200 6180
802 2201 6179
801 2202 6178
800 2203 6177
799 2204 6176
798 2205 6175
797 2206 6174
796 2207 6173
795 2208 6172
794 2209 6171
793 2210 6170
792 2211 6169
791 2212 6168
790 2213 6167
789 2214 6166
788 2215 6165
787 2216 6164
786 2217 6163
785 2218 6162
784 2219 6161
783 2220 6160
782 2221 6159
781 2222 6158
780 2223 6157
779 2224 6156
778 2225 6155
777 2226 6154
776 2227 6153
775 2228 6152
774 2229 6151
773 2230 6150
772 2231 6149
771 2232 6148
770 2233 6147
769 2234 6146
768 2235 6145
767 2236 6144
766 2237 6143
765 2238 6142
764 2239 6141
763 2240 6140
762 2241 6139
761 2242 6138
760 2243 6137
759 2244 6136
758 2245 6135
757 2246 6134
756 2247 6133
755 2248 6132
754 2249 6131
753 2250 6130
752 2251 6129
751 2252 6128
750 2253 6127
749 2254 6126
748 2255 6125
747 2256 6124
746 2257 6123
745 2258 6122
744 2259 6121
743 2260 6120
742 2261 6119
741 2262 6118
740 2263 6117
739 2264 6116
738 2265 6115
737 2266 6114
736 2267 6113
735 2268 6112
734 2269 6111
733 2270 6110
732 2271 6109
731 2272 6108
730 2273 6107
729 2274 6106
728 2275 6105
727 2276 6104
726 2277 6103
725 2278 6102
724 2279 6101
723 2280 6100
722 2281 6099
721 2282 6098
720 2283 6097
719 2284 6096
718 2285 6095
717 2286 6094
716 2287 6093
715 2288 6092
714 2289 6091
713 2290 6090
712 2291 6089
711 2292 6088
710 2293 6087
709 2294 6086
708 2295 6085
707 2296 6084
706 2297 6083
705 2298 6082
704 2299 6081
703 2300 6080
702 2301 6079
701 2302 6078
700 2303 6077
699 2304 6076
698 2305 6075
697 2306 6074
696 2307 6073
695 2308 6072
694 2309 6071
693 2310 6070
692 2311 6069
691 2312 6068
690 2313 6067
689 2314 6066
688 2315 6065
687 2316 6064
686 2317 6063
685 2318 6062
684 2319 6061
683 2320 6060
682 2321 6059
681 2322 6058
680 2323 6057
679 2324 6056
678 2325 6055
677 2326 6054
676 2327 6053
675 2328 6052
674 2329 6051
673 2330 6050
672 2331 6049
671 2332 6048
670 2333 6047
669 2334 6046
668 2335 6045
667 2336 6044
666 2337 6043
665 2338 6042
664 2339 6041
663 2340 6040
662 2341 6039
661 2342 6038
660 2343 6037
659 2344 6036
658 2345 6035
657 2346 6034
656 2347 6033
655 2348 6032
654 2349 6031
653 2350 6030
652 2351 6029
651 2352 6028
650 2353 6027
649 2354 6026
648 2355 6025
647 2356 6024
646 2357 6023
645 2358 6022
644 2359 6021
643 2360 6020
642 2361 6019
641 2362 6018
640 2363 6017
639 2364 6016
638 2365 6015
637 2366 6014
636 2367 6013
635 2368 6012
634 2369 6011
633 2370 6010
632 2371 6009
631 2372 6008
630 2373 6007
629 2374 6006
628 2375 6005
627 2376 6004
626 2377 6003
625 2378 6002
624 2379 6001
