2609
3000 3 8609
2999 4 8608
2998 5 8607
2997 6 8606
2996 7 8605
2995 8 8604
2994 9 8603
2993 10 8602
2992 11 8601
2991 12 8600
2990 13 8599
2989 14 8598
2988 15 8597
2987 16 8596
2986 17 8595
2985 18 8594
2984 19 8593
2983 20 8592
2982 21 8591
2981 22 8590
2980 23 8589
2979 24 8588
2978 25 8587
2977 26 8586
2976 27 8585
2975 28 8584
2974 29 8583
2973 30 8582
2972 31 8581
2971 32 8580
2970 33 8579
2969 34 8578
2968 35 8577
2967 36 8576
2966 37 8575
2965 38 8574
2964 39 8573
2963 40 8572
2962 41 8571
2961 42 8570
2960 43 8569
2959 44 8568
2958 45 8567
2957 46 8566
2956 47 8565
2955 48 8564
2954 49 8563
2953 50 8562
2952 51 8561
2951 52 8560
2950 53 8559
2949 54 8558
2948 55 8557
2947 56 8556
2946 57 8555
2945 58 8554
2944 59 8553
2943 60 8552
2942 61 8551
2941 62 8550
2940 63 8549
2939 64 8548
2938 65 8547
2937 66 8546
2936 67 8545
2935 68 8544
2934 69 8543
2933 70 8542
2932 71 8541
2931 72 8540
2930 73 8539
2929 74 8538
2928 75 8537
2927 76 8536
2926 77 8535
2925 78 8534
2924 79 8533
2923 80 8532
2922 81 8531
2921 82 8530
2920 83 8529
2919 84 8528
2918 85 8527
2917 86 8526
2916 87 8525
2915 88 8524
2914 89 8523
2913 90 8522
2912 91 8521
2911 92 8520
2910 93 8519
2909 94 8518
2908 95 8517
2907 96 8516
2906 97 8515
2905 98 8514
2904 99 8513
2903 100 8512
2902 101 8511
2901 102 8510
2900 103 8509
2899 104 8508
2898 105 8507
2897 106 8506
2896 107 8505
2895 108 8504
2894 109 8503
2893 110 8502
2892 111 8501
2891 112 8500
2890 113 8499
2889 114 8498
2888 115 8497
2887 116 8496
2886 117 8495
2885 118 8494
2884 119 8493
2883 120 8492
2882 121 8491
2881 122 8490
2880 123 8489
2879 124 8488
2878 125 8487
2877 126 8486
2876 127 8485
2875 128 8484
2874 129 8483
2873 130 8482
2872 131 8481
2871 132 8480
2870 133 8479
2869 134 8478
2868 135 8477
2867 136 8476
2866 137 8475
2865 138 8474
2864 139 8473
2863 140 8472
2862 141 8471
2861 142 8470
2860 143 8469
2859 144 8468
2858 145 8467
2857 146 8466
2856 147 8465
2855 148 8464
2854 149 8463
2853 150 8462
2852 151 8461
2851 152 8460
2850 153 8459
2849 154 8458
2848 155 8457
2847 156 8456
2846 157 8455
2845 158 8454
2844 159 8453
2843 160 8452
2842 161 8451
2841 162 8450
2840 163 8449
2839 164 8448
2838 165 8447
2837 166 8446
2836 167 8445
2835 168 8444
2834 169 8443
2833 170 8442
2832 171 8441
2831 172 8440
2830 173 8439
2829 174 8438
2828 175 8437
2827 176 8436
2826 177 8435
2825 178 8434
2824 179 8433
2823 180 8432
2822 181 8431
2821 182 8430
2820 183 8429
2819 184 8428
2818 185 8427
2817 186 8426
2816 187 8425
2815 188 8424
2814 189 8423
2813 190 8422
2812 191 8421
2811 192 8420
2810 193 8419
2809 194 8418
2808 195 8417
2807 196 8416
2806 197 8415
2805 198 8414
2804 199 8413
2803 200 8412
2802 201 8411
2801 202 8410
2800 203 8409
2799 204 8408
2798 205 8407
2797 206 8406
2796 207 8405
2795 208 8404
2794 209 8403
2793 210 8402
2792 211 8401
2791 212 8400
2790 213 8399
2789 214 8398
2788 215 8397
2787 216 8396
2786 217 8395
2785 218 8394
2784 219 8393
2783 220 8392
2782 221 8391
2781 222 8390
2780 223 8389
2779 224 8388
2778 225 8387
2777 226 8386
2776 227 8385
2775 228 8384
2774 229 8383
2773 230 8382
2772 231 8381
2771 232 8380
2770 233 8379
2769 234 8378
2768 235 8377
2767 236 8376
2766 237 8375
2765 238 8374
2764 239 8373
2763 240 8372
2762 241 8371
2761 242 8370
2760 243 8369
2759 244 8368
2758 245 8367
2757 246 8366
2756 247 8365
2755 248 8364
2754 249 8363
2753 250 8362
2752 251 8361
2751 252 8360
2750 253 8359
2749 254 8358
2748 255 8357
2747 256 8356
2746 257 8355
2745 258 8354
2744 259 8353
2743 260 8352
2742 261 8351
2741 262 8350
2740 263 8349
2739 264 8348
2738 265 8347
2737 266 8346
2736 267 8345
2735 268 8344
2734 269 8343
2733 270 8342
2732 271 8341
2731 272 8340
2730 273 8339
2729 274 8338
2728 275 8337
2727 276 8336
2726 277 8335
2725 278 8334
2724 279 8333
2723 280 8332
2722 281 8331
2721 282 8330
2720 283 8329
2719 284 8328
2718 285 8327
2717 286 8326
2716 287 8325
2715 288 8324
2714 289 8323
2713 290 8322
2712 291 8321
2711 292 8320
2710 293 8319
2709 294 8318
2708 295 8317
2707 296 8316
2706 297 8315
2705 298 8314
2704 299 8313
2703 300 8312
2702 301 8311
2701 302 8310
2700 303 8309
2699 304 8308
2698 305 8307
2697 306 8306
2696 307 8305
2695 308 8304
2694 309 8303
2693 310 8302
2692 311 8301
2691 312 8300
2690 313 8299
2689 314 8298
2688 315 8297
2687 316 8296
2686 317 8295
2685 318 8294
2684 319 8293
2683 320 8292
2682 321 8291
2681 322 8290
2680 323 8289
2679 324 8288
2678 325 8287
2677 326 8286
2676 327 8285
2675 328 8284
2674 329 8283
2673 330 8282
2672 331 8281
2671 332 8280
2670 333 8279
2669 334 8278
2668 335 8277
2667 336 8276
2666 337 8275
2665 338 8274
2664 339 8273
2663 340 8272
2662 341 8271
2661 342 8270
2660 343 8269
2659 344 8268
2658 345 8267
2657 346 8266
2656 347 8265
2655 348 8264
2654 349 8263
2653 350 8262
2652 351 8261
2651 352 8260
2650 353 8259
2649 354 8258
2648 355 8257
2647 356 8256
2646 357 8255
2645 358 8254
2644 359 8253
2643 360 8252
2642 361 8251
2641 362 8250
2640 363 8249
2639 364 8248
2638 365 8247
2637 366 8246
2636 367 8245
2635 368 8244
2634 369 8243
2633 370 8242
2632 371 8241
2631 372 8240
2630 373 8239
2629 374 8238
2628 375 8237
2627 376 8236
2626 377 8235
2625 378 8234
2624 379 8233
2623 380 8232
2622 381 8231
2621 382 8230
2620 383 8229
2619 384 8228
2618 385 8227
2617 386 8226
2616 387 8225
2615 388 8224
2614 389 8223
2613 390 8222
2612 391 8221
2611 392 8220
2610 393 8219
2609 394 8218
2608 395 8217
2607 396 8216
2606 397 8215
2605 398 8214
2604 399 8213
2603 400 8212
2602 401 8211
2601 402 8210
2600 403 8209
2599 404 8208
2598 405 8207
2597 406 8206
2596 407 8205
2595 408 8204
2594 409 8203
2593 410 8202
2592 411 8201
2591 412 8200
2590 413 8199
2589 414 8198
2588 415 8197
2587 416 8196
2586 417 8195
2585 418 8194
2584 419 8193
2583 420 8192
2582 421 8191
2581 422 8190
2580 423 8189
2579 424 8188
2578 425 8187
2577 426 8186
2576 427 8185
2575 428 8184
2574 429 8183
2573 430 8182
2572 431 8181
2571 432 8180
2570 433 8179
2569 434 8178
2568 435 8177
2567 436 8176
2566 437 8175
2565 438 8174
2564 439 8173
2563 440 8172
2562 441 8171
2561 442 8170
2560 443 8169
2559 444 8168
2558 445 8167
2557 446 8166
2556 447 8165
2555 448 8164
2554 449 8163
2553 450 8162
2552 451 8161
2551 452 8160
2550 453 8159
2549 454 8158
2548 455 8157
2547 456 8156
2546 457 8155
2545 458 8154
2544 459 8153
2543 460 8152
2542 461 8151
2541 462 8150
2540 463 8149
2539 464 8148
2538 465 8147
2537 466 8146
2536 467 8145
2535 468 8144
2534 469 8143
2533 470 8142
2532 471 8141
2531 472 8140
2530 473 8139
2529 474 8138
2528 475 8137
2527 476 8136
2526 477 8135
2525 478 8134
2524 479 8133
2523 480 8132
2522 481 8131
2521 482 8130
2520 483 8129
2519 484 8128
2518 485 8127
2517 486 8126
2516 487 8125
2515 488 8124
2514 489 8123
2513 490 8122
2512 491 8121
2511 492 8120
2510 493 8119
2509 494 8118
2508 495 8117
2507 496 8116
2506 497 8115
2505 498 8114
2504 499 8113
2503 500 8112
2502 501 8111
2501 502 8110
2500 503 8109
2499 504 8108
2498 505 8107
2497 506 8106
2496 507 8105
2495 508 8104
2494 509 8103
2493 510 8102
2492 511 8101
2491 512 8100
2490 513 8099
2489 514 8098
2488 515 8097
2487 516 8096
2486 517 8095
2485 518 8094
2484 519 8093
2483 520 8092
2482 521 8091
2481 522 8090
2480 523 8089
2479 524 8088
2478 525 8087
2477 526 8086
2476 527 8085
2475 528 8084
2474 529 8083
2473 530 8082
2472 531 8081
2471 532 8080
2470 533 8079
2469 534 8078
2468 535 8077
2467 536 8076
2466 537 8075
2465 538 8074
2464 539 8073
2463 540 8072
2462 541 8071
2461 542 8070
2460 543 8069
2459 544 8068
2458 545 8067
2457 546 8066
2456 547 8065
2455 548 8064
2454 549 8063
2453 550 8062
2452 551 8061
2451 552 8060
2450 553 8059
2449 554 8058
2448 555 8057
2447 556 8056
2446 557 8055
2445 558 8054
2444 559 8053
2443 560 8052
2442 561 8051
2441 562 8050
2440 563 8049
2439 564 8048
2438 565 8047
2437 566 8046
2436 567 8045
2435 568 8044
2434 569 8043
2433 570 8042
2432 571 8041
2431 572 8040
2430 573 8039
2429 574 8038
2428 575 8037
2427 576 8036
2426 577 8035
2425 578 8034
2424 579 8033
2423 580 8032
2422 581 8031
2421 582 8030
2420 583 8029
2419 584 8028
2418 585 8027
2417 586 8026
2416 587 8025
2415 588 8024
2414 589 8023
2413 590 8022
2412 591 8021
2411 592 8020
2410 593 8019
2409 594 8018
2408 595 8017
2407 596 8016
2406 597 8015
2405 598 8014
2404 599 8013
2403 600 8012
2402 601 8011
2401 602 8010
2400 603 8009
2399 604 8008
2398 605 8007
2397 606 8006
2396 607 8005
2395 608 8004
2394 609 8003
2393 610 8002
2392 611 8001
2391 612 8000
2390 613 7999
2389 614 7998
2388 615 7997
2387 616 7996
2386 617 7995
2385 618 7994
2384 619 7993
2383 620 7992
2382 621 7991
2381 622 7990
2380 623 7989
2379 624 7988
2378 625 7987
2377 626 7986
2376 627 7985
2375 628 7984
2374 629 7983
2373 630 7982
2372 631 7981
2371 632 7980
2370 633 7979
2369 634 7978
2368 635 7977
2367 636 7976
2366 637 7975
2365 638 7974
2364 639 7973
2363 640 7972
2362 641 7971
2361 642 7970
2360 643 7969
2359 644 7968
2358 645 7967
2357 646 7966
2356 647 7965
2355 648 7964
2354 649 7963
2353 650 7962
2352 651 7961
2351 652 7960
2350 653 7959
2349 654 7958
2348 655 7957
2347 656 7956
2346 657 7955
2345 658 7954
2344 659 7953
2343 660 7952
2342 661 7951
2341 662 7950
2340 663 7949
2339 664 7948
2338 665 7947
2337 666 7946
2336 667 7945
2335 668 7944
2334 669 7943
2333 670 7942
2332 671 7941
2331 672 7940
2330 673 7939
2329 674 7938
2328 675 7937
2327 676 7936
2326 677 7935
2325 678 7934
2324 679 7933
2323 680 7932
2322 681 7931
2321 682 7930
2320 683 7929
2319 684 7928
2318 685 7927
2317 686 7926
2316 687 7925
2315 688 7924
2314 689 7923
2313 690 7922
2312 691 7921
2311 692 7920
2310 693 7919
2309 694 7918
2308 695 7917
2307 696 7916
2306 697 7915
2305 698 7914
2304 699 7913
2303 700 7912
2302 701 7911
2301 702 7910
2300 703 7909
2299 704 7908
2298 705 7907
2297 706 7906
2296 707 7905
2295 708 7904
2294 709 7903
2293 710 7902
2292 711 7901
2291 712 7900
2290 713 7899
2289 714 7898
2288 715 7897
2287 716 7896
2286 717 7895
2285 718 7894
2284 719 7893
2283 720 7892
2282 721 7891
2281 722 7890
2280 723 7889
2279 724 7888
2278 725 7887
2277 726 7886
2276 727 7885
2275 728 7884
2274 729 7883
2273 730 7882
2272 731 7881
2271 732 7880
2270 733 7879
2269 734 7878
2268 735 7877
2267 736 7876
2266 737 7875
2265 738 7874
2264 739 7873
2263 740 7872
2262 741 7871
2261 742 7870
2260 743 7869
2259 744 7868
2258 745 7867
2257 746 7866
2256 747 7865
2255 748 7864
2254 749 7863
2253 750 7862
2252 751 7861
2251 752 7860
2250 753 7859
2249 754 7858
2248 755 7857
2247 756 7856
2246 757 7855
2245 758 7854
2244 759 7853
2243 760 7852
2242 761 7851
2241 762 7850
2240 763 7849
2239 764 7848
2238 765 7847
2237 766 7846
2236 767 7845
2235 768 7844
2234 769 7843
2233 770 7842
2232 771 7841
2231 772 7840
2230 773 7839
2229 774 7838
2228 775 7837
2227 776 7836
2226 777 7835
2225 778 7834
2224 779 7833
2223 780 7832
2222 781 7831
2221 782 7830
2220 783 7829
2219 784 7828
2218 785 7827
2217 786 7826
2216 787 7825
2215 788 7824
2214 789 7823
2213 790 7822
2212 791 7821
2211 792 7820
2210 793 7819
2209 794 7818
2208 795 7817
2207 796 7816
2206 797 7815
2205 798 7814
2204 799 7813
2203 800 7812
2202 801 7811
2201 802 7810
2200 803 7809
2199 804 7808
2198 805 7807
2197 806 7806
2196 807 7805
2195 808 7804
2194 809 7803
2193 810 7802
2192 811 7801
2191 812 7800
2190 813 7799
2189 814 7798
2188 815 7797
2187 816 7796
2186 817 7795
2185 818 7794
2184 819 7793
2183 820 7792
2182 821 7791
2181 822 7790
2180 823 7789
2179 824 7788
2178 825 7787
2177 826 7786
2176 827 7785
2175 828 7784
2174 829 7783
2173 830 7782
2172 831 7781
2171 832 7780
2170 833 7779
2169 834 7778
2168 835 7777
2167 836 7776
2166 837 7775
2165 838 7774
2164 839 7773
2163 840 7772
2162 841 7771
2161 842 7770
2160 843 7769
2159 844 7768
2158 845 7767
2157 846 7766
2156 847 7765
2155 848 7764
2154 849 7763
2153 850 7762
2152 851 7761
2151 852 7760
2150 853 7759
2149 854 7758
2148 855 7757
2147 856 7756
2146 857 7755
2145 858 7754
2144 859 7753
2143 860 7752
2142 861 7751
2141 862 7750
2140 863 7749
2139 864 7748
2138 865 7747
2137 866 7746
2136 867 7745
2135 868 7744
2134 869 7743
2133 870 7742
2132 871 7741
2131 872 7740
2130 873 7739
2129 874 7738
2128 875 7737
2127 876 7736
2126 877 7735
2125 878 7734
2124 879 7733
2123 880 7732
2122 881 7731
2121 882 7730
2120 883 7729
2119 884 7728
2118 885 7727
2117 886 7726
2116 887 7725
2115 888 7724
2114 889 7723
2113 890 7722
2112 891 7721
2111 892 7720
2110 893 7719
2109 894 7718
2108 895 7717
2107 896 7716
2106 897 7715
2105 898 7714
2104 899 7713
2103 900 7712
2102 901 7711
2101 902 7710
2100 903 7709
2099 904 7708
2098 905 7707
2097 906 7706
2096 907 7705
2095 908 7704
2094 909 7703
2093 910 7702
2092 911 7701
2091 912 7700
2090 913 7699
2089 914 7698
2088 915 7697
2087 916 7696
2086 917 7695
2085 918 7694
2084 919 7693
2083 920 7692
2082 921 7691
2081 922 7690
2080 923 7689
2079 924 7688
2078 925 7687
2077 926 7686
2076 927 7685
2075 928 7684
2074 929 7683
2073 930 7682
2072 931 7681
2071 932 7680
2070 933 7679
2069 934 7678
2068 935 7677
2067 936 7676
2066 937 7675
2065 938 7674
2064 939 7673
2063 940 7672
2062 941 7671
2061 942 7670
2060 943 7669
2059 944 7668
2058 945 7667
2057 946 7666
2056 947 7665
2055 948 7664
2054 949 7663
2053 950 7662
2052 951 7661
2051 952 7660
2050 953 7659
2049 954 7658
2048 955 7657
2047 956 7656
2046 957 7655
2045 958 7654
2044 959 7653
2043 960 7652
2042 961 7651
2041 962 7650
2040 963 7649
2039 964 7648
2038 965 7647
2037 966 7646
2036 967 7645
2035 968 7644
2034 969 7643
2033 970 7642
2032 971 7641
2031 972 7640
2030 973 7639
2029 974 7638
2028 975 7637
2027 976 7636
2026 977 7635
2025 978 7634
2024 979 7633
2023 980 7632
2022 981 7631
2021 982 7630
2020 983 7629
2019 984 7628
2018 985 7627
2017 986 7626
2016 987 7625
2015 988 7624
2014 989 7623
2013 990 7622
2012 991 7621
2011 992 7620
2010 993 7619
2009 994 7618
2008 995 7617
2007 996 7616
2006 997 7615
2005 998 7614
2004 999 7613
2003 1000 7612
2002 1001 7611
2001 1002 7610
2000 1003 7609
1999 1004 7608
1998 1005 7607
1997 1006 7606
1996 1007 7605
1995 1008 7604
1994 1009 7603
1993 1010 7602
1992 1011 7601
1991 1012 7600
1990 1013 7599
1989 1014 7598
1988 1015 7597
1987 1016 7596
1986 1017 7595
1985 1018 7594
1984 1019 7593
1983 1020 7592
1982 1021 7591
1981 1022 7590
1980 1023 7589
1979 1024 7588
1978 1025 7587
1977 1026 7586
1976 1027 7585
1975 1028 7584
1974 1029 7583
1973 1030 7582
1972 1031 7581
1971 1032 7580
1970 1033 7579
1969 1034 7578
1968 1035 7577
1967 1036 7576
1966 1037 7575
1965 1038 7574
1964 1039 7573
1963 1040 7572
1962 1041 7571
1961 1042 7570
1960 1043 7569
1959 1044 7568
1958 1045 7567
1957 1046 7566
1956 1047 7565
1955 1048 7564
1954 1049 7563
1953 1050 7562
1952 1051 7561
1951 1052 7560
1950 1053 7559
1949 1054 7558
1948 1055 7557
1947 1056 7556
1946 1057 7555
1945 1058 7554
1944 1059 7553
1943 1060 7552
1942 1061 7551
1941 1062 7550
1940 1063 7549
1939 1064 7548
1938 1065 7547
1937 1066 7546
1936 1067 7545
1935 1068 7544
1934 1069 7543
1933 1070 7542
1932 1071 7541
1931 1072 7540
1930 1073 7539
1929 1074 7538
1928 1075 7537
1927 1076 7536
1926 1077 7535
1925 1078 7534
1924 1079 7533
1923 1080 7532
1922 1081 7531
1921 1082 7530
1920 1083 7529
1919 1084 7528
1918 1085 7527
1917 1086 7526
1916 1087 7525
1915 1088 7524
1914 1089 7523
1913 1090 7522
1912 1091 7521
1911 1092 7520
1910 1093 7519
1909 1094 7518
1908 1095 7517
1907 1096 7516
1906 1097 7515
1905 1098 7514
1904 1099 7513
1903 1100 7512
1902 1101 7511
1901 1102 7510
1900 1103 7509
1899 1104 7508
1898 1105 7507
1897 1106 7506
1896 1107 7505
1895 1108 7504
1894 1109 7503
1893 1110 7502
1892 1111 7501
1891 1112 7500
1890 1113 7499
1889 1114 7498
1888 1115 7497
1887 1116 7496
1886 1117 7495
1885 1118 7494
1884 1119 7493
1883 1120 7492
1882 1121 7491
1881 1122 7490
1880 1123 7489
1879 1124 7488
1878 1125 7487
1877 1126 7486
1876 1127 7485
1875 1128 7484
1874 1129 7483
1873 1130 7482
1872 1131 7481
1871 1132 7480
1870 1133 7479
1869 1134 7478
1868 1135 7477
1867 1136 7476
1866 1137 7475
1865 1138 7474
1864 1139 7473
1863 1140 7472
1862 1141 7471
1861 1142 7470
1860 1143 7469
1859 1144 7468
1858 1145 7467
1857 1146 7466
1856 1147 7465
1855 1148 7464
1854 1149 7463
1853 1150 7462
1852 1151 7461
1851 1152 7460
1850 1153 7459
1849 1154 7458
1848 1155 7457
1847 1156 7456
1846 1157 7455
1845 1158 7454
1844 1159 7453
1843 1160 7452
1842 1161 7451
1841 1162 7450
1840 1163 7449
1839 1164 7448
1838 1165 7447
1837 1166 7446
1836 1167 7445
1835 1168 7444
1834 1169 7443
1833 1170 7442
1832 1171 7441
1831 1172 7440
1830 1173 7439
1829 1174 7438
1828 1175 7437
1827 1176 7436
1826 1177 7435
1825 1178 7434
1824 1179 7433
1823 1180 7432
1822 1181 7431
1821 1182 7430
1820 1183 7429
1819 1184 7428
1818 1185 7427
1817 1186 7426
1816 1187 7425
1815 1188 7424
1814 1189 7423
1813 1190 7422
1812 1191 7421
1811 1192 7420
1810 1193 7419
1809 1194 7418
1808 1195 7417
1807 1196 7416
1806 1197 7415
1805 1198 7414
1804 1199 7413
1803 1200 7412
1802 1201 7411
1801 1202 7410
1800 1203 7409
1799 1204 7408
1798 1205 7407
1797 1206 7406
1796 1207 7405
1795 1208 7404
1794 1209 7403
1793 1210 7402
1792 1211 7401
1791 1212 7400
1790 1213 7399
1789 1214 7398
1788 1215 7397
1787 1216 7396
1786 1217 7395
1785 1218 7394
1784 1219 7393
1783 1220 7392
1782 1221 7391
1781 1222 7390
1780 1223 7389
1779 1224 7388
1778 1225 7387
1777 1226 7386
1776 1227 7385
1775 1228 7384
1774 1229 7383
1773 1230 7382
1772 1231 7381
1771 1232 7380
1770 1233 7379
1769 1234 7378
1768 1235 7377
1767 1236 7376
1766 1237 7375
1765 1238 7374
1764 1239 7373
1763 1240 7372
1762 1241 7371
1761 1242 7370
1760 1243 7369
1759 1244 7368
1758 1245 7367
1757 1246 7366
1756 1247 7365
1755 1248 7364
1754 1249 7363
1753 1250 7362
1752 1251 7361
1751 1252 7360
1750 1253 7359
1749 1254 7358
1748 1255 7357
1747 1256 7356
1746 1257 7355
1745 1258 7354
1744 1259 7353
1743 1260 7352
1742 1261 7351
1741 1262 7350
1740 1263 7349
1739 1264 7348
1738 1265 7347
1737 1266 7346
1736 1267 7345
1735 1268 7344
1734 1269 7343
1733 1270 7342
1732 1271 7341
1731 1272 7340
1730 1273 7339
1729 1274 7338
1728 1275 7337
1727 1276 7336
1726 1277 7335
1725 1278 7334
1724 1279 7333
1723 1280 7332
1722 1281 7331
1721 1282 7330
1720 1283 7329
1719 1284 7328
1718 1285 7327
1717 1286 7326
1716 1287 7325
1715 1288 7324
1714 1289 7323
1713 1290 7322
1712 1291 7321
1711 1292 7320
1710 1293 7319
1709 1294 7318
1708 1295 7317
1707 1296 7316
1706 1297 7315
1705 1298 7314
1704 1299 7313
1703 1300 7312
1702 1301 7311
1701 1302 7310
1700 1303 7309
1699 1304 7308
1698 1305 7307
1697 1306 7306
1696 1307 7305
1695 1308 7304
1694 1309 7303
1693 1310 7302
1692 1311 7301
1691 1312 7300
1690 1313 7299
1689 1314 7298
1688 1315 7297
1687 1316 7296
1686 1317 7295
1685 1318 7294
1684 1319 7293
1683 1320 7292
1682 1321 7291
1681 1322 7290
1680 1323 7289
1679 1324 7288
1678 1325 7287
1677 1326 7286
1676 1327 7285
1675 1328 7284
1674 1329 7283
1673 1330 7282
1672 1331 7281
1671 1332 7280
1670 1333 7279
1669 1334 7278
1668 1335 7277
1667 1336 7276
1666 1337 7275
1665 1338 7274
1664 1339 7273
1663 1340 7272
1662 1341 7271
1661 1342 7270
1660 1343 7269
1659 1344 7268
1658 1345 7267
1657 1346 7266
1656 1347 7265
1655 1348 7264
1654 1349 7263
1653 1350 7262
1652 1351 7261
1651 1352 7260
1650 1353 7259
1649 1354 7258
1648 1355 7257
1647 1356 7256
1646 1357 7255
1645 1358 7254
1644 1359 7253
1643 1360 7252
1642 1361 7251
1641 1362 7250
1640 1363 7249
1639 1364 7248
1638 1365 7247
1637 1366 7246
1636 1367 7245
1635 1368 7244
1634 1369 7243
1633 1370 7242
1632 1371 7241
1631 1372 7240
1630 1373 7239
1629 1374 7238
1628 1375 7237
1627 1376 7236
1626 1377 7235
1625 1378 7234
1624 1379 7233
1623 1380 7232
1622 1381 7231
1621 1382 7230
1620 1383 7229
1619 1384 7228
1618 1385 7227
1617 1386 7226
1616 1387 7225
1615 1388 7224
1614 1389 7223
1613 1390 7222
1612 1391 7221
1611 1392 7220
1610 1393 7219
1609 1394 7218
1608 1395 7217
1607 1396 7216
1606 1397 7215
1605 1398 7214
1604 1399 7213
1603 1400 7212
1602 1401 7211
1601 1402 7210
1600 1403 7209
1599 1404 7208
1598 1405 7207
1597 1406 7206
1596 1407 7205
1595 1408 7204
1594 1409 7203
1593 1410 7202
1592 1411 7201
1591 1412 7200
1590 1413 7199
1589 1414 7198
1588 1415 7197
1587 1416 7196
1586 1417 7195
1585 1418 7194
1584 1419 7193
1583 1420 7192
1582 1421 7191
1581 1422 7190
1580 1423 7189
1579 1424 7188
1578 1425 7187
1577 1426 7186
1576 1427 7185
1575 1428 7184
1574 1429 7183
1573 1430 7182
1572 1431 7181
1571 1432 7180
1570 1433 7179
1569 1434 7178
1568 1435 7177
1567 1436 7176
1566 1437 7175
1565 1438 7174
1564 1439 7173
1563 1440 7172
1562 1441 7171
1561 1442 7170
1560 1443 7169
1559 1444 7168
1558 1445 7167
1557 1446 7166
1556 1447 7165
1555 1448 7164
1554 1449 7163
1553 1450 7162
1552 1451 7161
1551 1452 7160
1550 1453 7159
1549 1454 7158
1548 1455 7157
1547 1456 7156
1546 1457 7155
1545 1458 7154
1544 1459 7153
1543 1460 7152
1542 1461 7151
1541 1462 7150
1540 1463 7149
1539 1464 7148
1538 1465 7147
1537 1466 7146
1536 1467 7145
1535 1468 7144
1534 1469 7143
1533 1470 7142
1532 1471 7141
1531 1472 7140
1530 1473 7139
1529 1474 7138
1528 1475 7137
1527 1476 7136
1526 1477 7135
1525 1478 7134
1524 1479 7133
1523 1480 7132
1522 1481 7131
1521 1482 7130
1520 1483 7129
1519 1484 7128
1518 1485 7127
1517 1486 7126
1516 1487 7125
1515 1488 7124
1514 1489 7123
1513 1490 7122
1512 1491 7121
1511 1492 7120
1510 1493 7119
1509 1494 7118
1508 1495 7117
1507 1496 7116
1506 1497 7115
1505 1498 7114
1504 1499 7113
1503 1500 7112
1502 1501 7111
1501 1502 7110
1500 1503 7109
1499 1504 7108
1498 1505 7107
1497 1506 7106
1496 1507 7105
1495 1508 7104
1494 1509 7103
1493 1510 7102
1492 1511 7101
1491 1512 7100
1490 1513 7099
1489 1514 7098
1488 1515 7097
1487 1516 7096
1486 1517 7095
1485 1518 7094
1484 1519 7093
1483 1520 7092
1482 1521 7091
1481 1522 7090
1480 1523 7089
1479 1524 7088
1478 1525 7087
1477 1526 7086
1476 1527 7085
1475 1528 7084
1474 1529 7083
1473 1530 7082
1472 1531 7081
1471 1532 7080
1470 1533 7079
1469 1534 7078
1468 1535 7077
1467 1536 7076
1466 1537 7075
1465 1538 7074
1464 1539 7073
1463 1540 7072
1462 1541 7071
1461 1542 7070
1460 1543 7069
1459 1544 7068
1458 1545 7067
1457 1546 7066
1456 1547 7065
1455 1548 7064
1454 1549 7063
1453 1550 7062
1452 1551 7061
1451 1552 7060
1450 1553 7059
1449 1554 7058
1448 1555 7057
1447 1556 7056
1446 1557 7055
1445 1558 7054
1444 1559 7053
1443 1560 7052
1442 1561 7051
1441 1562 7050
1440 1563 7049
1439 1564 7048
1438 1565 7047
1437 1566 7046
1436 1567 7045
1435 1568 7044
1434 1569 7043
1433 1570 7042
1432 1571 7041
1431 1572 7040
1430 1573 7039
1429 1574 7038
1428 1575 7037
1427 1576 7036
1426 1577 7035
1425 1578 7034
1424 1579 7033
1423 1580 7032
1422 1581 7031
1421 1582 7030
1420 1583 7029
1419 1584 7028
1418 1585 7027
1417 1586 7026
1416 1587 7025
1415 1588 7024
1414 1589 7023
1413 1590 7022
1412 1591 7021
1411 1592 7020
1410 1593 7019
1409 1594 7018
1408 1595 7017
1407 1596 7016
1406 1597 7015
1405 1598 7014
1404 1599 7013
1403 1600 7012
1402 1601 7011
1401 1602 7010
1400 1603 7009
1399 1604 7008
1398 1605 7007
1397 1606 7006
1396 1607 7005
1395 1608 7004
1394 1609 7003
1393 1610 7002
1392 1611 7001
1391 1612 7000
1390 1613 6999
1389 1614 6998
1388 1615 6997
1387 1616 6996
1386 1617 6995
1385 1618 6994
1384 1619 6993
1383 1620 6992
1382 1621 6991
1381 1622 6990
1380 1623 6989
1379 1624 6988
1378 1625 6987
1377 1626 6986
1376 1627 6985
1375 1628 6984
1374 1629 6983
1373 1630 6982
1372 1631 6981
1371 1632 6980
1370 1633 6979
1369 1634 6978
1368 1635 6977
1367 1636 6976
1366 1637 6975
1365 1638 6974
1364 1639 6973
1363 1640 6972
1362 1641 6971
1361 1642 6970
1360 1643 6969
1359 1644 6968
1358 1645 6967
1357 1646 6966
1356 1647 6965
1355 1648 6964
1354 1649 6963
1353 1650 6962
1352 1651 6961
1351 1652 6960
1350 1653 6959
1349 1654 6958
1348 1655 6957
1347 1656 6956
1346 1657 6955
1345 1658 6954
1344 1659 6953
1343 1660 6952
1342 1661 6951
1341 1662 6950
1340 1663 6949
1339 1664 6948
1338 1665 6947
1337 1666 6946
1336 1667 6945
1335 1668 6944
1334 1669 6943
1333 1670 6942
1332 1671 6941
1331 1672 6940
1330 1673 6939
1329 1674 6938
1328 1675 6937
1327 1676 6936
1326 1677 6935
1325 1678 6934
1324 1679 6933
1323 1680 6932
1322 1681 6931
1321 1682 6930
1320 1683 6929
1319 1684 6928
1318 1685 6927
1317 1686 6926
1316 1687 6925
1315 1688 6924
1314 1689 6923
1313 1690 6922
1312 1691 6921
1311 1692 6920
1310 1693 6919
1309 1694 6918
1308 1695 6917
1307 1696 6916
1306 1697 6915
1305 1698 6914
1304 1699 6913
1303 1700 6912
1302 1701 6911
1301 1702 6910
1300 1703 6909
1299 1704 6908
1298 1705 6907
1297 1706 6906
1296 1707 6905
1295 1708 6904
1294 1709 6903
1293 1710 6902
1292 1711 6901
1291 1712 6900
1290 1713 6899
1289 1714 6898
1288 1715 6897
1287 1716 6896
1286 1717 6895
1285 1718 6894
1284 1719 6893
1283 1720 6892
1282 1721 6891
1281 1722 6890
1280 1723 6889
1279 1724 6888
1278 1725 6887
1277 1726 6886
1276 1727 6885
1275 1728 6884
1274 1729 6883
1273 1730 6882
1272 1731 6881
1271 1732 6880
1270 1733 6879
1269 1734 6878
1268 1735 6877
1267 1736 6876
1266 1737 6875
1265 1738 6874
1264 1739 6873
1263 1740 6872
1262 1741 6871
1261 1742 6870
1260 1743 6869
1259 1744 6868
1258 1745 6867
1257 1746 6866
1256 1747 6865
1255 1748 6864
1254 1749 6863
1253 1750 6862
1252 1751 6861
1251 1752 6860
1250 1753 6859
1249 1754 6858
1248 1755 6857
1247 1756 6856
1246 1757 6855
1245 1758 6854
1244 1759 6853
1243 1760 6852
1242 1761 6851
1241 1762 6850
1240 1763 6849
1239 1764 6848
1238 1765 6847
1237 1766 6846
1236 1767 6845
1235 1768 6844
1234 1769 6843
1233 1770 6842
1232 1771 6841
1231 1772 6840
1230 1773 6839
1229 1774 6838
1228 1775 6837
1227 1776 6836
1226 1777 6835
1225 1778 6834
1224 1779 6833
1223 1780 6832
1222 1781 6831
1221 1782 6830
1220 1783 6829
1219 1784 6828
1218 1785 6827
1217 1786 6826
1216 1787 6825
1215 1788 6824
1214 1789 6823
1213 1790 6822
1212 1791 6821
1211 1792 6820
1210 1793 6819
1209 1794 6818
1208 1795 6817
1207 1796 6816
1206 1797 6815
1205 1798 6814
1204 1799 6813
1203 1800 6812
1202 1801 6811
1201 1802 6810
1200 1803 6809
1199 1804 6808
1198 1805 6807
1197 1806 6806
1196 1807 6805
1195 1808 6804
1194 1809 6803
1193 1810 6802
1192 1811 6801
1191 1812 6800
1190 1813 6799
1189 1814 6798
1188 1815 6797
1187 1816 6796
1186 1817 6795
1185 1818 6794
1184 1819 6793
1183 1820 6792
1182 1821 6791
1181 1822 6790
1180 1823 6789
1179 1824 6788
1178 1825 6787
1177 1826 6786
1176 1827 6785
1175 1828 6784
1174 1829 6783
1173 1830 6782
1172 1831 6781
1171 1832 6780
1170 1833 6779
1169 1834 6778
1168 1835 6777
1167 1836 6776
1166 1837 6775
1165 1838 6774
1164 1839 6773
1163 1840 6772
1162 1841 6771
1161 1842 6770
1160 1843 6769
1159 1844 6768
1158 1845 6767
1157 1846 6766
1156 1847 6765
1155 1848 6764
1154 1849 6763
1153 1850 6762
1152 1851 6761
1151 1852 6760
1150 1853 6759
1149 1854 6758
1148 1855 6757
1147 1856 6756
1146 1857 6755
1145 1858 6754
1144 1859 6753
1143 1860 6752
1142 1861 6751
1141 1862 6750
1140 1863 6749
1139 1864 6748
1138 1865 6747
1137 1866 6746
1136 1867 6745
1135 1868 6744
1134 1869 6743
1133 1870 6742
1132 1871 6741
1131 1872 6740
1130 1873 6739
1129 1874 6738
1128 1875 6737
1127 1876 6736
1126 1877 6735
1125 1878 6734
1124 1879 6733
1123 1880 6732
1122 1881 6731
1121 1882 6730
1120 1883 6729
1119 1884 6728
1118 1885 6727
1117 1886 6726
1116 1887 6725
1115 1888 6724
1114 1889 6723
1113 1890 6722
1112 1891 6721
1111 1892 6720
1110 1893 6719
1109 1894 6718
1108 1895 6717
1107 1896 6716
1106 1897 6715
1105 1898 6714
1104 1899 6713
1103 1900 6712
1102 1901 6711
1101 1902 6710
1100 1903 6709
1099 1904 6708
1098 1905 6707
1097 1906 6706
1096 1907 6705
1095 1908 6704
1094 1909 6703
1093 1910 6702
1092 1911 6701
1091 1912 6700
1090 1913 6699
1089 1914 6698
1088 1915 6697
1087 1916 6696
1086 1917 6695
1085 1918 6694
1084 1919 6693
1083 1920 6692
1082 1921 6691
1081 1922 6690
1080 1923 6689
1079 1924 6688
1078 1925 6687
1077 1926 6686
1076 1927 6685
1075 1928 6684
1074 1929 6683
1073 1930 6682
1072 1931 6681
1071 1932 6680
1070 1933 6679
1069 1934 6678
1068 1935 6677
1067 1936 6676
1066 1937 6675
1065 1938 6674
1064 1939 6673
1063 1940 6672
1062 1941 6671
1061 1942 6670
1060 1943 6669
1059 1944 6668
1058 1945 6667
1057 1946 6666
1056 1947 6665
1055 1948 6664
1054 1949 6663
1053 1950 6662
1052 1951 6661
1051 1952 6660
1050 1953 6659
1049 1954 6658
1048 1955 6657
1047 1956 6656
1046 1957 6655
1045 1958 6654
1044 1959 6653
1043 1960 6652
1042 1961 6651
1041 1962 6650
1040 1963 6649
1039 1964 6648
1038 1965 6647
1037 1966 6646
1036 1967 6645
1035 1968 6644
1034 1969 6643
1033 1970 6642
1032 1971 6641
1031 1972 6640
1030 1973 6639
1029 1974 6638
1028 1975 6637
1027 1976 6636
1026 1977 6635
1025 1978 6634
1024 1979 6633
1023 1980 6632
1022 1981 6631
1021 1982 6630
1020 1983 6629
1019 1984 6628
1018 1985 6627
1017 1986 6626
1016 1987 6625
1015 1988 6624
1014 1989 6623
1013 1990 6622
1012 1991 6621
1011 1992 6620
1010 1993 6619
1009 1994 6618
1008 1995 6617
1007 1996 6616
1006 1997 6615
1005 1998 6614
1004 1999 6613
1003 2000 6612
1002 2001 6611
1001 2002 6610
1000 2003 6609
999 2004 6608
998 2005 6607
997 2006 6606
996 2007 6605
995 2008 6604
994 2009 6603
993 2010 6602
992 2011 6601
991 2012 6600
990 2013 6599
989 2014 6598
988 2015 6597
987 2016 6596
986 2017 6595
985 2018 6594
984 2019 6593
983 2020 6592
982 2021 6591
981 2022 6590
980 2023 6589
979 2024 6588
978 2025 6587
977 2026 6586
976 2027 6585
975 2028 6584
974 2029 6583
973 2030 6582
972 2031 6581
971 2032 6580
970 2033 6579
969 2034 6578
968 2035 6577
967 2036 6576
966 2037 6575
965 2038 6574
964 2039 6573
963 2040 6572
962 2041 6571
961 2042 6570
960 2043 6569
959 2044 6568
958 2045 6567
957 2046 6566
956 2047 6565
955 2048 6564
954 2049 6563
953 2050 6562
952 2051 6561
951 2052 6560
950 2053 6559
949 2054 6558
948 2055 6557
947 2056 6556
946 2057 6555
945 2058 6554
944 2059 6553
943 2060 6552
942 2061 6551
941 2062 6550
940 2063 6549
939 2064 6548
938 2065 6547
937 2066 6546
936 2067 6545
935 2068 6544
934 2069 6543
933 2070 6542
932 2071 6541
931 2072 6540
930 2073 6539
929 2074 6538
928 2075 6537
927 2076 6536
926 2077 6535
925 2078 6534
924 2079 6533
923 2080 6532
922 2081 6531
921 2082 6530
920 2083 6529
919 2084 6528
918 2085 6527
917 2086 6526
916 2087 6525
915 2088 6524
914 2089 6523
913 2090 6522
912 2091 6521
911 2092 6520
910 2093 6519
909 2094 6518
908 2095 6517
907 2096 6516
906 2097 6515
905 2098 6514
904 2099 6513
903 2100 6512
902 2101 6511
901 2102 6510
900 2103 6509
899 2104 6508
898 2105 6507
897 2106 6506
896 2107 6505
895 2108 6504
894 2109 6503
893 2110 6502
892 2111 6501
891 2112 6500
890 2113 6499
889 2114 6498
888 2115 6497
887 2116 6496
886 2117 6495
885 2118 6494
884 2119 6493
883 2120 6492
882 2121 6491
881 2122 6490
880 2123 6489
879 2124 6488
878 2125 6487
877 2126 6486
876 2127 6485
875 2128 6484
874 2129 6483
873 2130 6482
872 2131 6481
871 2132 6480
870 2133 6479
869 2134 6478
868 2135 6477
867 2136 6476
866 2137 6475
865 2138 6474
864 2139 6473
863 2140 6472
862 2141 6471
861 2142 6470
860 2143 6469
859 2144 6468
858 2145 6467
857 2146 6466
856 2147 6465
855 2148 6464
854 2149 6463
853 2150 6462
852 2151 6461
851 2152 6460
850 2153 6459
849 2154 6458
848 2155 6457
847 2156 6456
846 2157 6455
845 2158 6454
844 2159 6453
843 2160 6452
842 2161 6451
841 2162 6450
840 2163 6449
839 2164 6448
838 2165 6447
837 2166 6446
836 2167 6445
835 2168 6444
834 2169 6443
833 2170 6442
832 2171 6441
831 2172 6440
830 2173 6439
829 2174 6438
828 2175 6437
827 2176 6436
826 2177 6435
825 2178 6434
824 2179 6433
823 2180 6432
822 2181 6431
821 2182 6430
820 2183 6429
819 2184 6428
818 2185 6427
817 2186 6426
816 2187 6425
815 2188 6424
814 2189 6423
813 2190 6422
812 2191 6421
811 2192 6420
810 2193 6419
809 2194 6418
808 2195 6417
807 2196 6416
806 2197 6415
805 2198 6414
804 2199 6413
803 2200 6412
802 2201 6411
801 2202 6410
800 2203 6409
799 2204 6408
798 2205 6407
797 2206 6406
796 2207 6405
795 2208 6404
794 2209 6403
793 2210 6402
792 2211 6401
791 2212 6400
790 2213 6399
789 2214 6398
788 2215 6397
787 2216 6396
786 2217 6395
785 2218 6394
784 2219 6393
783 2220 6392
782 2221 6391
781 2222 6390
780 2223 6389
779 2224 6388
778 2225 6387
777 2226 6386
776 2227 6385
775 2228 6384
774 2229 6383
773 2230 6382
772 2231 6381
771 2232 6380
770 2233 6379
769 2234 6378
768 2235 6377
767 2236 6376
766 2237 6375
765 2238 6374
764 2239 6373
763 2240 6372
762 2241 6371
761 2242 6370
760 2243 6369
759 2244 6368
758 2245 6367
757 2246 6366
756 2247 6365
755 2248 6364
754 2249 6363
753 2250 6362
752 2251 6361
751 2252 6360
750 2253 6359
749 2254 6358
748 2255 6357
747 2256 6356
746 2257 6355
745 2258 6354
744 2259 6353
743 2260 6352
742 2261 6351
741 2262 6350
740 2263 6349
739 2264 6348
738 2265 6347
737 2266 6346
736 2267 6345
735 2268 6344
734 2269 6343
733 2270 6342
732 2271 6341
731 2272 6340
730 2273 6339
729 2274 6338
728 2275 6337
727 2276 6336
726 2277 6335
725 2278 6334
724 2279 6333
723 2280 6332
722 2281 6331
721 2282 6330
720 2283 6329
719 2284 6328
718 2285 6327
717 2286 6326
716 2287 6325
715 2288 6324
714 2289 6323
713 2290 6322
712 2291 6321
711 2292 6320
710 2293 6319
709 2294 6318
708 2295 6317
707 2296 6316
706 2297 6315
705 2298 6314
704 2299 6313
703 2300 6312
702 2301 6311
701 2302 6310
700 2303 6309
699 2304 6308
698 2305 6307
697 2306 6306
696 2307 6305
695 2308 6304
694 2309 6303
693 2310 6302
692 2311 6301
691 2312 6300
690 2313 6299
689 2314 6298
688 2315 6297
687 2316 6296
686 2317 6295
685 2318 6294
684 2319 6293
683 2320 6292
682 2321 6291
681 2322 6290
680 2323 6289
679 2324 6288
678 2325 6287
677 2326 6286
676 2327 6285
675 2328 6284
674 2329 6283
673 2330 6282
672 2331 6281
671 2332 6280
670 2333 6279
669 2334 6278
668 2335 6277
667 2336 6276
666 2337 6275
665 2338 6274
664 2339 6273
663 2340 6272
662 2341 6271
661 2342 6270
660 2343 6269
659 2344 6268
658 2345 6267
657 2346 6266
656 2347 6265
655 2348 6264
654 2349 6263
653 2350 6262
652 2351 6261
651 2352 6260
650 2353 6259
649 2354 6258
648 2355 6257
647 2356 6256
646 2357 6255
645 2358 6254
644 2359 6253
643 2360 6252
642 2361 6251
641 2362 6250
640 2363 6249
639 2364 6248
638 2365 6247
637 2366 6246
636 2367 6245
635 2368 6244
634 2369 6243
633 2370 6242
632 2371 6241
631 2372 6240
630 2373 6239
629 2374 6238
628 2375 6237
627 2376 6236
626 2377 6235
625 2378 6234
624 2379 6233
623 2380 6232
622 2381 6231
621 2382 6230
620 2383 6229
619 2384 6228
618 2385 6227
617 2386 6226
616 2387 6225
615 2388 6224
614 2389 6223
613 2390 6222
612 2391 6221
611 2392 6220
610 2393 6219
609 2394 6218
608 2395 6217
607 2396 6216
606 2397 6215
605 2398 6214
604 2399 6213
603 2400 6212
602 2401 6211
601 2402 6210
600 2403 6209
599 2404 6208
598 2405 6207
597 2406 6206
596 2407 6205
595 2408 6204
594 2409 6203
593 2410 6202
592 2411 6201
591 2412 6200
590 2413 6199
589 2414 6198
588 2415 6197
587 2416 6196
586 2417 6195
585 2418 6194
584 2419 6193
583 2420 6192
582 2421 6191
581 2422 6190
580 2423 6189
579 2424 6188
578 2425 6187
577 2426 6186
576 2427 6185
575 2428 6184
574 2429 6183
573 2430 6182
572 2431 6181
571 2432 6180
570 2433 6179
569 2434 6178
568 2435 6177
567 2436 6176
566 2437 6175
565 2438 6174
564 2439 6173
563 2440 6172
562 2441 6171
561 2442 6170
560 2443 6169
559 2444 6168
558 2445 6167
557 2446 6166
556 2447 6165
555 2448 6164
554 2449 6163
553 2450 6162
552 2451 6161
551 2452 6160
550 2453 6159
549 2454 6158
548 2455 6157
547 2456 6156
546 2457 6155
545 2458 6154
544 2459 6153
543 2460 6152
542 2461 6151
541 2462 6150
540 2463 6149
539 2464 6148
538 2465 6147
537 2466 6146
536 2467 6145
535 2468 6144
534 2469 6143
533 2470 6142
532 2471 6141
531 2472 6140
530 2473 6139
529 2474 6138
528 2475 6137
527 2476 6136
526 2477 6135
525 2478 6134
524 2479 6133
523 2480 6132
522 2481 6131
521 2482 6130
520 2483 6129
519 2484 6128
518 2485 6127
517 2486 6126
516 2487 6125
515 2488 6124
514 2489 6123
513 2490 6122
512 2491 6121
511 2492 6120
510 2493 6119
509 2494 6118
508 2495 6117
507 2496 6116
506 2497 6115
505 2498 6114
504 2499 6113
503 2500 6112
502 2501 6111
501 2502 6110
500 2503 6109
499 2504 6108
498 2505 6107
497 2506 6106
496 2507 6105
495 2508 6104
494 2509 6103
493 2510 6102
492 2511 6101
491 2512 6100
490 2513 6099
489 2514 6098
488 2515 6097
487 2516 6096
486 2517 6095
485 2518 6094
484 2519 6093
483 2520 6092
482 2521 6091
481 2522 6090
480 2523 6089
479 2524 6088
478 2525 6087
477 2526 6086
476 2527 6085
475 2528 6084
474 2529 6083
473 2530 6082
472 2531 6081
471 2532 6080
470 2533 6079
469 2534 6078
468 2535 6077
467 2536 6076
466 2537 6075
465 2538 6074
464 2539 6073
463 2540 6072
462 2541 6071
461 2542 6070
460 2543 6069
459 2544 6068
458 2545 6067
457 2546 6066
456 2547 6065
455 2548 6064
454 2549 6063
453 2550 6062
452 2551 6061
451 2552 6060
450 2553 6059
449 2554 6058
448 2555 6057
447 2556 6056
446 2557 6055
445 2558 6054
444 2559 6053
443 2560 6052
442 2561 6051
441 2562 6050
440 2563 6049
439 2564 6048
438 2565 6047
437 2566 6046
436 2567 6045
435 2568 6044
434 2569 6043
433 2570 6042
432 2571 6041
431 2572 6040
430 2573 6039
429 2574 6038
428 2575 6037
427 2576 6036
426 2577 6035
425 2578 6034
424 2579 6033
423 2580 6032
422 2581 6031
421 2582 6030
420 2583 6029
419 2584 6028
418 2585 6027
417 2586 6026
416 2587 6025
415 2588 6024
414 2589 6023
413 2590 6022
412 2591 6021
411 2592 6020
410 2593 6019
409 2594 6018
408 2595 6017
407 2596 6016
406 2597 6015
405 2598 6014
404 2599 6013
403 2600 6012
402 2601 6011
401 2602 6010
400 2603 6009
399 2604 6008
398 2605 6007
397 2606 6006
396 2607 6005
395 2608 6004
394 2609 6003
393 2610 6002
392 2611 6001
