263
3000 3 6263
2999 4 6262
2998 5 6261
2997 6 6260
2996 7 6259
2995 8 6258
2994 9 6257
2993 10 6256
2992 11 6255
2991 12 6254
2990 13 6253
2989 14 6252
2988 15 6251
2987 16 6250
2986 17 6249
2985 18 6248
2984 19 6247
2983 20 6246
2982 21 6245
2981 22 6244
2980 23 6243
2979 24 6242
2978 25 6241
2977 26 6240
2976 27 6239
2975 28 6238
2974 29 6237
2973 30 6236
2972 31 6235
2971 32 6234
2970 33 6233
2969 34 6232
2968 35 6231
2967 36 6230
2966 37 6229
2965 38 6228
2964 39 6227
2963 40 6226
2962 41 6225
2961 42 6224
2960 43 6223
2959 44 6222
2958 45 6221
2957 46 6220
2956 47 6219
2955 48 6218
2954 49 6217
2953 50 6216
2952 51 6215
2951 52 6214
2950 53 6213
2949 54 6212
2948 55 6211
2947 56 6210
2946 57 6209
2945 58 6208
2944 59 6207
2943 60 6206
2942 61 6205
2941 62 6204
2940 63 6203
2939 64 6202
2938 65 6201
2937 66 6200
2936 67 6199
2935 68 6198
2934 69 6197
2933 70 6196
2932 71 6195
2931 72 6194
2930 73 6193
2929 74 6192
2928 75 6191
2927 76 6190
2926 77 6189
2925 78 6188
2924 79 6187
2923 80 6186
2922 81 6185
2921 82 6184
2920 83 6183
2919 84 6182
2918 85 6181
2917 86 6180
2916 87 6179
2915 88 6178
2914 89 6177
2913 90 6176
2912 91 6175
2911 92 6174
2910 93 6173
2909 94 6172
2908 95 6171
2907 96 6170
2906 97 6169
2905 98 6168
2904 99 6167
2903 100 6166
2902 101 6165
2901 102 6164
2900 103 6163
2899 104 6162
2898 105 6161
2897 106 6160
2896 107 6159
2895 108 6158
2894 109 6157
2893 110 6156
2892 111 6155
2891 112 6154
2890 113 6153
2889 114 6152
2888 115 6151
2887 116 6150
2886 117 6149
2885 118 6148
2884 119 6147
2883 120 6146
2882 121 6145
2881 122 6144
2880 123 6143
2879 124 6142
2878 125 6141
2877 126 6140
2876 127 6139
2875 128 6138
2874 129 6137
2873 130 6136
2872 131 6135
2871 132 6134
2870 133 6133
2869 134 6132
2868 135 6131
2867 136 6130
2866 137 6129
2865 138 6128
2864 139 6127
2863 140 6126
2862 141 6125
2861 142 6124
2860 143 6123
2859 144 6122
2858 145 6121
2857 146 6120
2856 147 6119
2855 148 6118
2854 149 6117
2853 150 6116
2852 151 6115
2851 152 6114
2850 153 6113
2849 154 6112
2848 155 6111
2847 156 6110
2846 157 6109
2845 158 6108
2844 159 6107
2843 160 6106
2842 161 6105
2841 162 6104
2840 163 6103
2839 164 6102
2838 165 6101
2837 166 6100
2836 167 6099
2835 168 6098
2834 169 6097
2833 170 6096
2832 171 6095
2831 172 6094
2830 173 6093
2829 174 6092
2828 175 6091
2827 176 6090
2826 177 6089
2825 178 6088
2824 179 6087
2823 180 6086
2822 181 6085
2821 182 6084
2820 183 6083
2819 184 6082
2818 185 6081
2817 186 6080
2816 187 6079
2815 188 6078
2814 189 6077
2813 190 6076
2812 191 6075
2811 192 6074
2810 193 6073
2809 194 6072
2808 195 6071
2807 196 6070
2806 197 6069
2805 198 6068
2804 199 6067
2803 200 6066
2802 201 6065
2801 202 6064
2800 203 6063
2799 204 6062
2798 205 6061
2797 206 6060
2796 207 6059
2795 208 6058
2794 209 6057
2793 210 6056
2792 211 6055
2791 212 6054
2790 213 6053
2789 214 6052
2788 215 6051
2787 216 6050
2786 217 6049
2785 218 6048
2784 219 6047
2783 220 6046
2782 221 6045
2781 222 6044
2780 223 6043
2779 224 6042
2778 225 6041
2777 226 6040
2776 227 6039
2775 228 6038
2774 229 6037
2773 230 6036
2772 231 6035
2771 232 6034
2770 233 6033
2769 234 6032
2768 235 6031
2767 236 6030
2766 237 6029
2765 238 6028
2764 239 6027
2763 240 6026
2762 241 6025
2761 242 6024
2760 243 6023
2759 244 6022
2758 245 6021
2757 246 6020
2756 247 6019
2755 248 6018
2754 249 6017
2753 250 6016
2752 251 6015
2751 252 6014
2750 253 6013
2749 254 6012
2748 255 6011
2747 256 6010
2746 257 6009
2745 258 6008
2744 259 6007
2743 260 6006
2742 261 6005
2741 262 6004
2740 263 6003
2739 264 6002
2738 265 6001
