645
3000 3 6645
2999 4 6644
2998 5 6643
2997 6 6642
2996 7 6641
2995 8 6640
2994 9 6639
2993 10 6638
2992 11 6637
2991 12 6636
2990 13 6635
2989 14 6634
2988 15 6633
2987 16 6632
2986 17 6631
2985 18 6630
2984 19 6629
2983 20 6628
2982 21 6627
2981 22 6626
2980 23 6625
2979 24 6624
2978 25 6623
2977 26 6622
2976 27 6621
2975 28 6620
2974 29 6619
2973 30 6618
2972 31 6617
2971 32 6616
2970 33 6615
2969 34 6614
2968 35 6613
2967 36 6612
2966 37 6611
2965 38 6610
2964 39 6609
2963 40 6608
2962 41 6607
2961 42 6606
2960 43 6605
2959 44 6604
2958 45 6603
2957 46 6602
2956 47 6601
2955 48 6600
2954 49 6599
2953 50 6598
2952 51 6597
2951 52 6596
2950 53 6595
2949 54 6594
2948 55 6593
2947 56 6592
2946 57 6591
2945 58 6590
2944 59 6589
2943 60 6588
2942 61 6587
2941 62 6586
2940 63 6585
2939 64 6584
2938 65 6583
2937 66 6582
2936 67 6581
2935 68 6580
2934 69 6579
2933 70 6578
2932 71 6577
2931 72 6576
2930 73 6575
2929 74 6574
2928 75 6573
2927 76 6572
2926 77 6571
2925 78 6570
2924 79 6569
2923 80 6568
2922 81 6567
2921 82 6566
2920 83 6565
2919 84 6564
2918 85 6563
2917 86 6562
2916 87 6561
2915 88 6560
2914 89 6559
2913 90 6558
2912 91 6557
2911 92 6556
2910 93 6555
2909 94 6554
2908 95 6553
2907 96 6552
2906 97 6551
2905 98 6550
2904 99 6549
2903 100 6548
2902 101 6547
2901 102 6546
2900 103 6545
2899 104 6544
2898 105 6543
2897 106 6542
2896 107 6541
2895 108 6540
2894 109 6539
2893 110 6538
2892 111 6537
2891 112 6536
2890 113 6535
2889 114 6534
2888 115 6533
2887 116 6532
2886 117 6531
2885 118 6530
2884 119 6529
2883 120 6528
2882 121 6527
2881 122 6526
2880 123 6525
2879 124 6524
2878 125 6523
2877 126 6522
2876 127 6521
2875 128 6520
2874 129 6519
2873 130 6518
2872 131 6517
2871 132 6516
2870 133 6515
2869 134 6514
2868 135 6513
2867 136 6512
2866 137 6511
2865 138 6510
2864 139 6509
2863 140 6508
2862 141 6507
2861 142 6506
2860 143 6505
2859 144 6504
2858 145 6503
2857 146 6502
2856 147 6501
2855 148 6500
2854 149 6499
2853 150 6498
2852 151 6497
2851 152 6496
2850 153 6495
2849 154 6494
2848 155 6493
2847 156 6492
2846 157 6491
2845 158 6490
2844 159 6489
2843 160 6488
2842 161 6487
2841 162 6486
2840 163 6485
2839 164 6484
2838 165 6483
2837 166 6482
2836 167 6481
2835 168 6480
2834 169 6479
2833 170 6478
2832 171 6477
2831 172 6476
2830 173 6475
2829 174 6474
2828 175 6473
2827 176 6472
2826 177 6471
2825 178 6470
2824 179 6469
2823 180 6468
2822 181 6467
2821 182 6466
2820 183 6465
2819 184 6464
2818 185 6463
2817 186 6462
2816 187 6461
2815 188 6460
2814 189 6459
2813 190 6458
2812 191 6457
2811 192 6456
2810 193 6455
2809 194 6454
2808 195 6453
2807 196 6452
2806 197 6451
2805 198 6450
2804 199 6449
2803 200 6448
2802 201 6447
2801 202 6446
2800 203 6445
2799 204 6444
2798 205 6443
2797 206 6442
2796 207 6441
2795 208 6440
2794 209 6439
2793 210 6438
2792 211 6437
2791 212 6436
2790 213 6435
2789 214 6434
2788 215 6433
2787 216 6432
2786 217 6431
2785 218 6430
2784 219 6429
2783 220 6428
2782 221 6427
2781 222 6426
2780 223 6425
2779 224 6424
2778 225 6423
2777 226 6422
2776 227 6421
2775 228 6420
2774 229 6419
2773 230 6418
2772 231 6417
2771 232 6416
2770 233 6415
2769 234 6414
2768 235 6413
2767 236 6412
2766 237 6411
2765 238 6410
2764 239 6409
2763 240 6408
2762 241 6407
2761 242 6406
2760 243 6405
2759 244 6404
2758 245 6403
2757 246 6402
2756 247 6401
2755 248 6400
2754 249 6399
2753 250 6398
2752 251 6397
2751 252 6396
2750 253 6395
2749 254 6394
2748 255 6393
2747 256 6392
2746 257 6391
2745 258 6390
2744 259 6389
2743 260 6388
2742 261 6387
2741 262 6386
2740 263 6385
2739 264 6384
2738 265 6383
2737 266 6382
2736 267 6381
2735 268 6380
2734 269 6379
2733 270 6378
2732 271 6377
2731 272 6376
2730 273 6375
2729 274 6374
2728 275 6373
2727 276 6372
2726 277 6371
2725 278 6370
2724 279 6369
2723 280 6368
2722 281 6367
2721 282 6366
2720 283 6365
2719 284 6364
2718 285 6363
2717 286 6362
2716 287 6361
2715 288 6360
2714 289 6359
2713 290 6358
2712 291 6357
2711 292 6356
2710 293 6355
2709 294 6354
2708 295 6353
2707 296 6352
2706 297 6351
2705 298 6350
2704 299 6349
2703 300 6348
2702 301 6347
2701 302 6346
2700 303 6345
2699 304 6344
2698 305 6343
2697 306 6342
2696 307 6341
2695 308 6340
2694 309 6339
2693 310 6338
2692 311 6337
2691 312 6336
2690 313 6335
2689 314 6334
2688 315 6333
2687 316 6332
2686 317 6331
2685 318 6330
2684 319 6329
2683 320 6328
2682 321 6327
2681 322 6326
2680 323 6325
2679 324 6324
2678 325 6323
2677 326 6322
2676 327 6321
2675 328 6320
2674 329 6319
2673 330 6318
2672 331 6317
2671 332 6316
2670 333 6315
2669 334 6314
2668 335 6313
2667 336 6312
2666 337 6311
2665 338 6310
2664 339 6309
2663 340 6308
2662 341 6307
2661 342 6306
2660 343 6305
2659 344 6304
2658 345 6303
2657 346 6302
2656 347 6301
2655 348 6300
2654 349 6299
2653 350 6298
2652 351 6297
2651 352 6296
2650 353 6295
2649 354 6294
2648 355 6293
2647 356 6292
2646 357 6291
2645 358 6290
2644 359 6289
2643 360 6288
2642 361 6287
2641 362 6286
2640 363 6285
2639 364 6284
2638 365 6283
2637 366 6282
2636 367 6281
2635 368 6280
2634 369 6279
2633 370 6278
2632 371 6277
2631 372 6276
2630 373 6275
2629 374 6274
2628 375 6273
2627 376 6272
2626 377 6271
2625 378 6270
2624 379 6269
2623 380 6268
2622 381 6267
2621 382 6266
2620 383 6265
2619 384 6264
2618 385 6263
2617 386 6262
2616 387 6261
2615 388 6260
2614 389 6259
2613 390 6258
2612 391 6257
2611 392 6256
2610 393 6255
2609 394 6254
2608 395 6253
2607 396 6252
2606 397 6251
2605 398 6250
2604 399 6249
2603 400 6248
2602 401 6247
2601 402 6246
2600 403 6245
2599 404 6244
2598 405 6243
2597 406 6242
2596 407 6241
2595 408 6240
2594 409 6239
2593 410 6238
2592 411 6237
2591 412 6236
2590 413 6235
2589 414 6234
2588 415 6233
2587 416 6232
2586 417 6231
2585 418 6230
2584 419 6229
2583 420 6228
2582 421 6227
2581 422 6226
2580 423 6225
2579 424 6224
2578 425 6223
2577 426 6222
2576 427 6221
2575 428 6220
2574 429 6219
2573 430 6218
2572 431 6217
2571 432 6216
2570 433 6215
2569 434 6214
2568 435 6213
2567 436 6212
2566 437 6211
2565 438 6210
2564 439 6209
2563 440 6208
2562 441 6207
2561 442 6206
2560 443 6205
2559 444 6204
2558 445 6203
2557 446 6202
2556 447 6201
2555 448 6200
2554 449 6199
2553 450 6198
2552 451 6197
2551 452 6196
2550 453 6195
2549 454 6194
2548 455 6193
2547 456 6192
2546 457 6191
2545 458 6190
2544 459 6189
2543 460 6188
2542 461 6187
2541 462 6186
2540 463 6185
2539 464 6184
2538 465 6183
2537 466 6182
2536 467 6181
2535 468 6180
2534 469 6179
2533 470 6178
2532 471 6177
2531 472 6176
2530 473 6175
2529 474 6174
2528 475 6173
2527 476 6172
2526 477 6171
2525 478 6170
2524 479 6169
2523 480 6168
2522 481 6167
2521 482 6166
2520 483 6165
2519 484 6164
2518 485 6163
2517 486 6162
2516 487 6161
2515 488 6160
2514 489 6159
2513 490 6158
2512 491 6157
2511 492 6156
2510 493 6155
2509 494 6154
2508 495 6153
2507 496 6152
2506 497 6151
2505 498 6150
2504 499 6149
2503 500 6148
2502 501 6147
2501 502 6146
2500 503 6145
2499 504 6144
2498 505 6143
2497 506 6142
2496 507 6141
2495 508 6140
2494 509 6139
2493 510 6138
2492 511 6137
2491 512 6136
2490 513 6135
2489 514 6134
2488 515 6133
2487 516 6132
2486 517 6131
2485 518 6130
2484 519 6129
2483 520 6128
2482 521 6127
2481 522 6126
2480 523 6125
2479 524 6124
2478 525 6123
2477 526 6122
2476 527 6121
2475 528 6120
2474 529 6119
2473 530 6118
2472 531 6117
2471 532 6116
2470 533 6115
2469 534 6114
2468 535 6113
2467 536 6112
2466 537 6111
2465 538 6110
2464 539 6109
2463 540 6108
2462 541 6107
2461 542 6106
2460 543 6105
2459 544 6104
2458 545 6103
2457 546 6102
2456 547 6101
2455 548 6100
2454 549 6099
2453 550 6098
2452 551 6097
2451 552 6096
2450 553 6095
2449 554 6094
2448 555 6093
2447 556 6092
2446 557 6091
2445 558 6090
2444 559 6089
2443 560 6088
2442 561 6087
2441 562 6086
2440 563 6085
2439 564 6084
2438 565 6083
2437 566 6082
2436 567 6081
2435 568 6080
2434 569 6079
2433 570 6078
2432 571 6077
2431 572 6076
2430 573 6075
2429 574 6074
2428 575 6073
2427 576 6072
2426 577 6071
2425 578 6070
2424 579 6069
2423 580 6068
2422 581 6067
2421 582 6066
2420 583 6065
2419 584 6064
2418 585 6063
2417 586 6062
2416 587 6061
2415 588 6060
2414 589 6059
2413 590 6058
2412 591 6057
2411 592 6056
2410 593 6055
2409 594 6054
2408 595 6053
2407 596 6052
2406 597 6051
2405 598 6050
2404 599 6049
2403 600 6048
2402 601 6047
2401 602 6046
2400 603 6045
2399 604 6044
2398 605 6043
2397 606 6042
2396 607 6041
2395 608 6040
2394 609 6039
2393 610 6038
2392 611 6037
2391 612 6036
2390 613 6035
2389 614 6034
2388 615 6033
2387 616 6032
2386 617 6031
2385 618 6030
2384 619 6029
2383 620 6028
2382 621 6027
2381 622 6026
2380 623 6025
2379 624 6024
2378 625 6023
2377 626 6022
2376 627 6021
2375 628 6020
2374 629 6019
2373 630 6018
2372 631 6017
2371 632 6016
2370 633 6015
2369 634 6014
2368 635 6013
2367 636 6012
2366 637 6011
2365 638 6010
2364 639 6009
2363 640 6008
2362 641 6007
2361 642 6006
2360 643 6005
2359 644 6004
2358 645 6003
2357 646 6002
2356 647 6001
