2151
3000 3 8151
2999 4 8150
2998 5 8149
2997 6 8148
2996 7 8147
2995 8 8146
2994 9 8145
2993 10 8144
2992 11 8143
2991 12 8142
2990 13 8141
2989 14 8140
2988 15 8139
2987 16 8138
2986 17 8137
2985 18 8136
2984 19 8135
2983 20 8134
2982 21 8133
2981 22 8132
2980 23 8131
2979 24 8130
2978 25 8129
2977 26 8128
2976 27 8127
2975 28 8126
2974 29 8125
2973 30 8124
2972 31 8123
2971 32 8122
2970 33 8121
2969 34 8120
2968 35 8119
2967 36 8118
2966 37 8117
2965 38 8116
2964 39 8115
2963 40 8114
2962 41 8113
2961 42 8112
2960 43 8111
2959 44 8110
2958 45 8109
2957 46 8108
2956 47 8107
2955 48 8106
2954 49 8105
2953 50 8104
2952 51 8103
2951 52 8102
2950 53 8101
2949 54 8100
2948 55 8099
2947 56 8098
2946 57 8097
2945 58 8096
2944 59 8095
2943 60 8094
2942 61 8093
2941 62 8092
2940 63 8091
2939 64 8090
2938 65 8089
2937 66 8088
2936 67 8087
2935 68 8086
2934 69 8085
2933 70 8084
2932 71 8083
2931 72 8082
2930 73 8081
2929 74 8080
2928 75 8079
2927 76 8078
2926 77 8077
2925 78 8076
2924 79 8075
2923 80 8074
2922 81 8073
2921 82 8072
2920 83 8071
2919 84 8070
2918 85 8069
2917 86 8068
2916 87 8067
2915 88 8066
2914 89 8065
2913 90 8064
2912 91 8063
2911 92 8062
2910 93 8061
2909 94 8060
2908 95 8059
2907 96 8058
2906 97 8057
2905 98 8056
2904 99 8055
2903 100 8054
2902 101 8053
2901 102 8052
2900 103 8051
2899 104 8050
2898 105 8049
2897 106 8048
2896 107 8047
2895 108 8046
2894 109 8045
2893 110 8044
2892 111 8043
2891 112 8042
2890 113 8041
2889 114 8040
2888 115 8039
2887 116 8038
2886 117 8037
2885 118 8036
2884 119 8035
2883 120 8034
2882 121 8033
2881 122 8032
2880 123 8031
2879 124 8030
2878 125 8029
2877 126 8028
2876 127 8027
2875 128 8026
2874 129 8025
2873 130 8024
2872 131 8023
2871 132 8022
2870 133 8021
2869 134 8020
2868 135 8019
2867 136 8018
2866 137 8017
2865 138 8016
2864 139 8015
2863 140 8014
2862 141 8013
2861 142 8012
2860 143 8011
2859 144 8010
2858 145 8009
2857 146 8008
2856 147 8007
2855 148 8006
2854 149 8005
2853 150 8004
2852 151 8003
2851 152 8002
2850 153 8001
2849 154 8000
2848 155 7999
2847 156 7998
2846 157 7997
2845 158 7996
2844 159 7995
2843 160 7994
2842 161 7993
2841 162 7992
2840 163 7991
2839 164 7990
2838 165 7989
2837 166 7988
2836 167 7987
2835 168 7986
2834 169 7985
2833 170 7984
2832 171 7983
2831 172 7982
2830 173 7981
2829 174 7980
2828 175 7979
2827 176 7978
2826 177 7977
2825 178 7976
2824 179 7975
2823 180 7974
2822 181 7973
2821 182 7972
2820 183 7971
2819 184 7970
2818 185 7969
2817 186 7968
2816 187 7967
2815 188 7966
2814 189 7965
2813 190 7964
2812 191 7963
2811 192 7962
2810 193 7961
2809 194 7960
2808 195 7959
2807 196 7958
2806 197 7957
2805 198 7956
2804 199 7955
2803 200 7954
2802 201 7953
2801 202 7952
2800 203 7951
2799 204 7950
2798 205 7949
2797 206 7948
2796 207 7947
2795 208 7946
2794 209 7945
2793 210 7944
2792 211 7943
2791 212 7942
2790 213 7941
2789 214 7940
2788 215 7939
2787 216 7938
2786 217 7937
2785 218 7936
2784 219 7935
2783 220 7934
2782 221 7933
2781 222 7932
2780 223 7931
2779 224 7930
2778 225 7929
2777 226 7928
2776 227 7927
2775 228 7926
2774 229 7925
2773 230 7924
2772 231 7923
2771 232 7922
2770 233 7921
2769 234 7920
2768 235 7919
2767 236 7918
2766 237 7917
2765 238 7916
2764 239 7915
2763 240 7914
2762 241 7913
2761 242 7912
2760 243 7911
2759 244 7910
2758 245 7909
2757 246 7908
2756 247 7907
2755 248 7906
2754 249 7905
2753 250 7904
2752 251 7903
2751 252 7902
2750 253 7901
2749 254 7900
2748 255 7899
2747 256 7898
2746 257 7897
2745 258 7896
2744 259 7895
2743 260 7894
2742 261 7893
2741 262 7892
2740 263 7891
2739 264 7890
2738 265 7889
2737 266 7888
2736 267 7887
2735 268 7886
2734 269 7885
2733 270 7884
2732 271 7883
2731 272 7882
2730 273 7881
2729 274 7880
2728 275 7879
2727 276 7878
2726 277 7877
2725 278 7876
2724 279 7875
2723 280 7874
2722 281 7873
2721 282 7872
2720 283 7871
2719 284 7870
2718 285 7869
2717 286 7868
2716 287 7867
2715 288 7866
2714 289 7865
2713 290 7864
2712 291 7863
2711 292 7862
2710 293 7861
2709 294 7860
2708 295 7859
2707 296 7858
2706 297 7857
2705 298 7856
2704 299 7855
2703 300 7854
2702 301 7853
2701 302 7852
2700 303 7851
2699 304 7850
2698 305 7849
2697 306 7848
2696 307 7847
2695 308 7846
2694 309 7845
2693 310 7844
2692 311 7843
2691 312 7842
2690 313 7841
2689 314 7840
2688 315 7839
2687 316 7838
2686 317 7837
2685 318 7836
2684 319 7835
2683 320 7834
2682 321 7833
2681 322 7832
2680 323 7831
2679 324 7830
2678 325 7829
2677 326 7828
2676 327 7827
2675 328 7826
2674 329 7825
2673 330 7824
2672 331 7823
2671 332 7822
2670 333 7821
2669 334 7820
2668 335 7819
2667 336 7818
2666 337 7817
2665 338 7816
2664 339 7815
2663 340 7814
2662 341 7813
2661 342 7812
2660 343 7811
2659 344 7810
2658 345 7809
2657 346 7808
2656 347 7807
2655 348 7806
2654 349 7805
2653 350 7804
2652 351 7803
2651 352 7802
2650 353 7801
2649 354 7800
2648 355 7799
2647 356 7798
2646 357 7797
2645 358 7796
2644 359 7795
2643 360 7794
2642 361 7793
2641 362 7792
2640 363 7791
2639 364 7790
2638 365 7789
2637 366 7788
2636 367 7787
2635 368 7786
2634 369 7785
2633 370 7784
2632 371 7783
2631 372 7782
2630 373 7781
2629 374 7780
2628 375 7779
2627 376 7778
2626 377 7777
2625 378 7776
2624 379 7775
2623 380 7774
2622 381 7773
2621 382 7772
2620 383 7771
2619 384 7770
2618 385 7769
2617 386 7768
2616 387 7767
2615 388 7766
2614 389 7765
2613 390 7764
2612 391 7763
2611 392 7762
2610 393 7761
2609 394 7760
2608 395 7759
2607 396 7758
2606 397 7757
2605 398 7756
2604 399 7755
2603 400 7754
2602 401 7753
2601 402 7752
2600 403 7751
2599 404 7750
2598 405 7749
2597 406 7748
2596 407 7747
2595 408 7746
2594 409 7745
2593 410 7744
2592 411 7743
2591 412 7742
2590 413 7741
2589 414 7740
2588 415 7739
2587 416 7738
2586 417 7737
2585 418 7736
2584 419 7735
2583 420 7734
2582 421 7733
2581 422 7732
2580 423 7731
2579 424 7730
2578 425 7729
2577 426 7728
2576 427 7727
2575 428 7726
2574 429 7725
2573 430 7724
2572 431 7723
2571 432 7722
2570 433 7721
2569 434 7720
2568 435 7719
2567 436 7718
2566 437 7717
2565 438 7716
2564 439 7715
2563 440 7714
2562 441 7713
2561 442 7712
2560 443 7711
2559 444 7710
2558 445 7709
2557 446 7708
2556 447 7707
2555 448 7706
2554 449 7705
2553 450 7704
2552 451 7703
2551 452 7702
2550 453 7701
2549 454 7700
2548 455 7699
2547 456 7698
2546 457 7697
2545 458 7696
2544 459 7695
2543 460 7694
2542 461 7693
2541 462 7692
2540 463 7691
2539 464 7690
2538 465 7689
2537 466 7688
2536 467 7687
2535 468 7686
2534 469 7685
2533 470 7684
2532 471 7683
2531 472 7682
2530 473 7681
2529 474 7680
2528 475 7679
2527 476 7678
2526 477 7677
2525 478 7676
2524 479 7675
2523 480 7674
2522 481 7673
2521 482 7672
2520 483 7671
2519 484 7670
2518 485 7669
2517 486 7668
2516 487 7667
2515 488 7666
2514 489 7665
2513 490 7664
2512 491 7663
2511 492 7662
2510 493 7661
2509 494 7660
2508 495 7659
2507 496 7658
2506 497 7657
2505 498 7656
2504 499 7655
2503 500 7654
2502 501 7653
2501 502 7652
2500 503 7651
2499 504 7650
2498 505 7649
2497 506 7648
2496 507 7647
2495 508 7646
2494 509 7645
2493 510 7644
2492 511 7643
2491 512 7642
2490 513 7641
2489 514 7640
2488 515 7639
2487 516 7638
2486 517 7637
2485 518 7636
2484 519 7635
2483 520 7634
2482 521 7633
2481 522 7632
2480 523 7631
2479 524 7630
2478 525 7629
2477 526 7628
2476 527 7627
2475 528 7626
2474 529 7625
2473 530 7624
2472 531 7623
2471 532 7622
2470 533 7621
2469 534 7620
2468 535 7619
2467 536 7618
2466 537 7617
2465 538 7616
2464 539 7615
2463 540 7614
2462 541 7613
2461 542 7612
2460 543 7611
2459 544 7610
2458 545 7609
2457 546 7608
2456 547 7607
2455 548 7606
2454 549 7605
2453 550 7604
2452 551 7603
2451 552 7602
2450 553 7601
2449 554 7600
2448 555 7599
2447 556 7598
2446 557 7597
2445 558 7596
2444 559 7595
2443 560 7594
2442 561 7593
2441 562 7592
2440 563 7591
2439 564 7590
2438 565 7589
2437 566 7588
2436 567 7587
2435 568 7586
2434 569 7585
2433 570 7584
2432 571 7583
2431 572 7582
2430 573 7581
2429 574 7580
2428 575 7579
2427 576 7578
2426 577 7577
2425 578 7576
2424 579 7575
2423 580 7574
2422 581 7573
2421 582 7572
2420 583 7571
2419 584 7570
2418 585 7569
2417 586 7568
2416 587 7567
2415 588 7566
2414 589 7565
2413 590 7564
2412 591 7563
2411 592 7562
2410 593 7561
2409 594 7560
2408 595 7559
2407 596 7558
2406 597 7557
2405 598 7556
2404 599 7555
2403 600 7554
2402 601 7553
2401 602 7552
2400 603 7551
2399 604 7550
2398 605 7549
2397 606 7548
2396 607 7547
2395 608 7546
2394 609 7545
2393 610 7544
2392 611 7543
2391 612 7542
2390 613 7541
2389 614 7540
2388 615 7539
2387 616 7538
2386 617 7537
2385 618 7536
2384 619 7535
2383 620 7534
2382 621 7533
2381 622 7532
2380 623 7531
2379 624 7530
2378 625 7529
2377 626 7528
2376 627 7527
2375 628 7526
2374 629 7525
2373 630 7524
2372 631 7523
2371 632 7522
2370 633 7521
2369 634 7520
2368 635 7519
2367 636 7518
2366 637 7517
2365 638 7516
2364 639 7515
2363 640 7514
2362 641 7513
2361 642 7512
2360 643 7511
2359 644 7510
2358 645 7509
2357 646 7508
2356 647 7507
2355 648 7506
2354 649 7505
2353 650 7504
2352 651 7503
2351 652 7502
2350 653 7501
2349 654 7500
2348 655 7499
2347 656 7498
2346 657 7497
2345 658 7496
2344 659 7495
2343 660 7494
2342 661 7493
2341 662 7492
2340 663 7491
2339 664 7490
2338 665 7489
2337 666 7488
2336 667 7487
2335 668 7486
2334 669 7485
2333 670 7484
2332 671 7483
2331 672 7482
2330 673 7481
2329 674 7480
2328 675 7479
2327 676 7478
2326 677 7477
2325 678 7476
2324 679 7475
2323 680 7474
2322 681 7473
2321 682 7472
2320 683 7471
2319 684 7470
2318 685 7469
2317 686 7468
2316 687 7467
2315 688 7466
2314 689 7465
2313 690 7464
2312 691 7463
2311 692 7462
2310 693 7461
2309 694 7460
2308 695 7459
2307 696 7458
2306 697 7457
2305 698 7456
2304 699 7455
2303 700 7454
2302 701 7453
2301 702 7452
2300 703 7451
2299 704 7450
2298 705 7449
2297 706 7448
2296 707 7447
2295 708 7446
2294 709 7445
2293 710 7444
2292 711 7443
2291 712 7442
2290 713 7441
2289 714 7440
2288 715 7439
2287 716 7438
2286 717 7437
2285 718 7436
2284 719 7435
2283 720 7434
2282 721 7433
2281 722 7432
2280 723 7431
2279 724 7430
2278 725 7429
2277 726 7428
2276 727 7427
2275 728 7426
2274 729 7425
2273 730 7424
2272 731 7423
2271 732 7422
2270 733 7421
2269 734 7420
2268 735 7419
2267 736 7418
2266 737 7417
2265 738 7416
2264 739 7415
2263 740 7414
2262 741 7413
2261 742 7412
2260 743 7411
2259 744 7410
2258 745 7409
2257 746 7408
2256 747 7407
2255 748 7406
2254 749 7405
2253 750 7404
2252 751 7403
2251 752 7402
2250 753 7401
2249 754 7400
2248 755 7399
2247 756 7398
2246 757 7397
2245 758 7396
2244 759 7395
2243 760 7394
2242 761 7393
2241 762 7392
2240 763 7391
2239 764 7390
2238 765 7389
2237 766 7388
2236 767 7387
2235 768 7386
2234 769 7385
2233 770 7384
2232 771 7383
2231 772 7382
2230 773 7381
2229 774 7380
2228 775 7379
2227 776 7378
2226 777 7377
2225 778 7376
2224 779 7375
2223 780 7374
2222 781 7373
2221 782 7372
2220 783 7371
2219 784 7370
2218 785 7369
2217 786 7368
2216 787 7367
2215 788 7366
2214 789 7365
2213 790 7364
2212 791 7363
2211 792 7362
2210 793 7361
2209 794 7360
2208 795 7359
2207 796 7358
2206 797 7357
2205 798 7356
2204 799 7355
2203 800 7354
2202 801 7353
2201 802 7352
2200 803 7351
2199 804 7350
2198 805 7349
2197 806 7348
2196 807 7347
2195 808 7346
2194 809 7345
2193 810 7344
2192 811 7343
2191 812 7342
2190 813 7341
2189 814 7340
2188 815 7339
2187 816 7338
2186 817 7337
2185 818 7336
2184 819 7335
2183 820 7334
2182 821 7333
2181 822 7332
2180 823 7331
2179 824 7330
2178 825 7329
2177 826 7328
2176 827 7327
2175 828 7326
2174 829 7325
2173 830 7324
2172 831 7323
2171 832 7322
2170 833 7321
2169 834 7320
2168 835 7319
2167 836 7318
2166 837 7317
2165 838 7316
2164 839 7315
2163 840 7314
2162 841 7313
2161 842 7312
2160 843 7311
2159 844 7310
2158 845 7309
2157 846 7308
2156 847 7307
2155 848 7306
2154 849 7305
2153 850 7304
2152 851 7303
2151 852 7302
2150 853 7301
2149 854 7300
2148 855 7299
2147 856 7298
2146 857 7297
2145 858 7296
2144 859 7295
2143 860 7294
2142 861 7293
2141 862 7292
2140 863 7291
2139 864 7290
2138 865 7289
2137 866 7288
2136 867 7287
2135 868 7286
2134 869 7285
2133 870 7284
2132 871 7283
2131 872 7282
2130 873 7281
2129 874 7280
2128 875 7279
2127 876 7278
2126 877 7277
2125 878 7276
2124 879 7275
2123 880 7274
2122 881 7273
2121 882 7272
2120 883 7271
2119 884 7270
2118 885 7269
2117 886 7268
2116 887 7267
2115 888 7266
2114 889 7265
2113 890 7264
2112 891 7263
2111 892 7262
2110 893 7261
2109 894 7260
2108 895 7259
2107 896 7258
2106 897 7257
2105 898 7256
2104 899 7255
2103 900 7254
2102 901 7253
2101 902 7252
2100 903 7251
2099 904 7250
2098 905 7249
2097 906 7248
2096 907 7247
2095 908 7246
2094 909 7245
2093 910 7244
2092 911 7243
2091 912 7242
2090 913 7241
2089 914 7240
2088 915 7239
2087 916 7238
2086 917 7237
2085 918 7236
2084 919 7235
2083 920 7234
2082 921 7233
2081 922 7232
2080 923 7231
2079 924 7230
2078 925 7229
2077 926 7228
2076 927 7227
2075 928 7226
2074 929 7225
2073 930 7224
2072 931 7223
2071 932 7222
2070 933 7221
2069 934 7220
2068 935 7219
2067 936 7218
2066 937 7217
2065 938 7216
2064 939 7215
2063 940 7214
2062 941 7213
2061 942 7212
2060 943 7211
2059 944 7210
2058 945 7209
2057 946 7208
2056 947 7207
2055 948 7206
2054 949 7205
2053 950 7204
2052 951 7203
2051 952 7202
2050 953 7201
2049 954 7200
2048 955 7199
2047 956 7198
2046 957 7197
2045 958 7196
2044 959 7195
2043 960 7194
2042 961 7193
2041 962 7192
2040 963 7191
2039 964 7190
2038 965 7189
2037 966 7188
2036 967 7187
2035 968 7186
2034 969 7185
2033 970 7184
2032 971 7183
2031 972 7182
2030 973 7181
2029 974 7180
2028 975 7179
2027 976 7178
2026 977 7177
2025 978 7176
2024 979 7175
2023 980 7174
2022 981 7173
2021 982 7172
2020 983 7171
2019 984 7170
2018 985 7169
2017 986 7168
2016 987 7167
2015 988 7166
2014 989 7165
2013 990 7164
2012 991 7163
2011 992 7162
2010 993 7161
2009 994 7160
2008 995 7159
2007 996 7158
2006 997 7157
2005 998 7156
2004 999 7155
2003 1000 7154
2002 1001 7153
2001 1002 7152
2000 1003 7151
1999 1004 7150
1998 1005 7149
1997 1006 7148
1996 1007 7147
1995 1008 7146
1994 1009 7145
1993 1010 7144
1992 1011 7143
1991 1012 7142
1990 1013 7141
1989 1014 7140
1988 1015 7139
1987 1016 7138
1986 1017 7137
1985 1018 7136
1984 1019 7135
1983 1020 7134
1982 1021 7133
1981 1022 7132
1980 1023 7131
1979 1024 7130
1978 1025 7129
1977 1026 7128
1976 1027 7127
1975 1028 7126
1974 1029 7125
1973 1030 7124
1972 1031 7123
1971 1032 7122
1970 1033 7121
1969 1034 7120
1968 1035 7119
1967 1036 7118
1966 1037 7117
1965 1038 7116
1964 1039 7115
1963 1040 7114
1962 1041 7113
1961 1042 7112
1960 1043 7111
1959 1044 7110
1958 1045 7109
1957 1046 7108
1956 1047 7107
1955 1048 7106
1954 1049 7105
1953 1050 7104
1952 1051 7103
1951 1052 7102
1950 1053 7101
1949 1054 7100
1948 1055 7099
1947 1056 7098
1946 1057 7097
1945 1058 7096
1944 1059 7095
1943 1060 7094
1942 1061 7093
1941 1062 7092
1940 1063 7091
1939 1064 7090
1938 1065 7089
1937 1066 7088
1936 1067 7087
1935 1068 7086
1934 1069 7085
1933 1070 7084
1932 1071 7083
1931 1072 7082
1930 1073 7081
1929 1074 7080
1928 1075 7079
1927 1076 7078
1926 1077 7077
1925 1078 7076
1924 1079 7075
1923 1080 7074
1922 1081 7073
1921 1082 7072
1920 1083 7071
1919 1084 7070
1918 1085 7069
1917 1086 7068
1916 1087 7067
1915 1088 7066
1914 1089 7065
1913 1090 7064
1912 1091 7063
1911 1092 7062
1910 1093 7061
1909 1094 7060
1908 1095 7059
1907 1096 7058
1906 1097 7057
1905 1098 7056
1904 1099 7055
1903 1100 7054
1902 1101 7053
1901 1102 7052
1900 1103 7051
1899 1104 7050
1898 1105 7049
1897 1106 7048
1896 1107 7047
1895 1108 7046
1894 1109 7045
1893 1110 7044
1892 1111 7043
1891 1112 7042
1890 1113 7041
1889 1114 7040
1888 1115 7039
1887 1116 7038
1886 1117 7037
1885 1118 7036
1884 1119 7035
1883 1120 7034
1882 1121 7033
1881 1122 7032
1880 1123 7031
1879 1124 7030
1878 1125 7029
1877 1126 7028
1876 1127 7027
1875 1128 7026
1874 1129 7025
1873 1130 7024
1872 1131 7023
1871 1132 7022
1870 1133 7021
1869 1134 7020
1868 1135 7019
1867 1136 7018
1866 1137 7017
1865 1138 7016
1864 1139 7015
1863 1140 7014
1862 1141 7013
1861 1142 7012
1860 1143 7011
1859 1144 7010
1858 1145 7009
1857 1146 7008
1856 1147 7007
1855 1148 7006
1854 1149 7005
1853 1150 7004
1852 1151 7003
1851 1152 7002
1850 1153 7001
1849 1154 7000
1848 1155 6999
1847 1156 6998
1846 1157 6997
1845 1158 6996
1844 1159 6995
1843 1160 6994
1842 1161 6993
1841 1162 6992
1840 1163 6991
1839 1164 6990
1838 1165 6989
1837 1166 6988
1836 1167 6987
1835 1168 6986
1834 1169 6985
1833 1170 6984
1832 1171 6983
1831 1172 6982
1830 1173 6981
1829 1174 6980
1828 1175 6979
1827 1176 6978
1826 1177 6977
1825 1178 6976
1824 1179 6975
1823 1180 6974
1822 1181 6973
1821 1182 6972
1820 1183 6971
1819 1184 6970
1818 1185 6969
1817 1186 6968
1816 1187 6967
1815 1188 6966
1814 1189 6965
1813 1190 6964
1812 1191 6963
1811 1192 6962
1810 1193 6961
1809 1194 6960
1808 1195 6959
1807 1196 6958
1806 1197 6957
1805 1198 6956
1804 1199 6955
1803 1200 6954
1802 1201 6953
1801 1202 6952
1800 1203 6951
1799 1204 6950
1798 1205 6949
1797 1206 6948
1796 1207 6947
1795 1208 6946
1794 1209 6945
1793 1210 6944
1792 1211 6943
1791 1212 6942
1790 1213 6941
1789 1214 6940
1788 1215 6939
1787 1216 6938
1786 1217 6937
1785 1218 6936
1784 1219 6935
1783 1220 6934
1782 1221 6933
1781 1222 6932
1780 1223 6931
1779 1224 6930
1778 1225 6929
1777 1226 6928
1776 1227 6927
1775 1228 6926
1774 1229 6925
1773 1230 6924
1772 1231 6923
1771 1232 6922
1770 1233 6921
1769 1234 6920
1768 1235 6919
1767 1236 6918
1766 1237 6917
1765 1238 6916
1764 1239 6915
1763 1240 6914
1762 1241 6913
1761 1242 6912
1760 1243 6911
1759 1244 6910
1758 1245 6909
1757 1246 6908
1756 1247 6907
1755 1248 6906
1754 1249 6905
1753 1250 6904
1752 1251 6903
1751 1252 6902
1750 1253 6901
1749 1254 6900
1748 1255 6899
1747 1256 6898
1746 1257 6897
1745 1258 6896
1744 1259 6895
1743 1260 6894
1742 1261 6893
1741 1262 6892
1740 1263 6891
1739 1264 6890
1738 1265 6889
1737 1266 6888
1736 1267 6887
1735 1268 6886
1734 1269 6885
1733 1270 6884
1732 1271 6883
1731 1272 6882
1730 1273 6881
1729 1274 6880
1728 1275 6879
1727 1276 6878
1726 1277 6877
1725 1278 6876
1724 1279 6875
1723 1280 6874
1722 1281 6873
1721 1282 6872
1720 1283 6871
1719 1284 6870
1718 1285 6869
1717 1286 6868
1716 1287 6867
1715 1288 6866
1714 1289 6865
1713 1290 6864
1712 1291 6863
1711 1292 6862
1710 1293 6861
1709 1294 6860
1708 1295 6859
1707 1296 6858
1706 1297 6857
1705 1298 6856
1704 1299 6855
1703 1300 6854
1702 1301 6853
1701 1302 6852
1700 1303 6851
1699 1304 6850
1698 1305 6849
1697 1306 6848
1696 1307 6847
1695 1308 6846
1694 1309 6845
1693 1310 6844
1692 1311 6843
1691 1312 6842
1690 1313 6841
1689 1314 6840
1688 1315 6839
1687 1316 6838
1686 1317 6837
1685 1318 6836
1684 1319 6835
1683 1320 6834
1682 1321 6833
1681 1322 6832
1680 1323 6831
1679 1324 6830
1678 1325 6829
1677 1326 6828
1676 1327 6827
1675 1328 6826
1674 1329 6825
1673 1330 6824
1672 1331 6823
1671 1332 6822
1670 1333 6821
1669 1334 6820
1668 1335 6819
1667 1336 6818
1666 1337 6817
1665 1338 6816
1664 1339 6815
1663 1340 6814
1662 1341 6813
1661 1342 6812
1660 1343 6811
1659 1344 6810
1658 1345 6809
1657 1346 6808
1656 1347 6807
1655 1348 6806
1654 1349 6805
1653 1350 6804
1652 1351 6803
1651 1352 6802
1650 1353 6801
1649 1354 6800
1648 1355 6799
1647 1356 6798
1646 1357 6797
1645 1358 6796
1644 1359 6795
1643 1360 6794
1642 1361 6793
1641 1362 6792
1640 1363 6791
1639 1364 6790
1638 1365 6789
1637 1366 6788
1636 1367 6787
1635 1368 6786
1634 1369 6785
1633 1370 6784
1632 1371 6783
1631 1372 6782
1630 1373 6781
1629 1374 6780
1628 1375 6779
1627 1376 6778
1626 1377 6777
1625 1378 6776
1624 1379 6775
1623 1380 6774
1622 1381 6773
1621 1382 6772
1620 1383 6771
1619 1384 6770
1618 1385 6769
1617 1386 6768
1616 1387 6767
1615 1388 6766
1614 1389 6765
1613 1390 6764
1612 1391 6763
1611 1392 6762
1610 1393 6761
1609 1394 6760
1608 1395 6759
1607 1396 6758
1606 1397 6757
1605 1398 6756
1604 1399 6755
1603 1400 6754
1602 1401 6753
1601 1402 6752
1600 1403 6751
1599 1404 6750
1598 1405 6749
1597 1406 6748
1596 1407 6747
1595 1408 6746
1594 1409 6745
1593 1410 6744
1592 1411 6743
1591 1412 6742
1590 1413 6741
1589 1414 6740
1588 1415 6739
1587 1416 6738
1586 1417 6737
1585 1418 6736
1584 1419 6735
1583 1420 6734
1582 1421 6733
1581 1422 6732
1580 1423 6731
1579 1424 6730
1578 1425 6729
1577 1426 6728
1576 1427 6727
1575 1428 6726
1574 1429 6725
1573 1430 6724
1572 1431 6723
1571 1432 6722
1570 1433 6721
1569 1434 6720
1568 1435 6719
1567 1436 6718
1566 1437 6717
1565 1438 6716
1564 1439 6715
1563 1440 6714
1562 1441 6713
1561 1442 6712
1560 1443 6711
1559 1444 6710
1558 1445 6709
1557 1446 6708
1556 1447 6707
1555 1448 6706
1554 1449 6705
1553 1450 6704
1552 1451 6703
1551 1452 6702
1550 1453 6701
1549 1454 6700
1548 1455 6699
1547 1456 6698
1546 1457 6697
1545 1458 6696
1544 1459 6695
1543 1460 6694
1542 1461 6693
1541 1462 6692
1540 1463 6691
1539 1464 6690
1538 1465 6689
1537 1466 6688
1536 1467 6687
1535 1468 6686
1534 1469 6685
1533 1470 6684
1532 1471 6683
1531 1472 6682
1530 1473 6681
1529 1474 6680
1528 1475 6679
1527 1476 6678
1526 1477 6677
1525 1478 6676
1524 1479 6675
1523 1480 6674
1522 1481 6673
1521 1482 6672
1520 1483 6671
1519 1484 6670
1518 1485 6669
1517 1486 6668
1516 1487 6667
1515 1488 6666
1514 1489 6665
1513 1490 6664
1512 1491 6663
1511 1492 6662
1510 1493 6661
1509 1494 6660
1508 1495 6659
1507 1496 6658
1506 1497 6657
1505 1498 6656
1504 1499 6655
1503 1500 6654
1502 1501 6653
1501 1502 6652
1500 1503 6651
1499 1504 6650
1498 1505 6649
1497 1506 6648
1496 1507 6647
1495 1508 6646
1494 1509 6645
1493 1510 6644
1492 1511 6643
1491 1512 6642
1490 1513 6641
1489 1514 6640
1488 1515 6639
1487 1516 6638
1486 1517 6637
1485 1518 6636
1484 1519 6635
1483 1520 6634
1482 1521 6633
1481 1522 6632
1480 1523 6631
1479 1524 6630
1478 1525 6629
1477 1526 6628
1476 1527 6627
1475 1528 6626
1474 1529 6625
1473 1530 6624
1472 1531 6623
1471 1532 6622
1470 1533 6621
1469 1534 6620
1468 1535 6619
1467 1536 6618
1466 1537 6617
1465 1538 6616
1464 1539 6615
1463 1540 6614
1462 1541 6613
1461 1542 6612
1460 1543 6611
1459 1544 6610
1458 1545 6609
1457 1546 6608
1456 1547 6607
1455 1548 6606
1454 1549 6605
1453 1550 6604
1452 1551 6603
1451 1552 6602
1450 1553 6601
1449 1554 6600
1448 1555 6599
1447 1556 6598
1446 1557 6597
1445 1558 6596
1444 1559 6595
1443 1560 6594
1442 1561 6593
1441 1562 6592
1440 1563 6591
1439 1564 6590
1438 1565 6589
1437 1566 6588
1436 1567 6587
1435 1568 6586
1434 1569 6585
1433 1570 6584
1432 1571 6583
1431 1572 6582
1430 1573 6581
1429 1574 6580
1428 1575 6579
1427 1576 6578
1426 1577 6577
1425 1578 6576
1424 1579 6575
1423 1580 6574
1422 1581 6573
1421 1582 6572
1420 1583 6571
1419 1584 6570
1418 1585 6569
1417 1586 6568
1416 1587 6567
1415 1588 6566
1414 1589 6565
1413 1590 6564
1412 1591 6563
1411 1592 6562
1410 1593 6561
1409 1594 6560
1408 1595 6559
1407 1596 6558
1406 1597 6557
1405 1598 6556
1404 1599 6555
1403 1600 6554
1402 1601 6553
1401 1602 6552
1400 1603 6551
1399 1604 6550
1398 1605 6549
1397 1606 6548
1396 1607 6547
1395 1608 6546
1394 1609 6545
1393 1610 6544
1392 1611 6543
1391 1612 6542
1390 1613 6541
1389 1614 6540
1388 1615 6539
1387 1616 6538
1386 1617 6537
1385 1618 6536
1384 1619 6535
1383 1620 6534
1382 1621 6533
1381 1622 6532
1380 1623 6531
1379 1624 6530
1378 1625 6529
1377 1626 6528
1376 1627 6527
1375 1628 6526
1374 1629 6525
1373 1630 6524
1372 1631 6523
1371 1632 6522
1370 1633 6521
1369 1634 6520
1368 1635 6519
1367 1636 6518
1366 1637 6517
1365 1638 6516
1364 1639 6515
1363 1640 6514
1362 1641 6513
1361 1642 6512
1360 1643 6511
1359 1644 6510
1358 1645 6509
1357 1646 6508
1356 1647 6507
1355 1648 6506
1354 1649 6505
1353 1650 6504
1352 1651 6503
1351 1652 6502
1350 1653 6501
1349 1654 6500
1348 1655 6499
1347 1656 6498
1346 1657 6497
1345 1658 6496
1344 1659 6495
1343 1660 6494
1342 1661 6493
1341 1662 6492
1340 1663 6491
1339 1664 6490
1338 1665 6489
1337 1666 6488
1336 1667 6487
1335 1668 6486
1334 1669 6485
1333 1670 6484
1332 1671 6483
1331 1672 6482
1330 1673 6481
1329 1674 6480
1328 1675 6479
1327 1676 6478
1326 1677 6477
1325 1678 6476
1324 1679 6475
1323 1680 6474
1322 1681 6473
1321 1682 6472
1320 1683 6471
1319 1684 6470
1318 1685 6469
1317 1686 6468
1316 1687 6467
1315 1688 6466
1314 1689 6465
1313 1690 6464
1312 1691 6463
1311 1692 6462
1310 1693 6461
1309 1694 6460
1308 1695 6459
1307 1696 6458
1306 1697 6457
1305 1698 6456
1304 1699 6455
1303 1700 6454
1302 1701 6453
1301 1702 6452
1300 1703 6451
1299 1704 6450
1298 1705 6449
1297 1706 6448
1296 1707 6447
1295 1708 6446
1294 1709 6445
1293 1710 6444
1292 1711 6443
1291 1712 6442
1290 1713 6441
1289 1714 6440
1288 1715 6439
1287 1716 6438
1286 1717 6437
1285 1718 6436
1284 1719 6435
1283 1720 6434
1282 1721 6433
1281 1722 6432
1280 1723 6431
1279 1724 6430
1278 1725 6429
1277 1726 6428
1276 1727 6427
1275 1728 6426
1274 1729 6425
1273 1730 6424
1272 1731 6423
1271 1732 6422
1270 1733 6421
1269 1734 6420
1268 1735 6419
1267 1736 6418
1266 1737 6417
1265 1738 6416
1264 1739 6415
1263 1740 6414
1262 1741 6413
1261 1742 6412
1260 1743 6411
1259 1744 6410
1258 1745 6409
1257 1746 6408
1256 1747 6407
1255 1748 6406
1254 1749 6405
1253 1750 6404
1252 1751 6403
1251 1752 6402
1250 1753 6401
1249 1754 6400
1248 1755 6399
1247 1756 6398
1246 1757 6397
1245 1758 6396
1244 1759 6395
1243 1760 6394
1242 1761 6393
1241 1762 6392
1240 1763 6391
1239 1764 6390
1238 1765 6389
1237 1766 6388
1236 1767 6387
1235 1768 6386
1234 1769 6385
1233 1770 6384
1232 1771 6383
1231 1772 6382
1230 1773 6381
1229 1774 6380
1228 1775 6379
1227 1776 6378
1226 1777 6377
1225 1778 6376
1224 1779 6375
1223 1780 6374
1222 1781 6373
1221 1782 6372
1220 1783 6371
1219 1784 6370
1218 1785 6369
1217 1786 6368
1216 1787 6367
1215 1788 6366
1214 1789 6365
1213 1790 6364
1212 1791 6363
1211 1792 6362
1210 1793 6361
1209 1794 6360
1208 1795 6359
1207 1796 6358
1206 1797 6357
1205 1798 6356
1204 1799 6355
1203 1800 6354
1202 1801 6353
1201 1802 6352
1200 1803 6351
1199 1804 6350
1198 1805 6349
1197 1806 6348
1196 1807 6347
1195 1808 6346
1194 1809 6345
1193 1810 6344
1192 1811 6343
1191 1812 6342
1190 1813 6341
1189 1814 6340
1188 1815 6339
1187 1816 6338
1186 1817 6337
1185 1818 6336
1184 1819 6335
1183 1820 6334
1182 1821 6333
1181 1822 6332
1180 1823 6331
1179 1824 6330
1178 1825 6329
1177 1826 6328
1176 1827 6327
1175 1828 6326
1174 1829 6325
1173 1830 6324
1172 1831 6323
1171 1832 6322
1170 1833 6321
1169 1834 6320
1168 1835 6319
1167 1836 6318
1166 1837 6317
1165 1838 6316
1164 1839 6315
1163 1840 6314
1162 1841 6313
1161 1842 6312
1160 1843 6311
1159 1844 6310
1158 1845 6309
1157 1846 6308
1156 1847 6307
1155 1848 6306
1154 1849 6305
1153 1850 6304
1152 1851 6303
1151 1852 6302
1150 1853 6301
1149 1854 6300
1148 1855 6299
1147 1856 6298
1146 1857 6297
1145 1858 6296
1144 1859 6295
1143 1860 6294
1142 1861 6293
1141 1862 6292
1140 1863 6291
1139 1864 6290
1138 1865 6289
1137 1866 6288
1136 1867 6287
1135 1868 6286
1134 1869 6285
1133 1870 6284
1132 1871 6283
1131 1872 6282
1130 1873 6281
1129 1874 6280
1128 1875 6279
1127 1876 6278
1126 1877 6277
1125 1878 6276
1124 1879 6275
1123 1880 6274
1122 1881 6273
1121 1882 6272
1120 1883 6271
1119 1884 6270
1118 1885 6269
1117 1886 6268
1116 1887 6267
1115 1888 6266
1114 1889 6265
1113 1890 6264
1112 1891 6263
1111 1892 6262
1110 1893 6261
1109 1894 6260
1108 1895 6259
1107 1896 6258
1106 1897 6257
1105 1898 6256
1104 1899 6255
1103 1900 6254
1102 1901 6253
1101 1902 6252
1100 1903 6251
1099 1904 6250
1098 1905 6249
1097 1906 6248
1096 1907 6247
1095 1908 6246
1094 1909 6245
1093 1910 6244
1092 1911 6243
1091 1912 6242
1090 1913 6241
1089 1914 6240
1088 1915 6239
1087 1916 6238
1086 1917 6237
1085 1918 6236
1084 1919 6235
1083 1920 6234
1082 1921 6233
1081 1922 6232
1080 1923 6231
1079 1924 6230
1078 1925 6229
1077 1926 6228
1076 1927 6227
1075 1928 6226
1074 1929 6225
1073 1930 6224
1072 1931 6223
1071 1932 6222
1070 1933 6221
1069 1934 6220
1068 1935 6219
1067 1936 6218
1066 1937 6217
1065 1938 6216
1064 1939 6215
1063 1940 6214
1062 1941 6213
1061 1942 6212
1060 1943 6211
1059 1944 6210
1058 1945 6209
1057 1946 6208
1056 1947 6207
1055 1948 6206
1054 1949 6205
1053 1950 6204
1052 1951 6203
1051 1952 6202
1050 1953 6201
1049 1954 6200
1048 1955 6199
1047 1956 6198
1046 1957 6197
1045 1958 6196
1044 1959 6195
1043 1960 6194
1042 1961 6193
1041 1962 6192
1040 1963 6191
1039 1964 6190
1038 1965 6189
1037 1966 6188
1036 1967 6187
1035 1968 6186
1034 1969 6185
1033 1970 6184
1032 1971 6183
1031 1972 6182
1030 1973 6181
1029 1974 6180
1028 1975 6179
1027 1976 6178
1026 1977 6177
1025 1978 6176
1024 1979 6175
1023 1980 6174
1022 1981 6173
1021 1982 6172
1020 1983 6171
1019 1984 6170
1018 1985 6169
1017 1986 6168
1016 1987 6167
1015 1988 6166
1014 1989 6165
1013 1990 6164
1012 1991 6163
1011 1992 6162
1010 1993 6161
1009 1994 6160
1008 1995 6159
1007 1996 6158
1006 1997 6157
1005 1998 6156
1004 1999 6155
1003 2000 6154
1002 2001 6153
1001 2002 6152
1000 2003 6151
999 2004 6150
998 2005 6149
997 2006 6148
996 2007 6147
995 2008 6146
994 2009 6145
993 2010 6144
992 2011 6143
991 2012 6142
990 2013 6141
989 2014 6140
988 2015 6139
987 2016 6138
986 2017 6137
985 2018 6136
984 2019 6135
983 2020 6134
982 2021 6133
981 2022 6132
980 2023 6131
979 2024 6130
978 2025 6129
977 2026 6128
976 2027 6127
975 2028 6126
974 2029 6125
973 2030 6124
972 2031 6123
971 2032 6122
970 2033 6121
969 2034 6120
968 2035 6119
967 2036 6118
966 2037 6117
965 2038 6116
964 2039 6115
963 2040 6114
962 2041 6113
961 2042 6112
960 2043 6111
959 2044 6110
958 2045 6109
957 2046 6108
956 2047 6107
955 2048 6106
954 2049 6105
953 2050 6104
952 2051 6103
951 2052 6102
950 2053 6101
949 2054 6100
948 2055 6099
947 2056 6098
946 2057 6097
945 2058 6096
944 2059 6095
943 2060 6094
942 2061 6093
941 2062 6092
940 2063 6091
939 2064 6090
938 2065 6089
937 2066 6088
936 2067 6087
935 2068 6086
934 2069 6085
933 2070 6084
932 2071 6083
931 2072 6082
930 2073 6081
929 2074 6080
928 2075 6079
927 2076 6078
926 2077 6077
925 2078 6076
924 2079 6075
923 2080 6074
922 2081 6073
921 2082 6072
920 2083 6071
919 2084 6070
918 2085 6069
917 2086 6068
916 2087 6067
915 2088 6066
914 2089 6065
913 2090 6064
912 2091 6063
911 2092 6062
910 2093 6061
909 2094 6060
908 2095 6059
907 2096 6058
906 2097 6057
905 2098 6056
904 2099 6055
903 2100 6054
902 2101 6053
901 2102 6052
900 2103 6051
899 2104 6050
898 2105 6049
897 2106 6048
896 2107 6047
895 2108 6046
894 2109 6045
893 2110 6044
892 2111 6043
891 2112 6042
890 2113 6041
889 2114 6040
888 2115 6039
887 2116 6038
886 2117 6037
885 2118 6036
884 2119 6035
883 2120 6034
882 2121 6033
881 2122 6032
880 2123 6031
879 2124 6030
878 2125 6029
877 2126 6028
876 2127 6027
875 2128 6026
874 2129 6025
873 2130 6024
872 2131 6023
871 2132 6022
870 2133 6021
869 2134 6020
868 2135 6019
867 2136 6018
866 2137 6017
865 2138 6016
864 2139 6015
863 2140 6014
862 2141 6013
861 2142 6012
860 2143 6011
859 2144 6010
858 2145 6009
857 2146 6008
856 2147 6007
855 2148 6006
854 2149 6005
853 2150 6004
852 2151 6003
851 2152 6002
850 2153 6001
